  -1.2457318e-03   0.0000000e+00
  -1.2457339e-03   1.5000000e+01
  -1.2457576e-03   3.0000000e+01
  -1.2458225e-03   4.5000000e+01
  -1.2459102e-03   6.0000000e+01
  -1.2459543e-03   7.5000000e+01
  -1.2459204e-03   9.0000000e+01
  -1.2458594e-03   1.0500000e+02
  -1.2458946e-03   1.2000000e+02
  -1.2461075e-03   1.3500000e+02
  -1.2463962e-03   1.5000000e+02
  -1.2463876e-03   1.6500000e+02
  -1.2451531e-03   1.8000000e+02
  -1.2397798e-03   1.9500000e+02
  -1.2216886e-03   2.1000000e+02
  -1.1726536e-03   2.2500000e+02
  -1.0687647e-03   2.4000000e+02
  -9.0176793e-04   2.5500000e+02
  -7.0927624e-04   2.7000000e+02
  -5.7564466e-04   2.8500000e+02
  -5.7138741e-04   3.0000000e+02
  -6.7203038e-04   3.1500000e+02
  -7.6119124e-04   3.3000000e+02
  -7.4997725e-04   3.4500000e+02
  -6.7908486e-04   3.6000000e+02
  -6.5679231e-04   3.7500000e+02
  -7.0735166e-04   3.9000000e+02
  -7.4870896e-04   4.0500000e+02
  -7.2745990e-04   4.2000000e+02
  -6.9360767e-04   4.3500000e+02
  -7.0537464e-04   4.5000000e+02
  -7.3681655e-04   4.6500000e+02
  -7.3701510e-04   4.8000000e+02
  -7.1884942e-04   4.9500000e+02
  -7.2370848e-04   5.1000000e+02
  -7.4501993e-04   5.2500000e+02
  -7.4964511e-04   5.4000000e+02
  -7.4035861e-04   5.5500000e+02
  -7.4274669e-04   5.7000000e+02
  -7.5561012e-04   5.8500000e+02
  -7.5922406e-04   6.0000000e+02
  -7.5461221e-04   6.1500000e+02
  -7.5760693e-04   6.3000000e+02
  -7.6728227e-04   6.4500000e+02
  -7.7116082e-04   6.6000000e+02
  -7.6998421e-04   6.7500000e+02
  -7.7151653e-04   6.9000000e+02
  -7.7130581e-04   7.0500000e+02
  -7.5949630e-04   7.2000000e+02
  -7.3526771e-04   7.3500000e+02
  -7.0156599e-04   7.5000000e+02
  -6.5871800e-04   7.6500000e+02
  -6.1414647e-04   7.8000000e+02
  -5.8799476e-04   7.9500000e+02
  -5.9927552e-04   8.1000000e+02
  -6.4891047e-04   8.2500000e+02
  -7.1652723e-04   8.4000000e+02
  -7.6959602e-04   8.5500000e+02
  -7.8208669e-04   8.7000000e+02
  -7.5700955e-04   8.8500000e+02
  -7.2970317e-04   9.0000000e+02
  -7.3650893e-04   9.1500000e+02
  -7.7660987e-04   9.3000000e+02
  -8.1316556e-04   9.4500000e+02
  -8.1645686e-04   9.6000000e+02
  -7.9813844e-04   9.7500000e+02
  -7.9421897e-04   9.9000000e+02
  -8.1861520e-04   1.0050000e+03
  -8.4743125e-04   1.0200000e+03
  -8.5387693e-04   1.0350000e+03
  -8.4458350e-04   1.0500000e+03
  -8.4619125e-04   1.0650000e+03
  -8.6432567e-04   1.0800000e+03
  -8.7813695e-04   1.0950000e+03
  -8.7631168e-04   1.1100000e+03
  -8.7464106e-04   1.1250000e+03
  -8.8813540e-04   1.1400000e+03
  -9.0688252e-04   1.1550000e+03
  -9.1541058e-04   1.1700000e+03
  -9.1943413e-04   1.1850000e+03
  -9.3436800e-04   1.2000000e+03
  -9.5913402e-04   1.2150000e+03
  -9.8104123e-04   1.2300000e+03
  -9.9850702e-04   1.2450000e+03
  -1.0196754e-03   1.2600000e+03
  -1.0436972e-03   1.2750000e+03
  -1.0614136e-03   1.2900000e+03
  -1.0719134e-03   1.3050000e+03
  -1.0829790e-03   1.3200000e+03
  -1.0971518e-03   1.3350000e+03
  -1.1105515e-03   1.3500000e+03
  -1.1233272e-03   1.3650000e+03
  -1.1395914e-03   1.3800000e+03
  -1.1588760e-03   1.3950000e+03
  -1.1774451e-03   1.4100000e+03
  -1.1958634e-03   1.4250000e+03
  -1.2170151e-03   1.4400000e+03
  -1.2392009e-03   1.4550000e+03
  -1.2581454e-03   1.4700000e+03
  -1.2732499e-03   1.4850000e+03
  -1.2868452e-03   1.5000000e+03
  -1.3004221e-03   1.5150000e+03
  -1.3153000e-03   1.5300000e+03
  -1.3333446e-03   1.5450000e+03
  -1.3540793e-03   1.5600000e+03
  -1.3745303e-03   1.5750000e+03
  -1.3937033e-03   1.5900000e+03
  -1.4137954e-03   1.6050000e+03
  -1.4363166e-03   1.6200000e+03
  -1.4604230e-03   1.6350000e+03
  -1.4852801e-03   1.6500000e+03
  -1.5109471e-03   1.6650000e+03
  -1.5369027e-03   1.6800000e+03
  -1.5622000e-03   1.6950000e+03
  -1.5871677e-03   1.7100000e+03
  -1.6133898e-03   1.7250000e+03
  -1.6419138e-03   1.7400000e+03
  -1.6719439e-03   1.7550000e+03
  -1.7009324e-03   1.7700000e+03
  -1.7262776e-03   1.7850000e+03
  -1.7477910e-03   1.8000000e+03
  -1.7679222e-03   1.8150000e+03
  -1.7888678e-03   1.8300000e+03
  -1.8105707e-03   1.8450000e+03
  -1.8323872e-03   1.8600000e+03
  -1.8550734e-03   1.8750000e+03
  -1.8796732e-03   1.8900000e+03
  -1.9057146e-03   1.9050000e+03
  -1.9319133e-03   1.9200000e+03
  -1.9577690e-03   1.9350000e+03
  -1.9834009e-03   1.9500000e+03
  -2.0087098e-03   1.9650000e+03
  -2.0338916e-03   1.9800000e+03
  -2.0602348e-03   1.9950000e+03
  -2.0891719e-03   2.0100000e+03
  -2.1206264e-03   2.0250000e+03
  -2.1532003e-03   2.0400000e+03
  -2.1860888e-03   2.0550000e+03
  -2.2200255e-03   2.0700000e+03
  -2.2560151e-03   2.0850000e+03
  -2.2937311e-03   2.1000000e+03
  -2.3315977e-03   2.1150000e+03
  -2.3681023e-03   2.1300000e+03
  -2.4027510e-03   2.1450000e+03
  -2.4361594e-03   2.1600000e+03
  -2.4696784e-03   2.1750000e+03
  -2.5045977e-03   2.1900000e+03
  -2.5412645e-03   2.2050000e+03
  -2.5791179e-03   2.2200000e+03
  -2.6175303e-03   2.2350000e+03
  -2.6560484e-03   2.2500000e+03
  -2.6938198e-03   2.2650000e+03
  -2.7296206e-03   2.2800000e+03
  -2.7629477e-03   2.2950000e+03
  -2.7944352e-03   2.3100000e+03
  -2.8247277e-03   2.3250000e+03
  -2.8534934e-03   2.3400000e+03
  -2.8799088e-03   2.3550000e+03
  -2.9035250e-03   2.3700000e+03
  -2.9241059e-03   2.3850000e+03
  -2.9410182e-03   2.4000000e+03
  -2.9535459e-03   2.4150000e+03
  -2.9617951e-03   2.4300000e+03
  -2.9665381e-03   2.4450000e+03
  -2.9674701e-03   2.4600000e+03
  -2.9613920e-03   2.4750000e+03
  -2.9422750e-03   2.4900000e+03
  -2.9034554e-03   2.5050000e+03
  -2.8400251e-03   2.5200000e+03
  -2.7488908e-03   2.5350000e+03
  -2.6259809e-03   2.5500000e+03
  -2.4626867e-03   2.5650000e+03
  -2.2441265e-03   2.5800000e+03
  -1.9497138e-03   2.5950000e+03
  -1.5543397e-03   2.6100000e+03
  -1.0278622e-03   2.6250000e+03
  -3.3148972e-04   2.6400000e+03
   5.8871822e-04   2.6550000e+03
   1.8092388e-03   2.6700000e+03
   3.4351849e-03   2.6850000e+03
   5.6054113e-03   2.7000000e+03
   8.4994053e-03   2.7150000e+03
   1.2347467e-02   2.7300000e+03
   1.7440500e-02   2.7450000e+03
   2.4131700e-02   2.7600000e+03
   3.2822680e-02   2.7750000e+03
   4.3929223e-02   2.7900000e+03
   5.7823218e-02   2.8050000e+03
   7.4747607e-02   2.8200000e+03
   9.4705097e-02   2.8350000e+03
   1.1733312e-01   2.8500000e+03
   1.4179474e-01   2.8650000e+03
   1.6672900e-01   2.8800000e+03
   1.9030492e-01   2.8950000e+03
   2.1040681e-01   2.9100000e+03
   2.2494513e-01   2.9250000e+03
   2.3224223e-01   2.9400000e+03
   2.3139732e-01   2.9550000e+03
   2.2250661e-01   2.9700000e+03
   2.0662642e-01   2.9850000e+03
   1.8543535e-01   3.0000000e+03
   1.6066530e-01   3.0150000e+03
   1.3349082e-01   3.0300000e+03
   1.0412979e-01   3.0450000e+03
   7.1869731e-02   3.0600000e+03
   3.5585046e-02   3.0750000e+03
  -5.3989105e-03   3.0900000e+03
  -5.0420884e-02   3.1050000e+03
  -9.6965872e-02   3.1200000e+03
  -1.4079757e-01   3.1350000e+03
  -1.7678176e-01   3.1500000e+03
  -2.0016216e-01   3.1650000e+03
  -2.0786023e-01   3.1800000e+03
  -1.9935507e-01   3.1950000e+03
  -1.7685753e-01   3.2100000e+03
  -1.4474419e-01   3.2250000e+03
  -1.0845634e-01   3.2400000e+03
  -7.3215850e-02   3.2550000e+03
  -4.2937838e-02   3.2700000e+03
  -1.9637777e-02   3.2850000e+03
  -3.4667694e-03   3.3000000e+03
   6.6978857e-03   3.3150000e+03
   1.2370184e-02   3.3300000e+03
   1.4648287e-02   3.3450000e+03
   1.3813491e-02   3.3600000e+03
   9.4882036e-03   3.3750000e+03
   1.2562004e-03   3.3900000e+03
  -1.0561469e-02   3.4050000e+03
  -2.4355751e-02   3.4200000e+03
  -3.7195306e-02   3.4350000e+03
  -4.5396410e-02   3.4500000e+03
  -4.5553133e-02   3.4650000e+03
  -3.5698112e-02   3.4800000e+03
  -1.6172655e-02   3.4950000e+03
   1.0172803e-02   3.5100000e+03
   3.8620908e-02   3.5250000e+03
   6.3906692e-02   3.5400000e+03
   8.1717797e-02   3.5550000e+03
   8.9762107e-02   3.5700000e+03
   8.8006414e-02   3.5850000e+03
   7.8138717e-02   3.6000000e+03
   6.2693119e-02   3.6150000e+03
   4.4327285e-02   3.6300000e+03
   2.5445694e-02   3.6450000e+03
   7.9938238e-03   3.6600000e+03
  -6.8542054e-03   3.6750000e+03
  -1.9126520e-02   3.6900000e+03
  -3.0230572e-02   3.7050000e+03
  -4.2406637e-02   3.7200000e+03
  -5.7390984e-02   3.7350000e+03
  -7.4910507e-02   3.7500000e+03
  -9.2056990e-02   3.7650000e+03
  -1.0428001e-01   3.7800000e+03
  -1.0772745e-01   3.7950000e+03
  -1.0159489e-01   3.8100000e+03
  -8.8864535e-02   3.8250000e+03
  -7.4699171e-02   3.8400000e+03
  -6.3321404e-02   3.8550000e+03
  -5.5355337e-02   3.8700000e+03
  -4.7434259e-02   3.8850000e+03
  -3.4411632e-02   3.9000000e+03
  -1.2765003e-02   3.9150000e+03
   1.6978741e-02   3.9300000e+03
   5.0202653e-02   3.9450000e+03
   8.0278449e-02   3.9600000e+03
   1.0121766e-01   3.9750000e+03
   1.0936805e-01   3.9900000e+03
   1.0374249e-01   4.0050000e+03
   8.5675746e-02   4.0200000e+03
   5.8623377e-02   4.0350000e+03
   2.8081791e-02   4.0500000e+03
   8.1723795e-04   4.0650000e+03
  -1.7167300e-02   4.0800000e+03
  -2.3262514e-02   4.0950000e+03
  -1.9718906e-02   4.1100000e+03
  -1.2462137e-02   4.1250000e+03
  -7.5318478e-03   4.1400000e+03
  -7.3678480e-03   4.1550000e+03
  -9.6010398e-03   4.1700000e+03
  -9.3211234e-03   4.1850000e+03
  -3.1680770e-03   4.2000000e+03
   7.8694839e-03   4.2150000e+03
   1.9098707e-02   4.2300000e+03
   2.5662770e-02   4.2450000e+03
   2.6160819e-02   4.2600000e+03
   2.3519084e-02   4.2750000e+03
   2.2512807e-02   4.2900000e+03
   2.5979798e-02   4.3050000e+03
   3.2713965e-02   4.3200000e+03
   3.8595691e-02   4.3350000e+03
   3.9926179e-02   4.3500000e+03
   3.6262408e-02   4.3650000e+03
   3.0571280e-02   4.3800000e+03
   2.6740819e-02   4.3950000e+03
   2.6578920e-02   4.4100000e+03
   2.8712669e-02   4.4250000e+03
   3.0096184e-02   4.4400000e+03
   2.8628681e-02   4.4550000e+03
   2.4578879e-02   4.4700000e+03
   1.9756569e-02   4.4850000e+03
   1.5461586e-02   4.5000000e+03
