   6.0043684e-03   0.0000000e+00
   6.0036606e-03   1.5000000e+01
   6.0011283e-03   3.0000000e+01
   5.9960862e-03   4.5000000e+01
   5.9884083e-03   6.0000000e+01
   5.9780055e-03   7.5000000e+01
   5.9647788e-03   9.0000000e+01
   5.9493035e-03   1.0500000e+02
   5.9320806e-03   1.2000000e+02
   5.9124916e-03   1.3500000e+02
   5.8897436e-03   1.5000000e+02
   5.8638775e-03   1.6500000e+02
   5.8350209e-03   1.8000000e+02
   5.8028549e-03   1.9500000e+02
   5.7672779e-03   2.1000000e+02
   5.7287863e-03   2.2500000e+02
   5.6881211e-03   2.4000000e+02
   5.6457231e-03   2.5500000e+02
   5.6013083e-03   2.7000000e+02
   5.5539138e-03   2.8500000e+02
   5.5024652e-03   3.0000000e+02
   5.4463586e-03   3.1500000e+02
   5.3855539e-03   3.3000000e+02
   5.3202808e-03   3.4500000e+02
   5.2510351e-03   3.6000000e+02
   5.1785149e-03   3.7500000e+02
   5.1028845e-03   3.9000000e+02
   5.0235172e-03   4.0500000e+02
   4.9394611e-03   4.2000000e+02
   4.8490926e-03   4.3500000e+02
   4.7492469e-03   4.5000000e+02
   4.6340497e-03   4.6500000e+02
   4.4910577e-03   4.8000000e+02
   4.2952453e-03   4.9500000e+02
   4.0078424e-03   5.1000000e+02
   3.5890406e-03   5.2500000e+02
   3.0284089e-03   5.4000000e+02
   2.3825413e-03   5.5500000e+02
   1.7890792e-03   5.7000000e+02
   1.4197775e-03   5.8500000e+02
   1.3703067e-03   6.0000000e+02
   1.5569424e-03   6.1500000e+02
   1.7318040e-03   6.3000000e+02
   1.6555639e-03   6.4500000e+02
   1.3017174e-03   6.6000000e+02
   8.8104454e-04   6.7500000e+02
   6.2508555e-04   6.9000000e+02
   5.4401648e-04   7.0500000e+02
   4.4040944e-04   7.2000000e+02
   1.7091710e-04   7.3500000e+02
  -1.7052885e-04   7.5000000e+02
  -3.8366011e-04   7.6500000e+02
  -4.2176002e-04   7.8000000e+02
  -4.1966472e-04   7.9500000e+02
  -4.7209742e-04   8.1000000e+02
  -5.1248708e-04   8.2500000e+02
  -4.6681560e-04   8.4000000e+02
  -4.0489295e-04   8.5500000e+02
  -4.1964071e-04   8.7000000e+02
  -4.3800764e-04   8.8500000e+02
  -3.0631069e-04   9.0000000e+02
  -2.7508668e-05   9.1500000e+02
   2.5624613e-04   9.3000000e+02
   5.2538706e-04   9.4500000e+02
   9.6536637e-04   9.6000000e+02
   1.7612063e-03   9.7500000e+02
   2.9760404e-03   9.9000000e+02
   4.6949964e-03   1.0050000e+03
   7.1611721e-03   1.0200000e+03
   1.0741576e-02   1.0350000e+03
   1.5933750e-02   1.0500000e+03
   2.3521159e-02   1.0650000e+03
   3.4694009e-02   1.0800000e+03
   5.1090859e-02   1.0950000e+03
   7.4949265e-02   1.1100000e+03
   1.0934832e-01   1.1250000e+03
   1.5825740e-01   1.1400000e+03
   2.2624959e-01   1.1550000e+03
   3.1793460e-01   1.1700000e+03
   4.3698901e-01   1.1850000e+03
   5.8442748e-01   1.2000000e+03
   7.5594103e-01   1.2150000e+03
   9.3870902e-01   1.2300000e+03
   1.1087950e+00   1.2450000e+03
   1.2308710e+00   1.2600000e+03
   1.2623019e+00   1.2750000e+03
   1.1629729e+00   1.2900000e+03
   9.1000235e-01   1.3050000e+03
   5.1293975e-01   1.3200000e+03
   2.2000615e-02   1.3350000e+03
  -4.7797430e-01   1.3500000e+03
  -8.9020002e-01   1.3650000e+03
  -1.1389581e+00   1.3800000e+03
  -1.1985025e+00   1.3950000e+03
  -1.1018491e+00   1.4100000e+03
  -9.2212236e-01   1.4250000e+03
  -7.3507953e-01   1.4400000e+03
  -5.8449769e-01   1.4550000e+03
  -4.7141930e-01   1.4700000e+03
  -3.7186283e-01   1.4850000e+03
  -2.6677603e-01   1.5000000e+03
  -1.5983123e-01   1.5150000e+03
  -7.0901982e-02   1.5300000e+03
  -1.5207550e-02   1.5450000e+03
   1.0335458e-02   1.5600000e+03
   2.1600751e-02   1.5750000e+03
   3.0740539e-02   1.5900000e+03
   3.6558665e-02   1.6050000e+03
   3.0079180e-02   1.6200000e+03
   6.9101830e-03   1.6350000e+03
  -2.7282724e-02   1.6500000e+03
  -6.1918292e-02   1.6650000e+03
  -8.9338697e-02   1.6800000e+03
  -1.0718219e-01   1.6950000e+03
  -1.1573616e-01   1.7100000e+03
  -1.1587853e-01   1.7250000e+03
  -1.0977428e-01   1.7400000e+03
  -1.0137156e-01   1.7550000e+03
  -9.4379283e-02   1.7700000e+03
  -8.9736685e-02   1.7850000e+03
  -8.5710570e-02   1.8000000e+03
  -8.0363028e-02   1.8150000e+03
  -7.3320881e-02   1.8300000e+03
  -6.5050408e-02   1.8450000e+03
  -5.4948337e-02   1.8600000e+03
  -4.0710349e-02   1.8750000e+03
  -1.9990880e-02   1.8900000e+03
   6.8395054e-03   1.9050000e+03
   3.5297550e-02   1.9200000e+03
   5.8554236e-02   1.9350000e+03
   7.1574852e-02   1.9500000e+03
   7.4349418e-02   1.9650000e+03
   7.1469702e-02   1.9800000e+03
   6.8795249e-02   1.9950000e+03
   7.0433110e-02   2.0100000e+03
   7.7896923e-02   2.0250000e+03
   9.0393849e-02   2.0400000e+03
   1.0471742e-01   2.0550000e+03
   1.1515724e-01   2.0700000e+03
   1.1476503e-01   2.0850000e+03
   9.7971655e-02   2.1000000e+03
   6.3178591e-02   2.1150000e+03
   1.4206997e-02   2.1300000e+03
  -3.9752394e-02   2.1450000e+03
  -8.5985869e-02   2.1600000e+03
  -1.1201613e-01   2.1750000e+03
  -1.1023355e-01   2.1900000e+03
  -8.1283219e-02   2.2050000e+03
  -3.4455460e-02   2.2200000e+03
   1.5241762e-02   2.2350000e+03
   5.2301545e-02   2.2500000e+03
   6.6271454e-02   2.2650000e+03
   5.5279188e-02   2.2800000e+03
   2.5923431e-02   2.2950000e+03
  -1.0185289e-02   2.3100000e+03
  -4.1325305e-02   2.3250000e+03
  -5.9831843e-02   2.3400000e+03
  -6.4009845e-02   2.3550000e+03
  -5.7200033e-02   2.3700000e+03
  -4.4736896e-02   2.3850000e+03
  -3.0832965e-02   2.4000000e+03
  -1.7292526e-02   2.4150000e+03
  -4.1918647e-03   2.4300000e+03
   8.8725463e-03   2.4450000e+03
   2.2158071e-02   2.4600000e+03
   3.5744254e-02   2.4750000e+03
   4.9429640e-02   2.4900000e+03
   6.2298603e-02   2.5050000e+03
   7.2483085e-02   2.5200000e+03
   7.7868208e-02   2.5350000e+03
   7.7666961e-02   2.5500000e+03
   7.3607057e-02   2.5650000e+03
   6.9429837e-02   2.5800000e+03
   6.8852976e-02   2.5950000e+03
   7.3520996e-02   2.6100000e+03
   8.2294978e-02   2.6250000e+03
   9.2031322e-02   2.6400000e+03
   9.9168532e-02   2.6550000e+03
   1.0133379e-01   2.6700000e+03
   9.8290488e-02   2.6850000e+03
   9.1767281e-02   2.7000000e+03
   8.4272735e-02   2.7150000e+03
   7.7640519e-02   2.7300000e+03
   7.2169140e-02   2.7450000e+03
   6.6746876e-02   2.7600000e+03
   5.9747100e-02   2.7750000e+03
   5.0101142e-02   2.7900000e+03
   3.7911035e-02   2.8050000e+03
   2.4283323e-02   2.8200000e+03
   1.0582285e-02   2.8350000e+03
  -2.3524831e-03   2.8500000e+03
  -1.4495992e-02   2.8650000e+03
  -2.6215743e-02   2.8800000e+03
  -3.7414517e-02   2.8950000e+03
  -4.6950813e-02   2.9100000e+03
  -5.2946869e-02   2.9250000e+03
  -5.3851061e-02   2.9400000e+03
  -4.9430560e-02   2.9550000e+03
  -4.0969398e-02   2.9700000e+03
  -3.0674633e-02   2.9850000e+03
  -2.0842006e-02   3.0000000e+03
  -1.3266921e-02   3.0150000e+03
  -9.0020141e-03   3.0300000e+03
  -8.3311684e-03   3.0450000e+03
  -1.0859126e-02   3.0600000e+03
  -1.5713427e-02   3.0750000e+03
  -2.1852011e-02   3.0900000e+03
  -2.8365808e-02   3.1050000e+03
  -3.4604233e-02   3.1200000e+03
  -4.0076055e-02   3.1350000e+03
  -4.4310145e-02   3.1500000e+03
  -4.6912819e-02   3.1650000e+03
  -4.7803935e-02   3.1800000e+03
  -4.7328372e-02   3.1950000e+03
  -4.5996424e-02   3.2100000e+03
  -4.3994036e-02   3.2250000e+03
  -4.0898796e-02   3.2400000e+03
  -3.5892565e-02   3.2550000e+03
  -2.8314855e-02   3.2700000e+03
  -1.8120641e-02   3.2850000e+03
  -5.9544961e-03   3.3000000e+03
   7.0844633e-03   3.3150000e+03
   1.9730674e-02   3.3300000e+03
   3.0752163e-02   3.3450000e+03
   3.9100159e-02   3.3600000e+03
   4.4058699e-02   3.3750000e+03
   4.5340195e-02   3.3900000e+03
   4.3048237e-02   3.4050000e+03
   3.7534922e-02   3.4200000e+03
   2.9272912e-02   3.4350000e+03
   1.8822603e-02   3.4500000e+03
   6.8593156e-03   3.4650000e+03
  -5.8257077e-03   3.4800000e+03
  -1.8385166e-02   3.4950000e+03
  -3.0004064e-02   3.5100000e+03
  -3.9978791e-02   3.5250000e+03
  -4.7782410e-02   3.5400000e+03
  -5.3119592e-02   3.5550000e+03
  -5.5950016e-02   3.5700000e+03
  -5.6453202e-02   3.5850000e+03
  -5.4948665e-02   3.6000000e+03
  -5.1828049e-02   3.6150000e+03
  -4.7540266e-02   3.6300000e+03
  -4.2606503e-02   3.6450000e+03
  -3.7606023e-02   3.6600000e+03
  -3.3110596e-02   3.6750000e+03
  -2.9605325e-02   3.6900000e+03
  -2.7438371e-02   3.7050000e+03
  -2.6793635e-02   3.7200000e+03
  -2.7655799e-02   3.7350000e+03
  -2.9772162e-02   3.7500000e+03
  -3.2651763e-02   3.7650000e+03
  -3.5617493e-02   3.7800000e+03
  -3.7877753e-02   3.7950000e+03
  -3.8591050e-02   3.8100000e+03
  -3.6953121e-02   3.8250000e+03
  -3.2348420e-02   3.8400000e+03
  -2.4537252e-02   3.8550000e+03
  -1.3781105e-02   3.8700000e+03
  -8.3239662e-04   3.8850000e+03
   1.3197488e-02   3.9000000e+03
   2.7025718e-02   3.9150000e+03
   3.9387986e-02   3.9300000e+03
   4.9198389e-02   3.9450000e+03
   5.5642217e-02   3.9600000e+03
   5.8180075e-02   3.9750000e+03
   5.6505874e-02   3.9900000e+03
   5.0548647e-02   4.0050000e+03
   4.0558264e-02   4.0200000e+03
   2.7202936e-02   4.0350000e+03
   1.1562281e-02   4.0500000e+03
  -5.0195497e-03   4.0650000e+03
  -2.1146897e-02   4.0800000e+03
  -3.5559993e-02   4.0950000e+03
  -4.7267128e-02   4.1100000e+03
  -5.5631064e-02   4.1250000e+03
  -6.0400546e-02   4.1400000e+03
  -6.1667223e-02   4.1550000e+03
  -5.9764408e-02   4.1700000e+03
  -5.5155903e-02   4.1850000e+03
  -4.8346560e-02   4.2000000e+03
  -3.9820123e-02   4.2150000e+03
  -3.0017339e-02   4.2300000e+03
  -1.9373668e-02   4.2450000e+03
  -8.3954679e-03   4.2600000e+03
   2.2946168e-03   4.2750000e+03
   1.1995853e-02   4.2900000e+03
   2.0036563e-02   4.3050000e+03
   2.5894428e-02   4.3200000e+03
   2.9286176e-02   4.3350000e+03
   3.0205123e-02   4.3500000e+03
   2.8895583e-02   4.3650000e+03
   2.5774587e-02   4.3800000e+03
   2.1341534e-02   4.3950000e+03
   1.6115142e-02   4.4100000e+03
   1.0598160e-02   4.4250000e+03
   5.2429736e-03   4.4400000e+03
   4.0473905e-04   4.4550000e+03
  -3.7065137e-03   4.4700000e+03
  -7.0580575e-03   4.4850000e+03
  -9.7969752e-03   4.5000000e+03
