  -1.4191557e-03   0.0000000e+00
  -1.4191575e-03   1.5000000e+01
  -1.4191828e-03   3.0000000e+01
  -1.4192554e-03   4.5000000e+01
  -1.4193582e-03   6.0000000e+01
  -1.4194202e-03   7.5000000e+01
  -1.4193959e-03   9.0000000e+01
  -1.4193385e-03   1.0500000e+02
  -1.4193782e-03   1.2000000e+02
  -1.4196109e-03   1.3500000e+02
  -1.4199317e-03   1.5000000e+02
  -1.4199213e-03   1.6500000e+02
  -1.4185371e-03   1.8000000e+02
  -1.4124966e-03   1.9500000e+02
  -1.3921324e-03   2.1000000e+02
  -1.3369216e-03   2.2500000e+02
  -1.2199641e-03   2.4000000e+02
  -1.0320192e-03   2.5500000e+02
  -8.1550860e-04   2.7000000e+02
  -6.6546974e-04   2.8500000e+02
  -6.6126266e-04   3.0000000e+02
  -7.7520171e-04   3.1500000e+02
  -8.7610778e-04   3.3000000e+02
  -8.6387957e-04   3.4500000e+02
  -7.8445656e-04   3.6000000e+02
  -7.5984962e-04   3.7500000e+02
  -8.1731222e-04   3.9000000e+02
  -8.6432509e-04   4.0500000e+02
  -8.4073009e-04   4.2000000e+02
  -8.0292264e-04   4.3500000e+02
  -8.1652659e-04   4.5000000e+02
  -8.5229258e-04   4.6500000e+02
  -8.5286977e-04   4.8000000e+02
  -8.3280931e-04   4.9500000e+02
  -8.3874923e-04   5.1000000e+02
  -8.6325954e-04   5.2500000e+02
  -8.6898799e-04   5.4000000e+02
  -8.5905968e-04   5.5500000e+02
  -8.6228346e-04   5.7000000e+02
  -8.7728357e-04   5.8500000e+02
  -8.8182522e-04   6.0000000e+02
  -8.7709061e-04   6.1500000e+02
  -8.8093721e-04   6.3000000e+02
  -8.9229643e-04   6.4500000e+02
  -8.9706929e-04   6.6000000e+02
  -8.9605700e-04   6.7500000e+02
  -8.9794450e-04   6.9000000e+02
  -8.9761673e-04   7.0500000e+02
  -8.8382931e-04   7.2000000e+02
  -8.5550256e-04   7.3500000e+02
  -8.1586168e-04   7.5000000e+02
  -7.6537183e-04   7.6500000e+02
  -7.1287807e-04   7.8000000e+02
  -6.8192522e-04   7.9500000e+02
  -6.9478148e-04   8.1000000e+02
  -7.5273018e-04   8.2500000e+02
  -8.3198957e-04   8.4000000e+02
  -8.9426438e-04   8.5500000e+02
  -9.0887753e-04   8.7000000e+02
  -8.7929855e-04   8.8500000e+02
  -8.4692193e-04   9.0000000e+02
  -8.5436960e-04   9.1500000e+02
  -9.0082287e-04   9.3000000e+02
  -9.4327016e-04   9.4500000e+02
  -9.4688742e-04   9.6000000e+02
  -9.2515565e-04   9.7500000e+02
  -9.2012616e-04   9.9000000e+02
  -9.4809273e-04   1.0050000e+03
  -9.8115066e-04   1.0200000e+03
  -9.8804536e-04   1.0350000e+03
  -9.7661209e-04   1.0500000e+03
  -9.7797904e-04   1.0650000e+03
  -9.9861401e-04   1.0800000e+03
  -1.0141005e-03   1.0950000e+03
  -1.0113301e-03   1.1100000e+03
  -1.0088277e-03   1.1250000e+03
  -1.0240221e-03   1.1400000e+03
  -1.0451532e-03   1.1550000e+03
  -1.0540991e-03   1.1700000e+03
  -1.0576372e-03   1.1850000e+03
  -1.0738209e-03   1.2000000e+03
  -1.1013353e-03   1.2150000e+03
  -1.1253902e-03   1.2300000e+03
  -1.1443136e-03   1.2450000e+03
  -1.1677860e-03   1.2600000e+03
  -1.1948755e-03   1.2750000e+03
  -1.2148714e-03   1.2900000e+03
  -1.2266596e-03   1.3050000e+03
  -1.2392271e-03   1.3200000e+03
  -1.2554304e-03   1.3350000e+03
  -1.2706994e-03   1.3500000e+03
  -1.2852357e-03   1.3650000e+03
  -1.3038394e-03   1.3800000e+03
  -1.3259250e-03   1.3950000e+03
  -1.3471452e-03   1.4100000e+03
  -1.3682282e-03   1.4250000e+03
  -1.3925941e-03   1.4400000e+03
  -1.4182653e-03   1.4550000e+03
  -1.4402516e-03   1.4700000e+03
  -1.4579268e-03   1.4850000e+03
  -1.4740982e-03   1.5000000e+03
  -1.4904585e-03   1.5150000e+03
  -1.5084323e-03   1.5300000e+03
  -1.5301640e-03   1.5450000e+03
  -1.5551702e-03   1.5600000e+03
  -1.5800297e-03   1.5750000e+03
  -1.6034759e-03   1.5900000e+03
  -1.6279288e-03   1.6050000e+03
  -1.6551417e-03   1.6200000e+03
  -1.6842631e-03   1.6350000e+03
  -1.7144391e-03   1.6500000e+03
  -1.7457695e-03   1.6650000e+03
  -1.7776893e-03   1.6800000e+03
  -1.8092192e-03   1.6950000e+03
  -1.8408117e-03   1.7100000e+03
  -1.8741516e-03   1.7250000e+03
  -1.9101512e-03   1.7400000e+03
  -1.9477301e-03   1.7550000e+03
  -1.9841511e-03   1.7700000e+03
  -2.0168070e-03   1.7850000e+03
  -2.0457015e-03   1.8000000e+03
  -2.0735855e-03   1.8150000e+03
  -2.1027843e-03   1.8300000e+03
  -2.1331147e-03   1.8450000e+03
  -2.1638249e-03   1.8600000e+03
  -2.1957722e-03   1.8750000e+03
  -2.2301322e-03   1.8900000e+03
  -2.2663884e-03   1.9050000e+03
  -2.3031801e-03   1.9200000e+03
  -2.3400702e-03   1.9350000e+03
  -2.3773222e-03   1.9500000e+03
  -2.4149390e-03   1.9650000e+03
  -2.4531980e-03   1.9800000e+03
  -2.4935573e-03   1.9950000e+03
  -2.5376615e-03   2.0100000e+03
  -2.5854867e-03   2.0250000e+03
  -2.6354997e-03   2.0400000e+03
  -2.6867981e-03   2.0550000e+03
  -2.7402551e-03   2.0700000e+03
  -2.7971666e-03   2.0850000e+03
  -2.8573142e-03   2.1000000e+03
  -2.9188653e-03   2.1150000e+03
  -2.9798958e-03   2.1300000e+03
  -3.0397451e-03   2.1450000e+03
  -3.0993754e-03   2.1600000e+03
  -3.1608525e-03   2.1750000e+03
  -3.2260981e-03   2.1900000e+03
  -3.2956663e-03   2.2050000e+03
  -3.3688475e-03   2.2200000e+03
  -3.4448851e-03   2.2350000e+03
  -3.5233817e-03   2.2500000e+03
  -3.6035324e-03   2.2650000e+03
  -3.6840360e-03   2.2800000e+03
  -3.7644126e-03   2.2950000e+03
  -3.8457096e-03   2.3100000e+03
  -3.9293789e-03   2.3250000e+03
  -4.0159626e-03   2.3400000e+03
  -4.1053449e-03   2.3550000e+03
  -4.1976939e-03   2.3700000e+03
  -4.2934916e-03   2.3850000e+03
  -4.3931166e-03   2.4000000e+03
  -4.4972068e-03   2.4150000e+03
  -4.6075047e-03   2.4300000e+03
  -4.7265016e-03   2.4450000e+03
  -4.8554628e-03   2.4600000e+03
  -4.9925479e-03   2.4750000e+03
  -5.1331404e-03   2.4900000e+03
  -5.2726241e-03   2.5050000e+03
  -5.4094386e-03   2.5200000e+03
  -5.5454862e-03   2.5350000e+03
  -5.6829848e-03   2.5500000e+03
  -5.8199591e-03   2.5650000e+03
  -5.9476038e-03   2.5800000e+03
  -6.0504763e-03   2.5950000e+03
  -6.1074207e-03   2.6100000e+03
  -6.0899770e-03   2.6250000e+03
  -5.9558083e-03   2.6400000e+03
  -5.6367684e-03   2.6550000e+03
  -5.0234278e-03   2.6700000e+03
  -3.9481232e-03   2.6850000e+03
  -2.1665310e-03   2.7000000e+03
   6.6349719e-04   2.7150000e+03
   5.0024660e-03   2.7300000e+03
   1.1436351e-02   2.7450000e+03
   2.0649524e-02   2.7600000e+03
   3.3341985e-02   2.7750000e+03
   5.0077390e-02   2.7900000e+03
   7.1064048e-02   2.8050000e+03
   9.5896639e-02   2.8200000e+03
   1.2332284e-01   2.8350000e+03
   1.5113811e-01   2.8500000e+03
   1.7632836e-01   2.8650000e+03
   1.9554478e-01   2.8800000e+03
   2.0588700e-01   2.8950000e+03
   2.0580947e-01   2.9100000e+03
   1.9581597e-01   2.9250000e+03
   1.7855833e-01   2.9400000e+03
   1.5809044e-01   2.9550000e+03
   1.3835086e-01   2.9700000e+03
   1.2136098e-01   2.9850000e+03
   1.0592575e-01   3.0000000e+03
   8.7599941e-02   3.0150000e+03
   6.0241036e-02   3.0300000e+03
   1.8745784e-02   3.0450000e+03
  -3.8092051e-02   3.0600000e+03
  -1.0588200e-01   3.0750000e+03
  -1.7497444e-01   3.0900000e+03
  -2.3286900e-01   3.1050000e+03
  -2.6785976e-01   3.1200000e+03
  -2.7260602e-01   3.1350000e+03
  -2.4639051e-01   3.1500000e+03
  -1.9532265e-01   3.1650000e+03
  -1.3042235e-01   3.1800000e+03
  -6.4198576e-02   3.1950000e+03
  -6.8983180e-03   3.2100000e+03
   3.6130667e-02   3.2250000e+03
   6.4808257e-02   3.2400000e+03
   8.2222782e-02   3.2550000e+03
   9.1165625e-02   3.2700000e+03
   9.1298416e-02   3.2850000e+03
   7.8759842e-02   3.3000000e+03
   4.8696324e-02   3.3150000e+03
  -5.0663867e-04   3.3300000e+03
  -6.3582599e-02   3.3450000e+03
  -1.2746847e-01   3.3600000e+03
  -1.7405380e-01   3.3750000e+03
  -1.8593878e-01   3.3900000e+03
  -1.5319118e-01   3.4050000e+03
  -7.8409873e-02   3.4200000e+03
   2.2325911e-02   3.4350000e+03
   1.2369342e-01   3.4500000e+03
   1.9948235e-01   3.4650000e+03
   2.3192184e-01   3.4800000e+03
   2.1793681e-01   3.4950000e+03
   1.6933930e-01   3.5100000e+03
   1.0673808e-01   3.5250000e+03
   5.0169248e-02   3.5400000e+03
   1.1265567e-02   3.5550000e+03
  -9.1562159e-03   3.5700000e+03
  -1.7625384e-02   3.5850000e+03
  -2.1931840e-02   3.6000000e+03
  -2.6975974e-02   3.6150000e+03
  -3.4827806e-02   3.6300000e+03
  -4.7258679e-02   3.6450000e+03
  -6.6792876e-02   3.6600000e+03
  -9.4062932e-02   3.6750000e+03
  -1.2355766e-01   3.6900000e+03
  -1.4272732e-01   3.7050000e+03
  -1.3770421e-01   3.7200000e+03
  -1.0333411e-01   3.7350000e+03
  -5.0257314e-02   3.7500000e+03
  -2.1525768e-03   3.7650000e+03
   1.7237257e-02   3.7800000e+03
  -4.8435267e-04   3.7950000e+03
  -4.1466929e-02   3.8100000e+03
  -7.6992586e-02   3.8250000e+03
  -8.0710776e-02   3.8400000e+03
  -4.3936502e-02   3.8550000e+03
   2.1251187e-02   3.8700000e+03
   9.1944531e-02   3.8850000e+03
   1.4847010e-01   3.9000000e+03
   1.8164879e-01   3.9150000e+03
   1.8960448e-01   3.9300000e+03
   1.7050424e-01   3.9450000e+03
   1.2108675e-01   3.9600000e+03
   4.4120844e-02   3.9750000e+03
  -4.2891450e-02   3.9900000e+03
  -1.0950373e-01   4.0050000e+03
  -1.2822795e-01   4.0200000e+03
  -9.4238006e-02   4.0350000e+03
  -3.2031357e-02   4.0500000e+03
   1.9229518e-02   4.0650000e+03
   3.2434918e-02   4.0800000e+03
   1.0835542e-02   4.0950000e+03
  -1.6789593e-02   4.1100000e+03
  -2.0326128e-02   4.1250000e+03
   7.5957794e-03   4.1400000e+03
   4.6750426e-02   4.1550000e+03
   6.6896915e-02   4.1700000e+03
   5.2897118e-02   4.1850000e+03
   1.6872717e-02   4.2000000e+03
  -1.2109689e-02   4.2150000e+03
  -1.1979154e-02   4.2300000e+03
   1.4517770e-02   4.2450000e+03
   4.2588051e-02   4.2600000e+03
   4.6114102e-02   4.2750000e+03
   1.8858291e-02   4.2900000e+03
  -2.1332918e-02   4.3050000e+03
  -4.7960613e-02   4.3200000e+03
  -4.6893064e-02   4.3350000e+03
  -2.5149615e-02   4.3500000e+03
  -1.6281059e-03   4.3650000e+03
   9.9435300e-03   4.3800000e+03
   1.0211403e-02   4.3950000e+03
   9.1352956e-03   4.4100000e+03
   1.3862963e-02   4.4250000e+03
   2.1727934e-02   4.4400000e+03
   2.3734540e-02   4.4550000e+03
   1.3590272e-02   4.4700000e+03
  -6.3963109e-03   4.4850000e+03
  -2.6567969e-02   4.5000000e+03
