  -2.8896963e-03   0.0000000e+00
  -2.8895519e-03   1.5000000e+01
  -2.8891957e-03   3.0000000e+01
  -2.8889014e-03   4.5000000e+01
  -2.8890029e-03   6.0000000e+01
  -2.8897352e-03   7.5000000e+01
  -2.8911058e-03   9.0000000e+01
  -2.8929738e-03   1.0500000e+02
  -2.8952747e-03   1.2000000e+02
  -2.8981774e-03   1.3500000e+02
  -2.9019301e-03   1.5000000e+02
  -2.9066165e-03   1.6500000e+02
  -2.9122545e-03   1.8000000e+02
  -2.9188609e-03   1.9500000e+02
  -2.9262821e-03   2.1000000e+02
  -2.9343143e-03   2.2500000e+02
  -2.9429735e-03   2.4000000e+02
  -2.9524211e-03   2.5500000e+02
  -2.9627280e-03   2.7000000e+02
  -2.9737500e-03   2.8500000e+02
  -2.9852020e-03   3.0000000e+02
  -2.9968591e-03   3.1500000e+02
  -3.0086825e-03   3.3000000e+02
  -3.0207203e-03   3.4500000e+02
  -3.0328897e-03   3.6000000e+02
  -3.0448583e-03   3.7500000e+02
  -3.0563239e-03   3.9000000e+02
  -3.0674869e-03   4.0500000e+02
  -3.0787252e-03   4.2000000e+02
  -3.0894112e-03   4.3500000e+02
  -3.0978366e-03   4.5000000e+02
  -3.1029684e-03   4.6500000e+02
  -3.1054516e-03   4.8000000e+02
  -3.1065801e-03   4.9500000e+02
  -3.1072386e-03   5.1000000e+02
  -3.1080695e-03   5.2500000e+02
  -3.1096928e-03   5.4000000e+02
  -3.1121476e-03   5.5500000e+02
  -3.1147103e-03   5.7000000e+02
  -3.1168216e-03   5.8500000e+02
  -3.1186601e-03   6.0000000e+02
  -3.1201262e-03   6.1500000e+02
  -3.1202913e-03   6.3000000e+02
  -3.1187653e-03   6.4500000e+02
  -3.1163236e-03   6.6000000e+02
  -3.1135641e-03   6.7500000e+02
  -3.1104228e-03   6.9000000e+02
  -3.1070202e-03   7.0500000e+02
  -3.1036478e-03   7.2000000e+02
  -3.1002697e-03   7.3500000e+02
  -3.0967190e-03   7.5000000e+02
  -3.0928508e-03   7.6500000e+02
  -3.0884661e-03   7.8000000e+02
  -3.0835834e-03   7.9500000e+02
  -3.0784255e-03   8.1000000e+02
  -3.0729943e-03   8.2500000e+02
  -3.0670955e-03   8.4000000e+02
  -3.0606473e-03   8.5500000e+02
  -3.0537404e-03   8.7000000e+02
  -3.0466262e-03   8.8500000e+02
  -3.0395617e-03   9.0000000e+02
  -3.0324894e-03   9.1500000e+02
  -3.0251774e-03   9.3000000e+02
  -3.0176190e-03   9.4500000e+02
  -3.0099733e-03   9.6000000e+02
  -3.0022671e-03   9.7500000e+02
  -2.9942694e-03   9.9000000e+02
  -2.9855263e-03   1.0050000e+03
  -2.9757568e-03   1.0200000e+03
  -2.9652084e-03   1.0350000e+03
  -2.9542944e-03   1.0500000e+03
  -2.9431477e-03   1.0650000e+03
  -2.9317194e-03   1.0800000e+03
  -2.9199307e-03   1.0950000e+03
  -2.9075299e-03   1.1100000e+03
  -2.8940348e-03   1.1250000e+03
  -2.8789621e-03   1.1400000e+03
  -2.8621596e-03   1.1550000e+03
  -2.8440105e-03   1.1700000e+03
  -2.8252802e-03   1.1850000e+03
  -2.8065892e-03   1.2000000e+03
  -2.7878350e-03   1.2150000e+03
  -2.7680302e-03   1.2300000e+03
  -2.7456977e-03   1.2450000e+03
  -2.7193804e-03   1.2600000e+03
  -2.6878440e-03   1.2750000e+03
  -2.6502069e-03   1.2900000e+03
  -2.6061789e-03   1.3050000e+03
  -2.5561408e-03   1.3200000e+03
  -2.5007096e-03   1.3350000e+03
  -2.4400894e-03   1.3500000e+03
  -2.3737478e-03   1.3650000e+03
  -2.3005889e-03   1.3800000e+03
  -2.2192579e-03   1.3950000e+03
  -2.1282309e-03   1.4100000e+03
  -2.0257041e-03   1.4250000e+03
  -1.9095519e-03   1.4400000e+03
  -1.7776422e-03   1.4550000e+03
  -1.6281384e-03   1.4700000e+03
  -1.4592295e-03   1.4850000e+03
  -1.2684228e-03   1.5000000e+03
  -1.0522038e-03   1.5150000e+03
  -8.0660830e-04   1.5300000e+03
  -5.2827247e-04   1.5450000e+03
  -2.1518827e-04   1.5600000e+03
   1.3327271e-04   1.5750000e+03
   5.1699899e-04   1.5900000e+03
   9.3613780e-04   1.6050000e+03
   1.3921299e-03   1.6200000e+03
   1.8887245e-03   1.6350000e+03
   2.4330537e-03   1.6500000e+03
   3.0366227e-03   1.6650000e+03
   3.7158367e-03   1.6800000e+03
   4.4916160e-03   1.6950000e+03
   5.3877505e-03   1.7100000e+03
   6.4280303e-03   1.7250000e+03
   7.6330351e-03   1.7400000e+03
   9.0184296e-03   1.7550000e+03
   1.0596279e-02   1.7700000e+03
   1.2378838e-02   1.7850000e+03
   1.4382018e-02   1.8000000e+03
   1.6625971e-02   1.8150000e+03
   1.9133048e-02   1.8300000e+03
   2.1925997e-02   1.8450000e+03
   2.5028797e-02   1.8600000e+03
   2.8469367e-02   1.8750000e+03
   3.2280460e-02   1.8900000e+03
   3.6494926e-02   1.9050000e+03
   4.1134570e-02   1.9200000e+03
   4.6196498e-02   1.9350000e+03
   5.1643562e-02   1.9500000e+03
   5.7403795e-02   1.9650000e+03
   6.3378319e-02   1.9800000e+03
   6.9452964e-02   1.9950000e+03
   7.5509205e-02   2.0100000e+03
   8.1433795e-02   2.0250000e+03
   8.7127469e-02   2.0400000e+03
   9.2510350e-02   2.0550000e+03
   9.7519629e-02   2.0700000e+03
   1.0209928e-01   2.0850000e+03
   1.0619023e-01   2.1000000e+03
   1.0973163e-01   2.1150000e+03
   1.1267600e-01   2.1300000e+03
   1.1500659e-01   2.1450000e+03
   1.1674121e-01   2.1600000e+03
   1.1791637e-01   2.1750000e+03
   1.1856282e-01   2.1900000e+03
   1.1869199e-01   2.2050000e+03
   1.1830378e-01   2.2200000e+03
   1.1740736e-01   2.2350000e+03
   1.1603458e-01   2.2500000e+03
   1.1423206e-01   2.2650000e+03
   1.1203810e-01   2.2800000e+03
   1.0946517e-01   2.2950000e+03
   1.0650419e-01   2.3100000e+03
   1.0314534e-01   2.3250000e+03
   9.9395111e-02   2.3400000e+03
   9.5274150e-02   2.3550000e+03
   9.0802871e-02   2.3700000e+03
   8.5995547e-02   2.3850000e+03
   8.0874257e-02   2.4000000e+03
   7.5492881e-02   2.4150000e+03
   6.9952086e-02   2.4300000e+03
   6.4396203e-02   2.4450000e+03
   5.8996335e-02   2.4600000e+03
   5.3925894e-02   2.4750000e+03
   4.9330212e-02   2.4900000e+03
   4.5295238e-02   2.5050000e+03
   4.1830566e-02   2.5200000e+03
   3.8881678e-02   2.5350000e+03
   3.6368858e-02   2.5500000e+03
   3.4230676e-02   2.5650000e+03
   3.2446582e-02   2.5800000e+03
   3.1026490e-02   2.5950000e+03
   2.9972399e-02   2.6100000e+03
   2.9231461e-02   2.6250000e+03
   2.8671408e-02   2.6400000e+03
   2.8107584e-02   2.6550000e+03
   2.7381273e-02   2.6700000e+03
   2.6442027e-02   2.6850000e+03
   2.5367059e-02   2.7000000e+03
   2.4294123e-02   2.7150000e+03
   2.3321951e-02   2.7300000e+03
   2.2466922e-02   2.7450000e+03
   2.1711819e-02   2.7600000e+03
   2.1089565e-02   2.7750000e+03
   2.0706054e-02   2.7900000e+03
   2.0664390e-02   2.8050000e+03
   2.0953240e-02   2.8200000e+03
   2.1406846e-02   2.8350000e+03
   2.1787044e-02   2.8500000e+03
   2.1927660e-02   2.8650000e+03
   2.1820717e-02   2.8800000e+03
   2.1573454e-02   2.8950000e+03
   2.1282353e-02   2.9100000e+03
   2.0942798e-02   2.9250000e+03
   2.0470111e-02   2.9400000e+03
   1.9795040e-02   2.9550000e+03
   1.8930748e-02   2.9700000e+03
   1.7950950e-02   2.9850000e+03
   1.6915239e-02   3.0000000e+03
   1.5822450e-02   3.0150000e+03
   1.4627774e-02   3.0300000e+03
   1.3288376e-02   3.0450000e+03
   1.1787524e-02   3.0600000e+03
   1.0131103e-02   3.0750000e+03
   8.3426498e-03   3.0900000e+03
   6.4637568e-03   3.1050000e+03
   4.5372914e-03   3.1200000e+03
   2.5679811e-03   3.1350000e+03
   4.9898628e-04   3.1500000e+03
  -1.7570251e-03   3.1650000e+03
  -4.2531914e-03   3.1800000e+03
  -6.9762426e-03   3.1950000e+03
  -9.8785218e-03   3.2100000e+03
  -1.2929127e-02   3.2250000e+03
  -1.6117357e-02   3.2400000e+03
  -1.9406779e-02   3.2550000e+03
  -2.2709355e-02   3.2700000e+03
  -2.5932357e-02   3.2850000e+03
  -2.9059660e-02   3.3000000e+03
  -3.2173466e-02   3.3150000e+03
  -3.5376307e-02   3.3300000e+03
  -3.8681570e-02   3.3450000e+03
  -4.1981086e-02   3.3600000e+03
  -4.5122232e-02   3.3750000e+03
  -4.8017677e-02   3.3900000e+03
  -5.0684858e-02   3.4050000e+03
  -5.3191580e-02   3.4200000e+03
  -5.5577271e-02   3.4350000e+03
  -5.7831250e-02   3.4500000e+03
  -5.9938632e-02   3.4650000e+03
  -6.1933309e-02   3.4800000e+03
  -6.3894898e-02   3.4950000e+03
  -6.5885782e-02   3.5100000e+03
  -6.7884713e-02   3.5250000e+03
  -6.9781743e-02   3.5400000e+03
  -7.1448945e-02   3.5550000e+03
  -7.2831817e-02   3.5700000e+03
  -7.3977724e-02   3.5850000e+03
  -7.4968711e-02   3.6000000e+03
  -7.5820640e-02   3.6150000e+03
  -7.6454006e-02   3.6300000e+03
  -7.6771870e-02   3.6450000e+03
  -7.6761067e-02   3.6600000e+03
  -7.6502457e-02   3.6750000e+03
  -7.6079227e-02   3.6900000e+03
  -7.5492159e-02   3.7050000e+03
  -7.4679039e-02   3.7200000e+03
  -7.3605843e-02   3.7350000e+03
  -7.2313853e-02   3.7500000e+03
  -7.0872627e-02   3.7650000e+03
  -6.9313034e-02   3.7800000e+03
  -6.7632444e-02   3.7950000e+03
  -6.5857626e-02   3.8100000e+03
  -6.4068407e-02   3.8250000e+03
  -6.2339149e-02   3.8400000e+03
  -6.0671959e-02   3.8550000e+03
  -5.9013378e-02   3.8700000e+03
  -5.7339009e-02   3.8850000e+03
  -5.5700392e-02   3.9000000e+03
  -5.4178014e-02   3.9150000e+03
  -5.2805521e-02   3.9300000e+03
  -5.1559702e-02   3.9450000e+03
  -5.0413758e-02   3.9600000e+03
  -4.9369071e-02   3.9750000e+03
  -4.8428115e-02   3.9900000e+03
  -4.7569875e-02   4.0050000e+03
  -4.6785172e-02   4.0200000e+03
  -4.6126083e-02   4.0350000e+03
  -4.5682605e-02   4.0500000e+03
  -4.5496628e-02   4.0650000e+03
  -4.5520592e-02   4.0800000e+03
  -4.5675259e-02   4.0950000e+03
  -4.5925498e-02   4.1100000e+03
  -4.6270464e-02   4.1250000e+03
  -4.6668366e-02   4.1400000e+03
  -4.7005974e-02   4.1550000e+03
  -4.7153652e-02   4.1700000e+03
  -4.7028653e-02   4.1850000e+03
  -4.6593361e-02   4.2000000e+03
  -4.5818530e-02   4.2150000e+03
  -4.4681251e-02   4.2300000e+03
  -4.3196689e-02   4.2450000e+03
  -4.1426104e-02   4.2600000e+03
  -3.9445229e-02   4.2750000e+03
  -3.7317213e-02   4.2900000e+03
  -3.5094697e-02   4.3050000e+03
  -3.2819249e-02   4.3200000e+03
  -3.0494014e-02   4.3350000e+03
  -2.8063307e-02   4.3500000e+03
  -2.5441185e-02   4.3650000e+03
  -2.2571167e-02   4.3800000e+03
  -1.9460503e-02   4.3950000e+03
  -1.6168064e-02   4.4100000e+03
  -1.2774474e-02   4.4250000e+03
  -9.3601234e-03   4.4400000e+03
  -5.9868256e-03   4.4550000e+03
  -2.6795110e-03   4.4700000e+03
   5.7387451e-04   4.4850000e+03
   3.7930508e-03   4.5000000e+03
