   9.8913852e-03   0.0000000e+00
   9.8915761e-03   1.5000000e+01
   9.8912548e-03   3.0000000e+01
   9.8893763e-03   4.5000000e+01
   9.8864147e-03   6.0000000e+01
   9.8828543e-03   7.5000000e+01
   9.8790042e-03   9.0000000e+01
   9.8762866e-03   1.0500000e+02
   9.8755863e-03   1.2000000e+02
   9.8753320e-03   1.3500000e+02
   9.8738596e-03   1.5000000e+02
   9.8715676e-03   1.6500000e+02
   9.8690176e-03   1.8000000e+02
   9.8655559e-03   1.9500000e+02
   9.8604988e-03   2.1000000e+02
   9.8535866e-03   2.2500000e+02
   9.8446775e-03   2.4000000e+02
   9.8339068e-03   2.5500000e+02
   9.8213479e-03   2.7000000e+02
   9.8068295e-03   2.8500000e+02
   9.7907446e-03   3.0000000e+02
   9.7742649e-03   3.1500000e+02
   9.7579435e-03   3.3000000e+02
   9.7405501e-03   3.4500000e+02
   9.7206263e-03   3.6000000e+02
   9.6990773e-03   3.7500000e+02
   9.6784681e-03   3.9000000e+02
   9.6592829e-03   4.0500000e+02
   9.6371351e-03   4.2000000e+02
   9.6040843e-03   4.3500000e+02
   9.5538003e-03   4.5000000e+02
   9.4831502e-03   4.6500000e+02
   9.3834344e-03   4.8000000e+02
   9.2277573e-03   4.9500000e+02
   8.9685014e-03   5.1000000e+02
   8.5546384e-03   5.2500000e+02
   7.9705520e-03   5.4000000e+02
   7.2826943e-03   5.5500000e+02
   6.6573266e-03   5.7000000e+02
   6.3038645e-03   5.8500000e+02
   6.3392767e-03   6.0000000e+02
   6.6598468e-03   6.1500000e+02
   6.9596125e-03   6.3000000e+02
   6.9425870e-03   6.4500000e+02
   6.5729804e-03   6.6000000e+02
   6.1050314e-03   6.7500000e+02
   5.8164699e-03   6.9000000e+02
   5.7101385e-03   7.0500000e+02
   5.5346163e-03   7.2000000e+02
   5.1157041e-03   7.3500000e+02
   4.5889434e-03   7.5000000e+02
   4.2320671e-03   7.6500000e+02
   4.1243890e-03   7.8000000e+02
   4.0926021e-03   7.9500000e+02
   3.9835237e-03   8.1000000e+02
   3.8333258e-03   8.2500000e+02
   3.7024738e-03   8.4000000e+02
   3.5167877e-03   8.5500000e+02
   3.2910642e-03   8.7000000e+02
   3.5855880e-03   8.8500000e+02
   5.9308652e-03   9.0000000e+02
   1.3582761e-02   9.1500000e+02
   3.3291068e-02   9.3000000e+02
   7.7888407e-02   9.4500000e+02
   1.6796391e-01   9.6000000e+02
   3.2954425e-01   9.7500000e+02
   5.8379346e-01   9.9000000e+02
   9.2555326e-01   1.0050000e+03
   1.2936141e+00   1.0200000e+03
   1.5487752e+00   1.0350000e+03
   1.4894227e+00   1.0500000e+03
   9.3206310e-01   1.0650000e+03
  -1.5035644e-01   1.0800000e+03
  -1.5024458e+00   1.0950000e+03
  -2.5919619e+00   1.1100000e+03
  -2.8335156e+00   1.1250000e+03
  -1.9688232e+00   1.1400000e+03
  -3.5482314e-01   1.1550000e+03
   1.1339318e+00   1.1700000e+03
   1.6474587e+00   1.1850000e+03
   9.9954993e-01   1.2000000e+03
  -1.5183690e-01   1.2150000e+03
  -8.3433497e-01   1.2300000e+03
  -5.9465039e-01   1.2450000e+03
   1.4452668e-01   1.2600000e+03
   5.7745898e-01   1.2750000e+03
   3.5440814e-01   1.2900000e+03
  -1.3223743e-01   1.3050000e+03
  -2.9580155e-01   1.3200000e+03
  -4.7409121e-02   1.3350000e+03
   1.9590692e-01   1.3500000e+03
   1.1809497e-01   1.3650000e+03
  -1.1868361e-01   1.3800000e+03
  -1.8854609e-01   1.3950000e+03
  -7.9041556e-02   1.4100000e+03
  -2.6353741e-02   1.4250000e+03
  -7.8282334e-02   1.4400000e+03
  -2.6445491e-02   1.4550000e+03
   1.8193990e-01   1.4700000e+03
   2.6962614e-01   1.4850000e+03
   5.1838804e-02   1.5000000e+03
  -2.0815521e-01   1.5150000e+03
  -1.5685725e-01   1.5300000e+03
   8.3440877e-02   1.5450000e+03
   7.4141197e-02   1.5600000e+03
  -2.4033496e-01   1.5750000e+03
  -4.0500182e-01   1.5900000e+03
  -1.5291387e-01   1.6050000e+03
   1.6442761e-01   1.6200000e+03
   1.2597305e-01   1.6350000e+03
  -9.6109919e-02   1.6500000e+03
  -3.2996256e-02   1.6650000e+03
   2.9973304e-01   1.6800000e+03
   4.0338138e-01   1.6950000e+03
   8.0924734e-02   1.7100000e+03
  -2.4827850e-01   1.7250000e+03
  -1.8013687e-01   1.7400000e+03
   1.1060987e-01   1.7550000e+03
   2.0276660e-01   1.7700000e+03
   5.2230570e-02   1.7850000e+03
  -3.9036028e-02   1.8000000e+03
   6.6386044e-02   1.8150000e+03
   1.8518826e-01   1.8300000e+03
   1.4657830e-01   1.8450000e+03
   1.8719116e-02   1.8600000e+03
  -5.0170843e-02   1.8750000e+03
  -3.4451287e-02   1.8900000e+03
  -6.8192324e-04   1.9050000e+03
   8.4298281e-03   1.9200000e+03
  -8.9260405e-03   1.9350000e+03
  -4.1754045e-02   1.9500000e+03
  -6.3286506e-02   1.9650000e+03
  -4.7101814e-02   1.9800000e+03
  -9.7385999e-03   1.9950000e+03
   8.0262907e-03   2.0100000e+03
   8.2879728e-03   2.0250000e+03
   2.5561156e-02   2.0400000e+03
   4.8375756e-02   2.0550000e+03
   3.0969413e-02   2.0700000e+03
  -7.9220748e-03   2.0850000e+03
   2.3339912e-03   2.1000000e+03
   5.0814528e-02   2.1150000e+03
   4.2450733e-02   2.1300000e+03
  -3.5212073e-02   2.1450000e+03
  -7.8818344e-02   2.1600000e+03
  -5.1335532e-02   2.1750000e+03
  -4.3988597e-02   2.1900000e+03
  -9.2208326e-02   2.2050000e+03
  -9.1854490e-02   2.2200000e+03
   1.9408364e-02   2.2350000e+03
   1.4739199e-01   2.2500000e+03
   1.8851268e-01   2.2650000e+03
   1.5614004e-01   2.2800000e+03
   9.4168186e-02   2.2950000e+03
  -3.7551962e-03   2.3100000e+03
  -1.2485315e-01   2.3250000e+03
  -1.9784509e-01   2.3400000e+03
  -1.7657773e-01   2.3550000e+03
  -8.6607829e-02   2.3700000e+03
   2.7691340e-02   2.3850000e+03
   1.2971985e-01   2.4000000e+03
   1.6690829e-01   2.4150000e+03
   9.8923892e-02   2.4300000e+03
  -3.9042741e-02   2.4450000e+03
  -1.5435050e-01   2.4600000e+03
  -1.8492974e-01   2.4750000e+03
  -1.3791436e-01   2.4900000e+03
  -5.5760767e-02   2.5050000e+03
   1.5817601e-02   2.5200000e+03
   3.9591808e-02   2.5350000e+03
   1.0763247e-02   2.5500000e+03
  -2.9452203e-02   2.5650000e+03
  -3.1247195e-02   2.5800000e+03
   1.0834749e-02   2.5950000e+03
   5.4193668e-02   2.6100000e+03
   5.3853840e-02   2.6250000e+03
   6.6783410e-03   2.6400000e+03
  -4.6562973e-02   2.6550000e+03
  -6.3095979e-02   2.6700000e+03
  -4.0374596e-02   2.6850000e+03
  -9.2549548e-03   2.7000000e+03
   7.8067579e-03   2.7150000e+03
   1.4814419e-02   2.7300000e+03
   2.3758672e-02   2.7450000e+03
   3.6799554e-02   2.7600000e+03
   4.5672007e-02   2.7750000e+03
   3.8403917e-02   2.7900000e+03
   1.1601080e-02   2.8050000e+03
  -1.8565694e-02   2.8200000e+03
  -2.7285164e-02   2.8350000e+03
  -9.1234567e-03   2.8500000e+03
   1.3828188e-02   2.8650000e+03
   1.8114690e-02   2.8800000e+03
   5.2047838e-03   2.8950000e+03
  -6.0137422e-03   2.9100000e+03
  -5.4800110e-03   2.9250000e+03
   6.5794971e-04   2.9400000e+03
   5.1752981e-03   2.9550000e+03
   1.0274498e-02   2.9700000e+03
   2.1334497e-02   2.9850000e+03
   3.6220949e-02   3.0000000e+03
   4.3249458e-02   3.0150000e+03
   3.1199839e-02   3.0300000e+03
   2.9631602e-03   3.0450000e+03
  -2.4780063e-02   3.0600000e+03
  -3.8641330e-02   3.0750000e+03
  -3.9612118e-02   3.0900000e+03
  -3.4457941e-02   3.1050000e+03
  -2.5492759e-02   3.1200000e+03
  -1.4760461e-02   3.1350000e+03
  -9.0051675e-03   3.1500000e+03
  -1.1742043e-02   3.1650000e+03
  -1.6406799e-02   3.1800000e+03
  -1.5035739e-02   3.1950000e+03
  -8.8068461e-03   3.2100000e+03
  -3.4879507e-03   3.2250000e+03
   2.1155174e-04   3.2400000e+03
   4.7130371e-03   3.2550000e+03
   8.1940470e-03   3.2700000e+03
   6.0821469e-03   3.2850000e+03
  -1.6953972e-03   3.3000000e+03
  -9.3339318e-03   3.3150000e+03
  -1.0433676e-02   3.3300000e+03
  -3.2226569e-03   3.3450000e+03
   8.0999220e-03   3.3600000e+03
   1.6636267e-02   3.3750000e+03
   1.8253811e-02   3.3900000e+03
   1.3207697e-02   3.4050000e+03
   2.7237278e-03   3.4200000e+03
  -1.2262735e-02   3.4350000e+03
  -2.7650418e-02   3.4500000e+03
  -3.6189094e-02   3.4650000e+03
  -3.4301635e-02   3.4800000e+03
  -2.5941510e-02   3.4950000e+03
  -1.7345009e-02   3.5100000e+03
  -1.0990269e-02   3.5250000e+03
  -6.6094571e-03   3.5400000e+03
  -4.5260745e-03   3.5550000e+03
  -4.9903677e-03   3.5700000e+03
  -6.3168867e-03   3.5850000e+03
  -6.1741793e-03   3.6000000e+03
  -3.7973397e-03   3.6150000e+03
   1.1629154e-04   3.6300000e+03
   4.3059015e-03   3.6450000e+03
   6.7737033e-03   3.6600000e+03
   5.2294256e-03   3.6750000e+03
  -8.0497027e-04   3.6900000e+03
  -8.9499000e-03   3.7050000e+03
  -1.5969006e-02   3.7200000e+03
  -2.0217398e-02   3.7350000e+03
  -2.1390393e-02   3.7500000e+03
  -1.8968165e-02   3.7650000e+03
  -1.2612300e-02   3.7800000e+03
  -3.8359980e-03   3.7950000e+03
   4.4469582e-03   3.8100000e+03
   1.0513449e-02   3.8250000e+03
   1.4930194e-02   3.8400000e+03
   1.8801088e-02   3.8550000e+03
   2.1935686e-02   3.8700000e+03
   2.3096023e-02   3.8850000e+03
   2.1184010e-02   3.9000000e+03
   1.5930835e-02   3.9150000e+03
   8.4269885e-03   3.9300000e+03
   1.4950288e-03   3.9450000e+03
  -1.4691205e-03   3.9600000e+03
   7.5907499e-04   3.9750000e+03
   5.6138383e-03   3.9900000e+03
   8.5785361e-03   4.0050000e+03
   6.9305217e-03   4.0200000e+03
   1.3517559e-03   4.0350000e+03
  -6.1616027e-03   4.0500000e+03
  -1.5058013e-02   4.0650000e+03
  -2.5985485e-02   4.0800000e+03
  -3.8298953e-02   4.0950000e+03
  -4.9295586e-02   4.1100000e+03
  -5.6305233e-02   4.1250000e+03
  -5.8427248e-02   4.1400000e+03
  -5.5915389e-02   4.1550000e+03
  -4.9382705e-02   4.1700000e+03
  -4.0305223e-02   4.1850000e+03
  -3.0363152e-02   4.2000000e+03
  -1.8693078e-02   4.2150000e+03
  -1.6714698e-03   4.2300000e+03
   2.1883523e-02   4.2450000e+03
   4.6263985e-02   4.2600000e+03
   6.2766969e-02   4.2750000e+03
   6.8182409e-02   4.2900000e+03
   6.6578873e-02   4.3050000e+03
   6.2280696e-02   4.3200000e+03
   5.4688424e-02   4.3350000e+03
   4.2137209e-02   4.3500000e+03
   2.7671335e-02   4.3650000e+03
   1.6925225e-02   4.3800000e+03
   1.1129803e-02   4.3950000e+03
   6.0644234e-03   4.4100000e+03
  -1.4262212e-03   4.4250000e+03
  -9.0779709e-03   4.4400000e+03
  -1.2976280e-02   4.4550000e+03
  -1.3251532e-02   4.4700000e+03
  -1.3481652e-02   4.4850000e+03
  -1.5464389e-02   4.5000000e+03
