  -9.3409396e-04   0.0000000e+00
  -9.3409634e-04   1.5000000e+01
  -9.3411154e-04   3.0000000e+01
  -9.3415281e-04   4.5000000e+01
  -9.3421538e-04   6.0000000e+01
  -9.3427225e-04   7.5000000e+01
  -9.3429454e-04   9.0000000e+01
  -9.3430001e-04   1.0500000e+02
  -9.3434489e-04   1.2000000e+02
  -9.3447178e-04   1.3500000e+02
  -9.3463797e-04   1.5000000e+02
  -9.3463477e-04   1.6500000e+02
  -9.3381957e-04   1.8000000e+02
  -9.2998263e-04   1.9500000e+02
  -9.1658550e-04   2.1000000e+02
  -8.7983062e-04   2.2500000e+02
  -8.0168009e-04   2.4000000e+02
  -6.7591708e-04   2.5500000e+02
  -5.3088670e-04   2.7000000e+02
  -4.3014926e-04   2.8500000e+02
  -4.2685604e-04   3.0000000e+02
  -5.0258840e-04   3.1500000e+02
  -5.6966010e-04   3.3000000e+02
  -5.6108285e-04   3.4500000e+02
  -5.0753576e-04   3.6000000e+02
  -4.9068296e-04   3.7500000e+02
  -5.2884436e-04   3.9000000e+02
  -5.6009961e-04   4.0500000e+02
  -5.4407457e-04   4.2000000e+02
  -5.1843509e-04   4.3500000e+02
  -5.2713096e-04   4.5000000e+02
  -5.5064476e-04   4.6500000e+02
  -5.5062020e-04   4.8000000e+02
  -5.3681753e-04   4.9500000e+02
  -5.4043165e-04   5.1000000e+02
  -5.5645034e-04   5.2500000e+02
  -5.5987085e-04   5.4000000e+02
  -5.5280334e-04   5.5500000e+02
  -5.5454846e-04   5.7000000e+02
  -5.6422816e-04   5.8500000e+02
  -5.6699273e-04   6.0000000e+02
  -5.6360703e-04   6.1500000e+02
  -5.6594569e-04   6.3000000e+02
  -5.7319785e-04   6.4500000e+02
  -5.7584932e-04   6.6000000e+02
  -5.7435862e-04   6.7500000e+02
  -5.7426794e-04   6.9000000e+02
  -5.7142106e-04   7.0500000e+02
  -5.5706286e-04   7.2000000e+02
  -5.2896957e-04   7.3500000e+02
  -4.8826024e-04   7.5000000e+02
  -4.3582596e-04   7.6500000e+02
  -3.8089475e-04   7.8000000e+02
  -3.4515953e-04   7.9500000e+02
  -3.4963124e-04   8.1000000e+02
  -3.9717925e-04   8.2500000e+02
  -4.6658123e-04   8.4000000e+02
  -5.2120525e-04   8.5500000e+02
  -5.3116848e-04   8.7000000e+02
  -4.9917045e-04   8.8500000e+02
  -4.6358956e-04   9.0000000e+02
  -4.6430723e-04   9.1500000e+02
  -5.0148164e-04   9.3000000e+02
  -5.3590938e-04   9.4500000e+02
  -5.3488539e-04   9.6000000e+02
  -5.1001232e-04   9.7500000e+02
  -5.0000328e-04   9.9000000e+02
  -5.2031566e-04   1.0050000e+03
  -5.4546143e-04   1.0200000e+03
  -5.4684543e-04   1.0350000e+03
  -5.3208286e-04   1.0500000e+03
  -5.2982551e-04   1.0650000e+03
  -5.4532732e-04   1.0800000e+03
  -5.5561686e-04   1.0950000e+03
  -5.4907548e-04   1.1100000e+03
  -5.4339197e-04   1.1250000e+03
  -5.5422686e-04   1.1400000e+03
  -5.6961738e-04   1.1550000e+03
  -5.7225541e-04   1.1700000e+03
  -5.6850939e-04   1.1850000e+03
  -5.7516957e-04   1.2000000e+03
  -5.9100660e-04   1.2150000e+03
  -6.0283102e-04   1.2300000e+03
  -6.1011489e-04   1.2450000e+03
  -6.2238442e-04   1.2600000e+03
  -6.3843589e-04   1.2750000e+03
  -6.4772455e-04   1.2900000e+03
  -6.4892264e-04   1.3050000e+03
  -6.5050332e-04   1.3200000e+03
  -6.5554376e-04   1.3350000e+03
  -6.6024711e-04   1.3500000e+03
  -6.6475442e-04   1.3650000e+03
  -6.7278260e-04   1.3800000e+03
  -6.8300078e-04   1.3950000e+03
  -6.9128518e-04   1.4100000e+03
  -6.9885864e-04   1.4250000e+03
  -7.0934376e-04   1.4400000e+03
  -7.2085304e-04   1.4550000e+03
  -7.2868244e-04   1.4700000e+03
  -7.3267310e-04   1.4850000e+03
  -7.3586643e-04   1.5000000e+03
  -7.3938107e-04   1.5150000e+03
  -7.4341858e-04   1.5300000e+03
  -7.4948696e-04   1.5450000e+03
  -7.5774716e-04   1.5600000e+03
  -7.6568965e-04   1.5750000e+03
  -7.7189150e-04   1.5900000e+03
  -7.7784754e-04   1.6050000e+03
  -7.8507676e-04   1.6200000e+03
  -7.9356279e-04   1.6350000e+03
  -8.0322271e-04   1.6500000e+03
  -8.1410352e-04   1.6650000e+03
  -8.2537555e-04   1.6800000e+03
  -8.3628402e-04   1.6950000e+03
  -8.4754609e-04   1.7100000e+03
  -8.6021126e-04   1.7250000e+03
  -8.7366754e-04   1.7400000e+03
  -8.8576670e-04   1.7550000e+03
  -8.9452352e-04   1.7700000e+03
  -8.9956290e-04   1.7850000e+03
  -9.0250804e-04   1.8000000e+03
  -9.0573961e-04   1.8150000e+03
  -9.1018801e-04   1.8300000e+03
  -9.1505301e-04   1.8450000e+03
  -9.2012488e-04   1.8600000e+03
  -9.2687958e-04   1.8750000e+03
  -9.3629881e-04   1.8900000e+03
  -9.4705046e-04   1.9050000e+03
  -9.5694256e-04   1.9200000e+03
  -9.6511911e-04   1.9350000e+03
  -9.7200298e-04   1.9500000e+03
  -9.7805401e-04   1.9650000e+03
  -9.8371156e-04   1.9800000e+03
  -9.9003990e-04   1.9950000e+03
  -9.9812017e-04   2.0100000e+03
  -1.0074967e-03   2.0250000e+03
  -1.0161328e-03   2.0400000e+03
  -1.0226477e-03   2.0550000e+03
  -1.0281347e-03   2.0700000e+03
  -1.0350217e-03   2.0850000e+03
  -1.0442806e-03   2.1000000e+03
  -1.0544666e-03   2.1150000e+03
  -1.0636251e-03   2.1300000e+03
  -1.0715880e-03   2.1450000e+03
  -1.0800491e-03   2.1600000e+03
  -1.0905865e-03   2.1750000e+03
  -1.1028959e-03   2.1900000e+03
  -1.1150673e-03   2.2050000e+03
  -1.1254951e-03   2.2200000e+03
  -1.1342132e-03   2.2350000e+03
  -1.1423024e-03   2.2500000e+03
  -1.1504450e-03   2.2650000e+03
  -1.1585193e-03   2.2800000e+03
  -1.1663487e-03   2.2950000e+03
  -1.1741290e-03   2.3100000e+03
  -1.1819548e-03   2.3250000e+03
  -1.1894415e-03   2.3400000e+03
  -1.1961663e-03   2.3550000e+03
  -1.2023036e-03   2.3700000e+03
  -1.2086023e-03   2.3850000e+03
  -1.2156772e-03   2.4000000e+03
  -1.2233235e-03   2.4150000e+03
  -1.2305774e-03   2.4300000e+03
  -1.2366199e-03   2.4450000e+03
  -1.2416088e-03   2.4600000e+03
  -1.2464885e-03   2.4750000e+03
  -1.2519764e-03   2.4900000e+03
  -1.2579776e-03   2.5050000e+03
  -1.2640770e-03   2.5200000e+03
  -1.2702802e-03   2.5350000e+03
  -1.2770208e-03   2.5500000e+03
  -1.2846763e-03   2.5650000e+03
  -1.2933025e-03   2.5800000e+03
  -1.3026779e-03   2.5950000e+03
  -1.3123642e-03   2.6100000e+03
  -1.3218723e-03   2.6250000e+03
  -1.3309922e-03   2.6400000e+03
  -1.3399196e-03   2.6550000e+03
  -1.3488884e-03   2.6700000e+03
  -1.3577271e-03   2.6850000e+03
  -1.3659353e-03   2.7000000e+03
  -1.3731481e-03   2.7150000e+03
  -1.3794170e-03   2.7300000e+03
  -1.3850227e-03   2.7450000e+03
  -1.3901300e-03   2.7600000e+03
  -1.3946632e-03   2.7750000e+03
  -1.3984073e-03   2.7900000e+03
  -1.4012341e-03   2.8050000e+03
  -1.4032098e-03   2.8200000e+03
  -1.4045150e-03   2.8350000e+03
  -1.4052960e-03   2.8500000e+03
  -1.4055310e-03   2.8650000e+03
  -1.4050433e-03   2.8800000e+03
  -1.4035964e-03   2.8950000e+03
  -1.4009529e-03   2.9100000e+03
  -1.3969196e-03   2.9250000e+03
  -1.3912189e-03   2.9400000e+03
  -1.3833090e-03   2.9550000e+03
  -1.3723756e-03   2.9700000e+03
  -1.3576015e-03   2.9850000e+03
  -1.3385343e-03   3.0000000e+03
  -1.3150861e-03   3.0150000e+03
  -1.2872461e-03   3.0300000e+03
  -1.2548551e-03   3.0450000e+03
  -1.2176160e-03   3.0600000e+03
  -1.1752027e-03   3.0750000e+03
  -1.1272364e-03   3.0900000e+03
  -1.0731847e-03   3.1050000e+03
  -1.0123757e-03   3.1200000e+03
  -9.4411790e-04   3.1350000e+03
  -8.6775963e-04   3.1500000e+03
  -7.8257010e-04   3.1650000e+03
  -6.8756135e-04   3.1800000e+03
  -5.8142375e-04   3.1950000e+03
  -4.6260093e-04   3.2100000e+03
  -3.2942434e-04   3.2250000e+03
  -1.8019455e-04   3.2400000e+03
  -1.3083627e-05   3.2550000e+03
   1.7411321e-04   3.2700000e+03
   3.8427633e-04   3.2850000e+03
   6.2105630e-04   3.3000000e+03
   8.8869792e-04   3.3150000e+03
   1.1918871e-03   3.3300000e+03
   1.5358424e-03   3.3450000e+03
   1.9265785e-03   3.3600000e+03
   2.3710991e-03   3.3750000e+03
   2.8774061e-03   3.3900000e+03
   3.4543888e-03   3.4050000e+03
   4.1118176e-03   3.4200000e+03
   4.8604975e-03   3.4350000e+03
   5.7124617e-03   3.4500000e+03
   6.6809603e-03   3.4650000e+03
   7.7801188e-03   3.4800000e+03
   9.0242894e-03   3.4950000e+03
   1.0427419e-02   3.5100000e+03
   1.2002502e-02   3.5250000e+03
   1.3761049e-02   3.5400000e+03
   1.5712494e-02   3.5550000e+03
   1.7863531e-02   3.5700000e+03
   2.0217709e-02   3.5850000e+03
   2.2775352e-02   3.6000000e+03
   2.5533609e-02   3.6150000e+03
   2.8486440e-02   3.6300000e+03
   3.1624507e-02   3.6450000e+03
   3.4935050e-02   3.6600000e+03
   3.8401812e-02   3.6750000e+03
   4.2004857e-02   3.6900000e+03
   4.5719974e-02   3.7050000e+03
   4.9517769e-02   3.7200000e+03
   5.3362828e-02   3.7350000e+03
   5.7213761e-02   3.7500000e+03
   6.1024748e-02   3.7650000e+03
   6.4748526e-02   3.7800000e+03
   6.8340197e-02   3.7950000e+03
   7.1760714e-02   3.8100000e+03
   7.4978903e-02   3.8250000e+03
   7.7971354e-02   3.8400000e+03
   8.0720142e-02   3.8550000e+03
   8.3208881e-02   3.8700000e+03
   8.5418336e-02   3.8850000e+03
   8.7322757e-02   3.9000000e+03
   8.8888161e-02   3.9150000e+03
   9.0073414e-02   3.9300000e+03
   9.0834320e-02   3.9450000e+03
   9.1130473e-02   3.9600000e+03
   9.0933830e-02   3.9750000e+03
   9.0237103e-02   3.9900000e+03
   8.9059927e-02   4.0050000e+03
   8.7450370e-02   4.0200000e+03
   8.5480697e-02   4.0350000e+03
   8.3236665e-02   4.0500000e+03
   8.0801390e-02   4.0650000e+03
   7.8235999e-02   4.0800000e+03
   7.5561859e-02   4.0950000e+03
   7.2751276e-02   4.1100000e+03
   6.9733657e-02   4.1250000e+03
   6.6420130e-02   4.1400000e+03
   6.2741838e-02   4.1550000e+03
   5.8688678e-02   4.1700000e+03
   5.4331664e-02   4.1850000e+03
   4.9816318e-02   4.2000000e+03
   4.5326062e-02   4.2150000e+03
   4.1028369e-02   4.2300000e+03
   3.7025098e-02   4.2450000e+03
   3.3327889e-02   4.2600000e+03
   2.9869160e-02   4.2750000e+03
   2.6543451e-02   4.2900000e+03
   2.3259588e-02   4.3050000e+03
   1.9978307e-02   4.3200000e+03
   1.6717046e-02   4.3350000e+03
   1.3521379e-02   4.3500000e+03
   1.0422333e-02   4.3650000e+03
   7.4079558e-03   4.3800000e+03
   4.4290568e-03   4.3950000e+03
   1.4365533e-03   4.4100000e+03
  -1.5747681e-03   4.4250000e+03
  -4.5483923e-03   4.4400000e+03
  -7.3912730e-03   4.4550000e+03
  -1.0029813e-02   4.4700000e+03
  -1.2459968e-02   4.4850000e+03
  -1.4754002e-02   4.5000000e+03
