   7.6183882e-03   0.0000000e+00
   7.6164734e-03   1.5000000e+01
   7.6106214e-03   3.0000000e+01
   7.6012402e-03   4.5000000e+01
   7.5892331e-03   6.0000000e+01
   7.5753364e-03   7.5000000e+01
   7.5599514e-03   9.0000000e+01
   7.5432803e-03   1.0500000e+02
   7.5251316e-03   1.2000000e+02
   7.5049060e-03   1.3500000e+02
   7.4822032e-03   1.5000000e+02
   7.4573173e-03   1.6500000e+02
   7.4307928e-03   1.8000000e+02
   7.4028121e-03   1.9500000e+02
   7.3729847e-03   2.1000000e+02
   7.3400359e-03   2.2500000e+02
   7.3020561e-03   2.4000000e+02
   7.2575179e-03   2.5500000e+02
   7.2058146e-03   2.7000000e+02
   7.1475729e-03   2.8500000e+02
   7.0851129e-03   3.0000000e+02
   7.0214760e-03   3.1500000e+02
   6.9579105e-03   3.3000000e+02
   6.8927282e-03   3.4500000e+02
   6.8229712e-03   3.6000000e+02
   6.7468365e-03   3.7500000e+02
   6.6643185e-03   3.9000000e+02
   6.5757316e-03   4.0500000e+02
   6.4798761e-03   4.2000000e+02
   6.3741584e-03   4.3500000e+02
   6.2556961e-03   4.5000000e+02
   6.1182845e-03   4.6500000e+02
   5.9443931e-03   4.8000000e+02
   5.6988900e-03   4.9500000e+02
   5.3311749e-03   5.1000000e+02
   4.7913240e-03   5.2500000e+02
   4.0662503e-03   5.4000000e+02
   3.2275342e-03   5.5500000e+02
   2.4522981e-03   5.7000000e+02
   1.9646862e-03   5.8500000e+02
   1.8905393e-03   6.0000000e+02
   2.1180613e-03   6.1500000e+02
   2.3152640e-03   6.3000000e+02
   2.1555040e-03   6.4500000e+02
   1.5847107e-03   6.6000000e+02
   8.5455598e-04   6.7500000e+02
   2.3924718e-04   6.9000000e+02
  -2.8217240e-04   7.0500000e+02
  -9.9563668e-04   7.2000000e+02
  -2.0750572e-03   7.3500000e+02
  -3.3103386e-03   7.5000000e+02
  -4.2915768e-03   7.6500000e+02
  -4.8172474e-03   7.8000000e+02
  -5.0114230e-03   7.9500000e+02
  -5.0670938e-03   8.1000000e+02
  -5.0505898e-03   8.2500000e+02
  -5.0268238e-03   8.4000000e+02
  -5.1937131e-03   8.5500000e+02
  -5.6949113e-03   8.7000000e+02
  -6.3670119e-03   8.8500000e+02
  -6.8743769e-03   9.0000000e+02
  -7.0966948e-03   9.1500000e+02
  -7.2149108e-03   9.3000000e+02
  -7.4133454e-03   9.4500000e+02
  -7.6850750e-03   9.6000000e+02
  -7.9454863e-03   9.7500000e+02
  -8.1006279e-03   9.9000000e+02
  -7.8925639e-03   1.0050000e+03
  -6.8232268e-03   1.0200000e+03
  -4.2559793e-03   1.0350000e+03
   6.9608854e-04   1.0500000e+03
   9.6851122e-03   1.0650000e+03
   2.5706515e-02   1.0800000e+03
   5.3499810e-02   1.0950000e+03
   9.9944644e-02   1.1100000e+03
   1.7439395e-01   1.1250000e+03
   2.8813782e-01   1.1400000e+03
   4.5177498e-01   1.1550000e+03
   6.6952521e-01   1.1700000e+03
   9.3053979e-01   1.1850000e+03
   1.1994828e+00   1.2000000e+03
   1.4119198e+00   1.2150000e+03
   1.4823964e+00   1.2300000e+03
   1.3309461e+00   1.2450000e+03
   9.2446214e-01   1.2600000e+03
   3.1490096e-01   1.2750000e+03
  -3.5399291e-01   1.2900000e+03
  -8.9272404e-01   1.3050000e+03
  -1.1560016e+00   1.3200000e+03
  -1.1284517e+00   1.3350000e+03
  -9.4177741e-01   1.3500000e+03
  -7.9323828e-01   1.3650000e+03
  -8.0906641e-01   1.3800000e+03
  -9.5343608e-01   1.3950000e+03
  -1.0630723e+00   1.4100000e+03
  -9.8843473e-01   1.4250000e+03
  -7.2455639e-01   1.4400000e+03
  -4.1523296e-01   1.4550000e+03
  -2.2626239e-01   1.4700000e+03
  -2.0525622e-01   1.4850000e+03
  -2.5522569e-01   1.5000000e+03
  -2.3561114e-01   1.5150000e+03
  -8.5604325e-02   1.5300000e+03
   1.4051385e-01   1.5450000e+03
   3.3715636e-01   1.5600000e+03
   4.3341455e-01   1.5750000e+03
   4.2862538e-01   1.5900000e+03
   3.6925411e-01   1.6050000e+03
   3.0343616e-01   1.6200000e+03
   2.4816115e-01   1.6350000e+03
   1.8617925e-01   1.6500000e+03
   9.3676366e-02   1.6650000e+03
  -2.2226943e-02   1.6800000e+03
  -1.1415262e-01   1.6950000e+03
  -1.3094199e-01   1.7100000e+03
  -6.6335417e-02   1.7250000e+03
   3.4382965e-02   1.7400000e+03
   1.1819737e-01   1.7550000e+03
   1.6734236e-01   1.7700000e+03
   1.9465224e-01   1.7850000e+03
   2.0758522e-01   1.8000000e+03
   1.9410117e-01   1.8150000e+03
   1.4696538e-01   1.8300000e+03
   8.7296180e-02   1.8450000e+03
   5.0496303e-02   1.8600000e+03
   5.1047243e-02   1.8750000e+03
   7.0767760e-02   1.8900000e+03
   8.2451373e-02   1.9050000e+03
   7.7024050e-02   1.9200000e+03
   6.4935185e-02   1.9350000e+03
   5.8603160e-02   1.9500000e+03
   6.0190473e-02   1.9650000e+03
   6.3717984e-02   1.9800000e+03
   6.2804736e-02   1.9950000e+03
   5.5200297e-02   2.0100000e+03
   4.2506218e-02   2.0250000e+03
   2.6779614e-02   2.0400000e+03
   7.5488701e-03   2.0550000e+03
  -1.6487638e-02   2.0700000e+03
  -4.2350195e-02   2.0850000e+03
  -6.2180873e-02   2.1000000e+03
  -7.0485801e-02   2.1150000e+03
  -7.0541307e-02   2.1300000e+03
  -7.0729390e-02   2.1450000e+03
  -7.5131021e-02   2.1600000e+03
  -8.0078654e-02   2.1750000e+03
  -7.9565652e-02   2.1900000e+03
  -7.2444186e-02   2.2050000e+03
  -6.4843141e-02   2.2200000e+03
  -6.5750130e-02   2.2350000e+03
  -7.8058057e-02   2.2500000e+03
  -9.3415767e-02   2.2650000e+03
  -9.8434575e-02   2.2800000e+03
  -8.6588323e-02   2.2950000e+03
  -6.1921336e-02   2.3100000e+03
  -3.1828996e-02   2.3250000e+03
  -1.8780374e-04   2.3400000e+03
   3.1134466e-02   2.3550000e+03
   5.6994423e-02   2.3700000e+03
   6.8417817e-02   2.3850000e+03
   5.8442615e-02   2.4000000e+03
   2.8421598e-02   2.4150000e+03
  -1.1544740e-02   2.4300000e+03
  -4.7808647e-02   2.4450000e+03
  -6.8544388e-02   2.4600000e+03
  -6.6075392e-02   2.4750000e+03
  -3.7880231e-02   2.4900000e+03
   1.1767573e-02   2.5050000e+03
   7.0896365e-02   2.5200000e+03
   1.2223209e-01   2.5350000e+03
   1.4899538e-01   2.5500000e+03
   1.4130501e-01   2.5650000e+03
   1.0009725e-01   2.5800000e+03
   3.7133742e-02   2.5950000e+03
  -2.8985567e-02   2.6100000e+03
  -7.9731241e-02   2.6250000e+03
  -1.0358655e-01   2.6400000e+03
  -9.9519141e-02   2.6550000e+03
  -7.5639091e-02   2.6700000e+03
  -4.4622749e-02   2.6850000e+03
  -1.8595420e-02   2.7000000e+03
  -5.4179342e-03   2.7150000e+03
  -7.0116562e-03   2.7300000e+03
  -1.9549798e-02   2.7450000e+03
  -3.5291456e-02   2.7600000e+03
  -4.5760714e-02   2.7750000e+03
  -4.5268245e-02   2.7900000e+03
  -3.3138901e-02   2.8050000e+03
  -1.3437415e-02   2.8200000e+03
   7.6243570e-03   2.8350000e+03
   2.5010221e-02   2.8500000e+03
   3.6865547e-02   2.8650000e+03
   4.4115555e-02   2.8800000e+03
   4.8413411e-02   2.8950000e+03
   5.0426748e-02   2.9100000e+03
   4.9856063e-02   2.9250000e+03
   4.6716034e-02   2.9400000e+03
   4.2202823e-02   2.9550000e+03
   3.8121212e-02   2.9700000e+03
   3.5528917e-02   2.9850000e+03
   3.4081075e-02   3.0000000e+03
   3.2674376e-02   3.0150000e+03
   3.0514909e-02   3.0300000e+03
   2.7423440e-02   3.0450000e+03
   2.3330964e-02   3.0600000e+03
   1.7985523e-02   3.0750000e+03
   1.1496197e-02   3.0900000e+03
   5.0145378e-03   3.1050000e+03
   4.1024742e-04   3.1200000e+03
  -1.0331528e-03   3.1350000e+03
   4.7085510e-04   3.1500000e+03
   3.7596852e-03   3.1650000e+03
   8.0679683e-03   3.1800000e+03
   1.3538741e-02   3.1950000e+03
   2.0346126e-02   3.2100000e+03
   2.7636560e-02   3.2250000e+03
   3.3646345e-02   3.2400000e+03
   3.6765087e-02   3.2550000e+03
   3.6178395e-02   3.2700000e+03
   3.1505786e-02   3.2850000e+03
   2.2315014e-02   3.3000000e+03
   8.4690209e-03   3.3150000e+03
  -9.0415310e-03   3.3300000e+03
  -2.7913436e-02   3.3450000e+03
  -4.5405190e-02   3.3600000e+03
  -5.9549853e-02   3.3750000e+03
  -6.9810361e-02   3.3900000e+03
  -7.6920077e-02   3.4050000e+03
  -8.2148284e-02   3.4200000e+03
  -8.6344406e-02   3.4350000e+03
  -8.9229770e-02   3.4500000e+03
  -8.9460626e-02   3.4650000e+03
  -8.5541375e-02   3.4800000e+03
  -7.6922365e-02   3.4950000e+03
  -6.4418569e-02   3.5100000e+03
  -4.9726062e-02   3.5250000e+03
  -3.4552071e-02   3.5400000e+03
  -1.9964671e-02   3.5550000e+03
  -6.1760563e-03   3.5700000e+03
   7.2983024e-03   3.5850000e+03
   2.1186590e-02   3.6000000e+03
   3.5857305e-02   3.6150000e+03
   5.0848890e-02   3.6300000e+03
   6.4781569e-02   3.6450000e+03
   7.5662673e-02   3.6600000e+03
   8.1426241e-02   3.6750000e+03
   8.0560356e-02   3.6900000e+03
   7.2678141e-02   3.7050000e+03
   5.8783997e-02   3.7200000e+03
   4.0995385e-02   3.7350000e+03
   2.1778850e-02   3.7500000e+03
   3.1253262e-03   3.7650000e+03
  -1.3861647e-02   3.7800000e+03
  -2.8828003e-02   3.7950000e+03
  -4.1742124e-02   3.8100000e+03
  -5.2554328e-02   3.8250000e+03
  -6.1116785e-02   3.8400000e+03
  -6.7262404e-02   3.8550000e+03
  -7.0848383e-02   3.8700000e+03
  -7.1703695e-02   3.8850000e+03
  -6.9595411e-02   3.9000000e+03
  -6.4336643e-02   3.9150000e+03
  -5.5993736e-02   3.9300000e+03
  -4.5013167e-02   3.9450000e+03
  -3.2146785e-02   3.9600000e+03
  -1.8245025e-02   3.9750000e+03
  -4.1020061e-03   3.9900000e+03
   9.5384251e-03   4.0050000e+03
   2.1880843e-02   4.0200000e+03
   3.2043029e-02   4.0350000e+03
   3.9184410e-02   4.0500000e+03
   4.2736690e-02   4.0650000e+03
   4.2576641e-02   4.0800000e+03
   3.9036613e-02   4.0950000e+03
   3.2794911e-02   4.1100000e+03
   2.4762975e-02   4.1250000e+03
   1.6013717e-02   4.1400000e+03
   7.6858490e-03   4.1550000e+03
   8.0974994e-04   4.1700000e+03
  -3.8806875e-03   4.1850000e+03
  -6.0301065e-03   4.2000000e+03
  -5.6180661e-03   4.2150000e+03
  -2.9034205e-03   4.2300000e+03
   1.5434254e-03   4.2450000e+03
   6.7725861e-03   4.2600000e+03
   1.1505038e-02   4.2750000e+03
   1.4381395e-02   4.2900000e+03
   1.4326393e-02   4.3050000e+03
   1.0865307e-02   4.3200000e+03
   4.2771418e-03   4.3350000e+03
  -4.4432674e-03   4.3500000e+03
  -1.3796047e-02   4.3650000e+03
  -2.2118753e-02   4.3800000e+03
  -2.7977474e-02   4.3950000e+03
  -3.0483989e-02   4.4100000e+03
  -2.9432803e-02   4.4250000e+03
  -2.5229400e-02   4.4400000e+03
  -1.8669095e-02   4.4550000e+03
  -1.0675089e-02   4.4700000e+03
  -2.1012477e-03   4.4850000e+03
   6.3408213e-03   4.5000000e+03
