  -1.1198836e-03   0.0000000e+00
  -1.1198861e-03   1.5000000e+01
  -1.1199056e-03   3.0000000e+01
  -1.1199594e-03   4.5000000e+01
  -1.1200417e-03   6.0000000e+01
  -1.1201048e-03   7.5000000e+01
  -1.1201188e-03   9.0000000e+01
  -1.1201072e-03   1.0500000e+02
  -1.1201535e-03   1.2000000e+02
  -1.1203239e-03   1.3500000e+02
  -1.1205528e-03   1.5000000e+02
  -1.1205517e-03   1.6500000e+02
  -1.1195332e-03   1.8000000e+02
  -1.1148826e-03   1.9500000e+02
  -1.0988852e-03   2.1000000e+02
  -1.0552267e-03   2.2500000e+02
  -9.6255582e-04   2.4000000e+02
  -8.1353419e-04   2.5500000e+02
  -6.4179924e-04   2.7000000e+02
  -5.2271405e-04   2.8500000e+02
  -5.1923236e-04   3.0000000e+02
  -6.0943613e-04   3.1500000e+02
  -6.8931683e-04   3.3000000e+02
  -6.7948131e-04   3.4500000e+02
  -6.1635667e-04   3.6000000e+02
  -5.9673312e-04   3.7500000e+02
  -6.4226688e-04   3.9000000e+02
  -6.7954924e-04   4.0500000e+02
  -6.6078489e-04   4.2000000e+02
  -6.3067948e-04   4.3500000e+02
  -6.4130919e-04   4.5000000e+02
  -6.6950609e-04   4.6500000e+02
  -6.6980103e-04   4.8000000e+02
  -6.5376196e-04   4.9500000e+02
  -6.5837783e-04   5.1000000e+02
  -6.7772280e-04   5.2500000e+02
  -6.8215770e-04   5.4000000e+02
  -6.7417050e-04   5.5500000e+02
  -6.7662279e-04   5.7000000e+02
  -6.8844139e-04   5.8500000e+02
  -6.9200830e-04   6.0000000e+02
  -6.8824983e-04   6.1500000e+02
  -6.9129129e-04   6.3000000e+02
  -7.0021418e-04   6.4500000e+02
  -7.0377928e-04   6.6000000e+02
  -7.0257147e-04   6.7500000e+02
  -7.0330652e-04   6.9000000e+02
  -7.0145517e-04   7.0500000e+02
  -6.8730407e-04   7.2000000e+02
  -6.5903767e-04   7.3500000e+02
  -6.1855291e-04   7.5000000e+02
  -5.6658743e-04   7.6500000e+02
  -5.1228498e-04   7.8000000e+02
  -4.7815120e-04   7.9500000e+02
  -4.8578196e-04   8.1000000e+02
  -5.3748098e-04   8.2500000e+02
  -6.1096688e-04   8.4000000e+02
  -6.6878565e-04   8.5500000e+02
  -6.8058464e-04   8.7000000e+02
  -6.4935320e-04   8.8500000e+02
  -6.1478786e-04   9.0000000e+02
  -6.1799667e-04   9.1500000e+02
  -6.5878441e-04   9.3000000e+02
  -6.9634669e-04   9.4500000e+02
  -6.9704477e-04   9.6000000e+02
  -6.7324191e-04   9.7500000e+02
  -6.6507328e-04   9.9000000e+02
  -6.8836560e-04   1.0050000e+03
  -7.1660423e-04   1.0200000e+03
  -7.2009361e-04   1.0350000e+03
  -7.0658413e-04   1.0500000e+03
  -7.0576568e-04   1.0650000e+03
  -7.2330696e-04   1.0800000e+03
  -7.3558395e-04   1.0950000e+03
  -7.3043391e-04   1.1100000e+03
  -7.2596985e-04   1.1250000e+03
  -7.3854998e-04   1.1400000e+03
  -7.5617811e-04   1.1550000e+03
  -7.6114084e-04   1.1700000e+03
  -7.6002034e-04   1.1850000e+03
  -7.7016751e-04   1.2000000e+03
  -7.9031079e-04   1.2150000e+03
  -8.0662320e-04   1.2300000e+03
  -8.1817695e-04   1.2450000e+03
  -8.3461538e-04   1.2600000e+03
  -8.5479533e-04   1.2750000e+03
  -8.6802948e-04   1.2900000e+03
  -8.7305804e-04   1.3050000e+03
  -8.7858405e-04   1.3200000e+03
  -8.8763871e-04   1.3350000e+03
  -8.9615834e-04   1.3500000e+03
  -9.0432534e-04   1.3650000e+03
  -9.1624889e-04   1.3800000e+03
  -9.3082164e-04   1.3950000e+03
  -9.4381568e-04   1.4100000e+03
  -9.5630204e-04   1.4250000e+03
  -9.7184401e-04   1.4400000e+03
  -9.8848913e-04   1.4550000e+03
  -1.0013836e-03   1.4700000e+03
  -1.0102018e-03   1.4850000e+03
  -1.0179392e-03   1.5000000e+03
  -1.0259395e-03   1.5150000e+03
  -1.0348422e-03   1.5300000e+03
  -1.0463926e-03   1.5450000e+03
  -1.0605337e-03   1.5600000e+03
  -1.0744156e-03   1.5750000e+03
  -1.0866433e-03   1.5900000e+03
  -1.0990258e-03   1.6050000e+03
  -1.1131662e-03   1.6200000e+03
  -1.1287685e-03   1.6350000e+03
  -1.1455000e-03   1.6500000e+03
  -1.1634331e-03   1.6650000e+03
  -1.1818139e-03   1.6800000e+03
  -1.1997906e-03   1.6950000e+03
  -1.2179797e-03   1.7100000e+03
  -1.2376452e-03   1.7250000e+03
  -1.2586924e-03   1.7400000e+03
  -1.2793225e-03   1.7550000e+03
  -1.2972776e-03   1.7700000e+03
  -1.3114259e-03   1.7850000e+03
  -1.3228591e-03   1.8000000e+03
  -1.3340864e-03   1.8150000e+03
  -1.3464937e-03   1.8300000e+03
  -1.3594659e-03   1.8450000e+03
  -1.3726152e-03   1.8600000e+03
  -1.3872326e-03   1.8750000e+03
  -1.4043731e-03   1.8900000e+03
  -1.4229369e-03   1.9050000e+03
  -1.4409429e-03   1.9200000e+03
  -1.4576543e-03   1.9350000e+03
  -1.4734706e-03   1.9500000e+03
  -1.4887550e-03   1.9650000e+03
  -1.5039211e-03   1.9800000e+03
  -1.5201595e-03   1.9950000e+03
  -1.5386973e-03   2.0100000e+03
  -1.5591452e-03   2.0250000e+03
  -1.5795690e-03   2.0400000e+03
  -1.5987394e-03   2.0550000e+03
  -1.6177363e-03   2.0700000e+03
  -1.6386902e-03   2.0850000e+03
  -1.6622199e-03   2.1000000e+03
  -1.6867295e-03   2.1150000e+03
  -1.7101818e-03   2.1300000e+03
  -1.7321102e-03   2.1450000e+03
  -1.7538415e-03   2.1600000e+03
  -1.7770532e-03   2.1750000e+03
  -1.8021998e-03   2.1900000e+03
  -1.8282902e-03   2.2050000e+03
  -1.8541180e-03   2.2200000e+03
  -1.8794748e-03   2.2350000e+03
  -1.9048803e-03   2.2500000e+03
  -1.9303925e-03   2.2650000e+03
  -1.9553597e-03   2.2800000e+03
  -1.9794027e-03   2.2950000e+03
  -2.0029435e-03   2.3100000e+03
  -2.0265502e-03   2.3250000e+03
  -2.0502454e-03   2.3400000e+03
  -2.0737771e-03   2.3550000e+03
  -2.0972362e-03   2.3700000e+03
  -2.1210085e-03   2.3850000e+03
  -2.1452755e-03   2.4000000e+03
  -2.1698726e-03   2.4150000e+03
  -2.1947140e-03   2.4300000e+03
  -2.2202365e-03   2.4450000e+03
  -2.2471903e-03   2.4600000e+03
  -2.2757945e-03   2.4750000e+03
  -2.3051521e-03   2.4900000e+03
  -2.3338690e-03   2.5050000e+03
  -2.3615307e-03   2.5200000e+03
  -2.3894419e-03   2.5350000e+03
  -2.4196689e-03   2.5500000e+03
  -2.4533321e-03   2.5650000e+03
  -2.4898939e-03   2.5800000e+03
  -2.5278192e-03   2.5950000e+03
  -2.5658016e-03   2.6100000e+03
  -2.6036147e-03   2.6250000e+03
  -2.6420590e-03   2.6400000e+03
  -2.6819832e-03   2.6550000e+03
  -2.7231446e-03   2.6700000e+03
  -2.7641305e-03   2.6850000e+03
  -2.8035641e-03   2.7000000e+03
  -2.8411800e-03   2.7150000e+03
  -2.8774473e-03   2.7300000e+03
  -2.9121812e-03   2.7450000e+03
  -2.9437980e-03   2.7600000e+03
  -2.9699551e-03   2.7750000e+03
  -2.9886223e-03   2.7900000e+03
  -2.9981281e-03   2.8050000e+03
  -2.9960542e-03   2.8200000e+03
  -2.9782099e-03   2.8350000e+03
  -2.9388354e-03   2.8500000e+03
  -2.8716715e-03   2.8650000e+03
  -2.7704008e-03   2.8800000e+03
  -2.6275723e-03   2.8950000e+03
  -2.4327103e-03   2.9100000e+03
  -2.1708461e-03   2.9250000e+03
  -1.8216551e-03   2.9400000e+03
  -1.3580099e-03   2.9550000e+03
  -7.4301398e-04   2.9700000e+03
   7.4065247e-05   2.9850000e+03
   1.1619432e-03   3.0000000e+03
   2.6110897e-03   3.0150000e+03
   4.5376793e-03   3.0300000e+03
   7.0878491e-03   3.0450000e+03
   1.0440701e-02   3.0600000e+03
   1.4807019e-02   3.0750000e+03
   2.0420464e-02   3.0900000e+03
   2.7518976e-02   3.1050000e+03
   3.6315341e-02   3.1200000e+03
   4.6956934e-02   3.1350000e+03
   5.9477109e-02   3.1500000e+03
   7.3744759e-02   3.1650000e+03
   8.9423813e-02   3.1800000e+03
   1.0595715e-01   3.1950000e+03
   1.2258845e-01   3.2100000e+03
   1.3842808e-01   3.2250000e+03
   1.5255770e-01   3.2400000e+03
   1.6415268e-01   3.2550000e+03
   1.7258823e-01   3.2700000e+03
   1.7749014e-01   3.2850000e+03
   1.7870247e-01   3.3000000e+03
   1.7617382e-01   3.3150000e+03
   1.6980168e-01   3.3300000e+03
   1.5930477e-01   3.3450000e+03
   1.4419931e-01   3.3600000e+03
   1.2392800e-01   3.3750000e+03
   9.8135829e-02   3.3900000e+03
   6.7022830e-02   3.4050000e+03
   3.1657442e-02   3.4200000e+03
  -5.8728205e-03   3.4350000e+03
  -4.2559326e-02   3.4500000e+03
  -7.4835889e-02   3.4650000e+03
  -9.9150687e-02   3.4800000e+03
  -1.1263376e-01   3.4950000e+03
  -1.1372430e-01   3.5100000e+03
  -1.0263014e-01   3.5250000e+03
  -8.1520922e-02   3.5400000e+03
  -5.4393705e-02   3.5550000e+03
  -2.6588235e-02   3.5700000e+03
  -3.9705341e-03   3.5850000e+03
   8.1457710e-03   3.6000000e+03
   6.2021911e-03   3.6150000e+03
  -1.0501474e-02   3.6300000e+03
  -3.9108090e-02   3.6450000e+03
  -7.3239572e-02   3.6600000e+03
  -1.0400853e-01   3.6750000e+03
  -1.2199645e-01   3.6900000e+03
  -1.1982346e-01   3.7050000e+03
  -9.4584301e-02   3.7200000e+03
  -4.9277194e-02   3.7350000e+03
   7.4548372e-03   3.7500000e+03
   6.3418642e-02   3.7650000e+03
   1.0625694e-01   3.7800000e+03
   1.2701546e-01   3.7950000e+03
   1.2261900e-01   3.8100000e+03
   9.6346729e-02   3.8250000e+03
   5.6174353e-02   3.8400000e+03
   1.1723452e-02   3.8550000e+03
  -2.8872864e-02   3.8700000e+03
  -6.0904779e-02   3.8850000e+03
  -8.3174065e-02   3.9000000e+03
  -9.6536614e-02   3.9150000e+03
  -1.0196947e-01   3.9300000e+03
  -9.9400051e-02   3.9450000e+03
  -8.7989993e-02   3.9600000e+03
  -6.7607641e-02   3.9750000e+03
  -4.0416673e-02   3.9900000e+03
  -1.1362427e-02   4.0050000e+03
   1.3020187e-02   4.0200000e+03
   2.6993468e-02   4.0350000e+03
   2.7905731e-02   4.0500000e+03
   1.7078757e-02   4.0650000e+03
  -1.1788078e-03   4.0800000e+03
  -2.1757614e-02   4.0950000e+03
  -4.0759183e-02   4.1100000e+03
  -5.6185979e-02   4.1250000e+03
  -6.7158818e-02   4.1400000e+03
  -7.2570086e-02   4.1550000e+03
  -7.0446983e-02   4.1700000e+03
  -5.8710124e-02   4.1850000e+03
  -3.6903486e-02   4.2000000e+03
  -7.6566441e-03   4.2150000e+03
   2.3289960e-02   4.2300000e+03
   4.8773665e-02   4.2450000e+03
   6.2823102e-02   4.2600000e+03
   6.2891848e-02   4.2750000e+03
   5.0709218e-02   4.2900000e+03
   3.1539377e-02   4.3050000e+03
   1.2343105e-02   4.3200000e+03
  -4.0983895e-04   4.3350000e+03
  -2.6529888e-03   4.3500000e+03
   6.0680881e-03   4.3650000e+03
   2.2417834e-02   4.3800000e+03
   4.0328354e-02   4.3950000e+03
   5.3145990e-02   4.4100000e+03
   5.6165956e-02   4.4250000e+03
   4.8454192e-02   4.4400000e+03
   3.3028949e-02   4.4550000e+03
   1.5289383e-02   4.4700000e+03
   5.7574717e-04   4.4850000e+03
  -7.7773388e-03   4.5000000e+03
