   4.4772546e-03   0.0000000e+00
   4.4764327e-03   1.5000000e+01
   4.4737170e-03   3.0000000e+01
   4.4685984e-03   4.5000000e+01
   4.4608647e-03   6.0000000e+01
   4.4503435e-03   7.5000000e+01
   4.4368813e-03   9.0000000e+01
   4.4207945e-03   1.0500000e+02
   4.4024470e-03   1.2000000e+02
   4.3815351e-03   1.3500000e+02
   4.3575820e-03   1.5000000e+02
   4.3305503e-03   1.6500000e+02
   4.3004444e-03   1.8000000e+02
   4.2670486e-03   1.9500000e+02
   4.2303917e-03   2.1000000e+02
   4.1910312e-03   2.2500000e+02
   4.1497406e-03   2.4000000e+02
   4.1069333e-03   2.5500000e+02
   4.0622950e-03   2.7000000e+02
   4.0148702e-03   2.8500000e+02
   3.9635072e-03   3.0000000e+02
   3.9074370e-03   3.1500000e+02
   3.8465946e-03   3.3000000e+02
   3.7814591e-03   3.4500000e+02
   3.7127782e-03   3.6000000e+02
   3.6411511e-03   3.7500000e+02
   3.5664495e-03   3.9000000e+02
   3.4880191e-03   4.0500000e+02
   3.4054557e-03   4.2000000e+02
   3.3181475e-03   4.3500000e+02
   3.2238162e-03   4.5000000e+02
   3.1170212e-03   4.6500000e+02
   2.9862279e-03   4.8000000e+02
   2.8094575e-03   4.9500000e+02
   2.5536288e-03   5.1000000e+02
   2.1850956e-03   5.2500000e+02
   1.6951105e-03   5.4000000e+02
   1.1317823e-03   5.5500000e+02
   6.1222928e-04   5.7000000e+02
   2.8279368e-04   5.8500000e+02
   2.2543031e-04   6.0000000e+02
   3.6986556e-04   6.1500000e+02
   5.0626689e-04   6.3000000e+02
   4.3193682e-04   6.4500000e+02
   1.2525752e-04   6.6000000e+02
  -2.3311695e-04   6.7500000e+02
  -4.4397046e-04   6.9000000e+02
  -4.9545406e-04   7.0500000e+02
  -5.5325375e-04   7.2000000e+02
  -7.4178632e-04   7.3500000e+02
  -9.9092280e-04   7.5000000e+02
  -1.1449305e-03   7.6500000e+02
  -1.1761866e-03   7.8000000e+02
  -1.2019516e-03   7.9500000e+02
  -1.2949686e-03   8.1000000e+02
  -1.3862504e-03   8.2500000e+02
  -1.4031185e-03   8.4000000e+02
  -1.4013037e-03   8.5500000e+02
  -1.4622401e-03   8.7000000e+02
  -1.5320475e-03   8.8500000e+02
  -1.4940584e-03   9.0000000e+02
  -1.3676480e-03   9.1500000e+02
  -1.2881154e-03   9.3000000e+02
  -1.2837732e-03   9.4500000e+02
  -1.2157003e-03   9.6000000e+02
  -9.6635270e-04   9.7500000e+02
  -5.5098231e-04   9.9000000e+02
   1.1640623e-06   1.0050000e+03
   7.5271871e-04   1.0200000e+03
   1.8056703e-03   1.0350000e+03
   3.2657003e-03   1.0500000e+03
   5.3089848e-03   1.0650000e+03
   8.1948861e-03   1.0800000e+03
   1.2199739e-02   1.0950000e+03
   1.7647503e-02   1.1100000e+03
   2.5035778e-02   1.1250000e+03
   3.5054147e-02   1.1400000e+03
   4.8471369e-02   1.1550000e+03
   6.6084571e-02   1.1700000e+03
   8.8796325e-02   1.1850000e+03
   1.1767200e-01   1.2000000e+03
   1.5386856e-01   1.2150000e+03
   1.9848956e-01   1.2300000e+03
   2.5243443e-01   1.2450000e+03
   3.1617972e-01   1.2600000e+03
   3.8937911e-01   1.2750000e+03
   4.7029960e-01   1.2900000e+03
   5.5526066e-01   1.3050000e+03
   6.3825309e-01   1.3200000e+03
   7.1090490e-01   1.3350000e+03
   7.6306736e-01   1.3500000e+03
   7.8431720e-01   1.3650000e+03
   7.6633120e-01   1.3800000e+03
   7.0551485e-01   1.3950000e+03
   6.0487038e-01   1.4100000e+03
   4.7417223e-01   1.4250000e+03
   3.2808319e-01   1.4400000e+03
   1.8267928e-01   1.4550000e+03
   5.1575802e-02   1.4700000e+03
  -5.6908764e-02   1.4850000e+03
  -1.4051057e-01   1.5000000e+03
  -2.0158021e-01   1.5150000e+03
  -2.4438636e-01   1.5300000e+03
  -2.7269751e-01   1.5450000e+03
  -2.8881034e-01   1.5600000e+03
  -2.9406288e-01   1.5750000e+03
  -2.8986299e-01   1.5900000e+03
  -2.7819082e-01   1.6050000e+03
  -2.6133183e-01   1.6200000e+03
  -2.4138099e-01   1.6350000e+03
  -2.2007284e-01   1.6500000e+03
  -1.9890295e-01   1.6650000e+03
  -1.7915551e-01   1.6800000e+03
  -1.6173574e-01   1.6950000e+03
  -1.4709911e-01   1.7100000e+03
  -1.3544101e-01   1.7250000e+03
  -1.2688860e-01   1.7400000e+03
  -1.2141381e-01   1.7550000e+03
  -1.1861035e-01   1.7700000e+03
  -1.1768626e-01   1.7850000e+03
  -1.1772399e-01   1.8000000e+03
  -1.1795210e-01   1.8150000e+03
  -1.1788286e-01   1.8300000e+03
  -1.1739431e-01   1.8450000e+03
  -1.1675583e-01   1.8600000e+03
  -1.1643643e-01   1.8750000e+03
  -1.1671886e-01   1.8900000e+03
  -1.1746157e-01   1.9050000e+03
  -1.1824460e-01   1.9200000e+03
  -1.1866476e-01   1.9350000e+03
  -1.1838639e-01   1.9500000e+03
  -1.1694755e-01   1.9650000e+03
  -1.1368080e-01   1.9800000e+03
  -1.0792954e-01   1.9950000e+03
  -9.9356204e-02   2.0100000e+03
  -8.8114545e-02   2.0250000e+03
  -7.4902356e-02   2.0400000e+03
  -6.0955677e-02   2.0550000e+03
  -4.7886837e-02   2.0700000e+03
  -3.7295129e-02   2.0850000e+03
  -3.0316724e-02   2.1000000e+03
  -2.7349273e-02   2.1150000e+03
  -2.7987266e-02   2.1300000e+03
  -3.1071769e-02   2.1450000e+03
  -3.4861472e-02   2.1600000e+03
  -3.7409768e-02   2.1750000e+03
  -3.7088513e-02   2.1900000e+03
  -3.3039637e-02   2.2050000e+03
  -2.5390493e-02   2.2200000e+03
  -1.5212705e-02   2.2350000e+03
  -4.2381212e-03   2.2500000e+03
   5.6477226e-03   2.2650000e+03
   1.2991161e-02   2.2800000e+03
   1.7181274e-02   2.2950000e+03
   1.8522952e-02   2.3100000e+03
   1.8010041e-02   2.3250000e+03
   1.6941113e-02   2.3400000e+03
   1.6518936e-02   2.3550000e+03
   1.7561151e-02   2.3700000e+03
   2.0408681e-02   2.3850000e+03
   2.5015410e-02   2.4000000e+03
   3.1119246e-02   2.4150000e+03
   3.8398076e-02   2.4300000e+03
   4.6555433e-02   2.4450000e+03
   5.5321112e-02   2.4600000e+03
   6.4408191e-02   2.4750000e+03
   7.3494248e-02   2.4900000e+03
   8.2234718e-02   2.5050000e+03
   9.0262324e-02   2.5200000e+03
   9.7181708e-02   2.5350000e+03
   1.0262476e-01   2.5500000e+03
   1.0635496e-01   2.5650000e+03
   1.0831759e-01   2.5800000e+03
   1.0859191e-01   2.5950000e+03
   1.0730889e-01   2.6100000e+03
   1.0458407e-01   2.6250000e+03
   1.0045948e-01   2.6400000e+03
   9.4882146e-02   2.6550000e+03
   8.7767646e-02   2.6700000e+03
   7.9105102e-02   2.6850000e+03
   6.8999410e-02   2.7000000e+03
   5.7635892e-02   2.7150000e+03
   4.5238003e-02   2.7300000e+03
   3.2040399e-02   2.7450000e+03
   1.8248105e-02   2.7600000e+03
   4.0026857e-03   2.7750000e+03
  -1.0596692e-02   2.7900000e+03
  -2.5439229e-02   2.8050000e+03
  -4.0372107e-02   2.8200000e+03
  -5.5191912e-02   2.8350000e+03
  -6.9627613e-02   2.8500000e+03
  -8.3327509e-02   2.8650000e+03
  -9.5872112e-02   2.8800000e+03
  -1.0679756e-01   2.8950000e+03
  -1.1561781e-01   2.9100000e+03
  -1.2186988e-01   2.9250000e+03
  -1.2519221e-01   2.9400000e+03
  -1.2540175e-01   2.9550000e+03
  -1.2253282e-01   2.9700000e+03
  -1.1683337e-01   2.9850000e+03
  -1.0873066e-01   3.0000000e+03
  -9.8778553e-02   3.0150000e+03
  -8.7598287e-02   3.0300000e+03
  -7.5819828e-02   3.0450000e+03
  -6.4024962e-02   3.0600000e+03
  -5.2699782e-02   3.0750000e+03
  -4.2210504e-02   3.0900000e+03
  -3.2804970e-02   3.1050000e+03
  -2.4625421e-02   3.1200000e+03
  -1.7720800e-02   3.1350000e+03
  -1.2062125e-02   3.1500000e+03
  -7.5686346e-03   3.1650000e+03
  -4.1410588e-03   3.1800000e+03
  -1.6870485e-03   3.1950000e+03
  -1.2500391e-04   3.2100000e+03
   6.3464302e-04   3.2250000e+03
   7.1708835e-04   3.2400000e+03
   3.0006332e-04   3.2550000e+03
  -3.9258925e-04   3.2700000e+03
  -1.1178681e-03   3.2850000e+03
  -1.6467611e-03   3.3000000e+03
  -1.7904304e-03   3.3150000e+03
  -1.4162494e-03   3.3300000e+03
  -4.5696023e-04   3.3450000e+03
   1.0854735e-03   3.3600000e+03
   3.1429206e-03   3.3750000e+03
   5.5909203e-03   3.3900000e+03
   8.2614468e-03   3.4050000e+03
   1.0954972e-02   3.4200000e+03
   1.3452673e-02   3.4350000e+03
   1.5532596e-02   3.4500000e+03
   1.6990896e-02   3.4650000e+03
   1.7664345e-02   3.4800000e+03
   1.7448800e-02   3.4950000e+03
   1.6310913e-02   3.5100000e+03
   1.4292176e-02   3.5250000e+03
   1.1503867e-02   3.5400000e+03
   8.1120292e-03   3.5550000e+03
   4.3152389e-03   3.5700000e+03
   3.2128504e-04   3.5850000e+03
  -3.6709062e-03   3.6000000e+03
  -7.4799564e-03   3.6150000e+03
  -1.0940084e-02   3.6300000e+03
  -1.3890810e-02   3.6450000e+03
  -1.6164411e-02   3.6600000e+03
  -1.7579198e-02   3.6750000e+03
  -1.7945284e-02   3.6900000e+03
  -1.7085496e-02   3.7050000e+03
  -1.4868672e-02   3.7200000e+03
  -1.1246941e-02   3.7350000e+03
  -6.2854467e-03   3.7500000e+03
  -1.7514713e-04   3.7650000e+03
   6.7734886e-03   3.7800000e+03
   1.4151664e-02   3.7950000e+03
   2.1482967e-02   3.8100000e+03
   2.8260898e-02   3.8250000e+03
   3.3991687e-02   3.8400000e+03
   3.8239334e-02   3.8550000e+03
   4.0667806e-02   3.8700000e+03
   4.1074835e-02   3.8850000e+03
   3.9413288e-02   3.9000000e+03
   3.5798948e-02   3.9150000e+03
   3.0505801e-02   3.9300000e+03
   2.3948289e-02   3.9450000e+03
   1.6645707e-02   3.9600000e+03
   9.1647580e-03   3.9750000e+03
   2.0471723e-03   3.9900000e+03
  -4.2585516e-03   4.0050000e+03
  -9.4421655e-03   4.0200000e+03
  -1.3348150e-02   4.0350000e+03
  -1.5971741e-02   4.0500000e+03
  -1.7443333e-02   4.0650000e+03
  -1.8002812e-02   4.0800000e+03
  -1.7963089e-02   4.0950000e+03
  -1.7667713e-02   4.1100000e+03
  -1.7451191e-02   4.1250000e+03
  -1.7606273e-02   4.1400000e+03
  -1.8356124e-02   4.1550000e+03
  -1.9830724e-02   4.1700000e+03
  -2.2053443e-02   4.1850000e+03
  -2.4944825e-02   4.2000000e+03
  -2.8343000e-02   4.2150000e+03
  -3.2032385e-02   4.2300000e+03
  -3.5772171e-02   4.2450000e+03
  -3.9320644e-02   4.2600000e+03
  -4.2454243e-02   4.2750000e+03
  -4.4980604e-02   4.2900000e+03
  -4.6746287e-02   4.3050000e+03
  -4.7641948e-02   4.3200000e+03
  -4.7607433e-02   4.3350000e+03
  -4.6636377e-02   4.3500000e+03
  -4.4778220e-02   4.3650000e+03
  -4.2136196e-02   4.3800000e+03
  -3.8860559e-02   4.3950000e+03
  -3.5136566e-02   4.4100000e+03
  -3.1168414e-02   4.4250000e+03
  -2.7162891e-02   4.4400000e+03
  -2.3315942e-02   4.4550000e+03
  -1.9801525e-02   4.4700000e+03
  -1.6759083e-02   4.4850000e+03
  -1.4278962e-02   4.5000000e+03
