   1.0625637e-03   0.0000000e+00
   1.0627115e-03   1.5000000e+01
   1.0631660e-03   3.0000000e+01
   1.0635542e-03   4.5000000e+01
   1.0632348e-03   6.0000000e+01
   1.0616410e-03   7.5000000e+01
   1.0583835e-03   9.0000000e+01
   1.0533758e-03   1.0500000e+02
   1.0469522e-03   1.2000000e+02
   1.0395963e-03   1.3500000e+02
   1.0314615e-03   1.5000000e+02
   1.0221755e-03   1.6500000e+02
   1.0111538e-03   1.8000000e+02
   9.9807384e-04   1.9500000e+02
   9.8322902e-04   2.1000000e+02
   9.6771622e-04   2.2500000e+02
   9.5302128e-04   2.4000000e+02
   9.4005221e-04   2.5500000e+02
   9.2865195e-04   2.7000000e+02
   9.1761624e-04   2.8500000e+02
   9.0489537e-04   3.0000000e+02
   8.8862714e-04   3.1500000e+02
   8.6851191e-04   3.3000000e+02
   8.4591407e-04   3.4500000e+02
   8.2254276e-04   3.6000000e+02
   7.9906452e-04   3.7500000e+02
   7.7489932e-04   3.9000000e+02
   7.4953440e-04   4.0500000e+02
   7.2394969e-04   4.2000000e+02
   6.9973787e-04   4.3500000e+02
   6.7619229e-04   4.5000000e+02
   6.4852351e-04   4.6500000e+02
   6.0771866e-04   4.8000000e+02
   5.3967431e-04   4.9500000e+02
   4.2468664e-04   5.1000000e+02
   2.4265597e-04   5.2500000e+02
  -1.2501687e-05   5.4000000e+02
  -3.1404439e-04   5.5500000e+02
  -5.9489766e-04   5.7000000e+02
  -7.7016361e-04   5.8500000e+02
  -7.9027977e-04   6.0000000e+02
  -6.9101906e-04   6.1500000e+02
  -5.8700709e-04   6.3000000e+02
  -5.8910984e-04   6.4500000e+02
  -7.0576696e-04   6.6000000e+02
  -8.3019247e-04   6.7500000e+02
  -8.4184256e-04   6.9000000e+02
  -7.2103232e-04   7.0500000e+02
  -5.4998667e-04   7.2000000e+02
  -4.0687743e-04   7.3500000e+02
  -2.9426836e-04   7.5000000e+02
  -1.9148779e-04   7.6500000e+02
  -1.3833755e-04   7.8000000e+02
  -2.0718935e-04   7.9500000e+02
  -3.9307561e-04   8.1000000e+02
  -5.9341593e-04   8.2500000e+02
  -7.2437094e-04   8.4000000e+02
  -8.0573570e-04   8.5500000e+02
  -8.9105312e-04   8.7000000e+02
  -9.7102654e-04   8.8500000e+02
  -1.0188547e-03   9.0000000e+02
  -1.0892195e-03   9.1500000e+02
  -1.2703845e-03   9.3000000e+02
  -1.5438825e-03   9.4500000e+02
  -1.7917213e-03   9.6000000e+02
  -1.9554251e-03   9.7500000e+02
  -2.0964302e-03   9.9000000e+02
  -2.2853506e-03   1.0050000e+03
  -2.5232846e-03   1.0200000e+03
  -2.7870161e-03   1.0350000e+03
  -3.0622333e-03   1.0500000e+03
  -3.3201014e-03   1.0650000e+03
  -3.5446421e-03   1.0800000e+03
  -3.7872791e-03   1.0950000e+03
  -4.1171038e-03   1.1100000e+03
  -4.5217304e-03   1.1250000e+03
  -4.9272245e-03   1.1400000e+03
  -5.3050932e-03   1.1550000e+03
  -5.6934990e-03   1.1700000e+03
  -6.1170245e-03   1.1850000e+03
  -6.5422892e-03   1.2000000e+03
  -6.9271098e-03   1.2150000e+03
  -7.2801486e-03   1.2300000e+03
  -7.6442063e-03   1.2450000e+03
  -8.0227954e-03   1.2600000e+03
  -8.3385771e-03   1.2750000e+03
  -8.4536672e-03   1.2900000e+03
  -8.1866682e-03   1.3050000e+03
  -7.2778272e-03   1.3200000e+03
  -5.3285188e-03   1.3350000e+03
  -1.7148786e-03   1.3500000e+03
   4.6099559e-03   1.3650000e+03
   1.5492665e-02   1.3800000e+03
   3.4100149e-02   1.3950000e+03
   6.5492518e-02   1.4100000e+03
   1.1711451e-01   1.4250000e+03
   1.9884558e-01   1.4400000e+03
   3.2176819e-01   1.4550000e+03
   4.9436021e-01   1.4700000e+03
   7.1504754e-01   1.4850000e+03
   9.6173841e-01   1.5000000e+03
   1.1823666e+00   1.5150000e+03
   1.2944621e+00   1.5300000e+03
   1.2031647e+00   1.5450000e+03
   8.4146988e-01   1.5600000e+03
   2.2175045e-01   1.5750000e+03
  -5.3066969e-01   1.5900000e+03
  -1.1976858e+00   1.6050000e+03
  -1.5565594e+00   1.6200000e+03
  -1.5013142e+00   1.6350000e+03
  -1.1178008e+00   1.6500000e+03
  -6.4057809e-01   1.6650000e+03
  -2.9966009e-01   1.6800000e+03
  -1.6650520e-01   1.6950000e+03
  -1.3195489e-01   1.7100000e+03
  -4.2477127e-02   1.7250000e+03
   1.3463053e-01   1.7400000e+03
   2.8732306e-01   1.7550000e+03
   3.0129752e-01   1.7700000e+03
   2.0270389e-01   1.7850000e+03
   1.2462155e-01   1.8000000e+03
   1.3040844e-01   1.8150000e+03
   1.1592706e-01   1.8300000e+03
  -6.8834737e-02   1.8450000e+03
  -4.1311988e-01   1.8600000e+03
  -7.1119714e-01   1.8750000e+03
  -7.5506270e-01   1.8900000e+03
  -5.2961439e-01   1.9050000e+03
  -1.9189878e-01   1.9200000e+03
   1.0804129e-01   1.9350000e+03
   3.3234662e-01   1.9500000e+03
   4.9409667e-01   1.9650000e+03
   5.6733066e-01   1.9800000e+03
   5.0767124e-01   1.9950000e+03
   3.3266455e-01   2.0100000e+03
   1.2662226e-01   2.0250000e+03
  -3.9381493e-02   2.0400000e+03
  -1.5726881e-01   2.0550000e+03
  -2.4318317e-01   2.0700000e+03
  -2.8363600e-01   2.0850000e+03
  -2.4830577e-01   2.1000000e+03
  -1.4254300e-01   2.1150000e+03
  -1.7759467e-02   2.1300000e+03
   7.4286990e-02   2.1450000e+03
   1.1977161e-01   2.1600000e+03
   1.3136402e-01   2.1750000e+03
   1.1825294e-01   2.1900000e+03
   8.2586564e-02   2.2050000e+03
   3.4379534e-02   2.2200000e+03
  -9.7592017e-03   2.2350000e+03
  -4.2355821e-02   2.2500000e+03
  -6.5726288e-02   2.2650000e+03
  -7.8057624e-02   2.2800000e+03
  -7.4280500e-02   2.2950000e+03
  -6.2066361e-02   2.3100000e+03
  -5.9880927e-02   2.3250000e+03
  -7.2836272e-02   2.3400000e+03
  -8.4523693e-02   2.3550000e+03
  -7.9786539e-02   2.3700000e+03
  -6.2513173e-02   2.3850000e+03
  -4.3164000e-02   2.4000000e+03
  -2.1750806e-02   2.4150000e+03
   6.0516093e-03   2.4300000e+03
   3.5129063e-02   2.4450000e+03
   5.4173473e-02   2.4600000e+03
   5.8417503e-02   2.4750000e+03
   5.2716237e-02   2.4900000e+03
   4.5950048e-02   2.5050000e+03
   4.6566837e-02   2.5200000e+03
   5.9514891e-02   2.5350000e+03
   8.3441675e-02   2.5500000e+03
   1.1207741e-01   2.5650000e+03
   1.3853838e-01   2.5800000e+03
   1.5619987e-01   2.5950000e+03
   1.5737437e-01   2.6100000e+03
   1.3630068e-01   2.6250000e+03
   9.4722733e-02   2.6400000e+03
   4.2543024e-02   2.6550000e+03
  -6.9105090e-03   2.6700000e+03
  -4.1702751e-02   2.6850000e+03
  -5.4869283e-02   2.7000000e+03
  -4.7640320e-02   2.7150000e+03
  -2.9257463e-02   2.7300000e+03
  -1.1282661e-02   2.7450000e+03
  -1.1670802e-03   2.7600000e+03
  -4.4174070e-04   2.7750000e+03
  -6.3697891e-03   2.7900000e+03
  -1.3521875e-02   2.8050000e+03
  -1.5263307e-02   2.8200000e+03
  -6.5946714e-03   2.8350000e+03
   1.2636716e-02   2.8500000e+03
   3.6728870e-02   2.8650000e+03
   5.6643188e-02   2.8800000e+03
   6.4772345e-02   2.8950000e+03
   5.8821596e-02   2.9100000e+03
   4.2263523e-02   2.9250000e+03
   2.1554099e-02   2.9400000e+03
   2.5654261e-03   2.9550000e+03
  -1.1413175e-02   2.9700000e+03
  -1.9607911e-02   2.9850000e+03
  -2.2710606e-02   3.0000000e+03
  -2.1969138e-02   3.0150000e+03
  -1.8666402e-02   3.0300000e+03
  -1.3788391e-02   3.0450000e+03
  -7.8743938e-03   3.0600000e+03
  -1.2250266e-03   3.0750000e+03
   5.5048950e-03   3.0900000e+03
   1.0732315e-02   3.1050000e+03
   1.2182668e-02   3.1200000e+03
   8.3322246e-03   3.1350000e+03
   9.8347802e-05   3.1500000e+03
  -9.0462174e-03   3.1650000e+03
  -1.5123157e-02   3.1800000e+03
  -1.5991453e-02   3.1950000e+03
  -1.1480121e-02   3.2100000e+03
  -1.3513291e-03   3.2250000e+03
   1.5906403e-02   3.2400000e+03
   4.1006457e-02   3.2550000e+03
   7.0116743e-02   3.2700000e+03
   9.3968093e-02   3.2850000e+03
   1.0218170e-01   3.3000000e+03
   8.9749172e-02   3.3150000e+03
   5.9927762e-02   3.3300000e+03
   2.1115063e-02   3.3450000e+03
  -1.8943554e-02   3.3600000e+03
  -5.6157704e-02   3.3750000e+03
  -8.8395551e-02   3.3900000e+03
  -1.1231162e-01   3.4050000e+03
  -1.2319184e-01   3.4200000e+03
  -1.1854397e-01   3.4350000e+03
  -1.0151547e-01   3.4500000e+03
  -7.9838224e-02   3.4650000e+03
  -6.0537044e-02   3.4800000e+03
  -4.5283128e-02   3.4950000e+03
  -3.0808436e-02   3.5100000e+03
  -1.3592719e-02   3.5250000e+03
   6.1322986e-03   3.5400000e+03
   2.4632631e-02   3.5550000e+03
   3.7862763e-02   3.5700000e+03
   4.3766025e-02   3.5850000e+03
   4.2051364e-02   3.6000000e+03
   3.3130474e-02   3.6150000e+03
   1.8091358e-02   3.6300000e+03
  -7.5092370e-04   3.6450000e+03
  -2.0235341e-02   3.6600000e+03
  -3.7655715e-02   3.6750000e+03
  -5.1533386e-02   3.6900000e+03
  -6.1237853e-02   3.7050000e+03
  -6.6422924e-02   3.7200000e+03
  -6.7123912e-02   3.7350000e+03
  -6.3987844e-02   3.7500000e+03
  -5.7875875e-02   3.7650000e+03
  -4.9287178e-02   3.7800000e+03
  -3.8540896e-02   3.7950000e+03
  -2.6522294e-02   3.8100000e+03
  -1.4936359e-02   3.8250000e+03
  -5.8288286e-03   3.8400000e+03
  -1.1361202e-03   3.8550000e+03
  -2.4570359e-03   3.8700000e+03
  -1.0295517e-02   3.8850000e+03
  -2.2830073e-02   3.9000000e+03
  -3.5834368e-02   3.9150000e+03
  -4.4769678e-02   3.9300000e+03
  -4.7452968e-02   3.9450000e+03
  -4.4748124e-02   3.9600000e+03
  -3.9031424e-02   3.9750000e+03
  -3.2537203e-02   3.9900000e+03
  -2.6931116e-02   4.0050000e+03
  -2.3255317e-02   4.0200000e+03
  -2.1304330e-02   4.0350000e+03
  -1.9273488e-02   4.0500000e+03
  -1.4890469e-02   4.0650000e+03
  -7.4020866e-03   4.0800000e+03
   1.4880786e-03   4.0950000e+03
   8.5878493e-03   4.1100000e+03
   1.1182509e-02   4.1250000e+03
   8.6160433e-03   4.1400000e+03
   2.7154188e-03   4.1550000e+03
  -3.0482702e-03   4.1700000e+03
  -5.1843836e-03   4.1850000e+03
  -1.6506851e-03   4.2000000e+03
   7.5624441e-03   4.2150000e+03
   2.0675965e-02   4.2300000e+03
   3.4806050e-02   4.2450000e+03
   4.6999365e-02   4.2600000e+03
   5.5461556e-02   4.2750000e+03
   6.0217492e-02   4.2900000e+03
   6.2536009e-02   4.3050000e+03
   6.3605361e-02   4.3200000e+03
   6.3660666e-02   4.3350000e+03
   6.2039502e-02   4.3500000e+03
   5.7642978e-02   4.3650000e+03
   4.9385838e-02   4.3800000e+03
   3.6818907e-02   4.3950000e+03
   2.0864720e-02   4.4100000e+03
   3.8866315e-03   4.4250000e+03
  -1.1405821e-02   4.4400000e+03
  -2.3423929e-02   4.4550000e+03
  -3.2188445e-02   4.4700000e+03
  -3.8545948e-02   4.4850000e+03
  -4.3143645e-02   4.5000000e+03
