  -4.1786456e-03   0.0000000e+00
  -4.1784281e-03   1.5000000e+01
  -4.1779075e-03   3.0000000e+01
  -4.1774949e-03   4.5000000e+01
  -4.1776104e-03   6.0000000e+01
  -4.1785054e-03   7.5000000e+01
  -4.1802400e-03   9.0000000e+01
  -4.1827573e-03   1.0500000e+02
  -4.1860570e-03   1.2000000e+02
  -4.1903253e-03   1.3500000e+02
  -4.1957139e-03   1.5000000e+02
  -4.2021815e-03   1.6500000e+02
  -4.2097480e-03   1.8000000e+02
  -4.2183897e-03   1.9500000e+02
  -4.2276429e-03   2.1000000e+02
  -4.2369389e-03   2.2500000e+02
  -4.2463252e-03   2.4000000e+02
  -4.2564953e-03   2.5500000e+02
  -4.2680865e-03   2.7000000e+02
  -4.2809900e-03   2.8500000e+02
  -4.2943782e-03   3.0000000e+02
  -4.3074996e-03   3.1500000e+02
  -4.3203700e-03   3.3000000e+02
  -4.3336828e-03   3.4500000e+02
  -4.3481258e-03   3.6000000e+02
  -4.3638097e-03   3.7500000e+02
  -4.3804212e-03   3.9000000e+02
  -4.3979301e-03   4.0500000e+02
  -4.4164276e-03   4.2000000e+02
  -4.4347383e-03   4.3500000e+02
  -4.4504898e-03   4.5000000e+02
  -4.4625923e-03   4.6500000e+02
  -4.4723093e-03   4.8000000e+02
  -4.4813543e-03   4.9500000e+02
  -4.4905515e-03   5.1000000e+02
  -4.5007379e-03   5.2500000e+02
  -4.5132088e-03   5.4000000e+02
  -4.5284261e-03   5.5500000e+02
  -4.5454483e-03   5.7000000e+02
  -4.5635626e-03   5.8500000e+02
  -4.5830873e-03   6.0000000e+02
  -4.6035647e-03   6.1500000e+02
  -4.6232352e-03   6.3000000e+02
  -4.6415110e-03   6.4500000e+02
  -4.6596634e-03   6.6000000e+02
  -4.6785241e-03   6.7500000e+02
  -4.6980176e-03   6.9000000e+02
  -4.7185686e-03   7.0500000e+02
  -4.7406387e-03   7.2000000e+02
  -4.7638402e-03   7.3500000e+02
  -4.7877016e-03   7.5000000e+02
  -4.8120632e-03   7.6500000e+02
  -4.8367279e-03   7.8000000e+02
  -4.8618568e-03   7.9500000e+02
  -4.8880619e-03   8.1000000e+02
  -4.9156421e-03   8.2500000e+02
  -4.9443971e-03   8.4000000e+02
  -4.9741101e-03   8.5500000e+02
  -5.0047324e-03   8.7000000e+02
  -5.0365673e-03   8.8500000e+02
  -5.0702072e-03   9.0000000e+02
  -5.1058587e-03   9.1500000e+02
  -5.1432629e-03   9.3000000e+02
  -5.1825042e-03   9.4500000e+02
  -5.2242209e-03   9.6000000e+02
  -5.2690650e-03   9.7500000e+02
  -5.3172358e-03   9.9000000e+02
  -5.3684106e-03   1.0050000e+03
  -5.4223905e-03   1.0200000e+03
  -5.4797181e-03   1.0350000e+03
  -5.5412231e-03   1.0500000e+03
  -5.6073293e-03   1.0650000e+03
  -5.6780926e-03   1.0800000e+03
  -5.7534194e-03   1.0950000e+03
  -5.8328533e-03   1.1100000e+03
  -5.9152697e-03   1.1250000e+03
  -5.9992182e-03   1.1400000e+03
  -6.0840822e-03   1.1550000e+03
  -6.1711483e-03   1.1700000e+03
  -6.2633990e-03   1.1850000e+03
  -6.3638729e-03   1.2000000e+03
  -6.4738067e-03   1.2150000e+03
  -6.5921955e-03   1.2300000e+03
  -6.7169527e-03   1.2450000e+03
  -6.8461117e-03   1.2600000e+03
  -6.9780769e-03   1.2750000e+03
  -7.1115359e-03   1.2900000e+03
  -7.2459243e-03   1.3050000e+03
  -7.3819617e-03   1.3200000e+03
  -7.5212596e-03   1.3350000e+03
  -7.6651899e-03   1.3500000e+03
  -7.8141280e-03   1.3650000e+03
  -7.9675196e-03   1.3800000e+03
  -8.1240525e-03   1.3950000e+03
  -8.2813390e-03   1.4100000e+03
  -8.4355203e-03   1.4250000e+03
  -8.5813822e-03   1.4400000e+03
  -8.7126996e-03   1.4550000e+03
  -8.8214455e-03   1.4700000e+03
  -8.8948663e-03   1.4850000e+03
  -8.9112381e-03   1.5000000e+03
  -8.8355057e-03   1.5150000e+03
  -8.6137587e-03   1.5300000e+03
  -8.1631402e-03   1.5450000e+03
  -7.3538073e-03   1.5600000e+03
  -5.9818267e-03   1.5750000e+03
  -3.7347511e-03   1.5900000e+03
  -1.5575351e-04   1.6050000e+03
   5.3809877e-03   1.6200000e+03
   1.3661106e-02   1.6350000e+03
   2.5554523e-02   1.6500000e+03
   4.1838698e-02   1.6650000e+03
   6.2903419e-02   1.6800000e+03
   8.8367172e-02   1.6950000e+03
   1.1670826e-01   1.7100000e+03
   1.4508668e-01   1.7250000e+03
   1.6955653e-01   1.7400000e+03
   1.8578969e-01   1.7550000e+03
   1.9022951e-01   1.7700000e+03
   1.8132800e-01   1.7850000e+03
   1.6033435e-01   1.8000000e+03
   1.3116170e-01   1.8150000e+03
   9.9225037e-02   1.8300000e+03
   6.9672070e-02   1.8450000e+03
   4.5810513e-02   1.8600000e+03
   2.8474459e-02   1.8750000e+03
   1.6545059e-02   1.8900000e+03
   8.1644943e-03   1.9050000e+03
   1.8344431e-03   1.9200000e+03
  -3.1750540e-03   1.9350000e+03
  -7.0652785e-03   1.9500000e+03
  -9.8739769e-03   1.9650000e+03
  -1.1479308e-02   1.9800000e+03
  -1.1234223e-02   1.9950000e+03
  -7.6949424e-03   2.0100000e+03
   1.0296885e-03   2.0250000e+03
   1.6162271e-02   2.0400000e+03
   3.6768205e-02   2.0550000e+03
   5.8658451e-02   2.0700000e+03
   7.4468531e-02   2.0850000e+03
   7.5336695e-02   2.1000000e+03
   5.3946689e-02   2.1150000e+03
   7.9887593e-03   2.1300000e+03
  -5.7327595e-02   2.1450000e+03
  -1.2896681e-01   2.1600000e+03
  -1.8862827e-01   2.1750000e+03
  -2.1795689e-01   2.1900000e+03
  -2.0515764e-01   2.2050000e+03
  -1.5072875e-01   2.2200000e+03
  -6.9445573e-02   2.2350000e+03
   1.3584780e-02   2.2500000e+03
   7.2560005e-02   2.2650000e+03
   9.2694402e-02   2.2800000e+03
   7.8064978e-02   2.2950000e+03
   5.0431669e-02   2.3100000e+03
   3.8194951e-02   2.3250000e+03
   6.0530301e-02   2.3400000e+03
   1.1554033e-01   2.3550000e+03
   1.7993246e-01   2.3700000e+03
   2.2118358e-01   2.3850000e+03
   2.1514244e-01   2.4000000e+03
   1.5814874e-01   2.4150000e+03
   6.6395842e-02   2.4300000e+03
  -3.5635803e-02   2.4450000e+03
  -1.2805521e-01   2.4600000e+03
  -2.0006122e-01   2.4750000e+03
  -2.4448490e-01   2.4900000e+03
  -2.5034514e-01   2.5050000e+03
  -2.0369864e-01   2.5200000e+03
  -9.9288665e-02   2.5350000e+03
   4.5964237e-02   2.5500000e+03
   1.9107971e-01   2.5650000e+03
   2.8656474e-01   2.5800000e+03
   2.9924175e-01   2.5950000e+03
   2.2991194e-01   2.6100000e+03
   1.1206888e-01   2.6250000e+03
  -6.6317054e-03   2.6400000e+03
  -8.7440915e-02   2.6550000e+03
  -1.1481144e-01   2.6700000e+03
  -9.6659124e-02   2.6850000e+03
  -5.4266710e-02   2.7000000e+03
  -9.5206043e-03   2.7150000e+03
   2.3934128e-02   2.7300000e+03
   4.2609863e-02   2.7450000e+03
   4.9217224e-02   2.7600000e+03
   4.7080316e-02   2.7750000e+03
   3.7561286e-02   2.7900000e+03
   2.1756442e-02   2.8050000e+03
   3.2398985e-03   2.8200000e+03
  -1.2291757e-02   2.8350000e+03
  -2.0713534e-02   2.8500000e+03
  -2.2466276e-02   2.8650000e+03
  -2.1384414e-02   2.8800000e+03
  -2.0735728e-02   2.8950000e+03
  -2.1065833e-02   2.9100000e+03
  -2.2058254e-02   2.9250000e+03
  -2.5509108e-02   2.9400000e+03
  -3.4836169e-02   2.9550000e+03
  -5.0445180e-02   2.9700000e+03
  -6.5570079e-02   2.9850000e+03
  -6.8076529e-02   3.0000000e+03
  -4.8749376e-02   3.0150000e+03
  -1.0086770e-02   3.0300000e+03
   3.2276515e-02   3.0450000e+03
   5.8247510e-02   3.0600000e+03
   5.6402151e-02   3.0750000e+03
   3.1551968e-02   3.0900000e+03
   6.9887674e-04   3.1050000e+03
  -1.9421464e-02   3.1200000e+03
  -2.3356548e-02   3.1350000e+03
  -1.8226717e-02   3.1500000e+03
  -1.5226927e-02   3.1650000e+03
  -1.9175794e-02   3.1800000e+03
  -2.5073234e-02   3.1950000e+03
  -2.4133138e-02   3.2100000e+03
  -1.3137486e-02   3.2250000e+03
   2.0464282e-03   3.2400000e+03
   1.2153511e-02   3.2550000e+03
   1.3497847e-02   3.2700000e+03
   1.1013113e-02   3.2850000e+03
   1.2480932e-02   3.3000000e+03
   2.0303395e-02   3.3150000e+03
   2.9262250e-02   3.3300000e+03
   3.1807154e-02   3.3450000e+03
   2.4707299e-02   3.3600000e+03
   1.0644185e-02   3.3750000e+03
  -5.3882366e-03   3.3900000e+03
  -1.9983578e-02   3.4050000e+03
  -3.1858787e-02   3.4200000e+03
  -4.0088672e-02   3.4350000e+03
  -4.3359496e-02   3.4500000e+03
  -4.1329648e-02   3.4650000e+03
  -3.5904158e-02   3.4800000e+03
  -3.0109407e-02   3.4950000e+03
  -2.5353758e-02   3.5100000e+03
  -2.0224923e-02   3.5250000e+03
  -1.2439318e-02   3.5400000e+03
  -1.7788779e-03   3.5550000e+03
   9.4281584e-03   3.5700000e+03
   1.8668376e-02   3.5850000e+03
   2.5299592e-02   3.6000000e+03
   2.9885158e-02   3.6150000e+03
   3.2354981e-02   3.6300000e+03
   3.2015000e-02   3.6450000e+03
   2.9163186e-02   3.6600000e+03
   2.5044847e-02   3.6750000e+03
   1.9196287e-02   3.6900000e+03
   7.9354867e-03   3.7050000e+03
  -1.2578494e-02   3.7200000e+03
  -4.1360434e-02   3.7350000e+03
  -7.1878679e-02   3.7500000e+03
  -9.7108804e-02   3.7650000e+03
  -1.1466247e-01   3.7800000e+03
  -1.2626626e-01   3.7950000e+03
  -1.3308449e-01   3.8100000e+03
  -1.3315387e-01   3.8250000e+03
  -1.2366822e-01   3.8400000e+03
  -1.0456047e-01   3.8550000e+03
  -7.9069711e-02   3.8700000e+03
  -5.1477727e-02   3.8850000e+03
  -2.5070218e-02   3.9000000e+03
  -1.6542067e-03   3.9150000e+03
   1.8418251e-02   3.9300000e+03
   3.6256257e-02   3.9450000e+03
   5.3526115e-02   3.9600000e+03
   7.0485748e-02   3.9750000e+03
   8.4792070e-02   3.9900000e+03
   9.2642322e-02   4.0050000e+03
   9.1182254e-02   4.0200000e+03
   7.9749458e-02   4.0350000e+03
   5.9339695e-02   4.0500000e+03
   3.2050867e-02   4.0650000e+03
   1.8123597e-03   4.0800000e+03
  -2.4843052e-02   4.0950000e+03
  -4.0155403e-02   4.1100000e+03
  -3.8702153e-02   4.1250000e+03
  -2.0621711e-02   4.1400000e+03
   7.9276264e-03   4.1550000e+03
   3.7159842e-02   4.1700000e+03
   5.7257097e-02   4.1850000e+03
   6.1633609e-02   4.2000000e+03
   4.9008310e-02   4.2150000e+03
   2.3611780e-02   4.2300000e+03
  -6.7418306e-03   4.2450000e+03
  -3.3768255e-02   4.2600000e+03
  -5.1214822e-02   4.2750000e+03
  -5.5774797e-02   4.2900000e+03
  -4.7063693e-02   4.3050000e+03
  -2.7707679e-02   4.3200000e+03
  -3.4464055e-03   4.3350000e+03
   1.7805541e-02   4.3500000e+03
   2.8467694e-02   4.3650000e+03
   2.4544319e-02   4.3800000e+03
   7.9355724e-03   4.3950000e+03
  -1.3744735e-02   4.4100000e+03
  -3.0430576e-02   4.4250000e+03
  -3.4823194e-02   4.4400000e+03
  -2.6648000e-02   4.4550000e+03
  -1.2780151e-02   4.4700000e+03
  -2.5159973e-03   4.4850000e+03
  -1.0416699e-03   4.5000000e+03
