  -9.9518923e-03   0.0000000e+00
  -9.9509256e-03   1.5000000e+01
  -9.9485731e-03   3.0000000e+01
  -9.9470764e-03   4.5000000e+01
  -9.9499160e-03   6.0000000e+01
  -9.9598560e-03   7.5000000e+01
  -9.9766748e-03   9.0000000e+01
  -9.9980785e-03   1.0500000e+02
  -1.0022779e-02   1.2000000e+02
  -1.0052489e-02   1.3500000e+02
  -1.0090555e-02   1.5000000e+02
  -1.0138683e-02   1.6500000e+02
  -1.0196721e-02   1.8000000e+02
  -1.0264459e-02   1.9500000e+02
  -1.0341786e-02   2.1000000e+02
  -1.0428829e-02   2.2500000e+02
  -1.0526182e-02   2.4000000e+02
  -1.0633226e-02   2.5500000e+02
  -1.0746865e-02   2.7000000e+02
  -1.0863708e-02   2.8500000e+02
  -1.0983608e-02   3.0000000e+02
  -1.1109625e-02   3.1500000e+02
  -1.1244787e-02   3.3000000e+02
  -1.1390342e-02   3.4500000e+02
  -1.1544689e-02   3.6000000e+02
  -1.1701633e-02   3.7500000e+02
  -1.1855116e-02   3.9000000e+02
  -1.2009040e-02   4.0500000e+02
  -1.2173455e-02   4.2000000e+02
  -1.2345687e-02   4.3500000e+02
  -1.2507353e-02   4.5000000e+02
  -1.2647635e-02   4.6500000e+02
  -1.2776635e-02   4.8000000e+02
  -1.2909578e-02   4.9500000e+02
  -1.3051500e-02   5.1000000e+02
  -1.3202405e-02   5.2500000e+02
  -1.3364845e-02   5.4000000e+02
  -1.3539436e-02   5.5500000e+02
  -1.3721640e-02   5.7000000e+02
  -1.3910356e-02   5.8500000e+02
  -1.4109083e-02   6.0000000e+02
  -1.4308700e-02   6.1500000e+02
  -1.4483951e-02   6.3000000e+02
  -1.4616893e-02   6.4500000e+02
  -1.4706035e-02   6.6000000e+02
  -1.4747704e-02   6.7500000e+02
  -1.4723630e-02   6.9000000e+02
  -1.4595830e-02   7.0500000e+02
  -1.4292900e-02   7.2000000e+02
  -1.3704433e-02   7.3500000e+02
  -1.2681266e-02   7.5000000e+02
  -1.1007491e-02   7.6500000e+02
  -8.3339596e-03   7.8000000e+02
  -4.0687323e-03   7.9500000e+02
   2.8060316e-03   8.1000000e+02
   1.4014763e-02   8.2500000e+02
   3.2366682e-02   8.4000000e+02
   6.2177848e-02   8.5500000e+02
   1.0950034e-01   8.7000000e+02
   1.8159729e-01   8.8500000e+02
   2.8481832e-01   9.0000000e+02
   4.2017123e-01   9.1500000e+02
   5.7699418e-01   9.3000000e+02
   7.2741783e-01   9.4500000e+02
   8.2673299e-01   9.6000000e+02
   8.2475233e-01   9.7500000e+02
   6.8817204e-01   9.9000000e+02
   4.2455521e-01   1.0050000e+03
   9.1394283e-02   1.0200000e+03
  -2.2213084e-01   1.0350000e+03
  -4.3550283e-01   1.0500000e+03
  -5.1496941e-01   1.0650000e+03
  -4.8308033e-01   1.0800000e+03
  -3.9468202e-01   1.0950000e+03
  -3.0099949e-01   1.1100000e+03
  -2.2891083e-01   1.1250000e+03
  -1.8266192e-01   1.1400000e+03
  -1.5469660e-01   1.1550000e+03
  -1.3336781e-01   1.1700000e+03
  -1.0898008e-01   1.1850000e+03
  -8.1423543e-02   1.2000000e+03
  -6.1991226e-02   1.2150000e+03
  -6.2347122e-02   1.2300000e+03
  -8.0649808e-02   1.2450000e+03
  -1.0208339e-01   1.2600000e+03
  -1.1305480e-01   1.2750000e+03
  -1.1054386e-01   1.2900000e+03
  -9.7751476e-02   1.3050000e+03
  -7.7621058e-02   1.3200000e+03
  -5.4302357e-02   1.3350000e+03
  -3.5447169e-02   1.3500000e+03
  -2.6960766e-02   1.3650000e+03
  -2.6930410e-02   1.3800000e+03
  -2.8290858e-02   1.3950000e+03
  -2.5825618e-02   1.4100000e+03
  -1.7724935e-02   1.4250000e+03
  -2.7977482e-03   1.4400000e+03
   1.9425724e-02   1.4550000e+03
   4.6189129e-02   1.4700000e+03
   7.2437063e-02   1.4850000e+03
   9.4905049e-02   1.5000000e+03
   1.1364424e-01   1.5150000e+03
   1.2926598e-01   1.5300000e+03
   1.3996437e-01   1.5450000e+03
   1.4176171e-01   1.5600000e+03
   1.3125306e-01   1.5750000e+03
   1.0819591e-01   1.5900000e+03
   7.6345906e-02   1.6050000e+03
   4.2491265e-02   1.6200000e+03
   1.4091949e-02   1.6350000e+03
  -3.9468720e-03   1.6500000e+03
  -1.1787898e-02   1.6650000e+03
  -1.4232906e-02   1.6800000e+03
  -1.7129505e-02   1.6950000e+03
  -2.3389142e-02   1.7100000e+03
  -3.1464301e-02   1.7250000e+03
  -3.6563501e-02   1.7400000e+03
  -3.3370793e-02   1.7550000e+03
  -1.9227456e-02   1.7700000e+03
   3.5764428e-03   1.7850000e+03
   2.8234854e-02   1.8000000e+03
   4.6891604e-02   1.8150000e+03
   5.4818969e-02   1.8300000e+03
   5.2389473e-02   1.8450000e+03
   4.3816481e-02   1.8600000e+03
   3.3764355e-02   1.8750000e+03
   2.4017153e-02   1.8900000e+03
   1.2549311e-02   1.9050000e+03
  -3.9948369e-03   1.9200000e+03
  -2.6298549e-02   1.9350000e+03
  -5.0535534e-02   1.9500000e+03
  -7.0427649e-02   1.9650000e+03
  -8.1069179e-02   1.9800000e+03
  -8.1202798e-02   1.9950000e+03
  -7.2968014e-02   2.0100000e+03
  -6.0307782e-02   2.0250000e+03
  -4.6992015e-02   2.0400000e+03
  -3.4628659e-02   2.0550000e+03
  -2.1859683e-02   2.0700000e+03
  -6.2799044e-03   2.0850000e+03
   1.1624496e-02   2.1000000e+03
   2.6098642e-02   2.1150000e+03
   2.8477922e-02   2.1300000e+03
   1.3222492e-02   2.1450000e+03
  -1.7439343e-02   2.1600000e+03
  -5.4678515e-02   2.1750000e+03
  -8.9173973e-02   2.1900000e+03
  -1.1630216e-01   2.2050000e+03
  -1.3519628e-01   2.2200000e+03
  -1.4283562e-01   2.2350000e+03
  -1.3025066e-01   2.2500000e+03
  -8.6803913e-02   2.2650000e+03
  -1.0595994e-02   2.2800000e+03
   8.3914675e-02   2.2950000e+03
   1.6863669e-01   2.3100000e+03
   2.1393679e-01   2.3250000e+03
   2.0197082e-01   2.3400000e+03
   1.3382672e-01   2.3550000e+03
   2.9052787e-02   2.3700000e+03
  -8.0030262e-02   2.3850000e+03
  -1.5786123e-01   2.4000000e+03
  -1.7863582e-01   2.4150000e+03
  -1.3884155e-01   2.4300000e+03
  -6.0942832e-02   2.4450000e+03
   1.7565647e-02   2.4600000e+03
   6.4880043e-02   2.4750000e+03
   7.1469799e-02   2.4900000e+03
   5.1068380e-02   2.5050000e+03
   2.7026093e-02   2.5200000e+03
   1.5695358e-02   2.5350000e+03
   1.8517027e-02   2.5500000e+03
   2.5776824e-02   2.5650000e+03
   2.6393788e-02   2.5800000e+03
   1.5695835e-02   2.5950000e+03
  -3.3222772e-03   2.6100000e+03
  -2.4101101e-02   2.6250000e+03
  -4.1165389e-02   2.6400000e+03
  -5.1442675e-02   2.6550000e+03
  -5.2854091e-02   2.6700000e+03
  -4.3894682e-02   2.6850000e+03
  -2.5812155e-02   2.7000000e+03
  -4.3398668e-03   2.7150000e+03
   1.2667832e-02   2.7300000e+03
   2.0450439e-02   2.7450000e+03
   2.0167818e-02   2.7600000e+03
   1.6636353e-02   2.7750000e+03
   1.4055784e-02   2.7900000e+03
   1.4218532e-02   2.8050000e+03
   1.7505834e-02   2.8200000e+03
   2.3575272e-02   2.8350000e+03
   3.0434221e-02   2.8500000e+03
   3.4094661e-02   2.8650000e+03
   3.0737104e-02   2.8800000e+03
   1.9812588e-02   2.8950000e+03
   4.8946100e-03   2.9100000e+03
  -8.5527850e-03   2.9250000e+03
  -1.6283125e-02   2.9400000e+03
  -1.6861750e-02   2.9550000e+03
  -1.1465132e-02   2.9700000e+03
  -3.0475126e-03   2.9850000e+03
   4.4288202e-03   3.0000000e+03
   6.9850786e-03   3.0150000e+03
   2.0159376e-03   3.0300000e+03
  -1.0661962e-02   3.0450000e+03
  -2.8991777e-02   3.0600000e+03
  -4.9800612e-02   3.0750000e+03
  -6.9563650e-02   3.0900000e+03
  -8.4256671e-02   3.1050000e+03
  -8.9412309e-02   3.1200000e+03
  -8.1579380e-02   3.1350000e+03
  -6.0439415e-02   3.1500000e+03
  -2.9542932e-02   3.1650000e+03
   5.0467975e-03   3.1800000e+03
   3.6850989e-02   3.1950000e+03
   6.0519308e-02   3.2100000e+03
   7.3016934e-02   3.2250000e+03
   7.4678175e-02   3.2400000e+03
   6.8970814e-02   3.2550000e+03
   6.0131848e-02   3.2700000e+03
   5.0392449e-02   3.2850000e+03
   3.9560020e-02   3.3000000e+03
   2.7069231e-02   3.3150000e+03
   1.3682500e-02   3.3300000e+03
   9.4611268e-04   3.3450000e+03
  -1.0271348e-02   3.3600000e+03
  -2.0051677e-02   3.3750000e+03
  -2.8628400e-02   3.3900000e+03
  -3.5963681e-02   3.4050000e+03
  -4.1898124e-02   3.4200000e+03
  -4.6005562e-02   3.4350000e+03
  -4.7252774e-02   3.4500000e+03
  -4.4409554e-02   3.4650000e+03
  -3.7048165e-02   3.4800000e+03
  -2.5904218e-02   3.4950000e+03
  -1.2419129e-02   3.5100000e+03
   1.4062525e-03   3.5250000e+03
   1.2663747e-02   3.5400000e+03
   1.8119713e-02   3.5550000e+03
   1.6254451e-02   3.5700000e+03
   8.8685928e-03   3.5850000e+03
   2.9932408e-04   3.6000000e+03
  -5.0449334e-03   3.6150000e+03
  -4.5457175e-03   3.6300000e+03
   2.2288866e-03   3.6450000e+03
   1.3692755e-02   3.6600000e+03
   2.6478088e-02   3.6750000e+03
   3.6354702e-02   3.6900000e+03
   3.9945476e-02   3.7050000e+03
   3.6046285e-02   3.7200000e+03
   2.5518214e-02   3.7350000e+03
   1.0220570e-02   3.7500000e+03
  -7.7898134e-03   3.7650000e+03
  -2.6279692e-02   3.7800000e+03
  -4.2501364e-02   3.7950000e+03
  -5.3110708e-02   3.8100000e+03
  -5.4718561e-02   3.8250000e+03
  -4.5152698e-02   3.8400000e+03
  -2.4994584e-02   3.8550000e+03
   1.6089142e-03   3.8700000e+03
   2.7766693e-02   3.8850000e+03
   4.6217229e-02   3.9000000e+03
   5.2057769e-02   3.9150000e+03
   4.4356845e-02   3.9300000e+03
   2.5950184e-02   3.9450000e+03
   1.8954438e-03   3.9600000e+03
  -2.2263594e-02   3.9750000e+03
  -4.1569453e-02   3.9900000e+03
  -5.2107126e-02   4.0050000e+03
  -5.1476043e-02   4.0200000e+03
  -3.9624505e-02   4.0350000e+03
  -1.9625481e-02   4.0500000e+03
   2.4432503e-03   4.0650000e+03
   1.9031936e-02   4.0800000e+03
   2.3795249e-02   4.0950000e+03
   1.4360774e-02   4.1100000e+03
  -6.2338379e-03   4.1250000e+03
  -3.0468594e-02   4.1400000e+03
  -4.9459826e-02   4.1550000e+03
  -5.6719955e-02   4.1700000e+03
  -5.0557423e-02   4.1850000e+03
  -3.4076322e-02   4.2000000e+03
  -1.3303192e-02   4.2150000e+03
   5.2299560e-03   4.2300000e+03
   1.6546721e-02   4.2450000e+03
   1.8766096e-02   4.2600000e+03
   1.3912927e-02   4.2750000e+03
   7.2254832e-03   4.2900000e+03
   4.4460981e-03   4.3050000e+03
   8.1887152e-03   4.3200000e+03
   1.5957665e-02   4.3350000e+03
   2.1701796e-02   4.3500000e+03
   1.9965662e-02   4.3650000e+03
   9.3746651e-03   4.3800000e+03
  -7.1425764e-03   4.3950000e+03
  -2.4930647e-02   4.4100000e+03
  -4.0246986e-02   4.4250000e+03
  -5.0938379e-02   4.4400000e+03
  -5.5619061e-02   4.4550000e+03
  -5.3145252e-02   4.4700000e+03
  -4.3187942e-02   4.4850000e+03
  -2.7053496e-02   4.5000000e+03
