  -1.1287740e-03   0.0000000e+00
  -1.1287769e-03   1.5000000e+01
  -1.1287961e-03   3.0000000e+01
  -1.1288486e-03   4.5000000e+01
  -1.1289367e-03   6.0000000e+01
  -1.1290204e-03   7.5000000e+01
  -1.1290667e-03   9.0000000e+01
  -1.1290900e-03   1.0500000e+02
  -1.1291531e-03   1.2000000e+02
  -1.1293144e-03   1.3500000e+02
  -1.1295307e-03   1.5000000e+02
  -1.1295432e-03   1.6500000e+02
  -1.1285852e-03   1.8000000e+02
  -1.1240318e-03   1.9500000e+02
  -1.1081328e-03   2.1000000e+02
  -1.0645277e-03   2.2500000e+02
  -9.7185257e-04   2.4000000e+02
  -8.2279573e-04   2.5500000e+02
  -6.5106590e-04   2.7000000e+02
  -5.3212763e-04   2.8500000e+02
  -5.2897364e-04   3.0000000e+02
  -6.1960053e-04   3.1500000e+02
  -6.9983618e-04   3.3000000e+02
  -6.9020072e-04   3.4500000e+02
  -6.2722777e-04   3.6000000e+02
  -6.0788245e-04   3.7500000e+02
  -6.5382494e-04   3.9000000e+02
  -6.9147028e-04   4.0500000e+02
  -6.7291758e-04   4.2000000e+02
  -6.4295682e-04   4.3500000e+02
  -6.5378071e-04   4.5000000e+02
  -6.8219553e-04   4.6500000e+02
  -6.8267726e-04   4.8000000e+02
  -6.6685013e-04   4.9500000e+02
  -6.7176536e-04   5.1000000e+02
  -6.9144962e-04   5.2500000e+02
  -6.9620030e-04   5.4000000e+02
  -6.8851793e-04   5.5500000e+02
  -6.9130003e-04   5.7000000e+02
  -7.0346176e-04   5.8500000e+02
  -7.0736435e-04   6.0000000e+02
  -7.0395734e-04   6.1500000e+02
  -7.0736406e-04   6.3000000e+02
  -7.1660918e-04   6.4500000e+02
  -7.2036590e-04   6.6000000e+02
  -7.1916147e-04   6.7500000e+02
  -7.1956468e-04   6.9000000e+02
  -7.1665074e-04   7.0500000e+02
  -7.0005306e-04   7.2000000e+02
  -6.6720066e-04   7.3500000e+02
  -6.1947131e-04   7.5000000e+02
  -5.5793079e-04   7.6500000e+02
  -4.9350399e-04   7.8000000e+02
  -4.5187789e-04   7.9500000e+02
  -4.5793084e-04   8.1000000e+02
  -5.1501655e-04   8.2500000e+02
  -5.9795612e-04   8.4000000e+02
  -6.6333689e-04   8.5500000e+02
  -6.7576609e-04   8.7000000e+02
  -6.3845399e-04   8.8500000e+02
  -5.9686892e-04   9.0000000e+02
  -5.9825205e-04   9.1500000e+02
  -6.4278150e-04   9.3000000e+02
  -6.8405014e-04   9.4500000e+02
  -6.8337028e-04   9.6000000e+02
  -6.5449422e-04   9.7500000e+02
  -6.4321485e-04   9.9000000e+02
  -6.6775893e-04   1.0050000e+03
  -6.9793966e-04   1.0200000e+03
  -6.9996703e-04   1.0350000e+03
  -6.8289216e-04   1.0500000e+03
  -6.8059034e-04   1.0650000e+03
  -6.9922453e-04   1.0800000e+03
  -7.1164506e-04   1.0950000e+03
  -7.0419209e-04   1.1100000e+03
  -6.9782807e-04   1.1250000e+03
  -7.1102002e-04   1.1400000e+03
  -7.2954228e-04   1.1550000e+03
  -7.3293375e-04   1.1700000e+03
  -7.2882714e-04   1.1850000e+03
  -7.3711446e-04   1.2000000e+03
  -7.5630232e-04   1.2150000e+03
  -7.7078177e-04   1.2300000e+03
  -7.7995867e-04   1.2450000e+03
  -7.9515227e-04   1.2600000e+03
  -8.1497466e-04   1.2750000e+03
  -8.2696450e-04   1.2900000e+03
  -8.2955614e-04   1.3050000e+03
  -8.3269697e-04   1.3200000e+03
  -8.3993538e-04   1.3350000e+03
  -8.4675674e-04   1.3500000e+03
  -8.5337588e-04   1.3650000e+03
  -8.6422672e-04   1.3800000e+03
  -8.7774068e-04   1.3950000e+03
  -8.8906608e-04   1.4100000e+03
  -8.9967117e-04   1.4250000e+03
  -9.1381883e-04   1.4400000e+03
  -9.2924410e-04   1.4550000e+03
  -9.4036321e-04   1.4700000e+03
  -9.4701390e-04   1.4850000e+03
  -9.5283985e-04   1.5000000e+03
  -9.5920841e-04   1.5150000e+03
  -9.6637849e-04   1.5300000e+03
  -9.7613048e-04   1.5450000e+03
  -9.8863605e-04   1.5600000e+03
  -1.0008955e-03   1.5750000e+03
  -1.0111901e-03   1.5900000e+03
  -1.0212739e-03   1.6050000e+03
  -1.0329500e-03   1.6200000e+03
  -1.0462094e-03   1.6350000e+03
  -1.0609456e-03   1.6500000e+03
  -1.0771953e-03   1.6650000e+03
  -1.0940086e-03   1.6800000e+03
  -1.1105866e-03   1.6950000e+03
  -1.1278443e-03   1.7100000e+03
  -1.1469712e-03   1.7250000e+03
  -1.1671204e-03   1.7400000e+03
  -1.1857068e-03   1.7550000e+03
  -1.2004870e-03   1.7700000e+03
  -1.2111454e-03   1.7850000e+03
  -1.2196349e-03   1.8000000e+03
  -1.2287024e-03   1.8150000e+03
  -1.2393682e-03   1.8300000e+03
  -1.2506465e-03   1.8450000e+03
  -1.2622694e-03   1.8600000e+03
  -1.2759238e-03   1.8750000e+03
  -1.2927239e-03   1.8900000e+03
  -1.3111230e-03   1.9050000e+03
  -1.3286057e-03   1.9200000e+03
  -1.3442613e-03   1.9350000e+03
  -1.3586669e-03   1.9500000e+03
  -1.3724247e-03   1.9650000e+03
  -1.3861103e-03   1.9800000e+03
  -1.4009863e-03   1.9950000e+03
  -1.4183027e-03   2.0100000e+03
  -1.4375107e-03   2.0250000e+03
  -1.4562173e-03   2.0400000e+03
  -1.4728124e-03   2.0550000e+03
  -1.4886198e-03   2.0700000e+03
  -1.5065458e-03   2.0850000e+03
  -1.5277396e-03   2.1000000e+03
  -1.5503818e-03   2.1150000e+03
  -1.5719354e-03   2.1300000e+03
  -1.5920042e-03   2.1450000e+03
  -1.6125864e-03   2.1600000e+03
  -1.6357406e-03   2.1750000e+03
  -1.6613639e-03   2.1900000e+03
  -1.6873848e-03   2.2050000e+03
  -1.7119620e-03   2.2200000e+03
  -1.7350998e-03   2.2350000e+03
  -1.7579854e-03   2.2500000e+03
  -1.7812445e-03   2.2650000e+03
  -1.8044764e-03   2.2800000e+03
  -1.8272884e-03   2.2950000e+03
  -1.8499701e-03   2.3100000e+03
  -1.8729285e-03   2.3250000e+03
  -1.8960238e-03   2.3400000e+03
  -1.9188821e-03   2.3550000e+03
  -1.9416233e-03   2.3700000e+03
  -1.9649458e-03   2.3850000e+03
  -1.9894335e-03   2.4000000e+03
  -2.0148582e-03   2.4150000e+03
  -2.0403170e-03   2.4300000e+03
  -2.0651675e-03   2.4450000e+03
  -2.0897537e-03   2.4600000e+03
  -2.1150231e-03   2.4750000e+03
  -2.1414182e-03   2.4900000e+03
  -2.1684815e-03   2.5050000e+03
  -2.1957243e-03   2.5200000e+03
  -2.2235808e-03   2.5350000e+03
  -2.2532335e-03   2.5500000e+03
  -2.2856260e-03   2.5650000e+03
  -2.3208747e-03   2.5800000e+03
  -2.3584208e-03   2.5950000e+03
  -2.3974911e-03   2.6100000e+03
  -2.4375755e-03   2.6250000e+03
  -2.4787947e-03   2.6400000e+03
  -2.5217624e-03   2.6550000e+03
  -2.5669092e-03   2.6700000e+03
  -2.6140269e-03   2.6850000e+03
  -2.6625672e-03   2.7000000e+03
  -2.7122295e-03   2.7150000e+03
  -2.7630799e-03   2.7300000e+03
  -2.8151318e-03   2.7450000e+03
  -2.8680281e-03   2.7600000e+03
  -2.9212697e-03   2.7750000e+03
  -2.9747009e-03   2.7900000e+03
  -3.0287486e-03   2.8050000e+03
  -3.0842407e-03   2.8200000e+03
  -3.1420146e-03   2.8350000e+03
  -3.2027240e-03   2.8500000e+03
  -3.2668905e-03   2.8650000e+03
  -3.3349653e-03   2.8800000e+03
  -3.4072199e-03   2.8950000e+03
  -3.4835809e-03   2.9100000e+03
  -3.5636581e-03   2.9250000e+03
  -3.6469214e-03   2.9400000e+03
  -3.7327218e-03   2.9550000e+03
  -3.8201928e-03   2.9700000e+03
  -3.9083231e-03   2.9850000e+03
  -3.9962954e-03   3.0000000e+03
  -4.0838891e-03   3.0150000e+03
  -4.1715903e-03   3.0300000e+03
  -4.2603407e-03   3.0450000e+03
  -4.3510585e-03   3.0600000e+03
  -4.4441316e-03   3.0750000e+03
  -4.5389924e-03   3.0900000e+03
  -4.6338881e-03   3.1050000e+03
  -4.7257072e-03   3.1200000e+03
  -4.8097242e-03   3.1350000e+03
  -4.8790635e-03   3.1500000e+03
  -4.9236044e-03   3.1650000e+03
  -4.9281199e-03   3.1800000e+03
  -4.8694797e-03   3.1950000e+03
  -4.7129001e-03   3.2100000e+03
  -4.4072992e-03   3.2250000e+03
  -3.8799797e-03   3.2400000e+03
  -3.0309749e-03   3.2550000e+03
  -1.7282433e-03   3.2700000e+03
   1.9397149e-04   3.2850000e+03
   2.9303594e-03   3.3000000e+03
   6.6902181e-03   3.3150000e+03
   1.1671696e-02   3.3300000e+03
   1.8024867e-02   3.3450000e+03
   2.5807129e-02   3.3600000e+03
   3.4939121e-02   3.3750000e+03
   4.5174278e-02   3.3900000e+03
   5.6097586e-02   3.4050000e+03
   6.7165650e-02   3.4200000e+03
   7.7789627e-02   3.4350000e+03
   8.7445743e-02   3.4500000e+03
   9.5780775e-02   3.4650000e+03
   1.0267011e-01   3.4800000e+03
   1.0819221e-01   3.4950000e+03
   1.1250822e-01   3.5100000e+03
   1.1567479e-01   3.5250000e+03
   1.1745693e-01   3.5400000e+03
   1.1722821e-01   3.5550000e+03
   1.1403237e-01   3.5700000e+03
   1.0682988e-01   3.5850000e+03
   9.4881549e-02   3.6000000e+03
   7.8155130e-02   3.6150000e+03
   5.7611715e-02   3.6300000e+03
   3.5248216e-02   3.6450000e+03
   1.3835123e-02   3.6600000e+03
  -3.6288705e-03   3.6750000e+03
  -1.4645267e-02   3.6900000e+03
  -1.7968990e-02   3.7050000e+03
  -1.4196539e-02   3.7200000e+03
  -5.9983018e-03   3.7350000e+03
   2.1583769e-03   3.7500000e+03
   4.8637870e-03   3.7650000e+03
  -2.8674759e-03   3.7800000e+03
  -2.3951069e-02   3.7950000e+03
  -5.7709131e-02   3.8100000e+03
  -9.8982945e-02   3.8250000e+03
  -1.3839427e-01   3.8400000e+03
  -1.6408309e-01   3.8550000e+03
  -1.6484921e-01   3.8700000e+03
  -1.3405834e-01   3.8850000e+03
  -7.3114149e-02   3.9000000e+03
   6.9733518e-03   3.9150000e+03
   8.7103978e-02   3.9300000e+03
   1.4493541e-01   3.9450000e+03
   1.6196394e-01   3.9600000e+03
   1.3051419e-01   3.9750000e+03
   5.7839163e-02   3.9900000e+03
  -3.4786910e-02   4.0050000e+03
  -1.1833905e-01   4.0200000e+03
  -1.6581054e-01   4.0350000e+03
  -1.6189247e-01   4.0500000e+03
  -1.0863807e-01   4.0650000e+03
  -2.4589881e-02   4.0800000e+03
   6.2453654e-02   4.0950000e+03
   1.2602943e-01   4.1100000e+03
   1.5039192e-01   4.1250000e+03
   1.3470872e-01   4.1400000e+03
   9.0662457e-02   4.1550000e+03
   3.5326868e-02   4.1700000e+03
  -1.6602470e-02   4.1850000e+03
  -5.7252038e-02   4.2000000e+03
  -8.5088134e-02   4.2150000e+03
  -1.0108254e-01   4.2300000e+03
  -1.0505194e-01   4.2450000e+03
  -9.5132709e-02   4.2600000e+03
  -7.0660025e-02   4.2750000e+03
  -3.5822060e-02   4.2900000e+03
  -5.3451961e-04   4.3050000e+03
   2.3147935e-02   4.3200000e+03
   2.7362036e-02   4.3350000e+03
   1.3380312e-02   4.3500000e+03
  -8.4418515e-03   4.3650000e+03
  -2.4106475e-02   4.3800000e+03
  -2.3553120e-02   4.3950000e+03
  -5.7279537e-03   4.4100000e+03
   2.1707160e-02   4.4250000e+03
   4.7296852e-02   4.4400000e+03
   6.1908979e-02   4.4550000e+03
   6.2524088e-02   4.4700000e+03
   5.2316297e-02   4.4850000e+03
   3.8050003e-02   4.5000000e+03
