  -9.0825150e-04   0.0000000e+00
  -9.0825325e-04   1.5000000e+01
  -9.0826768e-04   3.0000000e+01
  -9.0831425e-04   4.5000000e+01
  -9.0838765e-04   6.0000000e+01
  -9.0845226e-04   7.5000000e+01
  -9.0847327e-04   9.0000000e+01
  -9.0846769e-04   1.0500000e+02
  -9.0850674e-04   1.2000000e+02
  -9.0864731e-04   1.3500000e+02
  -9.0884115e-04   1.5000000e+02
  -9.0884842e-04   1.6500000e+02
  -9.0802985e-04   1.8000000e+02
  -9.0431713e-04   1.9500000e+02
  -8.9163141e-04   2.1000000e+02
  -8.5709972e-04   2.2500000e+02
  -7.8388531e-04   2.4000000e+02
  -6.6626671e-04   2.5500000e+02
  -5.3091155e-04   2.7000000e+02
  -4.3742912e-04   2.8500000e+02
  -4.3550390e-04   3.0000000e+02
  -5.0763617e-04   3.1500000e+02
  -5.7147897e-04   3.3000000e+02
  -5.6429679e-04   3.4500000e+02
  -5.1501463e-04   3.6000000e+02
  -5.0020718e-04   3.7500000e+02
  -5.3689221e-04   3.9000000e+02
  -5.6693150e-04   4.0500000e+02
  -5.5257021e-04   4.2000000e+02
  -5.2924763e-04   4.3500000e+02
  -5.3817674e-04   4.5000000e+02
  -5.6100334e-04   4.6500000e+02
  -5.6177087e-04   4.8000000e+02
  -5.4967240e-04   4.9500000e+02
  -5.5398158e-04   5.1000000e+02
  -5.6999060e-04   5.2500000e+02
  -5.7423784e-04   5.4000000e+02
  -5.6868687e-04   5.5500000e+02
  -5.7138759e-04   5.7000000e+02
  -5.8144116e-04   5.8500000e+02
  -5.8490166e-04   6.0000000e+02
  -5.8254646e-04   6.1500000e+02
  -5.8558845e-04   6.3000000e+02
  -5.9329707e-04   6.4500000e+02
  -5.9675524e-04   6.6000000e+02
  -5.9640897e-04   6.7500000e+02
  -5.9758232e-04   6.9000000e+02
  -5.9678697e-04   7.0500000e+02
  -5.8653450e-04   7.2000000e+02
  -5.6564540e-04   7.3500000e+02
  -5.3580699e-04   7.5000000e+02
  -4.9756101e-04   7.6500000e+02
  -4.5773375e-04   7.8000000e+02
  -4.3338104e-04   7.9500000e+02
  -4.4080144e-04   8.1000000e+02
  -4.8151278e-04   8.2500000e+02
  -5.3846982e-04   8.4000000e+02
  -5.8333599e-04   8.5500000e+02
  -5.9323921e-04   8.7000000e+02
  -5.7053182e-04   8.8500000e+02
  -5.4535165e-04   9.0000000e+02
  -5.4885476e-04   9.1500000e+02
  -5.8080995e-04   9.3000000e+02
  -6.1022741e-04   9.4500000e+02
  -6.1166065e-04   9.6000000e+02
  -5.9455505e-04   9.7500000e+02
  -5.8930810e-04   9.9000000e+02
  -6.0782779e-04   1.0050000e+03
  -6.2998309e-04   1.0200000e+03
  -6.3326978e-04   1.0350000e+03
  -6.2354747e-04   1.0500000e+03
  -6.2331092e-04   1.0650000e+03
  -6.3692598e-04   1.0800000e+03
  -6.4656005e-04   1.0950000e+03
  -6.4298138e-04   1.1100000e+03
  -6.3985400e-04   1.1250000e+03
  -6.4955873e-04   1.1400000e+03
  -6.6309131e-04   1.1550000e+03
  -6.6715694e-04   1.1700000e+03
  -6.6681689e-04   1.1850000e+03
  -6.7522470e-04   1.2000000e+03
  -6.9136714e-04   1.2150000e+03
  -7.0468051e-04   1.2300000e+03
  -7.1439426e-04   1.2450000e+03
  -7.2783697e-04   1.2600000e+03
  -7.4429892e-04   1.2750000e+03
  -7.5585587e-04   1.2900000e+03
  -7.6157576e-04   1.3050000e+03
  -7.6788536e-04   1.3200000e+03
  -7.7682908e-04   1.3350000e+03
  -7.8517315e-04   1.3500000e+03
  -7.9310703e-04   1.3650000e+03
  -8.0392603e-04   1.3800000e+03
  -8.1695989e-04   1.3950000e+03
  -8.2904415e-04   1.4100000e+03
  -8.4091543e-04   1.4250000e+03
  -8.5520867e-04   1.4400000e+03
  -8.7046082e-04   1.4550000e+03
  -8.8302896e-04   1.4700000e+03
  -8.9263904e-04   1.4850000e+03
  -9.0151117e-04   1.5000000e+03
  -9.1073813e-04   1.5150000e+03
  -9.2097360e-04   1.5300000e+03
  -9.3363441e-04   1.5450000e+03
  -9.4860909e-04   1.5600000e+03
  -9.6361974e-04   1.5750000e+03
  -9.7754993e-04   1.5900000e+03
  -9.9177728e-04   1.6050000e+03
  -1.0075127e-03   1.6200000e+03
  -1.0244790e-03   1.6350000e+03
  -1.0423969e-03   1.6500000e+03
  -1.0613899e-03   1.6650000e+03
  -1.0810116e-03   1.6800000e+03
  -1.1006887e-03   1.6950000e+03
  -1.1208520e-03   1.7100000e+03
  -1.1423976e-03   1.7250000e+03
  -1.1652970e-03   1.7400000e+03
  -1.1883533e-03   1.7550000e+03
  -1.2099812e-03   1.7700000e+03
  -1.2292482e-03   1.7850000e+03
  -1.2467764e-03   1.8000000e+03
  -1.2643491e-03   1.8150000e+03
  -1.2830428e-03   1.8300000e+03
  -1.3024079e-03   1.8450000e+03
  -1.3220130e-03   1.8600000e+03
  -1.3426410e-03   1.8750000e+03
  -1.3650584e-03   1.8900000e+03
  -1.3886575e-03   1.9050000e+03
  -1.4122785e-03   1.9200000e+03
  -1.4356235e-03   1.9350000e+03
  -1.4591112e-03   1.9500000e+03
  -1.4830545e-03   1.9650000e+03
  -1.5077903e-03   1.9800000e+03
  -1.5342035e-03   1.9950000e+03
  -1.5632026e-03   2.0100000e+03
  -1.5945740e-03   2.0250000e+03
  -1.6270583e-03   2.0400000e+03
  -1.6598821e-03   2.0550000e+03
  -1.6938112e-03   2.0700000e+03
  -1.7302741e-03   2.0850000e+03
  -1.7696071e-03   2.1000000e+03
  -1.8105033e-03   2.1150000e+03
  -1.8511626e-03   2.1300000e+03
  -1.8907941e-03   2.1450000e+03
  -1.9301951e-03   2.1600000e+03
  -1.9710800e-03   2.1750000e+03
  -2.0147637e-03   2.1900000e+03
  -2.0613547e-03   2.2050000e+03
  -2.1101432e-03   2.2200000e+03
  -2.1605794e-03   2.2350000e+03
  -2.2124574e-03   2.2500000e+03
  -2.2652289e-03   2.2650000e+03
  -2.3178365e-03   2.2800000e+03
  -2.3696029e-03   2.2950000e+03
  -2.4209986e-03   2.3100000e+03
  -2.4732214e-03   2.3250000e+03
  -2.5272628e-03   2.3400000e+03
  -2.5835629e-03   2.3550000e+03
  -2.6422017e-03   2.3700000e+03
  -2.7030902e-03   2.3850000e+03
  -2.7661349e-03   2.4000000e+03
  -2.8316237e-03   2.4150000e+03
  -2.9006035e-03   2.4300000e+03
  -2.9746017e-03   2.4450000e+03
  -3.0546382e-03   2.4600000e+03
  -3.1402889e-03   2.4750000e+03
  -3.2297645e-03   2.4900000e+03
  -3.3213720e-03   2.5050000e+03
  -3.4155257e-03   2.5200000e+03
  -3.5155185e-03   2.5350000e+03
  -3.6261003e-03   2.5500000e+03
  -3.7509929e-03   2.5650000e+03
  -3.8914885e-03   2.5800000e+03
  -4.0472089e-03   2.5950000e+03
  -4.2181145e-03   2.6100000e+03
  -4.4060280e-03   2.6250000e+03
  -4.6145935e-03   2.6400000e+03
  -4.8478628e-03   2.6550000e+03
  -5.1089884e-03   2.6700000e+03
  -5.4003848e-03   2.6850000e+03
  -5.7250895e-03   2.7000000e+03
  -6.0875299e-03   2.7150000e+03
  -6.4923852e-03   2.7300000e+03
  -6.9421916e-03   2.7450000e+03
  -7.4348380e-03   2.7600000e+03
  -7.9598036e-03   2.7750000e+03
  -8.4892521e-03   2.7900000e+03
  -8.9598987e-03   2.8050000e+03
  -9.2444671e-03   2.8200000e+03
  -9.1162240e-03   2.8350000e+03
  -8.2148667e-03   2.8500000e+03
  -6.0271998e-03   2.8650000e+03
  -1.9019879e-03   2.8800000e+03
   4.8775799e-03   2.8950000e+03
   1.4946013e-02   2.9100000e+03
   2.8638162e-02   2.9250000e+03
   4.5750644e-02   2.9400000e+03
   6.5377034e-02   2.9550000e+03
   8.5934334e-02   2.9700000e+03
   1.0546467e-01   2.9850000e+03
   1.2219140e-01   3.0000000e+03
   1.3515387e-01   3.0150000e+03
   1.4460941e-01   3.0300000e+03
   1.5187266e-01   3.0450000e+03
   1.5844001e-01   3.0600000e+03
   1.6459998e-01   3.0750000e+03
   1.6811730e-01   3.0900000e+03
   1.6376354e-01   3.1050000e+03
   1.4427617e-01   3.1200000e+03
   1.0277027e-01   3.1350000e+03
   3.5945058e-02   3.1500000e+03
  -5.3041160e-02   3.1650000e+03
  -1.5319265e-01   3.1800000e+03
  -2.4659480e-01   3.1950000e+03
  -3.1185314e-01   3.2100000e+03
  -3.2963130e-01   3.2250000e+03
  -2.8914979e-01   3.2400000e+03
  -1.9374463e-01   3.2550000e+03
  -6.3100792e-02   3.2700000e+03
   6.9822170e-02   3.2850000e+03
   1.6747624e-01   3.3000000e+03
   1.9981469e-01   3.3150000e+03
   1.5552878e-01   3.3300000e+03
   4.7900405e-02   3.3450000e+03
  -8.7476254e-02   3.3600000e+03
  -2.0297650e-01   3.3750000e+03
  -2.5443867e-01   3.3900000e+03
  -2.1725583e-01   3.4050000e+03
  -9.7496822e-02   3.4200000e+03
   6.7194946e-02   3.4350000e+03
   2.1950594e-01   3.4500000e+03
   3.0435589e-01   3.4650000e+03
   2.9201856e-01   3.4800000e+03
   1.9123517e-01   3.4950000e+03
   4.5060307e-02   3.5100000e+03
  -8.8986479e-02   3.5250000e+03
  -1.6459420e-01   3.5400000e+03
  -1.6565166e-01   3.5550000e+03
  -1.1008514e-01   3.5700000e+03
  -3.7747692e-02   3.5850000e+03
   1.1182563e-02   3.6000000e+03
   1.6729463e-02   3.6150000e+03
  -1.1641036e-02   3.6300000e+03
  -4.2151317e-02   3.6450000e+03
  -4.0895596e-02   3.6600000e+03
   5.9108334e-03   3.6750000e+03
   8.0776401e-02   3.6900000e+03
   1.4260764e-01   3.7050000e+03
   1.5033920e-01   3.7200000e+03
   8.9480750e-02   3.7350000e+03
  -1.5179129e-02   3.7500000e+03
  -1.1113528e-01   3.7650000e+03
  -1.4955360e-01   3.7800000e+03
  -1.1699156e-01   3.7950000e+03
  -4.4580523e-02   3.8100000e+03
   1.3979437e-02   3.8250000e+03
   2.0752652e-02   3.8400000e+03
  -2.0500205e-02   3.8550000e+03
  -7.0359394e-02   3.8700000e+03
  -8.5453399e-02   3.8850000e+03
  -4.9302787e-02   3.9000000e+03
   2.0886809e-02   3.9150000e+03
   9.1785990e-02   3.9300000e+03
   1.3617130e-01   3.9450000e+03
   1.4156780e-01   3.9600000e+03
   1.0575090e-01   3.9750000e+03
   3.3441588e-02   3.9900000e+03
  -5.7987910e-02   4.0050000e+03
  -1.3387303e-01   4.0200000e+03
  -1.5411970e-01   4.0350000e+03
  -9.9906638e-02   4.0500000e+03
   7.4724229e-03   4.0650000e+03
   1.1635420e-01   4.0800000e+03
   1.7714354e-01   4.0950000e+03
   1.6935678e-01   4.1100000e+03
   1.0351308e-01   4.1250000e+03
   6.5117837e-03   4.1400000e+03
  -8.8208623e-02   4.1550000e+03
  -1.4253750e-01   4.1700000e+03
  -1.2525901e-01   4.1850000e+03
  -3.9524242e-02   4.2000000e+03
   6.1544973e-02   4.2150000e+03
   1.0504852e-01   4.2300000e+03
   6.2183395e-02   4.2450000e+03
  -1.7448749e-02   4.2600000e+03
  -4.9207665e-02   4.2750000e+03
  -5.9563766e-04   4.2900000e+03
   7.0526354e-02   4.3050000e+03
   7.5587258e-02   4.3200000e+03
  -7.2371499e-03   4.3350000e+03
  -1.0626188e-01   4.3500000e+03
  -1.3208041e-01   4.3650000e+03
  -7.0454895e-02   4.3800000e+03
   1.1866963e-02   4.3950000e+03
   4.9013022e-02   4.4100000e+03
   4.4885904e-02   4.4250000e+03
   5.0530002e-02   4.4400000e+03
   8.5699528e-02   4.4550000e+03
   1.0545924e-01   4.4700000e+03
   5.3202569e-02   4.4850000e+03
  -6.4233825e-02   4.5000000e+03
