  -1.3768452e-03   0.0000000e+00
  -1.3768475e-03   1.5000000e+01
  -1.3768708e-03   3.0000000e+01
  -1.3769413e-03   4.5000000e+01
  -1.3770430e-03   6.0000000e+01
  -1.3771122e-03   7.5000000e+01
  -1.3771058e-03   9.0000000e+01
  -1.3770662e-03   1.0500000e+02
  -1.3771132e-03   1.2000000e+02
  -1.3773333e-03   1.3500000e+02
  -1.3776338e-03   1.5000000e+02
  -1.3776304e-03   1.6500000e+02
  -1.3763246e-03   1.8000000e+02
  -1.3705281e-03   1.9500000e+02
  -1.3508622e-03   2.1000000e+02
  -1.2974333e-03   2.2500000e+02
  -1.1841832e-03   2.4000000e+02
  -1.0021711e-03   2.5500000e+02
  -7.9250825e-04   2.7000000e+02
  -6.4725371e-04   2.8500000e+02
  -6.4327917e-04   3.0000000e+02
  -7.5374881e-04   3.1500000e+02
  -8.5157214e-04   3.3000000e+02
  -8.3978637e-04   3.4500000e+02
  -7.6291256e-04   3.6000000e+02
  -7.3916861e-04   3.7500000e+02
  -7.9495629e-04   3.9000000e+02
  -8.4061141e-04   4.0500000e+02
  -8.1782707e-04   4.2000000e+02
  -7.8124559e-04   4.3500000e+02
  -7.9445582e-04   4.5000000e+02
  -8.2913594e-04   4.6500000e+02
  -8.2973111e-04   4.8000000e+02
  -8.1035675e-04   4.9500000e+02
  -8.1620121e-04   5.1000000e+02
  -8.4004650e-04   5.2500000e+02
  -8.4569841e-04   5.4000000e+02
  -8.3618815e-04   5.5500000e+02
  -8.3941949e-04   5.7000000e+02
  -8.5405842e-04   5.8500000e+02
  -8.5857121e-04   6.0000000e+02
  -8.5410965e-04   6.1500000e+02
  -8.5796136e-04   6.3000000e+02
  -8.6906011e-04   6.4500000e+02
  -8.7371911e-04   6.6000000e+02
  -8.7268290e-04   6.7500000e+02
  -8.7429280e-04   6.9000000e+02
  -8.7340898e-04   7.0500000e+02
  -8.5882377e-04   7.2000000e+02
  -8.2911376e-04   7.3500000e+02
  -7.8714720e-04   7.5000000e+02
  -7.3353422e-04   7.6500000e+02
  -6.7769736e-04   7.8000000e+02
  -6.4399239e-04   7.9500000e+02
  -6.5557996e-04   8.1000000e+02
  -7.1421009e-04   8.2500000e+02
  -7.9544843e-04   8.4000000e+02
  -8.5932651e-04   8.5500000e+02
  -8.7368255e-04   8.7000000e+02
  -8.4198947e-04   8.8500000e+02
  -8.0712279e-04   9.0000000e+02
  -8.1332884e-04   9.1500000e+02
  -8.6000474e-04   9.3000000e+02
  -9.0278237e-04   9.4500000e+02
  -9.0549764e-04   9.6000000e+02
  -8.8188361e-04   9.7500000e+02
  -8.7541121e-04   9.9000000e+02
  -9.0302201e-04   1.0050000e+03
  -9.3591481e-04   1.0200000e+03
  -9.4184378e-04   1.0350000e+03
  -9.2902227e-04   1.0500000e+03
  -9.2961208e-04   1.0650000e+03
  -9.5008919e-04   1.0800000e+03
  -9.6509245e-04   1.0950000e+03
  -9.6121302e-04   1.1100000e+03
  -9.5779472e-04   1.1250000e+03
  -9.7272580e-04   1.1400000e+03
  -9.9351804e-04   1.1550000e+03
  -1.0012857e-03   1.1700000e+03
  -1.0030991e-03   1.1850000e+03
  -1.0176734e-03   1.2000000e+03
  -1.0436329e-03   1.2150000e+03
  -1.0657971e-03   1.2300000e+03
  -1.0827234e-03   1.2450000e+03
  -1.1045946e-03   1.2600000e+03
  -1.1303566e-03   1.2750000e+03
  -1.1487671e-03   1.2900000e+03
  -1.1585959e-03   1.3050000e+03
  -1.1691551e-03   1.3200000e+03
  -1.1834878e-03   1.3350000e+03
  -1.1969772e-03   1.3500000e+03
  -1.2098388e-03   1.3650000e+03
  -1.2268601e-03   1.3800000e+03
  -1.2472238e-03   1.3950000e+03
  -1.2664080e-03   1.4100000e+03
  -1.2853133e-03   1.4250000e+03
  -1.3075940e-03   1.4400000e+03
  -1.3311782e-03   1.4550000e+03
  -1.3508670e-03   1.4700000e+03
  -1.3661301e-03   1.4850000e+03
  -1.3799997e-03   1.5000000e+03
  -1.3941182e-03   1.5150000e+03
  -1.4096833e-03   1.5300000e+03
  -1.4287954e-03   1.5450000e+03
  -1.4511168e-03   1.5600000e+03
  -1.4732735e-03   1.5750000e+03
  -1.4938635e-03   1.5900000e+03
  -1.5151670e-03   1.6050000e+03
  -1.5389621e-03   1.6200000e+03
  -1.5645878e-03   1.6350000e+03
  -1.5913668e-03   1.6500000e+03
  -1.6194064e-03   1.6650000e+03
  -1.6480512e-03   1.6800000e+03
  -1.6763293e-03   1.6950000e+03
  -1.7047799e-03   1.7100000e+03
  -1.7349829e-03   1.7250000e+03
  -1.7674665e-03   1.7400000e+03
  -1.8008152e-03   1.7550000e+03
  -1.8323740e-03   1.7700000e+03
  -1.8600250e-03   1.7850000e+03
  -1.8842113e-03   1.8000000e+03
  -1.9076986e-03   1.8150000e+03
  -1.9325241e-03   1.8300000e+03
  -1.9583083e-03   1.8450000e+03
  -1.9843969e-03   1.8600000e+03
  -2.0118535e-03   1.8750000e+03
  -2.0418570e-03   1.8900000e+03
  -2.0736372e-03   1.9050000e+03
  -2.1055345e-03   1.9200000e+03
  -2.1369935e-03   1.9350000e+03
  -2.1683818e-03   1.9500000e+03
  -2.1998791e-03   1.9650000e+03
  -2.2318452e-03   1.9800000e+03
  -2.2656943e-03   1.9950000e+03
  -2.3029561e-03   2.0100000e+03
  -2.3434372e-03   2.0250000e+03
  -2.3853702e-03   2.0400000e+03
  -2.4276890e-03   2.0550000e+03
  -2.4714065e-03   2.0700000e+03
  -2.5182376e-03   2.0850000e+03
  -2.5683027e-03   2.1000000e+03
  -2.6197575e-03   2.1150000e+03
  -2.6704648e-03   2.1300000e+03
  -2.7197106e-03   2.1450000e+03
  -2.7685971e-03   2.1600000e+03
  -2.8191770e-03   2.1750000e+03
  -2.8729993e-03   2.1900000e+03
  -2.9301483e-03   2.2050000e+03
  -2.9897308e-03   2.2200000e+03
  -3.0511271e-03   2.2350000e+03
  -3.1141993e-03   2.2500000e+03
  -3.1783460e-03   2.2650000e+03
  -3.2423600e-03   2.2800000e+03
  -3.3056908e-03   2.2950000e+03
  -3.3691924e-03   2.3100000e+03
  -3.4341549e-03   2.3250000e+03
  -3.5011189e-03   2.3400000e+03
  -3.5700479e-03   2.3550000e+03
  -3.6410834e-03   2.3700000e+03
  -3.7145906e-03   2.3850000e+03
  -3.7907904e-03   2.4000000e+03
  -3.8700595e-03   2.4150000e+03
  -3.9536990e-03   2.4300000e+03
  -4.0437933e-03   2.4450000e+03
  -4.1417480e-03   2.4600000e+03
  -4.2467252e-03   2.4750000e+03
  -4.3556937e-03   2.4900000e+03
  -4.4656373e-03   2.5050000e+03
  -4.5763180e-03   2.5200000e+03
  -4.6910201e-03   2.5350000e+03
  -4.8142588e-03   2.5500000e+03
  -4.9483562e-03   2.5650000e+03
  -5.0918758e-03   2.5800000e+03
  -5.2408851e-03   2.5950000e+03
  -5.3915465e-03   2.6100000e+03
  -5.5416930e-03   2.6250000e+03
  -5.6899409e-03   2.6400000e+03
  -5.8325790e-03   2.6550000e+03
  -5.9602810e-03   2.6700000e+03
  -6.0566724e-03   2.6850000e+03
  -6.0981573e-03   2.7000000e+03
  -6.0513811e-03   2.7150000e+03
  -5.8652316e-03   2.7300000e+03
  -5.4578627e-03   2.7450000e+03
  -4.7015371e-03   2.7600000e+03
  -3.4067719e-03   2.7750000e+03
  -1.3052097e-03   2.7900000e+03
   1.9673610e-03   2.8050000e+03
   6.8797492e-03   2.8200000e+03
   1.3990857e-02   2.8350000e+03
   2.3894900e-02   2.8500000e+03
   3.7114516e-02   2.8650000e+03
   5.3941585e-02   2.8800000e+03
   7.4243158e-02   2.8950000e+03
   9.7274177e-02   2.9100000e+03
   1.2156546e-01   2.9250000e+03
   1.4497268e-01   2.9400000e+03
   1.6495663e-01   2.9550000e+03
   1.7910078e-01   2.9700000e+03
   1.8576385e-01   2.9850000e+03
   1.8465093e-01   3.0000000e+03
   1.7702889e-01   3.0150000e+03
   1.6536938e-01   3.0300000e+03
   1.5239824e-01   3.0450000e+03
   1.3981560e-01   3.0600000e+03
   1.2720144e-01   3.0750000e+03
   1.1168563e-01   3.0900000e+03
   8.8737339e-02   3.1050000e+03
   5.3961556e-02   3.1200000e+03
   5.2811773e-03   3.1350000e+03
  -5.5394825e-02   3.1500000e+03
  -1.2178376e-01   3.1650000e+03
  -1.8438245e-01   3.1800000e+03
  -2.3279139e-01   3.1950000e+03
  -2.5839224e-01   3.2100000e+03
  -2.5648075e-01   3.2250000e+03
  -2.2722039e-01   3.2400000e+03
  -1.7523667e-01   3.2550000e+03
  -1.0814662e-01   3.2700000e+03
  -3.4691110e-02   3.2850000e+03
   3.6719307e-02   3.3000000e+03
   9.8462358e-02   3.3150000e+03
   1.4321826e-01   3.3300000e+03
   1.6338581e-01   3.3450000e+03
   1.5165605e-01   3.3600000e+03
   1.0353005e-01   3.3750000e+03
   2.1245120e-02   3.3900000e+03
  -8.2875125e-02   3.4050000e+03
  -1.8617493e-01   3.4200000e+03
  -2.6009640e-01   3.4350000e+03
  -2.7872044e-01   3.4500000e+03
  -2.2859703e-01   3.4650000e+03
  -1.1582378e-01   3.4800000e+03
   3.3192035e-02   3.4950000e+03
   1.7871565e-01   3.5100000e+03
   2.8071427e-01   3.5250000e+03
   3.1328994e-01   3.5400000e+03
   2.7450019e-01   3.5550000e+03
   1.8680713e-01   3.5700000e+03
   8.7228991e-02   3.5850000e+03
   1.1152714e-02   3.6000000e+03
  -2.2770384e-02   3.6150000e+03
  -1.9308034e-02   3.6300000e+03
  -1.6010880e-03   3.6450000e+03
   2.8087059e-03   3.6600000e+03
  -2.2755396e-02   3.6750000e+03
  -7.5760975e-02   3.6900000e+03
  -1.3704316e-01   3.7050000e+03
  -1.8184459e-01   3.7200000e+03
  -1.9232817e-01   3.7350000e+03
  -1.6478804e-01   3.7500000e+03
  -1.0910124e-01   3.7650000e+03
  -4.2843927e-02   3.7800000e+03
   1.5520651e-02   3.7950000e+03
   5.1518828e-02   3.8100000e+03
   5.7476450e-02   3.8250000e+03
   3.4248151e-02   3.8400000e+03
  -8.2357610e-03   3.8550000e+03
  -5.3053923e-02   3.8700000e+03
  -8.1828460e-02   3.8850000e+03
  -8.1926972e-02   3.9000000e+03
  -5.1451154e-02   3.9150000e+03
   9.8519749e-04   3.9300000e+03
   6.1080631e-02   3.9450000e+03
   1.1446307e-01   3.9600000e+03
   1.4955042e-01   3.9750000e+03
   1.5762594e-01   3.9900000e+03
   1.3329676e-01   4.0050000e+03
   7.7829994e-02   4.0200000e+03
   3.5418526e-03   4.0350000e+03
  -6.6257626e-02   4.0500000e+03
  -1.0576297e-01   4.0650000e+03
  -1.0083438e-01   4.0800000e+03
  -5.9341818e-02   4.0950000e+03
  -8.3180889e-03   4.1100000e+03
   2.2724625e-02   4.1250000e+03
   2.1582900e-02   4.1400000e+03
   1.2658248e-03   4.1550000e+03
  -1.1013793e-02   4.1700000e+03
   4.1381489e-03   4.1850000e+03
   4.2695109e-02   4.2000000e+03
   8.0715403e-02   4.2150000e+03
   9.3862467e-02   4.2300000e+03
   7.6450922e-02   4.2450000e+03
   4.4307724e-02   4.2600000e+03
   1.9968031e-02   4.2750000e+03
   1.3717317e-02   4.2900000e+03
   1.6724862e-02   4.3050000e+03
   1.1266827e-02   4.3200000e+03
  -1.1749485e-02   4.3350000e+03
  -4.3371376e-02   4.3500000e+03
  -6.3106865e-02   4.3650000e+03
  -5.5472497e-02   4.3800000e+03
  -2.2525912e-02   4.3950000e+03
   1.7827392e-02   4.4100000e+03
   4.5633800e-02   4.4250000e+03
   5.2520927e-02   4.4400000e+03
   4.3849327e-02   4.4550000e+03
   2.9324122e-02   4.4700000e+03
   1.2875624e-02   4.4850000e+03
  -7.6359296e-03   4.5000000e+03
