  -3.7406611e-03   0.0000000e+00
  -3.7399051e-03   1.5000000e+01
  -3.7377288e-03   3.0000000e+01
  -3.7348433e-03   4.5000000e+01
  -3.7330985e-03   6.0000000e+01
  -3.7342147e-03   7.5000000e+01
  -3.7375549e-03   9.0000000e+01
  -3.7407880e-03   1.0500000e+02
  -3.7423908e-03   1.2000000e+02
  -3.7433009e-03   1.3500000e+02
  -3.7463335e-03   1.5000000e+02
  -3.7532002e-03   1.6500000e+02
  -3.7633849e-03   1.8000000e+02
  -3.7766290e-03   1.9500000e+02
  -3.7943302e-03   2.1000000e+02
  -3.8178270e-03   2.2500000e+02
  -3.8455494e-03   2.4000000e+02
  -3.8715508e-03   2.5500000e+02
  -3.8884941e-03   2.7000000e+02
  -3.8929512e-03   2.8500000e+02
  -3.8859097e-03   3.0000000e+02
  -3.8673466e-03   3.1500000e+02
  -3.8313598e-03   3.3000000e+02
  -3.7666690e-03   3.4500000e+02
  -3.6605296e-03   3.6000000e+02
  -3.5023333e-03   3.7500000e+02
  -3.2854022e-03   3.9000000e+02
  -3.0057398e-03   4.0500000e+02
  -2.6586191e-03   4.2000000e+02
  -2.2372166e-03   4.3500000e+02
  -1.7331663e-03   4.5000000e+02
  -1.1353488e-03   4.6500000e+02
  -4.2890580e-04   4.8000000e+02
   4.0174709e-04   4.9500000e+02
   1.3704143e-03   5.1000000e+02
   2.4928688e-03   5.2500000e+02
   3.7904279e-03   5.4000000e+02
   5.2875844e-03   5.5500000e+02
   7.0148781e-03   5.7000000e+02
   9.0191346e-03   5.8500000e+02
   1.1357259e-02   6.0000000e+02
   1.4072081e-02   6.1500000e+02
   1.7187819e-02   6.3000000e+02
   2.0734912e-02   6.4500000e+02
   2.4773214e-02   6.6000000e+02
   2.9402453e-02   6.7500000e+02
   3.4759752e-02   6.9000000e+02
   4.0988356e-02   7.0500000e+02
   4.8201766e-02   7.2000000e+02
   5.6496304e-02   7.3500000e+02
   6.5999985e-02   7.5000000e+02
   7.6911002e-02   7.6500000e+02
   8.9509994e-02   7.8000000e+02
   1.0410339e-01   7.9500000e+02
   1.2087034e-01   8.1000000e+02
   1.3974382e-01   8.2500000e+02
   1.6049330e-01   8.4000000e+02
   1.8293782e-01   8.5500000e+02
   2.0702878e-01   8.7000000e+02
   2.3270029e-01   8.8500000e+02
   2.5970069e-01   9.0000000e+02
   2.8762504e-01   9.1500000e+02
   3.1600812e-01   9.3000000e+02
   3.4417641e-01   9.4500000e+02
   3.7089548e-01   9.6000000e+02
   3.9417577e-01   9.7500000e+02
   4.1155735e-01   9.9000000e+02
   4.2093053e-01   1.0050000e+03
   4.2146745e-01   1.0200000e+03
   4.1382632e-01   1.0350000e+03
   3.9932275e-01   1.0500000e+03
   3.7894949e-01   1.0650000e+03
   3.5329399e-01   1.0800000e+03
   3.2322210e-01   1.0950000e+03
   2.9032871e-01   1.1100000e+03
   2.5660652e-01   1.1250000e+03
   2.2372429e-01   1.1400000e+03
   1.9264922e-01   1.1550000e+03
   1.6388683e-01   1.1700000e+03
   1.3789637e-01   1.1850000e+03
   1.1507787e-01   1.2000000e+03
   9.5378742e-02   1.2150000e+03
   7.8179829e-02   1.2300000e+03
   6.2739283e-02   1.2450000e+03
   4.8635591e-02   1.2600000e+03
   3.5692766e-02   1.2750000e+03
   2.3691131e-02   1.2900000e+03
   1.2399068e-02   1.3050000e+03
   1.8267287e-03   1.3200000e+03
  -7.7616558e-03   1.3350000e+03
  -1.6115163e-02   1.3500000e+03
  -2.3158474e-02   1.3650000e+03
  -2.8874354e-02   1.3800000e+03
  -3.3156198e-02   1.3950000e+03
  -3.5884663e-02   1.4100000e+03
  -3.7123319e-02   1.4250000e+03
  -3.7149053e-02   1.4400000e+03
  -3.6280040e-02   1.4550000e+03
  -3.4749504e-02   1.4700000e+03
  -3.2753054e-02   1.4850000e+03
  -3.0501759e-02   1.5000000e+03
  -2.8155740e-02   1.5150000e+03
  -2.5769031e-02   1.5300000e+03
  -2.3355525e-02   1.5450000e+03
  -2.0964535e-02   1.5600000e+03
  -1.8660836e-02   1.5750000e+03
  -1.6486991e-02   1.5900000e+03
  -1.4495190e-02   1.6050000e+03
  -1.2800028e-02   1.6200000e+03
  -1.1585756e-02   1.6350000e+03
  -1.1092073e-02   1.6500000e+03
  -1.1612514e-02   1.6650000e+03
  -1.3470343e-02   1.6800000e+03
  -1.6930334e-02   1.6950000e+03
  -2.2081833e-02   1.7100000e+03
  -2.8778862e-02   1.7250000e+03
  -3.6682315e-02   1.7400000e+03
  -4.5371991e-02   1.7550000e+03
  -5.4467123e-02   1.7700000e+03
  -6.3719012e-02   1.7850000e+03
  -7.3056832e-02   1.8000000e+03
  -8.2563385e-02   1.8150000e+03
  -9.2378117e-02   1.8300000e+03
  -1.0257493e-01   1.8450000e+03
  -1.1308213e-01   1.8600000e+03
  -1.2367182e-01   1.8750000e+03
  -1.3399585e-01   1.8900000e+03
  -1.4363585e-01   1.9050000e+03
  -1.5216166e-01   1.9200000e+03
  -1.5920888e-01   1.9350000e+03
  -1.6456807e-01   1.9500000e+03
  -1.6824487e-01   1.9650000e+03
  -1.7044872e-01   1.9800000e+03
  -1.7150426e-01   1.9950000e+03
  -1.7172547e-01   2.0100000e+03
  -1.7131059e-01   2.0250000e+03
  -1.7029788e-01   2.0400000e+03
  -1.6858852e-01   2.0550000e+03
  -1.6601583e-01   2.0700000e+03
  -1.6243485e-01   2.0850000e+03
  -1.5781282e-01   2.1000000e+03
  -1.5229960e-01   2.1150000e+03
  -1.4624467e-01   2.1300000e+03
  -1.4013314e-01   2.1450000e+03
  -1.3445552e-01   2.1600000e+03
  -1.2957832e-01   2.1750000e+03
  -1.2568672e-01   2.1900000e+03
  -1.2280985e-01   2.2050000e+03
  -1.2087251e-01   2.2200000e+03
  -1.1971582e-01   2.2350000e+03
  -1.1908979e-01   2.2500000e+03
  -1.1866369e-01   2.2650000e+03
  -1.1807460e-01   2.2800000e+03
  -1.1697892e-01   2.2950000e+03
  -1.1506773e-01   2.3100000e+03
  -1.1205985e-01   2.3250000e+03
  -1.0772227e-01   2.3400000e+03
  -1.0192935e-01   2.3550000e+03
  -9.4710343e-02   2.3700000e+03
  -8.6234197e-02   2.3850000e+03
  -7.6747037e-02   2.4000000e+03
  -6.6523328e-02   2.4150000e+03
  -5.5860952e-02   2.4300000e+03
  -4.5090433e-02   2.4450000e+03
  -3.4560841e-02   2.4600000e+03
  -2.4610624e-02   2.4750000e+03
  -1.5559254e-02   2.4900000e+03
  -7.7260770e-03   2.5050000e+03
  -1.4388551e-03   2.5200000e+03
   3.0063041e-03   2.5350000e+03
   5.4320600e-03   2.5500000e+03
   5.8768205e-03   2.5650000e+03
   4.6565877e-03   2.5800000e+03
   2.3549702e-03   2.5950000e+03
  -2.7778489e-04   2.6100000e+03
  -2.4997450e-03   2.6250000e+03
  -3.7633192e-03   2.6400000e+03
  -3.8316562e-03   2.6550000e+03
  -2.7784407e-03   2.6700000e+03
  -8.8251784e-04   2.6850000e+03
   1.5315752e-03   2.7000000e+03
   4.2452766e-03   2.7150000e+03
   7.2299698e-03   2.7300000e+03
   1.0621009e-02   2.7450000e+03
   1.4591080e-02   2.7600000e+03
   1.9199155e-02   2.7750000e+03
   2.4313010e-02   2.7900000e+03
   2.9646525e-02   2.8050000e+03
   3.4864657e-02   2.8200000e+03
   3.9670151e-02   2.8350000e+03
   4.3823883e-02   2.8500000e+03
   4.7117792e-02   2.8650000e+03
   4.9354255e-02   2.8800000e+03
   5.0368238e-02   2.8950000e+03
   5.0083008e-02   2.9100000e+03
   4.8556339e-02   2.9250000e+03
   4.5979846e-02   2.9400000e+03
   4.2630341e-02   2.9550000e+03
   3.8803212e-02   2.9700000e+03
   3.4757759e-02   2.9850000e+03
   3.0687230e-02   3.0000000e+03
   2.6715985e-02   3.0150000e+03
   2.2922061e-02   3.0300000e+03
   1.9371694e-02   3.0450000e+03
   1.6141150e-02   3.0600000e+03
   1.3311646e-02   3.0750000e+03
   1.0949302e-02   3.0900000e+03
   9.0936953e-03   3.1050000e+03
   7.7627380e-03   3.1200000e+03
   6.9594868e-03   3.1350000e+03
   6.6640028e-03   3.1500000e+03
   6.8120267e-03   3.1650000e+03
   7.2810124e-03   3.1800000e+03
   7.9024751e-03   3.1950000e+03
   8.4989034e-03   3.2100000e+03
   8.9235529e-03   3.2250000e+03
   9.0803951e-03   3.2400000e+03
   8.9167766e-03   3.2550000e+03
   8.3979061e-03   3.2700000e+03
   7.4814716e-03   3.2850000e+03
   6.1108400e-03   3.3000000e+03
   4.2332476e-03   3.3150000e+03
   1.8286153e-03   3.3300000e+03
  -1.0752965e-03   3.3450000e+03
  -4.4101416e-03   3.3600000e+03
  -8.0811540e-03   3.3750000e+03
  -1.1970290e-02   3.3900000e+03
  -1.5931454e-02   3.4050000e+03
  -1.9794013e-02   3.4200000e+03
  -2.3378443e-02   3.4350000e+03
  -2.6511542e-02   3.4500000e+03
  -2.9035350e-02   3.4650000e+03
  -3.0821577e-02   3.4800000e+03
  -3.1800393e-02   3.4950000e+03
  -3.1987328e-02   3.5100000e+03
  -3.1480499e-02   3.5250000e+03
  -3.0423990e-02   3.5400000e+03
  -2.8965877e-02   3.5550000e+03
  -2.7241351e-02   3.5700000e+03
  -2.5380874e-02   3.5850000e+03
  -2.3518333e-02   3.6000000e+03
  -2.1780886e-02   3.6150000e+03
  -2.0266492e-02   3.6300000e+03
  -1.9026784e-02   3.6450000e+03
  -1.8065400e-02   3.6600000e+03
  -1.7350189e-02   3.6750000e+03
  -1.6833270e-02   3.6900000e+03
  -1.6471474e-02   3.7050000e+03
  -1.6237957e-02   3.7200000e+03
  -1.6119301e-02   3.7350000e+03
  -1.6103182e-02   3.7500000e+03
  -1.6168835e-02   3.7650000e+03
  -1.6286302e-02   3.7800000e+03
  -1.6418779e-02   3.7950000e+03
  -1.6520709e-02   3.8100000e+03
  -1.6534396e-02   3.8250000e+03
  -1.6394649e-02   3.8400000e+03
  -1.6044252e-02   3.8550000e+03
  -1.5451392e-02   3.8700000e+03
  -1.4618319e-02   3.8850000e+03
  -1.3579710e-02   3.9000000e+03
  -1.2396770e-02   3.9150000e+03
  -1.1149828e-02   3.9300000e+03
  -9.9256588e-03   3.9450000e+03
  -8.7979389e-03   3.9600000e+03
  -7.8098848e-03   3.9750000e+03
  -6.9717825e-03   3.9900000e+03
  -6.2745395e-03   4.0050000e+03
  -5.7058823e-03   4.0200000e+03
  -5.2574063e-03   4.0350000e+03
  -4.9260044e-03   4.0500000e+03
  -4.7205039e-03   4.0650000e+03
  -4.6722614e-03   4.0800000e+03
  -4.8343828e-03   4.0950000e+03
  -5.2604186e-03   4.1100000e+03
  -5.9748087e-03   4.1250000e+03
  -6.9562136e-03   4.1400000e+03
  -8.1394659e-03   4.1550000e+03
  -9.4230641e-03   4.1700000e+03
  -1.0671293e-02   4.1850000e+03
  -1.1718415e-02   4.2000000e+03
  -1.2390004e-02   4.2150000e+03
  -1.2542300e-02   4.2300000e+03
  -1.2102067e-02   4.2450000e+03
  -1.1088042e-02   4.2600000e+03
  -9.6079307e-03   4.2750000e+03
  -7.8343647e-03   4.2900000e+03
  -5.9629553e-03   4.3050000e+03
  -4.1576936e-03   4.3200000e+03
  -2.5008409e-03   4.3350000e+03
  -9.7302900e-04   4.3500000e+03
   5.2185013e-04   4.3650000e+03
   2.0988709e-03   4.3800000e+03
   3.8313193e-03   4.3950000e+03
   5.7123872e-03   4.4100000e+03
   7.6485672e-03   4.4250000e+03
   9.4830543e-03   4.4400000e+03
   1.1042695e-02   4.4550000e+03
   1.2193570e-02   4.4700000e+03
   1.2880003e-02   4.4850000e+03
   1.3126049e-02   4.5000000e+03
