  -9.1304444e-03   0.0000000e+00
  -9.1295950e-03   1.5000000e+01
  -9.1275191e-03   3.0000000e+01
  -9.1260625e-03   4.5000000e+01
  -9.1279317e-03   6.0000000e+01
  -9.1352109e-03   7.5000000e+01
  -9.1477754e-03   9.0000000e+01
  -9.1639953e-03   1.0500000e+02
  -9.1829840e-03   1.2000000e+02
  -9.2060613e-03   1.3500000e+02
  -9.2356242e-03   1.5000000e+02
  -9.2727654e-03   1.6500000e+02
  -9.3173049e-03   1.8000000e+02
  -9.3689868e-03   1.9500000e+02
  -9.4273407e-03   2.1000000e+02
  -9.4920443e-03   2.2500000e+02
  -9.5636165e-03   2.4000000e+02
  -9.6422769e-03   2.5500000e+02
  -9.7264564e-03   2.7000000e+02
  -9.8136133e-03   2.8500000e+02
  -9.9026784e-03   3.0000000e+02
  -9.9949194e-03   3.1500000e+02
  -1.0092572e-02   3.3000000e+02
  -1.0197619e-02   3.4500000e+02
  -1.0310081e-02   3.6000000e+02
  -1.0425792e-02   3.7500000e+02
  -1.0539801e-02   3.9000000e+02
  -1.0654255e-02   4.0500000e+02
  -1.0776103e-02   4.2000000e+02
  -1.0903058e-02   4.3500000e+02
  -1.1021243e-02   4.5000000e+02
  -1.1122664e-02   4.6500000e+02
  -1.1215135e-02   4.8000000e+02
  -1.1310271e-02   4.9500000e+02
  -1.1412261e-02   5.1000000e+02
  -1.1522280e-02   5.2500000e+02
  -1.1643980e-02   5.4000000e+02
  -1.1779293e-02   5.5500000e+02
  -1.1925633e-02   5.7000000e+02
  -1.2082743e-02   5.8500000e+02
  -1.2254347e-02   6.0000000e+02
  -1.2436056e-02   6.1500000e+02
  -1.2613257e-02   6.3000000e+02
  -1.2778763e-02   6.4500000e+02
  -1.2939589e-02   6.6000000e+02
  -1.3103947e-02   6.7500000e+02
  -1.3274861e-02   6.9000000e+02
  -1.3450824e-02   7.0500000e+02
  -1.3619763e-02   7.2000000e+02
  -1.3759510e-02   7.3500000e+02
  -1.3848109e-02   7.5000000e+02
  -1.3865448e-02   7.6500000e+02
  -1.3786786e-02   7.8000000e+02
  -1.3576771e-02   7.9500000e+02
  -1.3176363e-02   8.1000000e+02
  -1.2480854e-02   8.2500000e+02
  -1.1314508e-02   8.4000000e+02
  -9.3912063e-03   8.5500000e+02
  -6.2407725e-03   8.7000000e+02
  -1.0819784e-03   8.8500000e+02
   7.3824525e-03   9.0000000e+02
   2.1261249e-02   9.1500000e+02
   4.3810148e-02   9.3000000e+02
   7.9638712e-02   9.4500000e+02
   1.3443348e-01   9.6000000e+02
   2.1364653e-01   9.7500000e+02
   3.1962007e-01   9.9000000e+02
   4.4719118e-01   1.0050000e+03
   5.7916057e-01   1.0200000e+03
   6.8473828e-01   1.0350000e+03
   7.2480774e-01   1.0500000e+03
   6.6568941e-01   1.0650000e+03
   4.9752977e-01   1.0800000e+03
   2.4726984e-01   1.0950000e+03
  -2.4944996e-02   1.1100000e+03
  -2.4896316e-01   1.1250000e+03
  -3.7648496e-01   1.1400000e+03
  -4.0175846e-01   1.1550000e+03
  -3.5736811e-01   1.1700000e+03
  -2.8958800e-01   1.1850000e+03
  -2.3238002e-01   1.2000000e+03
  -1.9663563e-01   1.2150000e+03
  -1.7574814e-01   1.2300000e+03
  -1.5717447e-01   1.2450000e+03
  -1.3164955e-01   1.2600000e+03
  -9.8701827e-02   1.2750000e+03
  -6.7811601e-02   1.2900000e+03
  -5.2291773e-02   1.3050000e+03
  -5.7887141e-02   1.3200000e+03
  -7.6517604e-02   1.3350000e+03
  -9.2860207e-02   1.3500000e+03
  -9.7060762e-02   1.3650000e+03
  -8.9757204e-02   1.3800000e+03
  -7.6269187e-02   1.3950000e+03
  -5.9866127e-02   1.4100000e+03
  -4.1629747e-02   1.4250000e+03
  -2.3214698e-02   1.4400000e+03
  -6.6530234e-03   1.4550000e+03
   7.5652809e-03   1.4700000e+03
   2.0307159e-02   1.4850000e+03
   3.2183819e-02   1.5000000e+03
   4.3140121e-02   1.5150000e+03
   5.2912969e-02   1.5300000e+03
   6.1010297e-02   1.5450000e+03
   6.6807196e-02   1.5600000e+03
   7.0023715e-02   1.5750000e+03
   7.0116915e-02   1.5900000e+03
   6.4956784e-02   1.6050000e+03
   5.1904086e-02   1.6200000e+03
   3.1723935e-02   1.6350000e+03
   1.0636810e-02   1.6500000e+03
  -3.1024176e-03   1.6650000e+03
  -4.9487357e-03   1.6800000e+03
   3.8522778e-03   1.6950000e+03
   1.8991660e-02   1.7100000e+03
   3.6419369e-02   1.7250000e+03
   5.2965458e-02   1.7400000e+03
   6.5457352e-02   1.7550000e+03
   7.0920564e-02   1.7700000e+03
   6.7957900e-02   1.7850000e+03
   5.7700798e-02   1.8000000e+03
   4.3711659e-02   1.8150000e+03
   3.0995836e-02   1.8300000e+03
   2.3669895e-02   1.8450000e+03
   2.1632010e-02   1.8600000e+03
   1.9209299e-02   1.8750000e+03
   8.6892676e-03   1.8900000e+03
  -1.3075801e-02   1.9050000e+03
  -4.0821370e-02   1.9200000e+03
  -6.3551947e-02   1.9350000e+03
  -7.1761839e-02   1.9500000e+03
  -6.3927069e-02   1.9650000e+03
  -4.8032973e-02   1.9800000e+03
  -3.6858648e-02   1.9950000e+03
  -3.9161347e-02   2.0100000e+03
  -5.2291356e-02   2.0250000e+03
  -6.2415600e-02   2.0400000e+03
  -5.3693291e-02   2.0550000e+03
  -2.0130182e-02   2.0700000e+03
   2.9322216e-02   2.0850000e+03
   7.6660782e-02   2.1000000e+03
   1.0665365e-01   2.1150000e+03
   1.1450260e-01   2.1300000e+03
   1.0325312e-01   2.1450000e+03
   7.4769795e-02   2.1600000e+03
   2.4980959e-02   2.1750000e+03
  -4.9537111e-02   2.1900000e+03
  -1.3877201e-01   2.2050000e+03
  -2.1434946e-01   2.2200000e+03
  -2.4145797e-01   2.2350000e+03
  -2.0072903e-01   2.2500000e+03
  -1.0244334e-01   2.2650000e+03
   1.8296164e-02   2.2800000e+03
   1.1984687e-01   2.2950000e+03
   1.7069051e-01   2.3100000e+03
   1.5631105e-01   2.3250000e+03
   8.0724403e-02   2.3400000e+03
  -3.1308882e-02   2.3550000e+03
  -1.3572218e-01   2.3700000e+03
  -1.8415788e-01   2.3850000e+03
  -1.5106639e-01   2.4000000e+03
  -5.3752035e-02   2.4150000e+03
   5.4804459e-02   2.4300000e+03
   1.1895196e-01   2.4450000e+03
   1.1449187e-01   2.4600000e+03
   5.8510158e-02   2.4750000e+03
  -8.6957775e-03   2.4900000e+03
  -5.1759481e-02   2.5050000e+03
  -5.7982970e-02   2.5200000e+03
  -3.7108168e-02   2.5350000e+03
  -8.8629024e-03   2.5500000e+03
   1.1067312e-02   2.5650000e+03
   1.8174892e-02   2.5800000e+03
   1.6676119e-02   2.5950000e+03
   1.1675183e-02   2.6100000e+03
   3.9804243e-03   2.6250000e+03
  -7.8308685e-03   2.6400000e+03
  -2.1726077e-02   2.6550000e+03
  -3.0749379e-02   2.6700000e+03
  -2.8740393e-02   2.6850000e+03
  -1.7589968e-02   2.7000000e+03
  -7.6933131e-03   2.7150000e+03
  -9.5767677e-03   2.7300000e+03
  -2.3718540e-02   2.7450000e+03
  -3.8437504e-02   2.7600000e+03
  -3.8989898e-02   2.7750000e+03
  -2.0179585e-02   2.7900000e+03
   9.4947582e-03   2.8050000e+03
   3.6113650e-02   2.8200000e+03
   5.2020632e-02   2.8350000e+03
   5.8704980e-02   2.8500000e+03
   5.9770122e-02   2.8650000e+03
   5.4794077e-02   2.8800000e+03
   4.2193003e-02   2.8950000e+03
   2.5668498e-02   2.9100000e+03
   1.3393757e-02   2.9250000e+03
   9.6040629e-03   2.9400000e+03
   9.7263930e-03   2.9550000e+03
   5.9402576e-03   2.9700000e+03
  -4.0063024e-03   2.9850000e+03
  -1.5740609e-02   3.0000000e+03
  -2.4613937e-02   3.0150000e+03
  -2.9549951e-02   3.0300000e+03
  -3.0200081e-02   3.0450000e+03
  -2.4364842e-02   3.0600000e+03
  -1.1741218e-02   3.0750000e+03
   1.2418270e-03   3.0900000e+03
   4.3936586e-03   3.1050000e+03
  -7.1070055e-03   3.1200000e+03
  -2.8462166e-02   3.1350000e+03
  -5.0913159e-02   3.1500000e+03
  -6.9291100e-02   3.1650000e+03
  -8.2068652e-02   3.1800000e+03
  -8.6220384e-02   3.1950000e+03
  -7.6459609e-02   3.2100000e+03
  -5.1054377e-02   3.2250000e+03
  -1.6046716e-02   3.2400000e+03
   1.8420424e-02   3.2550000e+03
   4.5296699e-02   3.2700000e+03
   6.3175455e-02   3.2850000e+03
   7.3319986e-02   3.3000000e+03
   7.6849923e-02   3.3150000e+03
   7.5028427e-02   3.3300000e+03
   6.9834195e-02   3.3450000e+03
   6.2448509e-02   3.3600000e+03
   5.1828053e-02   3.3750000e+03
   3.6040232e-02   3.3900000e+03
   1.4984258e-02   3.4050000e+03
  -8.7549156e-03   3.4200000e+03
  -3.1402405e-02   3.4350000e+03
  -4.9696784e-02   3.4500000e+03
  -6.1593857e-02   3.4650000e+03
  -6.6600963e-02   3.4800000e+03
  -6.6064253e-02   3.4950000e+03
  -6.2676989e-02   3.5100000e+03
  -5.9031390e-02   3.5250000e+03
  -5.6267343e-02   3.5400000e+03
  -5.3735539e-02   3.5550000e+03
  -4.9532816e-02   3.5700000e+03
  -4.1400518e-02   3.5850000e+03
  -2.7727280e-02   3.6000000e+03
  -8.3378414e-03   3.6150000e+03
   1.5320631e-02   3.6300000e+03
   4.0472399e-02   3.6450000e+03
   6.3325539e-02   3.6600000e+03
   7.9506509e-02   3.6750000e+03
   8.5153937e-02   3.6900000e+03
   7.8399524e-02   3.7050000e+03
   6.0047187e-02   3.7200000e+03
   3.2972068e-02   3.7350000e+03
   1.2916552e-03   3.7500000e+03
  -2.9665442e-02   3.7650000e+03
  -5.3273913e-02   3.7800000e+03
  -6.2946215e-02   3.7950000e+03
  -5.4993149e-02   3.8100000e+03
  -3.1117130e-02   3.8250000e+03
   1.5216446e-03   3.8400000e+03
   3.2967974e-02   3.8550000e+03
   5.4317906e-02   3.8700000e+03
   6.0705382e-02   3.8850000e+03
   5.2227374e-02   3.9000000e+03
   3.2920051e-02   3.9150000e+03
   8.7925233e-03   3.9300000e+03
  -1.4035344e-02   3.9450000e+03
  -3.0621253e-02   3.9600000e+03
  -3.7997957e-02   3.9750000e+03
  -3.5671618e-02   3.9900000e+03
  -2.5779177e-02   4.0050000e+03
  -1.2656824e-02   4.0200000e+03
  -1.6683023e-03   4.0350000e+03
   2.4734435e-03   4.0500000e+03
  -2.6906803e-03   4.0650000e+03
  -1.6393336e-02   4.0800000e+03
  -3.4550175e-02   4.0950000e+03
  -5.0653193e-02   4.1100000e+03
  -5.7781685e-02   4.1250000e+03
  -5.1503789e-02   4.1400000e+03
  -3.2483917e-02   4.1550000e+03
  -6.9834585e-03   4.1700000e+03
   1.5715551e-02   4.1850000e+03
   2.7874934e-02   4.2000000e+03
   2.7167115e-02   4.2150000e+03
   1.7421156e-02   4.2300000e+03
   5.7593891e-03   4.2450000e+03
  -2.1020512e-03   4.2600000e+03
  -5.3706104e-03   4.2750000e+03
  -8.0401171e-03   4.2900000e+03
  -1.4957126e-02   4.3050000e+03
  -2.6875053e-02   4.3200000e+03
  -3.8569715e-02   4.3350000e+03
  -4.2106353e-02   4.3500000e+03
  -3.3104870e-02   4.3650000e+03
  -1.4896144e-02   4.3800000e+03
   3.1900187e-03   4.3950000e+03
   1.2296451e-02   4.4100000e+03
   1.0078504e-02   4.4250000e+03
   1.6065820e-03   4.4400000e+03
  -5.0669787e-03   4.4550000e+03
  -4.6620341e-03   4.4700000e+03
   2.5235538e-03   4.4850000e+03
   1.1831583e-02   4.5000000e+03
