   1.0003889e-02   0.0000000e+00
   1.0003390e-02   1.5000000e+01
   1.0001109e-02   3.0000000e+01
   9.9961199e-03   4.5000000e+01
   9.9888174e-03   6.0000000e+01
   9.9795936e-03   7.5000000e+01
   9.9686626e-03   9.0000000e+01
   9.9572316e-03   1.0500000e+02
   9.9460566e-03   1.2000000e+02
   9.9337101e-03   1.3500000e+02
   9.9186674e-03   1.5000000e+02
   9.9012423e-03   1.6500000e+02
   9.8819314e-03   1.8000000e+02
   9.8601812e-03   1.9500000e+02
   9.8354192e-03   2.1000000e+02
   9.8074572e-03   2.2500000e+02
   9.7762002e-03   2.4000000e+02
   9.7416611e-03   2.5500000e+02
   9.7036259e-03   2.7000000e+02
   9.6616037e-03   2.8500000e+02
   9.6156914e-03   3.0000000e+02
   9.5667932e-03   3.1500000e+02
   9.5153600e-03   3.3000000e+02
   9.4603468e-03   3.4500000e+02
   9.4004730e-03   3.6000000e+02
   9.3362210e-03   3.7500000e+02
   9.2691444e-03   3.9000000e+02
   9.1991946e-03   4.0500000e+02
   9.1229305e-03   4.2000000e+02
   9.0342127e-03   4.3500000e+02
   8.9272112e-03   4.5000000e+02
   8.7965056e-03   4.6500000e+02
   8.6288666e-03   4.8000000e+02
   8.3919596e-03   4.9500000e+02
   8.0326535e-03   5.1000000e+02
   7.4954820e-03   5.2500000e+02
   6.7646047e-03   5.4000000e+02
   5.9150993e-03   5.5500000e+02
   5.1325606e-03   5.7000000e+02
   4.6498915e-03   5.8500000e+02
   4.5964113e-03   6.0000000e+02
   4.8554805e-03   6.1500000e+02
   5.0852397e-03   6.3000000e+02
   4.9549500e-03   6.4500000e+02
   4.4236393e-03   6.6000000e+02
   3.7730674e-03   6.7500000e+02
   3.3108722e-03   6.9000000e+02
   3.0387347e-03   7.0500000e+02
   2.6757047e-03   7.2000000e+02
   2.0279016e-03   7.3500000e+02
   1.2487554e-03   7.5000000e+02
   6.5382820e-04   7.6500000e+02
   3.4173275e-04   7.8000000e+02
   1.3136391e-04   7.9500000e+02
  -1.3949885e-04   8.1000000e+02
  -4.3056608e-04   8.2500000e+02
  -6.8729371e-04   8.4000000e+02
  -1.0385320e-03   8.5500000e+02
  -1.6320029e-03   8.7000000e+02
  -2.3706774e-03   8.8500000e+02
  -3.0144814e-03   9.0000000e+02
  -3.4840426e-03   9.1500000e+02
  -3.7864337e-03   9.3000000e+02
  -3.5015785e-03   9.4500000e+02
  -1.3055997e-03   9.6000000e+02
   5.4177996e-03   9.7500000e+02
   2.1463817e-02   9.9000000e+02
   5.5401783e-02   1.0050000e+03
   1.2104004e-01   1.0200000e+03
   2.3718612e-01   1.0350000e+03
   4.2355067e-01   1.0500000e+03
   6.9011390e-01   1.0650000e+03
   1.0187480e+00   1.0800000e+03
   1.3417627e+00   1.0950000e+03
   1.5313027e+00   1.1100000e+03
   1.4201260e+00   1.1250000e+03
   8.6863351e-01   1.1400000e+03
  -1.3258098e-01   1.1550000e+03
  -1.3758808e+00   1.1700000e+03
  -2.4445810e+00   1.1850000e+03
  -2.8698800e+00   1.2000000e+03
  -2.3962233e+00   1.2150000e+03
  -1.1978079e+00   1.2300000e+03
   1.4477214e-01   1.2450000e+03
   9.6760911e-01   1.2600000e+03
   9.6161026e-01   1.2750000e+03
   3.8502592e-01   1.2900000e+03
  -1.6189919e-01   1.3050000e+03
  -2.4188201e-01   1.3200000e+03
   7.9134867e-02   1.3350000e+03
   3.7585363e-01   1.3500000e+03
   3.3655292e-01   1.3650000e+03
   6.3660108e-02   1.3800000e+03
  -1.0836591e-01   1.3950000e+03
  -3.6466971e-02   1.4100000e+03
   8.2552336e-02   1.4250000e+03
   3.0566936e-03   1.4400000e+03
  -2.3059173e-01   1.4550000e+03
  -3.3926117e-01   1.4700000e+03
  -1.7280376e-01   1.4850000e+03
   1.0624450e-01   1.5000000e+03
   2.4363887e-01   1.5150000e+03
   1.9097149e-01   1.5300000e+03
   8.7251812e-02   1.5450000e+03
   1.6653439e-02   1.5600000e+03
  -6.8210542e-02   1.5750000e+03
  -1.8167205e-01   1.5900000e+03
  -2.2092921e-01   1.6050000e+03
  -1.2722275e-01   1.6200000e+03
  -1.5623867e-02   1.6350000e+03
  -1.8857718e-02   1.6500000e+03
  -6.8964347e-02   1.6650000e+03
   1.3874719e-02   1.6800000e+03
   2.2804041e-01   1.6950000e+03
   3.4735423e-01   1.7100000e+03
   2.2159277e-01   1.7250000e+03
  -1.6079508e-02   1.7400000e+03
  -1.3334765e-01   1.7550000e+03
  -8.5828871e-02   1.7700000e+03
  -2.1815721e-03   1.7850000e+03
   4.3115530e-02   1.8000000e+03
   9.4140150e-02   1.8150000e+03
   1.6997233e-01   1.8300000e+03
   2.0257877e-01   1.8450000e+03
   1.5194164e-01   1.8600000e+03
   7.4769385e-02   1.8750000e+03
   3.0775584e-02   1.8900000e+03
   2.4767555e-03   1.9050000e+03
  -4.4157203e-02   1.9200000e+03
  -8.8679112e-02   1.9350000e+03
  -9.6606098e-02   1.9500000e+03
  -7.6927528e-02   1.9650000e+03
  -5.4333333e-02   1.9800000e+03
  -2.9912973e-02   1.9950000e+03
  -5.7822764e-03   2.0100000e+03
  -1.2204016e-03   2.0250000e+03
  -9.5143858e-03   2.0400000e+03
   1.2672345e-02   2.0550000e+03
   7.7211305e-02   2.0700000e+03
   1.3244976e-01   2.0850000e+03
   1.3328783e-01   2.1000000e+03
   9.7319938e-02   2.1150000e+03
   5.8361929e-02   2.1300000e+03
   1.1051918e-02   2.1450000e+03
  -6.1058540e-02   2.1600000e+03
  -1.4009273e-01   2.1750000e+03
  -1.8927118e-01   2.1900000e+03
  -1.8513209e-01   2.2050000e+03
  -1.1629324e-01   2.2200000e+03
   1.4853468e-02   2.2350000e+03
   1.6891639e-01   2.2500000e+03
   2.7616698e-01   2.2650000e+03
   2.8442669e-01   2.2800000e+03
   1.8795201e-01   2.2950000e+03
   1.6499413e-02   2.3100000e+03
  -1.7398046e-01   2.3250000e+03
  -3.0406451e-01   2.3400000e+03
  -3.0606052e-01   2.3550000e+03
  -1.7897560e-01   2.3700000e+03
   2.5573263e-03   2.3850000e+03
   1.4231586e-01   2.4000000e+03
   1.8324229e-01   2.4150000e+03
   1.2702566e-01   2.4300000e+03
   1.7888783e-02   2.4450000e+03
  -8.6150490e-02   2.4600000e+03
  -1.4172894e-01   2.4750000e+03
  -1.3696255e-01   2.4900000e+03
  -8.8158168e-02   2.5050000e+03
  -2.4060704e-02   2.5200000e+03
   2.8238822e-02   2.5350000e+03
   5.1826086e-02   2.5500000e+03
   4.3916825e-02   2.5650000e+03
   1.3936908e-02   2.5800000e+03
  -2.1657396e-02   2.5950000e+03
  -4.3898784e-02   2.6100000e+03
  -3.8751729e-02   2.6250000e+03
  -8.1640435e-03   2.6400000e+03
   2.7997375e-02   2.6550000e+03
   4.6928860e-02   2.6700000e+03
   4.0716842e-02   2.6850000e+03
   1.9179475e-02   2.7000000e+03
  -9.7885309e-04   2.7150000e+03
  -7.7958116e-03   2.7300000e+03
   2.4848391e-04   2.7450000e+03
   1.4593493e-02   2.7600000e+03
   2.2996683e-02   2.7750000e+03
   1.9103838e-02   2.7900000e+03
   7.1027409e-03   2.8050000e+03
  -3.4541723e-03   2.8200000e+03
  -6.7403968e-03   2.8350000e+03
  -3.7986946e-03   2.8500000e+03
   1.5916685e-03   2.8650000e+03
   7.1937959e-03   2.8800000e+03
   1.2168092e-02   2.8950000e+03
   1.5423246e-02   2.9100000e+03
   1.6497118e-02   2.9250000e+03
   1.7649436e-02   2.9400000e+03
   2.2684956e-02   2.9550000e+03
   3.1968281e-02   2.9700000e+03
   3.9408695e-02   2.9850000e+03
   3.6655273e-02   3.0000000e+03
   2.0967463e-02   3.0150000e+03
  -2.3839332e-03   3.0300000e+03
  -2.5573269e-02   3.0450000e+03
  -4.3766800e-02   3.0600000e+03
  -5.4496735e-02   3.0750000e+03
  -5.4825209e-02   3.0900000e+03
  -4.2962383e-02   3.1050000e+03
  -2.2770923e-02   3.1200000e+03
  -3.8704588e-03   3.1350000e+03
   4.7406787e-03   3.1500000e+03
   1.3111328e-03   3.1650000e+03
  -8.3872685e-03   3.1800000e+03
  -1.6416559e-02   3.1950000e+03
  -1.7565697e-02   3.2100000e+03
  -1.0216458e-02   3.2250000e+03
   4.6373052e-03   3.2400000e+03
   2.3245780e-02   3.2550000e+03
   3.9019510e-02   3.2700000e+03
   4.5247339e-02   3.2850000e+03
   3.9388455e-02   3.3000000e+03
   2.4585500e-02   3.3150000e+03
   6.9507640e-03   3.3300000e+03
  -8.2156751e-03   3.3450000e+03
  -1.8203758e-02   3.3600000e+03
  -2.2880107e-02   3.3750000e+03
  -2.4126843e-02   3.3900000e+03
  -2.4631657e-02   3.4050000e+03
  -2.5987120e-02   3.4200000e+03
  -2.7589547e-02   3.4350000e+03
  -2.7546549e-02   3.4500000e+03
  -2.4519240e-02   3.4650000e+03
  -1.8528443e-02   3.4800000e+03
  -1.0436279e-02   3.4950000e+03
  -1.3511066e-03   3.5100000e+03
   7.3908996e-03   3.5250000e+03
   1.4223591e-02   3.5400000e+03
   1.7768206e-02   3.5550000e+03
   1.7300688e-02   3.5700000e+03
   1.2895269e-02   3.5850000e+03
   5.4236795e-03   3.6000000e+03
  -3.4219883e-03   3.6150000e+03
  -1.1386915e-02   3.6300000e+03
  -1.6476752e-02   3.6450000e+03
  -1.7967001e-02   3.6600000e+03
  -1.6710881e-02   3.6750000e+03
  -1.4240670e-02   3.6900000e+03
  -1.1315766e-02   3.7050000e+03
  -7.3727169e-03   3.7200000e+03
  -1.5695635e-03   3.7350000e+03
   5.7120519e-03   3.7500000e+03
   1.2704464e-02   3.7650000e+03
   1.7632021e-02   3.7800000e+03
   1.9955212e-02   3.7950000e+03
   2.0148512e-02   3.8100000e+03
   1.8642193e-02   3.8250000e+03
   1.5387475e-02   3.8400000e+03
   1.0344702e-02   3.8550000e+03
   4.0036738e-03   3.8700000e+03
  -2.6388897e-03   3.8850000e+03
  -8.3151590e-03   3.9000000e+03
  -1.1585003e-02   3.9150000e+03
  -1.1072360e-02   3.9300000e+03
  -6.1708032e-03   3.9450000e+03
   2.1400736e-03   3.9600000e+03
   1.1172239e-02   3.9750000e+03
   1.7448965e-02   3.9900000e+03
   1.8128663e-02   4.0050000e+03
   1.2004642e-02   4.0200000e+03
  -3.8997419e-04   4.0350000e+03
  -1.7261852e-02   4.0500000e+03
  -3.6024448e-02   4.0650000e+03
  -5.3571288e-02   4.0800000e+03
  -6.6651277e-02   4.0950000e+03
  -7.2547778e-02   4.1100000e+03
  -6.9835171e-02   4.1250000e+03
  -5.8861524e-02   4.1400000e+03
  -4.1783024e-02   4.1550000e+03
  -2.2017840e-02   4.1700000e+03
  -3.0323698e-03   4.1850000e+03
   1.3103742e-02   4.2000000e+03
   2.6362911e-02   4.2150000e+03
   3.7945453e-02   4.2300000e+03
   4.8629541e-02   4.2450000e+03
   5.7689302e-02   4.2600000e+03
   6.3178405e-02   4.2750000e+03
   6.3171417e-02   4.2900000e+03
   5.6987107e-02   4.3050000e+03
   4.5695338e-02   4.3200000e+03
   3.1753905e-02   4.3350000e+03
   1.8039048e-02   4.3500000e+03
   6.7794230e-03   4.3650000e+03
  -1.0635551e-03   4.3800000e+03
  -5.6900023e-03   4.3950000e+03
  -7.8307241e-03   4.4100000e+03
  -8.1654014e-03   4.4250000e+03
  -7.2600432e-03   4.4400000e+03
  -5.9094639e-03   4.4550000e+03
  -5.2810288e-03   4.4700000e+03
  -6.4551723e-03   4.4850000e+03
  -9.6510109e-03   4.5000000e+03
