   2.7986967e-03   0.0000000e+00
   2.7986970e-03   1.5000000e+01
   2.7985414e-03   3.0000000e+01
   2.7976385e-03   4.5000000e+01
   2.7954285e-03   6.0000000e+01
   2.7914401e-03   7.5000000e+01
   2.7853404e-03   9.0000000e+01
   2.7773257e-03   1.0500000e+02
   2.7678683e-03   1.2000000e+02
   2.7570243e-03   1.3500000e+02
   2.7445366e-03   1.5000000e+02
   2.7301707e-03   1.6500000e+02
   2.7135871e-03   1.8000000e+02
   2.6944398e-03   1.9500000e+02
   2.6729137e-03   2.1000000e+02
   2.6500525e-03   2.2500000e+02
   2.6273194e-03   2.4000000e+02
   2.6056417e-03   2.5500000e+02
   2.5848458e-03   2.7000000e+02
   2.5636894e-03   2.8500000e+02
   2.5402147e-03   3.0000000e+02
   2.5127039e-03   3.1500000e+02
   2.4808221e-03   3.3000000e+02
   2.4456913e-03   3.4500000e+02
   2.4089029e-03   3.6000000e+02
   2.3713030e-03   3.7500000e+02
   2.3324396e-03   3.9000000e+02
   2.2916100e-03   4.0500000e+02
   2.2493689e-03   4.2000000e+02
   2.2066275e-03   4.3500000e+02
   2.1618316e-03   4.5000000e+02
   2.1094540e-03   4.6500000e+02
   2.0393175e-03   4.8000000e+02
   1.9342221e-03   4.9500000e+02
   1.7686618e-03   5.1000000e+02
   1.5162618e-03   5.2500000e+02
   1.1697649e-03   5.4000000e+02
   7.6596311e-04   5.5500000e+02
   3.9469241e-04   5.7000000e+02
   1.6803114e-04   5.8500000e+02
   1.4919732e-04   6.0000000e+02
   2.8642057e-04   6.1500000e+02
   4.2290031e-04   6.3000000e+02
   4.0794862e-04   6.4500000e+02
   2.2837185e-04   6.6000000e+02
   2.4259953e-05   6.7500000e+02
  -4.8901122e-05   6.9000000e+02
   2.5408463e-05   7.0500000e+02
   1.2885511e-04   7.2000000e+02
   1.6305507e-04   7.3500000e+02
   1.5530300e-04   7.5000000e+02
   1.8071164e-04   7.6500000e+02
   2.2336758e-04   7.8000000e+02
   1.8783676e-04   7.9500000e+02
   4.5679280e-05   8.1000000e+02
  -1.1159332e-04   8.2500000e+02
  -2.0100329e-04   8.4000000e+02
  -2.5574717e-04   8.5500000e+02
  -3.4160740e-04   8.7000000e+02
  -4.3216004e-04   8.8500000e+02
  -4.6563474e-04   9.0000000e+02
  -4.8621054e-04   9.1500000e+02
  -6.0642965e-04   9.3000000e+02
  -8.3070499e-04   9.4500000e+02
  -1.0356762e-03   9.6000000e+02
  -1.1455517e-03   9.7500000e+02
  -1.2162906e-03   9.9000000e+02
  -1.3203933e-03   1.0050000e+03
  -1.4542626e-03   1.0200000e+03
  -1.5857760e-03   1.0350000e+03
  -1.6917618e-03   1.0500000e+03
  -1.7236096e-03   1.0650000e+03
  -1.6262577e-03   1.0800000e+03
  -1.4027030e-03   1.0950000e+03
  -1.0720781e-03   1.1100000e+03
  -5.5578363e-04   1.1250000e+03
   3.2402464e-04   1.1400000e+03
   1.7448935e-03   1.1550000e+03
   3.8673040e-03   1.1700000e+03
   6.9367290e-03   1.1850000e+03
   1.1364190e-02   1.2000000e+03
   1.7718393e-02   1.2150000e+03
   2.6724095e-02   1.2300000e+03
   3.9368648e-02   1.2450000e+03
   5.7086747e-02   1.2600000e+03
   8.1907749e-02   1.2750000e+03
   1.1650857e-01   1.2900000e+03
   1.6418572e-01   1.3050000e+03
   2.2868019e-01   1.3200000e+03
   3.1365028e-01   1.3350000e+03
   4.2159173e-01   1.3500000e+03
   5.5212826e-01   1.3650000e+03
   6.9973236e-01   1.3800000e+03
   8.5119927e-01   1.3950000e+03
   9.8377192e-01   1.4100000e+03
   1.0655434e+00   1.4250000e+03
   1.0600332e+00   1.4400000e+03
   9.3589270e-01   1.4550000e+03
   6.8020362e-01   1.4700000e+03
   3.1052440e-01   1.4850000e+03
  -1.2126441e-01   1.5000000e+03
  -5.3873450e-01   1.5150000e+03
  -8.6371398e-01   1.5300000e+03
  -1.0434362e+00   1.5450000e+03
  -1.0684789e+00   1.5600000e+03
  -9.7115290e-01   1.5750000e+03
  -8.0513060e-01   1.5900000e+03
  -6.1923492e-01   1.6050000e+03
  -4.4194049e-01   1.6200000e+03
  -2.8423122e-01   1.6350000e+03
  -1.5340278e-01   1.6500000e+03
  -6.2057707e-02   1.6650000e+03
  -2.2915795e-02   1.6800000e+03
  -3.5518881e-02   1.6950000e+03
  -8.0104910e-02   1.7100000e+03
  -1.2692280e-01   1.7250000e+03
  -1.5304172e-01   1.7400000e+03
  -1.5100694e-01   1.7550000e+03
  -1.2340669e-01   1.7700000e+03
  -7.3316947e-02   1.7850000e+03
  -3.5613459e-03   1.8000000e+03
   7.5874165e-02   1.8150000e+03
   1.4549097e-01   1.8300000e+03
   1.8653578e-01   1.8450000e+03
   1.9395454e-01   1.8600000e+03
   1.7626227e-01   1.8750000e+03
   1.4175832e-01   1.8900000e+03
   8.7997243e-02   1.9050000e+03
   7.8960303e-03   1.9200000e+03
  -9.4783157e-02   1.9350000e+03
  -1.9905970e-01   1.9500000e+03
  -2.7630195e-01   1.9650000e+03
  -3.0485776e-01   1.9800000e+03
  -2.7733234e-01   1.9950000e+03
  -2.0033008e-01   2.0100000e+03
  -9.2865847e-02   2.0250000e+03
   1.6229887e-02   2.0400000e+03
   9.6372604e-02   2.0550000e+03
   1.2752284e-01   2.0700000e+03
   1.0829974e-01   2.0850000e+03
   5.4177213e-02   2.1000000e+03
  -1.1302350e-02   2.1150000e+03
  -6.5923005e-02   2.1300000e+03
  -9.5457934e-02   2.1450000e+03
  -9.6687667e-02   2.1600000e+03
  -7.5826980e-02   2.1750000e+03
  -4.3057609e-02   2.1900000e+03
  -7.0653530e-03   2.2050000e+03
   2.6775328e-02   2.2200000e+03
   5.5118110e-02   2.2350000e+03
   7.5459242e-02   2.2500000e+03
   8.6629055e-02   2.2650000e+03
   8.9865968e-02   2.2800000e+03
   8.8725761e-02   2.2950000e+03
   8.7126628e-02   2.3100000e+03
   8.6607136e-02   2.3250000e+03
   8.5388690e-02   2.3400000e+03
   8.0785103e-02   2.3550000e+03
   7.2662123e-02   2.3700000e+03
   6.3811861e-02   2.3850000e+03
   5.6820735e-02   2.4000000e+03
   5.1640593e-02   2.4150000e+03
   4.6844017e-02   2.4300000e+03
   4.2310990e-02   2.4450000e+03
   3.9586648e-02   2.4600000e+03
   3.9918162e-02   2.4750000e+03
   4.2902753e-02   2.4900000e+03
   4.7158882e-02   2.5050000e+03
   5.1720563e-02   2.5200000e+03
   5.6557070e-02   2.5350000e+03
   6.2006533e-02   2.5500000e+03
   6.7869373e-02   2.5650000e+03
   7.2983883e-02   2.5800000e+03
   7.5610764e-02   2.5950000e+03
   7.4201912e-02   2.6100000e+03
   6.7904547e-02   2.6250000e+03
   5.6758970e-02   2.6400000e+03
   4.1922417e-02   2.6550000e+03
   2.5711518e-02   2.6700000e+03
   1.0897301e-02   2.6850000e+03
  -5.6867040e-04   2.7000000e+03
  -8.4143439e-03   2.7150000e+03
  -1.3876246e-02   2.7300000e+03
  -1.8802108e-02   2.7450000e+03
  -2.4625069e-02   2.7600000e+03
  -3.1586263e-02   2.7750000e+03
  -3.8495395e-02   2.7900000e+03
  -4.3205302e-02   2.8050000e+03
  -4.3527558e-02   2.8200000e+03
  -3.8005777e-02   2.8350000e+03
  -2.6254883e-02   2.8500000e+03
  -9.0249851e-03   2.8650000e+03
   1.1848722e-02   2.8800000e+03
   3.3704281e-02   2.8950000e+03
   5.3606812e-02   2.9100000e+03
   6.9033131e-02   2.9250000e+03
   7.8414574e-02   2.9400000e+03
   8.1391960e-02   2.9550000e+03
   7.8753091e-02   2.9700000e+03
   7.2013460e-02   2.9850000e+03
   6.2647387e-02   3.0000000e+03
   5.1242594e-02   3.0150000e+03
   3.7135929e-02   3.0300000e+03
   1.8961227e-02   3.0450000e+03
  -4.0894556e-03   3.0600000e+03
  -3.1102156e-02   3.0750000e+03
  -5.9175186e-02   3.0900000e+03
  -8.4227569e-02   3.1050000e+03
  -1.0238843e-01   3.1200000e+03
  -1.1123388e-01   3.1350000e+03
  -1.1035394e-01   3.1500000e+03
  -1.0115968e-01   3.1650000e+03
  -8.6206771e-02   3.1800000e+03
  -6.8430103e-02   3.1950000e+03
  -5.0539576e-02   3.2100000e+03
  -3.4613281e-02   3.2250000e+03
  -2.1854321e-02   3.2400000e+03
  -1.2552963e-02   3.2550000e+03
  -6.3255886e-03   3.2700000e+03
  -2.5646447e-03   3.2850000e+03
  -8.5543463e-04   3.3000000e+03
  -1.1152154e-03   3.3150000e+03
  -3.4194763e-03   3.3300000e+03
  -7.7002463e-03   3.3450000e+03
  -1.3542884e-02   3.3600000e+03
  -2.0185860e-02   3.3750000e+03
  -2.6686769e-02   3.3900000e+03
  -3.2149918e-02   3.4050000e+03
  -3.5911158e-02   3.4200000e+03
  -3.7618630e-02   3.4350000e+03
  -3.7223354e-02   3.4500000e+03
  -3.4964889e-02   3.4650000e+03
  -3.1430125e-02   3.4800000e+03
  -2.7646584e-02   3.4950000e+03
  -2.5041876e-02   3.5100000e+03
  -2.5120161e-02   3.5250000e+03
  -2.8914018e-02   3.5400000e+03
  -3.6489863e-02   3.5550000e+03
  -4.6791781e-02   3.5700000e+03
  -5.7888649e-02   3.5850000e+03
  -6.7464136e-02   3.6000000e+03
  -7.3346704e-02   3.6150000e+03
  -7.3966339e-02   3.6300000e+03
  -6.8678126e-02   3.6450000e+03
  -5.7880428e-02   3.6600000e+03
  -4.2887308e-02   3.6750000e+03
  -2.5616676e-02   3.6900000e+03
  -8.2090171e-03   3.7050000e+03
   7.3587936e-03   3.7200000e+03
   1.9632176e-02   3.7350000e+03
   2.7904598e-02   3.7500000e+03
   3.2169409e-02   3.7650000e+03
   3.2825388e-02   3.7800000e+03
   3.0402711e-02   3.7950000e+03
   2.5559513e-02   3.8100000e+03
   1.9277716e-02   3.8250000e+03
   1.2925670e-02   3.8400000e+03
   7.9780472e-03   3.8550000e+03
   5.5389628e-03   3.8700000e+03
   5.9819706e-03   3.8850000e+03
   8.8638710e-03   3.9000000e+03
   1.3058946e-02   3.9150000e+03
   1.7043132e-02   3.9300000e+03
   1.9327592e-02   3.9450000e+03
   1.8969176e-02   3.9600000e+03
   1.5916143e-02   3.9750000e+03
   1.0951271e-02   3.9900000e+03
   5.2567604e-03   4.0050000e+03
  -1.0511008e-04   4.0200000e+03
  -4.4935308e-03   4.0350000e+03
  -7.6918611e-03   4.0500000e+03
  -9.7411936e-03   4.0650000e+03
  -1.0785202e-02   4.0800000e+03
  -1.1026612e-02   4.0950000e+03
  -1.0776888e-02   4.1100000e+03
  -1.0498279e-02   4.1250000e+03
  -1.0744684e-02   4.1400000e+03
  -1.2000181e-02   4.1550000e+03
  -1.4502776e-02   4.1700000e+03
  -1.8142205e-02   4.1850000e+03
  -2.2455547e-02   4.2000000e+03
  -2.6699701e-02   4.2150000e+03
  -2.9987019e-02   4.2300000e+03
  -3.1481210e-02   4.2450000e+03
  -3.0621490e-02   4.2600000e+03
  -2.7298443e-02   4.2750000e+03
  -2.1903617e-02   4.2900000e+03
  -1.5230663e-02   4.3050000e+03
  -8.2696769e-03   4.3200000e+03
  -1.9634333e-03   4.3350000e+03
   3.0039381e-03   4.3500000e+03
   6.3143857e-03   4.3650000e+03
   7.9741413e-03   4.3800000e+03
   8.1589976e-03   4.3950000e+03
   7.0654987e-03   4.4100000e+03
   4.8787040e-03   4.4250000e+03
   1.8646360e-03   4.4400000e+03
  -1.5086847e-03   4.4550000e+03
  -4.5462730e-03   4.4700000e+03
  -6.4676218e-03   4.4850000e+03
  -6.6784765e-03   4.5000000e+03
