  -1.3963993e-03   0.0000000e+00
  -1.3963974e-03   1.5000000e+01
  -1.3964166e-03   3.0000000e+01
  -1.3964813e-03   4.5000000e+01
  -1.3965573e-03   6.0000000e+01
  -1.3965431e-03   7.5000000e+01
  -1.3963970e-03   9.0000000e+01
  -1.3962120e-03   1.0500000e+02
  -1.3961757e-03   1.2000000e+02
  -1.3964027e-03   1.3500000e+02
  -1.3967369e-03   1.5000000e+02
  -1.3966482e-03   1.6500000e+02
  -1.3950261e-03   1.8000000e+02
  -1.3886524e-03   1.9500000e+02
  -1.3680952e-03   2.1000000e+02
  -1.3131743e-03   2.2500000e+02
  -1.1973272e-03   2.4000000e+02
  -1.0113750e-03   2.5500000e+02
  -7.9717574e-04   2.7000000e+02
  -6.4858829e-04   2.8500000e+02
  -6.4403564e-04   3.0000000e+02
  -7.5621245e-04   3.1500000e+02
  -8.5558486e-04   3.3000000e+02
  -8.4327377e-04   3.4500000e+02
  -7.6456374e-04   3.6000000e+02
  -7.3984649e-04   3.7500000e+02
  -7.9602725e-04   3.9000000e+02
  -8.4190117e-04   4.0500000e+02
  -8.1825245e-04   4.2000000e+02
  -7.8078429e-04   4.3500000e+02
  -7.9418794e-04   4.5000000e+02
  -8.2951289e-04   4.6500000e+02
  -8.3004724e-04   4.8000000e+02
  -8.1002654e-04   4.9500000e+02
  -8.1546960e-04   5.1000000e+02
  -8.3913753e-04   5.2500000e+02
  -8.4423344e-04   5.4000000e+02
  -8.3385257e-04   5.5500000e+02
  -8.3644100e-04   5.7000000e+02
  -8.5063558e-04   5.8500000e+02
  -8.5447164e-04   6.0000000e+02
  -8.4910134e-04   6.1500000e+02
  -8.5222599e-04   6.3000000e+02
  -8.6297170e-04   6.4500000e+02
  -8.6757517e-04   6.6000000e+02
  -8.6694263e-04   6.7500000e+02
  -8.7006856e-04   6.9000000e+02
  -8.7297097e-04   7.0500000e+02
  -8.6632383e-04   7.2000000e+02
  -8.5119455e-04   7.3500000e+02
  -8.3225884e-04   7.5000000e+02
  -8.0910505e-04   7.6500000e+02
  -7.8557443e-04   7.8000000e+02
  -7.7618705e-04   7.9500000e+02
  -7.9397508e-04   8.1000000e+02
  -8.3731447e-04   8.2500000e+02
  -8.9061231e-04   8.4000000e+02
  -9.3229016e-04   8.5500000e+02
  -9.4580703e-04   8.7000000e+02
  -9.3402551e-04   8.8500000e+02
  -9.2212029e-04   9.0000000e+02
  -9.3547668e-04   9.1500000e+02
  -9.7224477e-04   9.3000000e+02
  -1.0051595e-03   9.4500000e+02
  -1.0134622e-03   9.6000000e+02
  -1.0065956e-03   9.7500000e+02
  -1.0106432e-03   9.9000000e+02
  -1.0351615e-03   1.0050000e+03
  -1.0625969e-03   1.0200000e+03
  -1.0732084e-03   1.0350000e+03
  -1.0712153e-03   1.0500000e+03
  -1.0761333e-03   1.0650000e+03
  -1.0933314e-03   1.0800000e+03
  -1.1084448e-03   1.0950000e+03
  -1.1123806e-03   1.1100000e+03
  -1.1154814e-03   1.1250000e+03
  -1.1292463e-03   1.1400000e+03
  -1.1483068e-03   1.1550000e+03
  -1.1623914e-03   1.1700000e+03
  -1.1753197e-03   1.1850000e+03
  -1.1979913e-03   1.2000000e+03
  -1.2297013e-03   1.2150000e+03
  -1.2605580e-03   1.2300000e+03
  -1.2878897e-03   1.2450000e+03
  -1.3167812e-03   1.2600000e+03
  -1.3472806e-03   1.2750000e+03
  -1.3738620e-03   1.2900000e+03
  -1.3962954e-03   1.3050000e+03
  -1.4199181e-03   1.3200000e+03
  -1.4458480e-03   1.3350000e+03
  -1.4705043e-03   1.3500000e+03
  -1.4939784e-03   1.3650000e+03
  -1.5203516e-03   1.3800000e+03
  -1.5505733e-03   1.3950000e+03
  -1.5821611e-03   1.4100000e+03
  -1.6147373e-03   1.4250000e+03
  -1.6498258e-03   1.4400000e+03
  -1.6864773e-03   1.4550000e+03
  -1.7218913e-03   1.4700000e+03
  -1.7550664e-03   1.4850000e+03
  -1.7869874e-03   1.5000000e+03
  -1.8193227e-03   1.5150000e+03
  -1.8545721e-03   1.5300000e+03
  -1.8946319e-03   1.5450000e+03
  -1.9381145e-03   1.5600000e+03
  -1.9819371e-03   1.5750000e+03
  -2.0260136e-03   1.5900000e+03
  -2.0733823e-03   1.6050000e+03
  -2.1254886e-03   1.6200000e+03
  -2.1804664e-03   1.6350000e+03
  -2.2363111e-03   1.6500000e+03
  -2.2928910e-03   1.6650000e+03
  -2.3504766e-03   1.6800000e+03
  -2.4087548e-03   1.6950000e+03
  -2.4681201e-03   1.7100000e+03
  -2.5306528e-03   1.7250000e+03
  -2.5990766e-03   1.7400000e+03
  -2.6743656e-03   1.7550000e+03
  -2.7539318e-03   1.7700000e+03
  -2.8331063e-03   1.7850000e+03
  -2.9096631e-03   1.8000000e+03
  -2.9860684e-03   1.8150000e+03
  -3.0662157e-03   1.8300000e+03
  -3.1511977e-03   1.8450000e+03
  -3.2395653e-03   1.8600000e+03
  -3.3305467e-03   1.8750000e+03
  -3.4253921e-03   1.8900000e+03
  -3.5262245e-03   1.9050000e+03
  -3.6349571e-03   1.9200000e+03
  -3.7527257e-03   1.9350000e+03
  -3.8791334e-03   1.9500000e+03
  -4.0126168e-03   1.9650000e+03
  -4.1527264e-03   1.9800000e+03
  -4.3017296e-03   1.9950000e+03
  -4.4633453e-03   2.0100000e+03
  -4.6404963e-03   2.0250000e+03
  -4.8348177e-03   2.0400000e+03
  -5.0472617e-03   2.0550000e+03
  -5.2779466e-03   2.0700000e+03
  -5.5257860e-03   2.0850000e+03
  -5.7894257e-03   2.1000000e+03
  -6.0688672e-03   2.1150000e+03
  -6.3658552e-03   2.1300000e+03
  -6.6830702e-03   2.1450000e+03
  -7.0238677e-03   2.1600000e+03
  -7.3924009e-03   2.1750000e+03
  -7.7917706e-03   2.1900000e+03
  -8.2200216e-03   2.2050000e+03
  -8.6668963e-03   2.2200000e+03
  -9.1110999e-03   2.2350000e+03
  -9.5114009e-03   2.2500000e+03
  -9.7847655e-03   2.2650000e+03
  -9.7694015e-03   2.2800000e+03
  -9.1704354e-03   2.2950000e+03
  -7.4833464e-03   2.3100000e+03
  -3.8988630e-03   2.3250000e+03
   2.7832082e-03   2.3400000e+03
   1.4174181e-02   2.3550000e+03
   3.2167811e-02   2.3700000e+03
   5.8565624e-02   2.3850000e+03
   9.4383225e-02   2.4000000e+03
   1.3886990e-01   2.4150000e+03
   1.8847920e-01   2.4300000e+03
   2.3628017e-01   2.4450000e+03
   2.7245435e-01   2.4600000e+03
   2.8638697e-01   2.4750000e+03
   2.7028143e-01   2.4900000e+03
   2.2326225e-01   2.5050000e+03
   1.5399845e-01   2.5200000e+03
   7.9681516e-02   2.5350000e+03
   2.0354632e-02   2.5500000e+03
  -9.9562528e-03   2.5650000e+03
  -1.1242812e-02   2.5800000e+03
   3.3585666e-04   2.5950000e+03
  -1.0452386e-03   2.6100000e+03
  -3.7721619e-02   2.6250000e+03
  -1.1540296e-01   2.6400000e+03
  -2.1779500e-01   2.6550000e+03
  -3.1269124e-01   2.6700000e+03
  -3.6640278e-01   2.6850000e+03
  -3.5852200e-01   2.7000000e+03
  -2.8958312e-01   2.7150000e+03
  -1.7924607e-01   2.7300000e+03
  -5.7742827e-02   2.7450000e+03
   4.5039184e-02   2.7600000e+03
   1.0957269e-01   2.7750000e+03
   1.3315320e-01   2.7900000e+03
   1.2943415e-01   2.8050000e+03
   1.1888152e-01   2.8200000e+03
   1.1378890e-01   2.8350000e+03
   1.0814112e-01   2.8500000e+03
   8.2019731e-02   2.8650000e+03
   1.9551847e-02   2.8800000e+03
  -7.3043913e-02   2.8950000e+03
  -1.6451545e-01   2.9100000e+03
  -2.1423894e-01   2.9250000e+03
  -1.9563210e-01   2.9400000e+03
  -1.1206134e-01   2.9550000e+03
   3.2496089e-03   2.9700000e+03
   1.0239534e-01   2.9850000e+03
   1.4609087e-01   3.0000000e+03
   1.2436816e-01   3.0150000e+03
   6.2294655e-02   3.0300000e+03
   4.2671701e-03   3.0450000e+03
  -1.4703437e-02   3.0600000e+03
   9.7780153e-03   3.0750000e+03
   5.3225379e-02   3.0900000e+03
   8.3059810e-02   3.1050000e+03
   8.0307797e-02   3.1200000e+03
   4.7943871e-02   3.1350000e+03
   5.1978687e-03   3.1500000e+03
  -2.5208386e-02   3.1650000e+03
  -3.0448567e-02   3.1800000e+03
  -1.5703280e-02   3.1950000e+03
  -7.3966914e-04   3.2100000e+03
  -4.5567374e-03   3.2250000e+03
  -2.8726621e-02   3.2400000e+03
  -5.3859595e-02   3.2550000e+03
  -5.3682655e-02   3.2700000e+03
  -1.6847335e-02   3.2850000e+03
   3.9720099e-02   3.3000000e+03
   7.7678688e-02   3.3150000e+03
   6.3955896e-02   3.3300000e+03
   5.0661736e-04   3.3450000e+03
  -6.9444552e-02   3.3600000e+03
  -9.2267409e-02   3.3750000e+03
  -5.1322728e-02   3.3900000e+03
   1.2766742e-02   3.4050000e+03
   3.3335786e-02   3.4200000e+03
  -2.4003536e-02   3.4350000e+03
  -1.2857012e-01   3.4500000e+03
  -2.0694621e-01   3.4650000e+03
  -1.9958600e-01   3.4800000e+03
  -1.0300697e-01   3.4950000e+03
   3.3807453e-02   3.5100000e+03
   1.4942199e-01   3.5250000e+03
   2.1036701e-01   3.5400000e+03
   2.2184215e-01   3.5550000e+03
   2.0673275e-01   3.5700000e+03
   1.7653455e-01   3.5850000e+03
   1.2165494e-01   3.6000000e+03
   2.9453387e-02   3.6150000e+03
  -8.7878510e-02   3.6300000e+03
  -1.8514740e-01   3.6450000e+03
  -2.1023957e-01   3.6600000e+03
  -1.4689547e-01   3.6750000e+03
  -3.5621263e-02   3.6900000e+03
   5.1893886e-02   3.7050000e+03
   6.8003424e-02   3.7200000e+03
   2.6372548e-02   3.7350000e+03
  -1.3290635e-02   3.7500000e+03
  -1.4671650e-04   3.7650000e+03
   6.2572815e-02   3.7800000e+03
   1.2167297e-01   3.7950000e+03
   1.2179270e-01   3.8100000e+03
   5.3796586e-02   3.8250000e+03
  -3.7209552e-02   3.8400000e+03
  -8.9242861e-02   3.8550000e+03
  -7.3523171e-02   3.8700000e+03
  -1.5071821e-02   3.8850000e+03
   3.2756630e-02   3.9000000e+03
   3.5952978e-02   3.9150000e+03
   5.7448046e-03   3.9300000e+03
  -1.9929145e-02   3.9450000e+03
  -1.7395942e-02   3.9600000e+03
   2.8714864e-03   3.9750000e+03
   1.4959612e-02   3.9900000e+03
   8.4482003e-03   4.0050000e+03
  -4.6271253e-03   4.0200000e+03
  -9.5219007e-03   4.0350000e+03
  -6.1559160e-03   4.0500000e+03
  -3.9620865e-03   4.0650000e+03
  -6.3348054e-03   4.0800000e+03
  -7.0155230e-03   4.0950000e+03
   1.3321087e-04   4.1100000e+03
   1.4047811e-02   4.1250000e+03
   2.9309435e-02   4.1400000e+03
   4.0143915e-02   4.1550000e+03
   3.9386783e-02   4.1700000e+03
   1.9201489e-02   4.1850000e+03
  -2.0789176e-02   4.2000000e+03
  -6.6499054e-02   4.2150000e+03
  -9.5456190e-02   4.2300000e+03
  -9.3132414e-02   4.2450000e+03
  -6.3799739e-02   4.2600000e+03
  -2.5745416e-02   4.2750000e+03
   3.6966188e-03   4.2900000e+03
   1.9673096e-02   4.3050000e+03
   2.8914183e-02   4.3200000e+03
   3.8702462e-02   4.3350000e+03
   4.7074027e-02   4.3500000e+03
   4.4465899e-02   4.3650000e+03
   2.5025995e-02   4.3800000e+03
  -4.5808102e-03   4.3950000e+03
  -2.7498765e-02   4.4100000e+03
  -2.7377058e-02   4.4250000e+03
  -4.0355644e-05   4.4400000e+03
   3.9670851e-02   4.4550000e+03
   6.2740244e-02   4.4700000e+03
   4.6308622e-02   4.4850000e+03
  -3.5946637e-03   4.5000000e+03
