   3.3054130e-05   0.0000000e+00
   3.3084962e-05   1.5000000e+01
   3.3153992e-05   3.0000000e+01
   3.3328706e-05   4.5000000e+01
   3.3914694e-05   6.0000000e+01
   3.5161247e-05   7.5000000e+01
   3.6848178e-05   9.0000000e+01
   3.8359030e-05   1.0500000e+02
   3.9171209e-05   1.2000000e+02
   3.9296629e-05   1.3500000e+02
   3.9405768e-05   1.5000000e+02
   4.0509804e-05   1.6500000e+02
   4.3538603e-05   1.8000000e+02
   4.9923983e-05   1.9500000e+02
   6.4179039e-05   2.1000000e+02
   9.7107295e-05   2.2500000e+02
   1.6428894e-04   2.4000000e+02
   2.7343776e-04   2.5500000e+02
   4.0502392e-04   2.7000000e+02
   5.0934887e-04   2.8500000e+02
   5.4114789e-04   3.0000000e+02
   5.0941936e-04   3.1500000e+02
   4.7982411e-04   3.3000000e+02
   5.0680985e-04   3.4500000e+02
   5.7082943e-04   3.6000000e+02
   6.0948142e-04   3.7500000e+02
   6.0495548e-04   3.9000000e+02
   6.0093723e-04   4.0500000e+02
   6.2798033e-04   4.2000000e+02
   6.5954617e-04   4.3500000e+02
   6.6386489e-04   4.5000000e+02
   6.5670692e-04   4.6500000e+02
   6.6950091e-04   4.8000000e+02
   6.9773506e-04   4.9500000e+02
   7.1812037e-04   5.1000000e+02
   7.3277496e-04   5.2500000e+02
   7.5961807e-04   5.4000000e+02
   7.9621730e-04   5.5500000e+02
   8.2559139e-04   5.7000000e+02
   8.4583036e-04   5.8500000e+02
   8.6796918e-04   6.0000000e+02
   8.9341222e-04   6.1500000e+02
   9.1414037e-04   6.3000000e+02
   9.2875015e-04   6.4500000e+02
   9.4123336e-04   6.6000000e+02
   9.4841910e-04   6.7500000e+02
   9.4223040e-04   6.9000000e+02
   9.1936329e-04   7.0500000e+02
   8.7752577e-04   7.2000000e+02
   8.0829847e-04   7.3500000e+02
   7.0448249e-04   7.5000000e+02
   5.7338912e-04   7.6500000e+02
   4.4228000e-04   7.8000000e+02
   3.5508411e-04   7.9500000e+02
   3.5652937e-04   8.1000000e+02
   4.5972239e-04   8.2500000e+02
   6.1789079e-04   8.4000000e+02
   7.3764502e-04   8.5500000e+02
   7.4214075e-04   8.7000000e+02
   6.3713425e-04   8.8500000e+02
   5.1236502e-04   9.0000000e+02
   4.6187552e-04   9.1500000e+02
   4.9300300e-04   9.3000000e+02
   5.2208535e-04   9.4500000e+02
   4.7022768e-04   9.6000000e+02
   3.5218801e-04   9.7500000e+02
   2.4920137e-04   9.9000000e+02
   2.0025345e-04   1.0050000e+03
   1.5726865e-04   1.0200000e+03
   6.3439889e-05   1.0350000e+03
  -6.2477011e-05   1.0500000e+03
  -1.5956193e-04   1.0650000e+03
  -2.1862888e-04   1.0800000e+03
  -2.8976775e-04   1.0950000e+03
  -4.0112381e-04   1.1100000e+03
  -5.2939606e-04   1.1250000e+03
  -6.6721538e-04   1.1400000e+03
  -8.6331600e-04   1.1550000e+03
  -1.1605985e-03   1.1700000e+03
  -1.5375405e-03   1.1850000e+03
  -1.9522719e-03   1.2000000e+03
  -2.4105934e-03   1.2150000e+03
  -2.9454913e-03   1.2300000e+03
  -3.5549344e-03   1.2450000e+03
  -4.2068367e-03   1.2600000e+03
  -4.8925020e-03   1.2750000e+03
  -5.6337938e-03   1.2900000e+03
  -6.4264210e-03   1.3050000e+03
  -7.1342527e-03   1.3200000e+03
  -7.2393105e-03   1.3350000e+03
  -5.2449219e-03   1.3500000e+03
   2.4955091e-03   1.3650000e+03
   2.3702610e-02   1.3800000e+03
   7.2605990e-02   1.3950000e+03
   1.7127812e-01   1.4100000e+03
   3.4589273e-01   1.4250000e+03
   6.1215681e-01   1.4400000e+03
   9.4676012e-01   1.4550000e+03
   1.2531868e+00   1.4700000e+03
   1.3501457e+00   1.4850000e+03
   1.0248463e+00   1.5000000e+03
   1.7247652e-01   1.5150000e+03
  -1.0320169e+00   1.5300000e+03
  -2.0779946e+00   1.5450000e+03
  -2.3328259e+00   1.5600000e+03
  -1.4969734e+00   1.5750000e+03
   2.4649901e-02   1.5900000e+03
   1.2661786e+00   1.6050000e+03
   1.4232936e+00   1.6200000e+03
   5.7261652e-01   1.6350000e+03
  -3.9507473e-01   1.6500000e+03
  -6.8010402e-01   1.6650000e+03
  -3.5086963e-01   1.6800000e+03
  -6.0127795e-02   1.6950000e+03
  -9.3638405e-02   1.7100000e+03
  -8.7752193e-02   1.7250000e+03
   2.0418017e-01   1.7400000e+03
   3.6741856e-01   1.7550000e+03
  -7.4925320e-03   1.7700000e+03
  -4.9856594e-01   1.7850000e+03
  -3.8620797e-01   1.8000000e+03
   1.7293896e-01   1.8150000e+03
   3.4640771e-01   1.8300000e+03
  -8.7473448e-03   1.8450000e+03
  -1.5798235e-01   1.8600000e+03
   1.4998499e-01   1.8750000e+03
   2.3751275e-01   1.8900000e+03
  -1.6993093e-01   1.9050000e+03
  -3.3130023e-01   1.9200000e+03
   1.4684045e-01   1.9350000e+03
   4.9138945e-01   1.9500000e+03
   1.1619825e-01   1.9650000e+03
  -3.2376605e-01   1.9800000e+03
  -1.4173101e-01   1.9950000e+03
   1.9480130e-01   2.0100000e+03
   5.6919128e-02   2.0250000e+03
  -1.9139755e-01   2.0400000e+03
  -2.7402196e-02   2.0550000e+03
   1.8803144e-01   2.0700000e+03
  -2.3728184e-02   2.0850000e+03
  -3.0451581e-01   2.1000000e+03
  -1.7529529e-01   2.1150000e+03
   6.7917719e-02   2.1300000e+03
  -9.2619983e-03   2.1450000e+03
  -1.5690969e-01   2.1600000e+03
   6.7871897e-03   2.1750000e+03
   2.5403696e-01   2.1900000e+03
   2.1684341e-01   2.2050000e+03
   5.2001882e-02   2.2200000e+03
   6.6071548e-02   2.2350000e+03
   1.4008063e-01   2.2500000e+03
   3.0392721e-02   2.2650000e+03
  -1.3171712e-01   2.2800000e+03
  -9.2674762e-02   2.2950000e+03
   5.2720547e-02   2.3100000e+03
   5.0524194e-02   2.3250000e+03
  -6.4682983e-02   2.3400000e+03
  -8.8989213e-02   2.3550000e+03
  -3.2835495e-02   2.3700000e+03
  -2.5961934e-02   2.3850000e+03
  -2.9028222e-02   2.4000000e+03
   2.9987363e-02   2.4150000e+03
   5.6638490e-02   2.4300000e+03
  -3.1601938e-03   2.4450000e+03
  -2.9922338e-02   2.4600000e+03
   1.6150791e-02   2.4750000e+03
   1.9513655e-02   2.4900000e+03
  -2.9774327e-02   2.5050000e+03
  -1.6589120e-02   2.5200000e+03
   5.2827917e-02   2.5350000e+03
   6.9909193e-02   2.5500000e+03
   4.0826857e-02   2.5650000e+03
   4.7708824e-02   2.5800000e+03
   6.8164319e-02   2.5950000e+03
   3.1502873e-02   2.6100000e+03
  -2.2925338e-02   2.6250000e+03
  -1.1700255e-02   2.6400000e+03
   4.1310530e-02   2.6550000e+03
   5.5475820e-02   2.6700000e+03
   2.2570595e-02   2.6850000e+03
  -1.1972547e-02   2.7000000e+03
  -2.5489967e-02   2.7150000e+03
  -2.0282272e-02   2.7300000e+03
  -4.5562624e-03   2.7450000e+03
   1.2393815e-02   2.7600000e+03
   2.8798129e-02   2.7750000e+03
   4.1821074e-02   2.7900000e+03
   3.7549075e-02   2.8050000e+03
   1.1262596e-02   2.8200000e+03
  -2.1651017e-02   2.8350000e+03
  -4.5603242e-02   2.8500000e+03
  -5.7401985e-02   2.8650000e+03
  -6.0439549e-02   2.8800000e+03
  -5.5242658e-02   2.8950000e+03
  -3.5239980e-02   2.9100000e+03
   1.3064540e-03   2.9250000e+03
   3.8138762e-02   2.9400000e+03
   5.4246508e-02   2.9550000e+03
   4.4401299e-02   2.9700000e+03
   1.5564423e-02   2.9850000e+03
  -2.4668209e-02   3.0000000e+03
  -6.4028010e-02   3.0150000e+03
  -8.2327299e-02   3.0300000e+03
  -6.8177298e-02   3.0450000e+03
  -3.5044838e-02   3.0600000e+03
  -8.9699244e-03   3.0750000e+03
  -2.3288834e-03   3.0900000e+03
  -7.1822968e-03   3.1050000e+03
  -1.0115775e-02   3.1200000e+03
  -5.7327040e-03   3.1350000e+03
   2.6703558e-03   3.1500000e+03
   9.5116086e-03   3.1650000e+03
   1.1603528e-02   3.1800000e+03
   8.0006775e-03   3.1950000e+03
  -1.5362391e-03   3.2100000e+03
  -1.4874607e-02   3.2250000e+03
  -2.4190145e-02   3.2400000e+03
  -1.8611187e-02   3.2550000e+03
   4.8697265e-03   3.2700000e+03
   3.3447273e-02   3.2850000e+03
   4.6002362e-02   3.3000000e+03
   3.1265702e-02   3.3150000e+03
  -1.8349759e-03   3.3300000e+03
  -3.1931683e-02   3.3450000e+03
  -4.2326249e-02   3.3600000e+03
  -3.1580385e-02   3.3750000e+03
  -1.0600208e-02   3.3900000e+03
   9.0522356e-03   3.4050000e+03
   2.4807265e-02   3.4200000e+03
   4.1535094e-02   3.4350000e+03
   6.0390174e-02   3.4500000e+03
   7.1121827e-02   3.4650000e+03
   5.8822740e-02   3.4800000e+03
   2.0354094e-02   3.4950000e+03
  -2.6944036e-02   3.5100000e+03
  -5.5896763e-02   3.5250000e+03
  -5.1228445e-02   3.5400000e+03
  -2.1914046e-02   3.5550000e+03
   6.8491939e-03   3.5700000e+03
   1.3389587e-02   3.5850000e+03
  -6.1182566e-03   3.6000000e+03
  -3.7640665e-02   3.6150000e+03
  -6.0035475e-02   3.6300000e+03
  -5.8406532e-02   3.6450000e+03
  -3.3567239e-02   3.6600000e+03
  -2.3339931e-03   3.6750000e+03
   1.4206231e-02   3.6900000e+03
   8.0681928e-03   3.7050000e+03
  -8.5144341e-03   3.7200000e+03
  -1.5845031e-02   3.7350000e+03
  -7.4758856e-03   3.7500000e+03
   4.2070658e-03   3.7650000e+03
   3.7116797e-03   3.7800000e+03
  -9.7398143e-03   3.7950000e+03
  -2.2596680e-02   3.8100000e+03
  -2.2446116e-02   3.8250000e+03
  -9.3092332e-03   3.8400000e+03
   7.1942732e-03   3.8550000e+03
   1.7426338e-02   3.8700000e+03
   1.7722480e-02   3.8850000e+03
   1.0870030e-02   3.9000000e+03
   3.3842761e-03   3.9150000e+03
   6.0522446e-04   3.9300000e+03
   2.3097680e-03   3.9450000e+03
   4.0219184e-03   3.9600000e+03
   3.6876546e-03   3.9750000e+03
   4.8609152e-03   3.9900000e+03
   1.0823548e-02   4.0050000e+03
   1.7441081e-02   4.0200000e+03
   1.5959715e-02   4.0350000e+03
   3.3097495e-03   4.0500000e+03
  -1.3602390e-02   4.0650000e+03
  -2.5055474e-02   4.0800000e+03
  -2.7556393e-02   4.0950000e+03
  -2.4530631e-02   4.1100000e+03
  -2.0570081e-02   4.1250000e+03
  -1.7599992e-02   4.1400000e+03
  -1.5733745e-02   4.1550000e+03
  -1.5037593e-02   4.1700000e+03
  -1.5299819e-02   4.1850000e+03
  -1.5024791e-02   4.2000000e+03
  -1.1958582e-02   4.2150000e+03
  -5.4021366e-03   4.2300000e+03
   1.8416318e-03   4.2450000e+03
   4.6219942e-03   4.2600000e+03
  -2.7167643e-04   4.2750000e+03
  -1.0752816e-02   4.2900000e+03
  -2.1018652e-02   4.3050000e+03
  -2.6477756e-02   4.3200000e+03
  -2.6419811e-02   4.3350000e+03
  -2.2293875e-02   4.3500000e+03
  -1.5301818e-02   4.3650000e+03
  -6.6144438e-03   4.3800000e+03
   1.6508106e-03   4.3950000e+03
   7.7200863e-03   4.4100000e+03
   1.2289694e-02   4.4250000e+03
   1.7739739e-02   4.4400000e+03
   2.4712222e-02   4.4550000e+03
   3.0571189e-02   4.4700000e+03
   3.1981111e-02   4.4850000e+03
   2.8168930e-02   4.5000000e+03
