  -3.2560613e-03   0.0000000e+00
  -3.2550618e-03   1.5000000e+01
  -3.2524453e-03   3.0000000e+01
  -3.2495754e-03   4.5000000e+01
  -3.2482569e-03   6.0000000e+01
  -3.2498178e-03   7.5000000e+01
  -3.2541882e-03   9.0000000e+01
  -3.2602567e-03   1.0500000e+02
  -3.2672749e-03   1.2000000e+02
  -3.2760242e-03   1.3500000e+02
  -3.2880935e-03   1.5000000e+02
  -3.3042119e-03   1.6500000e+02
  -3.3244968e-03   1.8000000e+02
  -3.3491096e-03   1.9500000e+02
  -3.3774779e-03   2.1000000e+02
  -3.4082984e-03   2.2500000e+02
  -3.4398150e-03   2.4000000e+02
  -3.4690755e-03   2.5500000e+02
  -3.4927104e-03   2.7000000e+02
  -3.5088861e-03   2.8500000e+02
  -3.5166093e-03   3.0000000e+02
  -3.5127075e-03   3.1500000e+02
  -3.4897442e-03   3.3000000e+02
  -3.4363759e-03   3.4500000e+02
  -3.3399707e-03   3.6000000e+02
  -3.1901936e-03   3.7500000e+02
  -2.9813782e-03   3.9000000e+02
  -2.7115010e-03   4.0500000e+02
  -2.3765801e-03   4.2000000e+02
  -1.9640673e-03   4.3500000e+02
  -1.4531774e-03   4.5000000e+02
  -8.2274317e-04   4.6500000e+02
  -5.5968849e-05   4.8000000e+02
   8.6266553e-04   4.9500000e+02
   1.9493363e-03   5.1000000e+02
   3.2163067e-03   5.2500000e+02
   4.6723061e-03   5.4000000e+02
   6.3377628e-03   5.5500000e+02
   8.2579199e-03   5.7000000e+02
   1.0491678e-02   5.8500000e+02
   1.3096346e-02   6.0000000e+02
   1.6140161e-02   6.1500000e+02
   1.9712364e-02   6.3000000e+02
   2.3890523e-02   6.4500000e+02
   2.8715892e-02   6.6000000e+02
   3.4232918e-02   6.7500000e+02
   4.0537462e-02   6.9000000e+02
   4.7782201e-02   7.0500000e+02
   5.6175686e-02   7.2000000e+02
   6.5968290e-02   7.3500000e+02
   7.7391639e-02   7.5000000e+02
   9.0629295e-02   7.6500000e+02
   1.0587212e-01   7.8000000e+02
   1.2335303e-01   7.9500000e+02
   1.4326631e-01   8.1000000e+02
   1.6559742e-01   8.2500000e+02
   1.8998267e-01   8.4000000e+02
   2.1576548e-01   8.5500000e+02
   2.4222422e-01   8.7000000e+02
   2.6869267e-01   8.8500000e+02
   2.9448712e-01   9.0000000e+02
   3.1886241e-01   9.1500000e+02
   3.4104142e-01   9.3000000e+02
   3.6013684e-01   9.4500000e+02
   3.7505651e-01   9.6000000e+02
   3.8471809e-01   9.7500000e+02
   3.8847694e-01   9.9000000e+02
   3.8620773e-01   1.0050000e+03
   3.7796029e-01   1.0200000e+03
   3.6385003e-01   1.0350000e+03
   3.4439325e-01   1.0500000e+03
   3.2055685e-01   1.0650000e+03
   2.9322764e-01   1.0800000e+03
   2.6295096e-01   1.0950000e+03
   2.3045403e-01   1.1100000e+03
   1.9710049e-01   1.1250000e+03
   1.6443345e-01   1.1400000e+03
   1.3342296e-01   1.1550000e+03
   1.0446738e-01   1.1700000e+03
   7.7961147e-02   1.1850000e+03
   5.4497547e-02   1.2000000e+03
   3.4542195e-02   1.2150000e+03
   1.8175079e-02   1.2300000e+03
   5.2176476e-03   1.2450000e+03
  -4.5354650e-03   1.2600000e+03
  -1.1309036e-02   1.2750000e+03
  -1.5466548e-02   1.2900000e+03
  -1.7483575e-02   1.3050000e+03
  -1.7825201e-02   1.3200000e+03
  -1.6913775e-02   1.3350000e+03
  -1.5135411e-02   1.3500000e+03
  -1.2825731e-02   1.3650000e+03
  -1.0287473e-02   1.3800000e+03
  -7.7748778e-03   1.3950000e+03
  -5.4277284e-03   1.4100000e+03
  -3.2990070e-03   1.4250000e+03
  -1.4389788e-03   1.4400000e+03
   1.1321699e-04   1.4550000e+03
   1.3574975e-03   1.4700000e+03
   2.2948754e-03   1.4850000e+03
   2.9086012e-03   1.5000000e+03
   3.1830594e-03   1.5150000e+03
   3.0981416e-03   1.5300000e+03
   2.6221869e-03   1.5450000e+03
   1.7346878e-03   1.5600000e+03
   4.4508261e-04   1.5750000e+03
  -1.2108771e-03   1.5900000e+03
  -3.1837735e-03   1.6050000e+03
  -5.4229195e-03   1.6200000e+03
  -7.8849513e-03   1.6350000e+03
  -1.0542358e-02   1.6500000e+03
  -1.3397228e-02   1.6650000e+03
  -1.6488211e-02   1.6800000e+03
  -1.9873608e-02   1.6950000e+03
  -2.3597322e-02   1.7100000e+03
  -2.7661411e-02   1.7250000e+03
  -3.2016154e-02   1.7400000e+03
  -3.6565825e-02   1.7550000e+03
  -4.1190233e-02   1.7700000e+03
  -4.5775916e-02   1.7850000e+03
  -5.0240427e-02   1.8000000e+03
  -5.4538116e-02   1.8150000e+03
  -5.8646720e-02   1.8300000e+03
  -6.2543266e-02   1.8450000e+03
  -6.6185310e-02   1.8600000e+03
  -6.9508314e-02   1.8750000e+03
  -7.2436169e-02   1.8900000e+03
  -7.4897096e-02   1.9050000e+03
  -7.6838225e-02   1.9200000e+03
  -7.8234948e-02   1.9350000e+03
  -7.9096086e-02   1.9500000e+03
  -7.9465955e-02   1.9650000e+03
  -7.9418615e-02   1.9800000e+03
  -7.9038553e-02   1.9950000e+03
  -7.8394391e-02   2.0100000e+03
  -7.7525601e-02   2.0250000e+03
  -7.6458260e-02   2.0400000e+03
  -7.5241357e-02   2.0550000e+03
  -7.3972873e-02   2.0700000e+03
  -7.2790883e-02   2.0850000e+03
  -7.1836337e-02   2.1000000e+03
  -7.1217753e-02   2.1150000e+03
  -7.0999116e-02   2.1300000e+03
  -7.1207531e-02   2.1450000e+03
  -7.1846381e-02   2.1600000e+03
  -7.2909370e-02   2.1750000e+03
  -7.4394844e-02   2.1900000e+03
  -7.6307543e-02   2.2050000e+03
  -7.8631185e-02   2.2200000e+03
  -8.1283897e-02   2.2350000e+03
  -8.4101692e-02   2.2500000e+03
  -8.6881071e-02   2.2650000e+03
  -8.9451410e-02   2.2800000e+03
  -9.1708966e-02   2.2950000e+03
  -9.3582511e-02   2.3100000e+03
  -9.4977096e-02   2.3250000e+03
  -9.5765613e-02   2.3400000e+03
  -9.5839031e-02   2.3550000e+03
  -9.5158666e-02   2.3700000e+03
  -9.3758427e-02   2.3850000e+03
  -9.1708817e-02   2.4000000e+03
  -8.9093022e-02   2.4150000e+03
  -8.6015671e-02   2.4300000e+03
  -8.2617901e-02   2.4450000e+03
  -7.9069845e-02   2.4600000e+03
  -7.5548783e-02   2.4750000e+03
  -7.2227359e-02   2.4900000e+03
  -6.9272600e-02   2.5050000e+03
  -6.6834934e-02   2.5200000e+03
  -6.5023482e-02   2.5350000e+03
  -6.3893795e-02   2.5500000e+03
  -6.3466206e-02   2.5650000e+03
  -6.3752405e-02   2.5800000e+03
  -6.4752884e-02   2.5950000e+03
  -6.6425718e-02   2.6100000e+03
  -6.8669245e-02   2.6250000e+03
  -7.1347609e-02   2.6400000e+03
  -7.4334309e-02   2.6550000e+03
  -7.7527799e-02   2.6700000e+03
  -8.0831617e-02   2.6850000e+03
  -8.4134623e-02   2.7000000e+03
  -8.7317921e-02   2.7150000e+03
  -9.0274580e-02   2.7300000e+03
  -9.2914298e-02   2.7450000e+03
  -9.5150664e-02   2.7600000e+03
  -9.6890889e-02   2.7750000e+03
  -9.8040305e-02   2.7900000e+03
  -9.8514177e-02   2.8050000e+03
  -9.8244652e-02   2.8200000e+03
  -9.7180441e-02   2.8350000e+03
  -9.5286220e-02   2.8500000e+03
  -9.2548713e-02   2.8650000e+03
  -8.8988431e-02   2.8800000e+03
  -8.4667414e-02   2.8950000e+03
  -7.9685204e-02   2.9100000e+03
  -7.4166603e-02   2.9250000e+03
  -6.8251416e-02   2.9400000e+03
  -6.2087912e-02   2.9550000e+03
  -5.5823043e-02   2.9700000e+03
  -4.9588051e-02   2.9850000e+03
  -4.3487765e-02   3.0000000e+03
  -3.7598673e-02   3.0150000e+03
  -3.1970579e-02   3.0300000e+03
  -2.6626173e-02   3.0450000e+03
  -2.1561267e-02   3.0600000e+03
  -1.6750600e-02   3.0750000e+03
  -1.2157264e-02   3.0900000e+03
  -7.7394238e-03   3.1050000e+03
  -3.4509685e-03   3.1200000e+03
   7.6091947e-04   3.1350000e+03
   4.9537644e-03   3.1500000e+03
   9.1776541e-03   3.1650000e+03
   1.3457251e-02   3.1800000e+03
   1.7781662e-02   3.1950000e+03
   2.2111241e-02   3.2100000e+03
   2.6394730e-02   3.2250000e+03
   3.0582594e-02   3.2400000e+03
   3.4630686e-02   3.2550000e+03
   3.8499180e-02   3.2700000e+03
   4.2152103e-02   3.2850000e+03
   4.5558035e-02   3.3000000e+03
   4.8691690e-02   3.3150000e+03
   5.1536977e-02   3.3300000e+03
   5.4089233e-02   3.3450000e+03
   5.6351341e-02   3.3600000e+03
   5.8322962e-02   3.3750000e+03
   5.9990741e-02   3.3900000e+03
   6.1328135e-02   3.4050000e+03
   6.2304262e-02   3.4200000e+03
   6.2893562e-02   3.4350000e+03
   6.3081160e-02   3.4500000e+03
   6.2865369e-02   3.4650000e+03
   6.2258150e-02   3.4800000e+03
   6.1280265e-02   3.4950000e+03
   5.9951179e-02   3.5100000e+03
   5.8282044e-02   3.5250000e+03
   5.6280177e-02   3.5400000e+03
   5.3961247e-02   3.5550000e+03
   5.1357247e-02   3.5700000e+03
   4.8513852e-02   3.5850000e+03
   4.5481920e-02   3.6000000e+03
   4.2311192e-02   3.6150000e+03
   3.9049201e-02   3.6300000e+03
   3.5744105e-02   3.6450000e+03
   3.2449152e-02   3.6600000e+03
   2.9225729e-02   3.6750000e+03
   2.6142050e-02   3.6900000e+03
   2.3268096e-02   3.7050000e+03
   2.0671673e-02   3.7200000e+03
   1.8418314e-02   3.7350000e+03
   1.6571503e-02   3.7500000e+03
   1.5187678e-02   3.7650000e+03
   1.4306516e-02   3.7800000e+03
   1.3942990e-02   3.7950000e+03
   1.4086143e-02   3.8100000e+03
   1.4703642e-02   3.8250000e+03
   1.5748335e-02   3.8400000e+03
   1.7164296e-02   3.8550000e+03
   1.8890964e-02   3.8700000e+03
   2.0863436e-02   3.8850000e+03
   2.3008218e-02   3.9000000e+03
   2.5237469e-02   3.9150000e+03
   2.7447436e-02   3.9300000e+03
   2.9524069e-02   3.9450000e+03
   3.1353392e-02   3.9600000e+03
   3.2831393e-02   3.9750000e+03
   3.3870626e-02   3.9900000e+03
   3.4404777e-02   4.0050000e+03
   3.4392718e-02   4.0200000e+03
   3.3820745e-02   4.0350000e+03
   3.2699864e-02   4.0500000e+03
   3.1058537e-02   4.0650000e+03
   2.8935632e-02   4.0800000e+03
   2.6378324e-02   4.0950000e+03
   2.3444502e-02   4.1100000e+03
   2.0204866e-02   4.1250000e+03
   1.6741250e-02   4.1400000e+03
   1.3141748e-02   4.1550000e+03
   9.4952174e-03   4.1700000e+03
   5.8863452e-03   4.1850000e+03
   2.3908475e-03   4.2000000e+03
  -9.2939398e-04   4.2150000e+03
  -4.0307418e-03   4.2300000e+03
  -6.8906350e-03   4.2450000e+03
  -9.5073562e-03   4.2600000e+03
  -1.1895719e-02   4.2750000e+03
  -1.4079974e-02   4.2900000e+03
  -1.6087452e-02   4.3050000e+03
  -1.7945461e-02   4.3200000e+03
  -1.9680617e-02   4.3350000e+03
  -2.1318350e-02   4.3500000e+03
  -2.2882171e-02   4.3650000e+03
  -2.4393721e-02   4.3800000e+03
  -2.5873458e-02   4.3950000e+03
  -2.7340479e-02   4.4100000e+03
  -2.8811403e-02   4.4250000e+03
  -3.0299904e-02   4.4400000e+03
  -3.1817410e-02   4.4550000e+03
  -3.3372916e-02   4.4700000e+03
  -3.4970410e-02   4.4850000e+03
  -3.6605857e-02   4.5000000e+03
