  -1.3343010e-02   0.0000000e+00
  -1.3342093e-02   1.5000000e+01
  -1.3341010e-02   3.0000000e+01
  -1.3345934e-02   4.5000000e+01
  -1.3366311e-02   6.0000000e+01
  -1.3409542e-02   7.5000000e+01
  -1.3474228e-02   9.0000000e+01
  -1.3552826e-02   1.0500000e+02
  -1.3641937e-02   1.2000000e+02
  -1.3750614e-02   1.3500000e+02
  -1.3895024e-02   1.5000000e+02
  -1.4083595e-02   1.6500000e+02
  -1.4317780e-02   1.8000000e+02
  -1.4604144e-02   1.9500000e+02
  -1.4953517e-02   2.1000000e+02
  -1.5373013e-02   2.2500000e+02
  -1.5856918e-02   2.4000000e+02
  -1.6379526e-02   2.5500000e+02
  -1.6911630e-02   2.7000000e+02
  -1.7444272e-02   2.8500000e+02
  -1.7983619e-02   3.0000000e+02
  -1.8538622e-02   3.1500000e+02
  -1.9124217e-02   3.3000000e+02
  -1.9757599e-02   3.4500000e+02
  -2.0446619e-02   3.6000000e+02
  -2.1188641e-02   3.7500000e+02
  -2.1971209e-02   3.9000000e+02
  -2.2775615e-02   4.0500000e+02
  -2.3592999e-02   4.2000000e+02
  -2.4411846e-02   4.3500000e+02
  -2.5146078e-02   4.5000000e+02
  -2.5554132e-02   4.6500000e+02
  -2.5145704e-02   4.8000000e+02
  -2.2848047e-02   4.9500000e+02
  -1.5945701e-02   5.1000000e+02
   2.4994023e-03   5.2500000e+02
   4.8752133e-02   5.4000000e+02
   1.5559857e-01   5.5500000e+02
   3.7445328e-01   5.7000000e+02
   7.5255275e-01   5.8500000e+02
   1.2633606e+00   6.0000000e+02
   1.7131267e+00   6.1500000e+02
   1.7407078e+00   6.3000000e+02
   1.0503857e+00   6.4500000e+02
  -2.0874840e-01   6.6000000e+02
  -1.3545951e+00   6.7500000e+02
  -1.7075257e+00   6.9000000e+02
  -1.2799153e+00   7.0500000e+02
  -6.8552470e-01   7.2000000e+02
  -3.1926244e-01   7.3500000e+02
  -5.5134390e-02   7.5000000e+02
   1.4545147e-01   7.6500000e+02
   2.4189984e-02   7.8000000e+02
  -2.9770952e-01   7.9500000e+02
  -2.7413592e-01   8.1000000e+02
   9.5855974e-02   8.2500000e+02
   2.0051104e-01   8.4000000e+02
  -5.2705701e-02   8.5500000e+02
  -1.2613340e-01   8.7000000e+02
   6.2140230e-02   8.8500000e+02
   8.6448647e-02   9.0000000e+02
  -6.7579046e-02   9.1500000e+02
  -7.5589001e-02   9.3000000e+02
   2.3467595e-02   9.4500000e+02
   1.0146383e-02   9.6000000e+02
  -4.1219659e-02   9.7500000e+02
  -3.2983520e-03   9.9000000e+02
   3.2643240e-02   1.0050000e+03
   2.1468156e-03   1.0200000e+03
  -1.2514275e-02   1.0350000e+03
   9.8963426e-03   1.0500000e+03
   1.0223878e-02   1.0650000e+03
  -5.1162196e-03   1.0800000e+03
  -2.0839069e-03   1.0950000e+03
   3.7251594e-03   1.1100000e+03
   2.4327117e-03   1.1250000e+03
   6.8312986e-03   1.1400000e+03
   1.2927639e-02   1.1550000e+03
   1.8038297e-02   1.1700000e+03
   2.7455827e-02   1.1850000e+03
   3.2702841e-02   1.2000000e+03
   2.8203316e-02   1.2150000e+03
   1.7430419e-02   1.2300000e+03
   2.4728044e-03   1.2450000e+03
  -4.8467326e-03   1.2600000e+03
   2.5760890e-03   1.2750000e+03
   1.0681264e-02   1.2900000e+03
   1.1193372e-02   1.3050000e+03
   6.1578960e-03   1.3200000e+03
  -8.1962058e-03   1.3350000e+03
  -2.7812045e-02   1.3500000e+03
  -4.0378485e-02   1.3650000e+03
  -4.2379811e-02   1.3800000e+03
  -3.4158435e-02   1.3950000e+03
  -1.8157145e-02   1.4100000e+03
  -2.7756041e-03   1.4250000e+03
   9.3714744e-03   1.4400000e+03
   2.1688521e-02   1.4550000e+03
   3.1339586e-02   1.4700000e+03
   3.3286702e-02   1.4850000e+03
   2.8990954e-02   1.5000000e+03
   2.3695067e-02   1.5150000e+03
   1.9256990e-02   1.5300000e+03
   9.8430794e-03   1.5450000e+03
  -1.2048726e-02   1.5600000e+03
  -4.3441195e-02   1.5750000e+03
  -7.0525326e-02   1.5900000e+03
  -8.0907762e-02   1.6050000e+03
  -7.2696827e-02   1.6200000e+03
  -5.3139072e-02   1.6350000e+03
  -3.1596739e-02   1.6500000e+03
  -1.4649243e-02   1.6650000e+03
  -5.1308298e-03   1.6800000e+03
  -1.0436504e-03   1.6950000e+03
   4.9857656e-03   1.7100000e+03
   2.0781683e-02   1.7250000e+03
   4.6385232e-02   1.7400000e+03
   7.1799293e-02   1.7550000e+03
   8.4806368e-02   1.7700000e+03
   8.0743216e-02   1.7850000e+03
   6.3934237e-02   1.8000000e+03
   4.1789524e-02   1.8150000e+03
   1.9722704e-02   1.8300000e+03
   1.9635781e-04   1.8450000e+03
  -1.6329868e-02   1.8600000e+03
  -3.0579792e-02   1.8750000e+03
  -4.3538958e-02   1.8900000e+03
  -5.5031650e-02   1.9050000e+03
  -6.3139141e-02   1.9200000e+03
  -6.5300427e-02   1.9350000e+03
  -5.9730481e-02   1.9500000e+03
  -4.6064902e-02   1.9650000e+03
  -2.5549680e-02   1.9800000e+03
  -1.3084487e-03   1.9950000e+03
   2.1356508e-02   2.0100000e+03
   3.5891008e-02   2.0250000e+03
   3.7518669e-02   2.0400000e+03
   2.6403883e-02   2.0550000e+03
   8.2513615e-03   2.0700000e+03
  -7.8535676e-03   2.0850000e+03
  -1.3163668e-02   2.1000000e+03
  -3.4820873e-03   2.1150000e+03
   1.8143777e-02   2.1300000e+03
   4.2792629e-02   2.1450000e+03
   6.0936563e-02   2.1600000e+03
   6.7720212e-02   2.1750000e+03
   6.4313315e-02   2.1900000e+03
   5.5050574e-02   2.2050000e+03
   4.3227013e-02   2.2200000e+03
   2.8625119e-02   2.2350000e+03
   8.2766535e-03   2.2500000e+03
  -1.9864887e-02   2.2650000e+03
  -5.2719090e-02   2.2800000e+03
  -8.1139281e-02   2.2950000e+03
  -9.4296463e-02   2.3100000e+03
  -8.6727329e-02   2.3250000e+03
  -6.2388442e-02   2.3400000e+03
  -3.2285184e-02   2.3550000e+03
  -7.5401543e-03   2.3700000e+03
   6.7969379e-03   2.3850000e+03
   1.2999536e-02   2.4000000e+03
   1.7017012e-02   2.4150000e+03
   2.3454120e-02   2.4300000e+03
   3.2706965e-02   2.4450000e+03
   4.1319702e-02   2.4600000e+03
   4.4560291e-02   2.4750000e+03
   3.9581399e-02   2.4900000e+03
   2.7463587e-02   2.5050000e+03
   1.2793316e-02   2.5200000e+03
   8.8494754e-04   2.5350000e+03
  -5.3535546e-03   2.5500000e+03
  -6.4952378e-03   2.5650000e+03
  -4.9627707e-03   2.5800000e+03
  -2.4710291e-03   2.5950000e+03
   9.1418967e-04   2.6100000e+03
   5.3821374e-03   2.6250000e+03
   9.5932540e-03   2.6400000e+03
   1.0851465e-02   2.6550000e+03
   7.0421095e-03   2.6700000e+03
  -2.0066791e-03   2.6850000e+03
  -1.4905684e-02   2.7000000e+03
  -2.9555084e-02   2.7150000e+03
  -4.3409090e-02   2.7300000e+03
  -5.4149944e-02   2.7450000e+03
  -6.1372053e-02   2.7600000e+03
  -6.7137420e-02   2.7750000e+03
  -7.3349297e-02   2.7900000e+03
  -7.8189813e-02   2.8050000e+03
  -7.6275736e-02   2.8200000e+03
  -6.3141115e-02   2.8350000e+03
  -3.9145947e-02   2.8500000e+03
  -8.7926202e-03   2.8650000e+03
   2.2522958e-02   2.8800000e+03
   4.9884520e-02   2.8950000e+03
   6.8241350e-02   2.9100000e+03
   7.3525876e-02   2.9250000e+03
   6.6222012e-02   2.9400000e+03
   5.2793451e-02   2.9550000e+03
   4.1420732e-02   2.9700000e+03
   3.5430465e-02   2.9850000e+03
   3.1273145e-02   3.0000000e+03
   2.2995522e-02   3.0150000e+03
   8.1859874e-03   3.0300000e+03
  -1.0193604e-02   3.0450000e+03
  -2.6414197e-02   3.0600000e+03
  -3.5538554e-02   3.0750000e+03
  -3.5448316e-02   3.0900000e+03
  -2.7231671e-02   3.1050000e+03
  -1.4370745e-02   3.1200000e+03
  -1.0860217e-03   3.1350000e+03
   9.1005769e-03   3.1500000e+03
   1.3649168e-02   3.1650000e+03
   1.0977619e-02   3.1800000e+03
   1.5810686e-03   3.1950000e+03
  -1.0583635e-02   3.2100000e+03
  -1.9160736e-02   3.2250000e+03
  -1.9338459e-02   3.2400000e+03
  -1.1365520e-02   3.2550000e+03
  -4.6362021e-04   3.2700000e+03
   6.3094762e-03   3.2850000e+03
   3.5004513e-03   3.3000000e+03
  -1.0509779e-02   3.3150000e+03
  -3.2607164e-02   3.3300000e+03
  -5.5886421e-02   3.3450000e+03
  -7.2875164e-02   3.3600000e+03
  -7.9488270e-02   3.3750000e+03
  -7.6732017e-02   3.3900000e+03
  -6.8776272e-02   3.4050000e+03
  -5.9174247e-02   3.4200000e+03
  -4.8451800e-02   3.4350000e+03
  -3.4832627e-02   3.4500000e+03
  -1.7025238e-02   3.4650000e+03
   3.7311518e-03   3.4800000e+03
   2.4181750e-02   3.4950000e+03
   4.1199204e-02   3.5100000e+03
   5.3148925e-02   3.5250000e+03
   5.9506483e-02   3.5400000e+03
   5.9970956e-02   3.5550000e+03
   5.4372281e-02   3.5700000e+03
   4.3029647e-02   3.5850000e+03
   2.6706830e-02   3.6000000e+03
   6.5293261e-03   3.6150000e+03
  -1.5256876e-02   3.6300000e+03
  -3.4327205e-02   3.6450000e+03
  -4.5072369e-02   3.6600000e+03
  -4.3625206e-02   3.6750000e+03
  -3.0741356e-02   3.6900000e+03
  -1.1770572e-02   3.7050000e+03
   6.2084766e-03   3.7200000e+03
   1.7615413e-02   3.7350000e+03
   2.0191018e-02   3.7500000e+03
   1.5472385e-02   3.7650000e+03
   8.1008542e-03   3.7800000e+03
   3.5901188e-03   3.7950000e+03
   5.2823331e-03   3.8100000e+03
   1.2730336e-02   3.8250000e+03
   2.2727847e-02   3.8400000e+03
   3.1539753e-02   3.8550000e+03
   3.6318742e-02   3.8700000e+03
   3.5660259e-02   3.8850000e+03
   3.0149842e-02   3.9000000e+03
   2.2292124e-02   3.9150000e+03
   1.4722138e-02   3.9300000e+03
   7.9732528e-03   3.9450000e+03
   6.6026498e-04   3.9600000e+03
  -7.7096550e-03   3.9750000e+03
  -1.4775260e-02   3.9900000e+03
  -1.6911410e-02   4.0050000e+03
  -1.2665346e-02   4.0200000e+03
  -4.3060603e-03   4.0350000e+03
   3.7447205e-03   4.0500000e+03
   7.8253346e-03   4.0650000e+03
   7.2164042e-03   4.0800000e+03
   4.5242952e-03   4.0950000e+03
   3.8261896e-03   4.1100000e+03
   7.3323874e-03   4.1250000e+03
   1.3167086e-02   4.1400000e+03
   1.6702073e-02   4.1550000e+03
   1.4648443e-02   4.1700000e+03
   8.2012825e-03   4.1850000e+03
   2.4023880e-03   4.2000000e+03
   2.3861860e-03   4.2150000e+03
   9.5875394e-03   4.2300000e+03
   2.0671967e-02   4.2450000e+03
   2.9847635e-02   4.2600000e+03
   3.2791868e-02   4.2750000e+03
   2.9150579e-02   4.2900000e+03
   2.1762088e-02   4.3050000e+03
   1.3721704e-02   4.3200000e+03
   6.1589004e-03   4.3350000e+03
  -1.6563429e-03   4.3500000e+03
  -1.0697547e-02   4.3650000e+03
  -2.0722469e-02   4.3800000e+03
  -2.9826026e-02   4.3950000e+03
  -3.5100114e-02   4.4100000e+03
  -3.4193046e-02   4.4250000e+03
  -2.6985003e-02   4.4400000e+03
  -1.6102910e-02   4.4550000e+03
  -5.6890431e-03   4.4700000e+03
   6.8688049e-04   4.4850000e+03
   1.5207692e-03   4.5000000e+03
