  -1.1542334e-03   0.0000000e+00
  -1.1543020e-03   1.5000000e+01
  -1.1543654e-03   3.0000000e+01
  -1.1543055e-03   4.5000000e+01
  -1.1542657e-03   6.0000000e+01
  -1.1543623e-03   7.5000000e+01
  -1.1546804e-03   9.0000000e+01
  -1.1554774e-03   1.0500000e+02
  -1.1568442e-03   1.2000000e+02
  -1.1584089e-03   1.3500000e+02
  -1.1598318e-03   1.5000000e+02
  -1.1612421e-03   1.6500000e+02
  -1.1628871e-03   1.8000000e+02
  -1.1647731e-03   1.9500000e+02
  -1.1667897e-03   2.1000000e+02
  -1.1687875e-03   2.2500000e+02
  -1.1705919e-03   2.4000000e+02
  -1.1721157e-03   2.5500000e+02
  -1.1733631e-03   2.7000000e+02
  -1.1744761e-03   2.8500000e+02
  -1.1758374e-03   3.0000000e+02
  -1.1778562e-03   3.1500000e+02
  -1.1805797e-03   3.3000000e+02
  -1.1836687e-03   3.4500000e+02
  -1.1868236e-03   3.6000000e+02
  -1.1900511e-03   3.7500000e+02
  -1.1934504e-03   3.9000000e+02
  -1.1969599e-03   4.0500000e+02
  -1.2003311e-03   4.2000000e+02
  -1.2031608e-03   4.3500000e+02
  -1.2050944e-03   4.5000000e+02
  -1.2062170e-03   4.6500000e+02
  -1.2071038e-03   4.8000000e+02
  -1.2083268e-03   4.9500000e+02
  -1.2099500e-03   5.1000000e+02
  -1.2118480e-03   5.2500000e+02
  -1.2146416e-03   5.4000000e+02
  -1.2199905e-03   5.5500000e+02
  -1.2298138e-03   5.7000000e+02
  -1.2450693e-03   5.8500000e+02
  -1.2644964e-03   6.0000000e+02
  -1.2842166e-03   6.1500000e+02
  -1.2992074e-03   6.3000000e+02
  -1.3055865e-03   6.4500000e+02
  -1.3016653e-03   6.6000000e+02
  -1.2864629e-03   6.7500000e+02
  -1.2557361e-03   6.9000000e+02
  -1.1994481e-03   7.0500000e+02
  -1.1073225e-03   7.2000000e+02
  -9.8240853e-04   7.3500000e+02
  -8.5070421e-04   7.5000000e+02
  -7.5345504e-04   7.6500000e+02
  -7.2341232e-04   7.8000000e+02
  -7.6354307e-04   7.9500000e+02
  -8.4665645e-04   8.1000000e+02
  -9.3489018e-04   8.2500000e+02
  -1.0003581e-03   8.4000000e+02
  -1.0322290e-03   8.5500000e+02
  -1.0335314e-03   8.7000000e+02
  -1.0190392e-03   8.8500000e+02
  -1.0139419e-03   9.0000000e+02
  -1.0417807e-03   9.1500000e+02
  -1.1031440e-03   9.3000000e+02
  -1.1694663e-03   9.4500000e+02
  -1.2073709e-03   9.6000000e+02
  -1.2094680e-03   9.7500000e+02
  -1.1961026e-03   9.9000000e+02
  -1.1916377e-03   1.0050000e+03
  -1.2071076e-03   1.0200000e+03
  -1.2387534e-03   1.0350000e+03
  -1.2708636e-03   1.0500000e+03
  -1.2857355e-03   1.0650000e+03
  -1.2833284e-03   1.0800000e+03
  -1.2845376e-03   1.0950000e+03
  -1.3038381e-03   1.1100000e+03
  -1.3282474e-03   1.1250000e+03
  -1.3356193e-03   1.1400000e+03
  -1.3241727e-03   1.1550000e+03
  -1.3114965e-03   1.1700000e+03
  -1.3112944e-03   1.1850000e+03
  -1.3222938e-03   1.2000000e+03
  -1.3385068e-03   1.2150000e+03
  -1.3636127e-03   1.2300000e+03
  -1.4113898e-03   1.2450000e+03
  -1.4909796e-03   1.2600000e+03
  -1.5948395e-03   1.2750000e+03
  -1.7039228e-03   1.2900000e+03
  -1.7998189e-03   1.3050000e+03
  -1.8689964e-03   1.3200000e+03
  -1.9065619e-03   1.3350000e+03
  -1.9273567e-03   1.3500000e+03
  -1.9651619e-03   1.3650000e+03
  -2.0442815e-03   1.3800000e+03
  -2.1514795e-03   1.3950000e+03
  -2.2488690e-03   1.4100000e+03
  -2.3188128e-03   1.4250000e+03
  -2.3876454e-03   1.4400000e+03
  -2.4993371e-03   1.4550000e+03
  -2.6697570e-03   1.4700000e+03
  -2.8718989e-03   1.4850000e+03
  -3.0652476e-03   1.5000000e+03
  -3.2365131e-03   1.5150000e+03
  -3.4113107e-03   1.5300000e+03
  -3.6280979e-03   1.5450000e+03
  -3.9025652e-03   1.5600000e+03
  -4.2190617e-03   1.5750000e+03
  -4.5572547e-03   1.5900000e+03
  -4.9224566e-03   1.6050000e+03
  -5.3425636e-03   1.6200000e+03
  -5.8376798e-03   1.6350000e+03
  -6.4068050e-03   1.6500000e+03
  -7.0512281e-03   1.6650000e+03
  -7.7986666e-03   1.6800000e+03
  -8.6904364e-03   1.6950000e+03
  -9.7487057e-03   1.7100000e+03
  -1.0961228e-02   1.7250000e+03
  -1.2265766e-02   1.7400000e+03
  -1.3458359e-02   1.7550000e+03
  -1.3957073e-02   1.7700000e+03
  -1.2398494e-02   1.7850000e+03
  -6.0981154e-03   1.8000000e+03
   9.4570946e-03   1.8150000e+03
   4.0609289e-02   1.8300000e+03
   9.4184577e-02   1.8450000e+03
   1.7393304e-01   1.8600000e+03
   2.7472052e-01   1.8750000e+03
   3.7641326e-01   1.8900000e+03
   4.4188592e-01   1.9050000e+03
   4.2461041e-01   1.9200000e+03
   2.8821582e-01   1.9350000e+03
   3.2409944e-02   1.9500000e+03
  -2.8946877e-01   1.9650000e+03
  -5.7805461e-01   1.9800000e+03
  -7.2594714e-01   1.9950000e+03
  -6.7002344e-01   2.0100000e+03
  -4.2706698e-01   2.0250000e+03
  -8.9253485e-02   2.0400000e+03
   2.1664366e-01   2.0550000e+03
   3.8005787e-01   2.0700000e+03
   3.4540984e-01   2.0850000e+03
   1.3669518e-01   2.1000000e+03
  -1.3336979e-01   2.1150000e+03
  -2.9500464e-01   2.1300000e+03
  -2.1885142e-01   2.1450000e+03
   6.3558877e-02   2.1600000e+03
   3.3766758e-01   2.1750000e+03
   3.6231440e-01   2.1900000e+03
   9.9989623e-02   2.2050000e+03
  -2.2084090e-01   2.2200000e+03
  -3.2180065e-01   2.2350000e+03
  -1.6104405e-01   2.2500000e+03
   4.1012235e-02   2.2650000e+03
   7.8671373e-02   2.2800000e+03
  -1.1701189e-03   2.2950000e+03
  -4.6910197e-03   2.3100000e+03
   1.1165813e-01   2.3250000e+03
   1.7333494e-01   2.3400000e+03
   5.0090544e-02   2.3550000e+03
  -1.3241343e-01   2.3700000e+03
  -1.5289260e-01   2.3850000e+03
  -4.7066868e-03   2.4000000e+03
   9.8073624e-02   2.4150000e+03
   2.8927578e-02   2.4300000e+03
  -8.5660443e-02   2.4450000e+03
  -7.8140624e-02   2.4600000e+03
   1.2187562e-02   2.4750000e+03
   3.2633740e-02   2.4900000e+03
  -2.4415692e-02   2.5050000e+03
  -2.6337070e-02   2.5200000e+03
   5.5695266e-02   2.5350000e+03
   8.8049762e-02   2.5500000e+03
   2.5828399e-03   2.5650000e+03
  -8.2492977e-02   2.5800000e+03
  -5.6413047e-02   2.5950000e+03
   1.2649081e-02   2.6100000e+03
   1.5258548e-02   2.6250000e+03
  -1.3915081e-02   2.6400000e+03
   1.1726498e-02   2.6550000e+03
   5.4301646e-02   2.6700000e+03
   2.4335468e-02   2.6850000e+03
  -4.3439228e-02   2.7000000e+03
  -4.5274489e-02   2.7150000e+03
   1.3236455e-02   2.7300000e+03
   4.1854054e-02   2.7450000e+03
   2.4449764e-02   2.7600000e+03
   1.5283965e-02   2.7750000e+03
   1.7094512e-02   2.7900000e+03
  -8.1284950e-03   2.8050000e+03
  -4.0565193e-02   2.8200000e+03
  -2.9353762e-02   2.8350000e+03
   1.0050898e-02   2.8500000e+03
   1.9583119e-02   2.8650000e+03
  -7.0793009e-03   2.8800000e+03
  -2.8499337e-02   2.8950000e+03
  -2.6011676e-02   2.9100000e+03
  -1.0837755e-02   2.9250000e+03
   1.1980450e-02   2.9400000e+03
   3.7929181e-02   2.9550000e+03
   4.4080064e-02   2.9700000e+03
   1.5662661e-02   2.9850000e+03
  -2.3883224e-02   3.0000000e+03
  -3.8413584e-02   3.0150000e+03
  -2.2065284e-02   3.0300000e+03
   4.0144557e-03   3.0450000e+03
   2.2846239e-02   3.0600000e+03
   2.8971095e-02   3.0750000e+03
   1.9411916e-02   3.0900000e+03
  -3.7946017e-04   3.1050000e+03
  -1.1409629e-02   3.1200000e+03
  -3.8998647e-04   3.1350000e+03
   2.2706505e-02   3.1500000e+03
   3.7109174e-02   3.1650000e+03
   3.3187699e-02   3.1800000e+03
   1.6956009e-02   3.1950000e+03
   2.4858080e-03   3.2100000e+03
   1.5686366e-03   3.2250000e+03
   1.1360381e-02   3.2400000e+03
   1.3141275e-02   3.2550000e+03
  -6.9418768e-03   3.2700000e+03
  -3.6333356e-02   3.2850000e+03
  -4.4400316e-02   3.3000000e+03
  -1.5645886e-02   3.3150000e+03
   3.0426214e-02   3.3300000e+03
   5.7161689e-02   3.3450000e+03
   4.6019237e-02   3.3600000e+03
   9.8709930e-03   3.3750000e+03
  -2.5106326e-02   3.3900000e+03
  -4.3007363e-02   3.4050000e+03
  -4.4309713e-02   3.4200000e+03
  -3.6573287e-02   3.4350000e+03
  -2.4300782e-02   3.4500000e+03
  -8.0924090e-03   3.4650000e+03
   9.1333808e-03   3.4800000e+03
   2.0211060e-02   3.4950000e+03
   2.0250803e-02   3.5100000e+03
   1.1598291e-02   3.5250000e+03
   2.2525692e-04   3.5400000e+03
  -9.1208564e-03   3.5550000e+03
  -1.2140812e-02   3.5700000e+03
  -4.2117317e-03   3.5850000e+03
   1.4224866e-02   3.6000000e+03
   3.2573588e-02   3.6150000e+03
   3.5861220e-02   3.6300000e+03
   1.8851191e-02   3.6450000e+03
  -6.8430449e-03   3.6600000e+03
  -2.1890547e-02   3.6750000e+03
  -1.6069727e-02   3.6900000e+03
   3.0795739e-03   3.7050000e+03
   1.6612370e-02   3.7200000e+03
   9.7031528e-03   3.7350000e+03
  -1.5880682e-02   3.7500000e+03
  -4.2613577e-02   3.7650000e+03
  -5.1274154e-02   3.7800000e+03
  -3.6049906e-02   3.7950000e+03
  -7.2901305e-03   3.8100000e+03
   1.9088922e-02   3.8250000e+03
   3.3891175e-02   3.8400000e+03
   3.7500344e-02   3.8550000e+03
   3.3851679e-02   3.8700000e+03
   2.4946876e-02   3.8850000e+03
   1.1982369e-02   3.9000000e+03
  -9.6555130e-04   3.9150000e+03
  -8.0346912e-03   3.9300000e+03
  -7.0644198e-03   3.9450000e+03
  -1.7764298e-03   3.9600000e+03
   2.8453066e-03   3.9750000e+03
   5.6203143e-03   3.9900000e+03
   7.6673524e-03   4.0050000e+03
   7.3260469e-03   4.0200000e+03
   3.6051619e-04   4.0350000e+03
  -1.3307439e-02   4.0500000e+03
  -2.5631811e-02   4.0650000e+03
  -2.6471952e-02   4.0800000e+03
  -1.4106503e-02   4.0950000e+03
   1.8314199e-03   4.1100000e+03
   8.8618528e-03   4.1250000e+03
   2.8920502e-03   4.1400000e+03
  -8.8826651e-03   4.1550000e+03
  -1.5333692e-02   4.1700000e+03
  -1.1299286e-02   4.1850000e+03
  -1.2529369e-03   4.2000000e+03
   5.5683227e-03   4.2150000e+03
   3.7278286e-03   4.2300000e+03
  -3.6081178e-03   4.2450000e+03
  -7.8182258e-03   4.2600000e+03
  -3.1625226e-03   4.2750000e+03
   7.4944180e-03   4.2900000e+03
   1.5135433e-02   4.3050000e+03
   1.2822201e-02   4.3200000e+03
   1.8545266e-03   4.3350000e+03
  -9.5128948e-03   4.3500000e+03
  -1.3104775e-02   4.3650000e+03
  -7.3938477e-03   4.3800000e+03
   1.4727484e-03   4.3950000e+03
   4.6416591e-03   4.4100000e+03
  -2.3211876e-03   4.4250000e+03
  -1.5495479e-02   4.4400000e+03
  -2.5177306e-02   4.4550000e+03
  -2.3440786e-02   4.4700000e+03
  -1.0713524e-02   4.4850000e+03
   4.3411353e-03   4.5000000e+03
