  -7.5311144e-04   0.0000000e+00
  -7.5561501e-04   1.5000000e+01
  -7.6281111e-04   3.0000000e+01
  -7.7503099e-04   4.5000000e+01
  -7.9601048e-04   6.0000000e+01
  -8.2946889e-04   7.5000000e+01
  -8.7208999e-04   9.0000000e+01
  -9.1538439e-04   1.0500000e+02
  -9.5303840e-04   1.2000000e+02
  -9.8579167e-04   1.3500000e+02
  -1.0201369e-03   1.5000000e+02
  -1.0585970e-03   1.6500000e+02
  -1.0949558e-03   1.8000000e+02
  -1.1223644e-03   1.9500000e+02
  -1.1378230e-03   2.1000000e+02
  -1.1333534e-03   2.2500000e+02
  -1.0813179e-03   2.4000000e+02
  -9.2751236e-04   2.5500000e+02
  -6.0447538e-04   2.7000000e+02
  -4.7798767e-05   2.8500000e+02
   8.1997120e-04   3.0000000e+02
   2.1327534e-03   3.1500000e+02
   4.1114921e-03   3.3000000e+02
   7.0652361e-03   3.4500000e+02
   1.1384068e-02   3.6000000e+02
   1.7560039e-02   3.7500000e+02
   2.6271995e-02   3.9000000e+02
   3.8522843e-02   4.0500000e+02
   5.5730525e-02   4.2000000e+02
   7.9735823e-02   4.3500000e+02
   1.1292262e-01   4.5000000e+02
   1.5866058e-01   4.6500000e+02
   2.2191812e-01   4.8000000e+02
   3.0952936e-01   4.9500000e+02
   4.2946723e-01   5.1000000e+02
   5.8841687e-01   5.2500000e+02
   7.8708225e-01   5.4000000e+02
   1.0137575e+00   5.5500000e+02
   1.2388391e+00   5.7000000e+02
   1.4142375e+00   5.8500000e+02
   1.4807919e+00   6.0000000e+02
   1.3851584e+00   6.1500000e+02
   1.1041090e+00   6.3000000e+02
   6.6585261e-01   6.4500000e+02
   1.5161909e-01   6.6000000e+02
  -3.3178017e-01   6.7500000e+02
  -6.9876069e-01   6.9000000e+02
  -9.2349964e-01   7.0500000e+02
  -1.0383608e+00   7.2000000e+02
  -1.0884771e+00   7.3500000e+02
  -1.0876532e+00   7.5000000e+02
  -1.0235631e+00   7.6500000e+02
  -8.9681578e-01   7.8000000e+02
  -7.3814225e-01   7.9500000e+02
  -5.8617568e-01   8.1000000e+02
  -4.5927280e-01   8.2500000e+02
  -3.5393131e-01   8.4000000e+02
  -2.6445121e-01   8.5500000e+02
  -1.9349760e-01   8.7000000e+02
  -1.4306264e-01   8.8500000e+02
  -1.0773048e-01   9.0000000e+02
  -8.2268603e-02   9.1500000e+02
  -6.6671707e-02   9.3000000e+02
  -5.9287645e-02   9.4500000e+02
  -5.3397451e-02   9.6000000e+02
  -4.4962846e-02   9.7500000e+02
  -3.5500005e-02   9.9000000e+02
  -2.4482146e-02   1.0050000e+03
  -8.9812987e-03   1.0200000e+03
   9.1360351e-03   1.0350000e+03
   2.6358964e-02   1.0500000e+03
   4.3709669e-02   1.0650000e+03
   6.1856840e-02   1.0800000e+03
   7.8061856e-02   1.0950000e+03
   9.1472879e-02   1.1100000e+03
   1.0362254e-01   1.1250000e+03
   1.1479612e-01   1.1400000e+03
   1.2469871e-01   1.1550000e+03
   1.3365072e-01   1.1700000e+03
   1.4172190e-01   1.1850000e+03
   1.4864197e-01   1.2000000e+03
   1.5398976e-01   1.2150000e+03
   1.5728129e-01   1.2300000e+03
   1.5845215e-01   1.2450000e+03
   1.5755516e-01   1.2600000e+03
   1.5406053e-01   1.2750000e+03
   1.4698826e-01   1.2900000e+03
   1.3536175e-01   1.3050000e+03
   1.1843125e-01   1.3200000e+03
   9.5886260e-02   1.3350000e+03
   6.8215922e-02   1.3500000e+03
   3.6904052e-02   1.3650000e+03
   4.0246872e-03   1.3800000e+03
  -2.8309621e-02   1.3950000e+03
  -5.8010459e-02   1.4100000e+03
  -8.2975417e-02   1.4250000e+03
  -1.0141614e-01   1.4400000e+03
  -1.1233528e-01   1.4550000e+03
  -1.1580315e-01   1.4700000e+03
  -1.1281785e-01   1.4850000e+03
  -1.0479638e-01   1.5000000e+03
  -9.3069367e-02   1.5150000e+03
  -7.8673959e-02   1.5300000e+03
  -6.2483672e-02   1.5450000e+03
  -4.5586817e-02   1.5600000e+03
  -2.9650068e-02   1.5750000e+03
  -1.6890645e-02   1.5900000e+03
  -9.5209517e-03   1.6050000e+03
  -8.9545492e-03   1.6200000e+03
  -1.5262198e-02   1.6350000e+03
  -2.7185304e-02   1.6500000e+03
  -4.2629059e-02   1.6650000e+03
  -5.9285183e-02   1.6800000e+03
  -7.5053670e-02   1.6950000e+03
  -8.8157311e-02   1.7100000e+03
  -9.7081147e-02   1.7250000e+03
  -1.0058958e-01   1.7400000e+03
  -9.7987063e-02   1.7550000e+03
  -8.9514352e-02   1.7700000e+03
  -7.6559827e-02   1.7850000e+03
  -6.1452020e-02   1.8000000e+03
  -4.6885595e-02   1.8150000e+03
  -3.5239916e-02   1.8300000e+03
  -2.8057214e-02   1.8450000e+03
  -2.5809389e-02   1.8600000e+03
  -2.7919028e-02   1.8750000e+03
  -3.2937802e-02   1.8900000e+03
  -3.8843021e-02   1.9050000e+03
  -4.3463886e-02   1.9200000e+03
  -4.4984702e-02   1.9350000e+03
  -4.2354207e-02   1.9500000e+03
  -3.5409868e-02   1.9650000e+03
  -2.4657177e-02   1.9800000e+03
  -1.0834784e-02   1.9950000e+03
   5.4900134e-03   2.0100000e+03
   2.4084762e-02   2.0250000e+03
   4.4915296e-02   2.0400000e+03
   6.7817606e-02   2.0550000e+03
   9.2164002e-02   2.0700000e+03
   1.1666259e-01   2.0850000e+03
   1.3933322e-01   2.1000000e+03
   1.5766315e-01   2.1150000e+03
   1.6896696e-01   2.1300000e+03
   1.7095022e-01   2.1450000e+03
   1.6234213e-01   2.1600000e+03
   1.4332312e-01   2.1750000e+03
   1.1550748e-01   2.1900000e+03
   8.1484370e-02   2.2050000e+03
   4.4181932e-02   2.2200000e+03
   6.3641784e-03   2.2350000e+03
  -2.9624904e-02   2.2500000e+03
  -6.1972529e-02   2.2650000e+03
  -8.9488931e-02   2.2800000e+03
  -1.1166399e-01   2.2950000e+03
  -1.2858248e-01   2.3100000e+03
  -1.4067684e-01   2.3250000e+03
  -1.4844525e-01   2.3400000e+03
  -1.5228553e-01   2.3550000e+03
  -1.5246718e-01   2.3700000e+03
  -1.4914028e-01   2.3850000e+03
  -1.4229624e-01   2.4000000e+03
  -1.3171247e-01   2.4150000e+03
  -1.1699525e-01   2.4300000e+03
  -9.7802877e-02   2.4450000e+03
  -7.4215390e-02   2.4600000e+03
  -4.7096185e-02   2.4750000e+03
  -1.8234791e-02   2.4900000e+03
   9.8799001e-03   2.5050000e+03
   3.4634478e-02   2.5200000e+03
   5.3995784e-02   2.5350000e+03
   6.7038111e-02   2.5500000e+03
   7.4070245e-02   2.5650000e+03
   7.6339416e-02   2.5800000e+03
   7.5471133e-02   2.5950000e+03
   7.2875664e-02   2.6100000e+03
   6.9318108e-02   2.6250000e+03
   6.4771205e-02   2.6400000e+03
   5.8589671e-02   2.6550000e+03
   4.9960125e-02   2.6700000e+03
   3.8481932e-02   2.6850000e+03
   2.4647973e-02   2.7000000e+03
   9.9782469e-03   2.7150000e+03
  -3.3326875e-03   2.7300000e+03
  -1.3168461e-02   2.7450000e+03
  -1.8318273e-02   2.7600000e+03
  -1.8957390e-02   2.7750000e+03
  -1.6504979e-02   2.7900000e+03
  -1.2911594e-02   2.8050000e+03
  -9.7483424e-03   2.8200000e+03
  -7.5909393e-03   2.8350000e+03
  -6.0341000e-03   2.8500000e+03
  -4.3007932e-03   2.8650000e+03
  -2.0225600e-03   2.8800000e+03
   3.7609087e-04   2.8950000e+03
   1.9917269e-03   2.9100000e+03
   2.2140308e-03   2.9250000e+03
   1.3055115e-03   2.9400000e+03
   2.4450599e-04   2.9550000e+03
  -1.1205884e-04   2.9700000e+03
   1.2804021e-04   2.9850000e+03
  -2.0246726e-04   3.0000000e+03
  -2.5074221e-03   3.0150000e+03
  -7.3026810e-03   3.0300000e+03
  -1.3699091e-02   3.0450000e+03
  -1.9910837e-02   3.0600000e+03
  -2.4350494e-02   3.0750000e+03
  -2.6420223e-02   3.0900000e+03
  -2.6448889e-02   3.1050000e+03
  -2.5001086e-02   3.1200000e+03
  -2.2269860e-02   3.1350000e+03
  -1.8071018e-02   3.1500000e+03
  -1.2342133e-02   3.1650000e+03
  -5.6040846e-03   3.1800000e+03
   1.0714669e-03   3.1950000e+03
   6.5716277e-03   3.2100000e+03
   1.0303062e-02   3.2250000e+03
   1.2368088e-02   3.2400000e+03
   1.3260596e-02   3.2550000e+03
   1.3353172e-02   3.2700000e+03
   1.2556194e-02   3.2850000e+03
   1.0349559e-02   3.3000000e+03
   6.1008222e-03   3.3150000e+03
  -5.8487384e-04   3.3300000e+03
  -9.6815126e-03   3.3450000e+03
  -2.0727810e-02   3.3600000e+03
  -3.2853752e-02   3.3750000e+03
  -4.4783711e-02   3.3900000e+03
  -5.4908607e-02   3.4050000e+03
  -6.1546173e-02   3.4200000e+03
  -6.3338906e-02   3.4350000e+03
  -5.9571635e-02   3.4500000e+03
  -5.0245982e-02   3.4650000e+03
  -3.5978176e-02   3.4800000e+03
  -1.7916942e-02   3.4950000e+03
   2.2504812e-03   3.5100000e+03
   2.2364637e-02   3.5250000e+03
   4.0132370e-02   3.5400000e+03
   5.3702515e-02   3.5550000e+03
   6.2159549e-02   3.5700000e+03
   6.5589353e-02   3.5850000e+03
   6.4673990e-02   3.6000000e+03
   6.0146220e-02   3.6150000e+03
   5.2521449e-02   3.6300000e+03
   4.2232972e-02   3.6450000e+03
   2.9917795e-02   3.6600000e+03
   1.6513931e-02   3.6750000e+03
   3.0835040e-03   3.6900000e+03
  -9.4497968e-03   3.7050000e+03
  -2.0453108e-02   3.7200000e+03
  -2.9616067e-02   3.7350000e+03
  -3.6947656e-02   3.7500000e+03
  -4.2741533e-02   3.7650000e+03
  -4.7437441e-02   3.7800000e+03
  -5.1391568e-02   3.7950000e+03
  -5.4707397e-02   3.8100000e+03
  -5.7265937e-02   3.8250000e+03
  -5.8920167e-02   3.8400000e+03
  -5.9672546e-02   3.8550000e+03
  -5.9681695e-02   3.8700000e+03
  -5.9094921e-02   3.8850000e+03
  -5.7834342e-02   3.9000000e+03
  -5.5495482e-02   3.9150000e+03
  -5.1457200e-02   3.9300000e+03
  -4.5190014e-02   3.9450000e+03
  -3.6627810e-02   3.9600000e+03
  -2.6397672e-02   3.9750000e+03
  -1.5746837e-02   3.9900000e+03
  -6.1675604e-03   4.0050000e+03
   1.0990790e-03   4.0200000e+03
   5.4371785e-03   4.0350000e+03
   6.9676964e-03   4.0500000e+03
   6.4226026e-03   4.0650000e+03
   4.8846421e-03   4.0800000e+03
   3.4614657e-03   4.0950000e+03
   2.9311210e-03   4.1100000e+03
   3.4551104e-03   4.1250000e+03
   4.5289742e-03   4.1400000e+03
   5.2746576e-03   4.1550000e+03
   4.9569299e-03   4.1700000e+03
   3.4103340e-03   4.1850000e+03
   1.0957562e-03   4.2000000e+03
  -1.2319346e-03   4.2150000e+03
  -2.9852211e-03   4.2300000e+03
  -4.0087560e-03   4.2450000e+03
  -4.5096357e-03   4.2600000e+03
  -4.7827051e-03   4.2750000e+03
  -4.9858494e-03   4.2900000e+03
  -5.1209345e-03   4.3050000e+03
  -5.1685018e-03   4.3200000e+03
  -5.2059679e-03   4.3350000e+03
  -5.4012761e-03   4.3500000e+03
  -5.9214309e-03   4.3650000e+03
  -6.8596136e-03   4.3800000e+03
  -8.2179578e-03   4.3950000e+03
  -9.9038566e-03   4.4100000e+03
  -1.1721442e-02   4.4250000e+03
  -1.3413885e-02   4.4400000e+03
  -1.4792092e-02   4.4550000e+03
  -1.5861604e-02   4.4700000e+03
  -1.6803563e-02   4.4850000e+03
  -1.7795216e-02   4.5000000e+03
