  -1.3962315e-03   0.0000000e+00
  -1.3963309e-03   1.5000000e+01
  -1.3965287e-03   3.0000000e+01
  -1.3966933e-03   4.5000000e+01
  -1.3968506e-03   6.0000000e+01
  -1.3970146e-03   7.5000000e+01
  -1.3971964e-03   9.0000000e+01
  -1.3975770e-03   1.0500000e+02
  -1.3982862e-03   1.2000000e+02
  -1.3991294e-03   1.3500000e+02
  -1.3998792e-03   1.5000000e+02
  -1.4005811e-03   1.6500000e+02
  -1.4013136e-03   1.8000000e+02
  -1.4020158e-03   1.9500000e+02
  -1.4026451e-03   2.1000000e+02
  -1.4032426e-03   2.2500000e+02
  -1.4038720e-03   2.4000000e+02
  -1.4045959e-03   2.5500000e+02
  -1.4053946e-03   2.7000000e+02
  -1.4062021e-03   2.8500000e+02
  -1.4070364e-03   3.0000000e+02
  -1.4079874e-03   3.1500000e+02
  -1.4090958e-03   3.3000000e+02
  -1.4103031e-03   3.4500000e+02
  -1.4115700e-03   3.6000000e+02
  -1.4129550e-03   3.7500000e+02
  -1.4144806e-03   3.9000000e+02
  -1.4160809e-03   4.0500000e+02
  -1.4176820e-03   4.2000000e+02
  -1.4190843e-03   4.3500000e+02
  -1.4197343e-03   4.5000000e+02
  -1.4186116e-03   4.6500000e+02
  -1.4138019e-03   4.8000000e+02
  -1.4015971e-03   4.9500000e+02
  -1.3761403e-03   5.1000000e+02
  -1.3313728e-03   5.2500000e+02
  -1.2659958e-03   5.4000000e+02
  -1.1893354e-03   5.5500000e+02
  -1.1231822e-03   5.7000000e+02
  -1.0942001e-03   5.8500000e+02
  -1.1166218e-03   6.0000000e+02
  -1.1762386e-03   6.1500000e+02
  -1.2331306e-03   6.3000000e+02
  -1.2485409e-03   6.4500000e+02
  -1.2159332e-03   6.6000000e+02
  -1.1639734e-03   6.7500000e+02
  -1.1224584e-03   6.9000000e+02
  -1.0854228e-03   7.0500000e+02
  -1.0169203e-03   7.2000000e+02
  -8.9822919e-04   7.3500000e+02
  -7.6100836e-04   7.5000000e+02
  -6.6347554e-04   7.6500000e+02
  -6.3753925e-04   7.8000000e+02
  -6.7043293e-04   7.9500000e+02
  -7.3395972e-04   8.1000000e+02
  -8.1092661e-04   8.2500000e+02
  -8.8553736e-04   8.4000000e+02
  -9.3098241e-04   8.5500000e+02
  -9.3185290e-04   8.7000000e+02
  -9.1200799e-04   8.8500000e+02
  -9.1590016e-04   9.0000000e+02
  -9.5999386e-04   9.1500000e+02
  -1.0203546e-03   9.3000000e+02
  -1.0680249e-03   9.4500000e+02
  -1.0956248e-03   9.6000000e+02
  -1.1069193e-03   9.7500000e+02
  -1.1053528e-03   9.9000000e+02
  -1.1028515e-03   1.0050000e+03
  -1.1181674e-03   1.0200000e+03
  -1.1529620e-03   1.0350000e+03
  -1.1854816e-03   1.0500000e+03
  -1.1993154e-03   1.0650000e+03
  -1.2046461e-03   1.0800000e+03
  -1.2209170e-03   1.0950000e+03
  -1.2506028e-03   1.1100000e+03
  -1.2804037e-03   1.1250000e+03
  -1.2998014e-03   1.1400000e+03
  -1.3091951e-03   1.1550000e+03
  -1.3142744e-03   1.1700000e+03
  -1.3194327e-03   1.1850000e+03
  -1.3260663e-03   1.2000000e+03
  -1.3345563e-03   1.2150000e+03
  -1.3483032e-03   1.2300000e+03
  -1.3754109e-03   1.2450000e+03
  -1.4231257e-03   1.2600000e+03
  -1.4890357e-03   1.2750000e+03
  -1.5597397e-03   1.2900000e+03
  -1.6189355e-03   1.3050000e+03
  -1.6558161e-03   1.3200000e+03
  -1.6693525e-03   1.3350000e+03
  -1.6717331e-03   1.3500000e+03
  -1.6860469e-03   1.3650000e+03
  -1.7288721e-03   1.3800000e+03
  -1.7904752e-03   1.3950000e+03
  -1.8412874e-03   1.4100000e+03
  -1.8643733e-03   1.4250000e+03
  -1.8752665e-03   1.4400000e+03
  -1.9039266e-03   1.4550000e+03
  -1.9617518e-03   1.4700000e+03
  -2.0315107e-03   1.4850000e+03
  -2.0871726e-03   1.5000000e+03
  -2.1198778e-03   1.5150000e+03
  -2.1448738e-03   1.5300000e+03
  -2.1841894e-03   1.5450000e+03
  -2.2431246e-03   1.5600000e+03
  -2.3062825e-03   1.5750000e+03
  -2.3580913e-03   1.5900000e+03
  -2.4023193e-03   1.6050000e+03
  -2.4551211e-03   1.6200000e+03
  -2.5217317e-03   1.6350000e+03
  -2.5900849e-03   1.6500000e+03
  -2.6498740e-03   1.6650000e+03
  -2.7077713e-03   1.6800000e+03
  -2.7761464e-03   1.6950000e+03
  -2.8540876e-03   1.7100000e+03
  -2.9304915e-03   1.7250000e+03
  -3.0026585e-03   1.7400000e+03
  -3.0799478e-03   1.7550000e+03
  -3.1684025e-03   1.7700000e+03
  -3.2626579e-03   1.7850000e+03
  -3.3563813e-03   1.8000000e+03
  -3.4518659e-03   1.8150000e+03
  -3.5545889e-03   1.8300000e+03
  -3.6648402e-03   1.8450000e+03
  -3.7799589e-03   1.8600000e+03
  -3.9005179e-03   1.8750000e+03
  -4.0293280e-03   1.8900000e+03
  -4.1668992e-03   1.9050000e+03
  -4.3121404e-03   1.9200000e+03
  -4.4661714e-03   1.9350000e+03
  -4.6321917e-03   1.9500000e+03
  -4.8123649e-03   1.9650000e+03
  -5.0072703e-03   1.9800000e+03
  -5.2174660e-03   1.9950000e+03
  -5.4432037e-03   2.0100000e+03
  -5.6834198e-03   2.0250000e+03
  -5.9377872e-03   2.0400000e+03
  -6.2099127e-03   2.0550000e+03
  -6.5067601e-03   2.0700000e+03
  -6.8349242e-03   2.0850000e+03
  -7.1984110e-03   2.1000000e+03
  -7.5987680e-03   2.1150000e+03
  -8.0353608e-03   2.1300000e+03
  -8.5060289e-03   2.1450000e+03
  -9.0088770e-03   2.1600000e+03
  -9.5423581e-03   2.1750000e+03
  -1.0100139e-02   2.1900000e+03
  -1.0660804e-02   2.2050000e+03
  -1.1171865e-02   2.2200000e+03
  -1.1520464e-02   2.2350000e+03
  -1.1477937e-02   2.2500000e+03
  -1.0607384e-02   2.2650000e+03
  -8.1275981e-03   2.2800000e+03
  -2.7334965e-03   2.2950000e+03
   7.6023862e-03   2.3100000e+03
   2.5764469e-02   2.3250000e+03
   5.5395696e-02   2.3400000e+03
   1.0031895e-01   2.3550000e+03
   1.6322710e-01   2.3700000e+03
   2.4355249e-01   2.3850000e+03
   3.3483577e-01   2.4000000e+03
   4.2254987e-01   2.4150000e+03
   4.8396355e-01   2.4300000e+03
   4.9176735e-01   2.4450000e+03
   4.2226595e-01   2.4600000e+03
   2.6673266e-01   2.4750000e+03
   4.1637693e-02   2.4900000e+03
  -2.0844997e-01   2.5050000e+03
  -4.2036152e-01   2.5200000e+03
  -5.3413546e-01   2.5350000e+03
  -5.1942348e-01   2.5500000e+03
  -3.9309847e-01   2.5650000e+03
  -2.1588348e-01   2.5800000e+03
  -6.5631174e-02   2.5950000e+03
   1.0372452e-03   2.6100000e+03
  -2.2351939e-02   2.6250000e+03
  -9.0672523e-02   2.6400000e+03
  -1.3570218e-01   2.6550000e+03
  -1.0829842e-01   2.6700000e+03
  -8.5689742e-03   2.6850000e+03
   1.1471212e-01   2.7000000e+03
   1.9494632e-01   2.7150000e+03
   1.8905374e-01   2.7300000e+03
   1.0277285e-01   2.7450000e+03
  -1.6098669e-02   2.7600000e+03
  -1.1079502e-01   2.7750000e+03
  -1.5075509e-01   2.7900000e+03
  -1.4351986e-01   2.8050000e+03
  -1.1690683e-01   2.8200000e+03
  -8.9624979e-02   2.8350000e+03
  -5.7214268e-02   2.8500000e+03
  -4.3958803e-03   2.8650000e+03
   7.0427895e-02   2.8800000e+03
   1.4312567e-01   2.8950000e+03
   1.7579001e-01   2.9100000e+03
   1.4304940e-01   2.9250000e+03
   5.3216979e-02   2.9400000e+03
  -5.0253887e-02   2.9550000e+03
  -1.1010187e-01   2.9700000e+03
  -8.9717612e-02   2.9850000e+03
   7.1033544e-04   3.0000000e+03
   1.0836508e-01   3.0150000e+03
   1.7354365e-01   3.0300000e+03
   1.6923404e-01   3.0450000e+03
   1.1154002e-01   3.0600000e+03
   3.7042495e-02   3.0750000e+03
  -2.5413616e-02   3.0900000e+03
  -6.3687533e-02   3.1050000e+03
  -7.5735122e-02   3.1200000e+03
  -6.5419421e-02   3.1350000e+03
  -4.4541974e-02   3.1500000e+03
  -2.9760497e-02   3.1650000e+03
  -3.0599609e-02   3.1800000e+03
  -4.0677827e-02   3.1950000e+03
  -4.3115236e-02   3.2100000e+03
  -2.5178397e-02   3.2250000e+03
   1.1481537e-02   3.2400000e+03
   5.2125815e-02   3.2550000e+03
   7.8520514e-02   3.2700000e+03
   7.9314142e-02   3.2850000e+03
   5.5046503e-02   3.3000000e+03
   1.5737394e-02   3.3150000e+03
  -2.6004020e-02   3.3300000e+03
  -6.0993448e-02   3.3450000e+03
  -8.5289977e-02   3.3600000e+03
  -9.7932637e-02   3.3750000e+03
  -9.6864797e-02   3.3900000e+03
  -7.7149898e-02   3.4050000e+03
  -3.5617132e-02   3.4200000e+03
   2.0003062e-02   3.4350000e+03
   6.7764305e-02   3.4500000e+03
   8.2459964e-02   3.4650000e+03
   5.4592595e-02   3.4800000e+03
  -9.0223875e-05   3.4950000e+03
  -5.0433826e-02   3.5100000e+03
  -7.0530482e-02   3.5250000e+03
  -5.4007903e-02   3.5400000e+03
  -1.3304383e-02   3.5550000e+03
   3.1307891e-02   3.5700000e+03
   6.3168794e-02   3.5850000e+03
   7.5014576e-02   3.6000000e+03
   6.8286903e-02   3.6150000e+03
   4.8460923e-02   3.6300000e+03
   2.0461824e-02   3.6450000e+03
  -1.2275027e-02   3.6600000e+03
  -4.4907894e-02   3.6750000e+03
  -6.8388969e-02   3.6900000e+03
  -7.1530856e-02   3.7050000e+03
  -4.8645511e-02   3.7200000e+03
  -7.3415446e-03   3.7350000e+03
   3.1712275e-02   3.7500000e+03
   4.6488825e-02   3.7650000e+03
   2.9594377e-02   3.7800000e+03
  -5.4210480e-03   3.7950000e+03
  -3.4502253e-02   3.8100000e+03
  -4.0759247e-02   3.8250000e+03
  -2.2248646e-02   3.8400000e+03
   1.4643517e-02   3.8550000e+03
   6.2870987e-02   3.8700000e+03
   1.1163305e-01   3.8850000e+03
   1.4034694e-01   3.9000000e+03
   1.2614630e-01   3.9150000e+03
   6.3499145e-02   3.9300000e+03
  -2.5771152e-02   3.9450000e+03
  -1.0586785e-01   3.9600000e+03
  -1.5034805e-01   3.9750000e+03
  -1.5224005e-01   3.9900000e+03
  -1.1698244e-01   4.0050000e+03
  -5.3468850e-02   4.0200000e+03
   2.6351932e-02   4.0350000e+03
   1.0463054e-01   4.0500000e+03
   1.5956475e-01   4.0650000e+03
   1.7169021e-01   4.0800000e+03
   1.3098946e-01   4.0950000e+03
   4.4026781e-02   4.1100000e+03
  -6.2202770e-02   4.1250000e+03
  -1.4738177e-01   4.1400000e+03
  -1.7692778e-01   4.1550000e+03
  -1.4075050e-01   4.1700000e+03
  -5.7966929e-02   4.1850000e+03
   3.3782959e-02   4.2000000e+03
   9.6196651e-02   4.2150000e+03
   1.0751982e-01   4.2300000e+03
   7.2488293e-02   4.2450000e+03
   1.8192049e-02   4.2600000e+03
  -2.3534209e-02   4.2750000e+03
  -3.4695022e-02   4.2900000e+03
  -1.8013027e-02   4.3050000e+03
   8.3385874e-03   4.3200000e+03
   2.1708917e-02   4.3350000e+03
   8.3473912e-03   4.3500000e+03
  -2.5249802e-02   4.3650000e+03
  -5.3858332e-02   4.3800000e+03
  -5.2357387e-02   4.3950000e+03
  -1.6949357e-02   4.4100000e+03
   3.1892791e-02   4.4250000e+03
   6.6385537e-02   4.4400000e+03
   7.0625454e-02   4.4550000e+03
   4.6957366e-02   4.4700000e+03
   9.5035592e-03   4.4850000e+03
  -2.6430806e-02   4.5000000e+03
