  -1.1037011e-03   0.0000000e+00
  -1.1037501e-03   1.5000000e+01
  -1.1039224e-03   3.0000000e+01
  -1.1042246e-03   4.5000000e+01
  -1.1045268e-03   6.0000000e+01
  -1.1046589e-03   7.5000000e+01
  -1.1046479e-03   9.0000000e+01
  -1.1047652e-03   1.0500000e+02
  -1.1053388e-03   1.2000000e+02
  -1.1064713e-03   1.3500000e+02
  -1.1078271e-03   1.5000000e+02
  -1.1086441e-03   1.6500000e+02
  -1.1077189e-03   1.8000000e+02
  -1.1020228e-03   1.9500000e+02
  -1.0825797e-03   2.1000000e+02
  -1.0298097e-03   2.2500000e+02
  -9.1748772e-04   2.4000000e+02
  -7.3576777e-04   2.5500000e+02
  -5.2426237e-04   2.7000000e+02
  -3.7379350e-04   2.8500000e+02
  -3.6151434e-04   3.0000000e+02
  -4.6286877e-04   3.1500000e+02
  -5.5353303e-04   3.3000000e+02
  -5.3712394e-04   3.4500000e+02
  -4.5592387e-04   3.6000000e+02
  -4.2587571e-04   3.7500000e+02
  -4.7411077e-04   3.9000000e+02
  -5.1382522e-04   4.0500000e+02
  -4.8790436e-04   4.2000000e+02
  -4.4923826e-04   4.3500000e+02
  -4.5974311e-04   4.5000000e+02
  -4.9157278e-04   4.6500000e+02
  -4.8967829e-04   4.8000000e+02
  -4.6700207e-04   4.9500000e+02
  -4.6780723e-04   5.1000000e+02
  -4.8568664e-04   5.2500000e+02
  -4.8542133e-04   5.4000000e+02
  -4.6997785e-04   5.5500000e+02
  -4.6716686e-04   5.7000000e+02
  -4.7625389e-04   5.8500000e+02
  -4.7608546e-04   6.0000000e+02
  -4.6722044e-04   6.1500000e+02
  -4.6651775e-04   6.3000000e+02
  -4.7382028e-04   6.4500000e+02
  -4.7679732e-04   6.6000000e+02
  -4.7708518e-04   6.7500000e+02
  -4.8468864e-04   6.9000000e+02
  -4.9843139e-04   7.0500000e+02
  -5.1330426e-04   7.2000000e+02
  -5.3488318e-04   7.3500000e+02
  -5.7065429e-04   7.5000000e+02
  -6.1750907e-04   7.6500000e+02
  -6.6635513e-04   7.8000000e+02
  -7.0850411e-04   7.9500000e+02
  -7.3350221e-04   8.1000000e+02
  -7.3319295e-04   8.2500000e+02
  -7.1454176e-04   8.4000000e+02
  -7.0045464e-04   8.5500000e+02
  -7.1146572e-04   8.7000000e+02
  -7.4826850e-04   8.8500000e+02
  -7.9271838e-04   9.0000000e+02
  -8.2452054e-04   9.1500000e+02
  -8.3902944e-04   9.3000000e+02
  -8.5047312e-04   9.4500000e+02
  -8.7546714e-04   9.6000000e+02
  -9.1369369e-04   9.7500000e+02
  -9.5023937e-04   9.9000000e+02
  -9.7722851e-04   1.0050000e+03
  -1.0037631e-03   1.0200000e+03
  -1.0397163e-03   1.0350000e+03
  -1.0795903e-03   1.0500000e+03
  -1.1120369e-03   1.0650000e+03
  -1.1385611e-03   1.0800000e+03
  -1.1704313e-03   1.0950000e+03
  -1.2097403e-03   1.1100000e+03
  -1.2470299e-03   1.1250000e+03
  -1.2792986e-03   1.1400000e+03
  -1.3173375e-03   1.1550000e+03
  -1.3700516e-03   1.1700000e+03
  -1.4326638e-03   1.1850000e+03
  -1.4973644e-03   1.2000000e+03
  -1.5655892e-03   1.2150000e+03
  -1.6408945e-03   1.2300000e+03
  -1.7177745e-03   1.2450000e+03
  -1.7873090e-03   1.2600000e+03
  -1.8488227e-03   1.2750000e+03
  -1.9078241e-03   1.2900000e+03
  -1.9667326e-03   1.3050000e+03
  -2.0246594e-03   1.3200000e+03
  -2.0823500e-03   1.3350000e+03
  -2.1410477e-03   1.3500000e+03
  -2.1995485e-03   1.3650000e+03
  -2.2572100e-03   1.3800000e+03
  -2.3167564e-03   1.3950000e+03
  -2.3800184e-03   1.4100000e+03
  -2.4437692e-03   1.4250000e+03
  -2.5034654e-03   1.4400000e+03
  -2.5583841e-03   1.4550000e+03
  -2.6092394e-03   1.4700000e+03
  -2.6534402e-03   1.4850000e+03
  -2.6874749e-03   1.5000000e+03
  -2.7121545e-03   1.5150000e+03
  -2.7304846e-03   1.5300000e+03
  -2.7410937e-03   1.5450000e+03
  -2.7382525e-03   1.5600000e+03
  -2.7182770e-03   1.5750000e+03
  -2.6822635e-03   1.5900000e+03
  -2.6314752e-03   1.6050000e+03
  -2.5614949e-03   1.6200000e+03
  -2.4619389e-03   1.6350000e+03
  -2.3214119e-03   1.6500000e+03
  -2.1306037e-03   1.6650000e+03
  -1.8794150e-03   1.6800000e+03
  -1.5533440e-03   1.6950000e+03
  -1.1354670e-03   1.7100000e+03
  -6.1103713e-04   1.7250000e+03
   3.3673132e-05   1.7400000e+03
   8.2047679e-04   1.7550000e+03
   1.7884921e-03   1.7700000e+03
   2.9941634e-03   1.7850000e+03
   4.5036534e-03   1.8000000e+03
   6.3893581e-03   1.8150000e+03
   8.7367827e-03   1.8300000e+03
   1.1654574e-02   1.8450000e+03
   1.5278265e-02   1.8600000e+03
   1.9768493e-02   1.8750000e+03
   2.5310891e-02   1.8900000e+03
   3.2119621e-02   1.9050000e+03
   4.0441304e-02   1.9200000e+03
   5.0560188e-02   1.9350000e+03
   6.2809497e-02   1.9500000e+03
   7.7586412e-02   1.9650000e+03
   9.5356375e-02   1.9800000e+03
   1.1662711e-01   1.9950000e+03
   1.4187264e-01   2.0100000e+03
   1.7139177e-01   2.0250000e+03
   2.0509970e-01   2.0400000e+03
   2.4227542e-01   2.0550000e+03
   2.8132227e-01   2.0700000e+03
   3.1964216e-01   2.0850000e+03
   3.5374206e-01   2.1000000e+03
   3.7963390e-01   2.1150000e+03
   3.9345607e-01   2.1300000e+03
   3.9214098e-01   2.1450000e+03
   3.7397906e-01   2.1600000e+03
   3.3904132e-01   2.1750000e+03
   2.8944421e-01   2.1900000e+03
   2.2930145e-01   2.2050000e+03
   1.6412103e-01   2.2200000e+03
   9.9653773e-02   2.2350000e+03
   4.0686559e-02   2.2500000e+03
  -9.5445812e-03   2.2650000e+03
  -4.9148120e-02   2.2800000e+03
  -7.7167936e-02   2.2950000e+03
  -9.3671776e-02   2.3100000e+03
  -1.0022029e-01   2.3250000e+03
  -9.9803597e-02   2.3400000e+03
  -9.5699713e-02   2.3550000e+03
  -8.9991175e-02   2.3700000e+03
  -8.3088435e-02   2.3850000e+03
  -7.4631602e-02   2.4000000e+03
  -6.4693898e-02   2.4150000e+03
  -5.4086387e-02   2.4300000e+03
  -4.3810878e-02   2.4450000e+03
  -3.4591943e-02   2.4600000e+03
  -2.6903575e-02   2.4750000e+03
  -2.1042492e-02   2.4900000e+03
  -1.6948182e-02   2.5050000e+03
  -1.4172759e-02   2.5200000e+03
  -1.2276581e-02   2.5350000e+03
  -1.1106545e-02   2.5500000e+03
  -1.0436012e-02   2.5650000e+03
  -9.5467400e-03   2.5800000e+03
  -7.7165682e-03   2.5950000e+03
  -5.2736127e-03   2.6100000e+03
  -3.7147733e-03   2.6250000e+03
  -4.4020303e-03   2.6400000e+03
  -7.3556588e-03   2.6550000e+03
  -1.1676948e-02   2.6700000e+03
  -1.6942721e-02   2.6850000e+03
  -2.3639129e-02   2.7000000e+03
  -3.2154448e-02   2.7150000e+03
  -4.1819941e-02   2.7300000e+03
  -5.1196754e-02   2.7450000e+03
  -5.9024382e-02   2.7600000e+03
  -6.4691171e-02   2.7750000e+03
  -6.8124570e-02   2.7900000e+03
  -6.9624871e-02   2.8050000e+03
  -6.9675259e-02   2.8200000e+03
  -6.8541311e-02   2.8350000e+03
  -6.6056482e-02   2.8500000e+03
  -6.2064260e-02   2.8650000e+03
  -5.7067938e-02   2.8800000e+03
  -5.2202411e-02   2.8950000e+03
  -4.8525251e-02   2.9100000e+03
  -4.6470113e-02   2.9250000e+03
  -4.5891780e-02   2.9400000e+03
  -4.6330098e-02   2.9550000e+03
  -4.7161028e-02   2.9700000e+03
  -4.7757968e-02   2.9850000e+03
  -4.7716103e-02   3.0000000e+03
  -4.6897892e-02   3.0150000e+03
  -4.5252964e-02   3.0300000e+03
  -4.2715382e-02   3.0450000e+03
  -3.9311659e-02   3.0600000e+03
  -3.5226259e-02   3.0750000e+03
  -3.0657467e-02   3.0900000e+03
  -2.5674881e-02   3.1050000e+03
  -2.0294599e-02   3.1200000e+03
  -1.4641701e-02   3.1350000e+03
  -8.9569828e-03   3.1500000e+03
  -3.4575816e-03   3.1650000e+03
   1.7538172e-03   3.1800000e+03
   6.6434341e-03   3.1950000e+03
   1.1135750e-02   3.2100000e+03
   1.5022548e-02   3.2250000e+03
   1.7942401e-02   3.2400000e+03
   1.9478496e-02   3.2550000e+03
   1.9354273e-02   3.2700000e+03
   1.7576884e-02   3.2850000e+03
   1.4388760e-02   3.3000000e+03
   1.0094652e-02   3.3150000e+03
   4.9792845e-03   3.3300000e+03
  -5.9417461e-04   3.3450000e+03
  -6.0557965e-03   3.3600000e+03
  -1.0673599e-02   3.3750000e+03
  -1.3785387e-02   3.3900000e+03
  -1.5027273e-02   3.4050000e+03
  -1.4360083e-02   3.4200000e+03
  -1.1886268e-02   3.4350000e+03
  -7.6547018e-03   3.4500000e+03
  -1.6548947e-03   3.4650000e+03
   6.0122996e-03   3.4800000e+03
   1.4992317e-02   3.4950000e+03
   2.4712328e-02   3.5100000e+03
   3.4532655e-02   3.5250000e+03
   4.3863099e-02   3.5400000e+03
   5.2196775e-02   3.5550000e+03
   5.9114069e-02   3.5700000e+03
   6.4276822e-02   3.5850000e+03
   6.7379653e-02   3.6000000e+03
   6.8079442e-02   3.6150000e+03
   6.6010304e-02   3.6300000e+03
   6.0953598e-02   3.6450000e+03
   5.3072959e-02   3.6600000e+03
   4.3013807e-02   3.6750000e+03
   3.1744167e-02   3.6900000e+03
   2.0225057e-02   3.7050000e+03
   9.1450773e-03   3.7200000e+03
  -1.1129178e-03   3.7350000e+03
  -1.0320278e-02   3.7500000e+03
  -1.8261978e-02   3.7650000e+03
  -2.4748156e-02   3.7800000e+03
  -2.9738866e-02   3.7950000e+03
  -3.3421982e-02   3.8100000e+03
  -3.6122710e-02   3.8250000e+03
  -3.8075574e-02   3.8400000e+03
  -3.9231192e-02   3.8550000e+03
  -3.9280325e-02   3.8700000e+03
  -3.7919808e-02   3.8850000e+03
  -3.5166465e-02   3.9000000e+03
  -3.1449430e-02   3.9150000e+03
  -2.7384337e-02   3.9300000e+03
  -2.3417203e-02   3.9450000e+03
  -1.9650362e-02   3.9600000e+03
  -1.5999660e-02   3.9750000e+03
  -1.2533358e-02   3.9900000e+03
  -9.6841548e-03   4.0050000e+03
  -8.1363879e-03   4.0200000e+03
  -8.4580276e-03   4.0350000e+03
  -1.0745437e-02   4.0500000e+03
  -1.4534068e-02   4.0650000e+03
  -1.9028338e-02   4.0800000e+03
  -2.3476362e-02   4.0950000e+03
  -2.7430264e-02   4.1100000e+03
  -3.0749863e-02   4.1250000e+03
  -3.3422396e-02   4.1400000e+03
  -3.5393983e-02   4.1550000e+03
  -3.6541391e-02   4.1700000e+03
  -3.6745727e-02   4.1850000e+03
  -3.5945389e-02   4.2000000e+03
  -3.4115244e-02   4.2150000e+03
  -3.1235870e-02   4.2300000e+03
  -2.7333023e-02   4.2450000e+03
  -2.2571363e-02   4.2600000e+03
  -1.7300976e-02   4.2750000e+03
  -1.1983288e-02   4.2900000e+03
  -7.0320163e-03   4.3050000e+03
  -2.6785515e-03   4.3200000e+03
   1.0572176e-03   4.3350000e+03
   4.2968206e-03   4.3500000e+03
   7.1979393e-03   4.3650000e+03
   9.8696267e-03   4.3800000e+03
   1.2325953e-02   4.3950000e+03
   1.4478337e-02   4.4100000e+03
   1.6169919e-02   4.4250000e+03
   1.7244108e-02   4.4400000e+03
   1.7606884e-02   4.4550000e+03
   1.7232673e-02   4.4700000e+03
   1.6112473e-02   4.4850000e+03
   1.4210058e-02   4.5000000e+03
