   5.7766192e-05   0.0000000e+00
   5.7634225e-05   1.5000000e+01
   5.7212219e-05   3.0000000e+01
   5.6568751e-05   4.5000000e+01
   5.6030876e-05   6.0000000e+01
   5.5864530e-05   7.5000000e+01
   5.5837245e-05   9.0000000e+01
   5.5307555e-05   1.0500000e+02
   5.3736767e-05   1.2000000e+02
   5.1136522e-05   1.3500000e+02
   4.8175571e-05   1.5000000e+02
   4.5870547e-05   1.6500000e+02
   4.5187608e-05   1.8000000e+02
   4.7768390e-05   1.9500000e+02
   5.8769911e-05   2.1000000e+02
   9.0350841e-05   2.2500000e+02
   1.5995157e-04   2.4000000e+02
   2.7628065e-04   2.5500000e+02
   4.1779396e-04   2.7000000e+02
   5.2931509e-04   2.8500000e+02
   5.6033459e-04   3.0000000e+02
   5.2041403e-04   3.1500000e+02
   4.8217591e-04   3.3000000e+02
   5.0618511e-04   3.4500000e+02
   5.7105592e-04   3.6000000e+02
   6.0767197e-04   3.7500000e+02
   5.9624645e-04   3.9000000e+02
   5.8543257e-04   4.0500000e+02
   6.0959230e-04   4.2000000e+02
   6.3956005e-04   4.3500000e+02
   6.3972012e-04   4.5000000e+02
   6.2670372e-04   4.6500000e+02
   6.3452462e-04   4.8000000e+02
   6.5759802e-04   4.9500000e+02
   6.6975382e-04   5.1000000e+02
   6.7332532e-04   5.2500000e+02
   6.8863900e-04   5.4000000e+02
   7.1378361e-04   5.5500000e+02
   7.3070766e-04   5.7000000e+02
   7.3781249e-04   5.8500000e+02
   7.4749504e-04   6.0000000e+02
   7.6114002e-04   6.1500000e+02
   7.6956983e-04   6.3000000e+02
   7.7115884e-04   6.4500000e+02
   7.7059941e-04   6.6000000e+02
   7.6470204e-04   6.7500000e+02
   7.4436719e-04   6.9000000e+02
   7.0478802e-04   7.0500000e+02
   6.4116094e-04   7.2000000e+02
   5.4138375e-04   7.3500000e+02
   3.9532006e-04   7.5000000e+02
   2.1084461e-04   7.6500000e+02
   2.0920561e-05   7.8000000e+02
  -1.2015444e-04   7.9500000e+02
  -1.5636106e-04   8.1000000e+02
  -6.9412272e-05   8.2500000e+02
   8.6939413e-05   8.4000000e+02
   2.0196103e-04   8.5500000e+02
   1.8273850e-04   8.7000000e+02
   3.3453762e-05   8.8500000e+02
  -1.4150783e-04   9.0000000e+02
  -2.3130879e-04   9.1500000e+02
  -2.2678851e-04   9.3000000e+02
  -2.2581752e-04   9.4500000e+02
  -3.1989111e-04   9.6000000e+02
  -4.8969034e-04   9.7500000e+02
  -6.3910184e-04   9.9000000e+02
  -7.2492339e-04   1.0050000e+03
  -8.0782076e-04   1.0200000e+03
  -9.5628609e-04   1.0350000e+03
  -1.1467915e-03   1.0500000e+03
  -1.3070023e-03   1.0650000e+03
  -1.4287930e-03   1.0800000e+03
  -1.5728520e-03   1.0950000e+03
  -1.7661167e-03   1.1100000e+03
  -1.9661081e-03   1.1250000e+03
  -2.1470012e-03   1.1400000e+03
  -2.3546587e-03   1.1550000e+03
  -2.6364103e-03   1.1700000e+03
  -2.9696587e-03   1.1850000e+03
  -3.3087733e-03   1.2000000e+03
  -3.6597827e-03   1.2150000e+03
  -4.0541142e-03   1.2300000e+03
  -4.4797016e-03   1.2450000e+03
  -4.8933560e-03   1.2600000e+03
  -5.2821361e-03   1.2750000e+03
  -5.6645637e-03   1.2900000e+03
  -6.0454458e-03   1.3050000e+03
  -6.4093480e-03   1.3200000e+03
  -6.7425263e-03   1.3350000e+03
  -7.0205242e-03   1.3500000e+03
  -7.1798605e-03   1.3650000e+03
  -7.1244519e-03   1.3800000e+03
  -6.7340625e-03   1.3950000e+03
  -5.8130082e-03   1.4100000e+03
  -3.9943750e-03   1.4250000e+03
  -6.3761347e-04   1.4400000e+03
   5.3276792e-03   1.4550000e+03
   1.5705382e-02   1.4700000e+03
   3.3513501e-02   1.4850000e+03
   6.3582085e-02   1.5000000e+03
   1.1309400e-01   1.5150000e+03
   1.9160920e-01   1.5300000e+03
   3.0964985e-01   1.5450000e+03
   4.7460312e-01   1.5600000e+03
   6.8307865e-01   1.5750000e+03
   9.1059309e-01   1.5900000e+03
   1.1028699e+00   1.6050000e+03
   1.1770560e+00   1.6200000e+03
   1.0422559e+00   1.6350000e+03
   6.4208466e-01   1.6500000e+03
   5.7503446e-03   1.6650000e+03
  -7.2412133e-01   1.6800000e+03
  -1.3219193e+00   1.6950000e+03
  -1.5754001e+00   1.7100000e+03
  -1.4043113e+00   1.7250000e+03
  -9.2027962e-01   1.7400000e+03
  -3.6911005e-01   1.7550000e+03
   1.8361092e-02   1.7700000e+03
   1.5808891e-01   1.7850000e+03
   1.2468001e-01   1.8000000e+03
   4.6817724e-02   1.8150000e+03
  -4.2166207e-03   1.8300000e+03
  -3.2452319e-02   1.8450000e+03
  -5.5137970e-02   1.8600000e+03
  -5.7409242e-02   1.8750000e+03
  -1.7295102e-02   1.8900000e+03
   4.6673384e-02   1.9050000e+03
   7.7293336e-02   1.9200000e+03
   3.1760849e-02   1.9350000e+03
  -7.2183512e-02   1.9500000e+03
  -1.6099916e-01   1.9650000e+03
  -1.5824068e-01   1.9800000e+03
  -4.9395736e-02   1.9950000e+03
   9.6000835e-02   2.0100000e+03
   1.7957105e-01   2.0250000e+03
   1.6212937e-01   2.0400000e+03
   8.7793067e-02   2.0550000e+03
   2.1494051e-02   2.0700000e+03
  -1.1756916e-02   2.0850000e+03
  -2.1297000e-02   2.1000000e+03
  -2.3383629e-02   2.1150000e+03
  -3.8696259e-02   2.1300000e+03
  -8.2726583e-02   2.1450000e+03
  -1.3636324e-01   2.1600000e+03
  -1.5582065e-01   2.1750000e+03
  -1.2763546e-01   2.1900000e+03
  -8.1629463e-02   2.2050000e+03
  -4.0425465e-02   2.2200000e+03
   3.7774562e-03   2.2350000e+03
   5.2253515e-02   2.2500000e+03
   8.1460588e-02   2.2650000e+03
   7.6652147e-02   2.2800000e+03
   5.3990588e-02   2.2950000e+03
   3.9634261e-02   2.3100000e+03
   4.5786448e-02   2.3250000e+03
   6.8260945e-02   2.3400000e+03
   9.3934938e-02   2.3550000e+03
   1.1081984e-01   2.3700000e+03
   1.1484998e-01   2.3850000e+03
   1.0596976e-01   2.4000000e+03
   8.4610641e-02   2.4150000e+03
   5.7109933e-02   2.4300000e+03
   3.4405734e-02   2.4450000e+03
   2.0103695e-02   2.4600000e+03
   8.8421125e-03   2.4750000e+03
  -2.7168454e-03   2.4900000e+03
  -1.2500460e-02   2.5050000e+03
  -1.9111758e-02   2.5200000e+03
  -2.2696353e-02   2.5350000e+03
  -2.0470290e-02   2.5500000e+03
  -8.0919350e-03   2.5650000e+03
   1.2362007e-02   2.5800000e+03
   2.9589528e-02   2.5950000e+03
   3.3101108e-02   2.6100000e+03
   2.4854532e-02   2.6250000e+03
   1.5328714e-02   2.6400000e+03
   9.7090323e-03   2.6550000e+03
   5.2151177e-03   2.6700000e+03
   5.6422484e-04   2.6850000e+03
  -5.9109135e-04   2.7000000e+03
   2.9687055e-03   2.7150000e+03
   5.4945643e-03   2.7300000e+03
   3.8784373e-04   2.7450000e+03
  -1.1801192e-02   2.7600000e+03
  -2.4440754e-02   2.7750000e+03
  -3.2423984e-02   2.7900000e+03
  -3.5825949e-02   2.8050000e+03
  -3.7756566e-02   2.8200000e+03
  -4.2312983e-02   2.8350000e+03
  -5.2769799e-02   2.8500000e+03
  -6.6982582e-02   2.8650000e+03
  -7.5274251e-02   2.8800000e+03
  -6.7580312e-02   2.8950000e+03
  -4.3869920e-02   2.9100000e+03
  -1.4949669e-02   2.9250000e+03
   7.8477142e-03   2.9400000e+03
   2.1777339e-02   2.9550000e+03
   3.0864513e-02   2.9700000e+03
   3.7298098e-02   2.9850000e+03
   3.6908664e-02   3.0000000e+03
   2.3555938e-02   3.0150000e+03
  -2.1652682e-03   3.0300000e+03
  -2.8579222e-02   3.0450000e+03
  -3.8386531e-02   3.0600000e+03
  -2.1060109e-02   3.0750000e+03
   1.7801242e-02   3.0900000e+03
   5.8953516e-02   3.1050000e+03
   8.2592353e-02   3.1200000e+03
   8.0821611e-02   3.1350000e+03
   5.9071898e-02   3.1500000e+03
   2.7568553e-02   3.1650000e+03
  -6.5440652e-03   3.1800000e+03
  -3.8909130e-02   3.1950000e+03
  -6.3037962e-02   3.2100000e+03
  -6.9786675e-02   3.2250000e+03
  -5.4054372e-02   3.2400000e+03
  -2.1558151e-02   3.2550000e+03
   1.2946120e-02   3.2700000e+03
   3.5582252e-02   3.2850000e+03
   4.2003039e-02   3.3000000e+03
   3.6918998e-02   3.3150000e+03
   2.6804894e-02   3.3300000e+03
   1.4883806e-02   3.3450000e+03
   3.1102484e-03   3.3600000e+03
  -3.8895498e-03   3.3750000e+03
  -4.8158373e-04   3.3900000e+03
   1.3308407e-02   3.4050000e+03
   2.8761206e-02   3.4200000e+03
   3.4458864e-02   3.4350000e+03
   2.5839480e-02   3.4500000e+03
   8.2801078e-03   3.4650000e+03
  -8.8917576e-03   3.4800000e+03
  -2.0247877e-02   3.4950000e+03
  -2.6209299e-02   3.5100000e+03
  -2.9153595e-02   3.5250000e+03
  -2.9556964e-02   3.5400000e+03
  -2.6107963e-02   3.5550000e+03
  -1.8422378e-02   3.5700000e+03
  -8.9715216e-03   3.5850000e+03
  -2.6913292e-03   3.6000000e+03
  -4.6696998e-03   3.6150000e+03
  -1.6781220e-02   3.6300000e+03
  -3.4899134e-02   3.6450000e+03
  -4.9523402e-02   3.6600000e+03
  -5.1306911e-02   3.6750000e+03
  -3.8137708e-02   3.6900000e+03
  -1.7140618e-02   3.7050000e+03
   1.3357978e-03   3.7200000e+03
   1.2498524e-02   3.7350000e+03
   1.9966969e-02   3.7500000e+03
   3.0033730e-02   3.7650000e+03
   4.3717217e-02   3.7800000e+03
   5.4949149e-02   3.7950000e+03
   5.6293223e-02   3.8100000e+03
   4.5887113e-02   3.8250000e+03
   2.8889110e-02   3.8400000e+03
   1.2894691e-02   3.8550000e+03
   2.3370555e-03   3.8700000e+03
  -3.3116965e-03   3.8850000e+03
  -7.1128793e-03   3.9000000e+03
  -1.1173669e-02   3.9150000e+03
  -1.5232279e-02   3.9300000e+03
  -1.7916081e-02   3.9450000e+03
  -1.8958826e-02   3.9600000e+03
  -2.0157276e-02   3.9750000e+03
  -2.4052521e-02   3.9900000e+03
  -3.1261683e-02   4.0050000e+03
  -3.8791038e-02   4.0200000e+03
  -4.1309513e-02   4.0350000e+03
  -3.5017408e-02   4.0500000e+03
  -2.1100143e-02   4.0650000e+03
  -5.5213221e-03   4.0800000e+03
   5.0538690e-03   4.0950000e+03
   7.7756089e-03   4.1100000e+03
   4.7231992e-03   4.1250000e+03
   1.5953556e-04   4.1400000e+03
  -2.9851771e-03   4.1550000e+03
  -4.3051941e-03   4.1700000e+03
  -4.6915803e-03   4.1850000e+03
  -4.8569888e-03   4.2000000e+03
  -5.1135528e-03   4.2150000e+03
  -5.8685839e-03   4.2300000e+03
  -7.6158680e-03   4.2450000e+03
  -1.0284490e-02   4.2600000e+03
  -1.2863817e-02   4.2750000e+03
  -1.3917550e-02   4.2900000e+03
  -1.2542077e-02   4.3050000e+03
  -8.9075761e-03   4.3200000e+03
  -4.0960116e-03   4.3350000e+03
   3.8377685e-04   4.3500000e+03
   3.0636142e-03   4.3650000e+03
   3.0253606e-03   4.3800000e+03
   4.3502968e-04   4.3950000e+03
  -3.3938454e-03   4.4100000e+03
  -6.8101743e-03   4.4250000e+03
  -8.9801336e-03   4.4400000e+03
  -1.0265296e-02   4.4550000e+03
  -1.1461842e-02   4.4700000e+03
  -1.2819369e-02   4.4850000e+03
  -1.3895211e-02   4.5000000e+03
