   6.1937175e-03   0.0000000e+00
   6.1878078e-03   1.5000000e+01
   6.1707702e-03   3.0000000e+01
   6.1445865e-03   4.5000000e+01
   6.1118049e-03   6.0000000e+01
   6.0764975e-03   7.5000000e+01
   6.0455240e-03   9.0000000e+01
   6.0275136e-03   1.0500000e+02
   6.0316264e-03   1.2000000e+02
   6.0684844e-03   1.3500000e+02
   6.1532022e-03   1.5000000e+02
   6.3103302e-03   1.6500000e+02
   6.5770000e-03   1.8000000e+02
   7.0030745e-03   1.9500000e+02
   7.6558450e-03   2.1000000e+02
   8.6311838e-03   2.2500000e+02
   1.0063906e-02   2.4000000e+02
   1.2137617e-02   2.5500000e+02
   1.5105446e-02   2.7000000e+02
   1.9331558e-02   2.8500000e+02
   2.5337812e-02   3.0000000e+02
   3.3803780e-02   3.1500000e+02
   4.5489915e-02   3.3000000e+02
   6.1150745e-02   3.4500000e+02
   8.1564374e-02   3.6000000e+02
   1.0772309e-01   3.7500000e+02
   1.4106396e-01   3.9000000e+02
   1.8350865e-01   4.0500000e+02
   2.3714969e-01   4.2000000e+02
   3.0366850e-01   4.3500000e+02
   3.8378906e-01   4.5000000e+02
   4.7704938e-01   4.6500000e+02
   5.8192730e-01   4.8000000e+02
   6.9593114e-01   4.9500000e+02
   8.1496590e-01   5.1000000e+02
   9.3173224e-01   5.2500000e+02
   1.0340064e+00   5.4000000e+02
   1.1045668e+00   5.5500000e+02
   1.1245339e+00   5.7000000e+02
   1.0800784e+00   5.8500000e+02
   9.6915632e-01   6.0000000e+02
   8.0359834e-01   6.1500000e+02
   6.0509670e-01   6.3000000e+02
   3.9811081e-01   6.4500000e+02
   2.0363696e-01   6.6000000e+02
   3.5995878e-02   6.7500000e+02
  -9.6964560e-02   6.9000000e+02
  -1.9212604e-01   7.0500000e+02
  -2.5093147e-01   7.2000000e+02
  -2.8031394e-01   7.3500000e+02
  -2.9044250e-01   7.5000000e+02
  -2.8911343e-01   7.6500000e+02
  -2.7908820e-01   7.8000000e+02
  -2.6151469e-01   7.9500000e+02
  -2.3978041e-01   8.1000000e+02
  -2.1827948e-01   8.2500000e+02
  -1.9908901e-01   8.4000000e+02
  -1.8199459e-01   8.5500000e+02
  -1.6701582e-01   8.7000000e+02
  -1.5530425e-01   8.8500000e+02
  -1.4801176e-01   9.0000000e+02
  -1.4544570e-01   9.1500000e+02
  -1.4709727e-01   9.3000000e+02
  -1.5186644e-01   9.4500000e+02
  -1.5859452e-01   9.6000000e+02
  -1.6666725e-01   9.7500000e+02
  -1.7577542e-01   9.9000000e+02
  -1.8523955e-01   1.0050000e+03
  -1.9407885e-01   1.0200000e+03
  -2.0161377e-01   1.0350000e+03
  -2.0763977e-01   1.0500000e+03
  -2.1212356e-01   1.0650000e+03
  -2.1500698e-01   1.0800000e+03
  -2.1625923e-01   1.0950000e+03
  -2.1591102e-01   1.1100000e+03
  -2.1402265e-01   1.1250000e+03
  -2.1065755e-01   1.1400000e+03
  -2.0583782e-01   1.1550000e+03
  -1.9957052e-01   1.1700000e+03
  -1.9198781e-01   1.1850000e+03
  -1.8343775e-01   1.2000000e+03
  -1.7443946e-01   1.2150000e+03
  -1.6557145e-01   1.2300000e+03
  -1.5738392e-01   1.2450000e+03
  -1.5038188e-01   1.2600000e+03
  -1.4504279e-01   1.2750000e+03
  -1.4181097e-01   1.2900000e+03
  -1.4105481e-01   1.3050000e+03
  -1.4298970e-01   1.3200000e+03
  -1.4757250e-01   1.3350000e+03
  -1.5439552e-01   1.3500000e+03
  -1.6264017e-01   1.3650000e+03
  -1.7113663e-01   1.3800000e+03
  -1.7851086e-01   1.3950000e+03
  -1.8337880e-01   1.4100000e+03
  -1.8456340e-01   1.4250000e+03
  -1.8129367e-01   1.4400000e+03
  -1.7333713e-01   1.4550000e+03
  -1.6104117e-01   1.4700000e+03
  -1.4527386e-01   1.4850000e+03
  -1.2726569e-01   1.5000000e+03
  -1.0838175e-01   1.5150000e+03
  -8.9877672e-02   1.5300000e+03
  -7.2696820e-02   1.5450000e+03
  -5.7363920e-02   1.5600000e+03
  -4.4006247e-02   1.5750000e+03
  -3.2477401e-02   1.5900000e+03
  -2.2517636e-02   1.6050000e+03
  -1.3888471e-02   1.6200000e+03
  -6.4484077e-03   1.6350000e+03
  -1.6617587e-04   1.6500000e+03
   4.9106190e-03   1.6650000e+03
   8.7071070e-03   1.6800000e+03
   1.1174860e-02   1.6950000e+03
   1.2335040e-02   1.7100000e+03
   1.2302225e-02   1.7250000e+03
   1.1288176e-02   1.7400000e+03
   9.5891282e-03   1.7550000e+03
   7.5584445e-03   1.7700000e+03
   5.5713714e-03   1.7850000e+03
   3.9999583e-03   1.8000000e+03
   3.2128172e-03   1.8150000e+03
   3.5893756e-03   1.8300000e+03
   5.5151074e-03   1.8450000e+03
   9.3285386e-03   1.8600000e+03
   1.5222930e-02   1.8750000e+03
   2.3139467e-02   1.8900000e+03
   3.2696564e-02   1.9050000e+03
   4.3176606e-02   1.9200000e+03
   5.3561967e-02   1.9350000e+03
   6.2608108e-02   1.9500000e+03
   6.8965100e-02   1.9650000e+03
   7.1372621e-02   1.9800000e+03
   6.8921760e-02   1.9950000e+03
   6.1314035e-02   2.0100000e+03
   4.9012177e-02   2.0250000e+03
   3.3212136e-02   2.0400000e+03
   1.5646895e-02   2.0550000e+03
  -1.7027423e-03   2.0700000e+03
  -1.6909402e-02   2.0850000e+03
  -2.8365422e-02   2.1000000e+03
  -3.4990765e-02   2.1150000e+03
  -3.6352381e-02   2.1300000e+03
  -3.2661408e-02   2.1450000e+03
  -2.4654198e-02   2.1600000e+03
  -1.3425335e-02   2.1750000e+03
  -2.9162411e-04   2.1900000e+03
   1.3304377e-02   2.2050000e+03
   2.5918759e-02   2.2200000e+03
   3.6304630e-02   2.2350000e+03
   4.3622412e-02   2.2500000e+03
   4.7540288e-02   2.2650000e+03
   4.8181117e-02   2.2800000e+03
   4.6001993e-02   2.2950000e+03
   4.1712228e-02   2.3100000e+03
   3.6225356e-02   2.3250000e+03
   3.0554285e-02   2.3400000e+03
   2.5617331e-02   2.3550000e+03
   2.2048894e-02   2.3700000e+03
   2.0134846e-02   2.3850000e+03
   1.9884750e-02   2.4000000e+03
   2.1146579e-02   2.4150000e+03
   2.3679676e-02   2.4300000e+03
   2.7182862e-02   2.4450000e+03
   3.1310502e-02   2.4600000e+03
   3.5679780e-02   2.4750000e+03
   3.9857715e-02   2.4900000e+03
   4.3354526e-02   2.5050000e+03
   4.5674112e-02   2.5200000e+03
   4.6422184e-02   2.5350000e+03
   4.5400698e-02   2.5500000e+03
   4.2620733e-02   2.5650000e+03
   3.8243514e-02   2.5800000e+03
   3.2510262e-02   2.5950000e+03
   2.5693042e-02   2.6100000e+03
   1.8052584e-02   2.6250000e+03
   9.7997170e-03   2.6400000e+03
   1.0954426e-03   2.6550000e+03
  -7.8899292e-03   2.6700000e+03
  -1.6904242e-02   2.6850000e+03
  -2.5601963e-02   2.7000000e+03
  -3.3613022e-02   2.7150000e+03
  -4.0636908e-02   2.7300000e+03
  -4.6496727e-02   2.7450000e+03
  -5.1137406e-02   2.7600000e+03
  -5.4592527e-02   2.7750000e+03
  -5.6942973e-02   2.7900000e+03
  -5.8275085e-02   2.8050000e+03
  -5.8644976e-02   2.8200000e+03
  -5.8063358e-02   2.8350000e+03
  -5.6513608e-02   2.8500000e+03
  -5.3999878e-02   2.8650000e+03
  -5.0600290e-02   2.8800000e+03
  -4.6490584e-02   2.8950000e+03
  -4.1920338e-02   2.9100000e+03
  -3.7155237e-02   2.9250000e+03
  -3.2411791e-02   2.9400000e+03
  -2.7796494e-02   2.9550000e+03
  -2.3251699e-02   2.9700000e+03
  -1.8529633e-02   2.9850000e+03
  -1.3236670e-02   3.0000000e+03
  -6.9708610e-03   3.0150000e+03
   4.7810737e-04   3.0300000e+03
   8.9437189e-03   3.0450000e+03
   1.7798692e-02   3.0600000e+03
   2.6030272e-02   3.0750000e+03
   3.2476202e-02   3.0900000e+03
   3.6155317e-02   3.1050000e+03
   3.6577106e-02   3.1200000e+03
   3.3909410e-02   3.1350000e+03
   2.8930612e-02   3.1500000e+03
   2.2779116e-02   3.1650000e+03
   1.6604325e-02   3.1800000e+03
   1.1266332e-02   3.1950000e+03
   7.1932310e-03   3.2100000e+03
   4.4117407e-03   3.2250000e+03
   2.6877627e-03   3.2400000e+03
   1.6911027e-03   3.2550000e+03
   1.1209934e-03   3.2700000e+03
   7.6532725e-04   3.2850000e+03
   5.0041062e-04   3.3000000e+03
   2.6105926e-04   3.3150000e+03
   1.1671546e-05   3.3300000e+03
  -2.7126752e-04   3.3450000e+03
  -6.1379571e-04   3.3600000e+03
  -1.0630166e-03   3.3750000e+03
  -1.7010410e-03   3.3900000e+03
  -2.6386736e-03   3.4050000e+03
  -3.9835535e-03   3.4200000e+03
  -5.7961489e-03   3.4350000e+03
  -8.0612153e-03   3.4500000e+03
  -1.0702371e-02   3.4650000e+03
  -1.3644803e-02   3.4800000e+03
  -1.6890708e-02   3.4950000e+03
  -2.0546896e-02   3.5100000e+03
  -2.4770482e-02   3.5250000e+03
  -2.9665656e-02   3.5400000e+03
  -3.5207499e-02   3.5550000e+03
  -4.1238911e-02   3.5700000e+03
  -4.7516320e-02   3.5850000e+03
  -5.3748094e-02   3.6000000e+03
  -5.9605192e-02   3.6150000e+03
  -6.4732172e-02   3.6300000e+03
  -6.8786182e-02   3.6450000e+03
  -7.1493432e-02   3.6600000e+03
  -7.2693609e-02   3.6750000e+03
  -7.2362304e-02   3.6900000e+03
  -7.0620917e-02   3.7050000e+03
  -6.7733847e-02   3.7200000e+03
  -6.4076647e-02   3.7350000e+03
  -6.0070995e-02   3.7500000e+03
  -5.6110822e-02   3.7650000e+03
  -5.2511152e-02   3.7800000e+03
  -4.9488928e-02   3.7950000e+03
  -4.7163315e-02   3.8100000e+03
  -4.5563944e-02   3.8250000e+03
  -4.4646457e-02   3.8400000e+03
  -4.4314876e-02   3.8550000e+03
  -4.4442527e-02   3.8700000e+03
  -4.4882886e-02   3.8850000e+03
  -4.5472007e-02   3.9000000e+03
  -4.6032421e-02   3.9150000e+03
  -4.6385746e-02   3.9300000e+03
  -4.6372462e-02   3.9450000e+03
  -4.5871798e-02   3.9600000e+03
  -4.4816297e-02   3.9750000e+03
  -4.3199975e-02   3.9900000e+03
  -4.1080594e-02   4.0050000e+03
  -3.8574733e-02   4.0200000e+03
  -3.5843275e-02   4.0350000e+03
  -3.3067878e-02   4.0500000e+03
  -3.0423293e-02   4.0650000e+03
  -2.8051443e-02   4.0800000e+03
  -2.6041677e-02   4.0950000e+03
  -2.4421530e-02   4.1100000e+03
  -2.3162642e-02   4.1250000e+03
  -2.2201510e-02   4.1400000e+03
  -2.1465451e-02   4.1550000e+03
  -2.0890072e-02   4.1700000e+03
  -2.0421769e-02   4.1850000e+03
  -2.0010175e-02   4.2000000e+03
  -1.9599386e-02   4.2150000e+03
  -1.9122439e-02   4.2300000e+03
  -1.8499402e-02   4.2450000e+03
  -1.7640306e-02   4.2600000e+03
  -1.6455553e-02   4.2750000e+03
  -1.4873910e-02   4.2900000e+03
  -1.2863244e-02   4.3050000e+03
  -1.0446182e-02   4.3200000e+03
  -7.7029783e-03   4.3350000e+03
  -4.7566579e-03   4.3500000e+03
  -1.7413739e-03   4.3650000e+03
   1.2360924e-03   4.3800000e+03
   4.1246014e-03   4.3950000e+03
   6.9316365e-03   4.4100000e+03
   9.6990466e-03   4.4250000e+03
   1.2466000e-02   4.4400000e+03
   1.5241099e-02   4.4550000e+03
   1.7997665e-02   4.4700000e+03
   2.0689044e-02   4.4850000e+03
   2.3268478e-02   4.5000000e+03
