  -1.0219489e-03   0.0000000e+00
  -1.0220229e-03   1.5000000e+01
  -1.0221566e-03   3.0000000e+01
  -1.0222803e-03   4.5000000e+01
  -1.0224883e-03   6.0000000e+01
  -1.0228541e-03   7.5000000e+01
  -1.0234280e-03   9.0000000e+01
  -1.0243773e-03   1.0500000e+02
  -1.0257703e-03   1.2000000e+02
  -1.0273864e-03   1.3500000e+02
  -1.0290169e-03   1.5000000e+02
  -1.0307342e-03   1.6500000e+02
  -1.0326742e-03   1.8000000e+02
  -1.0348255e-03   1.9500000e+02
  -1.0371177e-03   2.1000000e+02
  -1.0394604e-03   2.2500000e+02
  -1.0417463e-03   2.4000000e+02
  -1.0439174e-03   2.5500000e+02
  -1.0459721e-03   2.7000000e+02
  -1.0479895e-03   2.8500000e+02
  -1.0502135e-03   3.0000000e+02
  -1.0529318e-03   3.1500000e+02
  -1.0562076e-03   3.3000000e+02
  -1.0598359e-03   3.4500000e+02
  -1.0635974e-03   3.6000000e+02
  -1.0674585e-03   3.7500000e+02
  -1.0714818e-03   3.9000000e+02
  -1.0756614e-03   4.0500000e+02
  -1.0798436e-03   4.2000000e+02
  -1.0837240e-03   4.3500000e+02
  -1.0869575e-03   4.5000000e+02
  -1.0892643e-03   4.6500000e+02
  -1.0901617e-03   4.8000000e+02
  -1.0884127e-03   4.9500000e+02
  -1.0817875e-03   5.1000000e+02
  -1.0679436e-03   5.2500000e+02
  -1.0466370e-03   5.4000000e+02
  -1.0220552e-03   5.5500000e+02
  -1.0032892e-03   5.7000000e+02
  -1.0010396e-03   5.8500000e+02
  -1.0204114e-03   6.0000000e+02
  -1.0543749e-03   6.1500000e+02
  -1.0852215e-03   6.3000000e+02
  -1.0957520e-03   6.4500000e+02
  -1.0816940e-03   6.6000000e+02
  -1.0524091e-03   6.7500000e+02
  -1.0163002e-03   6.9000000e+02
  -9.6573023e-04   7.0500000e+02
  -8.8203279e-04   7.2000000e+02
  -7.6025969e-04   7.3500000e+02
  -6.2682963e-04   7.5000000e+02
  -5.2682386e-04   7.6500000e+02
  -4.9175241e-04   7.8000000e+02
  -5.2088039e-04   7.9500000e+02
  -5.9054425e-04   8.1000000e+02
  -6.7287171e-04   8.2500000e+02
  -7.4322574e-04   8.4000000e+02
  -7.8170345e-04   8.5500000e+02
  -7.8284752e-04   8.7000000e+02
  -7.6567777e-04   8.8500000e+02
  -7.6365238e-04   9.0000000e+02
  -7.9737563e-04   9.1500000e+02
  -8.5833069e-04   9.3000000e+02
  -9.1994723e-04   9.4500000e+02
  -9.6041261e-04   9.6000000e+02
  -9.7484054e-04   9.7500000e+02
  -9.7404351e-04   9.9000000e+02
  -9.7749277e-04   1.0050000e+03
  -1.0012978e-03   1.0200000e+03
  -1.0438935e-03   1.0350000e+03
  -1.0851112e-03   1.0500000e+03
  -1.1070919e-03   1.0650000e+03
  -1.1154885e-03   1.0800000e+03
  -1.1322788e-03   1.0950000e+03
  -1.1678499e-03   1.1100000e+03
  -1.2091992e-03   1.1250000e+03
  -1.2377584e-03   1.1400000e+03
  -1.2501226e-03   1.1550000e+03
  -1.2564337e-03   1.1700000e+03
  -1.2645634e-03   1.1850000e+03
  -1.2726558e-03   1.2000000e+03
  -1.2769967e-03   1.2150000e+03
  -1.2833074e-03   1.2300000e+03
  -1.3064090e-03   1.2450000e+03
  -1.3567565e-03   1.2600000e+03
  -1.4289335e-03   1.2750000e+03
  -1.5049818e-03   1.2900000e+03
  -1.5659467e-03   1.3050000e+03
  -1.5988569e-03   1.3200000e+03
  -1.6011324e-03   1.3350000e+03
  -1.5876883e-03   1.3500000e+03
  -1.5883485e-03   1.3650000e+03
  -1.6235543e-03   1.3800000e+03
  -1.6794028e-03   1.3950000e+03
  -1.7177203e-03   1.4100000e+03
  -1.7172811e-03   1.4250000e+03
  -1.6984085e-03   1.4400000e+03
  -1.7005499e-03   1.4550000e+03
  -1.7395180e-03   1.4700000e+03
  -1.7924570e-03   1.4850000e+03
  -1.8234239e-03   1.5000000e+03
  -1.8195006e-03   1.5150000e+03
  -1.8007971e-03   1.5300000e+03
  -1.7963011e-03   1.5450000e+03
  -1.8121069e-03   1.5600000e+03
  -1.8270027e-03   1.5750000e+03
  -1.8202172e-03   1.5900000e+03
  -1.7967548e-03   1.6050000e+03
  -1.7772944e-03   1.6200000e+03
  -1.7669993e-03   1.6350000e+03
  -1.7477443e-03   1.6500000e+03
  -1.7044559e-03   1.6650000e+03
  -1.6455277e-03   1.6800000e+03
  -1.5870557e-03   1.6950000e+03
  -1.5268069e-03   1.7100000e+03
  -1.4479149e-03   1.7250000e+03
  -1.3432440e-03   1.7400000e+03
  -1.2201697e-03   1.7550000e+03
  -1.0811083e-03   1.7700000e+03
  -9.1418246e-04   1.7850000e+03
  -7.0747861e-04   1.8000000e+03
  -4.6097243e-04   1.8150000e+03
  -1.7847474e-04   1.8300000e+03
   1.4355137e-04   1.8450000e+03
   5.1294459e-04   1.8600000e+03
   9.3457109e-04   1.8750000e+03
   1.4135316e-03   1.8900000e+03
   1.9623891e-03   1.9050000e+03
   2.5992459e-03   1.9200000e+03
   3.3403435e-03   1.9350000e+03
   4.1992851e-03   1.9500000e+03
   5.1930193e-03   1.9650000e+03
   6.3454942e-03   1.9800000e+03
   7.6865247e-03   1.9950000e+03
   9.2504090e-03   2.0100000e+03
   1.1074875e-02   2.0250000e+03
   1.3197966e-02   2.0400000e+03
   1.5655963e-02   2.0550000e+03
   1.8487187e-02   2.0700000e+03
   2.1738842e-02   2.0850000e+03
   2.5470853e-02   2.1000000e+03
   2.9757468e-02   2.1150000e+03
   3.4690786e-02   2.1300000e+03
   4.0383596e-02   2.1450000e+03
   4.6964746e-02   2.1600000e+03
   5.4567058e-02   2.1750000e+03
   6.3316159e-02   2.1900000e+03
   7.3327601e-02   2.2050000e+03
   8.4710084e-02   2.2200000e+03
   9.7562492e-02   2.2350000e+03
   1.1195088e-01   2.2500000e+03
   1.2786174e-01   2.2650000e+03
   1.4514522e-01   2.2800000e+03
   1.6347194e-01   2.2950000e+03
   1.8231860e-01   2.3100000e+03
   2.0097885e-01   2.3250000e+03
   2.1859030e-01   2.3400000e+03
   2.3418148e-01   2.3550000e+03
   2.4675204e-01   2.3700000e+03
   2.5538668e-01   2.3850000e+03
   2.5937802e-01   2.4000000e+03
   2.5832897e-01   2.4150000e+03
   2.5221989e-01   2.4300000e+03
   2.4143252e-01   2.4450000e+03
   2.2670741e-01   2.4600000e+03
   2.0900893e-01   2.4750000e+03
   1.8932618e-01   2.4900000e+03
   1.6850697e-01   2.5050000e+03
   1.4721459e-01   2.5200000e+03
   1.2599333e-01   2.5350000e+03
   1.0534076e-01   2.5500000e+03
   8.5714303e-02   2.5650000e+03
   6.7491218e-02   2.5800000e+03
   5.0930869e-02   2.5950000e+03
   3.6144774e-02   2.6100000e+03
   2.3071557e-02   2.6250000e+03
   1.1499376e-02   2.6400000e+03
   1.1663098e-03   2.6550000e+03
  -8.1329588e-03   2.6700000e+03
  -1.6543463e-02   2.6850000e+03
  -2.4225555e-02   2.7000000e+03
  -3.1352840e-02   2.7150000e+03
  -3.7974518e-02   2.7300000e+03
  -4.3918289e-02   2.7450000e+03
  -4.8926797e-02   2.7600000e+03
  -5.2934922e-02   2.7750000e+03
  -5.6179043e-02   2.7900000e+03
  -5.9005477e-02   2.8050000e+03
  -6.1600439e-02   2.8200000e+03
  -6.3930407e-02   2.8350000e+03
  -6.5894343e-02   2.8500000e+03
  -6.7453824e-02   2.8650000e+03
  -6.8608187e-02   2.8800000e+03
  -6.9320984e-02   2.8950000e+03
  -6.9542058e-02   2.9100000e+03
  -6.9300458e-02   2.9250000e+03
  -6.8734773e-02   2.9400000e+03
  -6.8015814e-02   2.9550000e+03
  -6.7256063e-02   2.9700000e+03
  -6.6502564e-02   2.9850000e+03
  -6.5792941e-02   3.0000000e+03
  -6.5183528e-02   3.0150000e+03
  -6.4714395e-02   3.0300000e+03
  -6.4364374e-02   3.0450000e+03
  -6.4053170e-02   3.0600000e+03
  -6.3684881e-02   3.0750000e+03
  -6.3189447e-02   3.0900000e+03
  -6.2533647e-02   3.1050000e+03
  -6.1701771e-02   3.1200000e+03
  -6.0664557e-02   3.1350000e+03
  -5.9363082e-02   3.1500000e+03
  -5.7720099e-02   3.1650000e+03
  -5.5665109e-02   3.1800000e+03
  -5.3154692e-02   3.1950000e+03
  -5.0184853e-02   3.2100000e+03
  -4.6794962e-02   3.2250000e+03
  -4.3057177e-02   3.2400000e+03
  -3.9058078e-02   3.2550000e+03
  -3.4890436e-02   3.2700000e+03
  -3.0653909e-02   3.2850000e+03
  -2.6446963e-02   3.3000000e+03
  -2.2352569e-02   3.3150000e+03
  -1.8439274e-02   3.3300000e+03
  -1.4776152e-02   3.3450000e+03
  -1.1434885e-02   3.3600000e+03
  -8.4718242e-03   3.3750000e+03
  -5.9139589e-03   3.3900000e+03
  -3.7634992e-03   3.4050000e+03
  -2.0067666e-03   3.4200000e+03
  -6.1283435e-04   3.4350000e+03
   4.7128729e-04   3.4500000e+03
   1.3180152e-03   3.4650000e+03
   2.0117508e-03   3.4800000e+03
   2.6430078e-03   3.4950000e+03
   3.3018757e-03   3.5100000e+03
   4.0664435e-03   3.5250000e+03
   4.9891961e-03   3.5400000e+03
   6.0888403e-03   3.5550000e+03
   7.3521240e-03   3.5700000e+03
   8.7446859e-03   3.5850000e+03
   1.0224354e-02   3.6000000e+03
   1.1747952e-02   3.6150000e+03
   1.3268764e-02   3.6300000e+03
   1.4732313e-02   3.6450000e+03
   1.6079828e-02   3.6600000e+03
   1.7258368e-02   3.6750000e+03
   1.8228007e-02   3.6900000e+03
   1.8961148e-02   3.7050000e+03
   1.9438887e-02   3.7200000e+03
   1.9649852e-02   3.7350000e+03
   1.9589920e-02   3.7500000e+03
   1.9259155e-02   3.7650000e+03
   1.8658226e-02   3.7800000e+03
   1.7788919e-02   3.7950000e+03
   1.6657365e-02   3.8100000e+03
   1.5274217e-02   3.8250000e+03
   1.3651527e-02   3.8400000e+03
   1.1803390e-02   3.8550000e+03
   9.7526535e-03   3.8700000e+03
   7.5351340e-03   3.8850000e+03
   5.1937471e-03   3.9000000e+03
   2.7693615e-03   3.9150000e+03
   3.0288156e-04   3.9300000e+03
  -2.1502110e-03   3.9450000e+03
  -4.5108814e-03   3.9600000e+03
  -6.6905371e-03   3.9750000e+03
  -8.6215362e-03   3.9900000e+03
  -1.0277546e-02   4.0050000e+03
  -1.1665418e-02   4.0200000e+03
  -1.2798933e-02   4.0350000e+03
  -1.3681504e-02   4.0500000e+03
  -1.4312580e-02   4.0650000e+03
  -1.4708043e-02   4.0800000e+03
  -1.4914284e-02   4.0950000e+03
  -1.5004065e-02   4.1100000e+03
  -1.5055536e-02   4.1250000e+03
  -1.5124096e-02   4.1400000e+03
  -1.5221043e-02   4.1550000e+03
  -1.5313265e-02   4.1700000e+03
  -1.5348089e-02   4.1850000e+03
  -1.5289449e-02   4.2000000e+03
  -1.5141590e-02   4.2150000e+03
  -1.4946002e-02   4.2300000e+03
  -1.4757301e-02   4.2450000e+03
  -1.4615788e-02   4.2600000e+03
  -1.4531895e-02   4.2750000e+03
  -1.4487885e-02   4.2900000e+03
  -1.4453682e-02   4.3050000e+03
  -1.4408335e-02   4.3200000e+03
  -1.4356592e-02   4.3350000e+03
  -1.4332264e-02   4.3500000e+03
  -1.4386385e-02   4.3650000e+03
  -1.4565550e-02   4.3800000e+03
  -1.4891218e-02   4.3950000e+03
  -1.5351374e-02   4.4100000e+03
  -1.5909337e-02   4.4250000e+03
  -1.6523000e-02   4.4400000e+03
  -1.7160201e-02   4.4550000e+03
  -1.7800653e-02   4.4700000e+03
  -1.8428000e-02   4.4850000e+03
  -1.9023292e-02   4.5000000e+03
