  -5.2959303e-04   0.0000000e+00
  -5.2965712e-04   1.5000000e+01
  -5.2977394e-04   3.0000000e+01
  -5.2994571e-04   4.5000000e+01
  -5.3036388e-04   6.0000000e+01
  -5.3118990e-04   7.5000000e+01
  -5.3253642e-04   9.0000000e+01
  -5.3456385e-04   1.0500000e+02
  -5.3727411e-04   1.2000000e+02
  -5.4038694e-04   1.3500000e+02
  -5.4368522e-04   1.5000000e+02
  -5.4729817e-04   1.6500000e+02
  -5.5144983e-04   1.8000000e+02
  -5.5618567e-04   1.9500000e+02
  -5.6139182e-04   2.1000000e+02
  -5.6680047e-04   2.2500000e+02
  -5.7205511e-04   2.4000000e+02
  -5.7694723e-04   2.5500000e+02
  -5.8150192e-04   2.7000000e+02
  -5.8600359e-04   2.8500000e+02
  -5.9102738e-04   3.0000000e+02
  -5.9714360e-04   3.1500000e+02
  -6.0444884e-04   3.3000000e+02
  -6.1251834e-04   3.4500000e+02
  -6.2087004e-04   3.6000000e+02
  -6.2935485e-04   3.7500000e+02
  -6.3810777e-04   3.9000000e+02
  -6.4719823e-04   4.0500000e+02
  -6.5635948e-04   4.2000000e+02
  -6.6512427e-04   4.3500000e+02
  -6.7342812e-04   4.5000000e+02
  -6.8209326e-04   4.6500000e+02
  -6.9286127e-04   4.8000000e+02
  -7.0830359e-04   4.9500000e+02
  -7.3170947e-04   5.1000000e+02
  -7.6639064e-04   5.2500000e+02
  -8.1375398e-04   5.4000000e+02
  -8.7027077e-04   5.5500000e+02
  -9.2581852e-04   5.7000000e+02
  -9.6681563e-04   5.8500000e+02
  -9.8434079e-04   6.0000000e+02
  -9.8213262e-04   6.1500000e+02
  -9.7621349e-04   6.3000000e+02
  -9.8228920e-04   6.4500000e+02
  -9.9980365e-04   6.6000000e+02
  -1.0089555e-03   6.7500000e+02
  -9.8555535e-04   6.9000000e+02
  -9.1911905e-04   7.0500000e+02
  -8.1687671e-04   7.2000000e+02
  -6.9470057e-04   7.3500000e+02
  -5.7128858e-04   7.5000000e+02
  -4.7215409e-04   7.6500000e+02
  -4.2834744e-04   7.8000000e+02
  -4.5709935e-04   7.9500000e+02
  -5.4110744e-04   8.1000000e+02
  -6.3601381e-04   8.2500000e+02
  -7.0404960e-04   8.4000000e+02
  -7.3633058e-04   8.5500000e+02
  -7.4261974e-04   8.7000000e+02
  -7.3413370e-04   8.8500000e+02
  -7.2722440e-04   9.0000000e+02
  -7.4895954e-04   9.1500000e+02
  -8.1467640e-04   9.3000000e+02
  -9.0133614e-04   9.4500000e+02
  -9.6470822e-04   9.6000000e+02
  -9.8672602e-04   9.7500000e+02
  -9.8989613e-04   9.9000000e+02
  -1.0055226e-03   1.0050000e+03
  -1.0457038e-03   1.0200000e+03
  -1.1039993e-03   1.0350000e+03
  -1.1627228e-03   1.0500000e+03
  -1.2015743e-03   1.0650000e+03
  -1.2190017e-03   1.0800000e+03
  -1.2410285e-03   1.0950000e+03
  -1.2903797e-03   1.1100000e+03
  -1.3541861e-03   1.1250000e+03
  -1.4009301e-03   1.1400000e+03
  -1.4209666e-03   1.1550000e+03
  -1.4310643e-03   1.1700000e+03
  -1.4441332e-03   1.1850000e+03
  -1.4529241e-03   1.2000000e+03
  -1.4470711e-03   1.2150000e+03
  -1.4355415e-03   1.2300000e+03
  -1.4431003e-03   1.2450000e+03
  -1.4845883e-03   1.2600000e+03
  -1.5492230e-03   1.2750000e+03
  -1.6112466e-03   1.2900000e+03
  -1.6469304e-03   1.3050000e+03
  -1.6391934e-03   1.3200000e+03
  -1.5818031e-03   1.3350000e+03
  -1.4920658e-03   1.3500000e+03
  -1.4082681e-03   1.3650000e+03
  -1.3552943e-03   1.3800000e+03
  -1.3117609e-03   1.3950000e+03
  -1.2249824e-03   1.4100000e+03
  -1.0644842e-03   1.4250000e+03
  -8.5326348e-04   1.4400000e+03
  -6.3941482e-04   1.4550000e+03
  -4.4025955e-04   1.4700000e+03
  -2.2082491e-04   1.4850000e+03
   7.2833929e-05   1.5000000e+03
   4.6471774e-04   1.5150000e+03
   9.3632092e-04   1.5300000e+03
   1.4609168e-03   1.5450000e+03
   2.0457359e-03   1.5600000e+03
   2.7353505e-03   1.5750000e+03
   3.5734402e-03   1.5900000e+03
   4.5709061e-03   1.6050000e+03
   5.7224971e-03   1.6200000e+03
   7.0500877e-03   1.6350000e+03
   8.6127799e-03   1.6500000e+03
   1.0472158e-02   1.6650000e+03
   1.2668369e-02   1.6800000e+03
   1.5244816e-02   1.6950000e+03
   1.8281380e-02   1.7100000e+03
   2.1881558e-02   1.7250000e+03
   2.6130585e-02   1.7400000e+03
   3.1082705e-02   1.7550000e+03
   3.6783602e-02   1.7700000e+03
   4.3281868e-02   1.7850000e+03
   5.0615590e-02   1.8000000e+03
   5.8813866e-02   1.8150000e+03
   6.7935474e-02   1.8300000e+03
   7.8110203e-02   1.8450000e+03
   8.9539409e-02   1.8600000e+03
   1.0245098e-01   1.8750000e+03
   1.1702920e-01   1.8900000e+03
   1.3334171e-01   1.9050000e+03
   1.5129289e-01   1.9200000e+03
   1.7063442e-01   1.9350000e+03
   1.9102934e-01   1.9500000e+03
   2.1211834e-01   1.9650000e+03
   2.3353820e-01   1.9800000e+03
   2.5489002e-01   1.9950000e+03
   2.7568930e-01   2.0100000e+03
   2.9531562e-01   2.0250000e+03
   3.1296119e-01   2.0400000e+03
   3.2759312e-01   2.0550000e+03
   3.3797950e-01   2.0700000e+03
   3.4283099e-01   2.0850000e+03
   3.4106115e-01   2.1000000e+03
   3.3209366e-01   2.1150000e+03
   3.1608203e-01   2.1300000e+03
   2.9390380e-01   2.1450000e+03
   2.6688516e-01   2.1600000e+03
   2.3640077e-01   2.1750000e+03
   2.0364268e-01   2.1900000e+03
   1.6975448e-01   2.2050000e+03
   1.3615060e-01   2.2200000e+03
   1.0454793e-01   2.2350000e+03
   7.6459020e-02   2.2500000e+03
   5.2529551e-02   2.2650000e+03
   3.2426164e-02   2.2800000e+03
   1.5488568e-02   2.2950000e+03
   1.5155807e-03   2.3100000e+03
  -9.1394251e-03   2.3250000e+03
  -1.6218754e-02   2.3400000e+03
  -2.0140577e-02   2.3550000e+03
  -2.1782489e-02   2.3700000e+03
  -2.1738531e-02   2.3850000e+03
  -2.0024514e-02   2.4000000e+03
  -1.6685892e-02   2.4150000e+03
  -1.2585000e-02   2.4300000e+03
  -9.3078380e-03   2.4450000e+03
  -8.1611788e-03   2.4600000e+03
  -9.3536824e-03   2.4750000e+03
  -1.2195260e-02   2.4900000e+03
  -1.5883649e-02   2.5050000e+03
  -1.9913478e-02   2.5200000e+03
  -2.3936171e-02   2.5350000e+03
  -2.7675791e-02   2.5500000e+03
  -3.1149855e-02   2.5650000e+03
  -3.4741290e-02   2.5800000e+03
  -3.8847972e-02   2.5950000e+03
  -4.3530587e-02   2.6100000e+03
  -4.8587851e-02   2.6250000e+03
  -5.3850170e-02   2.6400000e+03
  -5.9267629e-02   2.6550000e+03
  -6.4798802e-02   2.6700000e+03
  -7.0363902e-02   2.6850000e+03
  -7.5887159e-02   2.7000000e+03
  -8.1281759e-02   2.7150000e+03
  -8.6398795e-02   2.7300000e+03
  -9.1060519e-02   2.7450000e+03
  -9.5138498e-02   2.7600000e+03
  -9.8558068e-02   2.7750000e+03
  -1.0125297e-01   2.7900000e+03
  -1.0316830e-01   2.8050000e+03
  -1.0429864e-01   2.8200000e+03
  -1.0468551e-01   2.8350000e+03
  -1.0438216e-01   2.8500000e+03
  -1.0343771e-01   2.8650000e+03
  -1.0189338e-01   2.8800000e+03
  -9.9762745e-02   2.8950000e+03
  -9.7017720e-02   2.9100000e+03
  -9.3607768e-02   2.9250000e+03
  -8.9489855e-02   2.9400000e+03
  -8.4643707e-02   2.9550000e+03
  -7.9088271e-02   2.9700000e+03
  -7.2910853e-02   2.9850000e+03
  -6.6283293e-02   3.0000000e+03
  -5.9449438e-02   3.0150000e+03
  -5.2703034e-02   3.0300000e+03
  -4.6366666e-02   3.0450000e+03
  -4.0756624e-02   3.0600000e+03
  -3.6139835e-02   3.0750000e+03
  -3.2714356e-02   3.0900000e+03
  -3.0611943e-02   3.1050000e+03
  -2.9885236e-02   3.1200000e+03
  -3.0478915e-02   3.1350000e+03
  -3.2229684e-02   3.1500000e+03
  -3.4907795e-02   3.1650000e+03
  -3.8261231e-02   3.1800000e+03
  -4.2037308e-02   3.1950000e+03
  -4.5991007e-02   3.2100000e+03
  -4.9883232e-02   3.2250000e+03
  -5.3465739e-02   3.2400000e+03
  -5.6472749e-02   3.2550000e+03
  -5.8642175e-02   3.2700000e+03
  -5.9755437e-02   3.2850000e+03
  -5.9670459e-02   3.3000000e+03
  -5.8341362e-02   3.3150000e+03
  -5.5828892e-02   3.3300000e+03
  -5.2297238e-02   3.3450000e+03
  -4.7990885e-02   3.3600000e+03
  -4.3195195e-02   3.3750000e+03
  -3.8193826e-02   3.3900000e+03
  -3.3237837e-02   3.4050000e+03
  -2.8532265e-02   3.4200000e+03
  -2.4231531e-02   3.4350000e+03
  -2.0432390e-02   3.4500000e+03
  -1.7168624e-02   3.4650000e+03
  -1.4423423e-02   3.4800000e+03
  -1.2162121e-02   3.4950000e+03
  -1.0362586e-02   3.5100000e+03
  -9.0175439e-03   3.5250000e+03
  -8.1107412e-03   3.5400000e+03
  -7.5949333e-03   3.5550000e+03
  -7.3949173e-03   3.5700000e+03
  -7.4313879e-03   3.5850000e+03
  -7.6421001e-03   3.6000000e+03
  -7.9824468e-03   3.6150000e+03
  -8.4092245e-03   3.6300000e+03
  -8.8663818e-03   3.6450000e+03
  -9.2868563e-03   3.6600000e+03
  -9.6077584e-03   3.6750000e+03
  -9.7852200e-03   3.6900000e+03
  -9.7983442e-03   3.7050000e+03
  -9.6422182e-03   3.7200000e+03
  -9.3178023e-03   3.7350000e+03
  -8.8263685e-03   3.7500000e+03
  -8.1693269e-03   3.7650000e+03
  -7.3481603e-03   3.7800000e+03
  -6.3612247e-03   3.7950000e+03
  -5.2019502e-03   3.8100000e+03
  -3.8653719e-03   3.8250000e+03
  -2.3619158e-03   3.8400000e+03
  -7.2772685e-04   3.8550000e+03
   9.7872468e-04   3.8700000e+03
   2.6928408e-03   3.8850000e+03
   4.3616830e-03   3.9000000e+03
   5.9524281e-03   3.9150000e+03
   7.4491268e-03   3.9300000e+03
   8.8431127e-03   3.9450000e+03
   1.0123627e-02   3.9600000e+03
   1.1272072e-02   3.9750000e+03
   1.2260173e-02   3.9900000e+03
   1.3051030e-02   4.0050000e+03
   1.3602335e-02   4.0200000e+03
   1.3870995e-02   4.0350000e+03
   1.3817492e-02   4.0500000e+03
   1.3407369e-02   4.0650000e+03
   1.2609252e-02   4.0800000e+03
   1.1393481e-02   4.0950000e+03
   9.7374553e-03   4.1100000e+03
   7.6393872e-03   4.1250000e+03
   5.1348307e-03   4.1400000e+03
   2.3076183e-03   4.1550000e+03
  -7.0946268e-04   4.1700000e+03
  -3.7446395e-03   4.1850000e+03
  -6.6072321e-03   4.2000000e+03
  -9.1165407e-03   4.2150000e+03
  -1.1133537e-02   4.2300000e+03
  -1.2583972e-02   4.2450000e+03
  -1.3463398e-02   4.2600000e+03
  -1.3824290e-02   4.2750000e+03
  -1.3754371e-02   4.2900000e+03
  -1.3356058e-02   4.3050000e+03
  -1.2730926e-02   4.3200000e+03
  -1.1968318e-02   4.3350000e+03
  -1.1137556e-02   4.3500000e+03
  -1.0285058e-02   4.3650000e+03
  -9.4363876e-03   4.3800000e+03
  -8.6001446e-03   4.3950000e+03
  -7.7706901e-03   4.4100000e+03
  -6.9315881e-03   4.4250000e+03
  -6.0649808e-03   4.4400000e+03
  -5.1671327e-03   4.4550000e+03
  -4.2606583e-03   4.4700000e+03
  -3.3916130e-03   4.4850000e+03
  -2.6108394e-03   4.5000000e+03
