  -1.9680113e-03   0.0000000e+00
  -1.9667435e-03   1.5000000e+01
  -1.9628601e-03   3.0000000e+01
  -1.9565669e-03   4.5000000e+01
  -1.9492820e-03   6.0000000e+01
  -1.9423935e-03   7.5000000e+01
  -1.9346980e-03   9.0000000e+01
  -1.9231118e-03   1.0500000e+02
  -1.9053845e-03   1.2000000e+02
  -1.8818119e-03   1.3500000e+02
  -1.8547265e-03   1.5000000e+02
  -1.8249688e-03   1.6500000e+02
  -1.7901466e-03   1.8000000e+02
  -1.7478841e-03   1.9500000e+02
  -1.6980645e-03   2.1000000e+02
  -1.6400496e-03   2.2500000e+02
  -1.5680920e-03   2.4000000e+02
  -1.4698924e-03   2.5500000e+02
  -1.3314160e-03   2.7000000e+02
  -1.1428575e-03   2.8500000e+02
  -8.9643447e-04   3.0000000e+02
  -5.7854067e-04   3.1500000e+02
  -1.6712592e-04   3.3000000e+02
   3.6384971e-04   3.4500000e+02
   1.0399466e-03   3.6000000e+02
   1.8855591e-03   3.7500000e+02
   2.9272346e-03   3.9000000e+02
   4.1990578e-03   4.0500000e+02
   5.7387715e-03   4.2000000e+02
   7.5715417e-03   4.3500000e+02
   9.7076511e-03   4.5000000e+02
   1.2171111e-02   4.6500000e+02
   1.5029885e-02   4.8000000e+02
   1.8393820e-02   4.9500000e+02
   2.2386221e-02   5.1000000e+02
   2.7113058e-02   5.2500000e+02
   3.2640751e-02   5.4000000e+02
   3.8999580e-02   5.5500000e+02
   4.6246611e-02   5.7000000e+02
   5.4550491e-02   5.8500000e+02
   6.4161405e-02   6.0000000e+02
   7.5252347e-02   6.1500000e+02
   8.7841436e-02   6.3000000e+02
   1.0190037e-01   6.4500000e+02
   1.1748783e-01   6.6000000e+02
   1.3480669e-01   6.7500000e+02
   1.5423584e-01   6.9000000e+02
   1.7629039e-01   7.0500000e+02
   2.0145179e-01   7.2000000e+02
   2.2993645e-01   7.3500000e+02
   2.6146656e-01   7.5000000e+02
   2.9522303e-01   7.6500000e+02
   3.3018106e-01   7.8000000e+02
   3.6537668e-01   7.9500000e+02
   3.9944533e-01   8.1000000e+02
   4.3001857e-01   8.2500000e+02
   4.5427665e-01   8.4000000e+02
   4.7043645e-01   8.5500000e+02
   4.7831735e-01   8.7000000e+02
   4.7819626e-01   8.8500000e+02
   4.6981528e-01   9.0000000e+02
   4.5331880e-01   9.1500000e+02
   4.3046105e-01   9.3000000e+02
   4.0351212e-01   9.4500000e+02
   3.7317115e-01   9.6000000e+02
   3.3860567e-01   9.7500000e+02
   2.9943618e-01   9.9000000e+02
   2.5730503e-01   1.0050000e+03
   2.1586384e-01   1.0200000e+03
   1.7902875e-01   1.0350000e+03
   1.4860803e-01   1.0500000e+03
   1.2389068e-01   1.0650000e+03
   1.0356926e-01   1.0800000e+03
   8.7016948e-02   1.0950000e+03
   7.3625445e-02   1.1100000e+03
   6.2322877e-02   1.1250000e+03
   5.2357972e-02   1.1400000e+03
   4.3835983e-02   1.1550000e+03
   3.7165999e-02   1.1700000e+03
   3.2456264e-02   1.1850000e+03
   2.9508131e-02   1.2000000e+03
   2.7841153e-02   1.2150000e+03
   2.6567474e-02   1.2300000e+03
   2.4645217e-02   1.2450000e+03
   2.1399593e-02   1.2600000e+03
   1.6661856e-02   1.2750000e+03
   1.0558011e-02   1.2900000e+03
   3.3990121e-03   1.3050000e+03
  -4.3821018e-03   1.3200000e+03
  -1.2474224e-02   1.3350000e+03
  -2.0880001e-02   1.3500000e+03
  -2.9783953e-02   1.3650000e+03
  -3.9324425e-02   1.3800000e+03
  -4.9567316e-02   1.3950000e+03
  -6.0555622e-02   1.4100000e+03
  -7.2238676e-02   1.4250000e+03
  -8.4395207e-02   1.4400000e+03
  -9.6699759e-02   1.4550000e+03
  -1.0885479e-01   1.4700000e+03
  -1.2065498e-01   1.4850000e+03
  -1.3197479e-01   1.5000000e+03
  -1.4274283e-01   1.5150000e+03
  -1.5293479e-01   1.5300000e+03
  -1.6255933e-01   1.5450000e+03
  -1.7161198e-01   1.5600000e+03
  -1.8002389e-01   1.5750000e+03
  -1.8765602e-01   1.5900000e+03
  -1.9434734e-01   1.6050000e+03
  -1.9997492e-01   1.6200000e+03
  -2.0448677e-01   1.6350000e+03
  -2.0790938e-01   1.6500000e+03
  -2.1034533e-01   1.6650000e+03
  -2.1195085e-01   1.6800000e+03
  -2.1287739e-01   1.6950000e+03
  -2.1319784e-01   1.7100000e+03
  -2.1286342e-01   1.7250000e+03
  -2.1171594e-01   1.7400000e+03
  -2.0954727e-01   1.7550000e+03
  -2.0618473e-01   1.7700000e+03
  -2.0157959e-01   1.7850000e+03
  -1.9586608e-01   1.8000000e+03
  -1.8935926e-01   1.8150000e+03
  -1.8248841e-01   1.8300000e+03
  -1.7569864e-01   1.8450000e+03
  -1.6936606e-01   1.8600000e+03
  -1.6375077e-01   1.8750000e+03
  -1.5898235e-01   1.8900000e+03
  -1.5506162e-01   1.9050000e+03
  -1.5187493e-01   1.9200000e+03
  -1.4923322e-01   1.9350000e+03
  -1.4693789e-01   1.9500000e+03
  -1.4484668e-01   1.9650000e+03
  -1.4289556e-01   1.9800000e+03
  -1.4105727e-01   1.9950000e+03
  -1.3926713e-01   2.0100000e+03
  -1.3737591e-01   2.0250000e+03
  -1.3516597e-01   2.0400000e+03
  -1.3241133e-01   2.0550000e+03
  -1.2893051e-01   2.0700000e+03
  -1.2460092e-01   2.0850000e+03
  -1.1934662e-01   2.1000000e+03
  -1.1312755e-01   2.1150000e+03
  -1.0593671e-01   2.1300000e+03
  -9.7790278e-02   2.1450000e+03
  -8.8708267e-02   2.1600000e+03
  -7.8711562e-02   2.1750000e+03
  -6.7858696e-02   2.1900000e+03
  -5.6300048e-02   2.2050000e+03
  -4.4292491e-02   2.2200000e+03
  -3.2146297e-02   2.2350000e+03
  -2.0147724e-02   2.2500000e+03
  -8.5298410e-03   2.2650000e+03
   2.4913673e-03   2.2800000e+03
   1.2676613e-02   2.2950000e+03
   2.1782240e-02   2.3100000e+03
   2.9624773e-02   2.3250000e+03
   3.6118891e-02   2.3400000e+03
   4.1250896e-02   2.3550000e+03
   4.5029178e-02   2.3700000e+03
   4.7474522e-02   2.3850000e+03
   4.8656274e-02   2.4000000e+03
   4.8726171e-02   2.4150000e+03
   4.7915887e-02   2.4300000e+03
   4.6512745e-02   2.4450000e+03
   4.4838652e-02   2.4600000e+03
   4.3226592e-02   2.4750000e+03
   4.1976854e-02   2.4900000e+03
   4.1304555e-02   2.5050000e+03
   4.1313857e-02   2.5200000e+03
   4.2010885e-02   2.5350000e+03
   4.3329235e-02   2.5500000e+03
   4.5143776e-02   2.5650000e+03
   4.7282878e-02   2.5800000e+03
   4.9559593e-02   2.5950000e+03
   5.1812038e-02   2.6100000e+03
   5.3921372e-02   2.6250000e+03
   5.5798516e-02   2.6400000e+03
   5.7365976e-02   2.6550000e+03
   5.8557641e-02   2.6700000e+03
   5.9326306e-02   2.6850000e+03
   5.9638023e-02   2.7000000e+03
   5.9458341e-02   2.7150000e+03
   5.8755554e-02   2.7300000e+03
   5.7527989e-02   2.7450000e+03
   5.5831958e-02   2.7600000e+03
   5.3785998e-02   2.7750000e+03
   5.1553410e-02   2.7900000e+03
   4.9321391e-02   2.8050000e+03
   4.7285561e-02   2.8200000e+03
   4.5632176e-02   2.8350000e+03
   4.4510268e-02   2.8500000e+03
   4.3999739e-02   2.8650000e+03
   4.4092566e-02   2.8800000e+03
   4.4699043e-02   2.8950000e+03
   4.5672096e-02   2.9100000e+03
   4.6828587e-02   2.9250000e+03
   4.7955878e-02   2.9400000e+03
   4.8816774e-02   2.9550000e+03
   4.9174197e-02   2.9700000e+03
   4.8834946e-02   2.9850000e+03
   4.7686957e-02   3.0000000e+03
   4.5709010e-02   3.0150000e+03
   4.2956855e-02   3.0300000e+03
   3.9543062e-02   3.0450000e+03
   3.5620328e-02   3.0600000e+03
   3.1366613e-02   3.0750000e+03
   2.6969086e-02   3.0900000e+03
   2.2607258e-02   3.1050000e+03
   1.8436722e-02   3.1200000e+03
   1.4573230e-02   3.1350000e+03
   1.1075508e-02   3.1500000e+03
   7.9277717e-03   3.1650000e+03
   5.0311736e-03   3.1800000e+03
   2.2184663e-03   3.1950000e+03
  -7.0362602e-04   3.2100000e+03
  -3.9003550e-03   3.2250000e+03
  -7.4700136e-03   3.2400000e+03
  -1.1436814e-02   3.2550000e+03
  -1.5771812e-02   3.2700000e+03
  -2.0424401e-02   3.2850000e+03
  -2.5345480e-02   3.3000000e+03
  -3.0492019e-02   3.3150000e+03
  -3.5816371e-02   3.3300000e+03
  -4.1253630e-02   3.3450000e+03
  -4.6718538e-02   3.3600000e+03
  -5.2113142e-02   3.3750000e+03
  -5.7338852e-02   3.3900000e+03
  -6.2306985e-02   3.4050000e+03
  -6.6944666e-02   3.4200000e+03
  -7.1194425e-02   3.4350000e+03
  -7.5009279e-02   3.4500000e+03
  -7.8350708e-02   3.4650000e+03
  -8.1196360e-02   3.4800000e+03
  -8.3554342e-02   3.4950000e+03
  -8.5470729e-02   3.5100000e+03
  -8.7020293e-02   3.5250000e+03
  -8.8284984e-02   3.5400000e+03
  -8.9334629e-02   3.5550000e+03
  -9.0219736e-02   3.5700000e+03
  -9.0973735e-02   3.5850000e+03
  -9.1614835e-02   3.6000000e+03
  -9.2141390e-02   3.6150000e+03
  -9.2522778e-02   3.6300000e+03
  -9.2693105e-02   3.6450000e+03
  -9.2555121e-02   3.6600000e+03
  -9.1997035e-02   3.6750000e+03
  -9.0917923e-02   3.6900000e+03
  -8.9251027e-02   3.7050000e+03
  -8.6974032e-02   3.7200000e+03
  -8.4104523e-02   3.7350000e+03
  -8.0689617e-02   3.7500000e+03
  -7.6800585e-02   3.7650000e+03
  -7.2531804e-02   3.7800000e+03
  -6.7993969e-02   3.7950000e+03
  -6.3295461e-02   3.8100000e+03
  -5.8520798e-02   3.8250000e+03
  -5.3722400e-02   3.8400000e+03
  -4.8931845e-02   3.8550000e+03
  -4.4180125e-02   3.8700000e+03
  -3.9510839e-02   3.8850000e+03
  -3.4979776e-02   3.9000000e+03
  -3.0646037e-02   3.9150000e+03
  -2.6561903e-02   3.9300000e+03
  -2.2763440e-02   3.9450000e+03
  -1.9262049e-02   3.9600000e+03
  -1.6041277e-02   3.9750000e+03
  -1.3064300e-02   3.9900000e+03
  -1.0289305e-02   4.0050000e+03
  -7.6812422e-03   4.0200000e+03
  -5.2117901e-03   4.0350000e+03
  -2.8527416e-03   4.0500000e+03
  -5.7471881e-04   4.0650000e+03
   1.6458948e-03   4.0800000e+03
   3.8213404e-03   4.0950000e+03
   5.9559341e-03   4.1100000e+03
   8.0528622e-03   4.1250000e+03
   1.0112975e-02   4.1400000e+03
   1.2125498e-02   4.1550000e+03
   1.4063764e-02   4.1700000e+03
   1.5895283e-02   4.1850000e+03
   1.7598577e-02   4.2000000e+03
   1.9170502e-02   4.2150000e+03
   2.0617625e-02   4.2300000e+03
   2.1940941e-02   4.2450000e+03
   2.3126986e-02   4.2600000e+03
   2.4149181e-02   4.2750000e+03
   2.4974978e-02   4.2900000e+03
   2.5574496e-02   4.3050000e+03
   2.5929525e-02   4.3200000e+03
   2.6040860e-02   4.3350000e+03
   2.5930109e-02   4.3500000e+03
   2.5634937e-02   4.3650000e+03
   2.5201673e-02   4.3800000e+03
   2.4679104e-02   4.3950000e+03
   2.4112411e-02   4.4100000e+03
   2.3535457e-02   4.4250000e+03
   2.2965487e-02   4.4400000e+03
   2.2407653e-02   4.4550000e+03
   2.1869270e-02   4.4700000e+03
   2.1372838e-02   4.4850000e+03
   2.0956224e-02   4.5000000e+03
