   2.4072290e-03   0.0000000e+00
   2.4065254e-03   1.5000000e+01
   2.4044313e-03   3.0000000e+01
   2.4010679e-03   4.5000000e+01
   2.3966643e-03   6.0000000e+01
   2.3912804e-03   7.5000000e+01
   2.3846212e-03   9.0000000e+01
   2.3762872e-03   1.0500000e+02
   2.3661957e-03   1.2000000e+02
   2.3545944e-03   1.3500000e+02
   2.3416968e-03   1.5000000e+02
   2.3272906e-03   1.6500000e+02
   2.3103612e-03   1.8000000e+02
   2.2877837e-03   1.9500000e+02
   2.2507892e-03   2.1000000e+02
   2.1812713e-03   2.2500000e+02
   2.0566816e-03   2.4000000e+02
   1.8726507e-03   2.5500000e+02
   1.6728769e-03   2.7000000e+02
   1.5463972e-03   2.8500000e+02
   1.5616020e-03   3.0000000e+02
   1.6836749e-03   3.1500000e+02
   1.7849305e-03   3.3000000e+02
   1.7749185e-03   3.4500000e+02
   1.7035996e-03   3.6000000e+02
   1.6872166e-03   3.7500000e+02
   1.7462870e-03   3.9000000e+02
   1.7890759e-03   4.0500000e+02
   1.7604509e-03   4.2000000e+02
   1.7182607e-03   4.3500000e+02
   1.7256705e-03   4.5000000e+02
   1.7526544e-03   4.6500000e+02
   1.7441919e-03   4.8000000e+02
   1.7156153e-03   4.9500000e+02
   1.7108783e-03   5.1000000e+02
   1.7210288e-03   5.2500000e+02
   1.7108314e-03   5.4000000e+02
   1.6849533e-03   5.5500000e+02
   1.6705197e-03   5.7000000e+02
   1.6645017e-03   5.8500000e+02
   1.6458442e-03   6.0000000e+02
   1.6178651e-03   6.1500000e+02
   1.5984289e-03   6.3000000e+02
   1.5842682e-03   6.4500000e+02
   1.5588925e-03   6.6000000e+02
   1.5206493e-03   6.7500000e+02
   1.4739132e-03   6.9000000e+02
   1.4063505e-03   7.0500000e+02
   1.2964128e-03   7.2000000e+02
   1.1308187e-03   7.3500000e+02
   9.0440724e-04   7.5000000e+02
   6.2400138e-04   7.6500000e+02
   3.3105488e-04   7.8000000e+02
   1.0803824e-04   7.9500000e+02
   3.8123017e-05   8.1000000e+02
   1.4179750e-04   8.2500000e+02
   3.4042279e-04   8.4000000e+02
   4.8360115e-04   8.5500000e+02
   4.4527161e-04   8.7000000e+02
   2.3113361e-04   8.8500000e+02
  -1.1490647e-05   9.0000000e+02
  -1.2572155e-04   9.1500000e+02
  -1.0224330e-04   9.3000000e+02
  -8.3425584e-05   9.4500000e+02
  -1.9549443e-04   9.6000000e+02
  -4.0234663e-04   9.7500000e+02
  -5.6216097e-04   9.9000000e+02
  -6.1389239e-04   1.0050000e+03
  -6.4476900e-04   1.0200000e+03
  -7.4902782e-04   1.0350000e+03
  -8.8404497e-04   1.0500000e+03
  -9.3290553e-04   1.0650000e+03
  -8.6928811e-04   1.0800000e+03
  -7.6521182e-04   1.0950000e+03
  -6.3662976e-04   1.1100000e+03
  -3.8110639e-04   1.1250000e+03
   9.9681987e-05   1.1400000e+03
   8.0888002e-04   1.1550000e+03
   1.7455625e-03   1.1700000e+03
   3.0133470e-03   1.1850000e+03
   4.7681700e-03   1.2000000e+03
   7.1199164e-03   1.2150000e+03
   1.0170974e-02   1.2300000e+03
   1.4117340e-02   1.2450000e+03
   1.9238520e-02   1.2600000e+03
   2.5822684e-02   1.2750000e+03
   3.4186929e-02   1.2900000e+03
   4.4769708e-02   1.3050000e+03
   5.8160126e-02   1.3200000e+03
   7.5076878e-02   1.3350000e+03
   9.6402936e-02   1.3500000e+03
   1.2324345e-01   1.3650000e+03
   1.5687090e-01   1.3800000e+03
   1.9851360e-01   1.3950000e+03
   2.4902925e-01   1.4100000e+03
   3.0848658e-01   1.4250000e+03
   3.7571022e-01   1.4400000e+03
   4.4793028e-01   1.4550000e+03
   5.2060717e-01   1.4700000e+03
   5.8733875e-01   1.4850000e+03
   6.3983691e-01   1.5000000e+03
   6.6832823e-01   1.5150000e+03
   6.6293770e-01   1.5300000e+03
   6.1625296e-01   1.5450000e+03
   5.2642715e-01   1.5600000e+03
   3.9939979e-01   1.5750000e+03
   2.4874821e-01   1.5900000e+03
   9.2675157e-02   1.6050000e+03
  -5.0795358e-02   1.6200000e+03
  -1.6833584e-01   1.6350000e+03
  -2.5376457e-01   1.6500000e+03
  -3.0787393e-01   1.6650000e+03
  -3.3627480e-01   1.6800000e+03
  -3.4645924e-01   1.6950000e+03
  -3.4528768e-01   1.7100000e+03
  -3.3774546e-01   1.7250000e+03
  -3.2711703e-01   1.7400000e+03
  -3.1585109e-01   1.7550000e+03
  -3.0598265e-01   1.7700000e+03
  -2.9861909e-01   1.7850000e+03
  -2.9322377e-01   1.8000000e+03
  -2.8785419e-01   1.8150000e+03
  -2.8045934e-01   1.8300000e+03
  -2.7000511e-01   1.8450000e+03
  -2.5632426e-01   1.8600000e+03
  -2.3913929e-01   1.8750000e+03
  -2.1770816e-01   1.8900000e+03
  -1.9166145e-01   1.9050000e+03
  -1.6196409e-01   1.9200000e+03
  -1.3068500e-01   1.9350000e+03
  -9.9713519e-02   1.9500000e+03
  -6.9821261e-02   1.9650000e+03
  -4.0966850e-02   1.9800000e+03
  -1.3260117e-02   1.9950000e+03
   1.2547761e-02   2.0100000e+03
   3.5358526e-02   2.0250000e+03
   5.4245390e-02   2.0400000e+03
   6.8726979e-02   2.0550000e+03
   7.8854196e-02   2.0700000e+03
   8.5238226e-02   2.0850000e+03
   8.8886186e-02   2.1000000e+03
   9.0776399e-02   2.1150000e+03
   9.1469102e-02   2.1300000e+03
   9.1089733e-02   2.1450000e+03
   8.9616023e-02   2.1600000e+03
   8.7116860e-02   2.1750000e+03
   8.3775662e-02   2.1900000e+03
   7.9829358e-02   2.2050000e+03
   7.5545847e-02   2.2200000e+03
   7.1184099e-02   2.2350000e+03
   6.6890098e-02   2.2500000e+03
   6.2639326e-02   2.2650000e+03
   5.8316711e-02   2.2800000e+03
   5.3824730e-02   2.2950000e+03
   4.9070161e-02   2.3100000e+03
   4.3889605e-02   2.3250000e+03
   3.8091451e-02   2.3400000e+03
   3.1607725e-02   2.3550000e+03
   2.4552938e-02   2.3700000e+03
   1.7104639e-02   2.3850000e+03
   9.3803015e-03   2.4000000e+03
   1.4833264e-03   2.4150000e+03
  -6.3622594e-03   2.4300000e+03
  -1.3784682e-02   2.4450000e+03
  -2.0381946e-02   2.4600000e+03
  -2.5857149e-02   2.4750000e+03
  -3.0068187e-02   2.4900000e+03
  -3.2991432e-02   2.5050000e+03
  -3.4657095e-02   2.5200000e+03
  -3.5125051e-02   2.5350000e+03
  -3.4522373e-02   2.5500000e+03
  -3.3069689e-02   2.5650000e+03
  -3.1012949e-02   2.5800000e+03
  -2.8508572e-02   2.5950000e+03
  -2.5599536e-02   2.6100000e+03
  -2.2309335e-02   2.6250000e+03
  -1.8726781e-02   2.6400000e+03
  -1.4987679e-02   2.6550000e+03
  -1.1207930e-02   2.6700000e+03
  -7.4575986e-03   2.6850000e+03
  -3.7768278e-03   2.7000000e+03
  -1.8777764e-04   2.7150000e+03
   3.3050305e-03   2.7300000e+03
   6.7044660e-03   2.7450000e+03
   9.9978698e-03   2.7600000e+03
   1.3140666e-02   2.7750000e+03
   1.6062416e-02   2.7900000e+03
   1.8691635e-02   2.8050000e+03
   2.0979173e-02   2.8200000e+03
   2.2905841e-02   2.8350000e+03
   2.4480844e-02   2.8500000e+03
   2.5739415e-02   2.8650000e+03
   2.6729571e-02   2.8800000e+03
   2.7480433e-02   2.8950000e+03
   2.7970865e-02   2.9100000e+03
   2.8119734e-02   2.9250000e+03
   2.7791211e-02   2.9400000e+03
   2.6799098e-02   2.9550000e+03
   2.4914661e-02   2.9700000e+03
   2.1893937e-02   2.9850000e+03
   1.7524609e-02   3.0000000e+03
   1.1675512e-02   3.0150000e+03
   4.3296181e-03   3.0300000e+03
  -4.4105737e-03   3.0450000e+03
  -1.4341168e-02   3.0600000e+03
  -2.5177643e-02   3.0750000e+03
  -3.6556270e-02   3.0900000e+03
  -4.8015375e-02   3.1050000e+03
  -5.8979195e-02   3.1200000e+03
  -6.8771183e-02   3.1350000e+03
  -7.6667875e-02   3.1500000e+03
  -8.1984967e-02   3.1650000e+03
  -8.4175743e-02   3.1800000e+03
  -8.2920730e-02   3.1950000e+03
  -7.8192316e-02   3.2100000e+03
  -7.0282705e-02   3.2250000e+03
  -5.9785914e-02   3.2400000e+03
  -4.7529653e-02   3.2550000e+03
  -3.4464892e-02   3.2700000e+03
  -2.1536835e-02   3.2850000e+03
  -9.5711946e-03   3.3000000e+03
   7.9438207e-04   3.3150000e+03
   9.1236997e-03   3.3300000e+03
   1.5155941e-02   3.3450000e+03
   1.8771067e-02   3.3600000e+03
   1.9971399e-02   3.3750000e+03
   1.8883215e-02   3.3900000e+03
   1.5763924e-02   3.4050000e+03
   1.0996514e-02   3.4200000e+03
   5.0611058e-03   3.4350000e+03
  -1.5147275e-03   3.4500000e+03
  -8.2147252e-03   3.4650000e+03
  -1.4582967e-02   3.4800000e+03
  -2.0246673e-02   3.4950000e+03
  -2.4911188e-02   3.5100000e+03
  -2.8344482e-02   3.5250000e+03
  -3.0374188e-02   3.5400000e+03
  -3.0905653e-02   3.5550000e+03
  -2.9947305e-02   3.5700000e+03
  -2.7620263e-02   3.5850000e+03
  -2.4140347e-02   3.6000000e+03
  -1.9781705e-02   3.6150000e+03
  -1.4842998e-02   3.6300000e+03
  -9.6295755e-03   3.6450000e+03
  -4.4467356e-03   3.6600000e+03
   4.1156283e-04   3.6750000e+03
   4.6868324e-03   3.6900000e+03
   8.1853392e-03   3.7050000e+03
   1.0797089e-02   3.7200000e+03
   1.2495724e-02   3.7350000e+03
   1.3322301e-02   3.7500000e+03
   1.3362828e-02   3.7650000e+03
   1.2729215e-02   3.7800000e+03
   1.1548109e-02   3.7950000e+03
   9.9539794e-03   3.8100000e+03
   8.0771847e-03   3.8250000e+03
   6.0208165e-03   3.8400000e+03
   3.8322343e-03   3.8550000e+03
   1.4861103e-03   3.8700000e+03
  -1.1050269e-03   3.8850000e+03
  -4.0488909e-03   3.9000000e+03
  -7.4106259e-03   3.9150000e+03
  -1.1148755e-02   3.9300000e+03
  -1.5072433e-02   3.9450000e+03
  -1.8838847e-02   3.9600000e+03
  -2.1997100e-02   3.9750000e+03
  -2.4065191e-02   3.9900000e+03
  -2.4611149e-02   4.0050000e+03
  -2.3311770e-02   4.0200000e+03
  -1.9983152e-02   4.0350000e+03
  -1.4598546e-02   4.0500000e+03
  -7.3095444e-03   4.0650000e+03
   1.5348973e-03   4.0800000e+03
   1.1398409e-02   4.0950000e+03
   2.1619104e-02   4.1100000e+03
   3.1515725e-02   4.1250000e+03
   4.0497806e-02   4.1400000e+03
   4.8133403e-02   4.1550000e+03
   5.4155421e-02   4.1700000e+03
   5.8426403e-02   4.1850000e+03
   6.0901757e-02   4.2000000e+03
   6.1617509e-02   4.2150000e+03
   6.0695693e-02   4.2300000e+03
   5.8338791e-02   4.2450000e+03
   5.4794259e-02   4.2600000e+03
   5.0301012e-02   4.2750000e+03
   4.5050513e-02   4.2900000e+03
   3.9184399e-02   4.3050000e+03
   3.2818250e-02   4.3200000e+03
   2.6061311e-02   4.3350000e+03
   1.9014692e-02   4.3500000e+03
   1.1761081e-02   4.3650000e+03
   4.3725278e-03   4.3800000e+03
  -3.0564447e-03   4.3950000e+03
  -1.0373607e-02   4.4100000e+03
  -1.7362591e-02   4.4250000e+03
  -2.3772528e-02   4.4400000e+03
  -2.9362157e-02   4.4550000e+03
  -3.3931676e-02   4.4700000e+03
  -3.7335832e-02   4.4850000e+03
  -3.9491858e-02   4.5000000e+03
