   3.0137248e-02   0.0000000e+00
   3.0058058e-02   1.5000000e+01
   2.9822031e-02   3.0000000e+01
   2.9435119e-02   4.5000000e+01
   2.8908052e-02   6.0000000e+01
   2.8255399e-02   7.5000000e+01
   2.7489144e-02   9.0000000e+01
   2.6616780e-02   1.0500000e+02
   2.5647033e-02   1.2000000e+02
   2.4600407e-02   1.3500000e+02
   2.3526872e-02   1.5000000e+02
   2.2524701e-02   1.6500000e+02
   2.1756241e-02   1.8000000e+02
   2.1493020e-02   1.9500000e+02
   2.2237200e-02   2.1000000e+02
   2.4945585e-02   2.2500000e+02
   3.1440292e-02   2.4000000e+02
   4.5271304e-02   2.5500000e+02
   7.3588930e-02   2.7000000e+02
   1.3097756e-01   2.8500000e+02
   2.4614897e-01   3.0000000e+02
   4.7013894e-01   3.1500000e+02
   8.7725526e-01   3.3000000e+02
   1.5372596e+00   3.4500000e+02
   2.4328868e+00   3.6000000e+02
   3.3345201e+00   3.7500000e+02
   3.7413135e+00   3.9000000e+02
   3.0725598e+00   4.0500000e+02
   1.1537153e+00   4.2000000e+02
  -1.3595583e+00   4.3500000e+02
  -3.2174520e+00   4.5000000e+02
  -3.5560167e+00   4.6500000e+02
  -2.7005079e+00   4.8000000e+02
  -1.7519689e+00   4.9500000e+02
  -1.3347256e+00   5.1000000e+02
  -1.1065223e+00   5.2500000e+02
  -6.1756957e-01   5.4000000e+02
  -1.0610608e-01   5.5500000e+02
  -2.3404431e-02   5.7000000e+02
  -2.3616742e-01   5.8500000e+02
  -2.9104039e-01   6.0000000e+02
  -1.6185904e-01   6.1500000e+02
  -1.4402385e-01   6.3000000e+02
  -2.4098070e-01   6.4500000e+02
  -2.1393660e-01   6.6000000e+02
  -6.3724607e-02   6.7500000e+02
   1.7481403e-02   6.9000000e+02
   2.0985268e-02   7.0500000e+02
   6.6555604e-02   7.2000000e+02
   1.2971453e-01   7.3500000e+02
   1.1581720e-01   7.5000000e+02
   5.2664232e-02   7.6500000e+02
   6.4750579e-03   7.8000000e+02
  -4.3147966e-02   7.9500000e+02
  -1.1738527e-01   8.1000000e+02
  -1.7085317e-01   8.2500000e+02
  -1.7798312e-01   8.4000000e+02
  -1.6426271e-01   8.5500000e+02
  -1.3562474e-01   8.7000000e+02
  -7.7207707e-02   8.8500000e+02
  -3.9169579e-03   9.0000000e+02
   6.1110303e-02   9.1500000e+02
   1.2208720e-01   9.3000000e+02
   1.8290572e-01   9.4500000e+02
   2.3015647e-01   9.6000000e+02
   2.6159567e-01   9.7500000e+02
   2.8813228e-01   9.9000000e+02
   3.0820310e-01   1.0050000e+03
   3.1236985e-01   1.0200000e+03
   2.9958200e-01   1.0350000e+03
   2.7015507e-01   1.0500000e+03
   2.2179690e-01   1.0650000e+03
   1.5981074e-01   1.0800000e+03
   9.4537422e-02   1.0950000e+03
   3.0878905e-02   1.1100000e+03
  -2.8339472e-02   1.1250000e+03
  -7.7150285e-02   1.1400000e+03
  -1.1192700e-01   1.1550000e+03
  -1.3379940e-01   1.1700000e+03
  -1.4429124e-01   1.1850000e+03
  -1.4543860e-01   1.2000000e+03
  -1.4131254e-01   1.2150000e+03
  -1.3416119e-01   1.2300000e+03
  -1.2243667e-01   1.2450000e+03
  -1.0456267e-01   1.2600000e+03
  -8.1470944e-02   1.2750000e+03
  -5.6189176e-02   1.2900000e+03
  -3.3899169e-02   1.3050000e+03
  -2.0833483e-02   1.3200000e+03
  -2.0710608e-02   1.3350000e+03
  -3.2363705e-02   1.3500000e+03
  -5.0044205e-02   1.3650000e+03
  -6.4702377e-02   1.3800000e+03
  -6.6424936e-02   1.3950000e+03
  -4.8303060e-02   1.4100000e+03
  -9.6554356e-03   1.4250000e+03
   4.2887006e-02   1.4400000e+03
   9.6490197e-02   1.4550000e+03
   1.3571163e-01   1.4700000e+03
   1.4778292e-01   1.4850000e+03
   1.2679879e-01   1.5000000e+03
   7.4870124e-02   1.5150000e+03
   6.7321316e-04   1.5300000e+03
  -8.3352834e-02   1.5450000e+03
  -1.6396342e-01   1.5600000e+03
  -2.2917370e-01   1.5750000e+03
  -2.6940510e-01   1.5900000e+03
  -2.7853712e-01   1.6050000e+03
  -2.5502446e-01   1.6200000e+03
  -2.0241371e-01   1.6350000e+03
  -1.2891029e-01   1.6500000e+03
  -4.6067614e-02   1.6650000e+03
   3.3462014e-02   1.6800000e+03
   9.8893441e-02   1.6950000e+03
   1.4387864e-01   1.7100000e+03
   1.6725324e-01   1.7250000e+03
   1.7153190e-01   1.7400000e+03
   1.6038997e-01   1.7550000e+03
   1.3710816e-01   1.7700000e+03
   1.0473976e-01   1.7850000e+03
   6.6845819e-02   1.8000000e+03
   2.7436169e-02   1.8150000e+03
  -9.6694669e-03   1.8300000e+03
  -4.0956877e-02   1.8450000e+03
  -6.2727042e-02   1.8600000e+03
  -7.1186826e-02   1.8750000e+03
  -6.3970402e-02   1.8900000e+03
  -4.2328872e-02   1.9050000e+03
  -1.2096087e-02   1.9200000e+03
   1.7887475e-02   1.9350000e+03
   3.9319731e-02   1.9500000e+03
   4.7806736e-02   1.9650000e+03
   4.4016231e-02   1.9800000e+03
   3.2151375e-02   1.9950000e+03
   1.7001871e-02   2.0100000e+03
   1.5688305e-03   2.0250000e+03
  -1.3304246e-02   2.0400000e+03
  -2.7386392e-02   2.0550000e+03
  -3.9230525e-02   2.0700000e+03
  -4.5974676e-02   2.0850000e+03
  -4.5207076e-02   2.1000000e+03
  -3.7270498e-02   2.1150000e+03
  -2.5778277e-02   2.1300000e+03
  -1.5676133e-02   2.1450000e+03
  -1.0373458e-02   2.1600000e+03
  -1.0173049e-02   2.1750000e+03
  -1.2974394e-02   2.1900000e+03
  -1.6346848e-02   2.2050000e+03
  -1.9146990e-02   2.2200000e+03
  -2.1467395e-02   2.2350000e+03
  -2.3263581e-02   2.2500000e+03
  -2.3221027e-02   2.2650000e+03
  -1.9199301e-02   2.2800000e+03
  -1.0050129e-02   2.2950000e+03
   2.8282867e-03   2.3100000e+03
   1.5766853e-02   2.3250000e+03
   2.4957607e-02   2.3400000e+03
   2.8887840e-02   2.3550000e+03
   2.9286526e-02   2.3700000e+03
   2.9978244e-02   2.3850000e+03
   3.4517888e-02   2.4000000e+03
   4.4112690e-02   2.4150000e+03
   5.6914635e-02   2.4300000e+03
   6.8843395e-02   2.4450000e+03
   7.5305425e-02   2.4600000e+03
   7.2861262e-02   2.4750000e+03
   6.0153209e-02   2.4900000e+03
   3.8009144e-02   2.5050000e+03
   9.0745315e-03   2.5200000e+03
  -2.2725509e-02   2.5350000e+03
  -5.2878387e-02   2.5500000e+03
  -7.7173047e-02   2.5650000e+03
  -9.2606157e-02   2.5800000e+03
  -9.7960226e-02   2.5950000e+03
  -9.3795478e-02   2.6100000e+03
  -8.1842408e-02   2.6250000e+03
  -6.4081475e-02   2.6400000e+03
  -4.2074375e-02   2.6550000e+03
  -1.7086463e-02   2.6700000e+03
   9.0516163e-03   2.6850000e+03
   3.3208176e-02   2.7000000e+03
   5.1369071e-02   2.7150000e+03
   6.0359634e-02   2.7300000e+03
   5.9808336e-02   2.7450000e+03
   5.2870199e-02   2.7600000e+03
   4.4973113e-02   2.7750000e+03
   4.1158453e-02   2.7900000e+03
   4.3545637e-02   2.8050000e+03
   5.0434683e-02   2.8200000e+03
   5.7495695e-02   2.8350000e+03
   6.0052153e-02   2.8500000e+03
   5.4845758e-02   2.8650000e+03
   4.0520404e-02   2.8800000e+03
   1.7507819e-02   2.8950000e+03
  -1.1628414e-02   2.9100000e+03
  -4.1506872e-02   2.9250000e+03
  -6.4285256e-02   2.9400000e+03
  -7.2111778e-02   2.9550000e+03
  -6.0909536e-02   2.9700000e+03
  -3.3245351e-02   2.9850000e+03
   1.6884219e-03   3.0000000e+03
   3.1233432e-02   3.0150000e+03
   4.4107970e-02   3.0300000e+03
   3.4799114e-02   3.0450000e+03
   5.7197618e-03   3.0600000e+03
  -3.3760879e-02   3.0750000e+03
  -7.1120188e-02   3.0900000e+03
  -9.5695779e-02   3.1050000e+03
  -1.0244247e-01   3.1200000e+03
  -9.2555419e-02   3.1350000e+03
  -7.1161002e-02   3.1500000e+03
  -4.4258390e-02   3.1650000e+03
  -1.7068077e-02   3.1800000e+03
   6.0405089e-03   3.1950000e+03
   2.1547053e-02   3.2100000e+03
   2.7715966e-02   3.2250000e+03
   2.5670167e-02   3.2400000e+03
   1.9107269e-02   3.2550000e+03
   1.2436939e-02   3.2700000e+03
   8.6850403e-03   3.2850000e+03
   8.5381744e-03   3.3000000e+03
   1.0682240e-02   3.3150000e+03
   1.2733109e-02   3.3300000e+03
   1.2206970e-02   3.3450000e+03
   7.3631033e-03   3.3600000e+03
  -2.2495247e-03   3.3750000e+03
  -1.5748840e-02   3.3900000e+03
  -3.1285111e-02   3.4050000e+03
  -4.6461076e-02   3.4200000e+03
  -5.8658011e-02   3.4350000e+03
  -6.5442421e-02   3.4500000e+03
  -6.5129504e-02   3.4650000e+03
  -5.7259008e-02   3.4800000e+03
  -4.2761352e-02   3.4950000e+03
  -2.3875663e-02   3.5100000e+03
  -3.8667307e-03   3.5250000e+03
   1.3685204e-02   3.5400000e+03
   2.6101714e-02   3.5550000e+03
   3.2738533e-02   3.5700000e+03
   3.5128776e-02   3.5850000e+03
   3.5912652e-02   3.6000000e+03
   3.7342172e-02   3.6150000e+03
   4.0368650e-02   3.6300000e+03
   4.4625897e-02   3.6450000e+03
   4.8906755e-02   3.6600000e+03
   5.1643219e-02   3.6750000e+03
   5.1228069e-02   3.6900000e+03
   4.6283364e-02   3.7050000e+03
   3.6035392e-02   3.7200000e+03
   2.0829774e-02   3.7350000e+03
   2.5440301e-03   3.7500000e+03
  -1.5561385e-02   3.7650000e+03
  -2.9814333e-02   3.7800000e+03
  -3.7580028e-02   3.7950000e+03
  -3.8380072e-02   3.8100000e+03
  -3.4029819e-02   3.8250000e+03
  -2.7747864e-02   3.8400000e+03
  -2.2711657e-02   3.8550000e+03
  -2.0718139e-02   3.8700000e+03
  -2.1550430e-02   3.8850000e+03
  -2.3383873e-02   3.9000000e+03
  -2.4027638e-02   3.9150000e+03
  -2.2232279e-02   3.9300000e+03
  -1.8235803e-02   3.9450000e+03
  -1.3361045e-02   3.9600000e+03
  -9.2374282e-03   3.9750000e+03
  -7.3096375e-03   3.9900000e+03
  -8.6714663e-03   4.0050000e+03
  -1.3753440e-02   4.0200000e+03
  -2.1699049e-02   4.0350000e+03
  -3.0029580e-02   4.0500000e+03
  -3.5368752e-02   4.0650000e+03
  -3.5142306e-02   4.0800000e+03
  -2.9121045e-02   4.0950000e+03
  -1.9624919e-02   4.1100000e+03
  -1.0274798e-02   4.1250000e+03
  -4.2727627e-03   4.1400000e+03
  -3.2880493e-03   4.1550000e+03
  -7.2637768e-03   4.1700000e+03
  -1.4770321e-02   4.1850000e+03
  -2.3479110e-02   4.2000000e+03
  -3.0668020e-02   4.2150000e+03
  -3.3880763e-02   4.2300000e+03
  -3.1743761e-02   4.2450000e+03
  -2.4633400e-02   4.2600000e+03
  -1.4682797e-02   4.2750000e+03
  -4.8433682e-03   4.2900000e+03
   2.5889806e-03   4.3050000e+03
   6.9662658e-03   4.3200000e+03
   9.0278992e-03   4.3350000e+03
   9.7047333e-03   4.3500000e+03
   9.1809090e-03   4.3650000e+03
   7.0878849e-03   4.3800000e+03
   3.5116556e-03   4.3950000e+03
  -3.0088169e-04   4.4100000e+03
  -2.3156051e-03   4.4250000e+03
  -9.7163464e-04   4.4400000e+03
   3.5648886e-03   4.4550000e+03
   9.0857968e-03   4.4700000e+03
   1.2378213e-02   4.4850000e+03
   1.1167250e-02   4.5000000e+03
