  -1.2983058e-03   0.0000000e+00
  -1.2983873e-03   1.5000000e+01
  -1.2985541e-03   3.0000000e+01
  -1.2987078e-03   4.5000000e+01
  -1.2988686e-03   6.0000000e+01
  -1.2990503e-03   7.5000000e+01
  -1.2992622e-03   9.0000000e+01
  -1.2996407e-03   1.0500000e+02
  -1.3002845e-03   1.2000000e+02
  -1.3010550e-03   1.3500000e+02
  -1.3017814e-03   1.5000000e+02
  -1.3024898e-03   1.6500000e+02
  -1.3032396e-03   1.8000000e+02
  -1.3039790e-03   1.9500000e+02
  -1.3046656e-03   2.1000000e+02
  -1.3053366e-03   2.2500000e+02
  -1.3060471e-03   2.4000000e+02
  -1.3068386e-03   2.5500000e+02
  -1.3076931e-03   2.7000000e+02
  -1.3085583e-03   2.8500000e+02
  -1.3094480e-03   3.0000000e+02
  -1.3104388e-03   3.1500000e+02
  -1.3115722e-03   3.3000000e+02
  -1.3128071e-03   3.4500000e+02
  -1.3141016e-03   3.6000000e+02
  -1.3154837e-03   3.7500000e+02
  -1.3169772e-03   3.9000000e+02
  -1.3185419e-03   4.0500000e+02
  -1.3201120e-03   4.2000000e+02
  -1.3214874e-03   4.3500000e+02
  -1.3221157e-03   4.5000000e+02
  -1.3208865e-03   4.6500000e+02
  -1.3155553e-03   4.8000000e+02
  -1.3017994e-03   4.9500000e+02
  -1.2729600e-03   5.1000000e+02
  -1.2221595e-03   5.2500000e+02
  -1.1477086e-03   5.4000000e+02
  -1.0597315e-03   5.5500000e+02
  -9.8249689e-04   5.7000000e+02
  -9.4612763e-04   5.8500000e+02
  -9.6718210e-04   6.0000000e+02
  -1.0304201e-03   6.1500000e+02
  -1.0914468e-03   6.3000000e+02
  -1.1066974e-03   6.4500000e+02
  -1.0686131e-03   6.6000000e+02
  -1.0095481e-03   6.7500000e+02
  -9.6399180e-04   6.9000000e+02
  -9.2710822e-04   7.0500000e+02
  -8.6014631e-04   7.2000000e+02
  -7.4156688e-04   7.3500000e+02
  -6.0308247e-04   7.5000000e+02
  -5.0409877e-04   7.6500000e+02
  -4.7578797e-04   7.8000000e+02
  -5.0362403e-04   7.9500000e+02
  -5.6034932e-04   8.1000000e+02
  -6.3247030e-04   8.2500000e+02
  -7.0592220e-04   8.4000000e+02
  -7.5125106e-04   8.5500000e+02
  -7.5018517e-04   8.7000000e+02
  -7.2788441e-04   8.8500000e+02
  -7.3151849e-04   9.0000000e+02
  -7.7634945e-04   9.1500000e+02
  -8.3496119e-04   9.3000000e+02
  -8.7887369e-04   9.4500000e+02
  -9.0496644e-04   9.6000000e+02
  -9.1840076e-04   9.7500000e+02
  -9.1944297e-04   9.9000000e+02
  -9.1774104e-04   1.0050000e+03
  -9.3306141e-04   1.0200000e+03
  -9.6768071e-04   1.0350000e+03
  -9.9876139e-04   1.0500000e+03
  -1.0102550e-03   1.0650000e+03
  -1.0141449e-03   1.0800000e+03
  -1.0295601e-03   1.0950000e+03
  -1.0570367e-03   1.1100000e+03
  -1.0835435e-03   1.1250000e+03
  -1.1007941e-03   1.1400000e+03
  -1.1096701e-03   1.1550000e+03
  -1.1138991e-03   1.1700000e+03
  -1.1162161e-03   1.1850000e+03
  -1.1181101e-03   1.2000000e+03
  -1.1207054e-03   1.2150000e+03
  -1.1274499e-03   1.2300000e+03
  -1.1458850e-03   1.2450000e+03
  -1.1831948e-03   1.2600000e+03
  -1.2377765e-03   1.2750000e+03
  -1.2968613e-03   1.2900000e+03
  -1.3440144e-03   1.3050000e+03
  -1.3685582e-03   1.3200000e+03
  -1.3704110e-03   1.3350000e+03
  -1.3622568e-03   1.3500000e+03
  -1.3662989e-03   1.3650000e+03
  -1.3979444e-03   1.3800000e+03
  -1.4472402e-03   1.3950000e+03
  -1.4849661e-03   1.4100000e+03
  -1.4941543e-03   1.4250000e+03
  -1.4898113e-03   1.4400000e+03
  -1.5014805e-03   1.4550000e+03
  -1.5407788e-03   1.4700000e+03
  -1.5913207e-03   1.4850000e+03
  -1.6278762e-03   1.5000000e+03
  -1.6415837e-03   1.5150000e+03
  -1.6468790e-03   1.5300000e+03
  -1.6647389e-03   1.5450000e+03
  -1.6997561e-03   1.5600000e+03
  -1.7365779e-03   1.5750000e+03
  -1.7603814e-03   1.5900000e+03
  -1.7756234e-03   1.6050000e+03
  -1.7982868e-03   1.6200000e+03
  -1.8327653e-03   1.6350000e+03
  -1.8663424e-03   1.6500000e+03
  -1.8885668e-03   1.6650000e+03
  -1.9060924e-03   1.6800000e+03
  -1.9312614e-03   1.6950000e+03
  -1.9633875e-03   1.7100000e+03
  -1.9917821e-03   1.7250000e+03
  -2.0137136e-03   1.7400000e+03
  -2.0376011e-03   1.7550000e+03
  -2.0680320e-03   1.7700000e+03
  -2.0985710e-03   1.7850000e+03
  -2.1226963e-03   1.8000000e+03
  -2.1430852e-03   1.8150000e+03
  -2.1654996e-03   1.8300000e+03
  -2.1901368e-03   1.8450000e+03
  -2.2141766e-03   1.8600000e+03
  -2.2381963e-03   1.8750000e+03
  -2.2648154e-03   1.8900000e+03
  -2.2935367e-03   1.9050000e+03
  -2.3213283e-03   1.9200000e+03
  -2.3470628e-03   1.9350000e+03
  -2.3721785e-03   1.9500000e+03
  -2.3978418e-03   1.9650000e+03
  -2.4240043e-03   1.9800000e+03
  -2.4505274e-03   1.9950000e+03
  -2.4769108e-03   2.0100000e+03
  -2.5014102e-03   2.0250000e+03
  -2.5225563e-03   2.0400000e+03
  -2.5412980e-03   2.0550000e+03
  -2.5600628e-03   2.0700000e+03
  -2.5801188e-03   2.0850000e+03
  -2.6011379e-03   2.1000000e+03
  -2.6224311e-03   2.1150000e+03
  -2.6430103e-03   2.1300000e+03
  -2.6610456e-03   2.1450000e+03
  -2.6747256e-03   2.1600000e+03
  -2.6834588e-03   2.1750000e+03
  -2.6873976e-03   2.1900000e+03
  -2.6864205e-03   2.2050000e+03
  -2.6806898e-03   2.2200000e+03
  -2.6716553e-03   2.2350000e+03
  -2.6607858e-03   2.2500000e+03
  -2.6467305e-03   2.2650000e+03
  -2.6246419e-03   2.2800000e+03
  -2.5886844e-03   2.2950000e+03
  -2.5346195e-03   2.3100000e+03
  -2.4597626e-03   2.3250000e+03
  -2.3612261e-03   2.3400000e+03
  -2.2349085e-03   2.3550000e+03
  -2.0760978e-03   2.3700000e+03
  -1.8804969e-03   2.3850000e+03
  -1.6439186e-03   2.4000000e+03
  -1.3602038e-03   2.4150000e+03
  -1.0190337e-03   2.4300000e+03
  -6.0561922e-04   2.4450000e+03
  -1.0194185e-04   2.4600000e+03
   5.1274383e-04   2.4750000e+03
   1.2634111e-03   2.4900000e+03
   2.1814615e-03   2.5050000e+03
   3.3060422e-03   2.5200000e+03
   4.6851565e-03   2.5350000e+03
   6.3785082e-03   2.5500000e+03
   8.4622568e-03   2.5650000e+03
   1.1033574e-02   2.5800000e+03
   1.4213255e-02   2.5950000e+03
   1.8147096e-02   2.6100000e+03
   2.3007367e-02   2.6250000e+03
   2.8993329e-02   2.6400000e+03
   3.6327999e-02   2.6550000e+03
   4.5249421e-02   2.6700000e+03
   5.5997096e-02   2.6850000e+03
   6.8794720e-02   2.7000000e+03
   8.3828285e-02   2.7150000e+03
   1.0121638e-01   2.7300000e+03
   1.2096924e-01   2.7450000e+03
   1.4293504e-01   2.7600000e+03
   1.6673584e-01   2.7750000e+03
   1.9170026e-01   2.7900000e+03
   2.1680452e-01   2.8050000e+03
   2.4063979e-01   2.8200000e+03
   2.6142955e-01   2.8350000e+03
   2.7712417e-01   2.8500000e+03
   2.8559241e-01   2.8650000e+03
   2.8490847e-01   2.8800000e+03
   2.7369824e-01   2.8950000e+03
   2.5147414e-01   2.9100000e+03
   2.1886683e-01   2.9250000e+03
   1.7767119e-01   2.9400000e+03
   1.3066560e-01   2.9550000e+03
   8.1228971e-02   2.9700000e+03
   3.2843608e-02   2.9850000e+03
  -1.1393595e-02   3.0000000e+03
  -4.9136955e-02   3.0150000e+03
  -7.8967102e-02   3.0300000e+03
  -1.0037307e-01   3.0450000e+03
  -1.1359631e-01   3.0600000e+03
  -1.1941902e-01   3.0750000e+03
  -1.1896886e-01   3.0900000e+03
  -1.1357489e-01   3.1050000e+03
  -1.0466792e-01   3.1200000e+03
  -9.3695752e-02   3.1350000e+03
  -8.2025900e-02   3.1500000e+03
  -7.0828170e-02   3.1650000e+03
  -6.0952716e-02   3.1800000e+03
  -5.2834079e-02   3.1950000e+03
  -4.6454713e-02   3.2100000e+03
  -4.1392367e-02   3.2250000e+03
  -3.6955129e-02   3.2400000e+03
  -3.2379225e-02   3.2550000e+03
  -2.7038947e-02   3.2700000e+03
  -2.0610835e-02   3.2850000e+03
  -1.3152440e-02   3.3000000e+03
  -5.0856392e-03   3.3150000e+03
   2.9041655e-03   3.3300000e+03
   1.0033641e-02   3.3450000e+03
   1.5623402e-02   3.3600000e+03
   1.9287165e-02   3.3750000e+03
   2.1042146e-02   3.3900000e+03
   2.1287668e-02   3.4050000e+03
   2.0649102e-02   3.4200000e+03
   1.9746022e-02   3.4350000e+03
   1.8980734e-02   3.4500000e+03
   1.8434908e-02   3.4650000e+03
   1.7912319e-02   3.4800000e+03
   1.7095916e-02   3.4950000e+03
   1.5730286e-02   3.5100000e+03
   1.3729122e-02   3.5250000e+03
   1.1157241e-02   3.5400000e+03
   8.1238803e-03   3.5550000e+03
   4.6877302e-03   3.5700000e+03
   8.5899077e-04   3.5850000e+03
  -3.3060838e-03   3.6000000e+03
  -7.6118917e-03   3.6150000e+03
  -1.1729493e-02   3.6300000e+03
  -1.5312487e-02   3.6450000e+03
  -1.8137967e-02   3.6600000e+03
  -2.0175206e-02   3.6750000e+03
  -2.1556713e-02   3.6900000e+03
  -2.2501174e-02   3.7050000e+03
  -2.3246657e-02   3.7200000e+03
  -2.4010375e-02   3.7350000e+03
  -2.4959046e-02   3.7500000e+03
  -2.6180575e-02   3.7650000e+03
  -2.7668118e-02   3.7800000e+03
  -2.9329475e-02   3.7950000e+03
  -3.1019296e-02   3.8100000e+03
  -3.2580703e-02   3.8250000e+03
  -3.3884611e-02   3.8400000e+03
  -3.4858245e-02   3.8550000e+03
  -3.5491336e-02   3.8700000e+03
  -3.5809562e-02   3.8850000e+03
  -3.5821639e-02   3.9000000e+03
  -3.5470195e-02   3.9150000e+03
  -3.4621950e-02   3.9300000e+03
  -3.3108771e-02   3.9450000e+03
  -3.0797012e-02   3.9600000e+03
  -2.7648628e-02   3.9750000e+03
  -2.3750160e-02   3.9900000e+03
  -1.9305332e-02   4.0050000e+03
  -1.4596011e-02   4.0200000e+03
  -9.9203633e-03   4.0350000e+03
  -5.5279373e-03   4.0500000e+03
  -1.5814119e-03   4.0650000e+03
   1.8363959e-03   4.0800000e+03
   4.6859919e-03   4.0950000e+03
   6.9462704e-03   4.1100000e+03
   8.6278254e-03   4.1250000e+03
   9.8075410e-03   4.1400000e+03
   1.0642364e-02   4.1550000e+03
   1.1344003e-02   4.1700000e+03
   1.2143357e-02   4.1850000e+03
   1.3286645e-02   4.2000000e+03
   1.5062250e-02   4.2150000e+03
   1.7800925e-02   4.2300000e+03
   2.1788001e-02   4.2450000e+03
   2.7092915e-02   4.2600000e+03
   3.3404492e-02   4.2750000e+03
   3.9983537e-02   4.2900000e+03
   4.5783076e-02   4.3050000e+03
   4.9693182e-02   4.3200000e+03
   5.0815996e-02   4.3350000e+03
   4.8689920e-02   4.3500000e+03
   4.3419197e-02   4.3650000e+03
   3.5682492e-02   4.3800000e+03
   2.6600441e-02   4.3950000e+03
   1.7475529e-02   4.4100000e+03
   9.4786128e-03   4.4250000e+03
   3.3924617e-03   4.4400000e+03
  -5.0635973e-04   4.4550000e+03
  -2.4148673e-03   4.4700000e+03
  -2.8584327e-03   4.4850000e+03
  -2.4835244e-03   4.5000000e+03
