  -1.0690098e-03   0.0000000e+00
  -1.0690697e-03   1.5000000e+01
  -1.0691955e-03   3.0000000e+01
  -1.0693142e-03   4.5000000e+01
  -1.0694348e-03   6.0000000e+01
  -1.0695590e-03   7.5000000e+01
  -1.0696925e-03   9.0000000e+01
  -1.0699338e-03   1.0500000e+02
  -1.0703579e-03   1.2000000e+02
  -1.0708714e-03   1.3500000e+02
  -1.0713546e-03   1.5000000e+02
  -1.0718195e-03   1.6500000e+02
  -1.0722980e-03   1.8000000e+02
  -1.0727511e-03   1.9500000e+02
  -1.0731583e-03   2.1000000e+02
  -1.0735488e-03   2.2500000e+02
  -1.0739702e-03   2.4000000e+02
  -1.0744660e-03   2.5500000e+02
  -1.0750241e-03   2.7000000e+02
  -1.0755977e-03   2.8500000e+02
  -1.0761723e-03   3.0000000e+02
  -1.0767829e-03   3.1500000e+02
  -1.0774706e-03   3.3000000e+02
  -1.0782215e-03   3.4500000e+02
  -1.0790054e-03   3.6000000e+02
  -1.0798490e-03   3.7500000e+02
  -1.0807705e-03   3.9000000e+02
  -1.0817386e-03   4.0500000e+02
  -1.0827036e-03   4.2000000e+02
  -1.0835074e-03   4.3500000e+02
  -1.0836818e-03   4.5000000e+02
  -1.0821946e-03   4.6500000e+02
  -1.0769138e-03   4.8000000e+02
  -1.0637798e-03   4.9500000e+02
  -1.0365972e-03   5.1000000e+02
  -9.8897843e-04   5.2500000e+02
  -9.1926300e-04   5.4000000e+02
  -8.3664816e-04   5.5500000e+02
  -7.6346990e-04   5.7000000e+02
  -7.2761520e-04   5.8500000e+02
  -7.4462511e-04   6.0000000e+02
  -8.0076983e-04   6.1500000e+02
  -8.5531623e-04   6.3000000e+02
  -8.6816738e-04   6.4500000e+02
  -8.3244924e-04   6.6000000e+02
  -7.7833695e-04   6.7500000e+02
  -7.3839194e-04   6.9000000e+02
  -7.0924044e-04   7.0500000e+02
  -6.5595680e-04   7.2000000e+02
  -5.5818557e-04   7.3500000e+02
  -4.4271760e-04   7.5000000e+02
  -3.6051797e-04   7.6500000e+02
  -3.3711162e-04   7.8000000e+02
  -3.5849938e-04   7.9500000e+02
  -4.0192986e-04   8.1000000e+02
  -4.5874566e-04   8.2500000e+02
  -5.1901961e-04   8.4000000e+02
  -5.5682287e-04   8.5500000e+02
  -5.5496511e-04   8.7000000e+02
  -5.3517788e-04   8.8500000e+02
  -5.3856045e-04   9.0000000e+02
  -5.7681662e-04   9.1500000e+02
  -6.2430999e-04   9.3000000e+02
  -6.5736275e-04   9.4500000e+02
  -6.7652547e-04   9.6000000e+02
  -6.8762648e-04   9.7500000e+02
  -6.8901200e-04   9.9000000e+02
  -6.8692787e-04   1.0050000e+03
  -6.9822889e-04   1.0200000e+03
  -7.2533789e-04   1.0350000e+03
  -7.4893294e-04   1.0500000e+03
  -7.5615285e-04   1.0650000e+03
  -7.5801997e-04   1.0800000e+03
  -7.6985068e-04   1.0950000e+03
  -7.9045247e-04   1.1100000e+03
  -8.0915069e-04   1.1250000e+03
  -8.2088489e-04   1.1400000e+03
  -8.2703040e-04   1.1550000e+03
  -8.2944677e-04   1.1700000e+03
  -8.2936836e-04   1.1850000e+03
  -8.2843576e-04   1.2000000e+03
  -8.2834333e-04   1.2150000e+03
  -8.3168020e-04   1.2300000e+03
  -8.4365573e-04   1.2450000e+03
  -8.6979463e-04   1.2600000e+03
  -9.0943964e-04   1.2750000e+03
  -9.5280528e-04   1.2900000e+03
  -9.8654465e-04   1.3050000e+03
  -1.0020885e-03   1.3200000e+03
  -9.9985837e-04   1.3350000e+03
  -9.9017902e-04   1.3500000e+03
  -9.9028822e-04   1.3650000e+03
  -1.0120531e-03   1.3800000e+03
  -1.0476970e-03   1.3950000e+03
  -1.0742757e-03   1.4100000e+03
  -1.0782847e-03   1.4250000e+03
  -1.0713381e-03   1.4400000e+03
  -1.0765392e-03   1.4550000e+03
  -1.1030162e-03   1.4700000e+03
  -1.1381543e-03   1.4850000e+03
  -1.1625182e-03   1.5000000e+03
  -1.1692459e-03   1.5150000e+03
  -1.1693983e-03   1.5300000e+03
  -1.1790991e-03   1.5450000e+03
  -1.2017646e-03   1.5600000e+03
  -1.2253629e-03   1.5750000e+03
  -1.2384622e-03   1.5900000e+03
  -1.2447780e-03   1.6050000e+03
  -1.2568601e-03   1.6200000e+03
  -1.2780047e-03   1.6350000e+03
  -1.2981381e-03   1.6500000e+03
  -1.3090313e-03   1.6650000e+03
  -1.3158245e-03   1.6800000e+03
  -1.3280945e-03   1.6950000e+03
  -1.3453474e-03   1.7100000e+03
  -1.3594148e-03   1.7250000e+03
  -1.3683677e-03   1.7400000e+03
  -1.3788586e-03   1.7550000e+03
  -1.3943688e-03   1.7700000e+03
  -1.4097112e-03   1.7850000e+03
  -1.4197985e-03   1.8000000e+03
  -1.4269383e-03   1.8150000e+03
  -1.4358164e-03   1.8300000e+03
  -1.4465165e-03   1.8450000e+03
  -1.4565558e-03   1.8600000e+03
  -1.4661433e-03   1.8750000e+03
  -1.4772881e-03   1.8900000e+03
  -1.4897492e-03   1.9050000e+03
  -1.5013515e-03   1.9200000e+03
  -1.5113199e-03   1.9350000e+03
  -1.5207323e-03   1.9500000e+03
  -1.5303642e-03   1.9650000e+03
  -1.5400571e-03   1.9800000e+03
  -1.5496515e-03   1.9950000e+03
  -1.5588294e-03   2.0100000e+03
  -1.5664542e-03   2.0250000e+03
  -1.5716430e-03   2.0400000e+03
  -1.5752430e-03   2.0550000e+03
  -1.5790269e-03   2.0700000e+03
  -1.5838164e-03   2.0850000e+03
  -1.5893995e-03   2.1000000e+03
  -1.5955812e-03   2.1150000e+03
  -1.6021179e-03   2.1300000e+03
  -1.6081083e-03   2.1450000e+03
  -1.6125278e-03   2.1600000e+03
  -1.6151579e-03   2.1750000e+03
  -1.6163317e-03   2.1900000e+03
  -1.6161362e-03   2.2050000e+03
  -1.6146962e-03   2.2200000e+03
  -1.6129308e-03   2.2350000e+03
  -1.6119851e-03   2.2500000e+03
  -1.6116629e-03   2.2650000e+03
  -1.6100623e-03   2.2800000e+03
  -1.6050393e-03   2.2950000e+03
  -1.5955733e-03   2.3100000e+03
  -1.5815599e-03   2.3250000e+03
  -1.5627975e-03   2.3400000e+03
  -1.5386284e-03   2.3550000e+03
  -1.5084739e-03   2.3700000e+03
  -1.4724798e-03   2.3850000e+03
  -1.4314444e-03   2.4000000e+03
  -1.3859320e-03   2.4150000e+03
  -1.3354757e-03   2.4300000e+03
  -1.2787501e-03   2.4450000e+03
  -1.2143753e-03   2.4600000e+03
  -1.1412416e-03   2.4750000e+03
  -1.0580226e-03   2.4900000e+03
  -9.6271210e-04   2.5050000e+03
  -8.5290521e-04   2.5200000e+03
  -7.2638149e-04   2.5350000e+03
  -5.8105722e-04   2.5500000e+03
  -4.1428686e-04   2.5650000e+03
  -2.2246181e-04   2.5800000e+03
  -1.4853413e-06   2.5950000e+03
   2.5247864e-04   2.6100000e+03
   5.4291711e-04   2.6250000e+03
   8.7354035e-04   2.6400000e+03
   1.2486984e-03   2.6550000e+03
   1.6732686e-03   2.6700000e+03
   2.1525875e-03   2.6850000e+03
   2.6930775e-03   2.7000000e+03
   3.3034803e-03   2.7150000e+03
   3.9959596e-03   2.7300000e+03
   4.7863750e-03   2.7450000e+03
   5.6935684e-03   2.7600000e+03
   6.7383614e-03   2.7750000e+03
   7.9432530e-03   2.7900000e+03
   9.3331803e-03   2.8050000e+03
   1.0936762e-02   2.8200000e+03
   1.2787086e-02   2.8350000e+03
   1.4921682e-02   2.8500000e+03
   1.7381983e-02   2.8650000e+03
   2.0212444e-02   2.8800000e+03
   2.3458783e-02   2.8950000e+03
   2.7164696e-02   2.9100000e+03
   3.1367164e-02   2.9250000e+03
   3.6091346e-02   2.9400000e+03
   4.1346379e-02   2.9550000e+03
   4.7122892e-02   2.9700000e+03
   5.3392079e-02   2.9850000e+03
   6.0106147e-02   3.0000000e+03
   6.7200102e-02   3.0150000e+03
   7.4595302e-02   3.0300000e+03
   8.2204357e-02   3.0450000e+03
   8.9935422e-02   3.0600000e+03
   9.7693145e-02   3.0750000e+03
   1.0537492e-01   3.0900000e+03
   1.1286423e-01   3.1050000e+03
   1.2002458e-01   3.1200000e+03
   1.2669706e-01   3.1350000e+03
   1.3270244e-01   3.1500000e+03
   1.3784824e-01   3.1650000e+03
   1.4194131e-01   3.1800000e+03
   1.4480500e-01   3.1950000e+03
   1.4629853e-01   3.2100000e+03
   1.4633401e-01   3.2250000e+03
   1.4488652e-01   3.2400000e+03
   1.4199555e-01   3.2550000e+03
   1.3775891e-01   3.2700000e+03
   1.3232219e-01   3.2850000e+03
   1.2586708e-01   3.3000000e+03
   1.1860086e-01   3.3150000e+03
   1.1074853e-01   3.3300000e+03
   1.0254742e-01   3.3450000e+03
   9.4241738e-02   3.3600000e+03
   8.6073063e-02   3.3750000e+03
   7.8263566e-02   3.3900000e+03
   7.0993476e-02   3.4050000e+03
   6.4380169e-02   3.4200000e+03
   5.8468632e-02   3.4350000e+03
   5.3239923e-02   3.4500000e+03
   4.8636388e-02   3.4650000e+03
   4.4594605e-02   3.4800000e+03
   4.1073430e-02   3.4950000e+03
   3.8066752e-02   3.5100000e+03
   3.5597388e-02   3.5250000e+03
   3.3697069e-02   3.5400000e+03
   3.2383375e-02   3.5550000e+03
   3.1644352e-02   3.5700000e+03
   3.1435035e-02   3.5850000e+03
   3.1682365e-02   3.6000000e+03
   3.2291934e-02   3.6150000e+03
   3.3153597e-02   3.6300000e+03
   3.4148194e-02   3.6450000e+03
   3.5157997e-02   3.6600000e+03
   3.6078565e-02   3.6750000e+03
   3.6825456e-02   3.6900000e+03
   3.7331346e-02   3.7050000e+03
   3.7535977e-02   3.7200000e+03
   3.7376616e-02   3.7350000e+03
   3.6787074e-02   3.7500000e+03
   3.5708331e-02   3.7650000e+03
   3.4106720e-02   3.7800000e+03
   3.1989139e-02   3.7950000e+03
   2.9403318e-02   3.8100000e+03
   2.6418786e-02   3.8250000e+03
   2.3098171e-02   3.8400000e+03
   1.9477699e-02   3.8550000e+03
   1.5570062e-02   3.8700000e+03
   1.1385150e-02   3.8850000e+03
   6.9505642e-03   3.9000000e+03
   2.3168679e-03   3.9150000e+03
  -2.4518624e-03   3.9300000e+03
  -7.2895698e-03   3.9450000e+03
  -1.2131660e-02   3.9600000e+03
  -1.6911896e-02   3.9750000e+03
  -2.1562053e-02   3.9900000e+03
  -2.6019914e-02   4.0050000e+03
  -3.0241288e-02   4.0200000e+03
  -3.4206092e-02   4.0350000e+03
  -3.7912127e-02   4.0500000e+03
  -4.1359331e-02   4.0650000e+03
  -4.4533644e-02   4.0800000e+03
  -4.7399178e-02   4.0950000e+03
  -4.9901664e-02   4.1100000e+03
  -5.1980589e-02   4.1250000e+03
  -5.3584740e-02   4.1400000e+03
  -5.4685529e-02   4.1550000e+03
  -5.5282854e-02   4.1700000e+03
  -5.5399794e-02   4.1850000e+03
  -5.5066865e-02   4.2000000e+03
  -5.4302905e-02   4.2150000e+03
  -5.3104315e-02   4.2300000e+03
  -5.1452186e-02   4.2450000e+03
  -4.9337894e-02   4.2600000e+03
  -4.6796538e-02   4.2750000e+03
  -4.3932237e-02   4.2900000e+03
  -4.0922694e-02   4.3050000e+03
  -3.7999216e-02   4.3200000e+03
  -3.5406772e-02   4.3350000e+03
  -3.3352990e-02   4.3500000e+03
  -3.1957947e-02   4.3650000e+03
  -3.1219920e-02   4.3800000e+03
  -3.1012684e-02   4.3950000e+03
  -3.1122243e-02   4.4100000e+03
  -3.1314466e-02   4.4250000e+03
  -3.1408895e-02   4.4400000e+03
  -3.1329624e-02   4.4550000e+03
  -3.1115698e-02   4.4700000e+03
  -3.0893629e-02   4.4850000e+03
  -3.0829759e-02   4.5000000e+03
