  -1.2248227e-03   0.0000000e+00
  -1.2248947e-03   1.5000000e+01
  -1.2250456e-03   3.0000000e+01
  -1.2251894e-03   4.5000000e+01
  -1.2253311e-03   6.0000000e+01
  -1.2254692e-03   7.5000000e+01
  -1.2256070e-03   9.0000000e+01
  -1.2258560e-03   1.0500000e+02
  -1.2263075e-03   1.2000000e+02
  -1.2268549e-03   1.3500000e+02
  -1.2273621e-03   1.5000000e+02
  -1.2278424e-03   1.6500000e+02
  -1.2283308e-03   1.8000000e+02
  -1.2287733e-03   1.9500000e+02
  -1.2291463e-03   2.1000000e+02
  -1.2294982e-03   2.2500000e+02
  -1.2298978e-03   2.4000000e+02
  -1.2303992e-03   2.5500000e+02
  -1.2309891e-03   2.7000000e+02
  -1.2315979e-03   2.8500000e+02
  -1.2321994e-03   3.0000000e+02
  -1.2328235e-03   3.1500000e+02
  -1.2335022e-03   3.3000000e+02
  -1.2342352e-03   3.4500000e+02
  -1.2350080e-03   3.6000000e+02
  -1.2358517e-03   3.7500000e+02
  -1.2367861e-03   3.9000000e+02
  -1.2377634e-03   4.0500000e+02
  -1.2387492e-03   4.2000000e+02
  -1.2395704e-03   4.3500000e+02
  -1.2396759e-03   4.5000000e+02
  -1.2378719e-03   4.6500000e+02
  -1.2316763e-03   4.8000000e+02
  -1.2163970e-03   4.9500000e+02
  -1.1848710e-03   5.1000000e+02
  -1.1297017e-03   5.2500000e+02
  -1.0489669e-03   5.4000000e+02
  -9.5329870e-04   5.5500000e+02
  -8.6850533e-04   5.7000000e+02
  -8.2682795e-04   5.8500000e+02
  -8.4623683e-04   6.0000000e+02
  -9.1089326e-04   6.1500000e+02
  -9.7379263e-04   6.3000000e+02
  -9.8868448e-04   6.4500000e+02
  -9.4773894e-04   6.6000000e+02
  -8.8598375e-04   6.7500000e+02
  -8.4124116e-04   6.9000000e+02
  -8.0983434e-04   7.0500000e+02
  -7.5158232e-04   7.2000000e+02
  -6.4282818e-04   7.3500000e+02
  -5.1385234e-04   7.5000000e+02
  -4.2247947e-04   7.6500000e+02
  -3.9724109e-04   7.8000000e+02
  -4.2168653e-04   7.9500000e+02
  -4.7010390e-04   8.1000000e+02
  -5.3355849e-04   8.2500000e+02
  -6.0154696e-04   8.4000000e+02
  -6.4460229e-04   8.5500000e+02
  -6.4282573e-04   8.7000000e+02
  -6.2082597e-04   8.8500000e+02
  -6.2527554e-04   9.0000000e+02
  -6.6899008e-04   9.1500000e+02
  -7.2232250e-04   9.3000000e+02
  -7.5868634e-04   9.4500000e+02
  -7.7965425e-04   9.6000000e+02
  -7.9227315e-04   9.7500000e+02
  -7.9416594e-04   9.9000000e+02
  -7.9182989e-04   1.0050000e+03
  -8.0432877e-04   1.0200000e+03
  -8.3460263e-04   1.0350000e+03
  -8.6090504e-04   1.0500000e+03
  -8.6890190e-04   1.0650000e+03
  -8.7122741e-04   1.0800000e+03
  -8.8487891e-04   1.0950000e+03
  -9.0803386e-04   1.1100000e+03
  -9.2873594e-04   1.1250000e+03
  -9.4183709e-04   1.1400000e+03
  -9.4912353e-04   1.1550000e+03
  -9.5240970e-04   1.1700000e+03
  -9.5286389e-04   1.1850000e+03
  -9.5250941e-04   1.2000000e+03
  -9.5346838e-04   1.2150000e+03
  -9.5846324e-04   1.2300000e+03
  -9.7289210e-04   1.2450000e+03
  -1.0027235e-03   1.2600000e+03
  -1.0473974e-03   1.2750000e+03
  -1.0962562e-03   1.2900000e+03
  -1.1345743e-03   1.3050000e+03
  -1.1529444e-03   1.3200000e+03
  -1.1519570e-03   1.3350000e+03
  -1.1429832e-03   1.3500000e+03
  -1.1448401e-03   1.3650000e+03
  -1.1705012e-03   1.3800000e+03
  -1.2114907e-03   1.3950000e+03
  -1.2426762e-03   1.4100000e+03
  -1.2492543e-03   1.4250000e+03
  -1.2439569e-03   1.4400000e+03
  -1.2520197e-03   1.4550000e+03
  -1.2833256e-03   1.4700000e+03
  -1.3240955e-03   1.4850000e+03
  -1.3532138e-03   1.5000000e+03
  -1.3632568e-03   1.5150000e+03
  -1.3662541e-03   1.5300000e+03
  -1.3797489e-03   1.5450000e+03
  -1.4074822e-03   1.5600000e+03
  -1.4363526e-03   1.5750000e+03
  -1.4538945e-03   1.5900000e+03
  -1.4641384e-03   1.6050000e+03
  -1.4807790e-03   1.6200000e+03
  -1.5074466e-03   1.6350000e+03
  -1.5331878e-03   1.6500000e+03
  -1.5490372e-03   1.6650000e+03
  -1.5605522e-03   1.6800000e+03
  -1.5781237e-03   1.6950000e+03
  -1.6012060e-03   1.7100000e+03
  -1.6209285e-03   1.7250000e+03
  -1.6352603e-03   1.7400000e+03
  -1.6515380e-03   1.7550000e+03
  -1.6736097e-03   1.7700000e+03
  -1.6958317e-03   1.7850000e+03
  -1.7126488e-03   1.8000000e+03
  -1.7265716e-03   1.8150000e+03
  -1.7426936e-03   1.8300000e+03
  -1.7610415e-03   1.8450000e+03
  -1.7788064e-03   1.8600000e+03
  -1.7961367e-03   1.8750000e+03
  -1.8152260e-03   1.8900000e+03
  -1.8359108e-03   1.9050000e+03
  -1.8559687e-03   1.9200000e+03
  -1.8746852e-03   1.9350000e+03
  -1.8933162e-03   1.9500000e+03
  -1.9127422e-03   1.9650000e+03
  -1.9328044e-03   1.9800000e+03
  -1.9533494e-03   1.9950000e+03
  -1.9740411e-03   2.0100000e+03
  -1.9936236e-03   2.0250000e+03
  -2.0111168e-03   2.0400000e+03
  -2.0274695e-03   2.0550000e+03
  -2.0446947e-03   2.0700000e+03
  -2.0638099e-03   2.0850000e+03
  -2.0846913e-03   2.1000000e+03
  -2.1071651e-03   2.1150000e+03
  -2.1309268e-03   2.1300000e+03
  -2.1549258e-03   2.1450000e+03
  -2.1780266e-03   2.1600000e+03
  -2.2000605e-03   2.1750000e+03
  -2.2214977e-03   2.1900000e+03
  -2.2425556e-03   2.2050000e+03
  -2.2635201e-03   2.2200000e+03
  -2.2855818e-03   2.2350000e+03
  -2.3101766e-03   2.2500000e+03
  -2.3372101e-03   2.2650000e+03
  -2.3646674e-03   2.2800000e+03
  -2.3902655e-03   2.2950000e+03
  -2.4129937e-03   2.3100000e+03
  -2.4328690e-03   2.3250000e+03
  -2.4498338e-03   2.3400000e+03
  -2.4633857e-03   2.3550000e+03
  -2.4731695e-03   2.3700000e+03
  -2.4796429e-03   2.3850000e+03
  -2.4839626e-03   2.4000000e+03
  -2.4870394e-03   2.4150000e+03
  -2.4886806e-03   2.4300000e+03
  -2.4877614e-03   2.4450000e+03
  -2.4830692e-03   2.4600000e+03
  -2.4736274e-03   2.4750000e+03
  -2.4581912e-03   2.4900000e+03
  -2.4348216e-03   2.5050000e+03
  -2.4012150e-03   2.5200000e+03
  -2.3553029e-03   2.5350000e+03
  -2.2951302e-03   2.5500000e+03
  -2.2180711e-03   2.5650000e+03
  -2.1204369e-03   2.5800000e+03
  -1.9980618e-03   2.5950000e+03
  -1.8470683e-03   2.6100000e+03
  -1.6637201e-03   2.6250000e+03
  -1.4434532e-03   2.6400000e+03
  -1.1801159e-03   2.6550000e+03
  -8.6583989e-04   2.6700000e+03
  -4.9092784e-04   2.6850000e+03
  -4.3048887e-05   2.7000000e+03
   4.9412699e-04   2.7150000e+03
   1.1421220e-03   2.7300000e+03
   1.9281328e-03   2.7450000e+03
   2.8849267e-03   2.7600000e+03
   4.0509948e-03   2.7750000e+03
   5.4719872e-03   2.7900000e+03
   7.2037955e-03   2.8050000e+03
   9.3164798e-03   2.8200000e+03
   1.1897746e-02   2.8350000e+03
   1.5055263e-02   2.8500000e+03
   1.8917747e-02   2.8650000e+03
   2.3634424e-02   2.8800000e+03
   2.9371463e-02   2.8950000e+03
   3.6303535e-02   2.9100000e+03
   4.4599399e-02   2.9250000e+03
   5.4401867e-02   2.9400000e+03
   6.5803409e-02   2.9550000e+03
   7.8818940e-02   2.9700000e+03
   9.3358092e-02   2.9850000e+03
   1.0920048e-01   3.0000000e+03
   1.2597908e-01   3.0150000e+03
   1.4317663e-01   3.0300000e+03
   1.6013765e-01   3.0450000e+03
   1.7609443e-01   3.0600000e+03
   1.9020207e-01   3.0750000e+03
   2.0157926e-01   3.0900000e+03
   2.0935538e-01   3.1050000e+03
   2.1272986e-01   3.1200000e+03
   2.1104792e-01   3.1350000e+03
   2.0389241e-01   3.1500000e+03
   1.9118048e-01   3.1650000e+03
   1.7324404e-01   3.1800000e+03
   1.5086523e-01   3.1950000e+03
   1.2523955e-01   3.2100000e+03
   9.7855955e-02   3.2250000e+03
   7.0308603e-02   3.2400000e+03
   4.4083286e-02   3.2550000e+03
   2.0374082e-02   3.2700000e+03
  -2.3239954e-05   3.2850000e+03
  -1.6723145e-02   3.3000000e+03
  -2.9683556e-02   3.3150000e+03
  -3.9100062e-02   3.3300000e+03
  -4.5304708e-02   3.3450000e+03
  -4.8698939e-02   3.3600000e+03
  -4.9726896e-02   3.3750000e+03
  -4.8873715e-02   3.3900000e+03
  -4.6662405e-02   3.4050000e+03
  -4.3626029e-02   3.4200000e+03
  -4.0248092e-02   3.4350000e+03
  -3.6885329e-02   3.4500000e+03
  -3.3703115e-02   3.4650000e+03
  -3.0655768e-02   3.4800000e+03
  -2.7530441e-02   3.4950000e+03
  -2.4049327e-02   3.5100000e+03
  -2.0000001e-02   3.5250000e+03
  -1.5347114e-02   3.5400000e+03
  -1.0278871e-02   3.5550000e+03
  -5.1635024e-03   3.5700000e+03
  -4.2865367e-04   3.5850000e+03
   3.5865272e-03   3.6000000e+03
   6.7422660e-03   3.6150000e+03
   9.1249729e-03   3.6300000e+03
   1.0982226e-02   3.6450000e+03
   1.2597797e-02   3.6600000e+03
   1.4160887e-02   3.6750000e+03
   1.5682997e-02   3.6900000e+03
   1.6994867e-02   3.7050000e+03
   1.7821578e-02   3.7200000e+03
   1.7899292e-02   3.7350000e+03
   1.7080439e-02   3.7500000e+03
   1.5385552e-02   3.7650000e+03
   1.2990048e-02   3.7800000e+03
   1.0161309e-02   3.7950000e+03
   7.1730516e-03   3.8100000e+03
   4.2253588e-03   3.8250000e+03
   1.3977156e-03   3.8400000e+03
  -1.3462532e-03   3.8550000e+03
  -4.1082813e-03   3.8700000e+03
  -6.9950968e-03   3.8850000e+03
  -1.0091742e-02   3.9000000e+03
  -1.3482917e-02   3.9150000e+03
  -1.7292827e-02   3.9300000e+03
  -2.1695530e-02   3.9450000e+03
  -2.6871283e-02   3.9600000e+03
  -3.2926623e-02   3.9750000e+03
  -3.9819755e-02   3.9900000e+03
  -4.7323801e-02   4.0050000e+03
  -5.5034790e-02   4.0200000e+03
  -6.2414136e-02   4.0350000e+03
  -6.8853959e-02   4.0500000e+03
  -7.3757917e-02   4.0650000e+03
  -7.6626562e-02   4.0800000e+03
  -7.7126756e-02   4.0950000e+03
  -7.5122505e-02   4.1100000e+03
  -7.0659257e-02   4.1250000e+03
  -6.3918650e-02   4.1400000e+03
  -5.5175688e-02   4.1550000e+03
  -4.4782892e-02   4.1700000e+03
  -3.3181708e-02   4.1850000e+03
  -2.0919945e-02   4.2000000e+03
  -8.6503597e-03   4.2150000e+03
   2.9028710e-03   4.2300000e+03
   1.3009805e-02   4.2450000e+03
   2.1024788e-02   4.2600000e+03
   2.6488269e-02   4.2750000e+03
   2.9218977e-02   4.2900000e+03
   2.9367035e-02   4.3050000e+03
   2.7403113e-02   4.3200000e+03
   2.4040373e-02   4.3350000e+03
   2.0111937e-02   4.3500000e+03
   1.6436722e-02   4.3650000e+03
   1.3695174e-02   4.3800000e+03
   1.2319751e-02   4.3950000e+03
   1.2403893e-02   4.4100000e+03
   1.3650503e-02   4.4250000e+03
   1.5397246e-02   4.4400000e+03
   1.6747788e-02   4.4550000e+03
   1.6800437e-02   4.4700000e+03
   1.4917057e-02   4.4850000e+03
   1.0944514e-02   4.5000000e+03
