  -5.9392331e-03   0.0000000e+00
  -5.9390683e-03   1.5000000e+01
  -5.9387106e-03   3.0000000e+01
  -5.9388559e-03   4.5000000e+01
  -5.9409612e-03   6.0000000e+01
  -5.9462520e-03   7.5000000e+01
  -5.9542386e-03   9.0000000e+01
  -5.9633008e-03   1.0500000e+02
  -5.9726192e-03   1.2000000e+02
  -5.9834686e-03   1.3500000e+02
  -5.9984177e-03   1.5000000e+02
  -6.0187699e-03   1.6500000e+02
  -6.0441974e-03   1.8000000e+02
  -6.0749878e-03   1.9500000e+02
  -6.1125662e-03   2.1000000e+02
  -6.1579705e-03   2.2500000e+02
  -6.2103318e-03   2.4000000e+02
  -6.2663532e-03   2.5500000e+02
  -6.3225250e-03   2.7000000e+02
  -6.3778460e-03   2.8500000e+02
  -6.4329631e-03   3.0000000e+02
  -6.4882813e-03   3.1500000e+02
  -6.5441267e-03   3.3000000e+02
  -6.6008260e-03   3.4500000e+02
  -6.6580153e-03   3.6000000e+02
  -6.7149722e-03   3.7500000e+02
  -6.7714541e-03   3.9000000e+02
  -6.8280268e-03   4.0500000e+02
  -6.8862680e-03   4.2000000e+02
  -6.9474680e-03   4.3500000e+02
  -7.0095356e-03   4.5000000e+02
  -7.0671220e-03   4.6500000e+02
  -7.1169049e-03   4.8000000e+02
  -7.1610352e-03   4.9500000e+02
  -7.2033736e-03   5.1000000e+02
  -7.2437939e-03   5.2500000e+02
  -7.2795656e-03   5.4000000e+02
  -7.3120948e-03   5.5500000e+02
  -7.3467344e-03   5.7000000e+02
  -7.3842723e-03   5.8500000e+02
  -7.4191918e-03   6.0000000e+02
  -7.4486258e-03   6.1500000e+02
  -7.4749878e-03   6.3000000e+02
  -7.4968669e-03   6.4500000e+02
  -7.5069419e-03   6.6000000e+02
  -7.5025330e-03   6.7500000e+02
  -7.4879834e-03   6.9000000e+02
  -7.4651288e-03   7.0500000e+02
  -7.4321320e-03   7.2000000e+02
  -7.3885680e-03   7.3500000e+02
  -7.3316684e-03   7.5000000e+02
  -7.2541144e-03   7.6500000e+02
  -7.1498537e-03   7.8000000e+02
  -7.0135961e-03   7.9500000e+02
  -6.8367324e-03   8.1000000e+02
  -6.6091791e-03   8.2500000e+02
  -6.3180369e-03   8.4000000e+02
  -5.9442888e-03   8.5500000e+02
  -5.4665301e-03   8.7000000e+02
  -4.8616207e-03   8.8500000e+02
  -4.0992778e-03   9.0000000e+02
  -3.1423904e-03   9.1500000e+02
  -1.9489176e-03   9.3000000e+02
  -4.6629374e-04   9.4500000e+02
   1.3779730e-03   9.6000000e+02
   3.6866718e-03   9.7500000e+02
   6.6023283e-03   9.9000000e+02
   1.0312434e-02   1.0050000e+03
   1.5055162e-02   1.0200000e+03
   2.1130890e-02   1.0350000e+03
   2.8920187e-02   1.0500000e+03
   3.8910922e-02   1.0650000e+03
   5.1733572e-02   1.0800000e+03
   6.8191782e-02   1.0950000e+03
   8.9264281e-02   1.1100000e+03
   1.1604360e-01   1.1250000e+03
   1.4956875e-01   1.1400000e+03
   1.9051734e-01   1.1550000e+03
   2.3876488e-01   1.1700000e+03
   2.9289582e-01   1.1850000e+03
   3.4981599e-01   1.2000000e+03
   4.0463650e-01   1.2150000e+03
   4.5098564e-01   1.2300000e+03
   4.8186836e-01   1.2450000e+03
   4.9106190e-01   1.2600000e+03
   4.7474626e-01   1.2750000e+03
   4.3275067e-01   1.2900000e+03
   3.6876836e-01   1.3050000e+03
   2.8934652e-01   1.3200000e+03
   2.0215081e-01   1.3350000e+03
   1.1438385e-01   1.3500000e+03
   3.1965990e-02   1.3650000e+03
  -4.0587869e-02   1.3800000e+03
  -1.0012897e-01   1.3950000e+03
  -1.4506635e-01   1.4100000e+03
  -1.7563020e-01   1.4250000e+03
  -1.9368850e-01   1.4400000e+03
  -2.0186818e-01   1.4550000e+03
  -2.0242040e-01   1.4700000e+03
  -1.9664633e-01   1.4850000e+03
  -1.8526620e-01   1.5000000e+03
  -1.6924442e-01   1.5150000e+03
  -1.5021646e-01   1.5300000e+03
  -1.3021404e-01   1.5450000e+03
  -1.1116391e-01   1.5600000e+03
  -9.4683282e-02   1.5750000e+03
  -8.2081698e-02   1.5900000e+03
  -7.4177980e-02   1.6050000e+03
  -7.0966721e-02   1.6200000e+03
  -7.1564674e-02   1.6350000e+03
  -7.4570000e-02   1.6500000e+03
  -7.8476228e-02   1.6650000e+03
  -8.1872120e-02   1.6800000e+03
  -8.3576746e-02   1.6950000e+03
  -8.2865529e-02   1.7100000e+03
  -7.9607129e-02   1.7250000e+03
  -7.4109256e-02   1.7400000e+03
  -6.6811606e-02   1.7550000e+03
  -5.8108751e-02   1.7700000e+03
  -4.8366085e-02   1.7850000e+03
  -3.7985347e-02   1.8000000e+03
  -2.7406050e-02   1.8150000e+03
  -1.7048985e-02   1.8300000e+03
  -7.2717825e-03   1.8450000e+03
   1.6047914e-03   1.8600000e+03
   9.2241177e-03   1.8750000e+03
   1.5181674e-02   1.8900000e+03
   1.9138912e-02   1.9050000e+03
   2.0994343e-02   1.9200000e+03
   2.0989545e-02   1.9350000e+03
   1.9696886e-02   1.9500000e+03
   1.7907090e-02   1.9650000e+03
   1.6454514e-02   1.9800000e+03
   1.6036320e-02   1.9950000e+03
   1.7094377e-02   2.0100000e+03
   1.9780610e-02   2.0250000e+03
   2.3954924e-02   2.0400000e+03
   2.9170437e-02   2.0550000e+03
   3.4684986e-02   2.0700000e+03
   3.9580826e-02   2.0850000e+03
   4.2993709e-02   2.1000000e+03
   4.4324938e-02   2.1150000e+03
   4.3297093e-02   2.1300000e+03
   3.9858256e-02   2.1450000e+03
   3.4079894e-02   2.1600000e+03
   2.6154853e-02   2.1750000e+03
   1.6439594e-02   2.1900000e+03
   5.4236236e-03   2.2050000e+03
  -6.3744201e-03   2.2200000e+03
  -1.8470481e-02   2.2350000e+03
  -3.0377189e-02   2.2500000e+03
  -4.1534290e-02   2.2650000e+03
  -5.1302847e-02   2.2800000e+03
  -5.9032843e-02   2.2950000e+03
  -6.4162463e-02   2.3100000e+03
  -6.6333853e-02   2.3250000e+03
  -6.5510847e-02   2.3400000e+03
  -6.2028110e-02   2.3550000e+03
  -5.6508388e-02   2.3700000e+03
  -4.9707018e-02   2.3850000e+03
  -4.2422604e-02   2.4000000e+03
  -3.5508625e-02   2.4150000e+03
  -2.9857596e-02   2.4300000e+03
  -2.6239842e-02   2.4450000e+03
  -2.5057385e-02   2.4600000e+03
  -2.6179280e-02   2.4750000e+03
  -2.8938729e-02   2.4900000e+03
  -3.2249253e-02   2.5050000e+03
  -3.4801524e-02   2.5200000e+03
  -3.5360698e-02   2.5350000e+03
  -3.3135168e-02   2.5500000e+03
  -2.8061800e-02   2.5650000e+03
  -2.0833056e-02   2.5800000e+03
  -1.2641449e-02   2.5950000e+03
  -4.7903224e-03   2.6100000e+03
   1.6379247e-03   2.6250000e+03
   5.9493436e-03   2.6400000e+03
   7.8436881e-03   2.6550000e+03
   7.3314160e-03   2.6700000e+03
   4.6599181e-03   2.6850000e+03
   3.0792024e-04   2.7000000e+03
  -4.9864105e-03   2.7150000e+03
  -1.0269964e-02   2.7300000e+03
  -1.4559003e-02   2.7450000e+03
  -1.7100751e-02   2.7600000e+03
  -1.7565228e-02   2.7750000e+03
  -1.6076356e-02   2.7900000e+03
  -1.3120180e-02   2.8050000e+03
  -9.4239153e-03   2.8200000e+03
  -5.8431532e-03   2.8350000e+03
  -3.2291603e-03   2.8500000e+03
  -2.2644780e-03   2.8650000e+03
  -3.3161207e-03   2.8800000e+03
  -6.3700723e-03   2.8950000e+03
  -1.1066172e-02   2.9100000e+03
  -1.6812185e-02   2.9250000e+03
  -2.2950772e-02   2.9400000e+03
  -2.8948173e-02   2.9550000e+03
  -3.4544080e-02   2.9700000e+03
  -3.9784074e-02   2.9850000e+03
  -4.4896781e-02   3.0000000e+03
  -5.0066791e-02   3.0150000e+03
  -5.5223197e-02   3.0300000e+03
  -5.9954751e-02   3.0450000e+03
  -6.3584246e-02   3.0600000e+03
  -6.5353282e-02   3.0750000e+03
  -6.4638734e-02   3.0900000e+03
  -6.1134778e-02   3.1050000e+03
  -5.4949749e-02   3.1200000e+03
  -4.6584044e-02   3.1350000e+03
  -3.6800273e-02   3.1500000e+03
  -2.6454573e-02   3.1650000e+03
  -1.6365776e-02   3.1800000e+03
  -7.2403490e-03   3.1950000e+03
   3.8549860e-04   3.2100000e+03
   6.2144105e-03   3.2250000e+03
   1.0242147e-02   3.2400000e+03
   1.2748711e-02   3.2550000e+03
   1.4203445e-02   3.2700000e+03
   1.5103368e-02   3.2850000e+03
   1.5796766e-02   3.3000000e+03
   1.6365606e-02   3.3150000e+03
   1.6633848e-02   3.3300000e+03
   1.6308794e-02   3.3450000e+03
   1.5172876e-02   3.3600000e+03
   1.3204874e-02   3.3750000e+03
   1.0572755e-02   3.3900000e+03
   7.5482163e-03   3.4050000e+03
   4.4369311e-03   3.4200000e+03
   1.5640152e-03   3.4350000e+03
  -7.2414841e-04   3.4500000e+03
  -2.0984679e-03   3.4650000e+03
  -2.3374124e-03   3.4800000e+03
  -1.4288087e-03   3.4950000e+03
   3.7384353e-04   3.5100000e+03
   2.5789547e-03   3.5250000e+03
   4.5670378e-03   3.5400000e+03
   5.7410453e-03   3.5550000e+03
   5.6587937e-03   3.5700000e+03
   4.1120602e-03   3.5850000e+03
   1.1544998e-03   3.6000000e+03
  -2.9032023e-03   3.6150000e+03
  -7.5241802e-03   3.6300000e+03
  -1.2009533e-02   3.6450000e+03
  -1.5600395e-02   3.6600000e+03
  -1.7607799e-02   3.6750000e+03
  -1.7545657e-02   3.6900000e+03
  -1.5232817e-02   3.7050000e+03
  -1.0831606e-02   3.7200000e+03
  -4.8098848e-03   3.7350000e+03
   2.1556150e-03   3.7500000e+03
   9.2983544e-03   3.7650000e+03
   1.5875526e-02   3.7800000e+03
   2.1269945e-02   3.7950000e+03
   2.5083225e-02   3.8100000e+03
   2.7211217e-02   3.8250000e+03
   2.7875651e-02   3.8400000e+03
   2.7584940e-02   3.8550000e+03
   2.7018255e-02   3.8700000e+03
   2.6857782e-02   3.8850000e+03
   2.7616002e-02   3.9000000e+03
   2.9507775e-02   3.9150000e+03
   3.2403491e-02   3.9300000e+03
   3.5877023e-02   3.9450000e+03
   3.9335489e-02   3.9600000e+03
   4.2190012e-02   3.9750000e+03
   4.4009618e-02   3.9900000e+03
   4.4608474e-02   4.0050000e+03
   4.4048928e-02   4.0200000e+03
   4.2578168e-02   4.0350000e+03
   4.0530976e-02   4.0500000e+03
   3.8226791e-02   4.0650000e+03
   3.5883740e-02   4.0800000e+03
   3.3574462e-02   4.0950000e+03
   3.1244501e-02   4.1100000e+03
   2.8790178e-02   4.1250000e+03
   2.6158633e-02   4.1400000e+03
   2.3416454e-02   4.1550000e+03
   2.0749807e-02   4.1700000e+03
   1.8396495e-02   4.1850000e+03
   1.6542871e-02   4.2000000e+03
   1.5230818e-02   4.2150000e+03
   1.4312630e-02   4.2300000e+03
   1.3473858e-02   4.2450000e+03
   1.2322943e-02   4.2600000e+03
   1.0524800e-02   4.2750000e+03
   7.9374341e-03   4.2900000e+03
   4.7025112e-03   4.3050000e+03
   1.2503292e-03   4.3200000e+03
  -1.7915604e-03   4.3350000e+03
  -3.7589555e-03   4.3500000e+03
  -4.1253208e-03   4.3650000e+03
  -2.6319125e-03   4.3800000e+03
   6.6015689e-04   4.3950000e+03
   5.3960150e-03   4.4100000e+03
   1.1008500e-02   4.4250000e+03
   1.6828144e-02   4.4400000e+03
   2.2200894e-02   4.4550000e+03
   2.6596054e-02   4.4700000e+03
   2.9683668e-02   4.4850000e+03
   3.1358514e-02   4.5000000e+03
