   2.8524934e-03   0.0000000e+00
   2.8516820e-03   1.5000000e+01
   2.8492666e-03   3.0000000e+01
   2.8453290e-03   4.5000000e+01
   2.8399588e-03   6.0000000e+01
   2.8331240e-03   7.5000000e+01
   2.8246539e-03   9.0000000e+01
   2.8144296e-03   1.0500000e+02
   2.8025550e-03   1.2000000e+02
   2.7892380e-03   1.3500000e+02
   2.7744274e-03   1.5000000e+02
   2.7575167e-03   1.6500000e+02
   2.7368537e-03   1.8000000e+02
   2.7073114e-03   1.9500000e+02
   2.6539962e-03   2.1000000e+02
   2.5455328e-03   2.2500000e+02
   2.3415370e-03   2.4000000e+02
   2.0303950e-03   2.5500000e+02
   1.6813684e-03   2.7000000e+02
   1.4436960e-03   2.8500000e+02
   1.4380217e-03   3.0000000e+02
   1.6149676e-03   3.1500000e+02
   1.7654430e-03   3.3000000e+02
   1.7346010e-03   3.4500000e+02
   1.5992430e-03   3.6000000e+02
   1.5522877e-03   3.7500000e+02
   1.6334463e-03   3.9000000e+02
   1.6945802e-03   4.0500000e+02
   1.6423978e-03   4.2000000e+02
   1.5685861e-03   4.3500000e+02
   1.5766870e-03   4.5000000e+02
   1.6184833e-03   4.6500000e+02
   1.6027293e-03   4.8000000e+02
   1.5531630e-03   4.9500000e+02
   1.5430514e-03   5.1000000e+02
   1.5594879e-03   5.2500000e+02
   1.5439630e-03   5.4000000e+02
   1.5030539e-03   5.5500000e+02
   1.4828201e-03   5.7000000e+02
   1.4807178e-03   5.8500000e+02
   1.4621055e-03   6.0000000e+02
   1.4301203e-03   6.1500000e+02
   1.4131549e-03   6.3000000e+02
   1.4080437e-03   6.4500000e+02
   1.3909530e-03   6.6000000e+02
   1.3620203e-03   6.7500000e+02
   1.3325069e-03   6.9000000e+02
   1.2890726e-03   7.0500000e+02
   1.2060739e-03   7.2000000e+02
   1.0727812e-03   7.3500000e+02
   8.8820379e-04   7.5000000e+02
   6.5764581e-04   7.6500000e+02
   4.1851180e-04   7.8000000e+02
   2.5014195e-04   7.9500000e+02
   2.3125731e-04   8.1000000e+02
   3.7840518e-04   8.2500000e+02
   6.1718246e-04   8.4000000e+02
   8.1069459e-04   8.5500000e+02
   8.4613112e-04   8.7000000e+02
   7.3328376e-04   8.8500000e+02
   6.1465526e-04   9.0000000e+02
   6.4034003e-04   9.1500000e+02
   8.1849640e-04   9.3000000e+02
   1.0141880e-03   9.4500000e+02
   1.1126908e-03   9.6000000e+02
   1.1580841e-03   9.7500000e+02
   1.2956102e-03   9.9000000e+02
   1.5919626e-03   1.0050000e+03
   1.9718099e-03   1.0200000e+03
   2.3548664e-03   1.0350000e+03
   2.7964439e-03   1.0500000e+03
   3.4296096e-03   1.0650000e+03
   4.3046274e-03   1.0800000e+03
   5.3754849e-03   1.0950000e+03
   6.6449079e-03   1.1100000e+03
   8.2257446e-03   1.1250000e+03
   1.0223091e-02   1.1400000e+03
   1.2641172e-02   1.1550000e+03
   1.5466562e-02   1.1700000e+03
   1.8776443e-02   1.1850000e+03
   2.2694295e-02   1.2000000e+03
   2.7290381e-02   1.2150000e+03
   3.2600481e-02   1.2300000e+03
   3.8701590e-02   1.2450000e+03
   4.5687135e-02   1.2600000e+03
   5.3586494e-02   1.2750000e+03
   6.2377032e-02   1.2900000e+03
   7.2061636e-02   1.3050000e+03
   8.2679890e-02   1.3200000e+03
   9.4269589e-02   1.3350000e+03
   1.0689153e-01   1.3500000e+03
   1.2069786e-01   1.3650000e+03
   1.3592587e-01   1.3800000e+03
   1.5280199e-01   1.3950000e+03
   1.7143625e-01   1.4100000e+03
   1.9174217e-01   1.4250000e+03
   2.1338229e-01   1.4400000e+03
   2.3577452e-01   1.4550000e+03
   2.5815144e-01   1.4700000e+03
   2.7956459e-01   1.4850000e+03
   2.9878056e-01   1.5000000e+03
   3.1421626e-01   1.5150000e+03
   3.2412350e-01   1.5300000e+03
   3.2704395e-01   1.5450000e+03
   3.2231748e-01   1.5600000e+03
   3.1034973e-01   1.5750000e+03
   2.9246774e-01   1.5900000e+03
   2.7044067e-01   1.6050000e+03
   2.4595189e-01   1.6200000e+03
   2.2027959e-01   1.6350000e+03
   1.9421025e-01   1.6500000e+03
   1.6805233e-01   1.6650000e+03
   1.4169367e-01   1.6800000e+03
   1.1477108e-01   1.6950000e+03
   8.6974978e-02   1.7100000e+03
   5.8351114e-02   1.7250000e+03
   2.9414600e-02   1.7400000e+03
   1.0331504e-03   1.7550000e+03
  -2.5794823e-02   1.7700000e+03
  -5.0122276e-02   1.7850000e+03
  -7.1156286e-02   1.8000000e+03
  -8.8315263e-02   1.8150000e+03
  -1.0125978e-01   1.8300000e+03
  -1.0989970e-01   1.8450000e+03
  -1.1440104e-01   1.8600000e+03
  -1.1519842e-01   1.8750000e+03
  -1.1295208e-01   1.8900000e+03
  -1.0839736e-01   1.9050000e+03
  -1.0215370e-01   1.9200000e+03
  -9.4627038e-02   1.9350000e+03
  -8.6042635e-02   1.9500000e+03
  -7.6524600e-02   1.9650000e+03
  -6.6159606e-02   1.9800000e+03
  -5.5072386e-02   1.9950000e+03
  -4.3528859e-02   2.0100000e+03
  -3.1984098e-02   2.0250000e+03
  -2.0987028e-02   2.0400000e+03
  -1.0991877e-02   2.0550000e+03
  -2.2361802e-03   2.0700000e+03
   5.2250456e-03   2.0850000e+03
   1.1403324e-02   2.1000000e+03
   1.6308611e-02   2.1150000e+03
   1.9962629e-02   2.1300000e+03
   2.2426322e-02   2.1450000e+03
   2.3785355e-02   2.1600000e+03
   2.4113281e-02   2.1750000e+03
   2.3461048e-02   2.1900000e+03
   2.1880550e-02   2.2050000e+03
   1.9445661e-02   2.2200000e+03
   1.6241550e-02   2.2350000e+03
   1.2335151e-02   2.2500000e+03
   7.7654314e-03   2.2650000e+03
   2.5742124e-03   2.2800000e+03
  -3.1486847e-03   2.2950000e+03
  -9.2594819e-03   2.3100000e+03
  -1.5611265e-02   2.3250000e+03
  -2.2109192e-02   2.3400000e+03
  -2.8706614e-02   2.3550000e+03
  -3.5353873e-02   2.3700000e+03
  -4.1971400e-02   2.3850000e+03
  -4.8476670e-02   2.4000000e+03
  -5.4816175e-02   2.4150000e+03
  -6.0954165e-02   2.4300000e+03
  -6.6838242e-02   2.4450000e+03
  -7.2392993e-02   2.4600000e+03
  -7.7550039e-02   2.4750000e+03
  -8.2274638e-02   2.4900000e+03
  -8.6557090e-02   2.5050000e+03
  -9.0382501e-02   2.5200000e+03
  -9.3716711e-02   2.5350000e+03
  -9.6521460e-02   2.5500000e+03
  -9.8774232e-02   2.5650000e+03
  -1.0046563e-01   2.5800000e+03
  -1.0158037e-01   2.5950000e+03
  -1.0208864e-01   2.6100000e+03
  -1.0195726e-01   2.6250000e+03
  -1.0116325e-01   2.6400000e+03
  -9.9694483e-02   2.6550000e+03
  -9.7544417e-02   2.6700000e+03
  -9.4714724e-02   2.6850000e+03
  -9.1226146e-02   2.7000000e+03
  -8.7124996e-02   2.7150000e+03
  -8.2477838e-02   2.7300000e+03
  -7.7359550e-02   2.7450000e+03
  -7.1843743e-02   2.7600000e+03
  -6.5997489e-02   2.7750000e+03
  -5.9877321e-02   2.7900000e+03
  -5.3526390e-02   2.8050000e+03
  -4.6977267e-02   2.8200000e+03
  -4.0261354e-02   2.8350000e+03
  -3.3417925e-02   2.8500000e+03
  -2.6496360e-02   2.8650000e+03
  -1.9552855e-02   2.8800000e+03
  -1.2646937e-02   2.8950000e+03
  -5.8387984e-03   2.9100000e+03
   8.1441022e-04   2.9250000e+03
   7.2623286e-03   2.9400000e+03
   1.3461903e-02   2.9550000e+03
   1.9374948e-02   2.9700000e+03
   2.4966948e-02   2.9850000e+03
   3.0208796e-02   3.0000000e+03
   3.5077989e-02   3.0150000e+03
   3.9556030e-02   3.0300000e+03
   4.3624330e-02   3.0450000e+03
   4.7263127e-02   3.0600000e+03
   5.0454423e-02   3.0750000e+03
   5.3185765e-02   3.0900000e+03
   5.5452347e-02   3.1050000e+03
   5.7257794e-02   3.1200000e+03
   5.8614451e-02   3.1350000e+03
   5.9542324e-02   3.1500000e+03
   6.0065683e-02   3.1650000e+03
   6.0207646e-02   3.1800000e+03
   5.9983846e-02   3.1950000e+03
   5.9396643e-02   3.2100000e+03
   5.8431957e-02   3.2250000e+03
   5.7061259e-02   3.2400000e+03
   5.5249754e-02   3.2550000e+03
   5.2968223e-02   3.2700000e+03
   5.0203733e-02   3.2850000e+03
   4.6965610e-02   3.3000000e+03
   4.3286182e-02   3.3150000e+03
   3.9217725e-02   3.3300000e+03
   3.4826711e-02   3.3450000e+03
   3.0186245e-02   3.3600000e+03
   2.5367962e-02   3.3750000e+03
   2.0435682e-02   3.3900000e+03
   1.5442697e-02   3.4050000e+03
   1.0433057e-02   3.4200000e+03
   5.4455013e-03   3.4350000e+03
   5.1789521e-04   3.4500000e+03
  -4.3093772e-03   3.4650000e+03
  -8.9911558e-03   3.4800000e+03
  -1.3475818e-02   3.4950000e+03
  -1.7704388e-02   3.5100000e+03
  -2.1611890e-02   3.5250000e+03
  -2.5131729e-02   3.5400000e+03
  -2.8201919e-02   3.5550000e+03
  -3.0770512e-02   3.5700000e+03
  -3.2798607e-02   3.5850000e+03
  -3.4261182e-02   3.6000000e+03
  -3.5146389e-02   3.6150000e+03
  -3.5453301e-02   3.6300000e+03
  -3.5188332e-02   3.6450000e+03
  -3.4361910e-02   3.6600000e+03
  -3.2987487e-02   3.6750000e+03
  -3.1083880e-02   3.6900000e+03
  -2.8679285e-02   3.7050000e+03
  -2.5814276e-02   3.7200000e+03
  -2.2541976e-02   3.7350000e+03
  -1.8925758e-02   3.7500000e+03
  -1.5036593e-02   3.7650000e+03
  -1.0952112e-02   3.7800000e+03
  -6.7580217e-03   3.7950000e+03
  -2.5503135e-03   3.8100000e+03
   1.5646201e-03   3.8250000e+03
   5.4741479e-03   3.8400000e+03
   9.0674236e-03   3.8550000e+03
   1.2243859e-02   3.8700000e+03
   1.4918378e-02   3.8850000e+03
   1.7022952e-02   3.9000000e+03
   1.8507665e-02   3.9150000e+03
   1.9344309e-02   3.9300000e+03
   1.9531336e-02   3.9450000e+03
   1.9095363e-02   3.9600000e+03
   1.8086154e-02   3.9750000e+03
   1.6567210e-02   3.9900000e+03
   1.4607404e-02   4.0050000e+03
   1.2276717e-02   4.0200000e+03
   9.6444357e-03   4.0350000e+03
   6.7765289e-03   4.0500000e+03
   3.7314680e-03   4.0650000e+03
   5.5696419e-04   4.0800000e+03
  -2.7098460e-03   4.0950000e+03
  -6.0388269e-03   4.1100000e+03
  -9.4019445e-03   4.1250000e+03
  -1.2768812e-02   4.1400000e+03
  -1.6103258e-02   4.1550000e+03
  -1.9361215e-02   4.1700000e+03
  -2.2490785e-02   4.1850000e+03
  -2.5435263e-02   4.2000000e+03
  -2.8138751e-02   4.2150000e+03
  -3.0552899e-02   4.2300000e+03
  -3.2642946e-02   4.2450000e+03
  -3.4391560e-02   4.2600000e+03
  -3.5799600e-02   4.2750000e+03
  -3.6883447e-02   4.2900000e+03
  -3.7669428e-02   4.3050000e+03
  -3.8187195e-02   4.3200000e+03
  -3.8464084e-02   4.3350000e+03
  -3.8521595e-02   4.3500000e+03
  -3.8373414e-02   4.3650000e+03
  -3.8024120e-02   4.3800000e+03
  -3.7468594e-02   4.3950000e+03
  -3.6692981e-02   4.4100000e+03
  -3.5677779e-02   4.4250000e+03
  -3.4402195e-02   4.4400000e+03
  -3.2848708e-02   4.4550000e+03
  -3.1007420e-02   4.4700000e+03
  -2.8880125e-02   4.4850000e+03
  -2.6483387e-02   4.5000000e+03
