  -1.0463834e-03   0.0000000e+00
  -1.0464401e-03   1.5000000e+01
  -1.0465651e-03   3.0000000e+01
  -1.0466870e-03   4.5000000e+01
  -1.0467982e-03   6.0000000e+01
  -1.0468891e-03   7.5000000e+01
  -1.0469535e-03   9.0000000e+01
  -1.0470707e-03   1.0500000e+02
  -1.0473172e-03   1.2000000e+02
  -1.0476237e-03   1.3500000e+02
  -1.0478977e-03   1.5000000e+02
  -1.0481400e-03   1.6500000e+02
  -1.0483597e-03   1.8000000e+02
  -1.0485112e-03   1.9500000e+02
  -1.0485841e-03   2.1000000e+02
  -1.0486294e-03   2.2500000e+02
  -1.0487285e-03   2.4000000e+02
  -1.0489401e-03   2.5500000e+02
  -1.0492526e-03   2.7000000e+02
  -1.0495913e-03   2.8500000e+02
  -1.0498957e-03   3.0000000e+02
  -1.0501546e-03   3.1500000e+02
  -1.0503931e-03   3.3000000e+02
  -1.0506311e-03   3.4500000e+02
  -1.0508915e-03   3.6000000e+02
  -1.0512054e-03   3.7500000e+02
  -1.0515777e-03   3.9000000e+02
  -1.0519749e-03   4.0500000e+02
  -1.0523794e-03   4.2000000e+02
  -1.0526582e-03   4.3500000e+02
  -1.0523155e-03   4.5000000e+02
  -1.0501880e-03   4.6500000e+02
  -1.0438354e-03   4.8000000e+02
  -1.0286748e-03   4.9500000e+02
  -9.9776709e-04   5.1000000e+02
  -9.4396254e-04   5.2500000e+02
  -8.6530793e-04   5.4000000e+02
  -7.7188393e-04   5.5500000e+02
  -6.8843283e-04   5.7000000e+02
  -6.4603373e-04   5.8500000e+02
  -6.6221220e-04   6.0000000e+02
  -7.2208914e-04   6.1500000e+02
  -7.8077329e-04   6.3000000e+02
  -7.9399865e-04   6.4500000e+02
  -7.5445598e-04   6.6000000e+02
  -6.9626374e-04   6.7500000e+02
  -6.5664604e-04   6.9000000e+02
  -6.3330855e-04   7.0500000e+02
  -5.8856542e-04   7.2000000e+02
  -4.9909647e-04   7.3500000e+02
  -3.9106148e-04   7.5000000e+02
  -3.1541853e-04   7.6500000e+02
  -2.9563750e-04   7.8000000e+02
  -3.1503019e-04   7.9500000e+02
  -3.5163533e-04   8.1000000e+02
  -4.0143731e-04   8.2500000e+02
  -4.5817083e-04   8.4000000e+02
  -4.9523509e-04   8.5500000e+02
  -4.9318944e-04   8.7000000e+02
  -4.7376225e-04   8.8500000e+02
  -4.7871430e-04   9.0000000e+02
  -5.1747350e-04   9.1500000e+02
  -5.6121382e-04   9.3000000e+02
  -5.8752589e-04   9.4500000e+02
  -6.0201343e-04   9.6000000e+02
  -6.1277556e-04   9.7500000e+02
  -6.1535632e-04   9.9000000e+02
  -6.1282265e-04   1.0050000e+03
  -6.2174158e-04   1.0200000e+03
  -6.4536656e-04   1.0350000e+03
  -6.6503667e-04   1.0500000e+03
  -6.6933257e-04   1.0650000e+03
  -6.7023799e-04   1.0800000e+03
  -6.8120967e-04   1.0950000e+03
  -6.9849024e-04   1.1100000e+03
  -7.1221736e-04   1.1250000e+03
  -7.2055729e-04   1.1400000e+03
  -7.2598498e-04   1.1550000e+03
  -7.2847412e-04   1.1700000e+03
  -7.2770275e-04   1.1850000e+03
  -7.2599004e-04   1.2000000e+03
  -7.2613801e-04   1.2150000e+03
  -7.2992750e-04   1.2300000e+03
  -7.4027781e-04   1.2450000e+03
  -7.6147227e-04   1.2600000e+03
  -7.9392915e-04   1.2750000e+03
  -8.2991045e-04   1.2900000e+03
  -8.5763802e-04   1.3050000e+03
  -8.6974970e-04   1.3200000e+03
  -8.6737482e-04   1.3350000e+03
  -8.5960107e-04   1.3500000e+03
  -8.6040178e-04   1.3650000e+03
  -8.7932276e-04   1.3800000e+03
  -9.1002381e-04   1.3950000e+03
  -9.3348400e-04   1.4100000e+03
  -9.3833235e-04   1.4250000e+03
  -9.3408616e-04   1.4400000e+03
  -9.3968585e-04   1.4550000e+03
  -9.6246216e-04   1.4700000e+03
  -9.9223922e-04   1.4850000e+03
  -1.0136000e-03   1.5000000e+03
  -1.0211238e-03   1.5150000e+03
  -1.0235524e-03   1.5300000e+03
  -1.0336997e-03   1.5450000e+03
  -1.0542077e-03   1.5600000e+03
  -1.0752707e-03   1.5750000e+03
  -1.0877051e-03   1.5900000e+03
  -1.0947210e-03   1.6050000e+03
  -1.1066243e-03   1.6200000e+03
  -1.1260557e-03   1.6350000e+03
  -1.1447609e-03   1.6500000e+03
  -1.1559746e-03   1.6650000e+03
  -1.1637039e-03   1.6800000e+03
  -1.1755886e-03   1.6950000e+03
  -1.1912893e-03   1.7100000e+03
  -1.2044336e-03   1.7250000e+03
  -1.2137786e-03   1.7400000e+03
  -1.2249142e-03   1.7550000e+03
  -1.2405913e-03   1.7700000e+03
  -1.2563795e-03   1.7850000e+03
  -1.2680856e-03   1.8000000e+03
  -1.2778043e-03   1.8150000e+03
  -1.2895564e-03   1.8300000e+03
  -1.3032674e-03   1.8450000e+03
  -1.3164826e-03   1.8600000e+03
  -1.3290192e-03   1.8750000e+03
  -1.3424861e-03   1.8900000e+03
  -1.3569637e-03   1.9050000e+03
  -1.3710480e-03   1.9200000e+03
  -1.3843238e-03   1.9350000e+03
  -1.3976692e-03   1.9500000e+03
  -1.4115945e-03   1.9650000e+03
  -1.4258559e-03   1.9800000e+03
  -1.4402985e-03   1.9950000e+03
  -1.4547517e-03   2.0100000e+03
  -1.4684832e-03   2.0250000e+03
  -1.4809686e-03   2.0400000e+03
  -1.4929364e-03   2.0550000e+03
  -1.5056879e-03   2.0700000e+03
  -1.5197442e-03   2.0850000e+03
  -1.5349716e-03   2.1000000e+03
  -1.5514668e-03   2.1150000e+03
  -1.5693475e-03   2.1300000e+03
  -1.5881279e-03   2.1450000e+03
  -1.6071476e-03   2.1600000e+03
  -1.6263511e-03   2.1750000e+03
  -1.6460534e-03   2.1900000e+03
  -1.6662134e-03   2.2050000e+03
  -1.6865707e-03   2.2200000e+03
  -1.7073442e-03   2.2350000e+03
  -1.7290796e-03   2.2500000e+03
  -1.7517707e-03   2.2650000e+03
  -1.7746902e-03   2.2800000e+03
  -1.7972476e-03   2.2950000e+03
  -1.8195696e-03   2.3100000e+03
  -1.8421143e-03   2.3250000e+03
  -1.8650474e-03   2.3400000e+03
  -1.8881853e-03   2.3550000e+03
  -1.9113520e-03   2.3700000e+03
  -1.9346086e-03   2.3850000e+03
  -1.9581949e-03   2.4000000e+03
  -1.9823709e-03   2.4150000e+03
  -2.0073804e-03   2.4300000e+03
  -2.0336071e-03   2.4450000e+03
  -2.0616255e-03   2.4600000e+03
  -2.0918448e-03   2.4750000e+03
  -2.1240578e-03   2.4900000e+03
  -2.1574260e-03   2.5050000e+03
  -2.1909557e-03   2.5200000e+03
  -2.2239843e-03   2.5350000e+03
  -2.2562833e-03   2.5500000e+03
  -2.2878672e-03   2.5650000e+03
  -2.3188367e-03   2.5800000e+03
  -2.3493662e-03   2.5950000e+03
  -2.3796621e-03   2.6100000e+03
  -2.4097699e-03   2.6250000e+03
  -2.4394304e-03   2.6400000e+03
  -2.4682798e-03   2.6550000e+03
  -2.4961922e-03   2.6700000e+03
  -2.5233671e-03   2.6850000e+03
  -2.5500476e-03   2.7000000e+03
  -2.5761269e-03   2.7150000e+03
  -2.6009155e-03   2.7300000e+03
  -2.6231892e-03   2.7450000e+03
  -2.6415940e-03   2.7600000e+03
  -2.6552896e-03   2.7750000e+03
  -2.6644708e-03   2.7900000e+03
  -2.6702899e-03   2.8050000e+03
  -2.6741377e-03   2.8200000e+03
  -2.6768267e-03   2.8350000e+03
  -2.6781992e-03   2.8500000e+03
  -2.6770916e-03   2.8650000e+03
  -2.6713018e-03   2.8800000e+03
  -2.6574617e-03   2.8950000e+03
  -2.6311576e-03   2.9100000e+03
  -2.5875182e-03   2.9250000e+03
  -2.5218467e-03   2.9400000e+03
  -2.4297105e-03   2.9550000e+03
  -2.3063854e-03   2.9700000e+03
  -2.1460317e-03   2.9850000e+03
  -1.9409743e-03   3.0000000e+03
  -1.6809842e-03   3.0150000e+03
  -1.3522517e-03   3.0300000e+03
  -9.3605503e-04   3.0450000e+03
  -4.0762080e-04   3.0600000e+03
   2.6445201e-04   3.0750000e+03
   1.1186902e-03   3.0900000e+03
   2.2023772e-03   3.1050000e+03
   3.5752268e-03   3.1200000e+03
   5.3146686e-03   3.1350000e+03
   7.5211995e-03   3.1500000e+03
   1.0322399e-02   3.1650000e+03
   1.3875081e-02   3.1800000e+03
   1.8365204e-02   3.1950000e+03
   2.4004299e-02   3.2100000e+03
   3.1019766e-02   3.2250000e+03
   3.9635886e-02   3.2400000e+03
   5.0043210e-02   3.2550000e+03
   6.2355615e-02   3.2700000e+03
   7.6556846e-02   3.2850000e+03
   9.2441857e-02   3.3000000e+03
   1.0956289e-01   3.3150000e+03
   1.2719494e-01   3.3300000e+03
   1.4433740e-01   3.3450000e+03
   1.5976572e-01   3.3600000e+03
   1.7213917e-01   3.3750000e+03
   1.8015766e-01   3.3900000e+03
   1.8274675e-01   3.4050000e+03
   1.7923741e-01   3.4200000e+03
   1.6950135e-01   3.4350000e+03
   1.5400776e-01   3.4500000e+03
   1.3378271e-01   3.4650000e+03
   1.1027711e-01   3.4800000e+03
   8.5171834e-02   3.4950000e+03
   6.0163509e-02   3.5100000e+03
   3.6773276e-02   3.5250000e+03
   1.6207790e-02   3.5400000e+03
  -7.1887451e-04   3.5550000e+03
  -1.3610432e-02   3.5700000e+03
  -2.2475380e-02   3.5850000e+03
  -2.7685925e-02   3.6000000e+03
  -2.9909449e-02   3.6150000e+03
  -3.0008556e-02   3.6300000e+03
  -2.8911799e-02   3.6450000e+03
  -2.7471604e-02   3.6600000e+03
  -2.6338734e-02   3.6750000e+03
  -2.5884168e-02   3.6900000e+03
  -2.6186438e-02   3.7050000e+03
  -2.7081558e-02   3.7200000e+03
  -2.8254202e-02   3.7350000e+03
  -2.9340761e-02   3.7500000e+03
  -3.0018557e-02   3.7650000e+03
  -3.0065123e-02   3.7800000e+03
  -2.9381115e-02   3.7950000e+03
  -2.7977368e-02   3.8100000e+03
  -2.5933053e-02   3.8250000e+03
  -2.3340281e-02   3.8400000e+03
  -2.0258609e-02   3.8550000e+03
  -1.6703362e-02   3.8700000e+03
  -1.2678700e-02   3.8850000e+03
  -8.2423352e-03   3.9000000e+03
  -3.5669121e-03   3.9150000e+03
   1.0411162e-03   3.9300000e+03
   5.1846118e-03   3.9450000e+03
   8.4662866e-03   3.9600000e+03
   1.0584516e-02   3.9750000e+03
   1.1389260e-02   3.9900000e+03
   1.0876497e-02   4.0050000e+03
   9.1344481e-03   4.0200000e+03
   6.2786122e-03   4.0350000e+03
   2.4105834e-03   4.0500000e+03
  -2.3884126e-03   4.0650000e+03
  -8.0452478e-03   4.0800000e+03
  -1.4488924e-02   4.0950000e+03
  -2.1661557e-02   4.1100000e+03
  -2.9532775e-02   4.1250000e+03
  -3.8093101e-02   4.1400000e+03
  -4.7315490e-02   4.1550000e+03
  -5.7100486e-02   4.1700000e+03
  -6.7233734e-02   4.1850000e+03
  -7.7369928e-02   4.2000000e+03
  -8.7028995e-02   4.2150000e+03
  -9.5580682e-02   4.2300000e+03
  -1.0222021e-01   4.2450000e+03
  -1.0598189e-01   4.2600000e+03
  -1.0585449e-01   4.2750000e+03
  -1.0102256e-01   4.2900000e+03
  -9.1177821e-02   4.3050000e+03
  -7.6774605e-02   4.3200000e+03
  -5.9092522e-02   4.3350000e+03
  -4.0029474e-02   4.3500000e+03
  -2.1654855e-02   4.3650000e+03
  -5.6616100e-03   4.3800000e+03
   7.0788497e-03   4.3950000e+03
   1.6668350e-02   4.4100000e+03
   2.3954425e-02   4.4250000e+03
   3.0002635e-02   4.4400000e+03
   3.5499174e-02   4.4550000e+03
   4.0366653e-02   4.4700000e+03
   4.3787379e-02   4.4850000e+03
   4.4636786e-02   4.5000000e+03
