  -1.0226384e-02   0.0000000e+00
  -1.0226056e-02   1.5000000e+01
  -1.0225638e-02   3.0000000e+01
  -1.0227470e-02   4.5000000e+01
  -1.0235698e-02   6.0000000e+01
  -1.0253677e-02   7.5000000e+01
  -1.0280354e-02   9.0000000e+01
  -1.0311721e-02   1.0500000e+02
  -1.0345847e-02   1.2000000e+02
  -1.0386475e-02   1.3500000e+02
  -1.0440690e-02   1.5000000e+02
  -1.0512065e-02   1.6500000e+02
  -1.0600326e-02   1.8000000e+02
  -1.0707132e-02   1.9500000e+02
  -1.0836535e-02   2.1000000e+02
  -1.0991181e-02   2.2500000e+02
  -1.1168609e-02   2.4000000e+02
  -1.1359337e-02   2.5500000e+02
  -1.1553137e-02   2.7000000e+02
  -1.1747138e-02   2.8500000e+02
  -1.1943093e-02   3.0000000e+02
  -1.2142136e-02   3.1500000e+02
  -1.2345924e-02   3.3000000e+02
  -1.2556459e-02   3.4500000e+02
  -1.2773558e-02   3.6000000e+02
  -1.2996253e-02   3.7500000e+02
  -1.3224709e-02   3.9000000e+02
  -1.3460531e-02   4.0500000e+02
  -1.3708907e-02   4.2000000e+02
  -1.3975553e-02   4.3500000e+02
  -1.4255187e-02   4.5000000e+02
  -1.4530763e-02   4.6500000e+02
  -1.4792210e-02   4.8000000e+02
  -1.5048540e-02   4.9500000e+02
  -1.5311255e-02   5.1000000e+02
  -1.5569717e-02   5.2500000e+02
  -1.5796723e-02   5.4000000e+02
  -1.5978495e-02   5.5500000e+02
  -1.6117087e-02   5.7000000e+02
  -1.6194612e-02   5.8500000e+02
  -1.6160490e-02   6.0000000e+02
  -1.5963672e-02   6.1500000e+02
  -1.5556921e-02   6.3000000e+02
  -1.4837882e-02   6.4500000e+02
  -1.3605474e-02   6.6000000e+02
  -1.1562866e-02   6.7500000e+02
  -8.2662273e-03   6.9000000e+02
  -2.9707404e-03   7.0500000e+02
   5.5857124e-03   7.2000000e+02
   1.9539017e-02   7.3500000e+02
   4.2521883e-02   7.5000000e+02
   8.0478929e-02   7.6500000e+02
   1.4236432e-01   7.8000000e+02
   2.3991087e-01   7.9500000e+02
   3.8467947e-01   8.1000000e+02
   5.8021629e-01   8.2500000e+02
   8.0921620e-01   8.4000000e+02
   1.0212705e+00   8.5500000e+02
   1.1340350e+00   8.7000000e+02
   1.0612226e+00   8.8500000e+02
   7.6470679e-01   9.0000000e+02
   2.9925925e-01   9.1500000e+02
  -1.9507033e-01   9.3000000e+02
  -5.6602502e-01   9.4500000e+02
  -7.3737520e-01   9.6000000e+02
  -7.3550576e-01   9.7500000e+02
  -6.3594651e-01   9.9000000e+02
  -4.9721777e-01   1.0050000e+03
  -3.5051012e-01   1.0200000e+03
  -2.2598219e-01   1.0350000e+03
  -1.5120900e-01   1.0500000e+03
  -1.2269959e-01   1.0650000e+03
  -1.1013711e-01   1.0800000e+03
  -9.7283237e-02   1.0950000e+03
  -9.3947448e-02   1.1100000e+03
  -1.0272191e-01   1.1250000e+03
  -1.0439381e-01   1.1400000e+03
  -8.7381124e-02   1.1550000e+03
  -6.4351827e-02   1.1700000e+03
  -4.8082653e-02   1.1850000e+03
  -3.4481384e-02   1.2000000e+03
  -1.8155245e-02   1.2150000e+03
  -3.0882854e-03   1.2300000e+03
   8.2778735e-03   1.2450000e+03
   1.8181106e-02   1.2600000e+03
   2.3236111e-02   1.2750000e+03
   1.6284501e-02   1.2900000e+03
  -1.4060533e-03   1.3050000e+03
  -2.0664688e-02   1.3200000e+03
  -3.4479931e-02   1.3350000e+03
  -4.0637542e-02   1.3500000e+03
  -3.9473977e-02   1.3650000e+03
  -3.4465633e-02   1.3800000e+03
  -3.0907582e-02   1.3950000e+03
  -3.0797496e-02   1.4100000e+03
  -3.1076036e-02   1.4250000e+03
  -2.6830943e-02   1.4400000e+03
  -1.4670487e-02   1.4550000e+03
   5.0156843e-03   1.4700000e+03
   2.6794922e-02   1.4850000e+03
   4.2368069e-02   1.5000000e+03
   4.5742437e-02   1.5150000e+03
   3.6580697e-02   1.5300000e+03
   1.9130504e-02   1.5450000e+03
  -1.0775572e-03   1.5600000e+03
  -1.9320082e-02   1.5750000e+03
  -3.1221315e-02   1.5900000e+03
  -3.1884428e-02   1.6050000e+03
  -1.7817907e-02   1.6200000e+03
   9.0867365e-03   1.6350000e+03
   4.0089771e-02   1.6500000e+03
   6.3295878e-02   1.6650000e+03
   7.0158973e-02   1.6800000e+03
   5.9742298e-02   1.6950000e+03
   3.7601601e-02   1.7100000e+03
   1.1297179e-02   1.7250000e+03
  -1.2775316e-02   1.7400000e+03
  -2.9572465e-02   1.7550000e+03
  -3.5084557e-02   1.7700000e+03
  -2.7919630e-02   1.7850000e+03
  -1.1572643e-02   1.8000000e+03
   6.2379362e-03   1.8150000e+03
   1.8156191e-02   1.8300000e+03
   2.1774303e-02   1.8450000e+03
   1.9828346e-02   1.8600000e+03
   1.6370986e-02   1.8750000e+03
   1.3234808e-02   1.8900000e+03
   9.8219961e-03   1.9050000e+03
   4.9264980e-03   1.9200000e+03
  -2.2065886e-03   1.9350000e+03
  -1.1826334e-02   1.9500000e+03
  -2.3332726e-02   1.9650000e+03
  -3.4804340e-02   1.9800000e+03
  -4.3409400e-02   1.9950000e+03
  -4.6565961e-02   2.0100000e+03
  -4.2751484e-02   2.0250000e+03
  -3.1511459e-02   2.0400000e+03
  -1.3565258e-02   2.0550000e+03
   8.3916597e-03   2.0700000e+03
   2.9509887e-02   2.0850000e+03
   4.4603866e-02   2.1000000e+03
   5.0793897e-02   2.1150000e+03
   4.8573103e-02   2.1300000e+03
   4.0759381e-02   2.1450000e+03
   3.0897891e-02   2.1600000e+03
   2.2421131e-02   2.1750000e+03
   1.8193945e-02   2.1900000e+03
   1.9628448e-02   2.2050000e+03
   2.5826229e-02   2.2200000e+03
   3.3914171e-02   2.2350000e+03
   4.0612157e-02   2.2500000e+03
   4.3733422e-02   2.2650000e+03
   4.2552460e-02   2.2800000e+03
   3.7269469e-02   2.2950000e+03
   2.8474739e-02   2.3100000e+03
   1.7045204e-02   2.3250000e+03
   4.2334953e-03   2.3400000e+03
  -8.3628437e-03   2.3550000e+03
  -1.9011512e-02   2.3700000e+03
  -2.6221249e-02   2.3850000e+03
  -2.9256938e-02   2.4000000e+03
  -2.8522028e-02   2.4150000e+03
  -2.5340762e-02   2.4300000e+03
  -2.1051703e-02   2.4450000e+03
  -1.6073257e-02   2.4600000e+03
  -9.8115001e-03   2.4750000e+03
  -1.5399628e-03   2.4900000e+03
   8.5482448e-03   2.5050000e+03
   1.9000098e-02   2.5200000e+03
   2.7573686e-02   2.5350000e+03
   3.1920437e-02   2.5500000e+03
   2.9987678e-02   2.5650000e+03
   2.0266334e-02   2.5800000e+03
   2.2893676e-03   2.5950000e+03
  -2.2617523e-02   2.6100000e+03
  -5.0912753e-02   2.6250000e+03
  -7.7345155e-02   2.6400000e+03
  -9.6362151e-02   2.6550000e+03
  -1.0377409e-01   2.6700000e+03
  -9.8013394e-02   2.6850000e+03
  -8.0695376e-02   2.7000000e+03
  -5.6310128e-02   2.7150000e+03
  -3.0776216e-02   2.7300000e+03
  -9.0115713e-03   2.7450000e+03
   7.2432719e-03   2.7600000e+03
   1.9634806e-02   2.7750000e+03
   3.1031758e-02   2.7900000e+03
   4.2746868e-02   2.8050000e+03
   5.3506255e-02   2.8200000e+03
   6.0713243e-02   2.8350000e+03
   6.2417284e-02   2.8500000e+03
   5.8317129e-02   2.8650000e+03
   4.9659494e-02   2.8800000e+03
   3.8727116e-02   2.8950000e+03
   2.8063197e-02   2.9100000e+03
   1.9276762e-02   2.9250000e+03
   1.2102428e-02   2.9400000e+03
   4.8419628e-03   2.9550000e+03
  -3.9419089e-03   2.9700000e+03
  -1.4161311e-02   2.9850000e+03
  -2.4611674e-02   3.0000000e+03
  -3.4297612e-02   3.0150000e+03
  -4.3048266e-02   3.0300000e+03
  -5.1034506e-02   3.0450000e+03
  -5.8138076e-02   3.0600000e+03
  -6.3788146e-02   3.0750000e+03
  -6.6902645e-02   3.0900000e+03
  -6.5751597e-02   3.1050000e+03
  -5.8414541e-02   3.1200000e+03
  -4.4190235e-02   3.1350000e+03
  -2.4893362e-02   3.1500000e+03
  -4.5738118e-03   3.1650000e+03
   1.2289936e-02   3.1800000e+03
   2.2537503e-02   3.1950000e+03
   2.4841463e-02   3.2100000e+03
   1.9395988e-02   3.2250000e+03
   7.7100564e-03   3.2400000e+03
  -7.4716574e-03   3.2550000e+03
  -2.2728186e-02   3.2700000e+03
  -3.4995254e-02   3.2850000e+03
  -4.2317744e-02   3.3000000e+03
  -4.3895524e-02   3.3150000e+03
  -3.9820544e-02   3.3300000e+03
  -3.0970827e-02   3.3450000e+03
  -1.8931564e-02   3.3600000e+03
  -5.6431219e-03   3.3750000e+03
   7.0504043e-03   3.3900000e+03
   1.7541092e-02   3.4050000e+03
   2.4297213e-02   3.4200000e+03
   2.5836501e-02   3.4350000e+03
   2.1095749e-02   3.4500000e+03
   1.0012122e-02   3.4650000e+03
  -6.0681100e-03   3.4800000e+03
  -2.4495753e-02   3.4950000e+03
  -4.2137634e-02   3.5100000e+03
  -5.6687377e-02   3.5250000e+03
  -6.7627631e-02   3.5400000e+03
  -7.5927228e-02   3.5550000e+03
  -8.2525752e-02   3.5700000e+03
  -8.6881749e-02   3.5850000e+03
  -8.6944222e-02   3.6000000e+03
  -8.0615588e-02   3.6150000e+03
  -6.7429438e-02   3.6300000e+03
  -4.9087431e-02   3.6450000e+03
  -2.8576229e-02   3.6600000e+03
  -8.6669000e-03   3.6750000e+03
   9.1500161e-03   3.6900000e+03
   2.4746677e-02   3.7050000e+03
   3.8634270e-02   3.7200000e+03
   5.1076353e-02   3.7350000e+03
   6.1648164e-02   3.7500000e+03
   6.9395415e-02   3.7650000e+03
   7.3286295e-02   3.7800000e+03
   7.2598487e-02   3.7950000e+03
   6.7174643e-02   3.8100000e+03
   5.7653256e-02   3.8250000e+03
   4.5609824e-02   3.8400000e+03
   3.3346932e-02   3.8550000e+03
   2.3242375e-02   3.8700000e+03
   1.6972268e-02   3.8850000e+03
   1.5071457e-02   3.9000000e+03
   1.6982494e-02   3.9150000e+03
   2.1352377e-02   3.9300000e+03
   2.6313504e-02   3.9450000e+03
   2.9783195e-02   3.9600000e+03
   2.9978996e-02   3.9750000e+03
   2.6119828e-02   3.9900000e+03
   1.8933775e-02   4.0050000e+03
   1.0559452e-02   4.0200000e+03
   3.7827289e-03   4.0350000e+03
   9.6485630e-04   4.0500000e+03
   3.1726013e-03   4.0650000e+03
   9.8772775e-03   4.0800000e+03
   1.9285958e-02   4.0950000e+03
   2.9061219e-02   4.1100000e+03
   3.7042465e-02   4.1250000e+03
   4.1714579e-02   4.1400000e+03
   4.2448197e-02   4.1550000e+03
   3.9637882e-02   4.1700000e+03
   3.4673870e-02   4.1850000e+03
   2.9513489e-02   4.2000000e+03
   2.5821654e-02   4.2150000e+03
   2.4093326e-02   4.2300000e+03
   2.3340793e-02   4.2450000e+03
   2.1577926e-02   4.2600000e+03
   1.6793961e-02   4.2750000e+03
   7.8763189e-03   4.2900000e+03
  -4.8770364e-03   4.3050000e+03
  -1.9714657e-02   4.3200000e+03
  -3.3781152e-02   4.3350000e+03
  -4.3807965e-02   4.3500000e+03
  -4.7084268e-02   4.3650000e+03
  -4.2477254e-02   4.3800000e+03
  -3.1057060e-02   4.3950000e+03
  -1.5893448e-02   4.4100000e+03
  -9.6757023e-04   4.4250000e+03
   1.0324914e-02   4.4400000e+03
   1.6322624e-02   4.4550000e+03
   1.7341632e-02   4.4700000e+03
   1.4989913e-02   4.4850000e+03
   1.1050263e-02   4.5000000e+03
