  -1.1296562e-03   0.0000000e+00
  -1.1297266e-03   1.5000000e+01
  -1.1298792e-03   3.0000000e+01
  -1.1300254e-03   4.5000000e+01
  -1.1301565e-03   6.0000000e+01
  -1.1302597e-03   7.5000000e+01
  -1.1303232e-03   9.0000000e+01
  -1.1304514e-03   1.0500000e+02
  -1.1307348e-03   1.2000000e+02
  -1.1310872e-03   1.3500000e+02
  -1.1313917e-03   1.5000000e+02
  -1.1316509e-03   1.6500000e+02
  -1.1318772e-03   1.8000000e+02
  -1.1320212e-03   1.9500000e+02
  -1.1320640e-03   2.1000000e+02
  -1.1320723e-03   2.2500000e+02
  -1.1321473e-03   2.4000000e+02
  -1.1323604e-03   2.5500000e+02
  -1.1326986e-03   2.7000000e+02
  -1.1330711e-03   2.8500000e+02
  -1.1334023e-03   3.0000000e+02
  -1.1336769e-03   3.1500000e+02
  -1.1339193e-03   3.3000000e+02
  -1.1341566e-03   3.4500000e+02
  -1.1344183e-03   3.6000000e+02
  -1.1347511e-03   3.7500000e+02
  -1.1351563e-03   3.9000000e+02
  -1.1355960e-03   4.0500000e+02
  -1.1360516e-03   4.2000000e+02
  -1.1363911e-03   4.3500000e+02
  -1.1361049e-03   4.5000000e+02
  -1.1340075e-03   4.6500000e+02
  -1.1276741e-03   4.8000000e+02
  -1.1125556e-03   4.9500000e+02
  -1.0817376e-03   5.1000000e+02
  -1.0280882e-03   5.2500000e+02
  -9.4973465e-04   5.4000000e+02
  -8.5687923e-04   5.5500000e+02
  -7.7434402e-04   5.7000000e+02
  -7.3316548e-04   5.8500000e+02
  -7.5070013e-04   6.0000000e+02
  -8.1185054e-04   6.1500000e+02
  -8.7159884e-04   6.3000000e+02
  -8.8571489e-04   6.4500000e+02
  -8.4699987e-04   6.6000000e+02
  -7.8957767e-04   6.7500000e+02
  -7.5043185e-04   6.9000000e+02
  -7.2680844e-04   7.0500000e+02
  -6.8064354e-04   7.2000000e+02
  -5.8874500e-04   7.3500000e+02
  -4.7809930e-04   7.5000000e+02
  -4.0090116e-04   7.6500000e+02
  -3.8156367e-04   7.8000000e+02
  -4.0347199e-04   7.9500000e+02
  -4.4382591e-04   8.1000000e+02
  -4.9741450e-04   8.2500000e+02
  -5.5711227e-04   8.4000000e+02
  -5.9605669e-04   8.5500000e+02
  -5.9497514e-04   8.7000000e+02
  -5.7599053e-04   8.8500000e+02
  -5.8146776e-04   9.0000000e+02
  -6.2151201e-04   9.1500000e+02
  -6.6748855e-04   9.3000000e+02
  -6.9626613e-04   9.4500000e+02
  -7.1236270e-04   9.6000000e+02
  -7.2352757e-04   9.7500000e+02
  -7.2594255e-04   9.9000000e+02
  -7.2355242e-04   1.0050000e+03
  -7.3339959e-04   1.0200000e+03
  -7.5871666e-04   1.0350000e+03
  -7.8037218e-04   1.0500000e+03
  -7.8629685e-04   1.0650000e+03
  -7.8835041e-04   1.0800000e+03
  -8.0068316e-04   1.0950000e+03
  -8.2012056e-04   1.1100000e+03
  -8.3637686e-04   1.1250000e+03
  -8.4672344e-04   1.1400000e+03
  -8.5346011e-04   1.1550000e+03
  -8.5717981e-04   1.1700000e+03
  -8.5811462e-04   1.1850000e+03
  -8.5857889e-04   1.2000000e+03
  -8.6114416e-04   1.2150000e+03
  -8.6765114e-04   1.2300000e+03
  -8.8139629e-04   1.2450000e+03
  -9.0687140e-04   1.2600000e+03
  -9.4419572e-04   1.2750000e+03
  -9.8515593e-04   1.2900000e+03
  -1.0176963e-03   1.3050000e+03
  -1.0342736e-03   1.3200000e+03
  -1.0358094e-03   1.3350000e+03
  -1.0315349e-03   1.3500000e+03
  -1.0361385e-03   1.3650000e+03
  -1.0597992e-03   1.3800000e+03
  -1.0959244e-03   1.3950000e+03
  -1.1246009e-03   1.4100000e+03
  -1.1339996e-03   1.4250000e+03
  -1.1341342e-03   1.4400000e+03
  -1.1447605e-03   1.4550000e+03
  -1.1734287e-03   1.4700000e+03
  -1.2094080e-03   1.4850000e+03
  -1.2365603e-03   1.5000000e+03
  -1.2492773e-03   1.5150000e+03
  -1.2567723e-03   1.5300000e+03
  -1.2725176e-03   1.5450000e+03
  -1.2993939e-03   1.5600000e+03
  -1.3272498e-03   1.5750000e+03
  -1.3464236e-03   1.5900000e+03
  -1.3600966e-03   1.6050000e+03
  -1.3789422e-03   1.6200000e+03
  -1.4058090e-03   1.6350000e+03
  -1.4322205e-03   1.6500000e+03
  -1.4511765e-03   1.6650000e+03
  -1.4668597e-03   1.6800000e+03
  -1.4871977e-03   1.6950000e+03
  -1.5117155e-03   1.7100000e+03
  -1.5336203e-03   1.7250000e+03
  -1.5515822e-03   1.7400000e+03
  -1.5716041e-03   1.7550000e+03
  -1.5968812e-03   1.7700000e+03
  -1.6230623e-03   1.7850000e+03
  -1.6458000e-03   1.8000000e+03
  -1.6670487e-03   1.8150000e+03
  -1.6906942e-03   1.8300000e+03
  -1.7164686e-03   1.8450000e+03
  -1.7417470e-03   1.8600000e+03
  -1.7662890e-03   1.8750000e+03
  -1.7917455e-03   1.8900000e+03
  -1.8183001e-03   1.9050000e+03
  -1.8447523e-03   1.9200000e+03
  -1.8710267e-03   1.9350000e+03
  -1.8983516e-03   1.9500000e+03
  -1.9274662e-03   1.9650000e+03
  -1.9582298e-03   1.9800000e+03
  -1.9904873e-03   1.9950000e+03
  -2.0239071e-03   2.0100000e+03
  -2.0574066e-03   2.0250000e+03
  -2.0901542e-03   2.0400000e+03
  -2.1229307e-03   2.0550000e+03
  -2.1574928e-03   2.0700000e+03
  -2.1949357e-03   2.0850000e+03
  -2.2354368e-03   2.1000000e+03
  -2.2789494e-03   2.1150000e+03
  -2.3250910e-03   2.1300000e+03
  -2.3727790e-03   2.1450000e+03
  -2.4209339e-03   2.1600000e+03
  -2.4694139e-03   2.1750000e+03
  -2.5187568e-03   2.1900000e+03
  -2.5694440e-03   2.2050000e+03
  -2.6220891e-03   2.2200000e+03
  -2.6780046e-03   2.2350000e+03
  -2.7386444e-03   2.2500000e+03
  -2.8042879e-03   2.2650000e+03
  -2.8738352e-03   2.2800000e+03
  -2.9460506e-03   2.2950000e+03
  -3.0205594e-03   2.3100000e+03
  -3.0975847e-03   2.3250000e+03
  -3.1772931e-03   2.3400000e+03
  -3.2598076e-03   2.3550000e+03
  -3.3457119e-03   2.3700000e+03
  -3.4362902e-03   2.3850000e+03
  -3.5331559e-03   2.4000000e+03
  -3.6375248e-03   2.4150000e+03
  -3.7497873e-03   2.4300000e+03
  -3.8697079e-03   2.4450000e+03
  -3.9969389e-03   2.4600000e+03
  -4.1312817e-03   2.4750000e+03
  -4.2727017e-03   2.4900000e+03
  -4.4214777e-03   2.5050000e+03
  -4.5785150e-03   2.5200000e+03
  -4.7453525e-03   2.5350000e+03
  -4.9236049e-03   2.5500000e+03
  -5.1143328e-03   2.5650000e+03
  -5.3180680e-03   2.5800000e+03
  -5.5355285e-03   2.5950000e+03
  -5.7682293e-03   2.6100000e+03
  -6.0182991e-03   2.6250000e+03
  -6.2877699e-03   2.6400000e+03
  -6.5781046e-03   2.6550000e+03
  -6.8902001e-03   2.6700000e+03
  -7.2242673e-03   2.6850000e+03
  -7.5789690e-03   2.7000000e+03
  -7.9494538e-03   2.7150000e+03
  -8.3238985e-03   2.7300000e+03
  -8.6774845e-03   2.7450000e+03
  -8.9618135e-03   2.7600000e+03
  -9.0870718e-03   2.7750000e+03
  -8.8941241e-03   2.7900000e+03
  -8.1150886e-03   2.8050000e+03
  -6.3250614e-03   2.8200000e+03
  -2.8950635e-03   2.8350000e+03
   3.0329733e-03   2.8500000e+03
   1.2515422e-02   2.8650000e+03
   2.6675981e-02   2.8800000e+03
   4.6431705e-02   2.8950000e+03
   7.2061457e-02   2.9100000e+03
   1.0266773e-01   2.9250000e+03
   1.3567990e-01   2.9400000e+03
   1.6664319e-01   2.9550000e+03
   1.8957366e-01   2.9700000e+03
   1.9806841e-01   2.9850000e+03
   1.8710315e-01   3.0000000e+03
   1.5507096e-01   3.0150000e+03
   1.0526956e-01   3.0300000e+03
   4.5963496e-02   3.0450000e+03
  -1.1480061e-02   3.0600000e+03
  -5.6068104e-02   3.0750000e+03
  -8.1019536e-02   3.0900000e+03
  -8.6192667e-02   3.1050000e+03
  -7.7703774e-02   3.1200000e+03
  -6.4634904e-02   3.1350000e+03
  -5.4359693e-02   3.1500000e+03
  -4.8998449e-02   3.1650000e+03
  -4.5079451e-02   3.1800000e+03
  -3.6686994e-02   3.1950000e+03
  -2.0222122e-02   3.2100000e+03
   2.2190614e-03   3.2250000e+03
   2.3099151e-02   3.2400000e+03
   3.3337440e-02   3.2550000e+03
   2.7545698e-02   3.2700000e+03
   7.4122199e-03   3.2850000e+03
  -1.8819008e-02   3.3000000e+03
  -4.0421952e-02   3.3150000e+03
  -4.9362443e-02   3.3300000e+03
  -4.3655526e-02   3.3450000e+03
  -2.7360057e-02   3.3600000e+03
  -7.8212405e-03   3.3750000e+03
   7.8111775e-03   3.3900000e+03
   1.4945380e-02   3.4050000e+03
   1.2282849e-02   3.4200000e+03
   1.5923409e-03   3.4350000e+03
  -1.2759092e-02   3.4500000e+03
  -2.4596605e-02   3.4650000e+03
  -2.7640931e-02   3.4800000e+03
  -1.8186865e-02   3.4950000e+03
   2.3424416e-03   3.5100000e+03
   2.6736502e-02   3.5250000e+03
   4.4428498e-02   3.5400000e+03
   4.6537582e-02   3.5550000e+03
   3.1128159e-02   3.5700000e+03
   5.3248382e-03   3.5850000e+03
  -1.7967897e-02   3.6000000e+03
  -2.7667996e-02   3.6150000e+03
  -2.1710083e-02   3.6300000e+03
  -8.3616292e-03   3.6450000e+03
  -3.8040933e-05   3.6600000e+03
  -3.9628888e-03   3.6750000e+03
  -1.6929783e-02   3.6900000e+03
  -2.8289929e-02   3.7050000e+03
  -2.8626094e-02   3.7200000e+03
  -1.7155886e-02   3.7350000e+03
  -2.2852127e-03   3.7500000e+03
   4.7125616e-03   3.7650000e+03
  -2.1296516e-03   3.7800000e+03
  -1.9434389e-02   3.7950000e+03
  -3.7267249e-02   3.8100000e+03
  -4.6508562e-02   3.8250000e+03
  -4.5435108e-02   3.8400000e+03
  -4.0863227e-02   3.8550000e+03
  -4.3100081e-02   3.8700000e+03
  -5.8117308e-02   3.8850000e+03
  -8.2007252e-02   3.9000000e+03
  -1.0123732e-01   3.9150000e+03
  -9.8841980e-02   3.9300000e+03
  -6.3409410e-02   3.9450000e+03
   3.9350856e-03   3.9600000e+03
   8.8452928e-02   3.9750000e+03
   1.6728999e-01   3.9900000e+03
   2.1848223e-01   4.0050000e+03
   2.2873186e-01   4.0200000e+03
   1.9669311e-01   4.0350000e+03
   1.3164701e-01   4.0500000e+03
   4.9636241e-02   4.0650000e+03
  -3.0904707e-02   4.0800000e+03
  -9.3279116e-02   4.0950000e+03
  -1.2635037e-01   4.1100000e+03
  -1.2733209e-01   4.1250000e+03
  -1.0195297e-01   4.1400000e+03
  -6.1035663e-02   4.1550000e+03
  -1.4923451e-02   4.1700000e+03
   3.0567020e-02   4.1850000e+03
   7.3405549e-02   4.2000000e+03
   1.1016505e-01   4.2150000e+03
   1.3102271e-01   4.2300000e+03
   1.2073682e-01   4.2450000e+03
   6.7622714e-02   4.2600000e+03
  -2.3988346e-02   4.2750000e+03
  -1.2674877e-01   4.2900000e+03
  -1.9618914e-01   4.3050000e+03
  -1.8988524e-01   4.3200000e+03
  -9.1860250e-02   4.3350000e+03
   7.0818596e-02   4.3500000e+03
   2.3114119e-01   4.3650000e+03
   3.0900136e-01   4.3800000e+03
   2.5289810e-01   4.3950000e+03
   7.5009935e-02   4.4100000e+03
  -1.4466187e-01   4.4250000e+03
  -2.9525000e-01   4.4400000e+03
  -2.9675546e-01   4.4550000e+03
  -1.4935717e-01   4.4700000e+03
   6.3656837e-02   4.4850000e+03
   2.2432891e-01   4.5000000e+03
