   7.1405536e-03   0.0000000e+00
   7.1402835e-03   1.5000000e+01
   7.1396520e-03   3.0000000e+01
   7.1390583e-03   4.5000000e+01
   7.1386127e-03   6.0000000e+01
   7.1377624e-03   7.5000000e+01
   7.1357917e-03   9.0000000e+01
   7.1328296e-03   1.0500000e+02
   7.1302066e-03   1.2000000e+02
   7.1291835e-03   1.3500000e+02
   7.1287947e-03   1.5000000e+02
   7.1251737e-03   1.6500000e+02
   7.1126684e-03   1.8000000e+02
   7.0811063e-03   1.9500000e+02
   7.0023588e-03   2.1000000e+02
   6.8139900e-03   2.2500000e+02
   6.4337300e-03   2.4000000e+02
   5.8394154e-03   2.5500000e+02
   5.1784525e-03   2.7000000e+02
   4.7638402e-03   2.8500000e+02
   4.8443754e-03   3.0000000e+02
   5.3096949e-03   3.1500000e+02
   5.7171076e-03   3.3000000e+02
   5.7436307e-03   3.4500000e+02
   5.5545233e-03   3.6000000e+02
   5.5543920e-03   3.7500000e+02
   5.8222646e-03   3.9000000e+02
   6.0463897e-03   4.0500000e+02
   6.0367486e-03   4.2000000e+02
   5.9917234e-03   4.3500000e+02
   6.1282334e-03   4.5000000e+02
   6.3398057e-03   4.6500000e+02
   6.4301067e-03   4.8000000e+02
   6.4467913e-03   4.9500000e+02
   6.5431027e-03   5.1000000e+02
   6.6923145e-03   5.2500000e+02
   6.7733005e-03   5.4000000e+02
   6.8021817e-03   5.5500000e+02
   6.8766414e-03   5.7000000e+02
   6.9910730e-03   5.8500000e+02
   7.0734383e-03   6.0000000e+02
   7.1325051e-03   6.1500000e+02
   7.2298697e-03   6.3000000e+02
   7.3592705e-03   6.4500000e+02
   7.4686753e-03   6.6000000e+02
   7.5543262e-03   6.7500000e+02
   7.6362481e-03   6.9000000e+02
   7.6861363e-03   7.0500000e+02
   7.6551293e-03   7.2000000e+02
   7.5309118e-03   7.3500000e+02
   7.3205438e-03   7.5000000e+02
   7.0301830e-03   7.6500000e+02
   6.7078639e-03   7.8000000e+02
   6.4653726e-03   7.9500000e+02
   6.4101233e-03   8.1000000e+02
   6.5521919e-03   8.2500000e+02
   6.7702569e-03   8.4000000e+02
   6.8554985e-03   8.5500000e+02
   6.6301199e-03   8.7000000e+02
   6.0881777e-03   8.8500000e+02
   5.4167393e-03   9.0000000e+02
   4.8202951e-03   9.1500000e+02
   4.3142615e-03   9.3000000e+02
   3.7657446e-03   9.4500000e+02
   3.2581596e-03   9.6000000e+02
   3.6075248e-03   9.7500000e+02
   6.9256262e-03   9.9000000e+02
   1.7406693e-02   1.0050000e+03
   4.2411402e-02   1.0200000e+03
   9.2969291e-02   1.0350000e+03
   1.8140684e-01   1.0500000e+03
   3.1331640e-01   1.0650000e+03
   4.7328502e-01   1.0800000e+03
   6.0975260e-01   1.0950000e+03
   6.3256127e-01   1.1100000e+03
   4.4078252e-01   1.1250000e+03
  -1.2432398e-02   1.1400000e+03
  -6.4270329e-01   1.1550000e+03
  -1.2068474e+00   1.1700000e+03
  -1.3897038e+00   1.1850000e+03
  -1.0029558e+00   1.2000000e+03
  -1.7739183e-01   1.2150000e+03
   6.3458562e-01   1.2300000e+03
   9.3206728e-01   1.2450000e+03
   5.5754530e-01   1.2600000e+03
  -1.3193300e-01   1.2750000e+03
  -5.3626734e-01   1.2900000e+03
  -3.4528491e-01   1.3050000e+03
   1.6629364e-01   1.3200000e+03
   4.1656408e-01   1.3350000e+03
   1.2411667e-01   1.3500000e+03
  -3.9120841e-01   1.3650000e+03
  -5.6019056e-01   1.3800000e+03
  -1.9153745e-01   1.3950000e+03
   3.3117747e-01   1.4100000e+03
   4.9628308e-01   1.4250000e+03
   2.1710142e-01   1.4400000e+03
  -1.4318083e-01   1.4550000e+03
  -2.4251136e-01   1.4700000e+03
  -1.1367420e-01   1.4850000e+03
  -6.7667365e-03   1.5000000e+03
  -8.2493788e-03   1.5150000e+03
   3.5053693e-02   1.5300000e+03
   2.2523735e-01   1.5450000e+03
   3.9815873e-01   1.5600000e+03
   3.0317533e-01   1.5750000e+03
  -5.2475084e-02   1.5900000e+03
  -3.5846603e-01   1.6050000e+03
  -3.3834770e-01   1.6200000e+03
  -5.8544997e-02   1.6350000e+03
   1.6987552e-01   1.6500000e+03
   1.6107431e-01   1.6650000e+03
   2.7157834e-02   1.6800000e+03
  -3.2993708e-02   1.6950000e+03
  -3.1009561e-03   1.7100000e+03
  -1.1129445e-02   1.7250000e+03
  -8.8116057e-02   1.7400000e+03
  -1.1267255e-01   1.7550000e+03
  -1.4815094e-02   1.7700000e+03
   9.6938126e-02   1.7850000e+03
   8.7265931e-02   1.8000000e+03
  -1.7770259e-02   1.8150000e+03
  -8.6416602e-02   1.8300000e+03
  -6.3005529e-02   1.8450000e+03
   3.5020304e-03   1.8600000e+03
   6.5511346e-02   1.8750000e+03
   1.0382897e-01   1.8900000e+03
   8.0925830e-02   1.9050000e+03
  -1.5200259e-02   1.9200000e+03
  -9.4906010e-02   1.9350000e+03
  -5.6296635e-02   1.9500000e+03
   5.0999288e-02   1.9650000e+03
   7.7507034e-02   1.9800000e+03
  -2.3022464e-03   1.9950000e+03
  -5.3853247e-02   2.0100000e+03
   9.7514642e-04   2.0250000e+03
   6.8831906e-02   2.0400000e+03
   4.4970766e-02   2.0550000e+03
  -2.8731981e-02   2.0700000e+03
  -4.5009043e-02   2.0850000e+03
   9.2933038e-03   2.1000000e+03
   5.4453880e-02   2.1150000e+03
   3.6916565e-02   2.1300000e+03
  -1.6044617e-02   2.1450000e+03
  -4.7088694e-02   2.1600000e+03
  -3.4576859e-02   2.1750000e+03
  -5.2026403e-03   2.1900000e+03
   2.9633380e-03   2.2050000e+03
  -1.7298816e-02   2.2200000e+03
  -4.0046524e-02   2.2350000e+03
  -4.2975843e-02   2.2500000e+03
  -3.2189295e-02   2.2650000e+03
  -2.3645995e-02   2.2800000e+03
  -1.6792919e-02   2.2950000e+03
  -3.0118905e-03   2.3100000e+03
   1.2612971e-02   2.3250000e+03
   1.8591398e-02   2.3400000e+03
   1.6559640e-02   2.3550000e+03
   1.3793968e-02   2.3700000e+03
   7.3605515e-03   2.3850000e+03
  -5.3773075e-03   2.4000000e+03
  -1.3927432e-02   2.4150000e+03
  -9.5856441e-03   2.4300000e+03
   5.8533903e-04   2.4450000e+03
   7.1324464e-03   2.4600000e+03
   1.1106889e-02   2.4750000e+03
   1.4944786e-02   2.4900000e+03
   1.4253901e-02   2.5050000e+03
   5.9677078e-03   2.5200000e+03
  -5.2336017e-03   2.5350000e+03
  -1.3499720e-02   2.5500000e+03
  -1.7465264e-02   2.5650000e+03
  -1.6544200e-02   2.5800000e+03
  -8.8477572e-03   2.5950000e+03
   3.9975103e-03   2.6100000e+03
   1.5822712e-02   2.6250000e+03
   2.1914538e-02   2.6400000e+03
   2.1617146e-02   2.6550000e+03
   1.5604351e-02   2.6700000e+03
   5.8040102e-03   2.6850000e+03
  -2.9717453e-03   2.7000000e+03
  -5.9930566e-03   2.7150000e+03
  -3.0618585e-03   2.7300000e+03
   2.0025596e-03   2.7450000e+03
   5.4284292e-03   2.7600000e+03
   6.0728374e-03   2.7750000e+03
   5.0847521e-03   2.7900000e+03
   4.2744204e-03   2.8050000e+03
   4.8928312e-03   2.8200000e+03
   7.1650101e-03   2.8350000e+03
   1.0006543e-02   2.8500000e+03
   1.1048615e-02   2.8650000e+03
   7.8195380e-03   2.8800000e+03
  -2.1462874e-04   2.8950000e+03
  -1.0676057e-02   2.9100000e+03
  -1.9569984e-02   2.9250000e+03
  -2.3383064e-02   2.9400000e+03
  -1.9981498e-02   2.9550000e+03
  -8.9772046e-03   2.9700000e+03
   6.8865591e-03   2.9850000e+03
   2.0909268e-02   3.0000000e+03
   2.5154274e-02   3.0150000e+03
   1.5827462e-02   3.0300000e+03
  -3.3165098e-03   3.0450000e+03
  -2.2570411e-02   3.0600000e+03
  -3.1694040e-02   3.0750000e+03
  -2.5833445e-02   3.0900000e+03
  -8.5948324e-03   3.1050000e+03
   1.0148058e-02   3.1200000e+03
   2.1018066e-02   3.1350000e+03
   2.1318574e-02   3.1500000e+03
   1.5202059e-02   3.1650000e+03
   8.3862282e-03   3.1800000e+03
   3.4151699e-03   3.1950000e+03
  -3.9853566e-04   3.2100000e+03
  -4.0885173e-03   3.2250000e+03
  -7.0997784e-03   3.2400000e+03
  -7.6388954e-03   3.2550000e+03
  -4.2566853e-03   3.2700000e+03
   2.5449770e-03   3.2850000e+03
   9.7741401e-03   3.3000000e+03
   1.3499285e-02   3.3150000e+03
   1.1827307e-02   3.3300000e+03
   6.5275058e-03   3.3450000e+03
   1.3583326e-03   3.3600000e+03
  -1.2859819e-03   3.3750000e+03
  -1.9250024e-03   3.3900000e+03
  -2.4678491e-03   3.4050000e+03
  -3.7486975e-03   3.4200000e+03
  -4.8453864e-03   3.4350000e+03
  -4.5259381e-03   3.4500000e+03
  -2.8943522e-03   3.4650000e+03
  -1.4062016e-03   3.4800000e+03
  -1.3595028e-03   3.4950000e+03
  -2.5910398e-03   3.5100000e+03
  -3.7960401e-03   3.5250000e+03
  -3.9822725e-03   3.5400000e+03
  -3.2477621e-03   3.5550000e+03
  -2.0623130e-03   3.5700000e+03
  -3.7356585e-04   3.5850000e+03
   1.8559156e-03   3.6000000e+03
   3.3474083e-03   3.6150000e+03
   1.7764149e-03   3.6300000e+03
  -3.8311193e-03   3.6450000e+03
  -1.1237591e-02   3.6600000e+03
  -1.6361965e-02   3.6750000e+03
  -1.6828163e-02   3.6900000e+03
  -1.3857482e-02   3.7050000e+03
  -1.0530503e-02   3.7200000e+03
  -8.5692536e-03   3.7350000e+03
  -7.0918016e-03   3.7500000e+03
  -4.1467398e-03   3.7650000e+03
   1.0938698e-03   3.7800000e+03
   7.5938036e-03   3.7950000e+03
   1.3203157e-02   3.8100000e+03
   1.5733577e-02   3.8250000e+03
   1.3801786e-02   3.8400000e+03
   7.6278150e-03   3.8550000e+03
  -5.2047905e-04   3.8700000e+03
  -7.1958085e-03   3.8850000e+03
  -9.9448077e-03   3.9000000e+03
  -8.9161135e-03   3.9150000e+03
  -6.0712113e-03   3.9300000e+03
  -2.8085609e-03   3.9450000e+03
   1.1457162e-03   3.9600000e+03
   6.2924940e-03   3.9750000e+03
   1.1451460e-02   3.9900000e+03
   1.4123680e-02   4.0050000e+03
   1.2809377e-02   4.0200000e+03
   8.3786920e-03   4.0350000e+03
   2.9451293e-03   4.0500000e+03
  -2.0464063e-03   4.0650000e+03
  -6.1477805e-03   4.0800000e+03
  -8.8454923e-03   4.0950000e+03
  -9.2019476e-03   4.1100000e+03
  -6.9244355e-03   4.1250000e+03
  -3.2279440e-03   4.1400000e+03
  -5.1864936e-05   4.1550000e+03
   1.4948995e-03   4.1700000e+03
   1.6342173e-03   4.1850000e+03
   1.1306732e-03   4.2000000e+03
   5.1192765e-04   4.2150000e+03
  -4.6386049e-06   4.2300000e+03
  -4.4583259e-04   4.2450000e+03
  -1.2424443e-03   4.2600000e+03
  -3.0538316e-03   4.2750000e+03
  -6.0138544e-03   4.2900000e+03
  -9.2773354e-03   4.3050000e+03
  -1.1601209e-02   4.3200000e+03
  -1.2293601e-02   4.3350000e+03
  -1.1405210e-02   4.3500000e+03
  -9.2180418e-03   4.3650000e+03
  -5.9848912e-03   4.3800000e+03
  -2.1929163e-03   4.3950000e+03
   1.3174487e-03   4.4100000e+03
   3.7469408e-03   4.4250000e+03
   4.7855726e-03   4.4400000e+03
   4.6854992e-03   4.4550000e+03
   4.1008913e-03   4.4700000e+03
   3.8410954e-03   4.4850000e+03
   4.3769008e-03   4.5000000e+03
