  -5.9234636e-04   1.5000000e+03
   1.4012573e-02   1.5150000e+03
   4.4835709e-02   1.5300000e+03
   1.0229274e-01   1.5450000e+03
   1.9693545e-01   1.5600000e+03
   3.3225960e-01   1.5750000e+03
   4.9300364e-01   1.5900000e+03
   6.3341421e-01   1.6050000e+03
   6.7617255e-01   1.6200000e+03
   5.3545505e-01   1.6350000e+03
   1.6889520e-01   1.6500000e+03
  -3.6078915e-01   1.6650000e+03
  -8.6177957e-01   1.6800000e+03
  -1.0771106e+00   1.6950000e+03
  -8.3809656e-01   1.7100000e+03
  -2.2100620e-01   1.7250000e+03
   4.3367478e-01   1.7400000e+03
   7.1596044e-01   1.7550000e+03
   4.5212531e-01   1.7700000e+03
  -1.3021357e-01   1.7850000e+03
  -5.6340635e-01   1.8000000e+03
  -5.2780139e-01   1.8150000e+03
  -1.2091462e-01   1.8300000e+03
   2.5572431e-01   1.8450000e+03
   2.8307405e-01   1.8600000e+03
   1.7158872e-03   1.8750000e+03
  -2.7081242e-01   1.8900000e+03
  -2.5700054e-01   1.9050000e+03
   4.4333361e-02   1.9200000e+03
   3.7317273e-01   1.9350000e+03
   4.2134053e-01   1.9500000e+03
   9.5314212e-02   1.9650000e+03
  -3.5502654e-01   1.9800000e+03
  -5.1643461e-01   1.9950000e+03
  -2.3019266e-01   2.0100000e+03
   1.9295245e-01   2.0250000e+03
   3.0830112e-01   2.0400000e+03
   7.6076582e-02   2.0550000e+03
  -1.2137546e-01   2.0700000e+03
  -3.3414088e-02   2.0850000e+03
   1.3877745e-01   2.1000000e+03
   1.1727551e-01   2.1150000e+03
  -1.3647913e-02   2.1300000e+03
  -8.6787781e-03   2.1450000e+03
   8.7417722e-02   2.1600000e+03
   3.4832940e-02   2.1750000e+03
  -1.4257215e-01   2.1900000e+03
