  -6.9770846e-03   1.5000000e+02
  -6.9919908e-03   1.6500000e+02
  -7.0106895e-03   1.8000000e+02
  -7.0330743e-03   1.9500000e+02
  -7.0607071e-03   2.1000000e+02
  -7.0948461e-03   2.2500000e+02
  -7.1344674e-03   2.4000000e+02
  -7.1760146e-03   2.5500000e+02
  -7.2158701e-03   2.7000000e+02
  -7.2528408e-03   2.8500000e+02
  -7.2871489e-03   3.0000000e+02
  -7.3190224e-03   3.1500000e+02
  -7.3497044e-03   3.3000000e+02
  -7.3818550e-03   3.4500000e+02
  -7.4181198e-03   3.6000000e+02
  -7.4602575e-03   3.7500000e+02
  -7.5089564e-03   3.9000000e+02
  -7.5636134e-03   4.0500000e+02
  -7.6234960e-03   4.2000000e+02
  -7.6890364e-03   4.3500000e+02
  -7.7601345e-03   4.5000000e+02
  -7.8342650e-03   4.6500000e+02
  -7.9087792e-03   4.8000000e+02
  -7.9842778e-03   4.9500000e+02
  -8.0634905e-03   5.1000000e+02
  -8.1470693e-03   5.2500000e+02
  -8.2336636e-03   5.4000000e+02
  -8.3256196e-03   5.5500000e+02
  -8.4299939e-03   5.7000000e+02
  -8.5500153e-03   5.8500000e+02
  -8.6808214e-03   6.0000000e+02
