  -1.3305715e-03   1.5000000e+02
  -1.8217886e-03   1.6500000e+02
  -2.3867029e-03   1.8000000e+02
  -3.0256321e-03   1.9500000e+02
  -3.7428050e-03   2.1000000e+02
  -4.5261849e-03   2.2500000e+02
  -5.3135990e-03   2.4000000e+02
  -5.9671127e-03   2.5500000e+02
  -6.2875506e-03   2.7000000e+02
  -6.0293772e-03   2.8500000e+02
  -4.8148050e-03   3.0000000e+02
  -1.9192818e-03   3.1500000e+02
   4.0285294e-03   3.3000000e+02
   1.5459673e-02   3.4500000e+02
   3.6626432e-02   3.6000000e+02
   7.5282849e-02   3.7500000e+02
   1.4613838e-01   3.9000000e+02
   2.7638009e-01   4.0500000e+02
   5.1049590e-01   4.2000000e+02
   9.0428752e-01   4.3500000e+02
   1.4888419e+00   4.5000000e+02
   2.1913633e+00   4.6500000e+02
   2.7507844e+00   4.8000000e+02
   2.7499781e+00   4.9500000e+02
   1.8769447e+00   5.1000000e+02
   2.8728276e-01   5.2500000e+02
  -1.3430451e+00   5.4000000e+02
  -2.2982051e+00   5.5500000e+02
  -2.3890615e+00   5.7000000e+02
  -1.9544693e+00   5.8500000e+02
  -1.4021075e+00   6.0000000e+02
