   8.0093350e-03   1.5000000e+02
   8.4992629e-03   1.6500000e+02
   9.1322465e-03   1.8000000e+02
   9.9558784e-03   1.9500000e+02
   1.1034893e-02   2.1000000e+02
   1.2452058e-02   2.2500000e+02
   1.4303300e-02   2.4000000e+02
   1.6694121e-02   2.5500000e+02
   1.9759569e-02   2.7000000e+02
   2.3702916e-02   2.8500000e+02
   2.8812516e-02   3.0000000e+02
   3.5423167e-02   3.1500000e+02
   4.3822899e-02   3.3000000e+02
   5.4154061e-02   3.4500000e+02
   6.6395625e-02   3.6000000e+02
   8.0488265e-02   3.7500000e+02
   9.6567705e-02   3.9000000e+02
   1.1514857e-01   4.0500000e+02
   1.3704440e-01   4.2000000e+02
   1.6297212e-01   4.3500000e+02
   1.9311956e-01   4.5000000e+02
   2.2706395e-01   4.6500000e+02
   2.6409471e-01   4.8000000e+02
   3.0361244e-01   4.9500000e+02
   3.4532997e-01   5.1000000e+02
   3.8922882e-01   5.2500000e+02
   4.3510664e-01   5.4000000e+02
   4.8153767e-01   5.5500000e+02
   5.2491027e-01   5.7000000e+02
   5.5995119e-01   5.8500000e+02
   5.8207649e-01   6.0000000e+02
