   6.5382820e-04   7.6500000e+02
   3.4173275e-04   7.8000000e+02
   1.3136391e-04   7.9500000e+02
  -1.3949885e-04   8.1000000e+02
  -4.3056608e-04   8.2500000e+02
  -6.8729371e-04   8.4000000e+02
  -1.0385320e-03   8.5500000e+02
  -1.6320029e-03   8.7000000e+02
  -2.3706774e-03   8.8500000e+02
  -3.0144814e-03   9.0000000e+02
  -3.4840426e-03   9.1500000e+02
  -3.7864337e-03   9.3000000e+02
  -3.5015785e-03   9.4500000e+02
  -1.3055997e-03   9.6000000e+02
   5.4177996e-03   9.7500000e+02
   2.1463817e-02   9.9000000e+02
   5.5401783e-02   1.0050000e+03
   1.2104004e-01   1.0200000e+03
   2.3718612e-01   1.0350000e+03
   4.2355067e-01   1.0500000e+03
   6.9011390e-01   1.0650000e+03
   1.0187480e+00   1.0800000e+03
   1.3417627e+00   1.0950000e+03
   1.5313027e+00   1.1100000e+03
   1.4201260e+00   1.1250000e+03
   8.6863351e-01   1.1400000e+03
  -1.3258098e-01   1.1550000e+03
  -1.3758808e+00   1.1700000e+03
  -2.4445810e+00   1.1850000e+03
  -2.8698800e+00   1.2000000e+03
  -2.3962233e+00   1.2150000e+03
  -1.1978079e+00   1.2300000e+03
   1.4477214e-01   1.2450000e+03
   9.6760911e-01   1.2600000e+03
   9.6161026e-01   1.2750000e+03
   3.8502592e-01   1.2900000e+03
  -1.6189919e-01   1.3050000e+03
  -2.4188201e-01   1.3200000e+03
   7.9134867e-02   1.3350000e+03
   3.7585363e-01   1.3500000e+03
   3.3655292e-01   1.3650000e+03
   6.3660108e-02   1.3800000e+03
  -1.0836591e-01   1.3950000e+03
  -3.6466971e-02   1.4100000e+03
   8.2552336e-02   1.4250000e+03
   3.0566936e-03   1.4400000e+03
  -2.3059173e-01   1.4550000e+03
  -3.3926117e-01   1.4700000e+03
  -1.7280376e-01   1.4850000e+03
   1.0624450e-01   1.5000000e+03
   2.4363887e-01   1.5150000e+03
   1.9097149e-01   1.5300000e+03
   8.7251812e-02   1.5450000e+03
   1.6653439e-02   1.5600000e+03
  -6.8210542e-02   1.5750000e+03
  -1.8167205e-01   1.5900000e+03
  -2.2092921e-01   1.6050000e+03
  -1.2722275e-01   1.6200000e+03
  -1.5623867e-02   1.6350000e+03
  -1.8857718e-02   1.6500000e+03
  -6.8964347e-02   1.6650000e+03
   1.3874719e-02   1.6800000e+03
