  -5.3865957e-04   7.6500000e+02
  -5.1247387e-04   7.8000000e+02
  -5.4139597e-04   7.9500000e+02
  -5.9673341e-04   8.1000000e+02
  -6.6819898e-04   8.2500000e+02
  -7.4414164e-04   8.4000000e+02
  -7.9244853e-04   8.5500000e+02
  -7.9150038e-04   8.7000000e+02
  -7.6826307e-04   8.8500000e+02
  -7.7387883e-04   9.0000000e+02
  -8.2259503e-04   9.1500000e+02
  -8.8206597e-04   9.3000000e+02
  -9.2289312e-04   9.4500000e+02
  -9.4635127e-04   9.6000000e+02
  -9.6011005e-04   9.7500000e+02
  -9.6197403e-04   9.9000000e+02
  -9.5941243e-04   1.0050000e+03
  -9.7337051e-04   1.0200000e+03
  -1.0071039e-03   1.0350000e+03
  -1.0368065e-03   1.0500000e+03
  -1.0465754e-03   1.0650000e+03
  -1.0500406e-03   1.0800000e+03
  -1.0659695e-03   1.0950000e+03
  -1.0926006e-03   1.1100000e+03
  -1.1166815e-03   1.1250000e+03
  -1.1322311e-03   1.1400000e+03
  -1.1412154e-03   1.1550000e+03
  -1.1459853e-03   1.1700000e+03
  -1.1481552e-03   1.1850000e+03
  -1.1500408e-03   1.2000000e+03
  -1.1538860e-03   1.2150000e+03
  -1.1625461e-03   1.2300000e+03
  -1.1818332e-03   1.2450000e+03
  -1.2181890e-03   1.2600000e+03
  -1.2708823e-03   1.2750000e+03
  -1.3282343e-03   1.2900000e+03
  -1.3742771e-03   1.3050000e+03
  -1.3988267e-03   1.3200000e+03
  -1.4023854e-03   1.3350000e+03
  -1.3971603e-03   1.3500000e+03
  -1.4037177e-03   1.3650000e+03
  -1.4364013e-03   1.3800000e+03
  -1.4860618e-03   1.3950000e+03
  -1.5252995e-03   1.4100000e+03
  -1.5380306e-03   1.4250000e+03
  -1.5381932e-03   1.4400000e+03
  -1.5532011e-03   1.4550000e+03
  -1.5936389e-03   1.4700000e+03
  -1.6443976e-03   1.4850000e+03
  -1.6825425e-03   1.5000000e+03
  -1.7000979e-03   1.5150000e+03
  -1.7102110e-03   1.5300000e+03
  -1.7320368e-03   1.5450000e+03
  -1.7697759e-03   1.5600000e+03
  -1.8092857e-03   1.5750000e+03
  -1.8369319e-03   1.5900000e+03
  -1.8569052e-03   1.6050000e+03
  -1.8840153e-03   1.6200000e+03
  -1.9223499e-03   1.6350000e+03
  -1.9602121e-03   1.6500000e+03
  -1.9879281e-03   1.6650000e+03
  -2.0114724e-03   1.6800000e+03
