  -1.4378284e-03   7.6500000e+02
  -1.4895594e-03   7.8000000e+02
  -1.5089033e-03   7.9500000e+02
  -1.5792528e-03   8.1000000e+02
  -1.6405266e-03   8.2500000e+02
  -1.6267193e-03   8.4000000e+02
  -1.6008202e-03   8.5500000e+02
  -1.6472938e-03   8.7000000e+02
  -1.7037494e-03   8.8500000e+02
  -1.6374500e-03   9.0000000e+02
  -1.4578374e-03   9.1500000e+02
  -1.3025036e-03   9.3000000e+02
  -1.2053516e-03   9.4500000e+02
  -1.0250276e-03   9.6000000e+02
  -6.3165923e-04   9.7500000e+02
  -2.1419464e-05   9.9000000e+02
   8.0176844e-04   1.0050000e+03
   1.9318041e-03   1.0200000e+03
   3.5050972e-03   1.0350000e+03
   5.6672287e-03   1.0500000e+03
   8.6521683e-03   1.0650000e+03
   1.2806880e-02   1.0800000e+03
   1.8523755e-02   1.0950000e+03
   2.6260147e-02   1.1100000e+03
   3.6655985e-02   1.1250000e+03
   5.0548580e-02   1.1400000e+03
   6.8854734e-02   1.1550000e+03
   9.2511483e-02   1.1700000e+03
   1.2254146e-01   1.1850000e+03
   1.6008115e-01   1.2000000e+03
   2.0623527e-01   1.2150000e+03
   2.6179406e-01   1.2300000e+03
   3.2690048e-01   1.2450000e+03
   4.0067402e-01   1.2600000e+03
   4.8078260e-01   1.2750000e+03
   5.6307918e-01   1.2900000e+03
   6.4151150e-01   1.3050000e+03
   7.0843387e-01   1.3200000e+03
   7.5533360e-01   1.3350000e+03
   7.7398747e-01   1.3500000e+03
   7.5802171e-01   1.3650000e+03
   7.0458096e-01   1.3800000e+03
   6.1552364e-01   1.3950000e+03
   4.9759418e-01   1.4100000e+03
   3.6141962e-01   1.4250000e+03
   2.1963890e-01   1.4400000e+03
   8.4710121e-02   1.4550000e+03
  -3.3111863e-02   1.4700000e+03
  -1.2728885e-01   1.4850000e+03
  -1.9571593e-01   1.5000000e+03
  -2.4037063e-01   1.5150000e+03
  -2.6589793e-01   1.5300000e+03
  -2.7766562e-01   1.5450000e+03
  -2.8015471e-01   1.5600000e+03
  -2.7629799e-01   1.5750000e+03
  -2.6773781e-01   1.5900000e+03
  -2.5550032e-01   1.6050000e+03
  -2.4057919e-01   1.6200000e+03
  -2.2420213e-01   1.6350000e+03
  -2.0776980e-01   1.6500000e+03
  -1.9254912e-01   1.6650000e+03
  -1.7931627e-01   1.6800000e+03
