  -1.4894340e-03   1.5000000e+02
  -1.4747931e-03   1.6500000e+02
  -1.4560928e-03   1.8000000e+02
  -1.4312099e-03   1.9500000e+02
  -1.3954719e-03   2.1000000e+02
  -1.3429058e-03   2.2500000e+02
  -1.2683945e-03   2.4000000e+02
  -1.1675198e-03   2.5500000e+02
  -1.0351230e-03   2.7000000e+02
  -8.6431118e-04   2.8500000e+02
  -6.4524537e-04   3.0000000e+02
  -3.6239962e-04   3.1500000e+02
   7.6971446e-06   3.3000000e+02
   4.9401779e-04   3.4500000e+02
   1.1247244e-03   3.6000000e+02
   1.9225009e-03   3.7500000e+02
   2.9059520e-03   3.9000000e+02
   4.0994016e-03   4.0500000e+02
   5.5468013e-03   4.2000000e+02
   7.3130424e-03   4.3500000e+02
   9.4648106e-03   4.5000000e+02
   1.2056553e-02   4.6500000e+02
   1.5146476e-02   4.8000000e+02
   1.8815847e-02   4.9500000e+02
   2.3149358e-02   5.1000000e+02
   2.8200295e-02   5.2500000e+02
   3.4013946e-02   5.4000000e+02
   4.0713154e-02   5.5500000e+02
   4.8540361e-02   5.7000000e+02
   5.7791673e-02   5.8500000e+02
   6.8739630e-02   6.0000000e+02
