   5.4422891e-01   1.5000000e+03
   6.8277419e-01   1.5150000e+03
   8.1503063e-01   1.5300000e+03
   9.1217649e-01   1.5450000e+03
   9.3780363e-01   1.5600000e+03
   8.5682112e-01   1.5750000e+03
   6.4948869e-01   1.5900000e+03
   3.2602057e-01   1.6050000e+03
  -6.6137537e-02   1.6200000e+03
  -4.4997171e-01   1.6350000e+03
  -7.4302059e-01   1.6500000e+03
  -8.8917738e-01   1.6650000e+03
  -8.8149607e-01   1.6800000e+03
  -7.6158303e-01   1.6950000e+03
  -5.9496725e-01   1.7100000e+03
  -4.3818426e-01   1.7250000e+03
  -3.1856379e-01   1.7400000e+03
  -2.3645402e-01   1.7550000e+03
  -1.8149237e-01   1.7700000e+03
  -1.4605254e-01   1.7850000e+03
  -1.2676831e-01   1.8000000e+03
  -1.1900646e-01   1.8150000e+03
  -1.1437616e-01   1.8300000e+03
  -1.0469173e-01   1.8450000e+03
  -8.7473862e-02   1.8600000e+03
  -6.7433096e-02   1.8750000e+03
  -5.3419899e-02   1.8900000e+03
  -5.3446881e-02   1.9050000e+03
  -6.9698922e-02   1.9200000e+03
  -9.5119946e-02   1.9350000e+03
  -1.1457279e-01   1.9500000e+03
  -1.1245605e-01   1.9650000e+03
  -8.3020456e-02   1.9800000e+03
  -3.5314776e-02   1.9950000e+03
   1.1692061e-02   2.0100000e+03
   3.9774828e-02   2.0250000e+03
   4.0193368e-02   2.0400000e+03
   1.6754197e-02   2.0550000e+03
  -1.6221689e-02   2.0700000e+03
  -4.0304948e-02   2.0850000e+03
  -4.2378299e-02   2.1000000e+03
  -2.1786924e-02   2.1150000e+03
   1.0540307e-02   2.1300000e+03
   3.9844599e-02   2.1450000e+03
   5.5148602e-02   2.1600000e+03
   5.2494727e-02   2.1750000e+03
   3.5100047e-02   2.1900000e+03
