  -1.5764730e-03   1.5000000e+03
  -1.5955408e-03   1.5150000e+03
  -1.6164241e-03   1.5300000e+03
  -1.6412985e-03   1.5450000e+03
  -1.6695027e-03   1.5600000e+03
  -1.6975765e-03   1.5750000e+03
  -1.7244339e-03   1.5900000e+03
  -1.7526620e-03   1.6050000e+03
  -1.7839833e-03   1.6200000e+03
  -1.8173235e-03   1.6350000e+03
  -1.8516059e-03   1.6500000e+03
  -1.8869133e-03   1.6650000e+03
  -1.9227841e-03   1.6800000e+03
  -1.9582449e-03   1.6950000e+03
  -1.9936759e-03   1.7100000e+03
  -2.0308858e-03   1.7250000e+03
  -2.0712139e-03   1.7400000e+03
  -2.1139751e-03   1.7550000e+03
  -2.1563277e-03   1.7700000e+03
  -2.1951152e-03   1.7850000e+03
  -2.2298461e-03   1.8000000e+03
  -2.2632442e-03   1.8150000e+03
  -2.2979786e-03   1.8300000e+03
  -2.3341051e-03   1.8450000e+03
  -2.3707608e-03   1.8600000e+03
  -2.4085520e-03   1.8750000e+03
  -2.4486489e-03   1.8900000e+03
  -2.4908527e-03   1.9050000e+03
  -2.5341504e-03   1.9200000e+03
  -2.5782427e-03   1.9350000e+03
  -2.6232677e-03   1.9500000e+03
  -2.6689912e-03   1.9650000e+03
  -2.7155818e-03   1.9800000e+03
  -2.7645750e-03   1.9950000e+03
  -2.8177814e-03   2.0100000e+03
  -2.8754079e-03   2.0250000e+03
  -2.9362109e-03   2.0400000e+03
  -2.9994741e-03   2.0550000e+03
  -3.0658958e-03   2.0700000e+03
  -3.1362511e-03   2.0850000e+03
  -3.2099118e-03   2.1000000e+03
  -3.2850625e-03   2.1150000e+03
  -3.3600561e-03   2.1300000e+03
  -3.4343642e-03   2.1450000e+03
  -3.5088614e-03   2.1600000e+03
  -3.5856331e-03   2.1750000e+03
  -3.6669520e-03   2.1900000e+03
