  -8.2926497e-05   7.6500000e+02
  -2.4627752e-05   7.8000000e+02
  -1.4070929e-05   7.9500000e+02
  -7.3768431e-05   8.1000000e+02
  -1.3874547e-04   8.2500000e+02
  -1.4829084e-04   8.4000000e+02
  -1.2526143e-04   8.5500000e+02
  -1.1729408e-04   8.7000000e+02
  -1.0588588e-04   8.8500000e+02
  -4.5628440e-05   9.0000000e+02
   3.3569588e-05   9.1500000e+02
   5.1678853e-05   9.3000000e+02
   5.6578756e-06   9.4500000e+02
  -1.4095849e-05   9.6000000e+02
   5.0935159e-05   9.7500000e+02
   1.6434569e-04   9.9000000e+02
   2.7513749e-04   1.0050000e+03
   3.8497543e-04   1.0200000e+03
   5.1599205e-04   1.0350000e+03
   6.8421738e-04   1.0500000e+03
   9.2365878e-04   1.0650000e+03
   1.2725132e-03   1.0800000e+03
   1.7257991e-03   1.0950000e+03
   2.2624359e-03   1.1100000e+03
   2.9232134e-03   1.1250000e+03
   3.8068406e-03   1.1400000e+03
   4.9890354e-03   1.1550000e+03
   6.4960262e-03   1.1700000e+03
   8.3608041e-03   1.1850000e+03
   1.0660998e-02   1.2000000e+03
   1.3485345e-02   1.2150000e+03
   1.6891247e-02   1.2300000e+03
   2.0922901e-02   1.2450000e+03
   2.5667602e-02   1.2600000e+03
   3.1275153e-02   1.2750000e+03
   3.7924469e-02   1.2900000e+03
   4.5794670e-02   1.3050000e+03
   5.5066805e-02   1.3200000e+03
   6.5914482e-02   1.3350000e+03
   7.8468136e-02   1.3500000e+03
   9.2808038e-02   1.3650000e+03
   1.0901554e-01   1.3800000e+03
   1.2721913e-01   1.3950000e+03
   1.4755344e-01   1.4100000e+03
   1.7003605e-01   1.4250000e+03
   1.9445738e-01   1.4400000e+03
   2.2037879e-01   1.4550000e+03
   2.4723686e-01   1.4700000e+03
   2.7444434e-01   1.4850000e+03
   3.0136940e-01   1.5000000e+03
   3.2718697e-01   1.5150000e+03
   3.5071942e-01   1.5300000e+03
   3.7040836e-01   1.5450000e+03
   3.8447911e-01   1.5600000e+03
   3.9125311e-01   1.5750000e+03
   3.8951278e-01   1.5900000e+03
   3.7882930e-01   1.6050000e+03
   3.5976288e-01   1.6200000e+03
   3.3381540e-01   1.6350000e+03
   3.0306262e-01   1.6500000e+03
   2.6959309e-01   1.6650000e+03
   2.3507558e-01   1.6800000e+03
