  -3.1793851e-03   1.5000000e+02
  -3.1840017e-03   1.6500000e+02
  -3.1894527e-03   1.8000000e+02
  -3.1957421e-03   1.9500000e+02
  -3.2025860e-03   2.1000000e+02
  -3.2096268e-03   2.2500000e+02
  -3.2168878e-03   2.4000000e+02
  -3.2247726e-03   2.5500000e+02
  -3.2336379e-03   2.7000000e+02
  -3.2434112e-03   2.8500000e+02
  -3.2536027e-03   3.0000000e+02
  -3.2637555e-03   3.1500000e+02
  -3.2738326e-03   3.3000000e+02
  -3.2841426e-03   3.4500000e+02
  -3.2949664e-03   3.6000000e+02
  -3.3062787e-03   3.7500000e+02
  -3.3178867e-03   3.9000000e+02
  -3.3298598e-03   4.0500000e+02
  -3.3423293e-03   4.2000000e+02
  -3.3544856e-03   4.3500000e+02
  -3.3646193e-03   4.5000000e+02
  -3.3718704e-03   4.6500000e+02
  -3.3770395e-03   4.8000000e+02
  -3.3813643e-03   4.9500000e+02
  -3.3855583e-03   5.1000000e+02
  -3.3902633e-03   5.2500000e+02
  -3.3963013e-03   5.4000000e+02
  -3.4038790e-03   5.5500000e+02
  -3.4122660e-03   5.7000000e+02
  -3.4209187e-03   5.8500000e+02
  -3.4300573e-03   6.0000000e+02
