  -4.2915768e-03   7.6500000e+02
  -4.8172474e-03   7.8000000e+02
  -5.0114230e-03   7.9500000e+02
  -5.0670938e-03   8.1000000e+02
  -5.0505898e-03   8.2500000e+02
  -5.0268238e-03   8.4000000e+02
  -5.1937131e-03   8.5500000e+02
  -5.6949113e-03   8.7000000e+02
  -6.3670119e-03   8.8500000e+02
  -6.8743769e-03   9.0000000e+02
  -7.0966948e-03   9.1500000e+02
  -7.2149108e-03   9.3000000e+02
  -7.4133454e-03   9.4500000e+02
  -7.6850750e-03   9.6000000e+02
  -7.9454863e-03   9.7500000e+02
  -8.1006279e-03   9.9000000e+02
  -7.8925639e-03   1.0050000e+03
  -6.8232268e-03   1.0200000e+03
  -4.2559793e-03   1.0350000e+03
   6.9608854e-04   1.0500000e+03
   9.6851122e-03   1.0650000e+03
   2.5706515e-02   1.0800000e+03
   5.3499810e-02   1.0950000e+03
   9.9944644e-02   1.1100000e+03
   1.7439395e-01   1.1250000e+03
   2.8813782e-01   1.1400000e+03
   4.5177498e-01   1.1550000e+03
   6.6952521e-01   1.1700000e+03
   9.3053979e-01   1.1850000e+03
   1.1994828e+00   1.2000000e+03
   1.4119198e+00   1.2150000e+03
   1.4823964e+00   1.2300000e+03
   1.3309461e+00   1.2450000e+03
   9.2446214e-01   1.2600000e+03
   3.1490096e-01   1.2750000e+03
  -3.5399291e-01   1.2900000e+03
  -8.9272404e-01   1.3050000e+03
  -1.1560016e+00   1.3200000e+03
  -1.1284517e+00   1.3350000e+03
  -9.4177741e-01   1.3500000e+03
  -7.9323828e-01   1.3650000e+03
  -8.0906641e-01   1.3800000e+03
  -9.5343608e-01   1.3950000e+03
  -1.0630723e+00   1.4100000e+03
  -9.8843473e-01   1.4250000e+03
  -7.2455639e-01   1.4400000e+03
  -4.1523296e-01   1.4550000e+03
  -2.2626239e-01   1.4700000e+03
  -2.0525622e-01   1.4850000e+03
  -2.5522569e-01   1.5000000e+03
  -2.3561114e-01   1.5150000e+03
  -8.5604325e-02   1.5300000e+03
   1.4051385e-01   1.5450000e+03
   3.3715636e-01   1.5600000e+03
   4.3341455e-01   1.5750000e+03
   4.2862538e-01   1.5900000e+03
   3.6925411e-01   1.6050000e+03
   3.0343616e-01   1.6200000e+03
   2.4816115e-01   1.6350000e+03
   1.8617925e-01   1.6500000e+03
   9.3676366e-02   1.6650000e+03
  -2.2226943e-02   1.6800000e+03
