  -7.0684738e-03   1.5000000e+02
  -7.1094916e-03   1.6500000e+02
  -7.1604992e-03   1.8000000e+02
  -7.2224736e-03   1.9500000e+02
  -7.2976132e-03   2.1000000e+02
  -7.3872847e-03   2.2500000e+02
  -7.4900258e-03   2.4000000e+02
  -7.6003680e-03   2.5500000e+02
  -7.7123679e-03   2.7000000e+02
  -7.8244423e-03   2.8500000e+02
  -7.9379063e-03   3.0000000e+02
  -8.0533465e-03   3.1500000e+02
  -8.1703495e-03   3.3000000e+02
  -8.2873572e-03   3.4500000e+02
  -8.4010456e-03   3.6000000e+02
  -8.5080145e-03   3.7500000e+02
  -8.6069051e-03   3.9000000e+02
  -8.6991750e-03   4.0500000e+02
  -8.7889023e-03   4.2000000e+02
  -8.8784629e-03   4.3500000e+02
  -8.9614475e-03   4.5000000e+02
  -9.0242913e-03   4.6500000e+02
  -9.0585239e-03   4.8000000e+02
  -9.0671647e-03   4.9500000e+02
  -9.0550305e-03   5.1000000e+02
  -9.0165483e-03   5.2500000e+02
  -8.9398678e-03   5.4000000e+02
  -8.8206157e-03   5.5500000e+02
  -8.6603062e-03   5.7000000e+02
  -8.4500536e-03   5.8500000e+02
  -8.1684394e-03   6.0000000e+02
