  -1.3844525e-03   1.5000000e+03
  -1.3986625e-03   1.5150000e+03
  -1.4137753e-03   1.5300000e+03
  -1.4313803e-03   1.5450000e+03
  -1.4503851e-03   1.5600000e+03
  -1.4683101e-03   1.5750000e+03
  -1.4851541e-03   1.5900000e+03
  -1.5033993e-03   1.6050000e+03
  -1.5240660e-03   1.6200000e+03
  -1.5454722e-03   1.6350000e+03
  -1.5660075e-03   1.6500000e+03
  -1.5855373e-03   1.6650000e+03
  -1.6036932e-03   1.6800000e+03
  -1.6191708e-03   1.6950000e+03
  -1.6316082e-03   1.7100000e+03
  -1.6429721e-03   1.7250000e+03
  -1.6561990e-03   1.7400000e+03
  -1.6721245e-03   1.7550000e+03
  -1.6876666e-03   1.7700000e+03
  -1.6978243e-03   1.7850000e+03
  -1.7001989e-03   1.8000000e+03
  -1.6967269e-03   1.8150000e+03
  -1.6904734e-03   1.8300000e+03
  -1.6821950e-03   1.8450000e+03
  -1.6710468e-03   1.8600000e+03
  -1.6569695e-03   1.8750000e+03
  -1.6406152e-03   1.8900000e+03
  -1.6217440e-03   1.9050000e+03
  -1.5991967e-03   1.9200000e+03
  -1.5719339e-03   1.9350000e+03
  -1.5390099e-03   1.9500000e+03
  -1.4991835e-03   1.9650000e+03
  -1.4516824e-03   1.9800000e+03
  -1.3968155e-03   1.9950000e+03
  -1.3347759e-03   2.0100000e+03
  -1.2643135e-03   2.0250000e+03
  -1.1834274e-03   2.0400000e+03
  -1.0908550e-03   2.0550000e+03
  -9.8586385e-04   2.0700000e+03
  -8.6682156e-04   2.0850000e+03
  -7.3096290e-04   2.1000000e+03
  -5.7554187e-04   2.1150000e+03
  -3.9803807e-04   2.1300000e+03
  -1.9478785e-04   2.1450000e+03
   3.9512452e-05   2.1600000e+03
   3.0999782e-04   2.1750000e+03
   6.1990420e-04   2.1900000e+03
