   1.5095621e-01   1.5000000e+03
   1.8960084e-01   1.5150000e+03
   2.3545507e-01   1.5300000e+03
   2.8829023e-01   1.5450000e+03
   3.4703693e-01   1.5600000e+03
   4.0955633e-01   1.5750000e+03
   4.7237363e-01   1.5900000e+03
   5.3038460e-01   1.6050000e+03
   5.7670838e-01   1.6200000e+03
   6.0304368e-01   1.6350000e+03
   6.0091341e-01   1.6500000e+03
   5.6391680e-01   1.6650000e+03
   4.9050286e-01   1.6800000e+03
   3.8601479e-01   1.6950000e+03
   2.6247674e-01   1.7100000e+03
   1.3545087e-01   1.7250000e+03
   1.9109994e-02   1.7400000e+03
  -7.7875204e-02   1.7550000e+03
  -1.5337846e-01   1.7700000e+03
  -2.0969641e-01   1.7850000e+03
  -2.5037324e-01   1.8000000e+03
  -2.7833226e-01   1.8150000e+03
  -2.9587877e-01   1.8300000e+03
  -3.0530074e-01   1.8450000e+03
  -3.0877995e-01   1.8600000e+03
  -3.0773798e-01   1.8750000e+03
  -3.0261454e-01   1.8900000e+03
  -2.9345268e-01   1.9050000e+03
  -2.8063139e-01   1.9200000e+03
  -2.6504686e-01   1.9350000e+03
  -2.4784917e-01   1.9500000e+03
  -2.3024896e-01   1.9650000e+03
  -2.1344756e-01   1.9800000e+03
  -1.9829962e-01   1.9950000e+03
  -1.8470567e-01   2.0100000e+03
  -1.7141311e-01   2.0250000e+03
  -1.5672827e-01   2.0400000e+03
  -1.3965003e-01   2.0550000e+03
  -1.2043963e-01   2.0700000e+03
  -1.0030645e-01   2.0850000e+03
  -8.0714785e-02   2.1000000e+03
  -6.2760413e-02   2.1150000e+03
  -4.6640340e-02   2.1300000e+03
  -3.1378713e-02   2.1450000e+03
  -1.5260144e-02   2.1600000e+03
   3.0669968e-03   2.1750000e+03
   2.3662647e-02   2.1900000e+03
