  -5.0793905e-03   1.5000000e+02
  -5.1461291e-03   1.6500000e+02
  -5.2258195e-03   1.8000000e+02
  -5.3197187e-03   1.9500000e+02
  -5.4283580e-03   2.1000000e+02
  -5.5508912e-03   2.2500000e+02
  -5.6846235e-03   2.4000000e+02
  -5.8231321e-03   2.5500000e+02
  -5.9587779e-03   2.7000000e+02
  -6.0879057e-03   2.8500000e+02
  -6.2096943e-03   3.0000000e+02
  -6.3198991e-03   3.1500000e+02
  -6.4064325e-03   3.3000000e+02
  -6.4488351e-03   3.4500000e+02
  -6.4219413e-03   3.6000000e+02
  -6.3026119e-03   3.7500000e+02
  -6.0749925e-03   3.9000000e+02
  -5.7300106e-03   4.0500000e+02
  -5.2565024e-03   4.2000000e+02
  -4.6269516e-03   4.3500000e+02
  -3.7914512e-03   4.5000000e+02
  -2.6881015e-03   4.6500000e+02
  -1.2550759e-03   4.8000000e+02
   5.7268899e-04   4.9500000e+02
   2.8735253e-03   5.1000000e+02
   5.7380535e-03   5.2500000e+02
   9.2672808e-03   5.4000000e+02
   1.3595189e-02   5.5500000e+02
   1.8921610e-02   5.7000000e+02
   2.5516853e-02   5.8500000e+02
   3.3722091e-02   6.0000000e+02
