  -6.7667365e-03   1.5000000e+03
  -8.2493788e-03   1.5150000e+03
   3.5053693e-02   1.5300000e+03
   2.2523735e-01   1.5450000e+03
   3.9815873e-01   1.5600000e+03
   3.0317533e-01   1.5750000e+03
  -5.2475084e-02   1.5900000e+03
  -3.5846603e-01   1.6050000e+03
  -3.3834770e-01   1.6200000e+03
  -5.8544997e-02   1.6350000e+03
   1.6987552e-01   1.6500000e+03
   1.6107431e-01   1.6650000e+03
   2.7157834e-02   1.6800000e+03
  -3.2993708e-02   1.6950000e+03
  -3.1009561e-03   1.7100000e+03
  -1.1129445e-02   1.7250000e+03
  -8.8116057e-02   1.7400000e+03
  -1.1267255e-01   1.7550000e+03
  -1.4815094e-02   1.7700000e+03
   9.6938126e-02   1.7850000e+03
   8.7265931e-02   1.8000000e+03
  -1.7770259e-02   1.8150000e+03
  -8.6416602e-02   1.8300000e+03
  -6.3005529e-02   1.8450000e+03
   3.5020304e-03   1.8600000e+03
   6.5511346e-02   1.8750000e+03
   1.0382897e-01   1.8900000e+03
   8.0925830e-02   1.9050000e+03
  -1.5200259e-02   1.9200000e+03
  -9.4906010e-02   1.9350000e+03
  -5.6296635e-02   1.9500000e+03
   5.0999288e-02   1.9650000e+03
   7.7507034e-02   1.9800000e+03
  -2.3022464e-03   1.9950000e+03
  -5.3853247e-02   2.0100000e+03
   9.7514642e-04   2.0250000e+03
   6.8831906e-02   2.0400000e+03
   4.4970766e-02   2.0550000e+03
  -2.8731981e-02   2.0700000e+03
  -4.5009043e-02   2.0850000e+03
   9.2933038e-03   2.1000000e+03
   5.4453880e-02   2.1150000e+03
   3.6916565e-02   2.1300000e+03
  -1.6044617e-02   2.1450000e+03
  -4.7088694e-02   2.1600000e+03
  -3.4576859e-02   2.1750000e+03
  -5.2026403e-03   2.1900000e+03
