  -7.8100822e-04   7.6500000e+02
  -7.4693543e-04   7.8000000e+02
  -7.8668428e-04   7.9500000e+02
  -8.6729234e-04   8.1000000e+02
  -9.6336496e-04   8.2500000e+02
  -1.0523887e-03   8.4000000e+02
  -1.1049351e-03   8.5500000e+02
  -1.1064303e-03   8.7000000e+02
  -1.0838206e-03   8.8500000e+02
  -1.0866012e-03   9.0000000e+02
  -1.1364334e-03   9.1500000e+02
  -1.2103274e-03   9.3000000e+02
  -1.2737998e-03   9.4500000e+02
  -1.3119540e-03   9.6000000e+02
  -1.3261683e-03   9.7500000e+02
  -1.3239762e-03   9.9000000e+02
  -1.3228885e-03   1.0050000e+03
  -1.3443519e-03   1.0200000e+03
  -1.3891029e-03   1.0350000e+03
  -1.4316583e-03   1.0500000e+03
  -1.4516165e-03   1.0650000e+03
  -1.4593400e-03   1.0800000e+03
  -1.4792550e-03   1.0950000e+03
  -1.5174580e-03   1.1100000e+03
  -1.5579084e-03   1.1250000e+03
  -1.5847153e-03   1.1400000e+03
  -1.5971102e-03   1.1550000e+03
  -1.6040716e-03   1.1700000e+03
  -1.6125528e-03   1.1850000e+03
  -1.6231517e-03   1.2000000e+03
  -1.6347661e-03   1.2150000e+03
  -1.6522207e-03   1.2300000e+03
  -1.6876548e-03   1.2450000e+03
  -1.7509181e-03   1.2600000e+03
  -1.8379063e-03   1.2750000e+03
  -1.9307067e-03   1.2900000e+03
  -2.0086984e-03   1.3050000e+03
  -2.0580150e-03   1.3200000e+03
  -2.0766964e-03   1.3350000e+03
  -2.0804235e-03   1.3500000e+03
  -2.0997655e-03   1.3650000e+03
  -2.1564222e-03   1.3800000e+03
  -2.2371996e-03   1.3950000e+03
  -2.3032930e-03   1.4100000e+03
  -2.3329323e-03   1.4250000e+03
  -2.3470041e-03   1.4400000e+03
  -2.3854007e-03   1.4550000e+03
  -2.4634323e-03   1.4700000e+03
  -2.5579464e-03   1.4850000e+03
  -2.6336389e-03   1.5000000e+03
  -2.6783491e-03   1.5150000e+03
  -2.7126353e-03   1.5300000e+03
  -2.7662425e-03   1.5450000e+03
  -2.8464436e-03   1.5600000e+03
  -2.9328049e-03   1.5750000e+03
  -3.0045290e-03   1.5900000e+03
  -3.0664587e-03   1.6050000e+03
  -3.1400039e-03   1.6200000e+03
  -3.2321683e-03   1.6350000e+03
  -3.3269315e-03   1.6500000e+03
  -3.4106541e-03   1.6650000e+03
  -3.4925065e-03   1.6800000e+03
