  -6.3580630e-04   7.6500000e+02
  -6.0115714e-04   7.8000000e+02
  -6.3507585e-04   7.9500000e+02
  -7.0887466e-04   8.1000000e+02
  -7.9756271e-04   8.2500000e+02
  -8.7849010e-04   8.4000000e+02
  -9.2536618e-04   8.5500000e+02
  -9.2643179e-04   8.7000000e+02
  -9.0570550e-04   8.8500000e+02
  -9.0679602e-04   9.0000000e+02
  -9.5038395e-04   9.1500000e+02
  -1.0183145e-03   9.3000000e+02
  -1.0796924e-03   9.4500000e+02
  -1.1183521e-03   9.6000000e+02
  -1.1335928e-03   9.7500000e+02
  -1.1331573e-03   9.9000000e+02
  -1.1345097e-03   1.0050000e+03
  -1.1572032e-03   1.0200000e+03
  -1.2012769e-03   1.0350000e+03
  -1.2431761e-03   1.0500000e+03
  -1.2637558e-03   1.0650000e+03
  -1.2719912e-03   1.0800000e+03
  -1.2910669e-03   1.0950000e+03
  -1.3281371e-03   1.1100000e+03
  -1.3685541e-03   1.1250000e+03
  -1.3961619e-03   1.1400000e+03
  -1.4092810e-03   1.1550000e+03
  -1.4166754e-03   1.1700000e+03
  -1.4251204e-03   1.1850000e+03
  -1.4342876e-03   1.2000000e+03
  -1.4422893e-03   1.2150000e+03
  -1.4542982e-03   1.2300000e+03
  -1.4832555e-03   1.2450000e+03
  -1.5391463e-03   1.2600000e+03
  -1.6176266e-03   1.2750000e+03
  -1.7011140e-03   1.2900000e+03
  -1.7698064e-03   1.3050000e+03
  -1.8103877e-03   1.3200000e+03
  -1.8209816e-03   1.3350000e+03
  -1.8169919e-03   1.3500000e+03
  -1.8281746e-03   1.3650000e+03
  -1.8751950e-03   1.3800000e+03
  -1.9446212e-03   1.3950000e+03
  -1.9983270e-03   1.4100000e+03
  -2.0149383e-03   1.4250000e+03
  -2.0148151e-03   1.4400000e+03
  -2.0372572e-03   1.4550000e+03
  -2.0977703e-03   1.4700000e+03
  -2.1738221e-03   1.4850000e+03
  -2.2304382e-03   1.5000000e+03
  -2.2553096e-03   1.5150000e+03
  -2.2684645e-03   1.5300000e+03
  -2.2988694e-03   1.5450000e+03
  -2.3531604e-03   1.5600000e+03
  -2.4108761e-03   1.5750000e+03
  -2.4517206e-03   1.5900000e+03
  -2.4808801e-03   1.6050000e+03
  -2.5193822e-03   1.6200000e+03
  -2.5733560e-03   1.6350000e+03
  -2.6260782e-03   1.6500000e+03
  -2.6636354e-03   1.6650000e+03
  -2.6950890e-03   1.6800000e+03
