  -1.1148420e-02   1.5000000e+02
  -1.1287222e-02   1.6500000e+02
  -1.1457493e-02   1.8000000e+02
  -1.1663509e-02   1.9500000e+02
  -1.1911664e-02   2.1000000e+02
  -1.2205886e-02   2.2500000e+02
  -1.2542611e-02   2.4000000e+02
  -1.2906415e-02   2.5500000e+02
  -1.3279832e-02   2.7000000e+02
  -1.3658145e-02   2.8500000e+02
  -1.4046159e-02   3.0000000e+02
  -1.4447709e-02   3.1500000e+02
  -1.4863695e-02   3.3000000e+02
  -1.5290103e-02   3.4500000e+02
  -1.5715301e-02   3.6000000e+02
  -1.6124535e-02   3.7500000e+02
  -1.6506072e-02   3.9000000e+02
  -1.6855927e-02   4.0500000e+02
  -1.7180545e-02   4.2000000e+02
  -1.7480295e-02   4.3500000e+02
  -1.7716834e-02   4.5000000e+02
  -1.7808616e-02   4.6500000e+02
  -1.7665010e-02   4.8000000e+02
  -1.7197579e-02   4.9500000e+02
  -1.6263625e-02   5.1000000e+02
  -1.4586717e-02   5.2500000e+02
  -1.1717559e-02   5.4000000e+02
  -6.9894460e-03   5.5500000e+02
   6.7072368e-04   5.7000000e+02
   1.3166917e-02   5.8500000e+02
   3.3948045e-02   6.0000000e+02
