  -2.8682098e-04   7.6500000e+02
  -2.3534153e-04   7.8000000e+02
  -2.5522686e-04   7.9500000e+02
  -3.4310529e-04   8.1000000e+02
  -4.4067460e-04   8.2500000e+02
  -4.9721455e-04   8.4000000e+02
  -5.1770371e-04   8.5500000e+02
  -5.2963779e-04   8.7000000e+02
  -5.3249107e-04   8.8500000e+02
  -5.1783986e-04   9.0000000e+02
  -5.1723025e-04   9.1500000e+02
  -5.7578582e-04   9.3000000e+02
  -6.7971827e-04   9.4500000e+02
  -7.6175627e-04   9.6000000e+02
  -7.8704878e-04   9.7500000e+02
  -7.8839611e-04   9.9000000e+02
  -8.0908334e-04   1.0050000e+03
  -8.5643039e-04   1.0200000e+03
  -9.1852975e-04   1.0350000e+03
  -9.8104484e-04   1.0500000e+03
  -1.0213291e-03   1.0650000e+03
  -1.0281383e-03   1.0800000e+03
  -1.0287421e-03   1.0950000e+03
  -1.0573671e-03   1.1100000e+03
  -1.1003501e-03   1.1250000e+03
  -1.1092189e-03   1.1400000e+03
  -1.0619381e-03   1.1550000e+03
  -9.7620767e-04   1.1700000e+03
  -8.6492981e-04   1.1850000e+03
  -7.1030221e-04   1.2000000e+03
  -4.9102824e-04   1.2150000e+03
  -2.1664292e-04   1.2300000e+03
   8.1602819e-05   1.2450000e+03
   3.9188843e-04   1.2600000e+03
   7.4202177e-04   1.2750000e+03
   1.1798437e-03   1.2900000e+03
   1.7501657e-03   1.3050000e+03
   2.4926949e-03   1.3200000e+03
   3.4375084e-03   1.3350000e+03
   4.5859711e-03   1.3500000e+03
   5.9131272e-03   1.3650000e+03
   7.4131591e-03   1.3800000e+03
   9.1438452e-03   1.3950000e+03
   1.1213965e-02   1.4100000e+03
   1.3723713e-02   1.4250000e+03
   1.6725244e-02   1.4400000e+03
   2.0247450e-02   1.4550000e+03
   2.4355862e-02   1.4700000e+03
   2.9180957e-02   1.4850000e+03
   3.4888472e-02   1.5000000e+03
   4.1633159e-02   1.5150000e+03
   4.9552370e-02   1.5300000e+03
   5.8804691e-02   1.5450000e+03
   6.9603354e-02   1.5600000e+03
   8.2194209e-02   1.5750000e+03
   9.6783236e-02   1.5900000e+03
   1.1347016e-01   1.6050000e+03
   1.3223229e-01   1.6200000e+03
   1.5294051e-01   1.6350000e+03
   1.7536925e-01   1.6500000e+03
   1.9921918e-01   1.6650000e+03
   2.2419307e-01   1.6800000e+03
