  -1.1449305e-03   7.6500000e+02
  -1.1761866e-03   7.8000000e+02
  -1.2019516e-03   7.9500000e+02
  -1.2949686e-03   8.1000000e+02
  -1.3862504e-03   8.2500000e+02
  -1.4031185e-03   8.4000000e+02
  -1.4013037e-03   8.5500000e+02
  -1.4622401e-03   8.7000000e+02
  -1.5320475e-03   8.8500000e+02
  -1.4940584e-03   9.0000000e+02
  -1.3676480e-03   9.1500000e+02
  -1.2881154e-03   9.3000000e+02
  -1.2837732e-03   9.4500000e+02
  -1.2157003e-03   9.6000000e+02
  -9.6635270e-04   9.7500000e+02
  -5.5098231e-04   9.9000000e+02
   1.1640623e-06   1.0050000e+03
   7.5271871e-04   1.0200000e+03
   1.8056703e-03   1.0350000e+03
   3.2657003e-03   1.0500000e+03
   5.3089848e-03   1.0650000e+03
   8.1948861e-03   1.0800000e+03
   1.2199739e-02   1.0950000e+03
   1.7647503e-02   1.1100000e+03
   2.5035778e-02   1.1250000e+03
   3.5054147e-02   1.1400000e+03
   4.8471369e-02   1.1550000e+03
   6.6084571e-02   1.1700000e+03
   8.8796325e-02   1.1850000e+03
   1.1767200e-01   1.2000000e+03
   1.5386856e-01   1.2150000e+03
   1.9848956e-01   1.2300000e+03
   2.5243443e-01   1.2450000e+03
   3.1617972e-01   1.2600000e+03
   3.8937911e-01   1.2750000e+03
   4.7029960e-01   1.2900000e+03
   5.5526066e-01   1.3050000e+03
   6.3825309e-01   1.3200000e+03
   7.1090490e-01   1.3350000e+03
   7.6306736e-01   1.3500000e+03
   7.8431720e-01   1.3650000e+03
   7.6633120e-01   1.3800000e+03
   7.0551485e-01   1.3950000e+03
   6.0487038e-01   1.4100000e+03
   4.7417223e-01   1.4250000e+03
   3.2808319e-01   1.4400000e+03
   1.8267928e-01   1.4550000e+03
   5.1575802e-02   1.4700000e+03
  -5.6908764e-02   1.4850000e+03
  -1.4051057e-01   1.5000000e+03
  -2.0158021e-01   1.5150000e+03
  -2.4438636e-01   1.5300000e+03
  -2.7269751e-01   1.5450000e+03
  -2.8881034e-01   1.5600000e+03
  -2.9406288e-01   1.5750000e+03
  -2.8986299e-01   1.5900000e+03
  -2.7819082e-01   1.6050000e+03
  -2.6133183e-01   1.6200000e+03
  -2.4138099e-01   1.6350000e+03
  -2.2007284e-01   1.6500000e+03
  -1.9890295e-01   1.6650000e+03
  -1.7915551e-01   1.6800000e+03
