  -4.5969449e-03   1.5000000e+02
  -4.6124328e-03   1.6500000e+02
  -4.6321503e-03   1.8000000e+02
  -4.6561821e-03   1.9500000e+02
  -4.6852971e-03   2.1000000e+02
  -4.7202967e-03   2.2500000e+02
  -4.7609531e-03   2.4000000e+02
  -4.8050918e-03   2.5500000e+02
  -4.8495349e-03   2.7000000e+02
  -4.8927604e-03   2.8500000e+02
  -4.9358997e-03   3.0000000e+02
  -4.9805674e-03   3.1500000e+02
  -5.0260350e-03   3.3000000e+02
  -5.0687678e-03   3.4500000e+02
  -5.1038149e-03   3.6000000e+02
  -5.1263561e-03   3.7500000e+02
  -5.1339525e-03   3.9000000e+02
  -5.1281899e-03   4.0500000e+02
  -5.1118680e-03   4.2000000e+02
  -5.0833244e-03   4.3500000e+02
  -5.0358344e-03   4.5000000e+02
  -4.9637523e-03   4.6500000e+02
  -4.8670517e-03   4.8000000e+02
  -4.7494038e-03   4.9500000e+02
  -4.6140919e-03   5.1000000e+02
  -4.4615986e-03   5.2500000e+02
  -4.2891423e-03   5.4000000e+02
  -4.0916465e-03   5.5500000e+02
  -3.8630674e-03   5.7000000e+02
  -3.5981387e-03   5.8500000e+02
  -3.2940351e-03   6.0000000e+02
