  -5.3926075e-01   1.5000000e+03
   1.4746146e-01   1.5150000e+03
   3.3839428e-01   1.5300000e+03
   1.6447772e-01   1.5450000e+03
  -4.4175662e-02   1.5600000e+03
  -6.9273733e-02   1.5750000e+03
   4.3630380e-02   1.5900000e+03
   1.1967810e-01   1.6050000e+03
   8.5084915e-02   1.6200000e+03
   1.6393941e-02   1.6350000e+03
  -1.2529607e-02   1.6500000e+03
  -4.3393929e-02   1.6650000e+03
  -1.4676730e-01   1.6800000e+03
  -2.7974662e-01   1.6950000e+03
  -3.1257766e-01   1.7100000e+03
  -1.9197579e-01   1.7250000e+03
  -6.5442170e-03   1.7400000e+03
   1.2651290e-01   1.7550000e+03
   1.7588462e-01   1.7700000e+03
   1.6766536e-01   1.7850000e+03
   1.0825346e-01   1.8000000e+03
  -1.4477182e-04   1.8150000e+03
  -1.0027646e-01   1.8300000e+03
  -1.0767556e-01   1.8450000e+03
  -2.7366830e-03   1.8600000e+03
   1.4634386e-01   1.8750000e+03
   2.5431979e-01   1.8900000e+03
   2.8158599e-01   1.9050000e+03
   2.3360255e-01   1.9200000e+03
   1.3937150e-01   1.9350000e+03
   4.0428035e-02   1.9500000e+03
  -2.6819889e-02   1.9650000e+03
  -5.2768432e-02   1.9800000e+03
  -5.1004317e-02   1.9950000e+03
  -3.5743512e-02   2.0100000e+03
  -1.5363093e-02   2.0250000e+03
  -2.6770362e-03   2.0400000e+03
  -1.3116333e-02   2.0550000e+03
  -4.8145451e-02   2.0700000e+03
  -8.8296212e-02   2.0850000e+03
  -1.0594709e-01   2.1000000e+03
  -8.6440407e-02   2.1150000e+03
  -4.2193666e-02   2.1300000e+03
  -6.0656136e-03   2.1450000e+03
  -2.8440447e-03   2.1600000e+03
  -2.5123769e-02   2.1750000e+03
  -4.2982727e-02   2.1900000e+03
