   7.6543078e-02   1.5000000e+03
   9.0088218e-02   1.5150000e+03
   1.0535226e-01   1.5300000e+03
   1.2220742e-01   1.5450000e+03
   1.4048497e-01   1.5600000e+03
   1.6006032e-01   1.5750000e+03
   1.8088049e-01   1.5900000e+03
   2.0286915e-01   1.6050000e+03
   2.2571950e-01   1.6200000e+03
   2.4867120e-01   1.6350000e+03
   2.7040166e-01   1.6500000e+03
   2.8915340e-01   1.6650000e+03
   3.0314657e-01   1.6800000e+03
   3.1113970e-01   1.6950000e+03
   3.1282029e-01   1.7100000e+03
   3.0874962e-01   1.7250000e+03
   2.9989371e-01   1.7400000e+03
   2.8708574e-01   1.7550000e+03
   2.7078921e-01   1.7700000e+03
   2.5124547e-01   1.7850000e+03
   2.2876284e-01   1.8000000e+03
   2.0384233e-01   1.8150000e+03
   1.7706774e-01   1.8300000e+03
   1.4894097e-01   1.8450000e+03
   1.1985098e-01   1.8600000e+03
   9.0178750e-02   1.8750000e+03
   6.0414810e-02   1.8900000e+03
   3.1197999e-02   1.9050000e+03
   3.2661615e-03   1.9200000e+03
  -2.2636896e-02   1.9350000e+03
  -4.5828503e-02   1.9500000e+03
  -6.5692067e-02   1.9650000e+03
  -8.1674956e-02   1.9800000e+03
  -9.3359783e-02   1.9950000e+03
  -1.0057932e-01   2.0100000e+03
  -1.0345571e-01   2.0250000e+03
  -1.0233236e-01   2.0400000e+03
  -9.7699091e-02   2.0550000e+03
  -9.0172537e-02   2.0700000e+03
  -8.0464490e-02   2.0850000e+03
  -6.9286786e-02   2.1000000e+03
  -5.7271700e-02   2.1150000e+03
  -4.4986628e-02   2.1300000e+03
  -3.2972679e-02   2.1450000e+03
  -2.1695027e-02   2.1600000e+03
  -1.1445528e-02   2.1750000e+03
  -2.3308815e-03   2.1900000e+03
