   4.7422704e-01   1.5000000e+03
   7.3773295e-01   1.5150000e+03
   9.9276346e-01   1.5300000e+03
   1.1100049e+00   1.5450000e+03
   9.2648810e-01   1.5600000e+03
   3.3644068e-01   1.5750000e+03
  -5.8242720e-01   1.5900000e+03
  -1.4978048e+00   1.6050000e+03
  -1.9219244e+00   1.6200000e+03
  -1.5073644e+00   1.6350000e+03
  -3.7358433e-01   1.6500000e+03
   8.3907926e-01   1.6650000e+03
   1.3609519e+00   1.6800000e+03
   8.9958531e-01   1.6950000e+03
  -8.6983405e-02   1.7100000e+03
  -7.8833151e-01   1.7250000e+03
  -7.7354199e-01   1.7400000e+03
  -3.0074584e-01   1.7550000e+03
   1.0451208e-01   1.7700000e+03
   2.3481181e-01   1.7850000e+03
   2.2485872e-01   1.8000000e+03
   1.3759397e-01   1.8150000e+03
  -1.2308574e-01   1.8300000e+03
  -4.2412567e-01   1.8450000e+03
  -3.3456880e-01   1.8600000e+03
   2.4455893e-01   1.8750000e+03
   6.9333714e-01   1.8900000e+03
   3.9648798e-01   1.9050000e+03
  -3.1970814e-01   1.9200000e+03
  -5.6576574e-01   1.9350000e+03
  -1.6430266e-01   1.9500000e+03
   1.5864195e-01   1.9650000e+03
  -5.4359352e-03   1.9800000e+03
  -1.4208734e-01   1.9950000e+03
   1.7114036e-01   2.0100000e+03
   4.4445157e-01   2.0250000e+03
   1.3988985e-01   2.0400000e+03
  -3.1212118e-01   2.0550000e+03
  -2.0555823e-01   2.0700000e+03
   2.3099263e-01   2.0850000e+03
   2.4910657e-01   2.1000000e+03
  -1.3938949e-01   2.1150000e+03
  -2.6861852e-01   2.1300000e+03
  -1.0224223e-02   2.1450000e+03
   1.0225251e-01   2.1600000e+03
  -1.0996487e-01   2.1750000e+03
  -2.1968596e-01   2.1900000e+03
