  -1.3799997e-03   1.5000000e+03
  -1.3941182e-03   1.5150000e+03
  -1.4096833e-03   1.5300000e+03
  -1.4287954e-03   1.5450000e+03
  -1.4511168e-03   1.5600000e+03
  -1.4732735e-03   1.5750000e+03
  -1.4938635e-03   1.5900000e+03
  -1.5151670e-03   1.6050000e+03
  -1.5389621e-03   1.6200000e+03
  -1.5645878e-03   1.6350000e+03
  -1.5913668e-03   1.6500000e+03
  -1.6194064e-03   1.6650000e+03
  -1.6480512e-03   1.6800000e+03
  -1.6763293e-03   1.6950000e+03
  -1.7047799e-03   1.7100000e+03
  -1.7349829e-03   1.7250000e+03
  -1.7674665e-03   1.7400000e+03
  -1.8008152e-03   1.7550000e+03
  -1.8323740e-03   1.7700000e+03
  -1.8600250e-03   1.7850000e+03
  -1.8842113e-03   1.8000000e+03
  -1.9076986e-03   1.8150000e+03
  -1.9325241e-03   1.8300000e+03
  -1.9583083e-03   1.8450000e+03
  -1.9843969e-03   1.8600000e+03
  -2.0118535e-03   1.8750000e+03
  -2.0418570e-03   1.8900000e+03
  -2.0736372e-03   1.9050000e+03
  -2.1055345e-03   1.9200000e+03
  -2.1369935e-03   1.9350000e+03
  -2.1683818e-03   1.9500000e+03
  -2.1998791e-03   1.9650000e+03
  -2.2318452e-03   1.9800000e+03
  -2.2656943e-03   1.9950000e+03
  -2.3029561e-03   2.0100000e+03
  -2.3434372e-03   2.0250000e+03
  -2.3853702e-03   2.0400000e+03
  -2.4276890e-03   2.0550000e+03
  -2.4714065e-03   2.0700000e+03
  -2.5182376e-03   2.0850000e+03
  -2.5683027e-03   2.1000000e+03
  -2.6197575e-03   2.1150000e+03
  -2.6704648e-03   2.1300000e+03
  -2.7197106e-03   2.1450000e+03
  -2.7685971e-03   2.1600000e+03
  -2.8191770e-03   2.1750000e+03
  -2.8729993e-03   2.1900000e+03
