  -5.6496714e-03   1.5000000e+02
  -6.2475801e-03   1.6500000e+02
  -6.9916840e-03   1.8000000e+02
  -7.9073664e-03   1.9500000e+02
  -9.0252822e-03   2.1000000e+02
  -1.0356979e-02   2.2500000e+02
  -1.1848361e-02   2.4000000e+02
  -1.3332413e-02   2.5500000e+02
  -1.4535050e-02   2.7000000e+02
  -1.5090915e-02   2.8500000e+02
  -1.4368154e-02   3.0000000e+02
  -1.0816882e-02   3.1500000e+02
  -2.9737322e-04   3.3000000e+02
   2.8194746e-02   3.4500000e+02
   1.0313974e-01   3.6000000e+02
   2.9067931e-01   3.7500000e+02
   7.0984000e-01   3.9000000e+02
   1.4796512e+00   4.0500000e+02
   2.5112164e+00   4.2000000e+02
   3.2293508e+00   4.3500000e+02
   2.6848674e+00   4.5000000e+02
   4.6008271e-01   4.6500000e+02
  -2.3766103e+00   4.8000000e+02
  -3.8965461e+00   4.9500000e+02
  -3.3302891e+00   5.1000000e+02
  -1.7051815e+00   5.2500000e+02
  -2.1783370e-01   5.4000000e+02
   6.8678254e-01   5.5500000e+02
   6.5587002e-01   5.7000000e+02
  -1.3998590e-01   5.8500000e+02
  -4.6068311e-01   6.0000000e+02
