  -4.2561386e-03   1.5000000e+02
  -4.2739850e-03   1.6500000e+02
  -4.2963717e-03   1.8000000e+02
  -4.3237079e-03   1.9500000e+02
  -4.3568201e-03   2.1000000e+02
  -4.3961741e-03   2.2500000e+02
  -4.4411295e-03   2.4000000e+02
  -4.4893851e-03   2.5500000e+02
  -4.5384080e-03   2.7000000e+02
  -4.5875208e-03   2.8500000e+02
  -4.6373839e-03   3.0000000e+02
  -4.6881442e-03   3.1500000e+02
  -4.7388393e-03   3.3000000e+02
  -4.7873599e-03   3.4500000e+02
  -4.8306733e-03   3.6000000e+02
  -4.8660557e-03   3.7500000e+02
  -4.8925509e-03   3.9000000e+02
  -4.9114441e-03   4.0500000e+02
  -4.9251914e-03   4.2000000e+02
  -4.9343156e-03   4.3500000e+02
  -4.9346876e-03   4.5000000e+02
  -4.9197096e-03   4.6500000e+02
  -4.8860004e-03   4.8000000e+02
  -4.8354059e-03   4.9500000e+02
  -4.7709192e-03   5.1000000e+02
  -4.6925945e-03   5.2500000e+02
  -4.5991135e-03   5.4000000e+02
  -4.4912011e-03   5.5500000e+02
  -4.3696873e-03   5.7000000e+02
  -4.2312886e-03   5.8500000e+02
  -4.0705423e-03   6.0000000e+02
