  -2.9687225e-03   1.5000000e+02
  -2.9724338e-03   1.6500000e+02
  -2.9766341e-03   1.8000000e+02
  -2.9812888e-03   1.9500000e+02
  -2.9859294e-03   2.1000000e+02
  -2.9899916e-03   2.2500000e+02
  -2.9935157e-03   2.4000000e+02
  -2.9972468e-03   2.5500000e+02
  -3.0019728e-03   2.7000000e+02
  -3.0077216e-03   2.8500000e+02
  -3.0136839e-03   3.0000000e+02
  -3.0190402e-03   3.1500000e+02
  -3.0237939e-03   3.3000000e+02
  -3.0287583e-03   3.4500000e+02
  -3.0348911e-03   3.6000000e+02
  -3.0427049e-03   3.7500000e+02
  -3.0521466e-03   3.9000000e+02
  -3.0629702e-03   4.0500000e+02
  -3.0748392e-03   4.2000000e+02
  -3.0868091e-03   4.3500000e+02
  -3.0975181e-03   4.5000000e+02
  -3.1065703e-03   4.6500000e+02
  -3.1148940e-03   4.8000000e+02
  -3.1233830e-03   4.9500000e+02
  -3.1322762e-03   5.1000000e+02
  -3.1420917e-03   5.2500000e+02
  -3.1539521e-03   5.4000000e+02
  -3.1684153e-03   5.5500000e+02
  -3.1849416e-03   5.7000000e+02
  -3.2030521e-03   5.8500000e+02
  -3.2228723e-03   6.0000000e+02
