  -7.1006804e-04   7.6500000e+02
  -6.7108503e-04   7.8000000e+02
  -7.1036723e-04   7.9500000e+02
  -8.0014550e-04   8.1000000e+02
  -9.0179173e-04   8.2500000e+02
  -9.8343566e-04   8.4000000e+02
  -1.0269815e-03   8.5500000e+02
  -1.0315264e-03   8.7000000e+02
  -1.0163091e-03   8.8500000e+02
  -1.0144467e-03   9.0000000e+02
  -1.0520288e-03   9.1500000e+02
  -1.1263875e-03   9.3000000e+02
  -1.2066044e-03   9.4500000e+02
  -1.2596269e-03   9.6000000e+02
  -1.2767824e-03   9.7500000e+02
  -1.2759223e-03   9.9000000e+02
  -1.2832768e-03   1.0050000e+03
  -1.3150210e-03   1.0200000e+03
  -1.3677189e-03   1.0350000e+03
  -1.4199418e-03   1.0500000e+03
  -1.4506747e-03   1.0650000e+03
  -1.4634694e-03   1.0800000e+03
  -1.4844284e-03   1.0950000e+03
  -1.5293820e-03   1.1100000e+03
  -1.5834268e-03   1.1250000e+03
  -1.6216557e-03   1.1400000e+03
  -1.6396295e-03   1.1550000e+03
  -1.6527227e-03   1.1700000e+03
  -1.6727432e-03   1.1850000e+03
  -1.6966218e-03   1.2000000e+03
  -1.7180212e-03   1.2150000e+03
  -1.7434229e-03   1.2300000e+03
  -1.7914715e-03   1.2450000e+03
  -1.8748484e-03   1.2600000e+03
  -1.9860081e-03   1.2750000e+03
  -2.1028800e-03   1.2900000e+03
  -2.2033895e-03   1.3050000e+03
  -2.2721556e-03   1.3200000e+03
  -2.3051333e-03   1.3350000e+03
  -2.3199394e-03   1.3500000e+03
  -2.3534643e-03   1.3650000e+03
  -2.4308949e-03   1.3800000e+03
  -2.5348084e-03   1.3950000e+03
  -2.6188183e-03   1.4100000e+03
  -2.6585422e-03   1.4250000e+03
  -2.6806416e-03   1.4400000e+03
  -2.7342613e-03   1.4550000e+03
  -2.8381809e-03   1.4700000e+03
  -2.9625124e-03   1.4850000e+03
  -3.0611428e-03   1.5000000e+03
  -3.1174528e-03   1.5150000e+03
  -3.1569505e-03   1.5300000e+03
  -3.2168725e-03   1.5450000e+03
  -3.3061886e-03   1.5600000e+03
  -3.3991137e-03   1.5750000e+03
  -3.4686071e-03   1.5900000e+03
  -3.5183886e-03   1.6050000e+03
  -3.5723390e-03   1.6200000e+03
  -3.6365115e-03   1.6350000e+03
  -3.6878968e-03   1.6500000e+03
  -3.7054827e-03   1.6650000e+03
  -3.6959078e-03   1.6800000e+03
