  -1.2180349e-03   1.5000000e+03
  -1.2299985e-03   1.5150000e+03
  -1.2431510e-03   1.5300000e+03
  -1.2593428e-03   1.5450000e+03
  -1.2782238e-03   1.5600000e+03
  -1.2968332e-03   1.5750000e+03
  -1.3140435e-03   1.5900000e+03
  -1.3319433e-03   1.6050000e+03
  -1.3520768e-03   1.6200000e+03
  -1.3737604e-03   1.6350000e+03
  -1.3963047e-03   1.6500000e+03
  -1.4197869e-03   1.6650000e+03
  -1.4436203e-03   1.6800000e+03
  -1.4668715e-03   1.6950000e+03
  -1.4899434e-03   1.7100000e+03
  -1.5143241e-03   1.7250000e+03
  -1.5407412e-03   1.7400000e+03
  -1.5681152e-03   1.7550000e+03
  -1.5939715e-03   1.7700000e+03
  -1.6161263e-03   1.7850000e+03
  -1.6347538e-03   1.8000000e+03
  -1.6523261e-03   1.8150000e+03
  -1.6708153e-03   1.8300000e+03
  -1.6899940e-03   1.8450000e+03
  -1.7092880e-03   1.8600000e+03
  -1.7296140e-03   1.8750000e+03
  -1.7520238e-03   1.8900000e+03
  -1.7758681e-03   1.9050000e+03
  -1.7996560e-03   1.9200000e+03
  -1.8228216e-03   1.9350000e+03
  -1.8455811e-03   1.9500000e+03
  -1.8679798e-03   1.9650000e+03
  -1.8902889e-03   1.9800000e+03
  -1.9137673e-03   1.9950000e+03
  -1.9397747e-03   2.0100000e+03
  -1.9681372e-03   2.0250000e+03
  -1.9972993e-03   2.0400000e+03
  -2.0263398e-03   2.0550000e+03
  -2.0561120e-03   2.0700000e+03
  -2.0879691e-03   2.0850000e+03
  -2.1218767e-03   2.1000000e+03
  -2.1562614e-03   2.1150000e+03
  -2.1894493e-03   2.1300000e+03
  -2.2209205e-03   2.1450000e+03
  -2.2514816e-03   2.1600000e+03
  -2.2826020e-03   2.1750000e+03
  -2.3154006e-03   2.1900000e+03
