   2.4326606e-01   1.5000000e+03
   2.4914299e-01   1.5150000e+03
   2.5237593e-01   1.5300000e+03
   2.5259084e-01   1.5450000e+03
   2.4955812e-01   1.5600000e+03
   2.4324748e-01   1.5750000e+03
   2.3380160e-01   1.5900000e+03
   2.2149119e-01   1.6050000e+03
   2.0670654e-01   1.6200000e+03
   1.8997292e-01   1.6350000e+03
   1.7191610e-01   1.6500000e+03
   1.5315041e-01   1.6650000e+03
   1.3416891e-01   1.6800000e+03
   1.1532481e-01   1.6950000e+03
   9.6885175e-02   1.7100000e+03
   7.9069927e-02   1.7250000e+03
   6.2048841e-02   1.7400000e+03
   4.5950066e-02   1.7550000e+03
   3.0913875e-02   1.7700000e+03
   1.7141251e-02   1.7850000e+03
   4.8673213e-03   1.8000000e+03
  -5.7303840e-03   1.8150000e+03
  -1.4606882e-02   1.8300000e+03
  -2.1859095e-02   1.8450000e+03
  -2.7702356e-02   1.8600000e+03
  -3.2450356e-02   1.8750000e+03
  -3.6468934e-02   1.8900000e+03
  -4.0074568e-02   1.9050000e+03
  -4.3441188e-02   1.9200000e+03
  -4.6611324e-02   1.9350000e+03
  -4.9600396e-02   1.9500000e+03
  -5.2478664e-02   1.9650000e+03
  -5.5360954e-02   1.9800000e+03
  -5.8352102e-02   1.9950000e+03
  -6.1517783e-02   2.0100000e+03
  -6.4873636e-02   2.0250000e+03
  -6.8351902e-02   2.0400000e+03
  -7.1767442e-02   2.0550000e+03
  -7.4851342e-02   2.0700000e+03
  -7.7360615e-02   2.0850000e+03
  -7.9180270e-02   2.1000000e+03
  -8.0335513e-02   2.1150000e+03
  -8.0924608e-02   2.1300000e+03
  -8.1049107e-02   2.1450000e+03
  -8.0790490e-02   2.1600000e+03
  -8.0215059e-02   2.1750000e+03
  -7.9367250e-02   2.1900000e+03
