  -2.4967375e-03   1.5000000e+03
  -2.3683882e-03   1.5150000e+03
  -2.1949753e-03   1.5300000e+03
  -1.9660485e-03   1.5450000e+03
  -1.6649783e-03   1.5600000e+03
  -1.2757181e-03   1.5750000e+03
  -7.8279711e-04   1.5900000e+03
  -1.6442382e-04   1.6050000e+03
   6.1209442e-04   1.6200000e+03
   1.5882648e-03   1.6350000e+03
   2.8100596e-03   1.6500000e+03
   4.3300185e-03   1.6650000e+03
   6.2188841e-03   1.6800000e+03
   8.5775228e-03   1.6950000e+03
   1.1538491e-02   1.7100000e+03
   1.5261010e-02   1.7250000e+03
   1.9932767e-02   1.7400000e+03
   2.5782943e-02   1.7550000e+03
   3.3096623e-02   1.7700000e+03
   4.2220585e-02   1.7850000e+03
   5.3564399e-02   1.8000000e+03
   6.7605928e-02   1.8150000e+03
   8.4893249e-02   1.8300000e+03
   1.0601499e-01   1.8450000e+03
   1.3151658e-01   1.8600000e+03
   1.6176841e-01   1.8750000e+03
   1.9681466e-01   1.8900000e+03
   2.3622875e-01   1.9050000e+03
   2.7898064e-01   1.9200000e+03
   3.2330689e-01   1.9350000e+03
   3.6657906e-01   1.9500000e+03
   4.0519646e-01   1.9650000e+03
   4.3460506e-01   1.9800000e+03
   4.4964775e-01   1.9950000e+03
   4.4548035e-01   2.0100000e+03
   4.1909689e-01   2.0250000e+03
   3.7105107e-01   2.0400000e+03
   3.0646384e-01   2.0550000e+03
   2.3434387e-01   2.0700000e+03
   1.6498116e-01   2.0850000e+03
   1.0643405e-01   2.1000000e+03
   6.1992627e-02   2.1150000e+03
   3.0087247e-02   2.1300000e+03
   6.5390663e-03   2.1450000e+03
  -1.2480939e-02   2.1600000e+03
  -2.8653458e-02   2.1750000e+03
  -4.1605879e-02   2.1900000e+03
