  -2.6815932e-04   7.6500000e+02
  -2.5491251e-04   7.8000000e+02
  -2.7003474e-04   7.9500000e+02
  -2.9698291e-04   8.1000000e+02
  -3.3383147e-04   8.2500000e+02
  -3.7672976e-04   8.4000000e+02
  -4.0531394e-04   8.5500000e+02
  -4.0427336e-04   8.7000000e+02
  -3.9011097e-04   8.8500000e+02
  -3.9468092e-04   9.0000000e+02
  -4.2458129e-04   9.1500000e+02
  -4.5719102e-04   9.3000000e+02
  -4.7584545e-04   9.4500000e+02
  -4.8600891e-04   9.6000000e+02
  -4.9432548e-04   9.7500000e+02
  -4.9672124e-04   9.9000000e+02
  -4.9482501e-04   1.0050000e+03
  -5.0125632e-04   1.0200000e+03
  -5.1875733e-04   1.0350000e+03
  -5.3329254e-04   1.0500000e+03
  -5.3644337e-04   1.0650000e+03
  -5.3747860e-04   1.0800000e+03
  -5.4620852e-04   1.0950000e+03
  -5.5922725e-04   1.1100000e+03
  -5.6921056e-04   1.1250000e+03
  -5.7544676e-04   1.1400000e+03
  -5.8007130e-04   1.1550000e+03
  -5.8271410e-04   1.1700000e+03
  -5.8288081e-04   1.1850000e+03
  -5.8253692e-04   1.2000000e+03
  -5.8402645e-04   1.2150000e+03
  -5.8844069e-04   1.2300000e+03
  -5.9738115e-04   1.2450000e+03
  -6.1373372e-04   1.2600000e+03
  -6.3802238e-04   1.2750000e+03
  -6.6491583e-04   1.2900000e+03
  -6.8600097e-04   1.3050000e+03
  -6.9610943e-04   1.3200000e+03
  -6.9625187e-04   1.3350000e+03
  -6.9288665e-04   1.3500000e+03
  -6.9570646e-04   1.3650000e+03
  -7.1135821e-04   1.3800000e+03
  -7.3543907e-04   1.3950000e+03
  -7.5458112e-04   1.4100000e+03
  -7.6077151e-04   1.4250000e+03
  -7.6067337e-04   1.4400000e+03
  -7.6745916e-04   1.4550000e+03
  -7.8612298e-04   1.4700000e+03
  -8.0960343e-04   1.4850000e+03
  -8.2737789e-04   1.5000000e+03
  -8.3579769e-04   1.5150000e+03
  -8.4083556e-04   1.5300000e+03
  -8.5125532e-04   1.5450000e+03
  -8.6887804e-04   1.5600000e+03
  -8.8695507e-04   1.5750000e+03
  -8.9914870e-04   1.5900000e+03
  -9.0768683e-04   1.6050000e+03
  -9.1970235e-04   1.6200000e+03
  -9.3703682e-04   1.6350000e+03
  -9.5400162e-04   1.6500000e+03
  -9.6590625e-04   1.6650000e+03
  -9.7545946e-04   1.6800000e+03
