  -1.9527410e-04   7.6500000e+02
  -3.5080401e-04   7.8000000e+02
  -5.3995202e-04   7.9500000e+02
  -8.7204587e-04   8.1000000e+02
  -1.2462192e-03   8.2500000e+02
  -1.5546542e-03   8.4000000e+02
  -1.8769724e-03   8.5500000e+02
  -2.3335228e-03   8.7000000e+02
  -2.8540262e-03   8.8500000e+02
  -3.2826320e-03   9.0000000e+02
  -3.6605496e-03   9.1500000e+02
  -4.1881842e-03   9.3000000e+02
  -4.8978804e-03   9.4500000e+02
  -5.5691181e-03   9.6000000e+02
  -6.0017416e-03   9.7500000e+02
  -6.1612292e-03   9.9000000e+02
  -5.9642117e-03   1.0050000e+03
  -5.0466536e-03   1.0200000e+03
  -2.7077582e-03   1.0350000e+03
   2.2586880e-03   1.0500000e+03
   1.2028769e-02   1.0650000e+03
   3.0354287e-02   1.0800000e+03
   6.3296489e-02   1.0950000e+03
   1.2018545e-01   1.1100000e+03
   2.1428667e-01   1.1250000e+03
   3.6183551e-01   1.1400000e+03
   5.7784158e-01   1.1550000e+03
   8.6737251e-01   1.1700000e+03
   1.2121810e+00   1.1850000e+03
   1.5556463e+00   1.2000000e+03
   1.7942218e+00   1.2150000e+03
   1.7881550e+00   1.2300000e+03
   1.4028027e+00   1.2450000e+03
   5.7928568e-01   1.2600000e+03
  -5.9004921e-01   1.2750000e+03
  -1.8288381e+00   1.2900000e+03
  -2.7358401e+00   1.3050000e+03
  -2.9474301e+00   1.3200000e+03
  -2.3426001e+00   1.3350000e+03
  -1.1656712e+00   1.3500000e+03
   4.9998328e-02   1.3650000e+03
   7.6223934e-01   1.3800000e+03
   7.4745464e-01   1.3950000e+03
   2.3727201e-01   1.4100000e+03
  -2.6707569e-01   1.4250000e+03
  -3.8231122e-01   1.4400000e+03
  -1.2025661e-01   1.4550000e+03
   1.8607186e-01   1.4700000e+03
   2.3415294e-01   1.4850000e+03
   3.7481919e-02   1.5000000e+03
  -1.3496889e-01   1.5150000e+03
  -8.1583351e-02   1.5300000e+03
   1.1329628e-01   1.5450000e+03
   2.0546632e-01   1.5600000e+03
   9.5518179e-02   1.5750000e+03
  -6.2803298e-02   1.5900000e+03
  -7.3931299e-02   1.6050000e+03
   4.9534544e-02   1.6200000e+03
   1.1959736e-01   1.6350000e+03
   3.1136695e-02   1.6500000e+03
  -1.0636104e-01   1.6650000e+03
  -1.3027248e-01   1.6800000e+03
