  -8.3953107e-04   7.6500000e+02
  -7.8997703e-04   7.8000000e+02
  -8.4395549e-04   7.9500000e+02
  -9.7091612e-04   8.1000000e+02
  -1.1078558e-03   8.2500000e+02
  -1.2055499e-03   8.4000000e+02
  -1.2544130e-03   8.5500000e+02
  -1.2681298e-03   8.7000000e+02
  -1.2621296e-03   8.8500000e+02
  -1.2602371e-03   9.0000000e+02
  -1.3001870e-03   9.1500000e+02
  -1.4004229e-03   9.3000000e+02
  -1.5255220e-03   9.4500000e+02
  -1.6144431e-03   9.6000000e+02
  -1.6462867e-03   9.7500000e+02
  -1.6551043e-03   9.9000000e+02
  -1.6823385e-03   1.0050000e+03
  -1.7411025e-03   1.0200000e+03
  -1.8220418e-03   1.0350000e+03
  -1.9031899e-03   1.0500000e+03
  -1.9580256e-03   1.0650000e+03
  -1.9836389e-03   1.0800000e+03
  -2.0145248e-03   1.0950000e+03
  -2.0813609e-03   1.1100000e+03
  -2.1676177e-03   1.1250000e+03
  -2.2340883e-03   1.1400000e+03
  -2.2734958e-03   1.1550000e+03
  -2.3138300e-03   1.1700000e+03
  -2.3759780e-03   1.1850000e+03
  -2.4520704e-03   1.2000000e+03
  -2.5274910e-03   1.2150000e+03
  -2.6103163e-03   1.2300000e+03
  -2.7292934e-03   1.2450000e+03
  -2.9030377e-03   1.2600000e+03
  -3.1194617e-03   1.2750000e+03
  -3.3482087e-03   1.2900000e+03
  -3.5618327e-03   1.3050000e+03
  -3.7408497e-03   1.3200000e+03
  -3.8789713e-03   1.3350000e+03
  -4.0009515e-03   1.3500000e+03
  -4.1595879e-03   1.3650000e+03
  -4.3888506e-03   1.3800000e+03
  -4.6607088e-03   1.3950000e+03
  -4.9088900e-03   1.4100000e+03
  -5.1027588e-03   1.4250000e+03
  -5.2860212e-03   1.4400000e+03
  -5.5328016e-03   1.4550000e+03
  -5.8693932e-03   1.4700000e+03
  -6.2467135e-03   1.4850000e+03
  -6.5895733e-03   1.5000000e+03
  -6.8675685e-03   1.5150000e+03
  -7.1152532e-03   1.5300000e+03
  -7.3853256e-03   1.5450000e+03
  -7.6856930e-03   1.5600000e+03
  -7.9648402e-03   1.5750000e+03
  -8.1559513e-03   1.5900000e+03
  -8.2205264e-03   1.6050000e+03
  -8.1281932e-03   1.6200000e+03
  -7.7869166e-03   1.6350000e+03
  -6.9967485e-03   1.6500000e+03
  -5.4471572e-03   1.6650000e+03
  -2.6792863e-03   1.6800000e+03
