  -1.7359475e-02   7.6500000e+02
  -1.8577419e-02   7.8000000e+02
  -2.2004846e-02   7.9500000e+02
  -3.0022105e-02   8.1000000e+02
  -3.8526874e-02   8.2500000e+02
  -4.3741338e-02   8.4000000e+02
  -4.8162714e-02   8.5500000e+02
  -5.5648316e-02   8.7000000e+02
  -6.3891970e-02   8.8500000e+02
  -6.7086525e-02   9.0000000e+02
  -6.3215658e-02   9.1500000e+02
  -5.0210048e-02   9.3000000e+02
  -1.2302518e-02   9.4500000e+02
   8.6022906e-02   9.6000000e+02
   2.9313615e-01   9.7500000e+02
   6.6143250e-01   9.9000000e+02
   1.2373803e+00   1.0050000e+03
   2.0359995e+00   1.0200000e+03
   3.0005186e+00   1.0350000e+03
   3.9770226e+00   1.0500000e+03
   4.7372251e+00   1.0650000e+03
   5.0594087e+00   1.0800000e+03
   4.8459349e+00   1.0950000e+03
   4.2174335e+00   1.1100000e+03
   3.5002637e+00   1.1250000e+03
   3.0701740e+00   1.1400000e+03
   3.1327164e+00   1.1550000e+03
   3.6057434e+00   1.1700000e+03
   4.2108121e+00   1.1850000e+03
   4.7009783e+00   1.2000000e+03
   5.0179572e+00   1.2150000e+03
   5.2403412e+00   1.2300000e+03
   5.4175529e+00   1.2450000e+03
   5.5263634e+00   1.2600000e+03
   5.6262107e+00   1.2750000e+03
   5.9676886e+00   1.2900000e+03
   6.7527604e+00   1.3050000e+03
   7.6552219e+00   1.3200000e+03
   7.6773067e+00   1.3350000e+03
   5.7821417e+00   1.3500000e+03
   1.9352980e+00   1.3650000e+03
  -2.4605370e+00   1.3800000e+03
  -5.3686919e+00   1.3950000e+03
  -5.5937929e+00   1.4100000e+03
  -3.6136241e+00   1.4250000e+03
  -1.0268580e+00   1.4400000e+03
   8.0530220e-01   1.4550000e+03
   1.6672909e+00   1.4700000e+03
   2.2572064e+00   1.4850000e+03
   3.2178154e+00   1.5000000e+03
   4.3930197e+00   1.5150000e+03
   4.9556780e+00   1.5300000e+03
   4.2533965e+00   1.5450000e+03
   2.5519536e+00   1.5600000e+03
   8.7488467e-01   1.5750000e+03
   1.1044157e-02   1.5900000e+03
  -2.3955132e-01   1.6050000e+03
  -6.4735079e-01   1.6200000e+03
  -1.4446502e+00   1.6350000e+03
  -1.9854189e+00   1.6500000e+03
  -1.6547716e+00   1.6650000e+03
  -7.4305397e-01   1.6800000e+03
