#matfile on
coord geo
smooth 2d
surface free
kappa 2 0 60000 41
lsqlin 20 1e-20

fault 1 name -73.35380 -33.00865 12239.100 16475.040 23112.125 8.384 9.288 0.0 0.0 0.0 0.0 0.0 0.0 20.0 0.0 0.0 1.0 1.0 
fault 1 name -73.11190 -33.01728 16475.040 21901.570 23035.025 7.575 12.256 0.0 0.0 0.0 0.0 0.0 0.0 20.0 0.0 0.0 1.0 1.0 
fault 1 name -72.85640 -33.03494 21901.570 29677.910 23632.664 6.385 16.729 0.0 0.0 0.0 0.0 0.0 0.0 20.0 0.0 0.0 1.0 1.0 
fault 1 name -72.65604 -33.04688 29677.910 38689.910 24244.179 5.138 21.106 0.0 0.0 0.0 0.0 0.0 0.0 20.0 0.0 0.0 1.0 1.0 
fault 1 name -72.53428 -33.05260 38689.910 48460.010 24555.768 4.160 23.782 0.0 0.0 0.0 0.0 0.0 0.0 20.0 0.0 0.0 1.0 1.0 
fault 1 name -72.54636 -33.05149 48460.010 57622.220 24672.901 3.238 23.602 0.0 0.0 0.0 0.0 0.0 0.0 20.0 0.0 0.0 1.0 1.0 
fault 1 name -72.56474 -33.04778 57622.220 67296.270 24567.950 2.824 23.144 0.0 0.0 0.0 0.0 0.0 0.0 20.0 0.0 0.0 1.0 1.0 
fault 1 name -72.48054 -33.07955 67296.270 78586.530 24908.129 1.183 24.304 0.0 0.0 0.0 0.0 0.0 0.0 20.0 0.0 0.0 1.0 1.0 
fault 1 name -73.33593 -32.85165 11861.610 15881.640 23615.967 4.134 9.209 0.0 0.0 0.0 0.0 0.0 0.0 20.0 0.0 0.0 1.0 1.0 
fault 1 name -73.08693 -32.85706 15881.640 22009.630 23831.492 3.750 12.216 0.0 0.0 0.0 0.0 0.0 0.0 20.0 0.0 0.0 1.0 1.0 
fault 1 name -72.79112 -32.86407 22009.630 30115.140 23879.503 3.005 17.754 0.0 0.0 0.0 0.0 0.0 0.0 20.0 0.0 0.0 1.0 1.0 
fault 1 name -72.65528 -32.85960 30115.140 39097.150 23809.960 2.569 21.001 0.0 0.0 0.0 0.0 0.0 0.0 20.0 0.0 0.0 1.0 1.0 
fault 1 name -72.52189 -32.86023 39097.150 48776.040 23897.933 2.112 23.948 0.0 0.0 0.0 0.0 0.0 0.0 20.0 0.0 0.0 1.0 1.0 
fault 1 name -72.54564 -32.85556 48776.040 57825.840 23907.644 1.737 23.529 0.0 0.0 0.0 0.0 0.0 0.0 20.0 0.0 0.0 1.0 1.0 
fault 1 name -72.56292 -32.86510 57825.840 67416.380 23626.565 1.013 23.084 0.0 0.0 0.0 0.0 0.0 0.0 20.0 0.0 0.0 1.0 1.0 
fault 1 name -72.47928 -32.86935 67416.380 78678.174 23923.396 0.593 24.250 0.0 0.0 0.0 0.0 0.0 0.0 20.0 0.0 0.0 1.0 1.0 
fault 1 name -73.29226 -32.69055 11929.420 16128.860 24847.341 359.764 9.485 0.0 0.0 0.0 0.0 0.0 0.0 20.0 0.0 0.0 1.0 1.0 
fault 1 name -73.06296 -32.69465 16128.860 22222.800 24704.226 359.305 12.444 0.0 0.0 0.0 0.0 0.0 0.0 20.0 0.0 0.0 1.0 1.0 
fault 1 name -72.77516 -32.69462 22222.800 30222.690 24742.628 358.851 17.886 0.0 0.0 0.0 0.0 0.0 0.0 20.0 0.0 0.0 1.0 1.0 
fault 1 name -72.63585 -32.70233 30222.690 39069.520 24778.635 357.971 21.167 0.0 0.0 0.0 0.0 0.0 0.0 20.0 0.0 0.0 1.0 1.0 
fault 1 name -72.51166 -32.71309 39069.520 48597.890 24220.217 357.230 23.868 0.0 0.0 0.0 0.0 0.0 0.0 20.0 0.0 0.0 1.0 1.0 
fault 1 name -72.49444 -32.72816 48597.890 58106.770 24332.861 356.672 24.172 0.0 0.0 0.0 0.0 0.0 0.0 20.0 0.0 0.0 1.0 1.0 
fault 1 name -72.54991 -32.74359 58106.770 67914.190 25055.108 356.728 23.317 0.0 0.0 0.0 0.0 0.0 0.0 20.0 0.0 0.0 1.0 1.0 
fault 1 name -72.48217 -32.78965 67914.190 79012.779 24919.010 354.962 23.939 0.0 0.0 0.0 0.0 0.0 0.0 20.0 0.0 0.0 1.0 1.0 
fault 1 name -73.29188 -32.46725 11929.030 16127.250 24900.621 359.754 9.462 0.0 0.0 0.0 0.0 0.0 0.0 20.0 0.0 0.0 1.0 1.0 
fault 1 name -73.06439 -32.47276 16127.250 22219.780 24845.767 359.286 12.387 0.0 0.0 0.0 0.0 0.0 0.0 20.0 0.0 0.0 1.0 1.0 
fault 1 name -72.77875 -32.47250 22219.780 30292.390 24995.314 358.824 17.754 0.0 0.0 0.0 0.0 0.0 0.0 20.0 0.0 0.0 1.0 1.0 
fault 1 name -72.58211 -32.47364 30292.390 39757.110 25146.320 358.377 22.512 0.0 0.0 0.0 0.0 0.0 0.0 20.0 0.0 0.0 1.0 1.0 
fault 1 name -72.51863 -32.50171 39757.110 50240.090 25621.427 356.790 24.071 0.0 0.0 0.0 0.0 0.0 0.0 20.0 0.0 0.0 1.0 1.0 
fault 1 name -72.51733 -32.51696 50240.090 59219.980 26033.808 356.386 24.039 0.0 0.0 0.0 0.0 0.0 0.0 20.0 0.0 0.0 1.0 1.0 
fault 1 name -72.58402 -32.53159 59219.980 67614.470 25589.774 356.267 22.845 0.0 0.0 0.0 0.0 0.0 0.0 20.0 0.0 0.0 1.0 1.0 
fault 1 name -72.51139 -32.52348 67614.470 78664.924 25295.504 356.783 23.846 0.0 0.0 0.0 0.0 0.0 0.0 20.0 0.0 0.0 1.0 1.0 
fault 1 name -73.29204 -32.24085 11912.240 16055.200 25450.132 359.977 9.439 0.0 0.0 0.0 0.0 0.0 0.0 20.0 0.0 0.0 1.0 1.0 
fault 1 name -73.06751 -32.24161 16055.200 22059.420 25769.338 359.961 12.323 0.0 0.0 0.0 0.0 0.0 0.0 20.0 0.0 0.0 1.0 1.0 
fault 1 name -72.78574 -32.23558 22059.420 30024.300 26324.406 359.950 17.604 0.0 0.0 0.0 0.0 0.0 0.0 20.0 0.0 0.0 1.0 1.0 
fault 1 name -72.58798 -32.22961 30024.300 39394.210 26114.234 359.957 22.402 0.0 0.0 0.0 0.0 0.0 0.0 20.0 0.0 0.0 1.0 1.0 
fault 1 name -72.52775 -32.22749 39394.210 48844.520 26622.785 359.962 23.998 0.0 0.0 0.0 0.0 0.0 0.0 20.0 0.0 0.0 1.0 1.0 
fault 1 name -72.52480 -32.22264 48844.520 58283.920 26368.645 359.962 24.029 0.0 0.0 0.0 0.0 0.0 0.0 20.0 0.0 0.0 1.0 1.0 
fault 1 name -72.53008 -32.22732 58283.920 68224.400 26575.083 359.816 23.922 0.0 0.0 0.0 0.0 0.0 0.0 20.0 0.0 0.0 1.0 1.0 
fault 1 name -72.61475 -32.23434 68224.400 78681.070 26641.706 359.341 22.698 0.0 0.0 0.0 0.0 0.0 0.0 20.0 0.0 0.0 1.0 1.0 
fault 1 name -73.29136 -31.95663 12264.010 16644.930 24989.078 4.797 9.306 0.0 0.0 0.0 0.0 0.0 0.0 20.0 0.0 0.0 1.0 1.0 
fault 1 name -73.01001 -31.94771 16644.930 23243.290 24708.457 5.649 13.155 0.0 0.0 0.0 0.0 0.0 0.0 20.0 0.0 0.0 1.0 1.0 
fault 1 name -72.73579 -31.93341 23243.290 30581.240 24444.552 6.216 18.935 0.0 0.0 0.0 0.0 0.0 0.0 20.0 0.0 0.0 1.0 1.0 
fault 1 name -72.59026 -31.92686 30581.240 40956.010 24501.628 5.827 22.493 0.0 0.0 0.0 0.0 0.0 0.0 20.0 0.0 0.0 1.0 1.0 
fault 1 name -72.51345 -31.90053 40956.010 49481.610 24265.427 6.213 24.404 0.0 0.0 0.0 0.0 0.0 0.0 20.0 0.0 0.0 1.0 1.0 
fault 1 name -72.52948 -31.88059 49481.610 58700.060 25002.431 5.982 23.979 0.0 0.0 0.0 0.0 0.0 0.0 20.0 0.0 0.0 1.0 1.0 
fault 1 name -72.60425 -31.82896 58700.060 68644.600 24732.512 7.053 22.720 0.0 0.0 0.0 0.0 0.0 0.0 20.0 0.0 0.0 1.0 1.0 
fault 1 name -72.52568 -31.80624 68644.600 79595.870 24317.179 7.048 23.656 0.0 0.0 0.0 0.0 0.0 0.0 20.0 0.0 0.0 1.0 1.0 
fault 1 name -73.24052 -31.69241 12297.510 16761.420 23377.453 8.516 9.631 0.0 0.0 0.0 0.0 0.0 0.0 20.0 0.0 0.0 1.0 1.0 
fault 1 name -72.98207 -31.69977 16761.420 23383.880 23789.230 8.056 13.278 0.0 0.0 0.0 0.0 0.0 0.0 20.0 0.0 0.0 1.0 1.0 
fault 1 name -72.71026 -31.70177 23383.880 30749.200 23822.242 7.410 19.029 0.0 0.0 0.0 0.0 0.0 0.0 20.0 0.0 0.0 1.0 1.0 
fault 1 name -72.56381 -31.69177 30749.200 40188.100 24390.961 7.183 22.616 0.0 0.0 0.0 0.0 0.0 0.0 20.0 0.0 0.0 1.0 1.0 
fault 1 name -72.50284 -31.67756 40188.100 50604.680 24891.770 6.603 24.145 0.0 0.0 0.0 0.0 0.0 0.0 20.0 0.0 0.0 1.0 1.0 
fault 1 name -72.50647 -31.63132 50604.680 59749.740 24413.261 7.383 23.952 0.0 0.0 0.0 0.0 0.0 0.0 20.0 0.0 0.0 1.0 1.0 
fault 1 name -72.56437 -31.62039 59749.740 68820.640 24649.580 6.542 22.937 0.0 0.0 0.0 0.0 0.0 0.0 20.0 0.0 0.0 1.0 1.0 
fault 1 name -72.53560 -31.60130 68820.640 79556.877 24720.193 6.368 23.241 0.0 0.0 0.0 0.0 0.0 0.0 20.0 0.0 0.0 1.0 1.0 
fault 1 name -73.19941 -31.52348 12378.020 17024.550 24997.084 5.122 9.790 0.0 0.0 0.0 0.0 0.0 0.0 20.0 0.0 0.0 1.0 1.0 
fault 1 name -72.91590 -31.51559 17024.550 23727.820 24999.500 5.830 14.077 0.0 0.0 0.0 0.0 0.0 0.0 20.0 0.0 0.0 1.0 1.0 
fault 1 name -72.66326 -31.51184 23727.820 32188.320 24866.623 5.413 19.619 0.0 0.0 0.0 0.0 0.0 0.0 20.0 0.0 0.0 1.0 1.0 
fault 1 name -72.52740 -31.48380 32188.320 41629.890 25015.696 6.456 23.035 0.0 0.0 0.0 0.0 0.0 0.0 20.0 0.0 0.0 1.0 1.0 
fault 1 name -72.47382 -31.45323 41629.890 51127.500 24833.263 6.761 24.266 0.0 0.0 0.0 0.0 0.0 0.0 20.0 0.0 0.0 1.0 1.0 
fault 1 name -72.52066 -31.41212 51127.500 59934.270 24804.062 7.141 23.308 0.0 0.0 0.0 0.0 0.0 0.0 20.0 0.0 0.0 1.0 1.0 
fault 1 name -72.55804 -31.35729 59934.270 69070.780 24779.731 8.289 22.514 0.0 0.0 0.0 0.0 0.0 0.0 20.0 0.0 0.0 1.0 1.0 
fault 1 name -72.53767 -31.32195 69070.780 79550.754 24750.231 8.465 22.743 0.0 0.0 0.0 0.0 0.0 0.0 20.0 0.0 0.0 1.0 1.0 
fault 1 name -73.16727 -31.25487 12469.230 17326.120 22181.759 9.131 9.863 0.0 0.0 0.0 0.0 0.0 0.0 20.0 0.0 0.0 1.0 1.0 
fault 1 name -72.87090 -31.26042 17326.120 23404.020 22045.734 8.968 14.550 0.0 0.0 0.0 0.0 0.0 0.0 20.0 0.0 0.0 1.0 1.0 
fault 1 name -72.64637 -31.25405 23404.020 32021.990 23280.560 8.806 19.544 0.0 0.0 0.0 0.0 0.0 0.0 20.0 0.0 0.0 1.0 1.0 
fault 1 name -72.51896 -31.22549 32021.990 41324.080 23256.359 9.247 22.816 0.0 0.0 0.0 0.0 0.0 0.0 20.0 0.0 0.0 1.0 1.0 
fault 1 name -72.46362 -31.19566 41324.080 50819.310 23849.237 9.097 23.967 0.0 0.0 0.0 0.0 0.0 0.0 20.0 0.0 0.0 1.0 1.0 
fault 1 name -72.52238 -31.14815 50819.310 59738.320 23537.426 9.198 22.811 0.0 0.0 0.0 0.0 0.0 0.0 20.0 0.0 0.0 1.0 1.0 
fault 1 name -72.56167 -31.09268 59738.320 69498.600 23541.546 9.973 22.078 0.0 0.0 0.0 0.0 0.0 0.0 20.0 0.0 0.0 1.0 1.0 
fault 1 name -72.52788 -31.04443 69498.600 79783.378 22990.676 10.431 22.362 0.0 0.0 0.0 0.0 0.0 0.0 20.0 0.0 0.0 1.0 1.0 
fault 1 name -73.13134 -31.15403 12071.320 16782.380 25305.441 0.390 9.942 0.0 0.0 0.0 0.0 0.0 0.0 20.0 0.0 0.0 1.0 1.0 
fault 1 name -72.87996 -31.14269 16782.380 23966.170 25581.466 1.242 13.806 0.0 0.0 0.0 0.0 0.0 0.0 20.0 0.0 0.0 1.0 1.0 
fault 1 name -72.59985 -31.11737 23966.170 32737.830 25433.147 2.020 20.433 0.0 0.0 0.0 0.0 0.0 0.0 20.0 0.0 0.0 1.0 1.0 
fault 1 name -72.49790 -31.09526 32737.830 42346.970 25202.524 2.765 23.066 0.0 0.0 0.0 0.0 0.0 0.0 20.0 0.0 0.0 1.0 1.0 
fault 1 name -72.50123 -31.05958 42346.970 51273.460 25185.929 3.561 23.130 0.0 0.0 0.0 0.0 0.0 0.0 20.0 0.0 0.0 1.0 1.0 
fault 1 name -72.53735 -31.02207 51273.460 60173.010 24731.918 4.599 22.312 0.0 0.0 0.0 0.0 0.0 0.0 20.0 0.0 0.0 1.0 1.0 
fault 1 name -72.64478 -30.97991 60173.010 68690.070 24809.467 5.328 20.884 0.0 0.0 0.0 0.0 0.0 0.0 20.0 0.0 0.0 1.0 1.0 
fault 1 name -72.58972 -30.92089 68690.070 78484.282 24504.694 6.971 21.394 0.0 0.0 0.0 0.0 0.0 0.0 20.0 0.0 0.0 1.0 1.0 
fault 1 name -73.07810 -30.88815 12227.430 17309.360 22766.858 4.198 10.600 0.0 0.0 0.0 0.0 0.0 0.0 20.0 0.0 0.0 1.0 1.0 
fault 1 name -72.84920 -30.88335 17309.360 24742.500 22993.080 4.089 14.455 0.0 0.0 0.0 0.0 0.0 0.0 20.0 0.0 0.0 1.0 1.0 
fault 1 name -72.59608 -30.86680 24742.500 33681.170 23279.454 4.127 20.567 0.0 0.0 0.0 0.0 0.0 0.0 20.0 0.0 0.0 1.0 1.0 
fault 1 name -72.48958 -30.85134 33681.170 43343.730 23128.084 4.170 23.274 0.0 0.0 0.0 0.0 0.0 0.0 20.0 0.0 0.0 1.0 1.0 
fault 1 name -72.48223 -30.82332 43343.730 52646.530 23339.302 4.213 23.470 0.0 0.0 0.0 0.0 0.0 0.0 20.0 0.0 0.0 1.0 1.0 
fault 1 name -72.59138 -30.79868 52646.530 61128.150 23625.769 4.384 21.639 0.0 0.0 0.0 0.0 0.0 0.0 20.0 0.0 0.0 1.0 1.0 
fault 1 name -72.65860 -30.78512 61128.150 69596.120 23884.059 4.107 20.683 0.0 0.0 0.0 0.0 0.0 0.0 20.0 0.0 0.0 1.0 1.0 
fault 1 name -72.70305 -30.76376 69596.120 78803.515 24631.577 4.317 20.219 0.0 0.0 0.0 0.0 0.0 0.0 20.0 0.0 0.0 1.0 1.0 
fault 1 name -73.09503 -30.76762 12146.320 17079.270 25649.421 356.104 10.198 0.0 0.0 0.0 0.0 0.0 0.0 20.0 0.0 0.0 1.0 1.0 
fault 1 name -72.83237 -30.75588 17079.270 24575.370 25379.200 356.535 14.432 0.0 0.0 0.0 0.0 0.0 0.0 20.0 0.0 0.0 1.0 1.0 
fault 1 name -72.56163 -30.72419 24575.370 34032.420 25074.734 357.615 21.146 0.0 0.0 0.0 0.0 0.0 0.0 20.0 0.0 0.0 1.0 1.0 
fault 1 name -72.47270 -30.71763 34032.420 44129.690 25397.054 358.126 23.671 0.0 0.0 0.0 0.0 0.0 0.0 20.0 0.0 0.0 1.0 1.0 
fault 1 name -72.47836 -30.67603 44129.690 53395.040 24739.747 0.220 23.788 0.0 0.0 0.0 0.0 0.0 0.0 20.0 0.0 0.0 1.0 1.0 
fault 1 name -72.60964 -30.67518 53395.040 61871.910 24818.169 0.106 21.508 0.0 0.0 0.0 0.0 0.0 0.0 20.0 0.0 0.0 1.0 1.0 
fault 1 name -72.73043 -30.63605 61871.910 70025.800 24818.256 1.416 19.999 0.0 0.0 0.0 0.0 0.0 0.0 20.0 0.0 0.0 1.0 1.0 
fault 1 name -72.82397 -30.58664 70025.800 78683.217 25359.298 2.582 19.101 0.0 0.0 0.0 0.0 0.0 0.0 20.0 0.0 0.0 1.0 1.0 
fault 1 name -73.13006 -30.49319 12136.950 17288.380 25857.672 0.244 9.875 0.0 0.0 0.0 0.0 0.0 0.0 20.0 0.0 0.0 1.0 1.0 
fault 1 name -72.80187 -30.48467 17288.380 25188.000 25839.818 0.746 15.456 0.0 0.0 0.0 0.0 0.0 0.0 20.0 0.0 0.0 1.0 1.0 
fault 1 name -72.60662 -30.46234 25188.000 34554.360 26037.063 1.182 20.513 0.0 0.0 0.0 0.0 0.0 0.0 20.0 0.0 0.0 1.0 1.0 
fault 1 name -72.47598 -30.44692 34554.360 44855.570 26226.193 1.600 23.938 0.0 0.0 0.0 0.0 0.0 0.0 20.0 0.0 0.0 1.0 1.0 
fault 1 name -72.47716 -30.43545 44855.570 54378.750 26112.740 1.368 24.026 0.0 0.0 0.0 0.0 0.0 0.0 20.0 0.0 0.0 1.0 1.0 
fault 1 name -72.64416 -30.42218 54378.750 62678.840 26727.204 1.447 21.268 0.0 0.0 0.0 0.0 0.0 0.0 20.0 0.0 0.0 1.0 1.0 
fault 1 name -72.81546 -30.37248 62678.840 70540.700 26291.796 2.735 19.237 0.0 0.0 0.0 0.0 0.0 0.0 20.0 0.0 0.0 1.0 1.0 
fault 1 name -72.93707 -30.30105 70540.700 78736.433 26400.121 4.081 18.151 0.0 0.0 0.0 0.0 0.0 0.0 20.0 0.0 0.0 1.0 1.0 
fault 1 name -73.12733 -30.21268 12162.900 17414.930 24633.114 4.689 9.977 0.0 0.0 0.0 0.0 0.0 0.0 20.0 0.0 0.0 1.0 1.0 
fault 1 name -72.79589 -30.20642 17414.930 25554.730 24830.208 5.498 15.714 0.0 0.0 0.0 0.0 0.0 0.0 20.0 0.0 0.0 1.0 1.0 
fault 1 name -72.60591 -30.16850 25554.730 34986.710 24628.630 6.839 20.737 0.0 0.0 0.0 0.0 0.0 0.0 20.0 0.0 0.0 1.0 1.0 
fault 1 name -72.47418 -30.13698 34986.710 45336.110 25078.636 7.638 24.050 0.0 0.0 0.0 0.0 0.0 0.0 20.0 0.0 0.0 1.0 1.0 
fault 1 name -72.48626 -30.07021 45336.110 54798.420 24851.577 9.438 23.739 0.0 0.0 0.0 0.0 0.0 0.0 20.0 0.0 0.0 1.0 1.0 
fault 1 name -72.69370 -29.98687 54798.420 63017.940 25093.027 9.835 20.409 0.0 0.0 0.0 0.0 0.0 0.0 20.0 0.0 0.0 1.0 1.0 
fault 1 name -72.80057 -29.90655 63017.940 70657.860 24948.681 10.773 19.045 0.0 0.0 0.0 0.0 0.0 0.0 20.0 0.0 0.0 1.0 1.0 
fault 1 name -72.96630 -29.75614 70657.860 78508.225 24830.990 12.700 17.433 0.0 0.0 0.0 0.0 0.0 0.0 20.0 0.0 0.0 1.0 1.0 
fault 1 name -73.07839 -29.98854 12353.560 17839.330 24155.152 5.200 10.497 0.0 0.0 0.0 0.0 0.0 0.0 20.0 0.0 0.0 1.0 1.0 
fault 1 name -72.77407 -29.97057 17839.330 25979.840 24324.810 6.835 15.944 0.0 0.0 0.0 0.0 0.0 0.0 20.0 0.0 0.0 1.0 1.0 
fault 1 name -72.56845 -29.93419 25979.840 35643.240 24063.388 8.249 21.175 0.0 0.0 0.0 0.0 0.0 0.0 20.0 0.0 0.0 1.0 1.0 
fault 1 name -72.46508 -29.87292 35643.240 45798.290 24117.268 10.523 23.661 0.0 0.0 0.0 0.0 0.0 0.0 20.0 0.0 0.0 1.0 1.0 
fault 1 name -72.47729 -29.79113 45798.290 54969.720 23870.845 12.552 23.129 0.0 0.0 0.0 0.0 0.0 0.0 20.0 0.0 0.0 1.0 1.0 
fault 1 name -72.63362 -29.65190 54969.720 63107.820 25845.008 14.673 20.303 0.0 0.0 0.0 0.0 0.0 0.0 20.0 0.0 0.0 1.0 1.0 
fault 1 name -72.70148 -29.54452 63107.820 70865.670 26339.128 15.928 19.142 0.0 0.0 0.0 0.0 0.0 0.0 20.0 0.0 0.0 1.0 1.0 
fault 1 name -72.84260 -29.38923 70865.670 78798.092 26756.968 17.205 17.604 0.0 0.0 0.0 0.0 0.0 0.0 20.0 0.0 0.0 1.0 1.0 
fault 1 name -73.05253 -29.77057 12376.380 18067.670 24837.735 5.365 10.520 0.0 0.0 0.0 0.0 0.0 0.0 20.0 0.0 0.0 1.0 1.0 
fault 1 name -72.75543 -29.74263 18067.670 26012.450 24688.584 7.754 15.810 0.0 0.0 0.0 0.0 0.0 0.0 20.0 0.0 0.0 1.0 1.0 
fault 1 name -72.55592 -29.69547 26012.450 35566.660 24353.100 10.154 20.371 0.0 0.0 0.0 0.0 0.0 0.0 20.0 0.0 0.0 1.0 1.0 
fault 1 name -72.45345 -29.61530 35566.660 45313.750 23641.351 13.309 22.529 0.0 0.0 0.0 0.0 0.0 0.0 20.0 0.0 0.0 1.0 1.0 
fault 1 name -72.43704 -29.51635 45313.750 54064.560 24844.741 16.019 22.273 0.0 0.0 0.0 0.0 0.0 0.0 20.0 0.0 0.0 1.0 1.0 
fault 1 name -72.49320 -29.34582 54064.560 62584.060 22301.154 18.799 20.433 0.0 0.0 0.0 0.0 0.0 0.0 20.0 0.0 0.0 1.0 1.0 
fault 1 name -72.45222 -29.22657 62584.060 70707.570 22073.854 20.764 20.235 0.0 0.0 0.0 0.0 0.0 0.0 20.0 0.0 0.0 1.0 1.0 
fault 1 name -72.54340 -29.02907 70707.570 79140.852 21910.878 22.722 18.641 0.0 0.0 0.0 0.0 0.0 0.0 20.0 0.0 0.0 1.0 1.0 
fault 1 name -73.02185 -29.49795 12479.960 18313.580 23550.817 10.103 10.408 0.0 0.0 0.0 0.0 0.0 0.0 20.0 0.0 0.0 1.0 1.0 
fault 1 name -72.73008 -29.47657 18313.580 26130.240 23186.487 11.996 15.402 0.0 0.0 0.0 0.0 0.0 0.0 20.0 0.0 0.0 1.0 1.0 
fault 1 name -72.55536 -29.42235 26130.240 35083.620 22472.484 14.258 18.898 0.0 0.0 0.0 0.0 0.0 0.0 20.0 0.0 0.0 1.0 1.0 
fault 1 name -72.42553 -29.35108 35083.620 43177.760 23755.819 16.753 21.130 0.0 0.0 0.0 0.0 0.0 0.0 20.0 0.0 0.0 1.0 1.0 
fault 1 name -72.37764 -29.25161 43177.760 52857.740 21736.781 18.594 21.145 0.0 0.0 0.0 0.0 0.0 0.0 20.0 0.0 0.0 1.0 1.0 
fault 1 name -72.30669 -29.15422 52857.740 61008.150 20074.799 20.334 21.260 0.0 0.0 0.0 0.0 0.0 0.0 20.0 0.0 0.0 1.0 1.0 
fault 1 name -72.28253 -29.05938 61008.150 69466.840 21264.679 21.207 20.964 0.0 0.0 0.0 0.0 0.0 0.0 20.0 0.0 0.0 1.0 1.0 
fault 1 name -72.40568 -28.88119 69466.840 78068.447 20835.536 22.282 18.987 0.0 0.0 0.0 0.0 0.0 0.0 20.0 0.0 0.0 1.0 1.0 
fault 1 name -72.97540 -29.29360 12468.880 18242.850 24444.559 9.734 10.458 0.0 0.0 0.0 0.0 0.0 0.0 20.0 0.0 0.0 1.0 1.0 
fault 1 name -72.72699 -29.27081 18242.850 25490.540 23822.516 11.326 14.429 0.0 0.0 0.0 0.0 0.0 0.0 20.0 0.0 0.0 1.0 1.0 
fault 1 name -72.55122 -29.22256 25490.540 32820.600 22925.982 13.584 17.393 0.0 0.0 0.0 0.0 0.0 0.0 20.0 0.0 0.0 1.0 1.0 
fault 1 name -72.42017 -29.14718 32820.600 41571.410 20545.466 15.667 19.280 0.0 0.0 0.0 0.0 0.0 0.0 20.0 0.0 0.0 1.0 1.0 
fault 1 name -72.33458 -29.08250 41571.410 50440.150 21354.277 17.215 20.123 0.0 0.0 0.0 0.0 0.0 0.0 20.0 0.0 0.0 1.0 1.0 
fault 1 name -72.20619 -29.05402 50440.150 59830.240 21141.407 17.609 21.461 0.0 0.0 0.0 0.0 0.0 0.0 20.0 0.0 0.0 1.0 1.0 
fault 1 name -72.20925 -29.00162 59830.240 69919.580 20436.490 16.468 21.039 0.0 0.0 0.0 0.0 0.0 0.0 20.0 0.0 0.0 1.0 1.0 
fault 1 name -72.34391 -28.82780 69919.580 78586.825 21318.858 18.524 19.121 0.0 0.0 0.0 0.0 0.0 0.0 20.0 0.0 0.0 1.0 1.0 
fault 1 name -72.89151 -29.04152 12529.100 18179.960 23026.199 13.740 10.937 0.0 0.0 0.0 0.0 0.0 0.0 20.0 0.0 0.0 1.0 1.0 
fault 1 name -72.71950 -29.02106 18179.960 24972.760 22608.348 13.938 13.470 0.0 0.0 0.0 0.0 0.0 0.0 20.0 0.0 0.0 1.0 1.0 
fault 1 name -72.56319 -28.99515 24972.760 32664.400 21751.592 14.397 15.782 0.0 0.0 0.0 0.0 0.0 0.0 20.0 0.0 0.0 1.0 1.0 
fault 1 name -72.41675 -28.96640 32664.400 40145.740 21129.785 15.007 17.814 0.0 0.0 0.0 0.0 0.0 0.0 20.0 0.0 0.0 1.0 1.0 
fault 1 name -72.30286 -28.96389 40145.740 49238.990 19442.065 13.237 19.204 0.0 0.0 0.0 0.0 0.0 0.0 20.0 0.0 0.0 1.0 1.0 
fault 1 name -72.12852 -28.98803 49238.990 59999.030 19904.801 12.095 21.573 0.0 0.0 0.0 0.0 0.0 0.0 20.0 0.0 0.0 1.0 1.0 
fault 1 name -72.11255 -28.94346 59999.030 69336.180 21285.637 12.114 21.570 0.0 0.0 0.0 0.0 0.0 0.0 20.0 0.0 0.0 1.0 1.0 
fault 1 name -72.32345 -28.86664 69336.180 78023.196 21220.849 11.353 19.161 0.0 0.0 0.0 0.0 0.0 0.0 20.0 0.0 0.0 1.0 1.0 
fault 1 name -72.84492 -28.85761 12554.300 18149.680 23892.315 11.842 10.838 0.0 0.0 0.0 0.0 0.0 0.0 20.0 0.0 0.0 1.0 1.0 
fault 1 name -72.68872 -28.85740 18149.680 24574.720 23473.620 10.748 13.149 0.0 0.0 0.0 0.0 0.0 0.0 20.0 0.0 0.0 1.0 1.0 
fault 1 name -72.57821 -28.87425 24574.720 31893.620 23605.023 8.758 14.656 0.0 0.0 0.0 0.0 0.0 0.0 20.0 0.0 0.0 1.0 1.0 
fault 1 name -72.44347 -28.89351 31893.620 40038.350 23408.290 7.462 16.509 0.0 0.0 0.0 0.0 0.0 0.0 20.0 0.0 0.0 1.0 1.0 
fault 1 name -72.27359 -28.94078 40038.350 49472.850 23652.244 5.318 18.817 0.0 0.0 0.0 0.0 0.0 0.0 20.0 0.0 0.0 1.0 1.0 
fault 1 name -72.09362 -28.97730 49472.850 59383.370 23859.076 3.925 21.431 0.0 0.0 0.0 0.0 0.0 0.0 20.0 0.0 0.0 1.0 1.0 
fault 1 name -72.08035 -29.01053 59383.370 68914.680 24263.025 1.419 21.508 0.0 0.0 0.0 0.0 0.0 0.0 20.0 0.0 0.0 1.0 1.0 
fault 1 name -72.25624 -29.04433 68914.680 77791.615 23367.640 359.686 19.549 0.0 0.0 0.0 0.0 0.0 0.0 20.0 0.0 0.0 1.0 1.0 
fault 1 name -72.75582 -28.63450 12617.550 18115.200 23423.407 13.779 11.386 0.0 0.0 0.0 0.0 0.0 0.0 20.0 0.0 0.0 1.0 1.0 
fault 1 name -72.64444 -28.64351 18115.200 24459.300 23592.337 11.213 13.051 0.0 0.0 0.0 0.0 0.0 0.0 20.0 0.0 0.0 1.0 1.0 
fault 1 name -72.53152 -28.66043 24459.300 31549.660 23713.867 9.094 14.702 0.0 0.0 0.0 0.0 0.0 0.0 20.0 0.0 0.0 1.0 1.0 
fault 1 name -72.39125 -28.70033 31549.660 39558.980 23821.917 6.666 16.677 0.0 0.0 0.0 0.0 0.0 0.0 20.0 0.0 0.0 1.0 1.0 
fault 1 name -72.22663 -28.75354 39558.980 49202.950 24240.699 4.075 19.006 0.0 0.0 0.0 0.0 0.0 0.0 20.0 0.0 0.0 1.0 1.0 
fault 1 name -72.05760 -28.82211 49202.950 58998.630 24478.086 0.964 21.699 0.0 0.0 0.0 0.0 0.0 0.0 20.0 0.0 0.0 1.0 1.0 
fault 1 name -71.99321 -28.85712 58998.630 68943.840 23748.399 358.649 22.466 0.0 0.0 0.0 0.0 0.0 0.0 20.0 0.0 0.0 1.0 1.0 
fault 1 name -72.15596 -28.95523 68943.840 78289.450 23604.535 355.541 20.497 0.0 0.0 0.0 0.0 0.0 0.0 20.0 0.0 0.0 1.0 1.0 
fault 1 name -72.66403 -28.43943 12618.950 18160.010 22612.027 13.529 12.190 0.0 0.0 0.0 0.0 0.0 0.0 20.0 0.0 0.0 1.0 1.0 
fault 1 name -72.57830 -28.44369 18160.010 24577.410 23143.713 10.790 13.544 0.0 0.0 0.0 0.0 0.0 0.0 20.0 0.0 0.0 1.0 1.0 
fault 1 name -72.46298 -28.47775 24577.410 31591.890 23722.947 7.430 15.425 0.0 0.0 0.0 0.0 0.0 0.0 20.0 0.0 0.0 1.0 1.0 
fault 1 name -72.39183 -28.52505 31591.890 39564.150 24229.333 4.259 16.445 0.0 0.0 0.0 0.0 0.0 0.0 20.0 0.0 0.0 1.0 1.0 
fault 1 name -72.14795 -28.58627 39564.150 48893.850 25091.009 1.382 20.129 0.0 0.0 0.0 0.0 0.0 0.0 20.0 0.0 0.0 1.0 1.0 
fault 1 name -71.98001 -28.64394 48893.850 58982.450 25383.928 358.765 22.849 0.0 0.0 0.0 0.0 0.0 0.0 20.0 0.0 0.0 1.0 1.0 
fault 1 name -71.95216 -28.71166 58982.450 68601.500 24984.775 355.495 23.141 0.0 0.0 0.0 0.0 0.0 0.0 20.0 0.0 0.0 1.0 1.0 
fault 1 name -72.05633 -28.83068 68601.500 78467.860 25011.056 352.126 21.537 0.0 0.0 0.0 0.0 0.0 0.0 20.0 0.0 0.0 1.0 1.0 
fault 1 name -72.58204 -28.28976 12754.940 18381.470 25000.000 8.749 12.943 0.0 0.0 0.0 0.0 0.0 0.0 20.0 0.0 0.0 1.0 1.0 
fault 1 name -72.50725 -28.28197 18381.470 24851.900 25000.000 7.451 14.217 0.0 0.0 0.0 0.0 0.0 0.0 20.0 0.0 0.0 1.0 1.0 
fault 1 name -72.41332 -28.29483 24851.900 31802.130 25000.000 5.496 15.864 0.0 0.0 0.0 0.0 0.0 0.0 20.0 0.0 0.0 1.0 1.0 
fault 1 name -72.29895 -28.32343 31802.130 39895.210 25000.000 3.600 17.609 0.0 0.0 0.0 0.0 0.0 0.0 20.0 0.0 0.0 1.0 1.0 
fault 1 name -72.14478 -28.34796 39895.210 48873.170 25000.000 2.121 20.155 0.0 0.0 0.0 0.0 0.0 0.0 20.0 0.0 0.0 1.0 1.0 
fault 1 name -71.93334 -28.38393 48873.170 59204.930 25000.000 0.559 23.704 0.0 0.0 0.0 0.0 0.0 0.0 20.0 0.0 0.0 1.0 1.0 
fault 1 name -71.90057 -28.43211 59204.930 68865.490 25000.000 357.994 24.293 0.0 0.0 0.0 0.0 0.0 0.0 20.0 0.0 0.0 1.0 1.0 
fault 1 name -72.06433 -28.48189 68865.490 78969.724 25000.000 356.712 22.007 0.0 0.0 0.0 0.0 0.0 0.0 20.0 0.0 0.0 1.0 1.0 

#point type name lon lat z Ue Un Uv 0 0 0 1
point 3 TOLO -70.806052 -30.169892 0 -0.2539 -0.11623 -0.00549 0.01424 0.00329 0.0182 1
point 3 PEDR -70.689128 -30.838964 0 -0.54069 -0.10899 -0.03268 0.0055 0.00144 0.00693 1
point 3 CMBA -70.998967 -31.188197 0 -0.85992 0.0065 -0.12288 0.01433 0.00251 0.01941 1
point 3 LVIL -71.514000 -31.909200 0 -0.35497 0.06784 -0.05415 0.01613 0.0029 0.02263 1
point 3 VALL -70.764388 -28.572000 0 -0.01607 -0.00995 0.00074 0.00941 0.00176 0.01248 1
point 3 CMPN -70.685823 -29.028204 0 -0.03608 -0.02366 0.00048 0.01465 0.00301 0.00789 1
point 3 LSCH -71.246039 -29.908192 0 -0.17231 -0.09464 -0.01256 0.012 0.00225 0.01614 1
point 3 JUNT -70.093602 -29.976605 0 -0.13127 -0.05585 0.01316 0.02644 0.0047 0.01907 1
point 3 BTON -71.487205 -30.263225 0 -0.45461 -0.19944 -0.1003 0.01959 0.00389 0.02785 1
point 3 OVLL -71.203891 -30.603754 0 -0.73252 -0.21994 -0.10594 0.01397 0.00256 0.01923 1
point 3 PFRJ -71.6354 -30.67475 0 -1.44476 -0.23439 -0.24344 0.01659 0.00298 0.02237 1
point 3 EMAT -71.662661 -31.146676 0 -2.1681 -0.05263 0.20847 0.00979 0.00147 0.01314 1
point 3 CMBA -70.998967 -31.188197 0 -0.85992 0.0065 -0.12288 0.01433 0.00251 0.01941 1
point 3 CNBA -71.4579 -31.3982 0 -1.27845 -0.01707 0.05665 0.00896 0.00165 0.01287 1
point 3 SLMC -70.962777 -31.776944 0 -0.39737 0.12945 -0.04395 0.0151 0.00282 0.02066 1
point 3 LVIL -71.514000 -31.909200 0 -0.35497 0.06784 -0.05415 0.01613 0.0029 0.02263 1

