  -1.0739270e-03   0.0000000e+00
  -1.0739295e-03   1.5000000e+01
  -1.0739474e-03   3.0000000e+01
  -1.0739976e-03   4.5000000e+01
  -1.0740752e-03   6.0000000e+01
  -1.0741455e-03   7.5000000e+01
  -1.0741781e-03   9.0000000e+01
  -1.0741905e-03   1.0500000e+02
  -1.0742452e-03   1.2000000e+02
  -1.0743982e-03   1.3500000e+02
  -1.0746018e-03   1.5000000e+02
  -1.0746056e-03   1.6500000e+02
  -1.0736767e-03   1.8000000e+02
  -1.0692901e-03   1.9500000e+02
  -1.0539774e-03   2.1000000e+02
  -1.0119862e-03   2.2500000e+02
  -9.2271529e-04   2.4000000e+02
  -7.7908690e-04   2.5500000e+02
  -6.1350822e-04   2.7000000e+02
  -4.9861200e-04   2.8500000e+02
  -4.9509929e-04   3.0000000e+02
  -5.8188027e-04   3.1500000e+02
  -6.5872981e-04   3.3000000e+02
  -6.4911536e-04   3.4500000e+02
  -5.8813003e-04   3.6000000e+02
  -5.6909432e-04   3.7500000e+02
  -6.1290950e-04   3.9000000e+02
  -6.4880244e-04   4.0500000e+02
  -6.3065364e-04   4.2000000e+02
  -6.0152309e-04   4.3500000e+02
  -6.1163353e-04   4.5000000e+02
  -6.3867646e-04   4.6500000e+02
  -6.3883042e-04   4.8000000e+02
  -6.2325218e-04   4.9500000e+02
  -6.2759081e-04   5.1000000e+02
  -6.4612296e-04   5.2500000e+02
  -6.5026968e-04   5.4000000e+02
  -6.4243184e-04   5.5500000e+02
  -6.4466603e-04   5.7000000e+02
  -6.5595715e-04   5.8500000e+02
  -6.5932702e-04   6.0000000e+02
  -6.5566052e-04   6.1500000e+02
  -6.5854873e-04   6.3000000e+02
  -6.6705409e-04   6.4500000e+02
  -6.7030115e-04   6.6000000e+02
  -6.6881865e-04   6.7500000e+02
  -6.6894299e-04   6.9000000e+02
  -6.6595821e-04   7.0500000e+02
  -6.4991775e-04   7.2000000e+02
  -6.1836373e-04   7.3500000e+02
  -5.7262980e-04   7.5000000e+02
  -5.1371171e-04   7.6500000e+02
  -4.5200213e-04   7.8000000e+02
  -4.1202703e-04   7.9500000e+02
  -4.1752410e-04   8.1000000e+02
  -4.7167641e-04   8.2500000e+02
  -5.5046030e-04   8.4000000e+02
  -6.1249913e-04   8.5500000e+02
  -6.2406698e-04   8.7000000e+02
  -5.8823044e-04   8.8500000e+02
  -5.4836343e-04   9.0000000e+02
  -5.4953404e-04   9.1500000e+02
  -5.9188786e-04   9.3000000e+02
  -6.3110510e-04   9.4500000e+02
  -6.3025439e-04   9.6000000e+02
  -6.0247810e-04   9.7500000e+02
  -5.9152581e-04   9.9000000e+02
  -6.1482599e-04   1.0050000e+03
  -6.4355810e-04   1.0200000e+03
  -6.4542267e-04   1.0350000e+03
  -6.2902516e-04   1.0500000e+03
  -6.2673632e-04   1.0650000e+03
  -6.4448669e-04   1.0800000e+03
  -6.5634184e-04   1.0950000e+03
  -6.4919912e-04   1.1100000e+03
  -6.4303470e-04   1.1250000e+03
  -6.5553957e-04   1.1400000e+03
  -6.7319977e-04   1.1550000e+03
  -6.7647127e-04   1.1700000e+03
  -6.7258487e-04   1.1850000e+03
  -6.8051531e-04   1.2000000e+03
  -6.9886690e-04   1.2150000e+03
  -7.1273273e-04   1.2300000e+03
  -7.2148541e-04   1.2450000e+03
  -7.3588965e-04   1.2600000e+03
  -7.5459783e-04   1.2750000e+03
  -7.6569914e-04   1.2900000e+03
  -7.6771283e-04   1.3050000e+03
  -7.7018514e-04   1.3200000e+03
  -7.7655952e-04   1.3350000e+03
  -7.8254560e-04   1.3500000e+03
  -7.8831700e-04   1.3650000e+03
  -7.9810206e-04   1.3800000e+03
  -8.1040623e-04   1.3950000e+03
  -8.2058494e-04   1.4100000e+03
  -8.3001703e-04   1.4250000e+03
  -8.4276882e-04   1.4400000e+03
  -8.5670152e-04   1.4550000e+03
  -8.6648826e-04   1.4700000e+03
  -8.7194238e-04   1.4850000e+03
  -8.7650499e-04   1.5000000e+03
  -8.8147563e-04   1.5150000e+03
  -8.8711438e-04   1.5300000e+03
  -8.9513371e-04   1.5450000e+03
  -9.0569508e-04   1.5600000e+03
  -9.1593602e-04   1.5750000e+03
  -9.2424487e-04   1.5900000e+03
  -9.3232986e-04   1.6050000e+03
  -9.4191212e-04   1.6200000e+03
  -9.5295953e-04   1.6350000e+03
  -9.6535240e-04   1.6500000e+03
  -9.7913668e-04   1.6650000e+03
  -9.9338766e-04   1.6800000e+03
  -1.0072731e-03   1.6950000e+03
  -1.0216204e-03   1.7100000e+03
  -1.0376127e-03   1.7250000e+03
  -1.0545611e-03   1.7400000e+03
  -1.0700516e-03   1.7550000e+03
  -1.0818491e-03   1.7700000e+03
  -1.0895078e-03   1.7850000e+03
  -1.0948377e-03   1.8000000e+03
  -1.1005226e-03   1.8150000e+03
  -1.1076230e-03   1.8300000e+03
  -1.1152416e-03   1.8450000e+03
  -1.1231239e-03   1.8600000e+03
  -1.1329077e-03   1.8750000e+03
  -1.1456991e-03   1.8900000e+03
  -1.1600123e-03   1.9050000e+03
  -1.1733994e-03   1.9200000e+03
  -1.1849320e-03   1.9350000e+03
  -1.1951036e-03   1.9500000e+03
  -1.2044408e-03   1.9650000e+03
  -1.2134475e-03   1.9800000e+03
  -1.2233356e-03   1.9950000e+03
  -1.2353311e-03   2.0100000e+03
  -1.2489144e-03   2.0250000e+03
  -1.2617956e-03   2.0400000e+03
  -1.2724351e-03   2.0550000e+03
  -1.2820769e-03   2.0700000e+03
  -1.2934546e-03   2.0850000e+03
  -1.3076358e-03   2.1000000e+03
  -1.3229530e-03   2.1150000e+03
  -1.3371429e-03   2.1300000e+03
  -1.3499465e-03   2.1450000e+03
  -1.3632652e-03   2.1600000e+03
  -1.3789384e-03   2.1750000e+03
  -1.3967192e-03   2.1900000e+03
  -1.4145499e-03   2.2050000e+03
  -1.4306501e-03   2.2200000e+03
  -1.4450373e-03   2.2350000e+03
  -1.4588892e-03   2.2500000e+03
  -1.4728954e-03   2.2650000e+03
  -1.4868210e-03   2.2800000e+03
  -1.5004129e-03   2.2950000e+03
  -1.5139226e-03   2.3100000e+03
  -1.5275595e-03   2.3250000e+03
  -1.5409819e-03   2.3400000e+03
  -1.5537408e-03   2.3550000e+03
  -1.5660075e-03   2.3700000e+03
  -1.5785658e-03   2.3850000e+03
  -1.5920539e-03   2.4000000e+03
  -1.6062355e-03   2.4150000e+03
  -1.6201277e-03   2.4300000e+03
  -1.6329567e-03   2.4450000e+03
  -1.6449764e-03   2.4600000e+03
  -1.6571763e-03   2.4750000e+03
  -1.6701847e-03   2.4900000e+03
  -1.6837365e-03   2.5050000e+03
  -1.6973637e-03   2.5200000e+03
  -1.7112434e-03   2.5350000e+03
  -1.7261127e-03   2.5500000e+03
  -1.7425501e-03   2.5650000e+03
  -1.7605886e-03   2.5800000e+03
  -1.7798301e-03   2.5950000e+03
  -1.7996696e-03   2.6100000e+03
  -1.8195919e-03   2.6250000e+03
  -1.8395145e-03   2.6400000e+03
  -1.8597995e-03   2.6550000e+03
  -1.8807241e-03   2.6700000e+03
  -1.9020229e-03   2.6850000e+03
  -1.9230865e-03   2.7000000e+03
  -1.9435587e-03   2.7150000e+03
  -1.9635586e-03   2.7300000e+03
  -1.9833469e-03   2.7450000e+03
  -2.0029356e-03   2.7600000e+03
  -2.0220694e-03   2.7750000e+03
  -2.0404968e-03   2.7900000e+03
  -2.0582089e-03   2.8050000e+03
  -2.0754274e-03   2.8200000e+03
  -2.0923873e-03   2.8350000e+03
  -2.1091893e-03   2.8500000e+03
  -2.1258113e-03   2.8650000e+03
  -2.1421614e-03   2.8800000e+03
  -2.1580830e-03   2.8950000e+03
  -2.1733146e-03   2.9100000e+03
  -2.1874793e-03   2.9250000e+03
  -2.2000936e-03   2.9400000e+03
  -2.2104434e-03   2.9550000e+03
  -2.2175182e-03   2.9700000e+03
  -2.2202157e-03   2.9850000e+03
  -2.2176711e-03   3.0000000e+03
  -2.2094036e-03   3.0150000e+03
  -2.1951701e-03   3.0300000e+03
  -2.1747113e-03   3.0450000e+03
  -2.1476168e-03   3.0600000e+03
  -2.1132443e-03   3.0750000e+03
  -2.0706430e-03   3.0900000e+03
  -2.0184990e-03   3.1050000e+03
  -1.9551553e-03   3.1200000e+03
  -1.8787144e-03   3.1350000e+03
  -1.7870200e-03   3.1500000e+03
  -1.6775121e-03   3.1650000e+03
  -1.5469778e-03   3.1800000e+03
  -1.3913296e-03   3.1950000e+03
  -1.2054838e-03   3.2100000e+03
  -9.8327198e-04   3.2250000e+03
  -7.1734027e-04   3.2400000e+03
  -3.9880114e-04   3.2550000e+03
  -1.6520335e-05   3.2700000e+03
   4.4373656e-04   3.2850000e+03
   9.9995511e-04   3.3000000e+03
   1.6742398e-03   3.3150000e+03
   2.4932348e-03   3.3300000e+03
   3.4888992e-03   3.3450000e+03
   4.6995138e-03   3.3600000e+03
   6.1704917e-03   3.3750000e+03
   7.9546012e-03   3.3900000e+03
   1.0111598e-02   3.4050000e+03
   1.2707252e-02   3.4200000e+03
   1.5811587e-02   3.4350000e+03
   1.9496057e-02   3.4500000e+03
   2.3829147e-02   3.4650000e+03
   2.8870333e-02   3.4800000e+03
   3.4662895e-02   3.4950000e+03
   4.1226655e-02   3.5100000e+03
   4.8551824e-02   3.5250000e+03
   5.6594800e-02   3.5400000e+03
   6.5276526e-02   3.5550000e+03
   7.4483715e-02   3.5700000e+03
   8.4073015e-02   3.5850000e+03
   9.3877181e-02   3.6000000e+03
   1.0371160e-01   3.6150000e+03
   1.1337962e-01   3.6300000e+03
   1.2267581e-01   3.6450000e+03
   1.3138774e-01   3.6600000e+03
   1.3929775e-01   3.6750000e+03
   1.4618675e-01   3.6900000e+03
   1.5184206e-01   3.7050000e+03
   1.5607077e-01   3.7200000e+03
   1.5871924e-01   3.7350000e+03
   1.5969668e-01   3.7500000e+03
   1.5899853e-01   3.7650000e+03
   1.5672241e-01   3.7800000e+03
   1.5306899e-01   3.7950000e+03
   1.4832205e-01   3.8100000e+03
   1.4280634e-01   3.8250000e+03
   1.3682914e-01   3.8400000e+03
   1.3061689e-01   3.8550000e+03
   1.2426300e-01   3.8700000e+03
   1.1770358e-01   3.8850000e+03
   1.1073263e-01   3.9000000e+03
   1.0306107e-01   3.9150000e+03
   9.4411857e-02   3.9300000e+03
   8.4632434e-02   3.9450000e+03
   7.3795825e-02   3.9600000e+03
   6.2258434e-02   3.9750000e+03
   5.0647616e-02   3.9900000e+03
   3.9767541e-02   4.0050000e+03
   3.0434918e-02   4.0200000e+03
   2.3280177e-02   4.0350000e+03
   1.8566150e-02   4.0500000e+03
   1.6078254e-02   4.0650000e+03
   1.5126382e-02   4.0800000e+03
   1.4672353e-02   4.0950000e+03
   1.3563868e-02   4.1100000e+03
   1.0823652e-02   4.1250000e+03
   5.9187165e-03   4.1400000e+03
  -1.0715770e-03   4.1550000e+03
  -9.4507979e-03   4.1700000e+03
  -1.8081635e-02   4.1850000e+03
  -2.5701592e-02   4.2000000e+03
  -3.1284869e-02   4.2150000e+03
  -3.4334909e-02   4.2300000e+03
  -3.5011459e-02   4.2450000e+03
  -3.4052197e-02   4.2600000e+03
  -3.2521304e-02   4.2750000e+03
  -3.1478141e-02   4.2900000e+03
  -3.1684779e-02   4.3050000e+03
  -3.3450034e-02   4.3200000e+03
  -3.6646985e-02   4.3350000e+03
  -4.0865980e-02   4.3500000e+03
  -4.5611311e-02   4.3650000e+03
  -5.0444573e-02   4.3800000e+03
  -5.5024464e-02   4.3950000e+03
  -5.9063733e-02   4.4100000e+03
  -6.2275760e-02   4.4250000e+03
  -6.4381815e-02   4.4400000e+03
  -6.5194666e-02   4.4550000e+03
  -6.4721890e-02   4.4700000e+03
  -6.3196413e-02   4.4850000e+03
  -6.0977858e-02   4.5000000e+03
