  -1.2955863e-03   0.0000000e+00
  -1.2955888e-03   1.5000000e+01
  -1.2956106e-03   3.0000000e+01
  -1.2956753e-03   4.5000000e+01
  -1.2957745e-03   6.0000000e+01
  -1.2958525e-03   7.5000000e+01
  -1.2958727e-03   9.0000000e+01
  -1.2958620e-03   1.0500000e+02
  -1.2959166e-03   1.2000000e+02
  -1.2961163e-03   1.3500000e+02
  -1.2963865e-03   1.5000000e+02
  -1.2963926e-03   1.6500000e+02
  -1.2952158e-03   1.8000000e+02
  -1.2898603e-03   1.9500000e+02
  -1.2714817e-03   2.1000000e+02
  -1.2213676e-03   2.2500000e+02
  -1.1150350e-03   2.4000000e+02
  -9.4409834e-04   2.5500000e+02
  -7.4719376e-04   2.7000000e+02
  -6.1082619e-04   2.8500000e+02
  -6.0720730e-04   3.0000000e+02
  -7.1110274e-04   3.1500000e+02
  -8.0309255e-04   3.3000000e+02
  -7.9207809e-04   3.4500000e+02
  -7.1991817e-04   3.6000000e+02
  -6.9772016e-04   3.7500000e+02
  -7.5028982e-04   3.9000000e+02
  -7.9333206e-04   4.0500000e+02
  -7.7201740e-04   4.2000000e+02
  -7.3769363e-04   4.3500000e+02
  -7.5013947e-04   4.5000000e+02
  -7.8275386e-04   4.6500000e+02
  -7.8334461e-04   4.8000000e+02
  -7.6520781e-04   4.9500000e+02
  -7.7081134e-04   5.1000000e+02
  -7.9333875e-04   5.2500000e+02
  -7.9876435e-04   5.4000000e+02
  -7.8994717e-04   5.5500000e+02
  -7.9311040e-04   5.7000000e+02
  -8.0699858e-04   5.8500000e+02
  -8.1138680e-04   6.0000000e+02
  -8.0735760e-04   6.1500000e+02
  -8.1114151e-04   6.3000000e+02
  -8.2168618e-04   6.4500000e+02
  -8.2608376e-04   6.6000000e+02
  -8.2499743e-04   6.7500000e+02
  -8.2614552e-04   6.9000000e+02
  -8.2438654e-04   7.0500000e+02
  -8.0868258e-04   7.2000000e+02
  -7.7708438e-04   7.3500000e+02
  -7.3186110e-04   7.5000000e+02
  -6.7384378e-04   7.6500000e+02
  -6.1328063e-04   7.8000000e+02
  -5.7554990e-04   7.9500000e+02
  -5.8498688e-04   8.1000000e+02
  -6.4406439e-04   8.2500000e+02
  -7.2757492e-04   8.4000000e+02
  -7.9331460e-04   8.5500000e+02
  -8.0712279e-04   8.7000000e+02
  -7.7241746e-04   8.8500000e+02
  -7.3399395e-04   9.0000000e+02
  -7.3820923e-04   9.1500000e+02
  -7.8479253e-04   9.3000000e+02
  -8.2768529e-04   9.4500000e+02
  -8.2897203e-04   9.6000000e+02
  -8.0264435e-04   9.7500000e+02
  -7.9396984e-04   9.9000000e+02
  -8.2075765e-04   1.0050000e+03
  -8.5307920e-04   1.0200000e+03
  -8.5743621e-04   1.0350000e+03
  -8.4255490e-04   1.0500000e+03
  -8.4191980e-04   1.0650000e+03
  -8.6197333e-04   1.0800000e+03
  -8.7610399e-04   1.0950000e+03
  -8.7057689e-04   1.1100000e+03
  -8.6580124e-04   1.1250000e+03
  -8.8022725e-04   1.1400000e+03
  -9.0036995e-04   1.1550000e+03
  -9.0631231e-04   1.1700000e+03
  -9.0550527e-04   1.1850000e+03
  -9.1752544e-04   1.2000000e+03
  -9.4091531e-04   1.2150000e+03
  -9.6003624e-04   1.2300000e+03
  -9.7380322e-04   1.2450000e+03
  -9.9308346e-04   1.2600000e+03
  -1.0166467e-03   1.2750000e+03
  -1.0325171e-03   1.2900000e+03
  -1.0392928e-03   1.3050000e+03
  -1.0467245e-03   1.3200000e+03
  -1.0581267e-03   1.3350000e+03
  -1.0688548e-03   1.3500000e+03
  -1.0791346e-03   1.3650000e+03
  -1.0936831e-03   1.3800000e+03
  -1.1113314e-03   1.3950000e+03
  -1.1273263e-03   1.4100000e+03
  -1.1428416e-03   1.4250000e+03
  -1.1618595e-03   1.4400000e+03
  -1.1821782e-03   1.4550000e+03
  -1.1983342e-03   1.4700000e+03
  -1.2099472e-03   1.4850000e+03
  -1.2203761e-03   1.5000000e+03
  -1.2311754e-03   1.5150000e+03
  -1.2431545e-03   1.5300000e+03
  -1.2583234e-03   1.5450000e+03
  -1.2765689e-03   1.5600000e+03
  -1.2946179e-03   1.5750000e+03
  -1.3108908e-03   1.5900000e+03
  -1.3274545e-03   1.6050000e+03
  -1.3461226e-03   1.6200000e+03
  -1.3665223e-03   1.6350000e+03
  -1.3882361e-03   1.6500000e+03
  -1.4113541e-03   1.6650000e+03
  -1.4350814e-03   1.6800000e+03
  -1.4584967e-03   1.6950000e+03
  -1.4822932e-03   1.7100000e+03
  -1.5078909e-03   1.7250000e+03
  -1.5352187e-03   1.7400000e+03
  -1.5623241e-03   1.7550000e+03
  -1.5867001e-03   1.7700000e+03
  -1.6070030e-03   1.7850000e+03
  -1.6243545e-03   1.8000000e+03
  -1.6415480e-03   1.8150000e+03
  -1.6601795e-03   1.8300000e+03
  -1.6795784e-03   1.8450000e+03
  -1.6992521e-03   1.8600000e+03
  -1.7205658e-03   1.8750000e+03
  -1.7446904e-03   1.8900000e+03
  -1.7704880e-03   1.9050000e+03
  -1.7958693e-03   1.9200000e+03
  -1.8201105e-03   1.9350000e+03
  -1.8436991e-03   1.9500000e+03
  -1.8670401e-03   1.9650000e+03
  -1.8906195e-03   1.9800000e+03
  -1.9157908e-03   1.9950000e+03
  -1.9439450e-03   2.0100000e+03
  -1.9746919e-03   2.0250000e+03
  -2.0059333e-03   2.0400000e+03
  -2.0363512e-03   2.0550000e+03
  -2.0671398e-03   2.0700000e+03
  -2.1006111e-03   2.0850000e+03
  -2.1373751e-03   2.1000000e+03
  -2.1755707e-03   2.1150000e+03
  -2.2128012e-03   2.1300000e+03
  -2.2483927e-03   2.1450000e+03
  -2.2837678e-03   2.1600000e+03
  -2.3209874e-03   2.1750000e+03
  -2.3609411e-03   2.1900000e+03
  -2.4028446e-03   2.2050000e+03
  -2.4454298e-03   2.2200000e+03
  -2.4883386e-03   2.2350000e+03
  -2.5319590e-03   2.2500000e+03
  -2.5761370e-03   2.2650000e+03
  -2.6199205e-03   2.2800000e+03
  -2.6627549e-03   2.2950000e+03
  -2.7052208e-03   2.3100000e+03
  -2.7482698e-03   2.3250000e+03
  -2.7922541e-03   2.3400000e+03
  -2.8370684e-03   2.3550000e+03
  -2.8828119e-03   2.3700000e+03
  -2.9298186e-03   2.3850000e+03
  -2.9782462e-03   2.4000000e+03
  -3.0280843e-03   2.4150000e+03
  -3.0796826e-03   2.4300000e+03
  -3.1340281e-03   2.4450000e+03
  -3.1921691e-03   2.4600000e+03
  -3.2540946e-03   2.4750000e+03
  -3.3182695e-03   2.4900000e+03
  -3.3827794e-03   2.5050000e+03
  -3.4473620e-03   2.5200000e+03
  -3.5142947e-03   2.5350000e+03
  -3.5869814e-03   2.5500000e+03
  -3.6675499e-03   2.5650000e+03
  -3.7556970e-03   2.5800000e+03
  -3.8495921e-03   2.5950000e+03
  -3.9477409e-03   2.6100000e+03
  -4.0502818e-03   2.6250000e+03
  -4.1588740e-03   2.6400000e+03
  -4.2752228e-03   2.6550000e+03
  -4.3995059e-03   2.6700000e+03
  -4.5303823e-03   2.6850000e+03
  -4.6666143e-03   2.7000000e+03
  -4.8083626e-03   2.7150000e+03
  -4.9564927e-03   2.7300000e+03
  -5.1106843e-03   2.7450000e+03
  -5.2685393e-03   2.7600000e+03
  -5.4265605e-03   2.7750000e+03
  -5.5814572e-03   2.7900000e+03
  -5.7296110e-03   2.8050000e+03
  -5.8645997e-03   2.8200000e+03
  -5.9744855e-03   2.8350000e+03
  -6.0402751e-03   2.8500000e+03
  -6.0346439e-03   2.8650000e+03
  -5.9183598e-03   2.8800000e+03
  -5.6326794e-03   2.8950000e+03
  -5.0884588e-03   2.9100000e+03
  -4.1540656e-03   2.9250000e+03
  -2.6436208e-03   2.9400000e+03
  -3.0677521e-04   2.9550000e+03
   3.1761779e-03   2.9700000e+03
   8.1858411e-03   2.9850000e+03
   1.5131502e-02   3.0000000e+03
   2.4387285e-02   3.0150000e+03
   3.6196295e-02   3.0300000e+03
   5.0553646e-02   3.0450000e+03
   6.7092888e-02   3.0600000e+03
   8.5014246e-02   3.0750000e+03
   1.0310088e-01   3.0900000e+03
   1.1986110e-01   3.1050000e+03
   1.3380116e-01   3.1200000e+03
   1.4377744e-01   3.1350000e+03
   1.4931656e-01   3.1500000e+03
   1.5075892e-01   3.1650000e+03
   1.4910547e-01   3.1800000e+03
   1.4554326e-01   3.1950000e+03
   1.4076985e-01   3.2100000e+03
   1.3437478e-01   3.2250000e+03
   1.2458966e-01   3.2400000e+03
   1.0863248e-01   3.2550000e+03
   8.3651349e-02   3.2700000e+03
   4.8003133e-02   3.2850000e+03
   2.4124025e-03   3.3000000e+03
  -4.9450956e-02   3.3150000e+03
  -1.0124709e-01   3.3300000e+03
  -1.4506844e-01   3.3450000e+03
  -1.7307533e-01   3.3600000e+03
  -1.7924030e-01   3.3750000e+03
  -1.6080305e-01   3.3900000e+03
  -1.1916558e-01   3.4050000e+03
  -6.0104687e-02   3.4200000e+03
   6.7119473e-03   3.4350000e+03
   6.8866313e-02   3.4500000e+03
   1.1294504e-01   3.4650000e+03
   1.2687479e-01   3.4800000e+03
   1.0274332e-01   3.4950000e+03
   3.9776929e-02   3.5100000e+03
  -5.3283948e-02   3.5250000e+03
  -1.5760385e-01   3.5400000e+03
  -2.4670526e-01   3.5550000e+03
  -2.9247850e-01   3.5700000e+03
  -2.7378917e-01   3.5850000e+03
  -1.8504097e-01   3.6000000e+03
  -4.1111313e-02   3.6150000e+03
   1.2431800e-01   3.6300000e+03
   2.6775134e-01   3.6450000e+03
   3.4977722e-01   3.6600000e+03
   3.4886226e-01   3.6750000e+03
   2.6934150e-01   3.6900000e+03
   1.3978063e-01   3.7050000e+03
   1.8083645e-03   3.7200000e+03
  -1.0613942e-01   3.7350000e+03
  -1.6307005e-01   3.7500000e+03
  -1.7119089e-01   3.7650000e+03
  -1.5061310e-01   3.7800000e+03
  -1.2596411e-01   3.7950000e+03
  -1.1215273e-01   3.8100000e+03
  -1.0709593e-01   3.8250000e+03
  -9.5423192e-02   3.8400000e+03
  -6.0855791e-02   3.8550000e+03
   3.4396190e-04   3.8700000e+03
   7.3432863e-02   3.8850000e+03
   1.3102582e-01   3.9000000e+03
   1.4771423e-01   3.9150000e+03
   1.1470786e-01   3.9300000e+03
   4.5350514e-02   3.9450000e+03
  -3.2115050e-02   3.9600000e+03
  -9.0099894e-02   3.9750000e+03
  -1.1578591e-01   3.9900000e+03
  -1.1509892e-01   4.0050000e+03
  -1.0464841e-01   4.0200000e+03
  -9.7765371e-02   4.0350000e+03
  -9.4508700e-02   4.0500000e+03
  -8.2411669e-02   4.0650000e+03
  -4.7051344e-02   4.0800000e+03
   1.5269274e-02   4.0950000e+03
   9.1603950e-02   4.1100000e+03
   1.5710272e-01   4.1250000e+03
   1.8708079e-01   4.1400000e+03
   1.6885054e-01   4.1550000e+03
   1.0700940e-01   4.1700000e+03
   2.0827774e-02   4.1850000e+03
  -6.3178010e-02   4.2000000e+03
  -1.1941626e-01   4.2150000e+03
  -1.3000950e-01   4.2300000e+03
  -9.0021104e-02   4.2450000e+03
  -1.0657015e-02   4.2600000e+03
   8.1762552e-02   4.2750000e+03
   1.5352514e-01   4.2900000e+03
   1.7718023e-01   4.3050000e+03
   1.4519672e-01   4.3200000e+03
   7.5042531e-02   4.3350000e+03
   6.1009143e-04   4.3500000e+03
  -4.6427432e-02   4.3650000e+03
  -5.3907782e-02   4.3800000e+03
  -3.3402395e-02   4.3950000e+03
  -8.4904684e-03   4.4100000e+03
   3.8266750e-03   4.4250000e+03
   4.0083039e-03   4.4400000e+03
   4.8669283e-03   4.4550000e+03
   1.5742030e-02   4.4700000e+03
   3.0686589e-02   4.4850000e+03
   3.2079838e-02   4.5000000e+03
