   3.4322436e-03   0.0000000e+00
   3.4311423e-03   1.5000000e+01
   3.4278019e-03   3.0000000e+01
   3.4223092e-03   4.5000000e+01
   3.4148903e-03   6.0000000e+01
   3.4057335e-03   7.5000000e+01
   3.3949288e-03   9.0000000e+01
   3.3825128e-03   1.0500000e+02
   3.3684238e-03   1.2000000e+02
   3.3524733e-03   1.3500000e+02
   3.3345420e-03   1.5000000e+02
   3.3147458e-03   1.6500000e+02
   3.2933014e-03   1.8000000e+02
   3.2703308e-03   1.9500000e+02
   3.2457935e-03   2.1000000e+02
   3.2194406e-03   2.2500000e+02
   3.1908595e-03   2.4000000e+02
   3.1596567e-03   2.5500000e+02
   3.1255782e-03   2.7000000e+02
   3.0886291e-03   2.8500000e+02
   3.0492605e-03   3.0000000e+02
   3.0081745e-03   3.1500000e+02
   2.9657178e-03   3.3000000e+02
   2.9216094e-03   3.4500000e+02
   2.8753688e-03   3.6000000e+02
   2.8267864e-03   3.7500000e+02
   2.7758798e-03   3.9000000e+02
   2.7225625e-03   4.0500000e+02
   2.6663793e-03   4.2000000e+02
   2.6064573e-03   4.3500000e+02
   2.5413537e-03   4.5000000e+02
   2.4674463e-03   4.6500000e+02
   2.3753168e-03   4.8000000e+02
   2.2463810e-03   4.9500000e+02
   2.0534981e-03   5.1000000e+02
   1.7695950e-03   5.2500000e+02
   1.3875586e-03   5.4000000e+02
   9.4636314e-04   5.5500000e+02
   5.4222113e-04   5.7000000e+02
   2.9675456e-04   5.8500000e+02
   2.7907881e-04   6.0000000e+02
   4.3138894e-04   6.1500000e+02
   5.7792815e-04   6.3000000e+02
   5.4593099e-04   6.4500000e+02
   3.1022838e-04   6.6000000e+02
   1.1916927e-05   6.7500000e+02
  -1.9389950e-04   6.9000000e+02
  -3.0957389e-04   7.0500000e+02
  -4.8230618e-04   7.2000000e+02
  -8.0906111e-04   7.3500000e+02
  -1.1962359e-03   7.5000000e+02
  -1.4550140e-03   7.6500000e+02
  -1.5067356e-03   7.8000000e+02
  -1.4294013e-03   7.9500000e+02
  -1.3113170e-03   8.1000000e+02
  -1.1515038e-03   8.2500000e+02
  -9.4308396e-04   8.4000000e+02
  -7.6212088e-04   8.5500000e+02
  -6.7677337e-04   8.7000000e+02
  -6.1383587e-04   8.8500000e+02
  -4.2542364e-04   9.0000000e+02
  -7.8921672e-05   9.1500000e+02
   3.2336151e-04   9.3000000e+02
   7.1767875e-04   9.4500000e+02
   1.1638267e-03   9.6000000e+02
   1.7391202e-03   9.7500000e+02
   2.4620690e-03   9.9000000e+02
   3.3632834e-03   1.0050000e+03
   4.5312503e-03   1.0200000e+03
   6.0385689e-03   1.0350000e+03
   7.9081766e-03   1.0500000e+03
   1.0196103e-02   1.0650000e+03
   1.3031944e-02   1.0800000e+03
   1.6540874e-02   1.0950000e+03
   2.0789323e-02   1.1100000e+03
   2.5829386e-02   1.1250000e+03
   3.1731579e-02   1.1400000e+03
   3.8549326e-02   1.1550000e+03
   4.6311017e-02   1.1700000e+03
   5.5093821e-02   1.1850000e+03
   6.5094903e-02   1.2000000e+03
   7.6615311e-02   1.2150000e+03
   8.9981347e-02   1.2300000e+03
   1.0547778e-01   1.2450000e+03
   1.2331954e-01   1.2600000e+03
   1.4363499e-01   1.2750000e+03
   1.6642860e-01   1.2900000e+03
   1.9149767e-01   1.3050000e+03
   2.1828529e-01   1.3200000e+03
   2.4571668e-01   1.3350000e+03
   2.7216363e-01   1.3500000e+03
   2.9565990e-01   1.3650000e+03
   3.1432265e-01   1.3800000e+03
   3.2680941e-01   1.3950000e+03
   3.3265975e-01   1.4100000e+03
   3.3242464e-01   1.4250000e+03
   3.2749820e-01   1.4400000e+03
   3.1962076e-01   1.4550000e+03
   3.1017578e-01   1.4700000e+03
   2.9956838e-01   1.4850000e+03
   2.8702611e-01   1.5000000e+03
   2.7103022e-01   1.5150000e+03
   2.5025484e-01   1.5300000e+03
   2.2452715e-01   1.5450000e+03
   1.9521594e-01   1.5600000e+03
   1.6473924e-01   1.5750000e+03
   1.3540961e-01   1.5900000e+03
   1.0829601e-01   1.6050000e+03
   8.2873255e-02   1.6200000e+03
   5.7770804e-02   1.6350000e+03
   3.2104310e-02   1.6500000e+03
   6.3087223e-03   1.6650000e+03
  -1.8265467e-02   1.6800000e+03
  -4.0600613e-02   1.6950000e+03
  -6.0837094e-02   1.7100000e+03
  -7.9797320e-02   1.7250000e+03
  -9.7728610e-02   1.7400000e+03
  -1.1369692e-01   1.7550000e+03
  -1.2637600e-01   1.7700000e+03
  -1.3538963e-01   1.7850000e+03
  -1.4171793e-01   1.8000000e+03
  -1.4675419e-01   1.8150000e+03
  -1.5110973e-01   1.8300000e+03
  -1.5441945e-01   1.8450000e+03
  -1.5612561e-01   1.8600000e+03
  -1.5616646e-01   1.8750000e+03
  -1.5487358e-01   1.8900000e+03
  -1.5246679e-01   1.9050000e+03
  -1.4887455e-01   1.9200000e+03
  -1.4398503e-01   1.9350000e+03
  -1.3789645e-01   1.9500000e+03
  -1.3091315e-01   1.9650000e+03
  -1.2343032e-01   1.9800000e+03
  -1.1585833e-01   1.9950000e+03
  -1.0852093e-01   2.0100000e+03
  -1.0148090e-01   2.0250000e+03
  -9.4463415e-02   2.0400000e+03
  -8.7055132e-02   2.0550000e+03
  -7.9060927e-02   2.0700000e+03
  -7.0686266e-02   2.0850000e+03
  -6.2391616e-02   2.1000000e+03
  -5.4605041e-02   2.1150000e+03
  -4.7547285e-02   2.1300000e+03
  -4.1219708e-02   2.1450000e+03
  -3.5476126e-02   2.1600000e+03
  -3.0139571e-02   2.1750000e+03
  -2.5130052e-02   2.1900000e+03
  -2.0511899e-02   2.2050000e+03
  -1.6422316e-02   2.2200000e+03
  -1.2975559e-02   2.2350000e+03
  -1.0238054e-02   2.2500000e+03
  -8.2413806e-03   2.2650000e+03
  -6.9598579e-03   2.2800000e+03
  -6.2817265e-03   2.2950000e+03
  -6.0531842e-03   2.3100000e+03
  -6.1688856e-03   2.3250000e+03
  -6.5939240e-03   2.3400000e+03
  -7.2946069e-03   2.3550000e+03
  -8.1881834e-03   2.3700000e+03
  -9.1775069e-03   2.3850000e+03
  -1.0201655e-02   2.4000000e+03
  -1.1235288e-02   2.4150000e+03
  -1.2269210e-02   2.4300000e+03
  -1.3309039e-02   2.4450000e+03
  -1.4363283e-02   2.4600000e+03
  -1.5407529e-02   2.4750000e+03
  -1.6370136e-02   2.4900000e+03
  -1.7162165e-02   2.5050000e+03
  -1.7715178e-02   2.5200000e+03
  -1.8000787e-02   2.5350000e+03
  -1.8044122e-02   2.5500000e+03
  -1.7930722e-02   2.5650000e+03
  -1.7786926e-02   2.5800000e+03
  -1.7739931e-02   2.5950000e+03
  -1.7880309e-02   2.6100000e+03
  -1.8225649e-02   2.6250000e+03
  -1.8690372e-02   2.6400000e+03
  -1.9109055e-02   2.6550000e+03
  -1.9334232e-02   2.6700000e+03
  -1.9334359e-02   2.6850000e+03
  -1.9197503e-02   2.7000000e+03
  -1.9044364e-02   2.7150000e+03
  -1.8938409e-02   2.7300000e+03
  -1.8861668e-02   2.7450000e+03
  -1.8755488e-02   2.7600000e+03
  -1.8577764e-02   2.7750000e+03
  -1.8323211e-02   2.7900000e+03
  -1.7994436e-02   2.8050000e+03
  -1.7569598e-02   2.8200000e+03
  -1.7019792e-02   2.8350000e+03
  -1.6365862e-02   2.8500000e+03
  -1.5704900e-02   2.8650000e+03
  -1.5159491e-02   2.8800000e+03
  -1.4787769e-02   2.8950000e+03
  -1.4542131e-02   2.9100000e+03
  -1.4319777e-02   2.9250000e+03
  -1.4054592e-02   2.9400000e+03
  -1.3757979e-02   2.9550000e+03
  -1.3471721e-02   2.9700000e+03
  -1.3189808e-02   2.9850000e+03
  -1.2836432e-02   3.0000000e+03
  -1.2321444e-02   3.0150000e+03
  -1.1609104e-02   3.0300000e+03
  -1.0728210e-02   3.0450000e+03
  -9.7234566e-03   3.0600000e+03
  -8.6088404e-03   3.0750000e+03
  -7.3672025e-03   3.0900000e+03
  -5.9792106e-03   3.1050000e+03
  -4.4399416e-03   3.1200000e+03
  -2.7524033e-03   3.1350000e+03
  -9.2148100e-04   3.1500000e+03
   1.0359342e-03   3.1650000e+03
   3.0780765e-03   3.1800000e+03
   5.1416224e-03   3.1950000e+03
   7.1575511e-03   3.2100000e+03
   9.0608392e-03   3.2250000e+03
   1.0787764e-02   3.2400000e+03
   1.2273377e-02   3.2550000e+03
   1.3459166e-02   3.2700000e+03
   1.4303027e-02   3.2850000e+03
   1.4779254e-02   3.3000000e+03
   1.4871708e-02   3.3150000e+03
   1.4573243e-02   3.3300000e+03
   1.3892338e-02   3.3450000e+03
   1.2853813e-02   3.3600000e+03
   1.1488844e-02   3.3750000e+03
   9.8278550e-03   3.3900000e+03
   7.9075871e-03   3.4050000e+03
   5.7820305e-03   3.4200000e+03
   3.5196166e-03   3.4350000e+03
   1.1883584e-03   3.4500000e+03
  -1.1524918e-03   3.4650000e+03
  -3.4465487e-03   3.4800000e+03
  -5.6336205e-03   3.4950000e+03
  -7.6552941e-03   3.5100000e+03
  -9.4660409e-03   3.5250000e+03
  -1.1034406e-02   3.5400000e+03
  -1.2332911e-02   3.5550000e+03
  -1.3330529e-02   3.5700000e+03
  -1.3997245e-02   3.5850000e+03
  -1.4314397e-02   3.6000000e+03
  -1.4279462e-02   3.6150000e+03
  -1.3904196e-02   3.6300000e+03
  -1.3213637e-02   3.6450000e+03
  -1.2248353e-02   3.6600000e+03
  -1.1063357e-02   3.6750000e+03
  -9.7195785e-03   3.6900000e+03
  -8.2740970e-03   3.7050000e+03
  -6.7773098e-03   3.7200000e+03
  -5.2757408e-03   3.7350000e+03
  -3.8126134e-03   3.7500000e+03
  -2.4238538e-03   3.7650000e+03
  -1.1348028e-03   3.7800000e+03
   3.8571034e-05   3.7950000e+03
   1.0864262e-03   3.8100000e+03
   2.0032879e-03   3.8250000e+03
   2.7877849e-03   3.8400000e+03
   3.4429203e-03   3.8550000e+03
   3.9778356e-03   3.8700000e+03
   4.4111363e-03   3.8850000e+03
   4.7721495e-03   3.9000000e+03
   5.0964300e-03   3.9150000e+03
   5.4171057e-03   3.9300000e+03
   5.7573416e-03   3.9450000e+03
   6.1266115e-03   3.9600000e+03
   6.5194564e-03   3.9750000e+03
   6.9160182e-03   3.9900000e+03
   7.2862264e-03   4.0050000e+03
   7.5974241e-03   4.0200000e+03
   7.8203799e-03   4.0350000e+03
   7.9296669e-03   4.0500000e+03
   7.9014199e-03   4.0650000e+03
   7.7145696e-03   4.0800000e+03
   7.3555396e-03   4.0950000e+03
   6.8202442e-03   4.1100000e+03
   6.1109667e-03   4.1250000e+03
   5.2337907e-03   4.1400000e+03
   4.2022988e-03   4.1550000e+03
   3.0445235e-03   4.1700000e+03
   1.8045052e-03   4.1850000e+03
   5.3454994e-04   4.2000000e+03
  -7.1737380e-04   4.2150000e+03
  -1.9182790e-03   4.2300000e+03
  -3.0557867e-03   4.2450000e+03
  -4.1385069e-03   4.2600000e+03
  -5.1908065e-03   4.2750000e+03
  -6.2423861e-03   4.2900000e+03
  -7.3167365e-03   4.3050000e+03
  -8.4246648e-03   4.3200000e+03
  -9.5659820e-03   4.3350000e+03
  -1.0736300e-02   4.3500000e+03
  -1.1932616e-02   4.3650000e+03
  -1.3152836e-02   4.3800000e+03
  -1.4388979e-02   4.3950000e+03
  -1.5618884e-02   4.4100000e+03
  -1.6803427e-02   4.4250000e+03
  -1.7892621e-02   4.4400000e+03
  -1.8836234e-02   4.4550000e+03
  -1.9590596e-02   4.4700000e+03
  -2.0118445e-02   4.4850000e+03
  -2.0386454e-02   4.5000000e+03
