  -1.0981112e-03   0.0000000e+00
  -1.0981143e-03   1.5000000e+01
  -1.0981361e-03   3.0000000e+01
  -1.0981952e-03   4.5000000e+01
  -1.0982724e-03   6.0000000e+01
  -1.0983137e-03   7.5000000e+01
  -1.0982923e-03   9.0000000e+01
  -1.0982553e-03   1.0500000e+02
  -1.0982989e-03   1.2000000e+02
  -1.0984881e-03   1.3500000e+02
  -1.0987412e-03   1.5000000e+02
  -1.0987433e-03   1.6500000e+02
  -1.0976858e-03   1.8000000e+02
  -1.0929600e-03   1.9500000e+02
  -1.0768727e-03   2.1000000e+02
  -1.0330946e-03   2.2500000e+02
  -9.4021217e-04   2.4000000e+02
  -7.9080276e-04   2.5500000e+02
  -6.1844202e-04   2.7000000e+02
  -4.9853500e-04   2.8500000e+02
  -4.9418915e-04   3.0000000e+02
  -5.8363995e-04   3.1500000e+02
  -6.6290703e-04   3.3000000e+02
  -6.5248995e-04   3.4500000e+02
  -5.8869529e-04   3.6000000e+02
  -5.6831224e-04   3.7500000e+02
  -6.1309873e-04   3.9000000e+02
  -6.4973894e-04   4.0500000e+02
  -6.3044147e-04   4.2000000e+02
  -5.9984287e-04   4.3500000e+02
  -6.0998509e-04   4.5000000e+02
  -6.3770870e-04   4.6500000e+02
  -6.3750648e-04   4.8000000e+02
  -6.2087219e-04   4.9500000e+02
  -6.2479696e-04   5.1000000e+02
  -6.4341183e-04   5.2500000e+02
  -6.4709556e-04   5.4000000e+02
  -6.3832896e-04   5.5500000e+02
  -6.4000150e-04   5.7000000e+02
  -6.5107789e-04   5.8500000e+02
  -6.5393676e-04   6.0000000e+02
  -6.4945623e-04   6.1500000e+02
  -6.5175339e-04   6.3000000e+02
  -6.5998448e-04   6.4500000e+02
  -6.6300674e-04   6.6000000e+02
  -6.6147279e-04   6.7500000e+02
  -6.6226465e-04   6.9000000e+02
  -6.6122867e-04   7.0500000e+02
  -6.4922072e-04   7.2000000e+02
  -6.2510278e-04   7.3500000e+02
  -5.9122231e-04   7.5000000e+02
  -5.4799067e-04   7.6500000e+02
  -5.0286308e-04   7.8000000e+02
  -4.7532166e-04   7.9500000e+02
  -4.8387647e-04   8.1000000e+02
  -5.2988459e-04   8.2500000e+02
  -5.9385865e-04   8.4000000e+02
  -6.4403523e-04   8.5500000e+02
  -6.5485120e-04   8.7000000e+02
  -6.2906899e-04   8.8500000e+02
  -6.0088333e-04   9.0000000e+02
  -6.0555851e-04   9.1500000e+02
  -6.4253126e-04   9.3000000e+02
  -6.7631336e-04   9.4500000e+02
  -6.7803240e-04   9.6000000e+02
  -6.5875228e-04   9.7500000e+02
  -6.5329298e-04   9.9000000e+02
  -6.7523698e-04   1.0050000e+03
  -7.0154993e-04   1.0200000e+03
  -7.0637942e-04   1.0350000e+03
  -6.9622265e-04   1.0500000e+03
  -6.9680566e-04   1.0650000e+03
  -7.1336172e-04   1.0800000e+03
  -7.2558568e-04   1.0950000e+03
  -7.2266086e-04   1.1100000e+03
  -7.2002748e-04   1.1250000e+03
  -7.3210913e-04   1.1400000e+03
  -7.4902037e-04   1.1550000e+03
  -7.5559877e-04   1.1700000e+03
  -7.5737317e-04   1.1850000e+03
  -7.6929491e-04   1.2000000e+03
  -7.9034292e-04   1.2150000e+03
  -8.0839946e-04   1.2300000e+03
  -8.2219922e-04   1.2450000e+03
  -8.3972991e-04   1.2600000e+03
  -8.6000253e-04   1.2750000e+03
  -8.7391643e-04   1.2900000e+03
  -8.8050344e-04   1.3050000e+03
  -8.8739360e-04   1.3200000e+03
  -8.9727336e-04   1.3350000e+03
  -9.0657879e-04   1.3500000e+03
  -9.1544032e-04   1.3650000e+03
  -9.2758553e-04   1.3800000e+03
  -9.4229082e-04   1.3950000e+03
  -9.5589482e-04   1.4100000e+03
  -9.6909562e-04   1.4250000e+03
  -9.8481041e-04   1.4400000e+03
  -1.0013748e-03   1.4550000e+03
  -1.0145913e-03   1.4700000e+03
  -1.0239721e-03   1.4850000e+03
  -1.0318893e-03   1.5000000e+03
  -1.0396476e-03   1.5150000e+03
  -1.0482221e-03   1.5300000e+03
  -1.0593070e-03   1.5450000e+03
  -1.0726394e-03   1.5600000e+03
  -1.0855425e-03   1.5750000e+03
  -1.0969659e-03   1.5900000e+03
  -1.1087925e-03   1.6050000e+03
  -1.1224423e-03   1.6200000e+03
  -1.1373388e-03   1.6350000e+03
  -1.1529282e-03   1.6500000e+03
  -1.1693023e-03   1.6650000e+03
  -1.1858395e-03   1.6800000e+03
  -1.2015430e-03   1.6950000e+03
  -1.2167119e-03   1.7100000e+03
  -1.2327450e-03   1.7250000e+03
  -1.2503320e-03   1.7400000e+03
  -1.2683945e-03   1.7550000e+03
  -1.2845432e-03   1.7700000e+03
  -1.2967680e-03   1.7850000e+03
  -1.3053602e-03   1.8000000e+03
  -1.3127108e-03   1.8150000e+03
  -1.3206177e-03   1.8300000e+03
  -1.3288206e-03   1.8450000e+03
  -1.3368683e-03   1.8600000e+03
  -1.3457797e-03   1.8750000e+03
  -1.3565844e-03   1.8900000e+03
  -1.3685108e-03   1.9050000e+03
  -1.3798941e-03   1.9200000e+03
  -1.3900191e-03   1.9350000e+03
  -1.3990449e-03   1.9500000e+03
  -1.4070404e-03   1.9650000e+03
  -1.4142409e-03   1.9800000e+03
  -1.4217553e-03   1.9950000e+03
  -1.4307637e-03   2.0100000e+03
  -1.4409750e-03   2.0250000e+03
  -1.4507818e-03   2.0400000e+03
  -1.4592448e-03   2.0550000e+03
  -1.4672262e-03   2.0700000e+03
  -1.4761779e-03   2.0850000e+03
  -1.4862579e-03   2.1000000e+03
  -1.4961505e-03   2.1150000e+03
  -1.5044442e-03   2.1300000e+03
  -1.5107645e-03   2.1450000e+03
  -1.5157636e-03   2.1600000e+03
  -1.5204371e-03   2.1750000e+03
  -1.5253257e-03   2.1900000e+03
  -1.5301268e-03   2.2050000e+03
  -1.5341521e-03   2.2200000e+03
  -1.5370771e-03   2.2350000e+03
  -1.5389114e-03   2.2500000e+03
  -1.5393293e-03   2.2650000e+03
  -1.5376265e-03   2.2800000e+03
  -1.5335042e-03   2.2950000e+03
  -1.5273051e-03   2.3100000e+03
  -1.5192679e-03   2.3250000e+03
  -1.5090430e-03   2.3400000e+03
  -1.4961729e-03   2.3550000e+03
  -1.4805674e-03   2.3700000e+03
  -1.4621995e-03   2.3850000e+03
  -1.4406244e-03   2.4000000e+03
  -1.4152213e-03   2.4150000e+03
  -1.3859425e-03   2.4300000e+03
  -1.3535247e-03   2.4450000e+03
  -1.3186838e-03   2.4600000e+03
  -1.2809443e-03   2.4750000e+03
  -1.2383135e-03   2.4900000e+03
  -1.1884205e-03   2.5050000e+03
  -1.1301652e-03   2.5200000e+03
  -1.0641312e-03   2.5350000e+03
  -9.9119986e-04   2.5500000e+03
  -9.1075007e-04   2.5650000e+03
  -8.2020299e-04   2.5800000e+03
  -7.1606209e-04   2.5950000e+03
  -5.9528381e-04   2.6100000e+03
  -4.5597326e-04   2.6250000e+03
  -2.9692828e-04   2.6400000e+03
  -1.1621187e-04   2.6550000e+03
   9.0166854e-05   2.6700000e+03
   3.2806801e-04   2.6850000e+03
   6.0353143e-04   2.7000000e+03
   9.2145900e-04   2.7150000e+03
   1.2863060e-03   2.7300000e+03
   1.7041003e-03   2.7450000e+03
   2.1835740e-03   2.7600000e+03
   2.7352993e-03   2.7750000e+03
   3.3701656e-03   2.7900000e+03
   4.0991874e-03   2.8050000e+03
   4.9349442e-03   2.8200000e+03
   5.8929604e-03   2.8350000e+03
   6.9914516e-03   2.8500000e+03
   8.2498314e-03   2.8650000e+03
   9.6879741e-03   2.8800000e+03
   1.1327329e-02   2.8950000e+03
   1.3192706e-02   2.9100000e+03
   1.5312589e-02   2.9250000e+03
   1.7717445e-02   2.9400000e+03
   2.0437548e-02   2.9550000e+03
   2.3501983e-02   2.9700000e+03
   2.6938818e-02   2.9850000e+03
   3.0775240e-02   3.0000000e+03
   3.5036936e-02   3.0150000e+03
   3.9747026e-02   3.0300000e+03
   4.4924721e-02   3.0450000e+03
   5.0582808e-02   3.0600000e+03
   5.6722783e-02   3.0750000e+03
   6.3327737e-02   3.0900000e+03
   7.0355266e-02   3.1050000e+03
   7.7733263e-02   3.1200000e+03
   8.5360356e-02   3.1350000e+03
   9.3110152e-02   3.1500000e+03
   1.0083777e-01   3.1650000e+03
   1.0838657e-01   3.1800000e+03
   1.1559422e-01   3.1950000e+03
   1.2229709e-01   3.2100000e+03
   1.2833323e-01   3.2250000e+03
   1.3354522e-01   3.2400000e+03
   1.3778497e-01   3.2550000e+03
   1.4092128e-01   3.2700000e+03
   1.4284833e-01   3.2850000e+03
   1.4349267e-01   3.3000000e+03
   1.4281701e-01   3.3150000e+03
   1.4082204e-01   3.3300000e+03
   1.3754797e-01   3.3450000e+03
   1.3307635e-01   3.3600000e+03
   1.2753150e-01   3.3750000e+03
   1.2107997e-01   3.3900000e+03
   1.1392697e-01   3.4050000e+03
   1.0630801e-01   3.4200000e+03
   9.8475195e-02   3.4350000e+03
   9.0677522e-02   3.4500000e+03
   8.3137468e-02   3.4650000e+03
   7.6027870e-02   3.4800000e+03
   6.9455512e-02   3.4950000e+03
   6.3456737e-02   3.5100000e+03
   5.8006987e-02   3.5250000e+03
   5.3040445e-02   3.5400000e+03
   4.8473243e-02   3.5550000e+03
   4.4224363e-02   3.5700000e+03
   4.0231399e-02   3.5850000e+03
   3.6460090e-02   3.6000000e+03
   3.2907199e-02   3.6150000e+03
   2.9597042e-02   3.6300000e+03
   2.6574112e-02   3.6450000e+03
   2.3895865e-02   3.6600000e+03
   2.1628132e-02   3.6750000e+03
   1.9841406e-02   3.6900000e+03
   1.8602617e-02   3.7050000e+03
   1.7958026e-02   3.7200000e+03
   1.7909080e-02   3.7350000e+03
   1.8390410e-02   3.7500000e+03
   1.9262590e-02   3.7650000e+03
   2.0327691e-02   3.7800000e+03
   2.1365041e-02   3.7950000e+03
   2.2173779e-02   3.8100000e+03
   2.2605017e-02   3.8250000e+03
   2.2572240e-02   3.8400000e+03
   2.2040837e-02   3.8550000e+03
   2.1008097e-02   3.8700000e+03
   1.9487454e-02   3.8850000e+03
   1.7503979e-02   3.9000000e+03
   1.5098196e-02   3.9150000e+03
   1.2329982e-02   3.9300000e+03
   9.2767160e-03   3.9450000e+03
   6.0267840e-03   3.9600000e+03
   2.6731619e-03   3.9750000e+03
  -6.9050014e-04   3.9900000e+03
  -3.9737914e-03   4.0050000e+03
  -7.0970007e-03   4.0200000e+03
  -1.0001350e-02   4.0350000e+03
  -1.2656162e-02   4.0500000e+03
  -1.5057136e-02   4.0650000e+03
  -1.7215259e-02   4.0800000e+03
  -1.9141957e-02   4.0950000e+03
  -2.0838270e-02   4.1100000e+03
  -2.2293039e-02   4.1250000e+03
  -2.3489742e-02   4.1400000e+03
  -2.4416912e-02   4.1550000e+03
  -2.5076030e-02   4.1700000e+03
  -2.5484009e-02   4.1850000e+03
  -2.5672846e-02   4.2000000e+03
  -2.5691237e-02   4.2150000e+03
  -2.5608622e-02   4.2300000e+03
  -2.5514333e-02   4.2450000e+03
  -2.5501985e-02   4.2600000e+03
  -2.5637921e-02   4.2750000e+03
  -2.5927847e-02   4.2900000e+03
  -2.6304441e-02   4.3050000e+03
  -2.6649833e-02   4.3200000e+03
  -2.6844742e-02   4.3350000e+03
  -2.6817156e-02   4.3500000e+03
  -2.6563354e-02   4.3650000e+03
  -2.6132865e-02   4.3800000e+03
  -2.5592251e-02   4.3950000e+03
  -2.4993028e-02   4.4100000e+03
  -2.4361810e-02   4.4250000e+03
  -2.3712849e-02   4.4400000e+03
  -2.3068026e-02   4.4550000e+03
  -2.2465993e-02   4.4700000e+03
  -2.1952406e-02   4.4850000e+03
  -2.1560261e-02   4.5000000e+03
