   4.5481074e-04   0.0000000e+00
   4.5510987e-04   1.5000000e+01
   4.5606226e-04   3.0000000e+01
   4.5741000e-04   4.5000000e+01
   4.5858289e-04   6.0000000e+01
   4.5907090e-04   7.5000000e+01
   4.5852875e-04   9.0000000e+01
   4.5682417e-04   1.0500000e+02
   4.5423736e-04   1.2000000e+02
   4.5129808e-04   1.3500000e+02
   4.4822981e-04   1.5000000e+02
   4.4467486e-04   1.6500000e+02
   4.4005879e-04   1.8000000e+02
   4.3409885e-04   1.9500000e+02
   4.2707089e-04   2.1000000e+02
   4.1993998e-04   2.2500000e+02
   4.1399430e-04   2.4000000e+02
   4.1002271e-04   2.5500000e+02
   4.0791492e-04   2.7000000e+02
   4.0667073e-04   2.8500000e+02
   4.0455884e-04   3.0000000e+02
   3.9999600e-04   3.1500000e+02
   3.9276097e-04   3.3000000e+02
   3.8409230e-04   3.4500000e+02
   3.7547119e-04   3.6000000e+02
   3.6741054e-04   3.7500000e+02
   3.5939488e-04   3.9000000e+02
   3.5108672e-04   4.0500000e+02
   3.4354292e-04   4.2000000e+02
   3.3844027e-04   4.3500000e+02
   3.3550870e-04   4.5000000e+02
   3.3094990e-04   4.6500000e+02
   3.1763624e-04   4.8000000e+02
   2.8501221e-04   4.9500000e+02
   2.1888304e-04   5.1000000e+02
   1.0489843e-04   5.2500000e+02
  -6.1474064e-05   5.4000000e+02
  -2.6162001e-04   5.5500000e+02
  -4.4824902e-04   5.7000000e+02
  -5.6105584e-04   5.8500000e+02
  -5.6412566e-04   6.0000000e+02
  -4.8130745e-04   6.1500000e+02
  -3.9191492e-04   6.3000000e+02
  -3.7286535e-04   6.4500000e+02
  -4.2955813e-04   6.6000000e+02
  -4.8693991e-04   6.7500000e+02
  -4.6028200e-04   6.9000000e+02
  -3.3495284e-04   7.0500000e+02
  -1.6776717e-04   7.2000000e+02
  -1.5230762e-05   7.3500000e+02
   1.1433999e-04   7.5000000e+02
   2.2580061e-04   7.6500000e+02
   2.8477397e-04   7.8000000e+02
   2.4288101e-04   7.9500000e+02
   1.1354309e-04   8.1000000e+02
  -2.1456935e-05   8.2500000e+02
  -9.9705132e-05   8.4000000e+02
  -1.3640661e-04   8.5500000e+02
  -1.7037055e-04   8.7000000e+02
  -1.9557783e-04   8.8500000e+02
  -1.9688487e-04   9.0000000e+02
  -2.1952642e-04   9.1500000e+02
  -3.2842412e-04   9.3000000e+02
  -5.0530268e-04   9.4500000e+02
  -6.6001323e-04   9.6000000e+02
  -7.4982713e-04   9.7500000e+02
  -8.1790407e-04   9.9000000e+02
  -9.0679148e-04   1.0050000e+03
  -1.0056221e-03   1.0200000e+03
  -1.0923817e-03   1.0350000e+03
  -1.1598901e-03   1.0500000e+03
  -1.1943824e-03   1.0650000e+03
  -1.1943023e-03   1.0800000e+03
  -1.2109807e-03   1.0950000e+03
  -1.3095627e-03   1.1100000e+03
  -1.4935400e-03   1.1250000e+03
  -1.7201660e-03   1.1400000e+03
  -1.9784840e-03   1.1550000e+03
  -2.3004895e-03   1.1700000e+03
  -2.7002427e-03   1.1850000e+03
  -3.1455087e-03   1.2000000e+03
  -3.6003198e-03   1.2150000e+03
  -4.0752403e-03   1.2300000e+03
  -4.6226131e-03   1.2450000e+03
  -5.2873157e-03   1.2600000e+03
  -6.0673109e-03   1.2750000e+03
  -6.8880781e-03   1.2900000e+03
  -7.5078364e-03   1.3050000e+03
  -7.2543058e-03   1.3200000e+03
  -4.5301863e-03   1.3350000e+03
   3.9517460e-03   1.3500000e+03
   2.4102373e-02   1.3650000e+03
   6.4963810e-02   1.3800000e+03
   1.3739143e-01   1.3950000e+03
   2.4897832e-01   1.4100000e+03
   3.9415377e-01   1.4250000e+03
   5.4183912e-01   1.4400000e+03
   6.2886494e-01   1.4550000e+03
   5.7187468e-01   1.4700000e+03
   3.0645433e-01   1.4850000e+03
  -1.5576875e-01   1.5000000e+03
  -6.8727756e-01   1.5150000e+03
  -1.0686249e+00   1.5300000e+03
  -1.0938263e+00   1.5450000e+03
  -7.0843589e-01   1.5600000e+03
  -7.8372404e-02   1.5750000e+03
   4.8637661e-01   1.5900000e+03
   7.1860188e-01   1.6050000e+03
   5.5494332e-01   1.6200000e+03
   1.5274899e-01   1.6350000e+03
  -2.2787358e-01   1.6500000e+03
  -3.7185746e-01   1.6650000e+03
  -2.1357799e-01   1.6800000e+03
   1.0991019e-01   1.6950000e+03
   2.9636142e-01   1.7100000e+03
   8.4693961e-02   1.7250000e+03
  -4.5168599e-01   1.7400000e+03
  -8.5174608e-01   1.7550000e+03
  -6.6568339e-01   1.7700000e+03
   3.3693533e-02   1.7850000e+03
   6.6117728e-01   1.8000000e+03
   7.3231280e-01   1.8150000e+03
   3.5724083e-01   1.8300000e+03
   6.0529937e-03   1.8450000e+03
  -8.5811250e-02   1.8600000e+03
  -6.3316330e-02   1.8750000e+03
  -8.0879636e-02   1.8900000e+03
  -8.2041137e-02   1.9050000e+03
  -8.6992634e-03   1.9200000e+03
   3.0322883e-02   1.9350000e+03
  -5.6303523e-02   1.9500000e+03
  -1.6439128e-01   1.9650000e+03
  -1.4530520e-01   1.9800000e+03
  -1.5730210e-02   1.9950000e+03
   9.7593784e-02   2.0100000e+03
   1.2421528e-01   2.0250000e+03
   7.6391652e-02   2.0400000e+03
   1.1085516e-03   2.0550000e+03
  -3.4376130e-02   2.0700000e+03
   6.6663031e-03   2.0850000e+03
   6.7134313e-02   2.1000000e+03
   6.7325234e-02   2.1150000e+03
   2.7103269e-02   2.1300000e+03
   1.8315384e-02   2.1450000e+03
   3.5388961e-02   2.1600000e+03
   2.7933057e-02   2.1750000e+03
   7.0822858e-03   2.1900000e+03
   1.6209636e-03   2.2050000e+03
  -2.1041781e-02   2.2200000e+03
  -7.7154681e-02   2.2350000e+03
  -9.8643646e-02   2.2500000e+03
  -4.8212774e-02   2.2650000e+03
   9.3587465e-04   2.2800000e+03
  -6.1146454e-03   2.2950000e+03
  -1.3916953e-02   2.3100000e+03
   2.4038790e-02   2.3250000e+03
   5.6064133e-02   2.3400000e+03
   3.5751928e-02   2.3550000e+03
   3.5298776e-04   2.3700000e+03
  -1.1483337e-02   2.3850000e+03
  -1.7808372e-02   2.4000000e+03
  -3.1455994e-02   2.4150000e+03
  -3.0878978e-02   2.4300000e+03
  -1.3652081e-02   2.4450000e+03
  -2.3723999e-03   2.4600000e+03
   5.0791148e-03   2.4750000e+03
   2.4419224e-02   2.4900000e+03
   3.7761442e-02   2.5050000e+03
   1.8534748e-02   2.5200000e+03
  -1.7463723e-02   2.5350000e+03
  -3.6063924e-02   2.5500000e+03
  -3.2165121e-02   2.5650000e+03
  -1.6559457e-02   2.5800000e+03
   9.4545055e-03   2.5950000e+03
   3.8907006e-02   2.6100000e+03
   5.3265035e-02   2.6250000e+03
   4.7888190e-02   2.6400000e+03
   3.5026398e-02   2.6550000e+03
   2.0113466e-02   2.6700000e+03
   7.2967919e-04   2.6850000e+03
  -1.6192649e-02   2.7000000e+03
  -1.7106662e-02   2.7150000e+03
   1.5854369e-03   2.7300000e+03
   2.8580166e-02   2.7450000e+03
   4.5057390e-02   2.7600000e+03
   3.6910910e-02   2.7750000e+03
   6.5976684e-03   2.7900000e+03
  -2.6794657e-02   2.8050000e+03
  -4.3173045e-02   2.8200000e+03
  -3.7793797e-02   2.8350000e+03
  -2.1903662e-02   2.8500000e+03
  -9.0810694e-03   2.8650000e+03
  -3.5514752e-03   2.8800000e+03
  -1.7218399e-03   2.8950000e+03
  -4.7653506e-04   2.9100000e+03
  -1.6268964e-04   2.9250000e+03
  -1.6045594e-03   2.9400000e+03
  -3.8942152e-03   2.9550000e+03
  -5.2098758e-03   2.9700000e+03
  -4.3547340e-03   2.9850000e+03
  -1.0539453e-03   3.0000000e+03
   4.8818532e-03   3.0150000e+03
   1.3388352e-02   3.0300000e+03
   2.1999255e-02   3.0450000e+03
   2.4989683e-02   3.0600000e+03
   1.7175563e-02   3.0750000e+03
  -1.6885914e-04   3.0900000e+03
  -1.7664513e-02   3.1050000e+03
  -2.3532232e-02   3.1200000e+03
  -1.2919750e-02   3.1350000e+03
   7.0105707e-03   3.1500000e+03
   2.1718804e-02   3.1650000e+03
   2.0957777e-02   3.1800000e+03
   7.4443948e-03   3.1950000e+03
  -5.9623281e-03   3.2100000e+03
  -8.4601194e-03   3.2250000e+03
  -1.2645015e-03   3.2400000e+03
   4.3863426e-03   3.2550000e+03
  -8.5436233e-04   3.2700000e+03
  -1.4438327e-02   3.2850000e+03
  -2.3842596e-02   3.3000000e+03
  -1.8591339e-02   3.3150000e+03
  -2.1022106e-04   3.3300000e+03
   1.9839017e-02   3.3450000e+03
   3.1187939e-02   3.3600000e+03
   3.2303736e-02   3.3750000e+03
   2.7872726e-02   3.3900000e+03
   2.1306289e-02   3.4050000e+03
   1.2199180e-02   3.4200000e+03
   4.2188252e-04   3.4350000e+03
  -1.0520792e-02   3.4500000e+03
  -1.6402310e-02   3.4650000e+03
  -1.7492307e-02   3.4800000e+03
  -1.8345175e-02   3.4950000e+03
  -2.1706002e-02   3.5100000e+03
  -2.4421824e-02   3.5250000e+03
  -2.1123786e-02   3.5400000e+03
  -1.1480413e-02   3.5550000e+03
  -2.0043864e-03   3.5700000e+03
   1.3741119e-04   3.5850000e+03
  -5.7252524e-03   3.6000000e+03
  -1.3695833e-02   3.6150000e+03
  -1.7877011e-02   3.6300000e+03
  -1.7651629e-02   3.6450000e+03
  -1.6138401e-02   3.6600000e+03
  -1.4950932e-02   3.6750000e+03
  -1.2216617e-02   3.6900000e+03
  -5.5882148e-03   3.7050000e+03
   4.5056636e-03   3.7200000e+03
   1.5334487e-02   3.7350000e+03
   2.4346117e-02   3.7500000e+03
   3.0073352e-02   3.7650000e+03
   3.1510189e-02   3.7800000e+03
   2.8266927e-02   3.7950000e+03
   2.1319883e-02   3.8100000e+03
   1.2250205e-02   3.8250000e+03
   1.5677623e-03   3.8400000e+03
  -1.0897172e-02   3.8550000e+03
  -2.3710160e-02   3.8700000e+03
  -3.3726834e-02   3.8850000e+03
  -3.9331891e-02   3.9000000e+03
  -4.2151012e-02   3.9150000e+03
  -4.3671578e-02   3.9300000e+03
  -4.1364662e-02   3.9450000e+03
  -3.1101819e-02   3.9600000e+03
  -1.3875094e-02   3.9750000e+03
   2.4588148e-03   3.9900000e+03
   9.8101599e-03   4.0050000e+03
   7.0576323e-03   4.0200000e+03
  -4.1989592e-04   4.0350000e+03
  -6.7642871e-03   4.0500000e+03
  -9.3131885e-03   4.0650000e+03
  -7.6682325e-03   4.0800000e+03
  -2.3997023e-03   4.0950000e+03
   4.4440115e-03   4.1100000e+03
   9.7214570e-03   4.1250000e+03
   1.1769142e-02   4.1400000e+03
   1.1901412e-02   4.1550000e+03
   1.2430393e-02   4.1700000e+03
   1.3793640e-02   4.1850000e+03
   1.4354243e-02   4.2000000e+03
   1.2417117e-02   4.2150000e+03
   7.6519717e-03   4.2300000e+03
   9.5768535e-04   4.2450000e+03
  -6.2551298e-03   4.2600000e+03
  -1.2617503e-02   4.2750000e+03
  -1.6964022e-02   4.2900000e+03
  -1.8098231e-02   4.3050000e+03
  -1.4974951e-02   4.3200000e+03
  -7.9712179e-03   4.3350000e+03
   2.5722056e-04   4.3500000e+03
   6.4221327e-03   4.3650000e+03
   9.4401306e-03   4.3800000e+03
   1.0755750e-02   4.3950000e+03
   1.1711505e-02   4.4100000e+03
   1.1723507e-02   4.4250000e+03
   9.5088389e-03   4.4400000e+03
   5.1834583e-03   4.4550000e+03
   5.7486544e-04   4.4700000e+03
  -2.0192424e-03   4.4850000e+03
  -1.2440500e-03   4.5000000e+03
