   5.0357510e-03   0.0000000e+00
   5.0345561e-03   1.5000000e+01
   5.0307387e-03   3.0000000e+01
   5.0239512e-03   4.5000000e+01
   5.0142105e-03   6.0000000e+01
   5.0015394e-03   7.5000000e+01
   4.9859011e-03   9.0000000e+01
   4.9675978e-03   1.0500000e+02
   4.9468726e-03   1.2000000e+02
   4.9233190e-03   1.3500000e+02
   4.8964527e-03   1.5000000e+02
   4.8663323e-03   1.6500000e+02
   4.8331129e-03   1.8000000e+02
   4.7966754e-03   1.9500000e+02
   4.7569717e-03   2.1000000e+02
   4.7141993e-03   2.2500000e+02
   4.6686023e-03   2.4000000e+02
   4.6202186e-03   2.5500000e+02
   4.5686737e-03   2.7000000e+02
   4.5133005e-03   2.8500000e+02
   4.4536013e-03   3.0000000e+02
   4.3895086e-03   3.1500000e+02
   4.3211775e-03   3.3000000e+02
   4.2486736e-03   3.4500000e+02
   4.1721091e-03   3.6000000e+02
   4.0917713e-03   3.7500000e+02
   4.0076622e-03   3.9000000e+02
   3.9192848e-03   4.0500000e+02
   3.8258857e-03   4.2000000e+02
   3.7262242e-03   4.3500000e+02
   3.6178853e-03   4.5000000e+02
   3.4956543e-03   4.6500000e+02
   3.3474474e-03   4.8000000e+02
   3.1493595e-03   4.9500000e+02
   2.8656058e-03   5.1000000e+02
   2.4601191e-03   5.2500000e+02
   1.9235924e-03   5.4000000e+02
   1.3078328e-03   5.5500000e+02
   7.3933671e-04   5.7000000e+02
   3.7663689e-04   5.8500000e+02
   3.0860803e-04   6.0000000e+02
   4.5853909e-04   6.1500000e+02
   5.9745024e-04   6.3000000e+02
   5.0323084e-04   6.4500000e+02
   1.4960565e-04   6.6000000e+02
  -2.7068236e-04   6.7500000e+02
  -5.4574339e-04   6.9000000e+02
  -6.6868064e-04   7.0500000e+02
  -8.2444196e-04   7.2000000e+02
  -1.1450376e-03   7.3500000e+02
  -1.5364306e-03   7.5000000e+02
  -1.7998049e-03   7.6500000e+02
  -1.8783287e-03   7.8000000e+02
  -1.8916107e-03   7.9500000e+02
  -1.9340996e-03   8.1000000e+02
  -1.9583690e-03   8.2500000e+02
  -1.9092071e-03   8.4000000e+02
  -1.8585294e-03   8.5500000e+02
  -1.8933874e-03   8.7000000e+02
  -1.9418594e-03   8.8500000e+02
  -1.8534396e-03   9.0000000e+02
  -1.6249019e-03   9.1500000e+02
  -1.3946040e-03   9.3000000e+02
  -1.2046489e-03   9.4500000e+02
  -9.1676530e-04   9.6000000e+02
  -3.9224088e-04   9.7500000e+02
   3.9305215e-04   9.9000000e+02
   1.4641609e-03   1.0050000e+03
   2.9482420e-03   1.0200000e+03
   5.0140349e-03   1.0350000e+03
   7.8401323e-03   1.0500000e+03
   1.1706800e-02   1.0650000e+03
   1.7032282e-02   1.0800000e+03
   2.4300296e-02   1.0950000e+03
   3.4061190e-02   1.1100000e+03
   4.7036689e-02   1.1250000e+03
   6.4137295e-02   1.1400000e+03
   8.6354390e-02   1.1550000e+03
   1.1470744e-01   1.1700000e+03
   1.5030253e-01   1.1850000e+03
   1.9432028e-01   1.2000000e+03
   2.4777004e-01   1.2150000e+03
   3.1104738e-01   1.2300000e+03
   3.8344145e-01   1.2450000e+03
   4.6270895e-01   1.2600000e+03
   5.4480833e-01   1.2750000e+03
   6.2392098e-01   1.2900000e+03
   6.9285369e-01   1.3050000e+03
   7.4376506e-01   1.3200000e+03
   7.6908070e-01   1.3350000e+03
   7.6256645e-01   1.3500000e+03
   7.2057390e-01   1.3650000e+03
   6.4325535e-01   1.3800000e+03
   5.3527439e-01   1.3950000e+03
   4.0558180e-01   1.4100000e+03
   2.6619124e-01   1.4250000e+03
   1.3025236e-01   1.4400000e+03
   9.8494003e-03   1.4550000e+03
  -8.6099096e-02   1.4700000e+03
  -1.5345399e-01   1.4850000e+03
  -1.9343370e-01   1.5000000e+03
  -2.1163332e-01   1.5150000e+03
  -2.1559516e-01   1.5300000e+03
  -2.1202831e-01   1.5450000e+03
  -2.0516151e-01   1.5600000e+03
  -1.9691265e-01   1.5750000e+03
  -1.8819733e-01   1.5900000e+03
  -1.8004149e-01   1.6050000e+03
  -1.7373891e-01   1.6200000e+03
  -1.7035288e-01   1.6350000e+03
  -1.7028657e-01   1.6500000e+03
  -1.7322534e-01   1.6650000e+03
  -1.7825410e-01   1.6800000e+03
  -1.8399477e-01   1.6950000e+03
  -1.8890674e-01   1.7100000e+03
  -1.9183730e-01   1.7250000e+03
  -1.9252977e-01   1.7400000e+03
  -1.9165286e-01   1.7550000e+03
  -1.9025400e-01   1.7700000e+03
  -1.8900542e-01   1.7850000e+03
  -1.8777303e-01   1.8000000e+03
  -1.8578836e-01   1.8150000e+03
  -1.8222025e-01   1.8300000e+03
  -1.7659402e-01   1.8450000e+03
  -1.6868664e-01   1.8600000e+03
  -1.5817823e-01   1.8750000e+03
  -1.4470735e-01   1.8900000e+03
  -1.2846607e-01   1.9050000e+03
  -1.1064234e-01   1.9200000e+03
  -9.3042187e-02   1.9350000e+03
  -7.7185802e-02   1.9500000e+03
  -6.3798256e-02   1.9650000e+03
  -5.3041220e-02   1.9800000e+03
  -4.4892374e-02   1.9950000e+03
  -3.9089225e-02   2.0100000e+03
  -3.4897827e-02   2.0250000e+03
  -3.1332865e-02   2.0400000e+03
  -2.7810371e-02   2.0550000e+03
  -2.4525657e-02   2.0700000e+03
  -2.2107471e-02   2.0850000e+03
  -2.0935616e-02   2.1000000e+03
  -2.0820670e-02   2.1150000e+03
  -2.1227043e-02   2.1300000e+03
  -2.1642832e-02   2.1450000e+03
  -2.1737944e-02   2.1600000e+03
  -2.1348994e-02   2.1750000e+03
  -2.0462727e-02   2.1900000e+03
  -1.9199349e-02   2.2050000e+03
  -1.7733883e-02   2.2200000e+03
  -1.6200960e-02   2.2350000e+03
  -1.4625695e-02   2.2500000e+03
  -1.2837598e-02   2.2650000e+03
  -1.0401999e-02   2.2800000e+03
  -6.7003728e-03   2.2950000e+03
  -1.1310066e-03   2.3100000e+03
   6.7537902e-03   2.3250000e+03
   1.7159982e-02   2.3400000e+03
   2.9812673e-02   2.3550000e+03
   4.3652374e-02   2.3700000e+03
   5.6888524e-02   2.3850000e+03
   6.7574464e-02   2.4000000e+03
   7.4343696e-02   2.4150000e+03
   7.6871485e-02   2.4300000e+03
   7.5913914e-02   2.4450000e+03
   7.2944209e-02   2.4600000e+03
   6.9493085e-02   2.4750000e+03
   6.6499166e-02   2.4900000e+03
   6.4037129e-02   2.5050000e+03
   6.1528064e-02   2.5200000e+03
   5.8236290e-02   2.5350000e+03
   5.3765744e-02   2.5500000e+03
   4.8305359e-02   2.5650000e+03
   4.2498775e-02   2.5800000e+03
   3.7066080e-02   2.5950000e+03
   3.2482617e-02   2.6100000e+03
   2.8894613e-02   2.6250000e+03
   2.6181161e-02   2.6400000e+03
   2.3999108e-02   2.6550000e+03
   2.1808855e-02   2.6700000e+03
   1.9000273e-02   2.6850000e+03
   1.5139901e-02   2.7000000e+03
   1.0180940e-02   2.7150000e+03
   4.4555156e-03   2.7300000e+03
  -1.5601971e-03   2.7450000e+03
  -7.5309495e-03   2.7600000e+03
  -1.3389105e-02   2.7750000e+03
  -1.9236535e-02   2.7900000e+03
  -2.5136538e-02   2.8050000e+03
  -3.0964388e-02   2.8200000e+03
  -3.6394671e-02   2.8350000e+03
  -4.1007146e-02   2.8500000e+03
  -4.4463031e-02   2.8650000e+03
  -4.6679378e-02   2.8800000e+03
  -4.7897886e-02   2.8950000e+03
  -4.8586395e-02   2.9100000e+03
  -4.9228691e-02   2.9250000e+03
  -5.0141163e-02   2.9400000e+03
  -5.1420938e-02   2.9550000e+03
  -5.3016122e-02   2.9700000e+03
  -5.4824270e-02   2.9850000e+03
  -5.6740068e-02   3.0000000e+03
  -5.8644842e-02   3.0150000e+03
  -6.0371365e-02   3.0300000e+03
  -6.1674215e-02   3.0450000e+03
  -6.2227488e-02   3.0600000e+03
  -6.1663754e-02   3.0750000e+03
  -5.9644897e-02   3.0900000e+03
  -5.5932149e-02   3.1050000e+03
  -5.0426438e-02   3.1200000e+03
  -4.3175738e-02   3.1350000e+03
  -3.4362637e-02   3.1500000e+03
  -2.4282385e-02   3.1650000e+03
  -1.3316995e-02   3.1800000e+03
  -1.9141252e-03   3.1950000e+03
   9.4243735e-03   3.2100000e+03
   2.0154618e-02   3.2250000e+03
   2.9720156e-02   3.2400000e+03
   3.7602723e-02   3.2550000e+03
   4.3382294e-02   3.2700000e+03
   4.6787456e-02   3.2850000e+03
   4.7718350e-02   3.3000000e+03
   4.6234254e-02   3.3150000e+03
   4.2515662e-02   3.3300000e+03
   3.6825269e-02   3.3450000e+03
   2.9488159e-02   3.3600000e+03
   2.0890700e-02   3.3750000e+03
   1.1479187e-02   3.3900000e+03
   1.7388007e-03   3.4050000e+03
  -7.8509236e-03   3.4200000e+03
  -1.6869504e-02   3.4350000e+03
  -2.4996269e-02   3.4500000e+03
  -3.2025516e-02   3.4650000e+03
  -3.7856888e-02   3.4800000e+03
  -4.2468529e-02   3.4950000e+03
  -4.5881990e-02   3.5100000e+03
  -4.8130903e-02   3.5250000e+03
  -4.9246635e-02   3.5400000e+03
  -4.9264450e-02   3.5550000e+03
  -4.8238803e-02   3.5700000e+03
  -4.6251442e-02   3.5850000e+03
  -4.3405771e-02   3.6000000e+03
  -3.9813664e-02   3.6150000e+03
  -3.5584982e-02   3.6300000e+03
  -3.0827036e-02   3.6450000e+03
  -2.5655918e-02   3.6600000e+03
  -2.0214774e-02   3.6750000e+03
  -1.4687026e-02   3.6900000e+03
  -9.2919338e-03   3.7050000e+03
  -4.2587332e-03   3.7200000e+03
   2.1169212e-04   3.7350000e+03
   3.9820913e-03   3.7500000e+03
   6.9990912e-03   3.7650000e+03
   9.2947567e-03   3.7800000e+03
   1.0972750e-02   3.7950000e+03
   1.2185655e-02   3.8100000e+03
   1.3110387e-02   3.8250000e+03
   1.3926159e-02   3.8400000e+03
   1.4795268e-02   3.8550000e+03
   1.5844738e-02   3.8700000e+03
   1.7148679e-02   3.8850000e+03
   1.8714853e-02   3.9000000e+03
   2.0479966e-02   3.9150000e+03
   2.2315994e-02   3.9300000e+03
   2.4047250e-02   3.9450000e+03
   2.5475666e-02   3.9600000e+03
   2.6409432e-02   3.9750000e+03
   2.6688164e-02   3.9900000e+03
   2.6199514e-02   4.0050000e+03
   2.4887256e-02   4.0200000e+03
   2.2753783e-02   4.0350000e+03
   1.9857410e-02   4.0500000e+03
   1.6301656e-02   4.0650000e+03
   1.2216806e-02   4.0800000e+03
   7.7410522e-03   4.0950000e+03
   3.0089361e-03   4.1100000e+03
  -1.8523947e-03   4.1250000e+03
  -6.7230663e-03   4.1400000e+03
  -1.1486182e-02   4.1550000e+03
  -1.6015340e-02   4.1700000e+03
  -2.0157300e-02   4.1850000e+03
  -2.3724319e-02   4.2000000e+03
  -2.6509102e-02   4.2150000e+03
  -2.8319441e-02   4.2300000e+03
  -2.9015878e-02   4.2450000e+03
  -2.8537106e-02   4.2600000e+03
  -2.6909214e-02   4.2750000e+03
  -2.4243472e-02   4.2900000e+03
  -2.0728204e-02   4.3050000e+03
  -1.6616870e-02   4.3200000e+03
  -1.2211400e-02   4.3350000e+03
  -7.8393910e-03   4.3500000e+03
  -3.8266450e-03   4.3650000e+03
  -4.6924883e-04   4.3800000e+03
   1.9916561e-03   4.3950000e+03
   3.3920824e-03   4.4100000e+03
   3.6627937e-03   4.4250000e+03
   2.8361597e-03   4.4400000e+03
   1.0364300e-03   4.4550000e+03
  -1.5443027e-03   4.4700000e+03
  -4.6747336e-03   4.4850000e+03
  -8.1096953e-03   4.5000000e+03
