  -2.2689304e-03   0.0000000e+00
  -2.2688354e-03   1.5000000e+01
  -2.2686129e-03   3.0000000e+01
  -2.2684357e-03   4.5000000e+01
  -2.2684278e-03   6.0000000e+01
  -2.2686345e-03   7.5000000e+01
  -2.2691099e-03   9.0000000e+01
  -2.2699237e-03   1.0500000e+02
  -2.2711353e-03   1.2000000e+02
  -2.2727847e-03   1.3500000e+02
  -2.2748127e-03   1.5000000e+02
  -2.2771137e-03   1.6500000e+02
  -2.2797151e-03   1.8000000e+02
  -2.2826097e-03   1.9500000e+02
  -2.2854805e-03   2.1000000e+02
  -2.2879331e-03   2.2500000e+02
  -2.2899837e-03   2.4000000e+02
  -2.2921355e-03   2.5500000e+02
  -2.2949516e-03   2.7000000e+02
  -2.2985025e-03   2.8500000e+02
  -2.3022743e-03   3.0000000e+02
  -2.3057053e-03   3.1500000e+02
  -2.3087403e-03   3.3000000e+02
  -2.3118113e-03   3.4500000e+02
  -2.3154847e-03   3.6000000e+02
  -2.3201460e-03   3.7500000e+02
  -2.3258815e-03   3.9000000e+02
  -2.3325805e-03   4.0500000e+02
  -2.3399559e-03   4.2000000e+02
  -2.3473196e-03   4.3500000e+02
  -2.3537823e-03   4.5000000e+02
  -2.3590943e-03   4.6500000e+02
  -2.3638224e-03   4.8000000e+02
  -2.3685265e-03   4.9500000e+02
  -2.3734090e-03   5.1000000e+02
  -2.3788563e-03   5.2500000e+02
  -2.3855702e-03   5.4000000e+02
  -2.3938313e-03   5.5500000e+02
  -2.4032183e-03   5.7000000e+02
  -2.4134060e-03   5.8500000e+02
  -2.4245137e-03   6.0000000e+02
  -2.4363170e-03   6.1500000e+02
  -2.4480787e-03   6.3000000e+02
  -2.4595992e-03   6.4500000e+02
  -2.4714137e-03   6.6000000e+02
  -2.4837554e-03   6.7500000e+02
  -2.4964621e-03   6.9000000e+02
  -2.5096778e-03   7.0500000e+02
  -2.5236292e-03   7.2000000e+02
  -2.5381672e-03   7.3500000e+02
  -2.5531347e-03   7.5000000e+02
  -2.5685667e-03   7.6500000e+02
  -2.5844476e-03   7.8000000e+02
  -2.6007858e-03   7.9500000e+02
  -2.6177356e-03   8.1000000e+02
  -2.6353402e-03   8.2500000e+02
  -2.6534675e-03   8.4000000e+02
  -2.6719833e-03   8.5500000e+02
  -2.6907935e-03   8.7000000e+02
  -2.7099692e-03   8.8500000e+02
  -2.7298084e-03   9.0000000e+02
  -2.7504868e-03   9.1500000e+02
  -2.7719273e-03   9.3000000e+02
  -2.7941768e-03   9.4500000e+02
  -2.8175896e-03   9.6000000e+02
  -2.8425606e-03   9.7500000e+02
  -2.8692277e-03   9.9000000e+02
  -2.8974672e-03   1.0050000e+03
  -2.9271897e-03   1.0200000e+03
  -2.9586065e-03   1.0350000e+03
  -2.9920810e-03   1.0500000e+03
  -3.0278149e-03   1.0650000e+03
  -3.0657367e-03   1.0800000e+03
  -3.1055105e-03   1.0950000e+03
  -3.1464600e-03   1.1100000e+03
  -3.1875309e-03   1.1250000e+03
  -3.2276022e-03   1.1400000e+03
  -3.2662430e-03   1.1550000e+03
  -3.3043325e-03   1.1700000e+03
  -3.3437922e-03   1.1850000e+03
  -3.3863715e-03   1.2000000e+03
  -3.4325402e-03   1.2150000e+03
  -3.4815983e-03   1.2300000e+03
  -3.5328143e-03   1.2450000e+03
  -3.5863225e-03   1.2600000e+03
  -3.6429493e-03   1.2750000e+03
  -3.7035227e-03   1.2900000e+03
  -3.7685111e-03   1.3050000e+03
  -3.8380232e-03   1.3200000e+03
  -3.9116931e-03   1.3350000e+03
  -3.9885510e-03   1.3500000e+03
  -4.0673530e-03   1.3650000e+03
  -4.1472646e-03   1.3800000e+03
  -4.2282073e-03   1.3950000e+03
  -4.3107155e-03   1.4100000e+03
  -4.3958579e-03   1.4250000e+03
  -4.4854903e-03   1.4400000e+03
  -4.5822007e-03   1.4550000e+03
  -4.6882289e-03   1.4700000e+03
  -4.8039351e-03   1.4850000e+03
  -4.9273460e-03   1.5000000e+03
  -5.0554792e-03   1.5150000e+03
  -5.1863780e-03   1.5300000e+03
  -5.3203157e-03   1.5450000e+03
  -5.4598195e-03   1.5600000e+03
  -5.6091868e-03   1.5750000e+03
  -5.7740631e-03   1.5900000e+03
  -5.9610019e-03   1.6050000e+03
  -6.1768079e-03   1.6200000e+03
  -6.4274413e-03   1.6350000e+03
  -6.7165894e-03   1.6500000e+03
  -7.0444932e-03   1.6650000e+03
  -7.4078944e-03   1.6800000e+03
  -7.8013865e-03   1.6950000e+03
  -8.2194665e-03   1.7100000e+03
  -8.6573567e-03   1.7250000e+03
  -9.1073485e-03   1.7400000e+03
  -9.5465565e-03   1.7550000e+03
  -9.9134408e-03   1.7700000e+03
  -1.0076045e-02   1.7850000e+03
  -9.8041985e-03   1.8000000e+03
  -8.7670470e-03   1.8150000e+03
  -6.5822992e-03   1.8300000e+03
  -2.9387139e-03   1.8450000e+03
   2.2088089e-03   1.8600000e+03
   8.4181391e-03   1.8750000e+03
   1.4621004e-02   1.8900000e+03
   1.9215098e-02   1.9050000e+03
   2.0499101e-02   1.9200000e+03
   1.7407846e-02   1.9350000e+03
   1.0266325e-02   1.9500000e+03
   1.0977623e-03   1.9650000e+03
  -6.9145630e-03   1.9800000e+03
  -1.0800516e-02   1.9950000e+03
  -9.3961870e-03   2.0100000e+03
  -4.1613542e-03   2.0250000e+03
   1.5100911e-03   2.0400000e+03
   4.2854212e-03   2.0550000e+03
   2.9653821e-03   2.0700000e+03
  -8.5517450e-04   2.0850000e+03
  -4.0978706e-03   2.1000000e+03
  -4.4919336e-03   2.1150000e+03
  -1.9726900e-03   2.1300000e+03
   1.9729505e-03   2.1450000e+03
   6.3025495e-03   2.1600000e+03
   1.1660118e-02   2.1750000e+03
   1.9296737e-02   2.1900000e+03
   2.8274862e-02   2.2050000e+03
   3.3456158e-02   2.2200000e+03
   2.6563283e-02   2.2350000e+03
   3.7213077e-04   2.2500000e+03
  -4.6224833e-02   2.2650000e+03
  -1.0509455e-01   2.2800000e+03
  -1.5928894e-01   2.2950000e+03
  -1.8715703e-01   2.3100000e+03
  -1.6947566e-01   2.3250000e+03
  -9.8177724e-02   2.3400000e+03
   1.6266614e-02   2.3550000e+03
   1.4318857e-01   2.3700000e+03
   2.3929834e-01   2.3850000e+03
   2.6497260e-01   2.4000000e+03
   2.0339812e-01   2.4150000e+03
   7.3353559e-02   2.4300000e+03
  -7.2945602e-02   2.4450000e+03
  -1.7041788e-01   2.4600000e+03
  -1.7442584e-01   2.4750000e+03
  -9.0517379e-02   2.4900000e+03
   2.0691939e-02   2.5050000e+03
   7.5363278e-02   2.5200000e+03
   2.2620222e-02   2.5350000e+03
  -1.1135803e-01   2.5500000e+03
  -2.2908863e-01   2.5650000e+03
  -2.2436839e-01   2.5800000e+03
  -6.3702717e-02   2.5950000e+03
   1.7489886e-01   2.6100000e+03
   3.4420109e-01   2.6250000e+03
   3.2990292e-01   2.6400000e+03
   1.3876672e-01   2.6550000e+03
  -1.0037892e-01   2.6700000e+03
  -2.3206297e-01   2.6850000e+03
  -1.9378151e-01   2.7000000e+03
  -5.9345063e-02   2.7150000e+03
   3.4539074e-02   2.7300000e+03
   1.4785467e-02   2.7450000e+03
  -6.5462060e-02   2.7600000e+03
  -8.8882267e-02   2.7750000e+03
  -3.5217655e-04   2.7900000e+03
   1.3076697e-01   2.8050000e+03
   1.7981817e-01   2.8200000e+03
   9.8229237e-02   2.8350000e+03
  -3.3019435e-02   2.8500000e+03
  -8.9342810e-02   2.8650000e+03
  -3.6887757e-02   2.8800000e+03
   3.4930669e-02   2.8950000e+03
   2.2744527e-02   2.9100000e+03
  -6.3861772e-02   2.9250000e+03
  -1.0986503e-01   2.9400000e+03
  -3.5075843e-02   2.9550000e+03
   9.7733244e-02   2.9700000e+03
   1.4439829e-01   2.9850000e+03
   4.7794100e-02   3.0000000e+03
  -8.7519377e-02   3.0150000e+03
  -1.1247955e-01   3.0300000e+03
  -8.6288275e-03   3.0450000e+03
   9.0758234e-02   3.0600000e+03
   6.2642835e-02   3.0750000e+03
  -5.6849305e-02   3.0900000e+03
  -1.1843429e-01   3.1050000e+03
  -4.2059347e-02   3.1200000e+03
   8.9087062e-02   3.1350000e+03
   1.3256741e-01   3.1500000e+03
   5.2962758e-02   3.1650000e+03
  -5.0570868e-02   3.1800000e+03
  -7.2650783e-02   3.1950000e+03
  -1.6997134e-02   3.2100000e+03
   3.1374346e-02   3.2250000e+03
   1.9464444e-02   3.2400000e+03
  -2.1009030e-02   3.2550000e+03
  -2.8910138e-02   3.2700000e+03
   8.3680218e-03   3.2850000e+03
   4.5824982e-02   3.3000000e+03
   3.6871154e-02   3.3150000e+03
  -1.5118248e-02   3.3300000e+03
  -5.9373047e-02   3.3450000e+03
  -4.6853013e-02   3.3600000e+03
   1.9642318e-02   3.3750000e+03
   8.1656955e-02   3.3900000e+03
   7.8537874e-02   3.4050000e+03
   1.1300693e-02   3.4200000e+03
  -5.3117983e-02   3.4350000e+03
  -5.0867248e-02   3.4500000e+03
   9.4268806e-03   3.4650000e+03
   5.7999834e-02   3.4800000e+03
   4.3998700e-02   3.4950000e+03
  -1.0614672e-02   3.5100000e+03
  -4.4206247e-02   3.5250000e+03
  -2.9053466e-02   3.5400000e+03
   5.0716572e-03   3.5550000e+03
   1.7635213e-02   3.5700000e+03
   7.0480276e-03   3.5850000e+03
   1.4875859e-03   3.6000000e+03
   1.2012473e-02   3.6150000e+03
   1.7027332e-02   3.6300000e+03
  -8.8793843e-04   3.6450000e+03
  -2.1222210e-02   3.6600000e+03
  -8.9890724e-03   3.6750000e+03
   3.1987526e-02   3.6900000e+03
   5.3493377e-02   3.7050000e+03
   2.3373296e-02   3.7200000e+03
  -2.5459532e-02   3.7350000e+03
  -3.0567681e-02   3.7500000e+03
   1.8611562e-02   3.7650000e+03
   6.1778225e-02   3.7800000e+03
   4.2211827e-02   3.7950000e+03
  -2.0456817e-02   3.8100000e+03
  -5.5065453e-02   3.8250000e+03
  -2.8065547e-02   3.8400000e+03
   1.9265631e-02   3.8550000e+03
   2.8200161e-02   3.8700000e+03
  -6.2634544e-03   3.8850000e+03
  -3.8361471e-02   3.9000000e+03
  -3.2083530e-02   3.9150000e+03
   3.0925316e-03   3.9300000e+03
   3.4903608e-02   3.9450000e+03
   4.6361595e-02   3.9600000e+03
   4.3434933e-02   3.9750000e+03
   3.8110245e-02   3.9900000e+03
   3.5602972e-02   4.0050000e+03
   3.3192843e-02   4.0200000e+03
   2.2379158e-02   4.0350000e+03
  -5.0946996e-03   4.0500000e+03
  -4.4794142e-02   4.0650000e+03
  -7.4076161e-02   4.0800000e+03
  -6.8028860e-02   4.0950000e+03
  -2.4654580e-02   4.1100000e+03
   2.9846648e-02   4.1250000e+03
   6.2956691e-02   4.1400000e+03
   6.0579024e-02   4.1550000e+03
   3.1721491e-02   4.1700000e+03
  -3.1974697e-03   4.1850000e+03
  -2.4512615e-02   4.2000000e+03
  -2.1013003e-02   4.2150000e+03
   3.7807226e-03   4.2300000e+03
   3.0478900e-02   4.2450000e+03
   3.4934860e-02   4.2600000e+03
   7.1783992e-03   4.2750000e+03
  -3.7814196e-02   4.2900000e+03
  -6.8705909e-02   4.3050000e+03
  -6.0691662e-02   4.3200000e+03
  -1.5528326e-02   4.3350000e+03
   3.7646372e-02   4.3500000e+03
   6.3362323e-02   4.3650000e+03
   4.6986077e-02   4.3800000e+03
   5.1262840e-03   4.3950000e+03
  -2.9556390e-02   4.4100000e+03
  -3.4933370e-02   4.4250000e+03
  -1.4578484e-02   4.4400000e+03
   8.9458656e-03   4.4550000e+03
   1.4901721e-02   4.4700000e+03
   2.1180708e-03   4.4850000e+03
  -1.1002844e-02   4.5000000e+03
