   1.2029268e-04   0.0000000e+00
   1.2022487e-04   1.5000000e+01
   1.2005957e-04   3.0000000e+01
   1.1969614e-04   4.5000000e+01
   1.1887064e-04   6.0000000e+01
   1.1735201e-04   7.5000000e+01
   1.1498328e-04   9.0000000e+01
   1.1165193e-04   1.0500000e+02
   1.0743988e-04   1.2000000e+02
   1.0261738e-04   1.3500000e+02
   9.7343443e-05   1.5000000e+02
   9.1460286e-05   1.6500000e+02
   8.4702420e-05   1.8000000e+02
   7.6970398e-05   1.9500000e+02
   6.8405003e-05   2.1000000e+02
   5.9432343e-05   2.2500000e+02
   5.0624294e-05   2.4000000e+02
   4.2326519e-05   2.5500000e+02
   3.4482491e-05   2.7000000e+02
   2.6621501e-05   2.8500000e+02
   1.7893171e-05   3.0000000e+02
   7.5115622e-06   3.1500000e+02
  -4.6485638e-06   3.3000000e+02
  -1.8008905e-05   3.4500000e+02
  -3.1862055e-05   3.6000000e+02
  -4.5926347e-05   3.7500000e+02
  -6.0397997e-05   3.9000000e+02
  -7.5453725e-05   4.0500000e+02
  -9.0752656e-05   4.2000000e+02
  -1.0572981e-04   4.3500000e+02
  -1.2064011e-04   4.5000000e+02
  -1.3732688e-04   4.6500000e+02
  -1.5948972e-04   4.8000000e+02
  -1.9312534e-04   4.9500000e+02
  -2.4661364e-04   5.1000000e+02
  -3.2850707e-04   5.2500000e+02
  -4.4160214e-04   5.4000000e+02
  -5.7491823e-04   5.5500000e+02
  -7.0021203e-04   5.7000000e+02
  -7.8130240e-04   5.8500000e+02
  -7.9657516e-04   6.0000000e+02
  -7.6041708e-04   6.1500000e+02
  -7.2084647e-04   6.3000000e+02
  -7.2448794e-04   6.4500000e+02
  -7.7415496e-04   6.6000000e+02
  -8.2276424e-04   6.7500000e+02
  -8.1615965e-04   6.9000000e+02
  -7.4237643e-04   7.0500000e+02
  -6.3399732e-04   7.2000000e+02
  -5.2590779e-04   7.3500000e+02
  -4.2652537e-04   7.5000000e+02
  -3.3838570e-04   7.6500000e+02
  -2.8868802e-04   7.8000000e+02
  -3.1180517e-04   7.9500000e+02
  -4.0020523e-04   8.1000000e+02
  -4.9857225e-04   8.2500000e+02
  -5.5923610e-04   8.4000000e+02
  -5.8361486e-04   8.5500000e+02
  -5.9475022e-04   8.7000000e+02
  -5.9531757e-04   8.8500000e+02
  -5.8359519e-04   9.0000000e+02
  -5.9033255e-04   9.1500000e+02
  -6.5300241e-04   9.3000000e+02
  -7.5503369e-04   9.4500000e+02
  -8.3471107e-04   9.6000000e+02
  -8.6161226e-04   9.7500000e+02
  -8.6630200e-04   9.9000000e+02
  -8.8917546e-04   1.0050000e+03
  -9.3871250e-04   1.0200000e+03
  -1.0043991e-03   1.0350000e+03
  -1.0711520e-03   1.0500000e+03
  -1.1170780e-03   1.0650000e+03
  -1.1337580e-03   1.0800000e+03
  -1.1487642e-03   1.0950000e+03
  -1.1940474e-03   1.1100000e+03
  -1.2566501e-03   1.1250000e+03
  -1.2930218e-03   1.1400000e+03
  -1.2852459e-03   1.1550000e+03
  -1.2519608e-03   1.1700000e+03
  -1.2071617e-03   1.1850000e+03
  -1.1367194e-03   1.2000000e+03
  -1.0231342e-03   1.2150000e+03
  -8.7706052e-04   1.2300000e+03
  -7.2984910e-04   1.2450000e+03
  -5.9646188e-04   1.2600000e+03
  -4.5639632e-04   1.2750000e+03
  -2.7103079e-04   1.2900000e+03
  -5.2310952e-06   1.3050000e+03
   3.6993291e-04   1.3200000e+03
   8.7290187e-04   1.3350000e+03
   1.4943879e-03   1.3500000e+03
   2.1998617e-03   1.3650000e+03
   2.9717805e-03   1.3800000e+03
   3.8499576e-03   1.3950000e+03
   4.9167741e-03   1.4100000e+03
   6.2381495e-03   1.4250000e+03
   7.8268060e-03   1.4400000e+03
   9.6699018e-03   1.4550000e+03
   1.1789392e-02   1.4700000e+03
   1.4268114e-02   1.4850000e+03
   1.7216785e-02   1.5000000e+03
   2.0724833e-02   1.5150000e+03
   2.4852868e-02   1.5300000e+03
   2.9674347e-02   1.5450000e+03
   3.5318244e-02   1.5600000e+03
   4.1962337e-02   1.5750000e+03
   4.9780522e-02   1.5900000e+03
   5.8900658e-02   1.6050000e+03
   6.9416597e-02   1.6200000e+03
   8.1428908e-02   1.6350000e+03
   9.5059037e-02   1.6500000e+03
   1.1043944e-01   1.6650000e+03
   1.2773158e-01   1.6800000e+03
   1.4715767e-01   1.6950000e+03
   1.6893025e-01   1.7100000e+03
   1.9300386e-01   1.7250000e+03
   2.1876042e-01   1.7400000e+03
   2.4486160e-01   1.7550000e+03
   2.6942056e-01   1.7700000e+03
   2.9046094e-01   1.7850000e+03
   3.0650845e-01   1.8000000e+03
   3.1710979e-01   1.8150000e+03
   3.2304507e-01   1.8300000e+03
   3.2602689e-01   1.8450000e+03
   3.2785758e-01   1.8600000e+03
   3.2932940e-01   1.8750000e+03
   3.2944930e-01   1.8900000e+03
   3.2558352e-01   1.9050000e+03
   3.1466118e-01   1.9200000e+03
   2.9481229e-01   1.9350000e+03
   2.6635233e-01   1.9500000e+03
   2.3144874e-01   1.9650000e+03
   1.9290954e-01   1.9800000e+03
   1.5326314e-01   1.9950000e+03
   1.1480571e-01   2.0100000e+03
   8.0052353e-02   2.0250000e+03
   5.1501751e-02   2.0400000e+03
   3.0553216e-02   2.0550000e+03
   1.6721271e-02   2.0700000e+03
   8.2149934e-03   2.0850000e+03
   3.3519780e-03   2.1000000e+03
   1.1469293e-03   2.1150000e+03
   4.3118731e-04   2.1300000e+03
  -1.0906075e-03   2.1450000e+03
  -6.1332644e-03   2.1600000e+03
  -1.5854368e-02   2.1750000e+03
  -2.8796088e-02   2.1900000e+03
  -4.1961752e-02   2.2050000e+03
  -5.2765202e-02   2.2200000e+03
  -5.9902575e-02   2.2350000e+03
  -6.2944449e-02   2.2500000e+03
  -6.1925393e-02   2.2650000e+03
  -5.7536732e-02   2.2800000e+03
  -5.1206175e-02   2.2950000e+03
  -4.4517729e-02   2.3100000e+03
  -3.8550839e-02   2.3250000e+03
  -3.3842247e-02   2.3400000e+03
  -3.0715538e-02   2.3550000e+03
  -2.9331837e-02   2.3700000e+03
  -2.9481241e-02   2.3850000e+03
  -3.0595444e-02   2.4000000e+03
  -3.2037150e-02   2.4150000e+03
  -3.3301882e-02   2.4300000e+03
  -3.4035053e-02   2.4450000e+03
  -3.4092374e-02   2.4600000e+03
  -3.3654600e-02   2.4750000e+03
  -3.3151027e-02   2.4900000e+03
  -3.2992993e-02   2.5050000e+03
  -3.3422723e-02   2.5200000e+03
  -3.4584545e-02   2.5350000e+03
  -3.6581960e-02   2.5500000e+03
  -3.9385140e-02   2.5650000e+03
  -4.2774897e-02   2.5800000e+03
  -4.6474345e-02   2.5950000e+03
  -5.0314974e-02   2.6100000e+03
  -5.4238919e-02   2.6250000e+03
  -5.8193494e-02   2.6400000e+03
  -6.2092200e-02   2.6550000e+03
  -6.5859891e-02   2.6700000e+03
  -6.9452360e-02   2.6850000e+03
  -7.2813697e-02   2.7000000e+03
  -7.5834714e-02   2.7150000e+03
  -7.8353934e-02   2.7300000e+03
  -8.0184251e-02   2.7450000e+03
  -8.1145927e-02   2.7600000e+03
  -8.1101283e-02   2.7750000e+03
  -7.9978496e-02   2.7900000e+03
  -7.7777527e-02   2.8050000e+03
  -7.4575365e-02   2.8200000e+03
  -7.0538782e-02   2.8350000e+03
  -6.5918148e-02   2.8500000e+03
  -6.1002184e-02   2.8650000e+03
  -5.6056611e-02   2.8800000e+03
  -5.1281746e-02   2.8950000e+03
  -4.6796888e-02   2.9100000e+03
  -4.2645112e-02   2.9250000e+03
  -3.8820174e-02   2.9400000e+03
  -3.5312753e-02   2.9550000e+03
  -3.2155614e-02   2.9700000e+03
  -2.9442633e-02   2.9850000e+03
  -2.7306896e-02   3.0000000e+03
  -2.5859961e-02   3.0150000e+03
  -2.5121255e-02   3.0300000e+03
  -2.4989406e-02   3.0450000e+03
  -2.5287924e-02   3.0600000e+03
  -2.5854679e-02   3.0750000e+03
  -2.6600989e-02   3.0900000e+03
  -2.7496876e-02   3.1050000e+03
  -2.8514531e-02   3.1200000e+03
  -2.9598895e-02   3.1350000e+03
  -3.0694876e-02   3.1500000e+03
  -3.1793367e-02   3.1650000e+03
  -3.2937009e-02   3.1800000e+03
  -3.4169450e-02   3.1950000e+03
  -3.5469055e-02   3.2100000e+03
  -3.6721900e-02   3.2250000e+03
  -3.7752606e-02   3.2400000e+03
  -3.8386919e-02   3.2550000e+03
  -3.8504578e-02   3.2700000e+03
  -3.8058225e-02   3.2850000e+03
  -3.7059985e-02   3.3000000e+03
  -3.5553977e-02   3.3150000e+03
  -3.3595275e-02   3.3300000e+03
  -3.1246414e-02   3.3450000e+03
  -2.8587136e-02   3.3600000e+03
  -2.5724107e-02   3.3750000e+03
  -2.2792283e-02   3.3900000e+03
  -1.9951114e-02   3.4050000e+03
  -1.7381037e-02   3.4200000e+03
  -1.5276367e-02   3.4350000e+03
  -1.3823996e-02   3.4500000e+03
  -1.3165709e-02   3.4650000e+03
  -1.3358953e-02   3.4800000e+03
  -1.4357899e-02   3.4950000e+03
  -1.6024807e-02   3.5100000e+03
  -1.8163096e-02   3.5250000e+03
  -2.0555701e-02   3.5400000e+03
  -2.2997877e-02   3.5550000e+03
  -2.5321005e-02   3.5700000e+03
  -2.7405053e-02   3.5850000e+03
  -2.9176103e-02   3.6000000e+03
  -3.0590072e-02   3.6150000e+03
  -3.1613313e-02   3.6300000e+03
  -3.2213911e-02   3.6450000e+03
  -3.2369245e-02   3.6600000e+03
  -3.2082040e-02   3.6750000e+03
  -3.1390969e-02   3.6900000e+03
  -3.0367220e-02   3.7050000e+03
  -2.9100135e-02   3.7200000e+03
  -2.7682688e-02   3.7350000e+03
  -2.6204029e-02   3.7500000e+03
  -2.4745520e-02   3.7650000e+03
  -2.3370758e-02   3.7800000e+03
  -2.2107998e-02   3.7950000e+03
  -2.0937720e-02   3.8100000e+03
  -1.9800536e-02   3.8250000e+03
  -1.8624702e-02   3.8400000e+03
  -1.7354991e-02   3.8550000e+03
  -1.5967203e-02   3.8700000e+03
  -1.4471436e-02   3.8850000e+03
  -1.2917136e-02   3.9000000e+03
  -1.1400740e-02   3.9150000e+03
  -1.0060505e-02   3.9300000e+03
  -9.0485718e-03   3.9450000e+03
  -8.4938407e-03   3.9600000e+03
  -8.4811207e-03   3.9750000e+03
  -9.0558929e-03   3.9900000e+03
  -1.0238425e-02   4.0050000e+03
  -1.2025518e-02   4.0200000e+03
  -1.4376718e-02   4.0350000e+03
  -1.7200155e-02   4.0500000e+03
  -2.0351700e-02   4.0650000e+03
  -2.3646737e-02   4.0800000e+03
  -2.6876595e-02   4.0950000e+03
  -2.9827032e-02   4.1100000e+03
  -3.2301735e-02   4.1250000e+03
  -3.4148548e-02   4.1400000e+03
  -3.5276759e-02   4.1550000e+03
  -3.5654426e-02   4.1700000e+03
  -3.5288431e-02   4.1850000e+03
  -3.4202434e-02   4.2000000e+03
  -3.2426279e-02   4.2150000e+03
  -2.9997319e-02   4.2300000e+03
  -2.6964244e-02   4.2450000e+03
  -2.3386201e-02   4.2600000e+03
  -1.9329274e-02   4.2750000e+03
  -1.4866567e-02   4.2900000e+03
  -1.0083526e-02   4.3050000e+03
  -5.0832340e-03   4.3200000e+03
   1.4428906e-05   4.3350000e+03
   5.0803875e-03   4.3500000e+03
   9.9864025e-03   4.3650000e+03
   1.4613164e-02   4.3800000e+03
   1.8855261e-02   4.3950000e+03
   2.2623749e-02   4.4100000e+03
   2.5847133e-02   4.4250000e+03
   2.8471638e-02   4.4400000e+03
   3.0462142e-02   4.4550000e+03
   3.1804450e-02   4.4700000e+03
   3.2508332e-02   4.4850000e+03
   3.2609951e-02   4.5000000e+03
