   8.9297639e-03   0.0000000e+00
   8.9307865e-03   1.5000000e+01
   8.9328485e-03   3.0000000e+01
   8.9342613e-03   4.5000000e+01
   8.9347111e-03   6.0000000e+01
   8.9340089e-03   7.5000000e+01
   8.9320643e-03   9.0000000e+01
   8.9303963e-03   1.0500000e+02
   8.9302016e-03   1.2000000e+02
   8.9299148e-03   1.3500000e+02
   8.9276563e-03   1.5000000e+02
   8.9236349e-03   1.6500000e+02
   8.9181922e-03   1.8000000e+02
   8.9104762e-03   1.9500000e+02
   8.9000706e-03   2.1000000e+02
   8.8880062e-03   2.2500000e+02
   8.8761440e-03   2.4000000e+02
   8.8661080e-03   2.5500000e+02
   8.8581862e-03   2.7000000e+02
   8.8510038e-03   2.8500000e+02
   8.8423146e-03   3.0000000e+02
   8.8302214e-03   3.1500000e+02
   8.8139046e-03   3.3000000e+02
   8.7935599e-03   3.4500000e+02
   8.7704631e-03   3.6000000e+02
   8.7468168e-03   3.7500000e+02
   8.7240068e-03   3.9000000e+02
   8.7012956e-03   4.0500000e+02
   8.6760903e-03   4.2000000e+02
   8.6437752e-03   4.3500000e+02
   8.5983500e-03   4.5000000e+02
   8.5339565e-03   4.6500000e+02
   8.4409444e-03   4.8000000e+02
   8.2952594e-03   4.9500000e+02
   8.0534182e-03   5.1000000e+02
   7.6679396e-03   5.2500000e+02
   7.1255164e-03   5.4000000e+02
   6.4907693e-03   5.5500000e+02
   5.9201401e-03   5.7000000e+02
   5.6070881e-03   5.8500000e+02
   5.6577451e-03   6.0000000e+02
   5.9754616e-03   6.1500000e+02
   6.2790308e-03   6.3000000e+02
   6.2981746e-03   6.4500000e+02
   6.0042376e-03   6.6000000e+02
   5.6372681e-03   6.7500000e+02
   5.4608141e-03   6.9000000e+02
   5.4890644e-03   7.0500000e+02
   5.5029173e-03   7.2000000e+02
   5.3420416e-03   7.3500000e+02
   5.1046894e-03   7.5000000e+02
   4.9950406e-03   7.6500000e+02
   5.0324420e-03   7.8000000e+02
   5.0305142e-03   7.9500000e+02
   4.8609306e-03   8.1000000e+02
   4.5967959e-03   8.2500000e+02
   4.3340279e-03   8.4000000e+02
   4.0158806e-03   8.5500000e+02
   3.5938644e-03   8.7000000e+02
   3.3463896e-03   8.8500000e+02
   4.0676268e-03   9.0000000e+02
   7.4401586e-03   9.1500000e+02
   1.7280269e-02   9.3000000e+02
   4.1793879e-02   9.4500000e+02
   9.6082039e-02   9.6000000e+02
   2.0341779e-01   9.7500000e+02
   3.9262676e-01   9.9000000e+02
   6.8721944e-01   1.0050000e+03
   1.0825586e+00   1.0200000e+03
   1.5142854e+00   1.0350000e+03
   1.8348151e+00   1.0500000e+03
   1.8277662e+00   1.0650000e+03
   1.2877972e+00   1.0800000e+03
   1.6017096e-01   1.0950000e+03
  -1.3267243e+00   1.1100000e+03
  -2.6519804e+00   1.1250000e+03
  -3.2038064e+00   1.1400000e+03
  -2.6419637e+00   1.1550000e+03
  -1.1936302e+00   1.1700000e+03
   3.9280531e-01   1.1850000e+03
   1.3035976e+00   1.2000000e+03
   1.2272463e+00   1.2150000e+03
   5.4887557e-01   1.2300000e+03
  -4.3654673e-02   1.2450000e+03
  -1.9031608e-01   1.2600000e+03
  -9.1362014e-02   1.2750000e+03
  -1.1192553e-01   1.2900000e+03
  -2.5863564e-01   1.3050000e+03
  -2.0488967e-01   1.3200000e+03
   1.6130134e-01   1.3350000e+03
   4.4562820e-01   1.3500000e+03
   2.1944265e-01   1.3650000e+03
  -3.2017669e-01   1.3800000e+03
  -4.9027839e-01   1.3950000e+03
  -1.9753752e-02   1.4100000e+03
   5.0761336e-01   1.4250000e+03
   3.9719078e-01   1.4400000e+03
  -1.7856380e-01   1.4550000e+03
  -3.9380205e-01   1.4700000e+03
   5.1110771e-02   1.4850000e+03
   4.8629385e-01   1.5000000e+03
   2.5481278e-01   1.5150000e+03
  -3.2655537e-01   1.5300000e+03
  -4.7208083e-01   1.5450000e+03
  -1.0003004e-01   1.5600000e+03
   1.3738124e-01   1.5750000e+03
  -5.9850592e-02   1.5900000e+03
  -2.1766444e-01   1.6050000e+03
   4.4137776e-02   1.6200000e+03
   3.5364521e-01   1.6350000e+03
   2.1943855e-01   1.6500000e+03
  -1.5131690e-01   1.6650000e+03
  -2.0852201e-01   1.6800000e+03
   6.2334392e-02   1.6950000e+03
   1.8911664e-01   1.7100000e+03
  -2.6362746e-03   1.7250000e+03
  -2.0292351e-01   1.7400000e+03
  -1.8877281e-01   1.7550000e+03
  -9.2163861e-02   1.7700000e+03
  -4.8032753e-02   1.7850000e+03
   7.2505535e-03   1.8000000e+03
   1.0140408e-01   1.8150000e+03
   1.3459738e-01   1.8300000e+03
   9.9738009e-02   1.8450000e+03
   1.0053911e-01   1.8600000e+03
   1.0550415e-01   1.8750000e+03
  -2.1879630e-02   1.8900000e+03
  -2.0679286e-01   1.9050000e+03
  -1.8248498e-01   1.9200000e+03
   9.8453768e-02   1.9350000e+03
   3.5112587e-01   1.9500000e+03
   3.5220557e-01   1.9650000e+03
   1.9929241e-01   1.9800000e+03
   7.0590153e-02   1.9950000e+03
  -4.4371508e-02   2.0100000e+03
  -2.2368039e-01   2.0250000e+03
  -3.8598540e-01   2.0400000e+03
  -3.5462859e-01   2.0550000e+03
  -9.3019381e-02   2.0700000e+03
   2.3074146e-01   2.0850000e+03
   4.0669945e-01   2.1000000e+03
   3.7132001e-01   2.1150000e+03
   2.3469920e-01   2.1300000e+03
   1.2469313e-01   2.1450000e+03
   2.7282640e-02   2.1600000e+03
  -1.5502295e-01   2.1750000e+03
  -3.8603517e-01   2.1900000e+03
  -4.5443162e-01   2.2050000e+03
  -2.2757483e-01   2.2200000e+03
   1.3965936e-01   2.2350000e+03
   3.5713923e-01   2.2500000e+03
   3.1048626e-01   2.2650000e+03
   1.1841999e-01   2.2800000e+03
  -6.7328475e-02   2.2950000e+03
  -1.8431221e-01   2.3100000e+03
  -2.0401134e-01   2.3250000e+03
  -1.1302302e-01   2.3400000e+03
   1.2265631e-02   2.3550000e+03
   4.2524099e-02   2.3700000e+03
  -3.3609826e-02   2.3850000e+03
  -8.2015015e-02   2.4000000e+03
  -2.3519654e-02   2.4150000e+03
   5.0069481e-02   2.4300000e+03
   3.3925857e-02   2.4450000e+03
  -2.5944782e-02   2.4600000e+03
  -2.4593206e-02   2.4750000e+03
   3.1859171e-02   2.4900000e+03
   5.4205183e-02   2.5050000e+03
   1.6417449e-02   2.5200000e+03
  -2.1234006e-02   2.5350000e+03
  -1.3823259e-02   2.5500000e+03
   1.5930124e-02   2.5650000e+03
   2.5195397e-02   2.5800000e+03
   3.3793203e-03   2.5950000e+03
  -2.9331464e-02   2.6100000e+03
  -4.7330938e-02   2.6250000e+03
  -3.6374565e-02   2.6400000e+03
  -3.4656299e-03   2.6550000e+03
   2.2880958e-02   2.6700000e+03
   1.6018763e-02   2.6850000e+03
  -1.8212708e-02   2.7000000e+03
  -4.6550822e-02   2.7150000e+03
  -4.9427263e-02   2.7300000e+03
  -4.0616386e-02   2.7450000e+03
  -3.7497371e-02   2.7600000e+03
  -3.2303710e-02   2.7750000e+03
  -9.6178064e-03   2.7900000e+03
   2.4452457e-02   2.8050000e+03
   5.1114269e-02   2.8200000e+03
   6.4802915e-02   2.8350000e+03
   6.9264896e-02   2.8500000e+03
   5.7917960e-02   2.8650000e+03
   2.2502402e-02   2.8800000e+03
  -2.3228999e-02   2.8950000e+03
  -5.2208949e-02   2.9100000e+03
  -5.5988204e-02   2.9250000e+03
  -4.8327442e-02   2.9400000e+03
  -3.8413692e-02   2.9550000e+03
  -1.9553093e-02   2.9700000e+03
   1.3875186e-02   2.9850000e+03
   5.1014155e-02   3.0000000e+03
   6.9314405e-02   3.0150000e+03
   5.4022081e-02   3.0300000e+03
   1.6221544e-02   3.0450000e+03
  -1.4011357e-02   3.0600000e+03
  -2.0347778e-02   3.0750000e+03
  -1.6752280e-02   3.0900000e+03
  -2.2188615e-02   3.1050000e+03
  -3.3723224e-02   3.1200000e+03
  -3.8295913e-02   3.1350000e+03
  -3.6281120e-02   3.1500000e+03
  -3.7222691e-02   3.1650000e+03
  -4.2278063e-02   3.1800000e+03
  -4.4409733e-02   3.1950000e+03
  -3.9974052e-02   3.2100000e+03
  -3.1208917e-02   3.2250000e+03
  -2.1448934e-02   3.2400000e+03
  -1.3611256e-02   3.2550000e+03
  -1.0663042e-02   3.2700000e+03
  -1.3862180e-02   3.2850000e+03
  -2.1173157e-02   3.3000000e+03
  -2.7905045e-02   3.3150000e+03
  -2.8110130e-02   3.3300000e+03
  -1.7105760e-02   3.3450000e+03
   4.5634620e-03   3.3600000e+03
   3.0076351e-02   3.3750000e+03
   5.0592285e-02   3.3900000e+03
   5.9557050e-02   3.4050000e+03
   5.3415462e-02   3.4200000e+03
   3.2666638e-02   3.4350000e+03
   4.1839215e-03   3.4500000e+03
  -2.1368455e-02   3.4650000e+03
  -3.7017718e-02   3.4800000e+03
  -4.2639174e-02   3.4950000e+03
  -4.1189741e-02   3.5100000e+03
  -3.5979614e-02   3.5250000e+03
  -3.1568337e-02   3.5400000e+03
  -3.1634267e-02   3.5550000e+03
  -3.3799790e-02   3.5700000e+03
  -3.0954404e-02   3.5850000e+03
  -1.9979993e-02   3.6000000e+03
  -5.5002780e-03   3.6150000e+03
   6.6446899e-03   3.6300000e+03
   1.5274411e-02   3.6450000e+03
   2.1137156e-02   3.6600000e+03
   2.3229837e-02   3.6750000e+03
   2.1477507e-02   3.6900000e+03
   1.9320467e-02   3.7050000e+03
   1.9548550e-02   3.7200000e+03
   1.9946631e-02   3.7350000e+03
   1.6652573e-02   3.7500000e+03
   1.0139718e-02   3.7650000e+03
   4.6358872e-03   3.7800000e+03
   2.5734119e-03   3.7950000e+03
   2.3132924e-03   3.8100000e+03
   8.7558926e-04   3.8250000e+03
  -3.3830076e-03   3.8400000e+03
  -1.0597504e-02   3.8550000e+03
  -1.9389305e-02   3.8700000e+03
  -2.6187943e-02   3.8850000e+03
  -2.6822381e-02   3.9000000e+03
  -2.1077668e-02   3.9150000e+03
  -1.4617433e-02   3.9300000e+03
  -1.3337847e-02   3.9450000e+03
  -1.5623882e-02   3.9600000e+03
  -1.3885545e-02   3.9750000e+03
  -5.7816803e-03   3.9900000e+03
  -4.4105141e-04   4.0050000e+03
  -9.3656657e-03   4.0200000e+03
  -3.2212362e-02   4.0350000e+03
  -5.5217929e-02   4.0500000e+03
  -6.3902497e-02   4.0650000e+03
  -5.4980833e-02   4.0800000e+03
  -3.5711292e-02   4.0950000e+03
  -1.4239157e-02   4.1100000e+03
   7.0061130e-03   4.1250000e+03
   2.8285522e-02   4.1400000e+03
   4.5936190e-02   4.1550000e+03
   5.3222694e-02   4.1700000e+03
   4.8844621e-02   4.1850000e+03
   4.0289305e-02   4.2000000e+03
   3.5129264e-02   4.2150000e+03
   3.1841610e-02   4.2300000e+03
   2.3854297e-02   4.2450000e+03
   1.0904413e-02   4.2600000e+03
   5.1112438e-04   4.2750000e+03
  -2.3279949e-03   4.2900000e+03
  -1.3196814e-03   4.3050000e+03
  -2.5556267e-03   4.3200000e+03
  -6.6274866e-03   4.3350000e+03
  -1.0251910e-02   4.3500000e+03
  -1.2139560e-02   4.3650000e+03
  -1.3174279e-02   4.3800000e+03
  -1.2780657e-02   4.3950000e+03
  -9.2660263e-03   4.4100000e+03
  -3.3908505e-03   4.4250000e+03
   1.7847579e-03   4.4400000e+03
   5.0921910e-03   4.4550000e+03
   8.4526688e-03   4.4700000e+03
   1.2654561e-02   4.4850000e+03
   1.4415644e-02   4.5000000e+03
