  -1.0816760e-03   0.0000000e+00
  -1.0816769e-03   1.5000000e+01
  -1.0816961e-03   3.0000000e+01
  -1.0817492e-03   4.5000000e+01
  -1.0818333e-03   6.0000000e+01
  -1.0819091e-03   7.5000000e+01
  -1.0819358e-03   9.0000000e+01
  -1.0819338e-03   1.0500000e+02
  -1.0819837e-03   1.2000000e+02
  -1.0821476e-03   1.3500000e+02
  -1.0823696e-03   1.5000000e+02
  -1.0823759e-03   1.6500000e+02
  -1.0814145e-03   1.8000000e+02
  -1.0769935e-03   1.9500000e+02
  -1.0617847e-03   2.1000000e+02
  -1.0202924e-03   2.2500000e+02
  -9.3224837e-04   2.4000000e+02
  -7.9073600e-04   2.5500000e+02
  -6.2779419e-04   2.7000000e+02
  -5.1508803e-04   2.8500000e+02
  -5.1240757e-04   3.0000000e+02
  -5.9878302e-04   3.1500000e+02
  -6.7524350e-04   3.3000000e+02
  -6.6633790e-04   3.4500000e+02
  -6.0679205e-04   3.6000000e+02
  -5.8867724e-04   3.7500000e+02
  -6.3250610e-04   3.9000000e+02
  -6.6840055e-04   4.0500000e+02
  -6.5093499e-04   4.2000000e+02
  -6.2267610e-04   4.3500000e+02
  -6.3317432e-04   4.5000000e+02
  -6.6038081e-04   4.6500000e+02
  -6.6105806e-04   4.8000000e+02
  -6.4625108e-04   4.9500000e+02
  -6.5114826e-04   5.1000000e+02
  -6.7008741e-04   5.2500000e+02
  -6.7486806e-04   5.4000000e+02
  -6.6785386e-04   5.5500000e+02
  -6.7076908e-04   5.7000000e+02
  -6.8255130e-04   5.8500000e+02
  -6.8644428e-04   6.0000000e+02
  -6.8336702e-04   6.1500000e+02
  -6.8676588e-04   6.3000000e+02
  -6.9575809e-04   6.4500000e+02
  -6.9961953e-04   6.6000000e+02
  -6.9888058e-04   6.7500000e+02
  -6.9990120e-04   6.9000000e+02
  -6.9834705e-04   7.0500000e+02
  -6.8496057e-04   7.2000000e+02
  -6.5800606e-04   7.3500000e+02
  -6.1928539e-04   7.5000000e+02
  -5.6954834e-04   7.6500000e+02
  -5.1763054e-04   7.8000000e+02
  -4.8517104e-04   7.9500000e+02
  -4.9295067e-04   8.1000000e+02
  -5.4320070e-04   8.2500000e+02
  -6.1445351e-04   8.4000000e+02
  -6.7058799e-04   8.5500000e+02
  -6.8232487e-04   8.7000000e+02
  -6.5254618e-04   8.8500000e+02
  -6.1949412e-04   9.0000000e+02
  -6.2275812e-04   9.1500000e+02
  -6.6218735e-04   9.3000000e+02
  -6.9855148e-04   9.4500000e+02
  -6.9947389e-04   9.6000000e+02
  -6.7681813e-04   9.7500000e+02
  -6.6915102e-04   9.9000000e+02
  -6.9166417e-04   1.0050000e+03
  -7.1886554e-04   1.0200000e+03
  -7.2222884e-04   1.0350000e+03
  -7.0924725e-04   1.0500000e+03
  -7.0845179e-04   1.0650000e+03
  -7.2525808e-04   1.0800000e+03
  -7.3695317e-04   1.0950000e+03
  -7.3190167e-04   1.1100000e+03
  -7.2755519e-04   1.1250000e+03
  -7.3957461e-04   1.1400000e+03
  -7.5635023e-04   1.1550000e+03
  -7.6087535e-04   1.1700000e+03
  -7.5955869e-04   1.1850000e+03
  -7.6910295e-04   1.2000000e+03
  -7.8824058e-04   1.2150000e+03
  -8.0367009e-04   1.2300000e+03
  -8.1456610e-04   1.2450000e+03
  -8.3027873e-04   1.2600000e+03
  -8.4977719e-04   1.2750000e+03
  -8.6282636e-04   1.2900000e+03
  -8.6820911e-04   1.3050000e+03
  -8.7419432e-04   1.3200000e+03
  -8.8356709e-04   1.3350000e+03
  -8.9237012e-04   1.3500000e+03
  -9.0080500e-04   1.3650000e+03
  -9.1287255e-04   1.3800000e+03
  -9.2753762e-04   1.3950000e+03
  -9.4074692e-04   1.4100000e+03
  -9.5354771e-04   1.4250000e+03
  -9.6936931e-04   1.4400000e+03
  -9.8632509e-04   1.4550000e+03
  -9.9975790e-04   1.4700000e+03
  -1.0093892e-03   1.4850000e+03
  -1.0181274e-03   1.5000000e+03
  -1.0272739e-03   1.5150000e+03
  -1.0374399e-03   1.5300000e+03
  -1.0503078e-03   1.5450000e+03
  -1.0658361e-03   1.5600000e+03
  -1.0812647e-03   1.5750000e+03
  -1.0951965e-03   1.5900000e+03
  -1.1093090e-03   1.6050000e+03
  -1.1251364e-03   1.6200000e+03
  -1.1424347e-03   1.6350000e+03
  -1.1609134e-03   1.6500000e+03
  -1.1806666e-03   1.6650000e+03
  -1.2010266e-03   1.6800000e+03
  -1.2212564e-03   1.6950000e+03
  -1.2419855e-03   1.7100000e+03
  -1.2643472e-03   1.7250000e+03
  -1.2880996e-03   1.7400000e+03
  -1.3114882e-03   1.7550000e+03
  -1.3324909e-03   1.7700000e+03
  -1.3502059e-03   1.7850000e+03
  -1.3657243e-03   1.8000000e+03
  -1.3813472e-03   1.8150000e+03
  -1.3982909e-03   1.8300000e+03
  -1.4159126e-03   1.8450000e+03
  -1.4337972e-03   1.8600000e+03
  -1.4531218e-03   1.8750000e+03
  -1.4748578e-03   1.8900000e+03
  -1.4979985e-03   1.9050000e+03
  -1.5207758e-03   1.9200000e+03
  -1.5426124e-03   1.9350000e+03
  -1.5639878e-03   1.9500000e+03
  -1.5853308e-03   1.9650000e+03
  -1.6070863e-03   1.9800000e+03
  -1.6303812e-03   1.9950000e+03
  -1.6563520e-03   2.0100000e+03
  -1.6846334e-03   2.0250000e+03
  -1.7134325e-03   2.0400000e+03
  -1.7416084e-03   2.0550000e+03
  -1.7701995e-03   2.0700000e+03
  -1.8012687e-03   2.0850000e+03
  -1.8354306e-03   2.1000000e+03
  -1.8710741e-03   2.1150000e+03
  -1.9060184e-03   2.1300000e+03
  -1.9395718e-03   2.1450000e+03
  -1.9729824e-03   2.1600000e+03
  -2.0081194e-03   2.1750000e+03
  -2.0458249e-03   2.1900000e+03
  -2.0854292e-03   2.2050000e+03
  -2.1258211e-03   2.2200000e+03
  -2.1666719e-03   2.2350000e+03
  -2.2082946e-03   2.2500000e+03
  -2.2505261e-03   2.2650000e+03
  -2.2924750e-03   2.2800000e+03
  -2.3335651e-03   2.2950000e+03
  -2.3742584e-03   2.3100000e+03
  -2.4154873e-03   2.3250000e+03
  -2.4577740e-03   2.3400000e+03
  -2.5011781e-03   2.3550000e+03
  -2.5457579e-03   2.3700000e+03
  -2.5916942e-03   2.3850000e+03
  -2.6390601e-03   2.4000000e+03
  -2.6878717e-03   2.4150000e+03
  -2.7384765e-03   2.4300000e+03
  -2.7917356e-03   2.4450000e+03
  -2.8485407e-03   2.4600000e+03
  -2.9088876e-03   2.4750000e+03
  -2.9715160e-03   2.4900000e+03
  -3.0348459e-03   2.5050000e+03
  -3.0987458e-03   2.5200000e+03
  -3.1653850e-03   2.5350000e+03
  -3.2380605e-03   2.5500000e+03
  -3.3190590e-03   2.5650000e+03
  -3.4085396e-03   2.5800000e+03
  -3.5052372e-03   2.5950000e+03
  -3.6081024e-03   2.6100000e+03
  -3.7175147e-03   2.6250000e+03
  -3.8352688e-03   2.6400000e+03
  -3.9633540e-03   2.6550000e+03
  -4.1026431e-03   2.6700000e+03
  -4.2528496e-03   2.6850000e+03
  -4.4137584e-03   2.7000000e+03
  -4.5861779e-03   2.7150000e+03
  -4.7713616e-03   2.7300000e+03
  -4.9696695e-03   2.7450000e+03
  -5.1802481e-03   2.7600000e+03
  -5.4023336e-03   2.7750000e+03
  -5.6367232e-03   2.7900000e+03
  -5.8856532e-03   2.8050000e+03
  -6.1510196e-03   2.8200000e+03
  -6.4324052e-03   2.8350000e+03
  -6.7261131e-03   2.8500000e+03
  -7.0244577e-03   2.8650000e+03
  -7.3130676e-03   2.8800000e+03
  -7.5645098e-03   2.8950000e+03
  -7.7284030e-03   2.9100000e+03
  -7.7192350e-03   2.9250000e+03
  -7.4027511e-03   2.9400000e+03
  -6.5820999e-03   2.9550000e+03
  -4.9879118e-03   2.9700000e+03
  -2.2812637e-03   2.9850000e+03
   1.9188003e-03   3.0000000e+03
   7.9738852e-03   3.0150000e+03
   1.6130578e-02   3.0300000e+03
   2.6404403e-02   3.0450000e+03
   3.8474653e-02   3.0600000e+03
   5.1637020e-02   3.0750000e+03
   6.4864598e-02   3.0900000e+03
   7.7007346e-02   3.1050000e+03
   8.7108485e-02   3.1200000e+03
   9.4744571e-02   3.1350000e+03
   1.0023568e-01   3.1500000e+03
   1.0456792e-01   3.1650000e+03
   1.0895254e-01   3.1800000e+03
   1.1410681e-01   3.1950000e+03
   1.1952048e-01   3.2100000e+03
   1.2306935e-01   3.2250000e+03
   1.2127131e-01   3.2400000e+03
   1.1024000e-01   3.2550000e+03
   8.7074704e-02   3.2700000e+03
   5.1194739e-02   3.2850000e+03
   5.1177745e-03   3.3000000e+03
  -4.5601424e-02   3.3150000e+03
  -9.3246788e-02   3.3300000e+03
  -1.2938510e-01   3.3450000e+03
  -1.4658374e-01   3.3600000e+03
  -1.4016174e-01   3.3750000e+03
  -1.0974792e-01   3.3900000e+03
  -6.0327254e-02   3.4050000e+03
  -2.3406595e-03   3.4200000e+03
   4.9574248e-02   3.4350000e+03
   7.9372317e-02   3.4500000e+03
   7.3687360e-02   3.4650000e+03
   2.6520059e-02   3.4800000e+03
  -5.6649230e-02   3.4950000e+03
  -1.5694840e-01   3.5100000e+03
  -2.4418166e-01   3.5250000e+03
  -2.8399837e-01   3.5400000e+03
  -2.4943581e-01   3.5550000e+03
  -1.3345940e-01   3.5700000e+03
   4.2956986e-02   3.5850000e+03
   2.3247230e-01   3.6000000e+03
   3.7472597e-01   3.6150000e+03
   4.1801193e-01   3.6300000e+03
   3.4099925e-01   3.6450000e+03
   1.6457886e-01   3.6600000e+03
  -5.3007927e-02   3.6750000e+03
  -2.3761342e-01   3.6900000e+03
  -3.2906935e-01   3.7050000e+03
  -3.0630153e-01   3.7200000e+03
  -1.9537568e-01   3.7350000e+03
  -5.5573352e-02   3.7500000e+03
   5.0498694e-02   3.7650000e+03
   8.7850064e-02   3.7800000e+03
   6.4558946e-02   3.7950000e+03
   2.2779062e-02   3.8100000e+03
   9.9163279e-03   3.8250000e+03
   4.6804495e-02   3.8400000e+03
   1.1282460e-01   3.8550000e+03
   1.5861288e-01   3.8700000e+03
   1.3957198e-01   3.8850000e+03
   4.8535466e-02   3.9000000e+03
  -7.5482368e-02   3.9150000e+03
  -1.7051035e-01   3.9300000e+03
  -1.9231838e-01   3.9450000e+03
  -1.4404534e-01   3.9600000e+03
  -7.2436236e-02   3.9750000e+03
  -3.2189649e-02   3.9900000e+03
  -4.4363052e-02   4.0050000e+03
  -8.0581523e-02   4.0200000e+03
  -8.5946038e-02   4.0350000e+03
  -2.3638649e-02   4.0500000e+03
   9.3151465e-02   4.0650000e+03
   2.0674199e-01   4.0800000e+03
   2.5346491e-01   4.0950000e+03
   2.0569092e-01   4.1100000e+03
   8.7135009e-02   4.1250000e+03
  -4.6073105e-02   4.1400000e+03
  -1.4021991e-01   4.1550000e+03
  -1.6864181e-01   4.1700000e+03
  -1.3392730e-01   4.1850000e+03
  -5.5495434e-02   4.2000000e+03
   4.1818082e-02   4.2150000e+03
   1.3111089e-01   4.2300000e+03
   1.8458372e-01   4.2450000e+03
   1.8114769e-01   4.2600000e+03
   1.1939484e-01   4.2750000e+03
   2.4301171e-02   4.2900000e+03
  -6.2627800e-02   4.3050000e+03
  -1.0639464e-01   4.3200000e+03
  -9.8217003e-02   4.3350000e+03
  -5.6358822e-02   4.3500000e+03
  -8.1524057e-03   4.3650000e+03
   3.0390978e-02   4.3800000e+03
   5.9508391e-02   4.3950000e+03
   8.2729936e-02   4.4100000e+03
   9.1724262e-02   4.4250000e+03
   6.7629673e-02   4.4400000e+03
   1.2816865e-03   4.4550000e+03
  -8.6277105e-02   4.4700000e+03
  -1.4662799e-01   4.4850000e+03
  -1.3527061e-01   4.5000000e+03
