   1.4784463e-03   0.0000000e+00
   1.4784910e-03   1.5000000e+01
   1.4785811e-03   3.0000000e+01
   1.4783308e-03   4.5000000e+01
   1.4772230e-03   6.0000000e+01
   1.4748129e-03   7.5000000e+01
   1.4707862e-03   9.0000000e+01
   1.4651550e-03   1.0500000e+02
   1.4582437e-03   1.2000000e+02
   1.4503254e-03   1.3500000e+02
   1.4414083e-03   1.5000000e+02
   1.4312200e-03   1.6500000e+02
   1.4193461e-03   1.8000000e+02
   1.4055197e-03   1.9500000e+02
   1.3899517e-03   2.1000000e+02
   1.3735519e-03   2.2500000e+02
   1.3575751e-03   2.4000000e+02
   1.3427936e-03   2.5500000e+02
   1.3290658e-03   2.7000000e+02
   1.3153621e-03   2.8500000e+02
   1.2999775e-03   3.0000000e+02
   1.2813772e-03   3.1500000e+02
   1.2592917e-03   3.3000000e+02
   1.2348072e-03   3.4500000e+02
   1.2093401e-03   3.6000000e+02
   1.1835221e-03   3.7500000e+02
   1.1569149e-03   3.9000000e+02
   1.1290245e-03   4.0500000e+02
   1.1005255e-03   4.2000000e+02
   1.0725193e-03   4.3500000e+02
   1.0441080e-03   4.5000000e+02
   1.0109388e-03   4.6500000e+02
   9.6486061e-04   4.8000000e+02
   8.9261984e-04   4.9500000e+02
   7.7514310e-04   5.1000000e+02
   5.9284124e-04   5.2500000e+02
   3.4001406e-04   5.4000000e+02
   4.3287262e-05   5.5500000e+02
  -2.3131470e-04   5.7000000e+02
  -4.0073000e-04   5.8500000e+02
  -4.1717826e-04   6.0000000e+02
  -3.1715364e-04   6.1500000e+02
  -2.1463934e-04   6.3000000e+02
  -2.1956593e-04   6.4500000e+02
  -3.4083254e-04   6.6000000e+02
  -4.7406839e-04   6.7500000e+02
  -5.0223939e-04   6.9000000e+02
  -4.0897162e-04   7.0500000e+02
  -2.7788518e-04   7.2000000e+02
  -1.8389578e-04   7.3500000e+02
  -1.1929865e-04   7.5000000e+02
  -4.7962887e-05   7.6500000e+02
   3.0961928e-06   7.8000000e+02
  -3.7476366e-05   7.9500000e+02
  -1.7695893e-04   8.1000000e+02
  -3.2940120e-04   8.2500000e+02
  -4.2104736e-04   8.4000000e+02
  -4.7267595e-04   8.5500000e+02
  -5.3492974e-04   8.7000000e+02
  -5.9467432e-04   8.8500000e+02
  -6.1752548e-04   9.0000000e+02
  -6.4771279e-04   9.1500000e+02
  -7.7009300e-04   9.3000000e+02
  -9.7619317e-04   9.4500000e+02
  -1.1613413e-03   9.6000000e+02
  -1.2685972e-03   9.7500000e+02
  -1.3501312e-03   9.9000000e+02
  -1.4700005e-03   1.0050000e+03
  -1.6302230e-03   1.0200000e+03
  -1.8095992e-03   1.0350000e+03
  -1.9940936e-03   1.0500000e+03
  -2.1542024e-03   1.0650000e+03
  -2.2671898e-03   1.0800000e+03
  -2.3682113e-03   1.0950000e+03
  -2.5099036e-03   1.1100000e+03
  -2.6722064e-03   1.1250000e+03
  -2.7747606e-03   1.1400000e+03
  -2.7711801e-03   1.1550000e+03
  -2.6710399e-03   1.1700000e+03
  -2.4691415e-03   1.1850000e+03
  -2.1036463e-03   1.2000000e+03
  -1.4978364e-03   1.2150000e+03
  -6.0978101e-04   1.2300000e+03
   5.9124466e-04   1.2450000e+03
   2.2015069e-03   1.2600000e+03
   4.4291294e-03   1.2750000e+03
   7.5839828e-03   1.2900000e+03
   1.2070833e-02   1.3050000e+03
   1.8424166e-02   1.3200000e+03
   2.7351664e-02   1.3350000e+03
   3.9775372e-02   1.3500000e+03
   5.6929450e-02   1.3650000e+03
   8.0542445e-02   1.3800000e+03
   1.1302203e-01   1.3950000e+03
   1.5750900e-01   1.4100000e+03
   2.1769242e-01   1.4250000e+03
   2.9727900e-01   1.4400000e+03
   3.9894688e-01   1.4550000e+03
   5.2258468e-01   1.4700000e+03
   6.6278642e-01   1.4850000e+03
   8.0604059e-01   1.5000000e+03
   9.2873335e-01   1.5150000e+03
   9.9771005e-01   1.5300000e+03
   9.7528380e-01   1.5450000e+03
   8.2969838e-01   1.5600000e+03
   5.4971486e-01   1.5750000e+03
   1.5848786e-01   1.5900000e+03
  -2.8110254e-01   1.6050000e+03
  -6.7718393e-01   1.6200000e+03
  -9.3733627e-01   1.6350000e+03
  -1.0059140e+00   1.6500000e+03
  -8.9198196e-01   1.6650000e+03
  -6.6927862e-01   1.6800000e+03
  -4.4263649e-01   1.6950000e+03
  -2.9618967e-01   1.7100000e+03
  -2.5331882e-01   1.7250000e+03
  -2.7359006e-01   1.7400000e+03
  -2.8811014e-01   1.7550000e+03
  -2.4804619e-01   1.7700000e+03
  -1.5248227e-01   1.7850000e+03
  -3.8962685e-02   1.8000000e+03
   5.0678592e-02   1.8150000e+03
   9.9431083e-02   1.8300000e+03
   1.1774530e-01   1.8450000e+03
   1.2310802e-01   1.8600000e+03
   1.1870823e-01   1.8750000e+03
   9.0729848e-02   1.8900000e+03
   2.4654934e-02   1.9050000e+03
  -7.6073222e-02   1.9200000e+03
  -1.8597592e-01   1.9350000e+03
  -2.7047864e-01   1.9500000e+03
  -3.0391407e-01   1.9650000e+03
  -2.7923182e-01   1.9800000e+03
  -2.0629764e-01   1.9950000e+03
  -1.0516550e-01   2.0100000e+03
  -4.7931354e-04   2.0250000e+03
   8.3091870e-02   2.0400000e+03
   1.2695880e-01   2.0550000e+03
   1.2493315e-01   2.0700000e+03
   8.5098132e-02   2.0850000e+03
   2.5318425e-02   2.1000000e+03
  -3.4311458e-02   2.1150000e+03
  -7.7738374e-02   2.1300000e+03
  -9.6554719e-02   2.1450000e+03
  -9.1228932e-02   2.1600000e+03
  -6.9417894e-02   2.1750000e+03
  -4.1345477e-02   2.1900000e+03
  -1.5090597e-02   2.2050000e+03
   4.7421027e-03   2.2200000e+03
   1.5333814e-02   2.2350000e+03
   1.4706200e-02   2.2500000e+03
   3.3165875e-03   2.2650000e+03
  -1.4390339e-02   2.2800000e+03
  -3.1425048e-02   2.2950000e+03
  -4.1763358e-02   2.3100000e+03
  -4.2652767e-02   2.3250000e+03
  -3.4414295e-02   2.3400000e+03
  -1.9173644e-02   2.3550000e+03
   9.0957561e-05   2.3700000e+03
   2.0285074e-02   2.3850000e+03
   3.8985156e-02   2.4000000e+03
   5.4798372e-02   2.4150000e+03
   6.7074306e-02   2.4300000e+03
   7.5619660e-02   2.4450000e+03
   8.0836929e-02   2.4600000e+03
   8.3733045e-02   2.4750000e+03
   8.5352056e-02   2.4900000e+03
   8.6253919e-02   2.5050000e+03
   8.6732447e-02   2.5200000e+03
   8.7290049e-02   2.5350000e+03
   8.8462591e-02   2.5500000e+03
   9.0143032e-02   2.5650000e+03
   9.1309249e-02   2.5800000e+03
   9.0409994e-02   2.5950000e+03
   8.5901693e-02   2.6100000e+03
   7.6682352e-02   2.6250000e+03
   6.2573217e-02   2.6400000e+03
   4.4715140e-02   2.6550000e+03
   2.5488110e-02   2.6700000e+03
   7.9215746e-03   2.6850000e+03
  -5.1107658e-03   2.7000000e+03
  -1.1730225e-02   2.7150000e+03
  -1.1738185e-02   2.7300000e+03
  -6.7348364e-03   2.7450000e+03
   5.1239051e-04   2.7600000e+03
   7.0281108e-03   2.7750000e+03
   1.0394450e-02   2.7900000e+03
   9.2666978e-03   2.8050000e+03
   3.7455580e-03   2.8200000e+03
  -4.6040281e-03   2.8350000e+03
  -1.3342522e-02   2.8500000e+03
  -2.0126576e-02   2.8650000e+03
  -2.3465430e-02   2.8800000e+03
  -2.2871781e-02   2.8950000e+03
  -1.8512189e-02   2.9100000e+03
  -1.0778343e-02   2.9250000e+03
  -1.5161440e-04   2.9400000e+03
   1.2594954e-02   2.9550000e+03
   2.6152017e-02   2.9700000e+03
   3.8737904e-02   2.9850000e+03
   4.8567768e-02   3.0000000e+03
   5.4508418e-02   3.0150000e+03
   5.6542855e-02   3.0300000e+03
   5.5724192e-02   3.0450000e+03
   5.3552918e-02   3.0600000e+03
   5.1076889e-02   3.0750000e+03
   4.8250329e-02   3.0900000e+03
   4.3968812e-02   3.1050000e+03
   3.6768708e-02   3.1200000e+03
   2.5757780e-02   3.1350000e+03
   1.1237108e-02   3.1500000e+03
  -5.2658571e-03   3.1650000e+03
  -2.1436259e-02   3.1800000e+03
  -3.4743957e-02   3.1950000e+03
  -4.2894214e-02   3.2100000e+03
  -4.4145897e-02   3.2250000e+03
  -3.7632819e-02   3.2400000e+03
  -2.3756051e-02   3.2550000e+03
  -4.5150318e-03   3.2700000e+03
   1.6510850e-02   3.2850000e+03
   3.4772474e-02   3.3000000e+03
   4.5902573e-02   3.3150000e+03
   4.6980374e-02   3.3300000e+03
   3.7329592e-02   3.3450000e+03
   1.8526144e-02   3.3600000e+03
  -6.2303771e-03   3.3750000e+03
  -3.2941222e-02   3.3900000e+03
  -5.7508912e-02   3.4050000e+03
  -7.6312095e-02   3.4200000e+03
  -8.6786389e-02   3.4350000e+03
  -8.7963961e-02   3.4500000e+03
  -8.0686487e-02   3.4650000e+03
  -6.7241646e-02   3.4800000e+03
  -5.0523572e-02   3.4950000e+03
  -3.3177931e-02   3.5100000e+03
  -1.7207747e-02   3.5250000e+03
  -4.1293134e-03   3.5400000e+03
   4.6958476e-03   3.5550000e+03
   8.0365799e-03   3.5700000e+03
   5.1979534e-03   3.5850000e+03
  -3.5039498e-03   3.6000000e+03
  -1.6676173e-02   3.6150000e+03
  -3.2297466e-02   3.6300000e+03
  -4.8317511e-02   3.6450000e+03
  -6.2964290e-02   3.6600000e+03
  -7.4685819e-02   3.6750000e+03
  -8.2049027e-02   3.6900000e+03
  -8.3925553e-02   3.7050000e+03
  -7.9936460e-02   3.7200000e+03
  -7.0803888e-02   3.7350000e+03
  -5.8285233e-02   3.7500000e+03
  -4.4680838e-02   3.7650000e+03
  -3.2191832e-02   3.7800000e+03
  -2.2436840e-02   3.7950000e+03
  -1.6256239e-02   3.8100000e+03
  -1.3739961e-02   3.8250000e+03
  -1.4355130e-02   3.8400000e+03
  -1.7113538e-02   3.8550000e+03
  -2.0792391e-02   3.8700000e+03
  -2.4214108e-02   3.8850000e+03
  -2.6521439e-02   3.9000000e+03
  -2.7346408e-02   3.9150000e+03
  -2.6818438e-02   3.9300000e+03
  -2.5435265e-02   3.9450000e+03
  -2.3851478e-02   3.9600000e+03
  -2.2629689e-02   3.9750000e+03
  -2.2013634e-02   3.9900000e+03
  -2.1818923e-02   4.0050000e+03
  -2.1512754e-02   4.0200000e+03
  -2.0445533e-02   4.0350000e+03
  -1.8108191e-02   4.0500000e+03
  -1.4309468e-02   4.0650000e+03
  -9.2440853e-03   4.0800000e+03
  -3.4520740e-03   4.0950000e+03
   2.3416160e-03   4.1100000e+03
   7.4887648e-03   4.1250000e+03
   1.1691033e-02   4.1400000e+03
   1.5157700e-02   4.1550000e+03
   1.8548835e-02   4.1700000e+03
   2.2674168e-02   4.1850000e+03
   2.8031681e-02   4.2000000e+03
   3.4410831e-02   4.2150000e+03
   4.0825609e-02   4.2300000e+03
   4.5866147e-02   4.2450000e+03
   4.8271708e-02   4.2600000e+03
   4.7394730e-02   4.2750000e+03
   4.3348275e-02   4.2900000e+03
   3.6849394e-02   4.3050000e+03
   2.8901059e-02   4.3200000e+03
   2.0470820e-02   4.3350000e+03
   1.2285048e-02   4.3500000e+03
   4.7862846e-03   4.3650000e+03
  -1.7890739e-03   4.3800000e+03
  -7.3095816e-03   4.3950000e+03
  -1.1698376e-02   4.4100000e+03
  -1.4942885e-02   4.4250000e+03
  -1.7129034e-02   4.4400000e+03
  -1.8459719e-02   4.4550000e+03
  -1.9231478e-02   4.4700000e+03
  -1.9762253e-02   4.4850000e+03
  -2.0291999e-02   4.5000000e+03
