   2.9271794e-03   0.0000000e+00
   2.9266833e-03   1.5000000e+01
   2.9250579e-03   3.0000000e+01
   2.9219619e-03   4.5000000e+01
   2.9171919e-03   6.0000000e+01
   2.9105851e-03   7.5000000e+01
   2.9020109e-03   9.0000000e+01
   2.8916413e-03   1.0500000e+02
   2.8797323e-03   1.2000000e+02
   2.8661769e-03   1.3500000e+02
   2.8507265e-03   1.5000000e+02
   2.8333312e-03   1.6500000e+02
   2.8139402e-03   1.8000000e+02
   2.7924047e-03   1.9500000e+02
   2.7687957e-03   2.1000000e+02
   2.7435839e-03   2.2500000e+02
   2.7174123e-03   2.4000000e+02
   2.6906577e-03   2.5500000e+02
   2.6631472e-03   2.7000000e+02
   2.6342082e-03   2.8500000e+02
   2.6029465e-03   3.0000000e+02
   2.5687136e-03   3.1500000e+02
   2.5314635e-03   3.3000000e+02
   2.4916693e-03   3.4500000e+02
   2.4500149e-03   3.6000000e+02
   2.4069927e-03   3.7500000e+02
   2.3625251e-03   3.9000000e+02
   2.3162232e-03   4.0500000e+02
   2.2679854e-03   4.2000000e+02
   2.2176141e-03   4.3500000e+02
   2.1635869e-03   4.5000000e+02
   2.1018886e-03   4.6500000e+02
   2.0240846e-03   4.8000000e+02
   1.9143553e-03   4.9500000e+02
   1.7489142e-03   5.1000000e+02
   1.5034257e-03   5.2500000e+02
   1.1713598e-03   5.4000000e+02
   7.8722538e-04   5.5500000e+02
   4.3552264e-04   5.7000000e+02
   2.2216295e-04   5.8500000e+02
   2.0699594e-04   6.0000000e+02
   3.4038909e-04   6.1500000e+02
   4.7211329e-04   6.3000000e+02
   4.5682021e-04   6.4500000e+02
   2.7932311e-04   6.6000000e+02
   7.0127819e-05   6.7500000e+02
  -2.6366661e-05   6.9000000e+02
   2.6147973e-08   7.0500000e+02
   3.1464377e-05   7.2000000e+02
  -2.2312588e-05   7.3500000e+02
  -1.1511343e-04   7.5000000e+02
  -1.4171046e-04   7.6500000e+02
  -8.7796114e-05   7.8000000e+02
  -3.8055034e-05   7.9500000e+02
  -3.9351427e-05   8.1000000e+02
  -3.4283265e-05   8.2500000e+02
   3.5150289e-05   8.4000000e+02
   1.3073991e-04   8.5500000e+02
   1.9281183e-04   8.7000000e+02
   2.5714189e-04   8.8500000e+02
   4.0327874e-04   9.0000000e+02
   6.1313651e-04   9.1500000e+02
   7.8838563e-04   9.3000000e+02
   9.1124373e-04   9.4500000e+02
   1.0832638e-03   9.6000000e+02
   1.3842665e-03   9.7500000e+02
   1.7917828e-03   9.9000000e+02
   2.2692825e-03   1.0050000e+03
   2.8418258e-03   1.0200000e+03
   3.5537626e-03   1.0350000e+03
   4.4384571e-03   1.0500000e+03
   5.5608260e-03   1.0650000e+03
   7.0169470e-03   1.0800000e+03
   8.8758348e-03   1.0950000e+03
   1.1193916e-02   1.1100000e+03
   1.4097913e-02   1.1250000e+03
   1.7786158e-02   1.1400000e+03
   2.2435792e-02   1.1550000e+03
   2.8160656e-02   1.1700000e+03
   3.5067178e-02   1.1850000e+03
   4.3302875e-02   1.2000000e+03
   5.3030223e-02   1.2150000e+03
   6.4384930e-02   1.2300000e+03
   7.7489518e-02   1.2450000e+03
   9.2494868e-02   1.2600000e+03
   1.0957187e-01   1.2750000e+03
   1.2884472e-01   1.2900000e+03
   1.5032580e-01   1.3050000e+03
   1.7386656e-01   1.3200000e+03
   1.9907899e-01   1.3350000e+03
   2.2524694e-01   1.3500000e+03
   2.5134006e-01   1.3650000e+03
   2.7619258e-01   1.3800000e+03
   2.9875812e-01   1.3950000e+03
   3.1828681e-01   1.4100000e+03
   3.3434114e-01   1.4250000e+03
   3.4668753e-01   1.4400000e+03
   3.5516346e-01   1.4550000e+03
   3.5959393e-01   1.4700000e+03
   3.5975873e-01   1.4850000e+03
   3.5539281e-01   1.5000000e+03
   3.4624630e-01   1.5150000e+03
   3.3223146e-01   1.5300000e+03
   3.1359300e-01   1.5450000e+03
   2.9097205e-01   1.5600000e+03
   2.6530603e-01   1.5750000e+03
   2.3765568e-01   1.5900000e+03
   2.0910399e-01   1.6050000e+03
   1.8075450e-01   1.6200000e+03
   1.5369618e-01   1.6350000e+03
   1.2881446e-01   1.6500000e+03
   1.0652936e-01   1.6650000e+03
   8.6688437e-02   1.6800000e+03
   6.8733364e-02   1.6950000e+03
   5.2025754e-02   1.7100000e+03
   3.6134370e-02   1.7250000e+03
   2.0974431e-02   1.7400000e+03
   6.7676879e-03   1.7550000e+03
  -6.1749695e-03   1.7700000e+03
  -1.7734582e-02   1.7850000e+03
  -2.8087907e-02   1.8000000e+03
  -3.7506532e-02   1.8150000e+03
  -4.6061814e-02   1.8300000e+03
  -5.3591438e-02   1.8450000e+03
  -5.9981532e-02   1.8600000e+03
  -6.5419249e-02   1.8750000e+03
  -7.0298605e-02   1.8900000e+03
  -7.4888222e-02   1.9050000e+03
  -7.9144649e-02   1.9200000e+03
  -8.2851186e-02   1.9350000e+03
  -8.5876673e-02   1.9500000e+03
  -8.8257939e-02   1.9650000e+03
  -9.0064965e-02   1.9800000e+03
  -9.1253005e-02   1.9950000e+03
  -9.1675356e-02   2.0100000e+03
  -9.1221325e-02   2.0250000e+03
  -8.9913316e-02   2.0400000e+03
  -8.7866724e-02   2.0550000e+03
  -8.5182041e-02   2.0700000e+03
  -8.1906170e-02   2.0850000e+03
  -7.8091681e-02   2.1000000e+03
  -7.3842697e-02   2.1150000e+03
  -6.9260433e-02   2.1300000e+03
  -6.4358443e-02   2.1450000e+03
  -5.9074879e-02   2.1600000e+03
  -5.3374268e-02   2.1750000e+03
  -4.7302991e-02   2.1900000e+03
  -4.0933978e-02   2.2050000e+03
  -3.4295905e-02   2.2200000e+03
  -2.7392093e-02   2.2350000e+03
  -2.0276338e-02   2.2500000e+03
  -1.3087951e-02   2.2650000e+03
  -6.0318201e-03   2.2800000e+03
   6.4297015e-04   2.2950000e+03
   6.6601746e-03   2.3100000e+03
   1.1767019e-02   2.3250000e+03
   1.5803594e-02   2.3400000e+03
   1.8727811e-02   2.3550000e+03
   2.0583253e-02   2.3700000e+03
   2.1461066e-02   2.3850000e+03
   2.1483380e-02   2.4000000e+03
   2.0784207e-02   2.4150000e+03
   1.9477021e-02   2.4300000e+03
   1.7635724e-02   2.4450000e+03
   1.5301094e-02   2.4600000e+03
   1.2492265e-02   2.4750000e+03
   9.2131272e-03   2.4900000e+03
   5.4655261e-03   2.5050000e+03
   1.2671838e-03   2.5200000e+03
  -3.3438846e-03   2.5350000e+03
  -8.3190929e-03   2.5500000e+03
  -1.3606842e-02   2.5650000e+03
  -1.9154251e-02   2.5800000e+03
  -2.4910480e-02   2.5950000e+03
  -3.0830294e-02   2.6100000e+03
  -3.6873691e-02   2.6250000e+03
  -4.3004461e-02   2.6400000e+03
  -4.9186576e-02   2.6550000e+03
  -5.5373862e-02   2.6700000e+03
  -6.1502844e-02   2.6850000e+03
  -6.7502283e-02   2.7000000e+03
  -7.3308371e-02   2.7150000e+03
  -7.8866035e-02   2.7300000e+03
  -8.4124468e-02   2.7450000e+03
  -8.9045309e-02   2.7600000e+03
  -9.3611874e-02   2.7750000e+03
  -9.7817257e-02   2.7900000e+03
  -1.0164194e-01   2.8050000e+03
  -1.0504804e-01   2.8200000e+03
  -1.0798997e-01   2.8350000e+03
  -1.1042199e-01   2.8500000e+03
  -1.1229884e-01   2.8650000e+03
  -1.1357848e-01   2.8800000e+03
  -1.1422762e-01   2.8950000e+03
  -1.1422696e-01   2.9100000e+03
  -1.1357810e-01   2.9250000e+03
  -1.1231114e-01   2.9400000e+03
  -1.1048561e-01   2.9550000e+03
  -1.0818294e-01   2.9700000e+03
  -1.0549643e-01   2.9850000e+03
  -1.0252266e-01   3.0000000e+03
  -9.9354222e-02   3.0150000e+03
  -9.6074909e-02   3.0300000e+03
  -9.2759147e-02   3.0450000e+03
  -8.9473717e-02   3.0600000e+03
  -8.6278409e-02   3.0750000e+03
  -8.3225518e-02   3.0900000e+03
  -8.0359347e-02   3.1050000e+03
  -7.7715702e-02   3.1200000e+03
  -7.5319789e-02   3.1350000e+03
  -7.3181637e-02   3.1500000e+03
  -7.1291171e-02   3.1650000e+03
  -6.9616258e-02   3.1800000e+03
  -6.8104535e-02   3.1950000e+03
  -6.6686757e-02   3.2100000e+03
  -6.5279819e-02   3.2250000e+03
  -6.3791014e-02   3.2400000e+03
  -6.2125560e-02   3.2550000e+03
  -6.0195882e-02   3.2700000e+03
  -5.7928778e-02   3.2850000e+03
  -5.5268474e-02   3.3000000e+03
  -5.2177556e-02   3.3150000e+03
  -4.8637684e-02   3.3300000e+03
  -4.4648934e-02   3.3450000e+03
  -4.0225688e-02   3.3600000e+03
  -3.5390329e-02   3.3750000e+03
  -3.0168626e-02   3.3900000e+03
  -2.4589192e-02   3.4050000e+03
  -1.8685397e-02   3.4200000e+03
  -1.2496912e-02   3.4350000e+03
  -6.0694823e-03   3.4500000e+03
   5.4666819e-04   3.4650000e+03
   7.2989003e-03   3.4800000e+03
   1.4133990e-02   3.4950000e+03
   2.0999465e-02   3.5100000e+03
   2.7844179e-02   3.5250000e+03
   3.4617491e-02   3.5400000e+03
   4.1266702e-02   3.5550000e+03
   4.7733560e-02   3.5700000e+03
   5.3951770e-02   3.5850000e+03
   5.9846863e-02   3.6000000e+03
   6.5337844e-02   3.6150000e+03
   7.0338845e-02   3.6300000e+03
   7.4760534e-02   3.6450000e+03
   7.8512959e-02   3.6600000e+03
   8.1511743e-02   3.6750000e+03
   8.3686590e-02   3.6900000e+03
   8.4988639e-02   3.7050000e+03
   8.5394010e-02   3.7200000e+03
   8.4904402e-02   3.7350000e+03
   8.3547860e-02   3.7500000e+03
   8.1380554e-02   3.7650000e+03
   7.8486338e-02   3.7800000e+03
   7.4970551e-02   3.7950000e+03
   7.0948839e-02   3.8100000e+03
   6.6536367e-02   3.8250000e+03
   6.1841946e-02   3.8400000e+03
   5.6967068e-02   3.8550000e+03
   5.2006505e-02   3.8700000e+03
   4.7047909e-02   3.8850000e+03
   4.2170577e-02   3.9000000e+03
   3.7444208e-02   3.9150000e+03
   3.2927711e-02   3.9300000e+03
   2.8666941e-02   3.9450000e+03
   2.4691354e-02   3.9600000e+03
   2.1011058e-02   3.9750000e+03
   1.7616408e-02   3.9900000e+03
   1.4480909e-02   4.0050000e+03
   1.1566239e-02   4.0200000e+03
   8.8275922e-03   4.0350000e+03
   6.2186257e-03   4.0500000e+03
   3.6958652e-03   4.0650000e+03
   1.2220626e-03   4.0800000e+03
  -1.2317543e-03   4.0950000e+03
  -3.6844565e-03   4.1100000e+03
  -6.1415024e-03   4.1250000e+03
  -8.5902391e-03   4.1400000e+03
  -1.0996364e-02   4.1550000e+03
  -1.3304595e-02   4.1700000e+03
  -1.5444851e-02   4.1850000e+03
  -1.7342785e-02   4.2000000e+03
  -1.8932093e-02   4.2150000e+03
  -2.0165402e-02   4.2300000e+03
  -2.1020653e-02   4.2450000e+03
  -2.1500831e-02   4.2600000e+03
  -2.1627488e-02   4.2750000e+03
  -2.1431733e-02   4.2900000e+03
  -2.0948200e-02   4.3050000e+03
  -2.0215496e-02   4.3200000e+03
  -1.9281732e-02   4.3350000e+03
  -1.8209673e-02   4.3500000e+03
  -1.7076593e-02   4.3650000e+03
  -1.5967440e-02   4.3800000e+03
  -1.4963722e-02   4.3950000e+03
  -1.4132303e-02   4.4100000e+03
  -1.3518407e-02   4.4250000e+03
  -1.3144913e-02   4.4400000e+03
  -1.3016477e-02   4.4550000e+03
  -1.3124251e-02   4.4700000e+03
  -1.3447790e-02   4.4850000e+03
  -1.3954471e-02   4.5000000e+03
