  -5.3493935e-03   0.0000000e+00
  -5.3490587e-03   1.5000000e+01
  -5.3482498e-03   3.0000000e+01
  -5.3476100e-03   4.5000000e+01
  -5.3478726e-03   6.0000000e+01
  -5.3495103e-03   7.5000000e+01
  -5.3525800e-03   9.0000000e+01
  -5.3568683e-03   1.0500000e+02
  -5.3623011e-03   1.2000000e+02
  -5.3692157e-03   1.3500000e+02
  -5.3779944e-03   1.5000000e+02
  -5.3886627e-03   1.6500000e+02
  -5.4012048e-03   1.8000000e+02
  -5.4155560e-03   1.9500000e+02
  -5.4311072e-03   2.1000000e+02
  -5.4471525e-03   2.2500000e+02
  -5.4638130e-03   2.4000000e+02
  -5.4819584e-03   2.5500000e+02
  -5.5022347e-03   2.7000000e+02
  -5.5242633e-03   2.8500000e+02
  -5.5468781e-03   3.0000000e+02
  -5.5692103e-03   3.1500000e+02
  -5.5915113e-03   3.3000000e+02
  -5.6149340e-03   3.4500000e+02
  -5.6404602e-03   3.6000000e+02
  -5.6678853e-03   3.7500000e+02
  -5.6962711e-03   3.9000000e+02
  -5.7256012e-03   4.0500000e+02
  -5.7565067e-03   4.2000000e+02
  -5.7874611e-03   4.3500000e+02
  -5.8146170e-03   4.5000000e+02
  -5.8360752e-03   4.6500000e+02
  -5.8539519e-03   4.8000000e+02
  -5.8711590e-03   4.9500000e+02
  -5.8889701e-03   5.1000000e+02
  -5.9085055e-03   5.2500000e+02
  -5.9316992e-03   5.4000000e+02
  -5.9593553e-03   5.5500000e+02
  -5.9902039e-03   5.7000000e+02
  -6.0233241e-03   5.8500000e+02
  -6.0592778e-03   6.0000000e+02
  -6.0971864e-03   6.1500000e+02
  -6.1339904e-03   6.3000000e+02
  -6.1686202e-03   6.4500000e+02
  -6.2031816e-03   6.6000000e+02
  -6.2392703e-03   6.7500000e+02
  -6.2771947e-03   6.9000000e+02
  -6.3179028e-03   7.0500000e+02
  -6.3620065e-03   7.2000000e+02
  -6.4085373e-03   7.3500000e+02
  -6.4564375e-03   7.5000000e+02
  -6.5052332e-03   7.6500000e+02
  -6.5546003e-03   7.8000000e+02
  -6.6051167e-03   7.9500000e+02
  -6.6583087e-03   8.1000000e+02
  -6.7151650e-03   8.2500000e+02
  -6.7756604e-03   8.4000000e+02
  -6.8394979e-03   8.5500000e+02
  -6.9065783e-03   8.7000000e+02
  -6.9774212e-03   8.8500000e+02
  -7.0530614e-03   9.0000000e+02
  -7.1339095e-03   9.1500000e+02
  -7.2196098e-03   9.3000000e+02
  -7.3103029e-03   9.4500000e+02
  -7.4070045e-03   9.6000000e+02
  -7.5108861e-03   9.7500000e+02
  -7.6225344e-03   9.9000000e+02
  -7.7416776e-03   1.0050000e+03
  -7.8680366e-03   1.0200000e+03
  -8.0022514e-03   1.0350000e+03
  -8.1452411e-03   1.0500000e+03
  -8.2973205e-03   1.0650000e+03
  -8.4585864e-03   1.0800000e+03
  -8.6295009e-03   1.0950000e+03
  -8.8104801e-03   1.1100000e+03
  -9.0009375e-03   1.1250000e+03
  -9.1990242e-03   1.1400000e+03
  -9.4026579e-03   1.1550000e+03
  -9.6108476e-03   1.1700000e+03
  -9.8237293e-03   1.1850000e+03
  -1.0040664e-02   1.2000000e+03
  -1.0257073e-02   1.2150000e+03
  -1.0461563e-02   1.2300000e+03
  -1.0634136e-02   1.2450000e+03
  -1.0744445e-02   1.2600000e+03
  -1.0748332e-02   1.2750000e+03
  -1.0581014e-02   1.2900000e+03
  -1.0144521e-02   1.3050000e+03
  -9.2849946e-03   1.3200000e+03
  -7.7546840e-03   1.3350000e+03
  -5.1557701e-03   1.3500000e+03
  -8.6900929e-04   1.3650000e+03
   6.0186577e-03   1.3800000e+03
   1.6754316e-02   1.3950000e+03
   3.2867361e-02   1.4100000e+03
   5.5942584e-02   1.4250000e+03
   8.7139614e-02   1.4400000e+03
   1.2644905e-01   1.4550000e+03
   1.7182738e-01   1.4700000e+03
   2.1855494e-01   1.4850000e+03
   2.5930551e-01   1.5000000e+03
   2.8534949e-01   1.5150000e+03
   2.8892100e-01   1.5300000e+03
   2.6612255e-01   1.5450000e+03
   2.1913107e-01   1.5600000e+03
   1.5638398e-01   1.5750000e+03
   9.0170205e-02   1.5900000e+03
   3.2415267e-02   1.6050000e+03
  -9.3739387e-03   1.6200000e+03
  -3.3950325e-02   1.6350000e+03
  -4.5155767e-02   1.6500000e+03
  -4.8763372e-02   1.6650000e+03
  -4.9436133e-02   1.6800000e+03
  -4.9461275e-02   1.6950000e+03
  -4.9405959e-02   1.7100000e+03
  -4.9519446e-02   1.7250000e+03
  -5.0510250e-02   1.7400000e+03
  -5.3134501e-02   1.7550000e+03
  -5.7033986e-02   1.7700000e+03
  -5.9810787e-02   1.7850000e+03
  -5.7268281e-02   1.8000000e+03
  -4.5155510e-02   1.8150000e+03
  -2.1784775e-02   1.8300000e+03
   9.9375118e-03   1.8450000e+03
   4.2452544e-02   1.8600000e+03
   6.5687820e-02   1.8750000e+03
   7.0308834e-02   1.8900000e+03
   5.0738778e-02   1.9050000e+03
   7.3633036e-03   1.9200000e+03
  -5.2145276e-02   1.9350000e+03
  -1.1296797e-01   1.9500000e+03
  -1.5598892e-01   1.9650000e+03
  -1.6390581e-01   1.9800000e+03
  -1.2898523e-01   1.9950000e+03
  -5.8808692e-02   2.0100000e+03
   2.3825839e-02   2.0250000e+03
   8.8527068e-02   2.0400000e+03
   1.1042378e-01   2.0550000e+03
   8.3031550e-02   2.0700000e+03
   2.3590228e-02   2.0850000e+03
  -3.3870418e-02   2.1000000e+03
  -5.5951159e-02   2.1150000e+03
  -2.8789764e-02   2.1300000e+03
   3.3351537e-02   2.1450000e+03
   9.6732683e-02   2.1600000e+03
   1.3003118e-01   2.1750000e+03
   1.2534131e-01   2.1900000e+03
   1.0272157e-01   2.2050000e+03
   9.3230724e-02   2.2200000e+03
   1.1186809e-01   2.2350000e+03
   1.4163798e-01   2.2500000e+03
   1.4328377e-01   2.2650000e+03
   8.5104354e-02   2.2800000e+03
  -3.0241614e-02   2.2950000e+03
  -1.6367547e-01   2.3100000e+03
  -2.6351729e-01   2.3250000e+03
  -2.9473728e-01   2.3400000e+03
  -2.5108707e-01   2.3550000e+03
  -1.4655666e-01   2.3700000e+03
  -2.4831265e-03   2.3850000e+03
   1.5386604e-01   2.4000000e+03
   2.8289428e-01   2.4150000e+03
   3.3697072e-01   2.4300000e+03
   2.8468481e-01   2.4450000e+03
   1.3918546e-01   2.4600000e+03
  -3.7828688e-02   2.4750000e+03
  -1.6781235e-01   2.4900000e+03
  -2.0214878e-01   2.5050000e+03
  -1.4830843e-01   2.5200000e+03
  -5.6654990e-02   2.5350000e+03
   1.8453907e-02   2.5500000e+03
   5.1604025e-02   2.5650000e+03
   5.1417954e-02   2.5800000e+03
   4.0993676e-02   2.5950000e+03
   3.4455966e-02   2.6100000e+03
   2.8439650e-02   2.6250000e+03
   1.1501901e-02   2.6400000e+03
  -2.0374417e-02   2.6550000e+03
  -5.6802515e-02   2.6700000e+03
  -7.9878718e-02   2.6850000e+03
  -7.8057148e-02   2.7000000e+03
  -5.4956388e-02   2.7150000e+03
  -2.6123563e-02   2.7300000e+03
  -7.1039023e-03   2.7450000e+03
  -3.0882650e-03   2.7600000e+03
  -8.2896324e-03   2.7750000e+03
  -1.3948040e-02   2.7900000e+03
  -1.6163457e-02   2.8050000e+03
  -1.6419126e-02   2.8200000e+03
  -1.6707623e-02   2.8350000e+03
  -1.6792601e-02   2.8500000e+03
  -1.6547101e-02   2.8650000e+03
  -1.8209111e-02   2.8800000e+03
  -2.3498347e-02   2.8950000e+03
  -2.8946068e-02   2.9100000e+03
  -2.7100954e-02   2.9250000e+03
  -1.4249424e-02   2.9400000e+03
   4.0162872e-03   2.9550000e+03
   1.6574979e-02   2.9700000e+03
   1.6234828e-02   2.9850000e+03
   4.9393713e-03   3.0000000e+03
  -9.5033078e-03   3.0150000e+03
  -2.0010835e-02   3.0300000e+03
  -2.3488035e-02   3.0450000e+03
  -2.0208640e-02   3.0600000e+03
  -1.2833307e-02   3.0750000e+03
  -6.0551669e-03   3.0900000e+03
  -4.5333393e-03   3.1050000e+03
  -8.8972077e-03   3.1200000e+03
  -1.4141992e-02   3.1350000e+03
  -1.3811729e-02   3.1500000e+03
  -6.4870962e-03   3.1650000e+03
   2.7639891e-03   3.1800000e+03
   7.9138158e-03   3.1950000e+03
   7.9881651e-03   3.2100000e+03
   6.7273020e-03   3.2250000e+03
   7.3585254e-03   3.2400000e+03
   9.6652349e-03   3.2550000e+03
   1.2273242e-02   3.2700000e+03
   1.5539378e-02   3.2850000e+03
   2.0422254e-02   3.3000000e+03
   2.5525915e-02   3.3150000e+03
   2.7554411e-02   3.3300000e+03
   2.5203662e-02   3.3450000e+03
   2.1045407e-02   3.3600000e+03
   1.8532984e-02   3.3750000e+03
   1.8165197e-02   3.3900000e+03
   1.7947637e-02   3.4050000e+03
   1.6992869e-02   3.4200000e+03
   1.6656158e-02   3.4350000e+03
   1.7510384e-02   3.4500000e+03
   1.6902948e-02   3.4650000e+03
   1.1206736e-02   3.4800000e+03
  -1.4884154e-05   3.4950000e+03
  -1.3719542e-02   3.5100000e+03
  -2.7347991e-02   3.5250000e+03
  -4.1390203e-02   3.5400000e+03
  -5.6993376e-02   3.5550000e+03
  -7.2128110e-02   3.5700000e+03
  -8.1760213e-02   3.5850000e+03
  -8.1890486e-02   3.6000000e+03
  -7.2465077e-02   3.6150000e+03
  -5.6393821e-02   3.6300000e+03
  -3.7120614e-02   3.6450000e+03
  -1.7911401e-02   3.6600000e+03
  -2.3228594e-03   3.6750000e+03
   6.5950761e-03   3.6900000e+03
   8.3704172e-03   3.7050000e+03
   5.8332002e-03   3.7200000e+03
   3.0590163e-03   3.7350000e+03
   2.3680152e-03   3.7500000e+03
   3.1801895e-03   3.7650000e+03
   3.2524150e-03   3.7800000e+03
   5.0074648e-04   3.7950000e+03
  -6.0810708e-03   3.8100000e+03
  -1.6089221e-02   3.8250000e+03
  -2.7221216e-02   3.8400000e+03
  -3.5237793e-02   3.8550000e+03
  -3.5534006e-02   3.8700000e+03
  -2.5786322e-02   3.8850000e+03
  -7.4739163e-03   3.9000000e+03
   1.4893776e-02   3.9150000e+03
   3.5594929e-02   3.9300000e+03
   4.9025301e-02   3.9450000e+03
   5.0931878e-02   3.9600000e+03
   4.0505689e-02   3.9750000e+03
   2.2230612e-02   3.9900000e+03
   5.0650616e-03   4.0050000e+03
  -1.4825041e-03   4.0200000e+03
   8.0178902e-03   4.0350000e+03
   3.2165181e-02   4.0500000e+03
   6.2626265e-02   4.0650000e+03
   8.6552188e-02   4.0800000e+03
   9.1360889e-02   4.0950000e+03
   7.0565797e-02   4.1100000e+03
   2.7560646e-02   4.1250000e+03
  -2.5239756e-02   4.1400000e+03
  -7.1457341e-02   4.1550000e+03
  -9.7108275e-02   4.1700000e+03
  -9.5527373e-02   4.1850000e+03
  -6.9478095e-02   4.2000000e+03
  -2.9860290e-02   4.2150000e+03
   8.7907612e-03   4.2300000e+03
   3.4253538e-02   4.2450000e+03
   4.1125655e-02   4.2600000e+03
   3.1823516e-02   4.2750000e+03
   1.4136702e-02   4.2900000e+03
  -3.0537655e-03   4.3050000e+03
  -1.3893482e-02   4.3200000e+03
  -1.7689999e-02   4.3350000e+03
  -1.7977547e-02   4.3500000e+03
  -1.9095803e-02   4.3650000e+03
  -2.2688238e-02   4.3800000e+03
  -2.6735025e-02   4.3950000e+03
  -2.7768912e-02   4.4100000e+03
  -2.4356566e-02   4.4250000e+03
  -1.8911425e-02   4.4400000e+03
  -1.6196387e-02   4.4550000e+03
  -1.9474899e-02   4.4700000e+03
  -2.7294913e-02   4.4850000e+03
  -3.3736985e-02   4.5000000e+03
