  -4.3317094e-03   0.0000000e+00
  -4.3314518e-03   1.5000000e+01
  -4.3308199e-03   3.0000000e+01
  -4.3303249e-03   4.5000000e+01
  -4.3306244e-03   6.0000000e+01
  -4.3321894e-03   7.5000000e+01
  -4.3350216e-03   9.0000000e+01
  -4.3388088e-03   1.0500000e+02
  -4.3433979e-03   1.2000000e+02
  -4.3491218e-03   1.3500000e+02
  -4.3564956e-03   1.5000000e+02
  -4.3657045e-03   1.6500000e+02
  -4.3767560e-03   1.8000000e+02
  -4.3896539e-03   1.9500000e+02
  -4.4041518e-03   2.1000000e+02
  -4.4199363e-03   2.2500000e+02
  -4.4370680e-03   2.4000000e+02
  -4.4558011e-03   2.5500000e+02
  -4.4761337e-03   2.7000000e+02
  -4.4976859e-03   2.8500000e+02
  -4.5199525e-03   3.0000000e+02
  -4.5426632e-03   3.1500000e+02
  -4.5658960e-03   3.3000000e+02
  -4.5898617e-03   3.4500000e+02
  -4.6144505e-03   3.6000000e+02
  -4.6388917e-03   3.7500000e+02
  -4.6623810e-03   3.9000000e+02
  -4.6852827e-03   4.0500000e+02
  -4.7085294e-03   4.2000000e+02
  -4.7310581e-03   4.3500000e+02
  -4.7495696e-03   4.5000000e+02
  -4.7620833e-03   4.6500000e+02
  -4.7699884e-03   4.8000000e+02
  -4.7758617e-03   4.9500000e+02
  -4.7812853e-03   5.1000000e+02
  -4.7873077e-03   5.2500000e+02
  -4.7950107e-03   5.4000000e+02
  -4.8044901e-03   5.5500000e+02
  -4.8144590e-03   5.7000000e+02
  -4.8240433e-03   5.8500000e+02
  -4.8337425e-03   6.0000000e+02
  -4.8432495e-03   6.1500000e+02
  -4.8504886e-03   6.3000000e+02
  -4.8545734e-03   6.4500000e+02
  -4.8570707e-03   6.6000000e+02
  -4.8593227e-03   6.7500000e+02
  -4.8614494e-03   6.9000000e+02
  -4.8638335e-03   7.0500000e+02
  -4.8668873e-03   7.2000000e+02
  -4.8701819e-03   7.3500000e+02
  -4.8731095e-03   7.5000000e+02
  -4.8752339e-03   7.6500000e+02
  -4.8761754e-03   7.8000000e+02
  -4.8761736e-03   7.9500000e+02
  -4.8759170e-03   8.1000000e+02
  -4.8755095e-03   8.2500000e+02
  -4.8744977e-03   8.4000000e+02
  -4.8726304e-03   8.5500000e+02
  -4.8700506e-03   8.7000000e+02
  -4.8671784e-03   8.8500000e+02
  -4.8643430e-03   9.0000000e+02
  -4.8612310e-03   9.1500000e+02
  -4.8572011e-03   9.3000000e+02
  -4.8519978e-03   9.4500000e+02
  -4.8455475e-03   9.6000000e+02
  -4.8375060e-03   9.7500000e+02
  -4.8271245e-03   9.9000000e+02
  -4.8132525e-03   1.0050000e+03
  -4.7950204e-03   1.0200000e+03
  -4.7725271e-03   1.0350000e+03
  -4.7460310e-03   1.0500000e+03
  -4.7149952e-03   1.0650000e+03
  -4.6784072e-03   1.0800000e+03
  -4.6352083e-03   1.0950000e+03
  -4.5841555e-03   1.1100000e+03
  -4.5236824e-03   1.1250000e+03
  -4.4519817e-03   1.1400000e+03
  -4.3671620e-03   1.1550000e+03
  -4.2671929e-03   1.1700000e+03
  -4.1496633e-03   1.1850000e+03
  -4.0113954e-03   1.2000000e+03
  -3.8477727e-03   1.2150000e+03
  -3.6520555e-03   1.2300000e+03
  -3.4152030e-03   1.2450000e+03
  -3.1260792e-03   1.2600000e+03
  -2.7718081e-03   1.2750000e+03
  -2.3381505e-03   1.2900000e+03
  -1.8097117e-03   1.3050000e+03
  -1.1693460e-03   1.3200000e+03
  -3.9652240e-04   1.3350000e+03
   5.3471222e-04   1.3500000e+03
   1.6575645e-03   1.3650000e+03
   3.0142320e-03   1.3800000e+03
   4.6582180e-03   1.3950000e+03
   6.6578286e-03   1.4100000e+03
   9.1007268e-03   1.4250000e+03
   1.2098068e-02   1.4400000e+03
   1.5786342e-02   1.4550000e+03
   2.0326801e-02   1.4700000e+03
   2.5903946e-02   1.4850000e+03
   3.2723367e-02   1.5000000e+03
   4.1006092e-02   1.5150000e+03
   5.0975289e-02   1.5300000e+03
   6.2832415e-02   1.5450000e+03
   7.6722033e-02   1.5600000e+03
   9.2686549e-02   1.5750000e+03
   1.1061526e-01   1.5900000e+03
   1.3019602e-01   1.6050000e+03
   1.5088235e-01   1.6200000e+03
   1.7189097e-01   1.6350000e+03
   1.9224189e-01   1.6500000e+03
   2.1084395e-01   1.6650000e+03
   2.2661540e-01   1.6800000e+03
   2.3861445e-01   1.6950000e+03
   2.4614820e-01   1.7100000e+03
   2.4883448e-01   1.7250000e+03
   2.4661154e-01   1.7400000e+03
   2.3971094e-01   1.7550000e+03
   2.2861595e-01   1.7700000e+03
   2.1401626e-01   1.7850000e+03
   1.9675250e-01   1.8000000e+03
   1.7774114e-01   1.8150000e+03
   1.5788265e-01   1.8300000e+03
   1.3797361e-01   1.8450000e+03
   1.1864582e-01   1.8600000e+03
   1.0034633e-01   1.8750000e+03
   8.3357692e-02   1.8900000e+03
   6.7847639e-02   1.9050000e+03
   5.3927731e-02   1.9200000e+03
   4.1694276e-02   1.9350000e+03
   3.1230120e-02   1.9500000e+03
   2.2566976e-02   1.9650000e+03
   1.5634134e-02   1.9800000e+03
   1.0227623e-02   1.9950000e+03
   6.0180370e-03   2.0100000e+03
   2.5912407e-03   2.0250000e+03
  -4.9314683e-04   2.0400000e+03
  -3.6340507e-03   2.0550000e+03
  -7.1165590e-03   2.0700000e+03
  -1.1049240e-02   2.0850000e+03
  -1.5336692e-02   2.1000000e+03
  -1.9705353e-02   2.1150000e+03
  -2.3775190e-02   2.1300000e+03
  -2.7148157e-02   2.1450000e+03
  -2.9483782e-02   2.1600000e+03
  -3.0546969e-02   2.1750000e+03
  -3.0224163e-02   2.1900000e+03
  -2.8506709e-02   2.2050000e+03
  -2.5446890e-02   2.2200000e+03
  -2.1110335e-02   2.2350000e+03
  -1.5560597e-02   2.2500000e+03
  -8.8920612e-03   2.2650000e+03
  -1.2803979e-03   2.2800000e+03
   7.0106187e-03   2.2950000e+03
   1.5697859e-02   2.3100000e+03
   2.4577798e-02   2.3250000e+03
   3.3554655e-02   2.3400000e+03
   4.2528994e-02   2.3550000e+03
   5.1190659e-02   2.3700000e+03
   5.8864869e-02   2.3850000e+03
   6.4562552e-02   2.4000000e+03
   6.7266904e-02   2.4150000e+03
   6.6328540e-02   2.4300000e+03
   6.1759695e-02   2.4450000e+03
   5.4276709e-02   2.4600000e+03
   4.5095496e-02   2.4750000e+03
   3.5615645e-02   2.4900000e+03
   2.7140981e-02   2.5050000e+03
   2.0692864e-02   2.5200000e+03
   1.6885785e-02   2.5350000e+03
   1.5836516e-02   2.5500000e+03
   1.7138859e-02   2.5650000e+03
   1.9956810e-02   2.5800000e+03
   2.3231361e-02   2.5950000e+03
   2.5925152e-02   2.6100000e+03
   2.7221933e-02   2.6250000e+03
   2.6644142e-02   2.6400000e+03
   2.4088673e-02   2.6550000e+03
   1.9788980e-02   2.6700000e+03
   1.4224739e-02   2.6850000e+03
   8.0223363e-03   2.7000000e+03
   1.8727004e-03   2.7150000e+03
  -3.5675804e-03   2.7300000e+03
  -7.8440811e-03   2.7450000e+03
  -1.0902361e-02   2.7600000e+03
  -1.3160566e-02   2.7750000e+03
  -1.5327756e-02   2.7900000e+03
  -1.8036494e-02   2.8050000e+03
  -2.1539181e-02   2.8200000e+03
  -2.5678424e-02   2.8350000e+03
  -3.0107923e-02   2.8500000e+03
  -3.4544807e-02   2.8650000e+03
  -3.8857080e-02   2.8800000e+03
  -4.2977612e-02   2.8950000e+03
  -4.6788283e-02   2.9100000e+03
  -5.0105471e-02   2.9250000e+03
  -5.2768301e-02   2.9400000e+03
  -5.4728840e-02   2.9550000e+03
  -5.6059659e-02   2.9700000e+03
  -5.6890074e-02   2.9850000e+03
  -5.7344291e-02   3.0000000e+03
  -5.7528205e-02   3.0150000e+03
  -5.7548407e-02   3.0300000e+03
  -5.7527345e-02   3.0450000e+03
  -5.7604540e-02   3.0600000e+03
  -5.7930570e-02   3.0750000e+03
  -5.8647987e-02   3.0900000e+03
  -5.9849236e-02   3.1050000e+03
  -6.1527837e-02   3.1200000e+03
  -6.3562289e-02   3.1350000e+03
  -6.5755613e-02   3.1500000e+03
  -6.7908458e-02   3.1650000e+03
  -6.9875680e-02   3.1800000e+03
  -7.1571201e-02   3.1950000e+03
  -7.2928898e-02   3.2100000e+03
  -7.3860362e-02   3.2250000e+03
  -7.4246742e-02   3.2400000e+03
  -7.3969901e-02   3.2550000e+03
  -7.2959296e-02   3.2700000e+03
  -7.1224794e-02   3.2850000e+03
  -6.8857975e-02   3.3000000e+03
  -6.6000804e-02   3.3150000e+03
  -6.2797293e-02   3.3300000e+03
  -5.9355453e-02   3.3450000e+03
  -5.5740960e-02   3.3600000e+03
  -5.1998489e-02   3.3750000e+03
  -4.8174661e-02   3.3900000e+03
  -4.4320129e-02   3.4050000e+03
  -4.0473327e-02   3.4200000e+03
  -3.6646996e-02   3.4350000e+03
  -3.2834228e-02   3.4500000e+03
  -2.9032039e-02   3.4650000e+03
  -2.5265705e-02   3.4800000e+03
  -2.1596685e-02   3.4950000e+03
  -1.8109336e-02   3.5100000e+03
  -1.4888730e-02   3.5250000e+03
  -1.2010382e-02   3.5400000e+03
  -9.5535601e-03   3.5550000e+03
  -7.6282262e-03   3.5700000e+03
  -6.3908910e-03   3.5850000e+03
  -6.0311034e-03   3.6000000e+03
  -6.7319134e-03   3.6150000e+03
  -8.6236047e-03   3.6300000e+03
  -1.1747634e-02   3.6450000e+03
  -1.6035477e-02   3.6600000e+03
  -2.1301333e-02   3.6750000e+03
  -2.7251249e-02   3.6900000e+03
  -3.3511668e-02   3.7050000e+03
  -3.9671142e-02   3.7200000e+03
  -4.5322161e-02   3.7350000e+03
  -5.0097868e-02   3.7500000e+03
  -5.3710099e-02   3.7650000e+03
  -5.5990122e-02   3.7800000e+03
  -5.6914788e-02   3.7950000e+03
  -5.6597624e-02   3.8100000e+03
  -5.5248667e-02   3.8250000e+03
  -5.3130563e-02   3.8400000e+03
  -5.0530668e-02   3.8550000e+03
  -4.7740676e-02   3.8700000e+03
  -4.5025859e-02   3.8850000e+03
  -4.2586535e-02   3.9000000e+03
  -4.0533144e-02   3.9150000e+03
  -3.8885638e-02   3.9300000e+03
  -3.7583385e-02   3.9450000e+03
  -3.6488194e-02   3.9600000e+03
  -3.5384037e-02   3.9750000e+03
  -3.3991858e-02   3.9900000e+03
  -3.2006375e-02   4.0050000e+03
  -2.9142067e-02   4.0200000e+03
  -2.5174672e-02   4.0350000e+03
  -1.9979075e-02   4.0500000e+03
  -1.3567641e-02   4.0650000e+03
  -6.1162119e-03   4.0800000e+03
   2.0465930e-03   4.0950000e+03
   1.0494043e-02   4.1100000e+03
   1.8776270e-02   4.1250000e+03
   2.6481986e-02   4.1400000e+03
   3.3273704e-02   4.1550000e+03
   3.8905390e-02   4.1700000e+03
   4.3231048e-02   4.1850000e+03
   4.6199258e-02   4.2000000e+03
   4.7829214e-02   4.2150000e+03
   4.8180342e-02   4.2300000e+03
   4.7336712e-02   4.2450000e+03
   4.5412891e-02   4.2600000e+03
   4.2566296e-02   4.2750000e+03
   3.8997278e-02   4.2900000e+03
   3.4934290e-02   4.3050000e+03
   3.0615268e-02   4.3200000e+03
   2.6272772e-02   4.3350000e+03
   2.2118323e-02   4.3500000e+03
   1.8319817e-02   4.3650000e+03
   1.4976804e-02   4.3800000e+03
   1.2107759e-02   4.3950000e+03
   9.6600633e-03   4.4100000e+03
   7.5413673e-03   4.4250000e+03
   5.6607211e-03   4.4400000e+03
   3.9638472e-03   4.4550000e+03
   2.4485043e-03   4.4700000e+03
   1.1538565e-03   4.4850000e+03
   1.3132421e-04   4.5000000e+03
