   9.7907279e-03   0.0000000e+00
   9.7906180e-03   1.5000000e+01
   9.7894222e-03   3.0000000e+01
   9.7858869e-03   4.5000000e+01
   9.7800894e-03   6.0000000e+01
   9.7721601e-03   7.5000000e+01
   9.7621558e-03   9.0000000e+01
   9.7513860e-03   1.0500000e+02
   9.7407885e-03   1.2000000e+02
   9.7288955e-03   1.3500000e+02
   9.7140335e-03   1.5000000e+02
   9.6964482e-03   1.6500000e+02
   9.6765524e-03   1.8000000e+02
   9.6536633e-03   1.9500000e+02
   9.6272929e-03   2.1000000e+02
   9.5977997e-03   2.2500000e+02
   9.5659262e-03   2.4000000e+02
   9.5323110e-03   2.5500000e+02
   9.4968388e-03   2.7000000e+02
   9.4585102e-03   2.8500000e+02
   9.4163241e-03   3.0000000e+02
   9.3699545e-03   3.1500000e+02
   9.3193352e-03   3.3000000e+02
   9.2640007e-03   3.4500000e+02
   9.2037814e-03   3.6000000e+02
   9.1398479e-03   3.7500000e+02
   9.0735462e-03   3.9000000e+02
   9.0043899e-03   4.0500000e+02
   8.9292601e-03   4.2000000e+02
   8.8427113e-03   4.3500000e+02
   8.7387748e-03   4.5000000e+02
   8.6113503e-03   4.6500000e+02
   8.4474375e-03   4.8000000e+02
   8.2159992e-03   4.9500000e+02
   7.8651821e-03   5.1000000e+02
   7.3403786e-03   5.2500000e+02
   6.6262647e-03   5.4000000e+02
   5.7971990e-03   5.5500000e+02
   5.0354167e-03   5.7000000e+02
   4.5683309e-03   5.8500000e+02
   4.5216079e-03   6.0000000e+02
   4.7813589e-03   6.1500000e+02
   5.0147972e-03   6.3000000e+02
   4.9008043e-03   6.4500000e+02
   4.4019986e-03   6.6000000e+02
   3.7968885e-03   6.7500000e+02
   3.3904221e-03   6.9000000e+02
   3.1908473e-03   7.0500000e+02
   2.9304542e-03   7.2000000e+02
   2.4192503e-03   7.3500000e+02
   1.7916855e-03   7.5000000e+02
   1.3273360e-03   7.6500000e+02
   1.0932942e-03   7.8000000e+02
   8.9819200e-04   7.9500000e+02
   5.9056195e-04   8.1000000e+02
   2.3227731e-04   8.2500000e+02
  -9.7621974e-05   8.4000000e+02
  -5.0561526e-04   8.5500000e+02
  -1.1279333e-03   8.7000000e+02
  -1.8773822e-03   8.8500000e+02
  -2.5458147e-03   9.0000000e+02
  -3.0979309e-03   9.1500000e+02
  -3.5993040e-03   9.3000000e+02
  -3.7493806e-03   9.4500000e+02
  -2.5122068e-03   9.6000000e+02
   2.1076903e-03   9.7500000e+02
   1.3751882e-02   9.9000000e+02
   3.9145879e-02   1.0050000e+03
   8.9665361e-02   1.0200000e+03
   1.8186219e-01   1.0350000e+03
   3.3528095e-01   1.0500000e+03
   5.6501901e-01   1.0650000e+03
   8.6683840e-01   1.0800000e+03
   1.1966712e+00   1.0950000e+03
   1.4542037e+00   1.1100000e+03
   1.4881850e+00   1.1250000e+03
   1.1417403e+00   1.1400000e+03
   3.4019360e-01   1.1550000e+03
  -8.1057161e-01   1.1700000e+03
  -1.9836955e+00   1.1850000e+03
  -2.7194724e+00   1.2000000e+03
  -2.6492443e+00   1.2150000e+03
  -1.7490931e+00   1.2300000e+03
  -4.3619096e-01   1.2450000e+03
   6.2639046e-01   1.2600000e+03
   9.4518238e-01   1.2750000e+03
   5.4124296e-01   1.2900000e+03
  -7.8804314e-02   1.3050000e+03
  -3.4645975e-01   1.3200000e+03
  -1.0120914e-01   1.3350000e+03
   3.2560596e-01   1.3500000e+03
   4.9168018e-01   1.3650000e+03
   2.9390863e-01   1.3800000e+03
   1.6420439e-02   1.3950000e+03
  -4.4085402e-02   1.4100000e+03
   8.6260557e-02   1.4250000e+03
   1.5334840e-01   1.4400000e+03
   3.8014702e-02   1.4550000e+03
  -1.0701390e-01   1.4700000e+03
  -1.0853443e-01   1.4850000e+03
  -2.9252630e-02   1.5000000e+03
  -5.2780375e-02   1.5150000e+03
  -1.7798720e-01   1.5300000e+03
  -1.9668508e-01   1.5450000e+03
  -6.2153568e-03   1.5600000e+03
   2.0982306e-01   1.5750000e+03
   2.1737231e-01   1.5900000e+03
   4.3263670e-02   1.6050000e+03
  -9.1306396e-02   1.6200000e+03
  -9.0790994e-02   1.6350000e+03
  -6.8316214e-02   1.6500000e+03
  -1.0806841e-01   1.6650000e+03
  -1.2676129e-01   1.6800000e+03
  -4.5895666e-02   1.6950000e+03
   5.0879188e-02   1.7100000e+03
   5.5464957e-02   1.7250000e+03
   2.1069493e-02   1.7400000e+03
   6.4366341e-02   1.7550000e+03
   1.5341619e-01   1.7700000e+03
   1.5481408e-01   1.7850000e+03
   6.1088659e-02   1.8000000e+03
   5.5818483e-03   1.8150000e+03
   4.4138402e-02   1.8300000e+03
   8.0357432e-02   1.8450000e+03
   4.5598023e-02   1.8600000e+03
   7.1896808e-03   1.8750000e+03
   3.3036884e-02   1.8900000e+03
   7.3675662e-02   1.9050000e+03
   5.9320565e-02   1.9200000e+03
   1.2342599e-02   1.9350000e+03
  -1.9528434e-02   1.9500000e+03
  -5.3223349e-02   1.9650000e+03
  -1.0733529e-01   1.9800000e+03
  -1.2557547e-01   1.9950000e+03
  -5.3636879e-02   2.0100000e+03
   6.4137250e-02   2.0250000e+03
   1.4364313e-01   2.0400000e+03
   1.6485898e-01   2.0550000e+03
   1.4778501e-01   2.0700000e+03
   8.3114520e-02   2.0850000e+03
  -3.4352031e-02   2.1000000e+03
  -1.4842859e-01   2.1150000e+03
  -1.9186698e-01   2.1300000e+03
  -1.6002080e-01   2.1450000e+03
  -7.8861244e-02   2.1600000e+03
   5.1525991e-02   2.1750000e+03
   2.1528579e-01   2.1900000e+03
   3.2641932e-01   2.2050000e+03
   2.9279163e-01   2.2200000e+03
   1.1990485e-01   2.2350000e+03
  -9.7163863e-02   2.2500000e+03
  -2.6250342e-01   2.2650000e+03
  -3.2180694e-01   2.2800000e+03
  -2.5514665e-01   2.2950000e+03
  -8.8925421e-02   2.3100000e+03
   9.3224652e-02   2.3250000e+03
   1.9649059e-01   2.3400000e+03
   1.8191852e-01   2.3550000e+03
   8.1440434e-02   2.3700000e+03
  -3.7959602e-02   2.3850000e+03
  -1.1586397e-01   2.4000000e+03
  -1.2727171e-01   2.4150000e+03
  -9.0833217e-02   2.4300000e+03
  -4.4776022e-02   2.4450000e+03
  -1.1701971e-02   2.4600000e+03
   7.2945212e-03   2.4750000e+03
   1.3564342e-02   2.4900000e+03
   5.9759752e-03   2.5050000e+03
  -6.6288072e-03   2.5200000e+03
  -7.2082877e-03   2.5350000e+03
   9.9997092e-03   2.5500000e+03
   3.1525221e-02   2.5650000e+03
   3.8244475e-02   2.5800000e+03
   2.1223659e-02   2.5950000e+03
  -1.3319517e-02   2.6100000e+03
  -4.7054179e-02   2.6250000e+03
  -5.8913078e-02   2.6400000e+03
  -3.9473876e-02   2.6550000e+03
   9.0146693e-04   2.6700000e+03
   3.9671682e-02   2.6850000e+03
   5.8219720e-02   2.7000000e+03
   5.2057274e-02   2.7150000e+03
   2.9855644e-02   2.7300000e+03
   4.8475303e-03   2.7450000e+03
  -1.4994266e-02   2.7600000e+03
  -3.0206418e-02   2.7750000e+03
  -4.3539342e-02   2.7900000e+03
  -5.2472100e-02   2.8050000e+03
  -5.0851725e-02   2.8200000e+03
  -3.6895473e-02   2.8350000e+03
  -1.5671453e-02   2.8500000e+03
   7.2498894e-03   2.8650000e+03
   3.1396732e-02   2.8800000e+03
   5.8204271e-02   2.8950000e+03
   8.3856590e-02   2.9100000e+03
   9.8700389e-02   2.9250000e+03
   9.4770312e-02   2.9400000e+03
   7.2434098e-02   2.9550000e+03
   3.9405707e-02   2.9700000e+03
   5.2105384e-03   2.9850000e+03
  -2.2884101e-02   3.0000000e+03
  -4.1184116e-02   3.0150000e+03
  -4.9347922e-02   3.0300000e+03
  -4.8847433e-02   3.0450000e+03
  -4.1311130e-02   3.0600000e+03
  -2.9019527e-02   3.0750000e+03
  -1.6503375e-02   3.0900000e+03
  -9.3490416e-03   3.1050000e+03
  -1.0017855e-02   3.1200000e+03
  -1.5496908e-02   3.1350000e+03
  -1.9899504e-02   3.1500000e+03
  -1.9379884e-02   3.1650000e+03
  -1.4744562e-02   3.1800000e+03
  -1.0050140e-02   3.1950000e+03
  -8.9497101e-03   3.2100000e+03
  -1.1833915e-02   3.2250000e+03
  -1.5694750e-02   3.2400000e+03
  -1.6243944e-02   3.2550000e+03
  -1.0418862e-02   3.2700000e+03
   1.9643509e-03   3.2850000e+03
   1.7727584e-02   3.3000000e+03
   3.1331826e-02   3.3150000e+03
   3.7328377e-02   3.3300000e+03
   3.3010367e-02   3.3450000e+03
   1.9607423e-02   3.3600000e+03
   1.4441379e-03   3.3750000e+03
  -1.6269045e-02   3.3900000e+03
  -2.9669633e-02   3.4050000e+03
  -3.7065893e-02   3.4200000e+03
  -3.8048364e-02   3.4350000e+03
  -3.2472257e-02   3.4500000e+03
  -2.0935154e-02   3.4650000e+03
  -5.9801871e-03   3.4800000e+03
   8.1117637e-03   3.4950000e+03
   1.7228287e-02   3.5100000e+03
   1.9185891e-02   3.5250000e+03
   1.4184387e-02   3.5400000e+03
   4.5199282e-03   3.5550000e+03
  -6.0319151e-03   3.5700000e+03
  -1.3642466e-02   3.5850000e+03
  -1.6314154e-02   3.6000000e+03
  -1.4555078e-02   3.6150000e+03
  -1.0095327e-02   3.6300000e+03
  -4.1178865e-03   3.6450000e+03
   3.1755341e-03   3.6600000e+03
   1.1624169e-02   3.6750000e+03
   2.0096999e-02   3.6900000e+03
   2.6437704e-02   3.7050000e+03
   2.8463211e-02   3.7200000e+03
   2.5279062e-02   3.7350000e+03
   1.7739829e-02   3.7500000e+03
   7.5781802e-03   3.7650000e+03
  -3.7607816e-03   3.7800000e+03
  -1.5258186e-02   3.7950000e+03
  -2.5688145e-02   3.8100000e+03
  -3.3481177e-02   3.8250000e+03
  -3.7239131e-02   3.8400000e+03
  -3.5953134e-02   3.8550000e+03
  -2.8855374e-02   3.8700000e+03
  -1.5844731e-02   3.8850000e+03
   1.5804480e-03   3.9000000e+03
   2.0229192e-02   3.9150000e+03
   3.6388699e-02   3.9300000e+03
   4.6997484e-02   3.9450000e+03
   4.9904581e-02   3.9600000e+03
   4.3860551e-02   3.9750000e+03
   2.8943971e-02   3.9900000e+03
   6.9297035e-03   4.0050000e+03
  -1.9001478e-02   4.0200000e+03
  -4.4832639e-02   4.0350000e+03
  -6.6142239e-02   4.0500000e+03
  -7.8904644e-02   4.0650000e+03
  -8.1021160e-02   4.0800000e+03
  -7.3508859e-02   4.0950000e+03
  -5.9846442e-02   4.1100000e+03
  -4.3647248e-02   4.1250000e+03
  -2.6615834e-02   4.1400000e+03
  -8.4371222e-03   4.1550000e+03
   1.1638392e-02   4.1700000e+03
   3.3037446e-02   4.1850000e+03
   5.3198632e-02   4.2000000e+03
   6.8290412e-02   4.2150000e+03
   7.4856356e-02   4.2300000e+03
   7.1507230e-02   4.2450000e+03
   5.9647422e-02   4.2600000e+03
   4.2707440e-02   4.2750000e+03
   2.4433078e-02   4.2900000e+03
   7.5592613e-03   4.3050000e+03
  -6.2526581e-03   4.3200000e+03
  -1.5683232e-02   4.3350000e+03
  -1.9481467e-02   4.3500000e+03
  -1.7195810e-02   4.3650000e+03
  -1.0102601e-02   4.3800000e+03
  -1.1666232e-03   4.3950000e+03
   6.1404239e-03   4.4100000e+03
   9.3003185e-03   4.4250000e+03
   7.6335240e-03   4.4400000e+03
   2.3775853e-03   4.4550000e+03
  -3.9391499e-03   4.4700000e+03
  -8.6393831e-03   4.4850000e+03
  -1.0075689e-02   4.5000000e+03
