  -4.1810814e-03   0.0000000e+00
  -4.1808430e-03   1.5000000e+01
  -4.1802693e-03   3.0000000e+01
  -4.1798106e-03   4.5000000e+01
  -4.1799024e-03   6.0000000e+01
  -4.1807932e-03   7.5000000e+01
  -4.1825562e-03   9.0000000e+01
  -4.1851657e-03   1.0500000e+02
  -4.1886480e-03   1.2000000e+02
  -4.1931830e-03   1.3500000e+02
  -4.1988804e-03   1.5000000e+02
  -4.2056348e-03   1.6500000e+02
  -4.2134449e-03   1.8000000e+02
  -4.2222594e-03   1.9500000e+02
  -4.2314893e-03   2.1000000e+02
  -4.2404458e-03   2.2500000e+02
  -4.2492067e-03   2.4000000e+02
  -4.2586681e-03   2.5500000e+02
  -4.2696735e-03   2.7000000e+02
  -4.2820913e-03   2.8500000e+02
  -4.2948537e-03   3.0000000e+02
  -4.3070074e-03   3.1500000e+02
  -4.3186648e-03   3.3000000e+02
  -4.3309196e-03   3.4500000e+02
  -4.3449025e-03   3.6000000e+02
  -4.3609249e-03   3.7500000e+02
  -4.3785740e-03   3.9000000e+02
  -4.3976218e-03   4.0500000e+02
  -4.4180527e-03   4.2000000e+02
  -4.4386070e-03   4.3500000e+02
  -4.4568279e-03   4.5000000e+02
  -4.4717235e-03   4.6500000e+02
  -4.4847899e-03   4.8000000e+02
  -4.4977805e-03   4.9500000e+02
  -4.5113219e-03   5.1000000e+02
  -4.5262128e-03   5.2500000e+02
  -4.5440472e-03   5.4000000e+02
  -4.5655943e-03   5.5500000e+02
  -4.5900042e-03   5.7000000e+02
  -4.6165623e-03   5.8500000e+02
  -4.6455492e-03   6.0000000e+02
  -4.6762726e-03   6.1500000e+02
  -4.7066752e-03   6.3000000e+02
  -4.7361399e-03   6.4500000e+02
  -4.7660624e-03   6.6000000e+02
  -4.7972761e-03   6.7500000e+02
  -4.8297551e-03   6.9000000e+02
  -4.8641446e-03   7.0500000e+02
  -4.9010040e-03   7.2000000e+02
  -4.9397903e-03   7.3500000e+02
  -4.9798712e-03   7.5000000e+02
  -5.0210212e-03   7.6500000e+02
  -5.0629978e-03   7.8000000e+02
  -5.1060063e-03   7.9500000e+02
  -5.1509268e-03   8.1000000e+02
  -5.1984307e-03   8.2500000e+02
  -5.2485601e-03   8.4000000e+02
  -5.3011039e-03   8.5500000e+02
  -5.3559076e-03   8.7000000e+02
  -5.4132771e-03   8.8500000e+02
  -5.4740100e-03   9.0000000e+02
  -5.5385190e-03   9.1500000e+02
  -5.6066015e-03   9.3000000e+02
  -5.6784875e-03   9.4500000e+02
  -5.7553113e-03   9.6000000e+02
  -5.8384100e-03   9.7500000e+02
  -5.9285392e-03   9.9000000e+02
  -6.0257139e-03   1.0050000e+03
  -6.1299070e-03   1.0200000e+03
  -6.2417905e-03   1.0350000e+03
  -6.3624424e-03   1.0500000e+03
  -6.4927367e-03   1.0650000e+03
  -6.6333669e-03   1.0800000e+03
  -6.7849709e-03   1.0950000e+03
  -6.9476189e-03   1.1100000e+03
  -7.1200919e-03   1.1250000e+03
  -7.3002176e-03   1.1400000e+03
  -7.4868640e-03   1.1550000e+03
  -7.6821204e-03   1.1700000e+03
  -7.8914147e-03   1.1850000e+03
  -8.1210481e-03   1.2000000e+03
  -8.3751911e-03   1.2150000e+03
  -8.6549250e-03   1.2300000e+03
  -8.9596417e-03   1.2450000e+03
  -9.2885736e-03   1.2600000e+03
  -9.6408837e-03   1.2750000e+03
  -1.0015530e-02   1.2900000e+03
  -1.0412442e-02   1.3050000e+03
  -1.0834260e-02   1.3200000e+03
  -1.1286245e-02   1.3350000e+03
  -1.1773380e-02   1.3500000e+03
  -1.2295252e-02   1.3650000e+03
  -1.2838027e-02   1.3800000e+03
  -1.3359874e-02   1.3950000e+03
  -1.3764123e-02   1.4100000e+03
  -1.3854748e-02   1.4250000e+03
  -1.3271690e-02   1.4400000e+03
  -1.1411572e-02   1.4550000e+03
  -7.3577352e-03   1.4700000e+03
   1.2529518e-04   1.4850000e+03
   1.2445242e-02   1.5000000e+03
   3.0793697e-02   1.5150000e+03
   5.5495597e-02   1.5300000e+03
   8.5237116e-02   1.5450000e+03
   1.1652387e-01   1.5600000e+03
   1.4385612e-01   1.5750000e+03
   1.6098329e-01   1.5900000e+03
   1.6310957e-01   1.6050000e+03
   1.4920852e-01   1.6200000e+03
   1.2312221e-01   1.6350000e+03
   9.2411861e-02   1.6500000e+03
   6.5128453e-02   1.6650000e+03
   4.6156242e-02   1.6800000e+03
   3.5384361e-02   1.6950000e+03
   2.8917247e-02   1.7100000e+03
   2.2380315e-02   1.7250000e+03
   1.3816150e-02   1.7400000e+03
   4.1391025e-03   1.7550000e+03
  -4.7025466e-03   1.7700000e+03
  -1.1804304e-02   1.7850000e+03
  -1.7681461e-02   1.8000000e+03
  -2.2830939e-02   1.8150000e+03
  -2.5997125e-02   1.8300000e+03
  -2.3722352e-02   1.8450000e+03
  -1.1710911e-02   1.8600000e+03
   1.2430547e-02   1.8750000e+03
   4.6106119e-02   1.8900000e+03
   7.9939760e-02   1.9050000e+03
   9.9141389e-02   1.9200000e+03
   8.8621713e-02   1.9350000e+03
   3.9960422e-02   1.9500000e+03
  -4.3163579e-02   1.9650000e+03
  -1.4347184e-01   1.9800000e+03
  -2.3289278e-01   1.9950000e+03
  -2.7942419e-01   2.0100000e+03
  -2.5803354e-01   2.0250000e+03
  -1.6373530e-01   2.0400000e+03
  -2.0732235e-02   2.0550000e+03
   1.2066993e-01   2.0700000e+03
   2.0312035e-01   2.0850000e+03
   1.9089827e-01   2.1000000e+03
   9.3009762e-02   2.1150000e+03
  -3.5139095e-02   2.1300000e+03
  -1.1749363e-01   2.1450000e+03
  -9.9955350e-02   2.1600000e+03
   1.4758077e-02   2.1750000e+03
   1.6482826e-01   2.1900000e+03
   2.6596901e-01   2.2050000e+03
   2.6542488e-01   2.2200000e+03
   1.7532514e-01   2.2350000e+03
   5.8947697e-02   2.2500000e+03
  -2.1355445e-02   2.2650000e+03
  -5.3347602e-02   2.2800000e+03
  -7.9161495e-02   2.2950000e+03
  -1.4872488e-01   2.3100000e+03
  -2.6179653e-01   2.3250000e+03
  -3.5188559e-01   2.3400000e+03
  -3.3133000e-01   2.3550000e+03
  -1.6269812e-01   2.3700000e+03
   1.0297240e-01   2.3850000e+03
   3.5215762e-01   2.4000000e+03
   4.7615361e-01   2.4150000e+03
   4.2843941e-01   2.4300000e+03
   2.3940785e-01   2.4450000e+03
  -6.5100859e-03   2.4600000e+03
  -2.0921606e-01   2.4750000e+03
  -2.9283890e-01   2.4900000e+03
  -2.3919067e-01   2.5050000e+03
  -9.8032050e-02   2.5200000e+03
   4.2860772e-02   2.5350000e+03
   1.1586978e-01   2.5500000e+03
   1.1465374e-01   2.5650000e+03
   8.1746571e-02   2.5800000e+03
   5.8307238e-02   2.5950000e+03
   4.9360968e-02   2.6100000e+03
   3.5193786e-02   2.6250000e+03
   5.2463431e-03   2.6400000e+03
  -2.8088374e-02   2.6550000e+03
  -4.5063127e-02   2.6700000e+03
  -3.7757650e-02   2.6850000e+03
  -1.2723979e-02   2.7000000e+03
   1.6558696e-02   2.7150000e+03
   3.5418764e-02   2.7300000e+03
   3.3590119e-02   2.7450000e+03
   1.3592705e-02   2.7600000e+03
  -8.4691811e-03   2.7750000e+03
  -1.7812265e-02   2.7900000e+03
  -1.7092366e-02   2.8050000e+03
  -2.1812599e-02   2.8200000e+03
  -3.8730323e-02   2.8350000e+03
  -5.5052631e-02   2.8500000e+03
  -5.2503802e-02   2.8650000e+03
  -2.7886787e-02   2.8800000e+03
   4.0793610e-03   2.8950000e+03
   2.5091413e-02   2.9100000e+03
   2.6502408e-02   2.9250000e+03
   1.1754024e-02   2.9400000e+03
  -7.8307325e-03   2.9550000e+03
  -1.9696448e-02   2.9700000e+03
  -1.8736964e-02   2.9850000e+03
  -1.2818314e-02   3.0000000e+03
  -1.6841477e-02   3.0150000e+03
  -3.7629113e-02   3.0300000e+03
  -6.4647570e-02   3.0450000e+03
  -7.7508472e-02   3.0600000e+03
  -6.3608378e-02   3.0750000e+03
  -2.8935276e-02   3.0900000e+03
   7.5705294e-03   3.1050000e+03
   2.9973803e-02   3.1200000e+03
   3.6506467e-02   3.1350000e+03
   3.6116663e-02   3.1500000e+03
   3.5648968e-02   3.1650000e+03
   3.2836802e-02   3.1800000e+03
   2.2682130e-02   3.1950000e+03
   7.3258015e-03   3.2100000e+03
  -4.9603963e-03   3.2250000e+03
  -1.0222909e-02   3.2400000e+03
  -1.3195205e-02   3.2550000e+03
  -1.8773673e-02   3.2700000e+03
  -2.3051130e-02   3.2850000e+03
  -1.7580295e-02   3.3000000e+03
  -1.6312437e-03   3.3150000e+03
   1.4318473e-02   3.3300000e+03
   1.8795207e-02   3.3450000e+03
   1.0655217e-02   3.3600000e+03
  -9.4601384e-04   3.3750000e+03
  -5.8863531e-03   3.3900000e+03
  -9.8782079e-04   3.4050000e+03
   9.5484601e-03   3.4200000e+03
   1.9134773e-02   3.4350000e+03
   2.4091354e-02   3.4500000e+03
   2.5097344e-02   3.4650000e+03
   2.3854580e-02   3.4800000e+03
   1.9077456e-02   3.4950000e+03
   7.7006347e-03   3.5100000e+03
  -9.3534496e-03   3.5250000e+03
  -2.5170790e-02   3.5400000e+03
  -3.3023324e-02   3.5550000e+03
  -3.3118822e-02   3.5700000e+03
  -3.0526241e-02   3.5850000e+03
  -2.7741866e-02   3.6000000e+03
  -2.3342872e-02   3.6150000e+03
  -1.8032027e-02   3.6300000e+03
  -1.7097991e-02   3.6450000e+03
  -2.4154097e-02   3.6600000e+03
  -3.5683669e-02   3.6750000e+03
  -4.5172561e-02   3.6900000e+03
  -5.0490700e-02   3.7050000e+03
  -5.3516641e-02   3.7200000e+03
  -5.4116607e-02   3.7350000e+03
  -4.9452230e-02   3.7500000e+03
  -3.9850004e-02   3.7650000e+03
  -3.0861519e-02   3.7800000e+03
  -2.6910022e-02   3.7950000e+03
  -2.5318820e-02   3.8100000e+03
  -1.9077111e-02   3.8250000e+03
  -4.0864050e-03   3.8400000e+03
   1.8180244e-02   3.8550000e+03
   4.3318704e-02   3.8700000e+03
   6.6153862e-02   3.8850000e+03
   8.0783583e-02   3.9000000e+03
   8.1978843e-02   3.9150000e+03
   6.8517499e-02   3.9300000e+03
   4.4466242e-02   3.9450000e+03
   1.6816724e-02   3.9600000e+03
  -7.0610479e-03   3.9750000e+03
  -1.9823248e-02   3.9900000e+03
  -1.5254346e-02   4.0050000e+03
   7.2109350e-03   4.0200000e+03
   3.7944309e-02   4.0350000e+03
   5.8908399e-02   4.0500000e+03
   5.2997235e-02   4.0650000e+03
   1.4999162e-02   4.0800000e+03
  -4.3368779e-02   4.0950000e+03
  -9.7868606e-02   4.1100000e+03
  -1.2366230e-01   4.1250000e+03
  -1.0849055e-01   4.1400000e+03
  -5.9246190e-02   4.1550000e+03
   2.4406710e-03   4.1700000e+03
   5.2373808e-02   4.1850000e+03
   7.5220995e-02   4.2000000e+03
   6.8886206e-02   4.2150000e+03
   4.1982468e-02   4.2300000e+03
   8.3124954e-03   4.2450000e+03
  -1.8594529e-02   4.2600000e+03
  -2.9752087e-02   4.2750000e+03
  -2.3220142e-02   4.2900000e+03
  -4.3409010e-03   4.3050000e+03
   1.6477272e-02   4.3200000e+03
   2.8283818e-02   4.3350000e+03
   2.5304457e-02   4.3500000e+03
   1.0771894e-02   4.3650000e+03
  -4.7792252e-03   4.3800000e+03
  -1.0943523e-02   4.3950000e+03
  -5.4516159e-03   4.4100000e+03
   3.9145974e-03   4.4250000e+03
   5.4957299e-03   4.4400000e+03
  -6.7352704e-03   4.4550000e+03
  -2.7866697e-02   4.4700000e+03
  -4.5154225e-02   4.4850000e+03
  -4.7166828e-02   4.5000000e+03
