   7.8034271e-03   0.0000000e+00
   7.8023435e-03   1.5000000e+01
   7.7989213e-03   3.0000000e+01
   7.7936742e-03   4.5000000e+01
   7.7877971e-03   6.0000000e+01
   7.7822609e-03   7.5000000e+01
   7.7776522e-03   9.0000000e+01
   7.7743814e-03   1.0500000e+02
   7.7723847e-03   1.2000000e+02
   7.7710315e-03   1.3500000e+02
   7.7698752e-03   1.5000000e+02
   7.7692587e-03   1.6500000e+02
   7.7697299e-03   1.8000000e+02
   7.7713658e-03   1.9500000e+02
   7.7735782e-03   2.1000000e+02
   7.7746217e-03   2.2500000e+02
   7.7719293e-03   2.4000000e+02
   7.7636386e-03   2.5500000e+02
   7.7493810e-03   2.7000000e+02
   7.7305636e-03   2.8500000e+02
   7.7109048e-03   3.0000000e+02
   7.6950514e-03   3.1500000e+02
   7.6850262e-03   3.3000000e+02
   7.6783826e-03   3.4500000e+02
   7.6705161e-03   3.6000000e+02
   7.6586502e-03   3.7500000e+02
   7.6433336e-03   3.9000000e+02
   7.6260502e-03   4.0500000e+02
   7.6058963e-03   4.2000000e+02
   7.5798542e-03   4.3500000e+02
   7.5453254e-03   4.5000000e+02
   7.4977572e-03   4.6500000e+02
   7.4227462e-03   4.8000000e+02
   7.2903456e-03   4.9500000e+02
   7.0568505e-03   5.1000000e+02
   6.6783591e-03   5.2500000e+02
   6.1424766e-03   5.4000000e+02
   5.5109435e-03   5.5500000e+02
   4.9390960e-03   5.7000000e+02
   4.6251314e-03   5.8500000e+02
   4.6803211e-03   6.0000000e+02
   5.0039804e-03   6.1500000e+02
   5.3006262e-03   6.3000000e+02
   5.2815014e-03   6.4500000e+02
   4.8988424e-03   6.6000000e+02
   4.3726554e-03   6.7500000e+02
   3.9396258e-03   6.9000000e+02
   3.5714980e-03   7.0500000e+02
   3.0044757e-03   7.2000000e+02
   2.0815630e-03   7.3500000e+02
   1.0000474e-03   7.5000000e+02
   1.4517331e-04   7.6500000e+02
  -2.8194650e-04   7.8000000e+02
  -3.8073066e-04   7.9500000e+02
  -3.3468555e-04   8.1000000e+02
  -2.3922848e-04   8.2500000e+02
  -1.9700169e-04   8.4000000e+02
  -4.1304479e-04   8.5500000e+02
  -1.0137414e-03   8.7000000e+02
  -1.8230589e-03   8.8500000e+02
  -2.4958726e-03   9.0000000e+02
  -2.8865784e-03   9.1500000e+02
  -3.1364409e-03   9.3000000e+02
  -3.3337376e-03   9.4500000e+02
  -3.0884624e-03   9.6000000e+02
  -1.1755244e-03   9.7500000e+02
   4.9428851e-03   9.9000000e+02
   1.9489141e-02   1.0050000e+03
   4.7628142e-02   1.0200000e+03
   9.2572913e-02   1.0350000e+03
   1.5045512e-01   1.0500000e+03
   2.0452359e-01   1.0650000e+03
   2.2254327e-01   1.0800000e+03
   1.6304493e-01   1.0950000e+03
  -5.9235101e-03   1.1100000e+03
  -2.7950746e-01   1.1250000e+03
  -5.9367555e-01   1.1400000e+03
  -8.2542568e-01   1.1550000e+03
  -8.2858413e-01   1.1700000e+03
  -5.0658852e-01   1.1850000e+03
   9.5705725e-02   1.2000000e+03
   7.3190486e-01   1.2150000e+03
   1.0096843e+00   1.2300000e+03
   6.2143219e-01   1.2450000e+03
  -3.3554998e-01   1.2600000e+03
  -1.2335956e+00   1.2750000e+03
  -1.2702719e+00   1.2900000e+03
  -1.9618388e-01   1.3050000e+03
   1.2363740e+00   1.3200000e+03
   1.7623460e+00   1.3350000e+03
   8.1380820e-01   1.3500000e+03
  -7.5961381e-01   1.3650000e+03
  -1.4434435e+00   1.3800000e+03
  -6.6400945e-01   1.3950000e+03
   5.7632977e-01   1.4100000e+03
   8.9445710e-01   1.4250000e+03
   1.5357751e-01   1.4400000e+03
  -5.1748437e-01   1.4550000e+03
  -2.8510389e-01   1.4700000e+03
   3.7747845e-01   1.4850000e+03
   5.2139705e-01   1.5000000e+03
   6.4488158e-02   1.5150000e+03
  -2.8051072e-01   1.5300000e+03
  -1.7512718e-01   1.5450000e+03
  -3.2676410e-02   1.5600000e+03
  -1.6663995e-01   1.5750000e+03
  -2.5685367e-01   1.5900000e+03
   1.1159203e-02   1.6050000e+03
   3.2800093e-01   1.6200000e+03
   2.6096061e-01   1.6350000e+03
  -1.3862386e-02   1.6500000e+03
  -3.3647284e-02   1.6650000e+03
   1.4214663e-01   1.6800000e+03
   5.8747251e-02   1.6950000e+03
  -2.8765079e-01   1.7100000e+03
  -3.7771687e-01   1.7250000e+03
  -3.0118525e-02   1.7400000e+03
   2.8142205e-01   1.7550000e+03
   1.9323076e-01   1.7700000e+03
  -3.3848993e-02   1.7850000e+03
  -6.7828111e-02   1.8000000e+03
  -2.8856976e-02   1.8150000e+03
  -9.4973586e-02   1.8300000e+03
  -1.1032487e-01   1.8450000e+03
   2.7671477e-02   1.8600000e+03
   9.8482698e-02   1.8750000e+03
   8.2394555e-03   1.8900000e+03
  -1.7762505e-02   1.9050000e+03
   7.5614899e-02   1.9200000e+03
   6.1199699e-02   1.9350000e+03
  -7.2964609e-02   1.9500000e+03
  -9.4880603e-02   1.9650000e+03
   3.9993762e-03   1.9800000e+03
   4.1161153e-02   1.9950000e+03
   1.1404969e-02   2.0100000e+03
   4.3021059e-03   2.0250000e+03
  -8.4288549e-03   2.0400000e+03
  -3.4455147e-02   2.0550000e+03
   1.6149015e-03   2.0700000e+03
   7.3090002e-02   2.0850000e+03
   7.1478739e-02   2.1000000e+03
  -4.4166567e-03   2.1150000e+03
  -6.2919304e-02   2.1300000e+03
  -4.9155779e-02   2.1450000e+03
   9.0486994e-03   2.1600000e+03
   3.2594822e-02   2.1750000e+03
  -5.1454958e-03   2.1900000e+03
  -3.2999162e-02   2.2050000e+03
  -8.4097898e-03   2.2200000e+03
   2.2662750e-02   2.2350000e+03
   3.3355646e-02   2.2500000e+03
   3.2902855e-02   2.2650000e+03
   1.0754661e-02   2.2800000e+03
  -1.4770377e-02   2.2950000e+03
  -1.3664984e-03   2.3100000e+03
   2.5217004e-02   2.3250000e+03
   2.0084944e-02   2.3400000e+03
   3.5198496e-03   2.3550000e+03
  -5.2234405e-03   2.3700000e+03
  -2.3928843e-02   2.3850000e+03
  -4.6345875e-02   2.4000000e+03
  -5.2262638e-02   2.4150000e+03
  -4.1972227e-02   2.4300000e+03
  -9.9448189e-03   2.4450000e+03
   4.6693459e-02   2.4600000e+03
   9.8846711e-02   2.4750000e+03
   1.1395040e-01   2.4900000e+03
   7.9684727e-02   2.5050000e+03
  -1.7028610e-04   2.5200000e+03
  -9.3978256e-02   2.5350000e+03
  -1.5189108e-01   2.5500000e+03
  -1.4479783e-01   2.5650000e+03
  -7.7218369e-02   2.5800000e+03
   1.8956320e-02   2.5950000e+03
   9.4240472e-02   2.6100000e+03
   1.1142951e-01   2.6250000e+03
   6.9802582e-02   2.6400000e+03
  -1.5428110e-03   2.6550000e+03
  -6.1154719e-02   2.6700000e+03
  -7.5012535e-02   2.6850000e+03
  -3.7886031e-02   2.7000000e+03
   2.2787800e-02   2.7150000e+03
   6.6342637e-02   2.7300000e+03
   6.6985302e-02   2.7450000e+03
   3.1245431e-02   2.7600000e+03
  -1.0520488e-02   2.7750000e+03
  -3.0924512e-02   2.7900000e+03
  -2.5144883e-02   2.8050000e+03
  -8.8928286e-03   2.8200000e+03
  -1.6591266e-04   2.8350000e+03
  -3.3046454e-03   2.8500000e+03
  -1.0122565e-02   2.8650000e+03
  -1.1946373e-02   2.8800000e+03
  -7.2592264e-03   2.8950000e+03
  -3.8598711e-04   2.9100000e+03
   4.3083038e-03   2.9250000e+03
   6.6746594e-03   2.9400000e+03
   9.6499007e-03   2.9550000e+03
   1.4208317e-02   2.9700000e+03
   1.5752075e-02   2.9850000e+03
   7.2537838e-03   3.0000000e+03
  -1.1460789e-02   3.0150000e+03
  -2.8621122e-02   3.0300000e+03
  -2.9259896e-02   3.0450000e+03
  -1.1365023e-02   3.0600000e+03
   9.5101036e-03   3.0750000e+03
   1.5625533e-02   3.0900000e+03
   5.9738536e-03   3.1050000e+03
  -4.3607769e-03   3.1200000e+03
  -3.1548557e-03   3.1350000e+03
   6.0769059e-03   3.1500000e+03
   1.1720075e-02   3.1650000e+03
   9.2562605e-03   3.1800000e+03
   4.0021855e-03   3.1950000e+03
   1.2284553e-03   3.2100000e+03
  -1.0858999e-04   3.2250000e+03
  -2.6815899e-03   3.2400000e+03
  -4.9945512e-03   3.2550000e+03
  -3.7220197e-03   3.2700000e+03
   4.7600764e-04   3.2850000e+03
   2.9655343e-03   3.3000000e+03
   8.8539289e-04   3.3150000e+03
  -3.2756170e-03   3.3300000e+03
  -4.4770334e-03   3.3450000e+03
  -5.9877353e-04   3.3600000e+03
   5.3033396e-03   3.3750000e+03
   8.0501325e-03   3.3900000e+03
   5.6702481e-03   3.4050000e+03
   1.5338092e-03   3.4200000e+03
   8.1399776e-04   3.4350000e+03
   5.0954525e-03   3.4500000e+03
   1.1053864e-02   3.4650000e+03
   1.4056118e-02   3.4800000e+03
   1.2142874e-02   3.4950000e+03
   6.8325703e-03   3.5100000e+03
   1.4401390e-03   3.5250000e+03
  -1.0912595e-03   3.5400000e+03
   4.3900080e-05   3.5550000e+03
   3.0000864e-03   3.5700000e+03
   4.8224055e-03   3.5850000e+03
   3.8365617e-03   3.6000000e+03
   4.4441628e-04   3.6150000e+03
  -4.0334673e-03   3.6300000e+03
  -8.4786620e-03   3.6450000e+03
  -1.1925010e-02   3.6600000e+03
  -1.3281074e-02   3.6750000e+03
  -1.1745528e-02   3.6900000e+03
  -7.4990550e-03   3.7050000e+03
  -1.9015787e-03   3.7200000e+03
   3.0557713e-03   3.7350000e+03
   5.8379238e-03   3.7500000e+03
   6.2944684e-03   3.7650000e+03
   5.5332016e-03   3.7800000e+03
   4.7851480e-03   3.7950000e+03
   4.5285583e-03   3.8100000e+03
   4.7522401e-03   3.8250000e+03
   5.6074811e-03   3.8400000e+03
   7.2240429e-03   3.8550000e+03
   8.8729486e-03   3.8700000e+03
   8.8983625e-03   3.8850000e+03
   6.0816873e-03   3.9000000e+03
   1.1715812e-03   3.9150000e+03
  -3.3254987e-03   3.9300000e+03
  -5.2230782e-03   3.9450000e+03
  -4.4494257e-03   3.9600000e+03
  -2.6139424e-03   3.9750000e+03
  -1.0872062e-03   3.9900000e+03
   1.3066210e-05   4.0050000e+03
   1.1007212e-03   4.0200000e+03
   2.1617680e-03   4.0350000e+03
   2.8555144e-03   4.0500000e+03
   3.0693086e-03   4.0650000e+03
   2.8380237e-03   4.0800000e+03
   1.8686199e-03   4.0950000e+03
  -3.2712179e-04   4.1100000e+03
  -3.5805642e-03   4.1250000e+03
  -6.5171872e-03   4.1400000e+03
  -7.2256443e-03   4.1550000e+03
  -4.8252749e-03   4.1700000e+03
  -4.8889517e-04   4.1850000e+03
   3.2682728e-03   4.2000000e+03
   4.5383540e-03   4.2150000e+03
   3.3205792e-03   4.2300000e+03
   9.4903202e-04   4.2450000e+03
  -1.5021058e-03   4.2600000e+03
  -4.0023625e-03   4.2750000e+03
  -6.8651913e-03   4.2900000e+03
  -9.5904833e-03   4.3050000e+03
  -1.0627228e-02   4.3200000e+03
  -8.4336177e-03   4.3350000e+03
  -3.0049491e-03   4.3500000e+03
   3.5214210e-03   4.3650000e+03
   8.0396058e-03   4.3800000e+03
   8.7205693e-03   4.3950000e+03
   6.3538016e-03   4.4100000e+03
   3.5001659e-03   4.4250000e+03
   2.3673640e-03   4.4400000e+03
   3.4574720e-03   4.4550000e+03
   5.8374261e-03   4.4700000e+03
   8.1315171e-03   4.4850000e+03
   9.1673257e-03   4.5000000e+03
