   5.5105067e-03   0.0000000e+00
   5.5089416e-03   1.5000000e+01
   5.5041872e-03   3.0000000e+01
   5.4965205e-03   4.5000000e+01
   5.4865219e-03   6.0000000e+01
   5.4746633e-03   7.5000000e+01
   5.4612001e-03   9.0000000e+01
   5.4462282e-03   1.0500000e+02
   5.4295878e-03   1.2000000e+02
   5.4108887e-03   1.3500000e+02
   5.3898846e-03   1.5000000e+02
   5.3667864e-03   1.6500000e+02
   5.3419955e-03   1.8000000e+02
   5.3156894e-03   1.9500000e+02
   5.2876552e-03   2.1000000e+02
   5.2571059e-03   2.2500000e+02
   5.2228365e-03   2.4000000e+02
   5.1838537e-03   2.5500000e+02
   5.1397150e-03   2.7000000e+02
   5.0907535e-03   2.8500000e+02
   5.0383951e-03   3.0000000e+02
   4.9845292e-03   3.1500000e+02
   4.9299458e-03   3.3000000e+02
   4.8736557e-03   3.4500000e+02
   4.8139500e-03   3.6000000e+02
   4.7498215e-03   3.7500000e+02
   4.6812566e-03   3.9000000e+02
   4.6083527e-03   4.0500000e+02
   4.5302822e-03   4.2000000e+02
   4.4453414e-03   4.3500000e+02
   4.3514157e-03   4.5000000e+02
   4.2436039e-03   4.6500000e+02
   4.1083531e-03   4.8000000e+02
   3.9186631e-03   4.9500000e+02
   3.6355534e-03   5.1000000e+02
   3.2205128e-03   5.2500000e+02
   2.6635537e-03   5.4000000e+02
   2.0202654e-03   5.5500000e+02
   1.4278974e-03   5.7000000e+02
   1.0600493e-03   5.8500000e+02
   1.0146871e-03   6.0000000e+02
   1.2068623e-03   6.1500000e+02
   1.3817757e-03   6.3000000e+02
   1.2884657e-03   6.4500000e+02
   8.8654581e-04   6.6000000e+02
   3.7236873e-04   6.7500000e+02
  -3.9421684e-05   6.9000000e+02
  -3.6124224e-04   7.0500000e+02
  -8.1059383e-04   7.2000000e+02
  -1.5219440e-03   7.3500000e+02
  -2.3388371e-03   7.5000000e+02
  -2.9545412e-03   7.6500000e+02
  -3.2223077e-03   7.8000000e+02
  -3.2404773e-03   7.9500000e+02
  -3.1512943e-03   8.1000000e+02
  -2.9910922e-03   8.2500000e+02
  -2.7920979e-03   8.4000000e+02
  -2.6923013e-03   8.5500000e+02
  -2.7948872e-03   8.7000000e+02
  -2.9741935e-03   8.8500000e+02
  -2.9775968e-03   9.0000000e+02
  -2.7172815e-03   9.1500000e+02
  -2.3253658e-03   9.3000000e+02
  -1.9174834e-03   9.4500000e+02
  -1.4500353e-03   9.6000000e+02
  -8.2827185e-04   9.7500000e+02
   1.8739547e-05   9.9000000e+02
   1.2415419e-03   1.0050000e+03
   3.1111829e-03   1.0200000e+03
   5.8936086e-03   1.0350000e+03
   9.8223081e-03   1.0500000e+03
   1.5287056e-02   1.0650000e+03
   2.2970224e-02   1.0800000e+03
   3.3767283e-02   1.0950000e+03
   4.8699796e-02   1.1100000e+03
   6.8994902e-02   1.1250000e+03
   9.6204251e-02   1.1400000e+03
   1.3220772e-01   1.1550000e+03
   1.7912218e-01   1.1700000e+03
   2.3913349e-01   1.1850000e+03
   3.1413212e-01   1.2000000e+03
   4.0502504e-01   1.2150000e+03
   5.1073933e-01   1.2300000e+03
   6.2707788e-01   1.2450000e+03
   7.4568778e-01   1.2600000e+03
   8.5348970e-01   1.2750000e+03
   9.3302572e-01   1.2900000e+03
   9.6425205e-01   1.3050000e+03
   9.2821503e-01   1.3200000e+03
   8.1257910e-01   1.3350000e+03
   6.1789709e-01   1.3500000e+03
   3.6207011e-01   1.3650000e+03
   7.9694219e-02   1.3800000e+03
  -1.8574791e-01   1.3950000e+03
  -3.9547291e-01   1.4100000e+03
  -5.2942926e-01   1.4250000e+03
  -5.9354985e-01   1.4400000e+03
  -6.1513776e-01   1.4550000e+03
  -6.2737179e-01   1.4700000e+03
  -6.5091127e-01   1.4850000e+03
  -6.8361109e-01   1.5000000e+03
  -7.0509416e-01   1.5150000e+03
  -6.9312900e-01   1.5300000e+03
  -6.4017719e-01   1.5450000e+03
  -5.5813241e-01   1.5600000e+03
  -4.6832711e-01   1.5750000e+03
  -3.8556099e-01   1.5900000e+03
  -3.0939168e-01   1.6050000e+03
  -2.2911844e-01   1.6200000e+03
  -1.3679582e-01   1.6350000e+03
  -3.6229864e-02   1.6500000e+03
   5.9231292e-02   1.6650000e+03
   1.3649872e-01   1.6800000e+03
   1.9041008e-01   1.6950000e+03
   2.2333674e-01   1.7100000e+03
   2.3951083e-01   1.7250000e+03
   2.4116638e-01   1.7400000e+03
   2.2985822e-01   1.7550000e+03
   2.0976828e-01   1.7700000e+03
   1.8796863e-01   1.7850000e+03
   1.7083608e-01   1.8000000e+03
   1.6045044e-01   1.8150000e+03
   1.5449692e-01   1.8300000e+03
   1.4907196e-01   1.8450000e+03
   1.4119729e-01   1.8600000e+03
   1.2925874e-01   1.8750000e+03
   1.1233956e-01   1.8900000e+03
   9.0109318e-02   1.9050000e+03
   6.3487686e-02   1.9200000e+03
   3.4964520e-02   1.9350000e+03
   7.6993322e-03   1.9500000e+03
  -1.6105171e-02   1.9650000e+03
  -3.6156863e-02   1.9800000e+03
  -5.3606004e-02   1.9950000e+03
  -6.9817446e-02   2.0100000e+03
  -8.5493289e-02   2.0250000e+03
  -1.0053180e-01   2.0400000e+03
  -1.1438287e-01   2.0550000e+03
  -1.2655070e-01   2.0700000e+03
  -1.3680635e-01   2.0850000e+03
  -1.4489456e-01   2.1000000e+03
  -1.5026592e-01   2.1150000e+03
  -1.5244111e-01   2.1300000e+03
  -1.5155776e-01   2.1450000e+03
  -1.4820635e-01   2.1600000e+03
  -1.4272085e-01   2.1750000e+03
  -1.3488424e-01   2.1900000e+03
  -1.2434528e-01   2.2050000e+03
  -1.1117854e-01   2.2200000e+03
  -9.6067928e-02   2.2350000e+03
  -8.0030970e-02   2.2500000e+03
  -6.3897081e-02   2.2650000e+03
  -4.7950625e-02   2.2800000e+03
  -3.2055110e-02   2.2950000e+03
  -1.6110584e-02   2.3100000e+03
  -3.6622514e-04   2.3250000e+03
   1.4727700e-02   2.3400000e+03
   2.8989866e-02   2.3550000e+03
   4.2796414e-02   2.3700000e+03
   5.6770429e-02   2.3850000e+03
   7.1046047e-02   2.4000000e+03
   8.4789284e-02   2.4150000e+03
   9.6448198e-02   2.4300000e+03
   1.0449859e-01   2.4450000e+03
   1.0806614e-01   2.4600000e+03
   1.0710548e-01   2.4750000e+03
   1.0231396e-01   2.4900000e+03
   9.5015995e-02   2.5050000e+03
   8.6952642e-02   2.5200000e+03
   7.9827264e-02   2.5350000e+03
   7.4719876e-02   2.5500000e+03
   7.1667589e-02   2.5650000e+03
   6.9613449e-02   2.5800000e+03
   6.6737279e-02   2.5950000e+03
   6.1033733e-02   2.6100000e+03
   5.0924145e-02   2.6250000e+03
   3.5745170e-02   2.6400000e+03
   1.6078807e-02   2.6550000e+03
  -6.1215544e-03   2.6700000e+03
  -2.7765492e-02   2.6850000e+03
  -4.5337051e-02   2.7000000e+03
  -5.5938844e-02   2.7150000e+03
  -5.8262344e-02   2.7300000e+03
  -5.3030916e-02   2.7450000e+03
  -4.2661615e-02   2.7600000e+03
  -3.0255137e-02   2.7750000e+03
  -1.8386563e-02   2.7900000e+03
  -8.2994318e-03   2.8050000e+03
   1.3480494e-04   2.8200000e+03
   7.7954428e-03   2.8350000e+03
   1.5493732e-02   2.8500000e+03
   2.3447534e-02   2.8650000e+03
   3.1263296e-02   2.8800000e+03
   3.8282540e-02   2.8950000e+03
   4.3961916e-02   2.9100000e+03
   4.8043896e-02   2.9250000e+03
   5.0519712e-02   2.9400000e+03
   5.1540535e-02   2.9550000e+03
   5.1373538e-02   2.9700000e+03
   5.0358448e-02   2.9850000e+03
   4.8798308e-02   3.0000000e+03
   4.6825547e-02   3.0150000e+03
   4.4358473e-02   3.0300000e+03
   4.1201737e-02   3.0450000e+03
   3.7215415e-02   3.0600000e+03
   3.2416746e-02   3.0750000e+03
   2.6942650e-02   3.0900000e+03
   2.0926351e-02   3.1050000e+03
   1.4412944e-02   3.1200000e+03
   7.3947590e-03   3.1350000e+03
  -6.7239263e-05   3.1500000e+03
  -7.7493591e-03   3.1650000e+03
  -1.5284191e-02   3.1800000e+03
  -2.2274625e-02   3.1950000e+03
  -2.8411359e-02   3.2100000e+03
  -3.3528939e-02   3.2250000e+03
  -3.7613653e-02   3.2400000e+03
  -4.0805034e-02   3.2550000e+03
  -4.3390416e-02   3.2700000e+03
  -4.5755014e-02   3.2850000e+03
  -4.8276871e-02   3.3000000e+03
  -5.1209304e-02   3.3150000e+03
  -5.4602277e-02   3.3300000e+03
  -5.8271624e-02   3.3450000e+03
  -6.1793476e-02   3.3600000e+03
  -6.4523749e-02   3.3750000e+03
  -6.5679498e-02   3.3900000e+03
  -6.4499632e-02   3.4050000e+03
  -6.0433794e-02   3.4200000e+03
  -5.3275868e-02   3.4350000e+03
  -4.3210670e-02   3.4500000e+03
  -3.0810950e-02   3.4650000e+03
  -1.7014157e-02   3.4800000e+03
  -3.0441671e-03   3.4950000e+03
   9.7701652e-03   3.5100000e+03
   2.0250259e-02   3.5250000e+03
   2.7587403e-02   3.5400000e+03
   3.1429902e-02   3.5550000e+03
   3.1828962e-02   3.5700000e+03
   2.9106252e-02   3.5850000e+03
   2.3715872e-02   3.6000000e+03
   1.6149208e-02   3.6150000e+03
   6.9062538e-03   3.6300000e+03
  -3.4706434e-03   3.6450000e+03
  -1.4342553e-02   3.6600000e+03
  -2.4964895e-02   3.6750000e+03
  -3.4566417e-02   3.6900000e+03
  -4.2496171e-02   3.7050000e+03
  -4.8364013e-02   3.7200000e+03
  -5.2097451e-02   3.7350000e+03
  -5.3883556e-02   3.7500000e+03
  -5.4024197e-02   3.7650000e+03
  -5.2774344e-02   3.7800000e+03
  -5.0243050e-02   3.7950000e+03
  -4.6407308e-02   3.8100000e+03
  -4.1226998e-02   3.8250000e+03
  -3.4789156e-02   3.8400000e+03
  -2.7394403e-02   3.8550000e+03
  -1.9538054e-02   3.8700000e+03
  -1.1799862e-02   3.8850000e+03
  -4.6989447e-03   3.9000000e+03
   1.4215567e-03   3.9150000e+03
   6.4367689e-03   3.9300000e+03
   1.0404947e-02   3.9450000e+03
   1.3488610e-02   3.9600000e+03
   1.5878189e-02   3.9750000e+03
   1.7743424e-02   3.9900000e+03
   1.9206408e-02   4.0050000e+03
   2.0320842e-02   4.0200000e+03
   2.1057747e-02   4.0350000e+03
   2.1311484e-02   4.0500000e+03
   2.0931093e-02   4.0650000e+03
   1.9762937e-02   4.0800000e+03
   1.7685700e-02   4.0950000e+03
   1.4632566e-02   4.1100000e+03
   1.0609995e-02   4.1250000e+03
   5.7225469e-03   4.1400000e+03
   2.0110565e-04   4.1550000e+03
  -5.5789403e-03   4.1700000e+03
  -1.1104735e-02   4.1850000e+03
  -1.5768137e-02   4.2000000e+03
  -1.8944457e-02   4.2150000e+03
  -2.0097205e-02   4.2300000e+03
  -1.8884048e-02   4.2450000e+03
  -1.5232870e-02   4.2600000e+03
  -9.3684234e-03   4.2750000e+03
  -1.7934011e-03   4.2900000e+03
   6.7585343e-03   4.3050000e+03
   1.5387667e-02   4.3200000e+03
   2.3115424e-02   4.3350000e+03
   2.8999174e-02   4.3500000e+03
   3.2264955e-02   4.3650000e+03
   3.2432120e-02   4.3800000e+03
   2.9397946e-02   4.3950000e+03
   2.3456816e-02   4.4100000e+03
   1.5247389e-02   4.4250000e+03
   5.6450237e-03   4.4400000e+03
  -4.3684267e-03   4.4550000e+03
  -1.3830349e-02   4.4700000e+03
  -2.1905316e-02   4.4850000e+03
  -2.7967341e-02   4.5000000e+03
