  -6.4777592e-03   0.0000000e+00
  -6.4771860e-03   1.5000000e+01
  -6.4757881e-03   3.0000000e+01
  -6.4746425e-03   4.5000000e+01
  -6.4749108e-03   6.0000000e+01
  -6.4772889e-03   7.5000000e+01
  -6.4818840e-03   9.0000000e+01
  -6.4884494e-03   1.0500000e+02
  -6.4969300e-03   1.2000000e+02
  -6.5078060e-03   1.3500000e+02
  -6.5214606e-03   1.5000000e+02
  -6.5376624e-03   1.6500000e+02
  -6.5561272e-03   1.8000000e+02
  -6.5763867e-03   1.9500000e+02
  -6.5970398e-03   2.1000000e+02
  -6.6166925e-03   2.2500000e+02
  -6.6357898e-03   2.4000000e+02
  -6.6565583e-03   2.5500000e+02
  -6.6806749e-03   2.7000000e+02
  -6.7070983e-03   2.8500000e+02
  -6.7327060e-03   3.0000000e+02
  -6.7553534e-03   3.1500000e+02
  -6.7764544e-03   3.3000000e+02
  -6.8007135e-03   3.4500000e+02
  -6.8326509e-03   3.6000000e+02
  -6.8727215e-03   3.7500000e+02
  -6.9179609e-03   3.9000000e+02
  -6.9669420e-03   4.0500000e+02
  -7.0209485e-03   4.2000000e+02
  -7.0785936e-03   4.3500000e+02
  -7.1344581e-03   4.5000000e+02
  -7.1863839e-03   4.6500000e+02
  -7.2387331e-03   4.8000000e+02
  -7.2956607e-03   4.9500000e+02
  -7.3571559e-03   5.1000000e+02
  -7.4241823e-03   5.2500000e+02
  -7.5019337e-03   5.4000000e+02
  -7.5950329e-03   5.5500000e+02
  -7.7037322e-03   5.7000000e+02
  -7.8270882e-03   5.8500000e+02
  -7.9647824e-03   6.0000000e+02
  -8.1132241e-03   6.1500000e+02
  -8.2663922e-03   6.3000000e+02
  -8.4232138e-03   6.4500000e+02
  -8.5877934e-03   6.6000000e+02
  -8.7630888e-03   6.7500000e+02
  -8.9514554e-03   6.9000000e+02
  -9.1576660e-03   7.0500000e+02
  -9.3847848e-03   7.2000000e+02
  -9.6312333e-03   7.3500000e+02
  -9.8942155e-03   7.5000000e+02
  -1.0171193e-02   7.6500000e+02
  -1.0459524e-02   7.8000000e+02
  -1.0760380e-02   7.9500000e+02
  -1.1082266e-02   8.1000000e+02
  -1.1437801e-02   8.2500000e+02
  -1.1837586e-02   8.4000000e+02
  -1.2287568e-02   8.5500000e+02
  -1.2791915e-02   8.7000000e+02
  -1.3359334e-02   8.8500000e+02
  -1.4006807e-02   9.0000000e+02
  -1.4758484e-02   9.1500000e+02
  -1.5648611e-02   9.3000000e+02
  -1.6733110e-02   9.4500000e+02
  -1.8096831e-02   9.6000000e+02
  -1.9835517e-02   9.7500000e+02
  -2.1979708e-02   9.9000000e+02
  -2.4284558e-02   1.0050000e+03
  -2.5760647e-02   1.0200000e+03
  -2.3855150e-02   1.0350000e+03
  -1.3439883e-02   1.0500000e+03
   1.3688189e-02   1.0650000e+03
   6.7412481e-02   1.0800000e+03
   1.5451592e-01   1.0950000e+03
   2.7054471e-01   1.1100000e+03
   3.9192802e-01   1.1250000e+03
   4.7577900e-01   1.1400000e+03
   4.7438771e-01   1.1550000e+03
   3.6284068e-01   1.1700000e+03
   1.6418123e-01   1.1850000e+03
  -5.0794117e-02   1.2000000e+03
  -1.9941013e-01   1.2150000e+03
  -2.3908757e-01   1.2300000e+03
  -1.9421728e-01   1.2450000e+03
  -1.3136123e-01   1.2600000e+03
  -1.0227724e-01   1.2750000e+03
  -1.0711137e-01   1.2900000e+03
  -1.1004415e-01   1.3050000e+03
  -8.4642164e-02   1.3200000e+03
  -3.8805202e-02   1.3350000e+03
  -4.7902267e-05   1.3500000e+03
   1.2302082e-02   1.3650000e+03
  -1.9212227e-03   1.3800000e+03
  -2.8611420e-02   1.3950000e+03
  -4.6965770e-02   1.4100000e+03
  -4.1310012e-02   1.4250000e+03
  -1.7503262e-02   1.4400000e+03
  -2.1290791e-03   1.4550000e+03
  -1.2171175e-02   1.4700000e+03
  -3.0304259e-02   1.4850000e+03
  -2.7610274e-02   1.5000000e+03
  -8.2388967e-03   1.5150000e+03
  -7.1425387e-03   1.5300000e+03
  -3.6323056e-02   1.5450000e+03
  -5.8924526e-02   1.5600000e+03
  -3.6123145e-02   1.5750000e+03
   1.7848901e-02   1.5900000e+03
   5.2152544e-02   1.6050000e+03
   4.2142190e-02   1.6200000e+03
   1.0869362e-02   1.6350000e+03
  -9.6151829e-03   1.6500000e+03
  -1.2207982e-02   1.6650000e+03
  -3.3100047e-03   1.6800000e+03
   1.8523809e-02   1.6950000e+03
   5.3566080e-02   1.7100000e+03
   8.1308581e-02   1.7250000e+03
   7.1081601e-02   1.7400000e+03
   1.6845539e-02   1.7550000e+03
  -4.8259001e-02   1.7700000e+03
  -7.7948101e-02   1.7850000e+03
  -5.2082192e-02   1.8000000e+03
   8.6858785e-03   1.8150000e+03
   6.1611772e-02   1.8300000e+03
   7.3631763e-02   1.8450000e+03
   4.1678246e-02   1.8600000e+03
  -9.0830950e-03   1.8750000e+03
  -4.3616369e-02   1.8900000e+03
  -3.8363472e-02   1.9050000e+03
   5.8712028e-03   1.9200000e+03
   6.4057551e-02   1.9350000e+03
   1.0020135e-01   1.9500000e+03
   9.0143211e-02   1.9650000e+03
   4.1532047e-02   1.9800000e+03
  -8.3028739e-03   1.9950000e+03
  -2.3504538e-02   2.0100000e+03
  -6.0868743e-03   2.0250000e+03
   2.3234487e-03   2.0400000e+03
  -3.5415329e-02   2.0550000e+03
  -1.0379881e-01   2.0700000e+03
  -1.3903931e-01   2.0850000e+03
  -8.9726277e-02   2.1000000e+03
   2.8692137e-02   2.1150000e+03
   1.4548033e-01   2.1300000e+03
   1.9771880e-01   2.1450000e+03
   1.7431746e-01   2.1600000e+03
   1.0141473e-01   2.1750000e+03
   3.4687512e-03   2.1900000e+03
  -1.0566006e-01   2.2050000e+03
  -1.9967154e-01   2.2200000e+03
  -2.3066726e-01   2.2350000e+03
  -1.6095252e-01   2.2500000e+03
  -7.1935500e-03   2.2650000e+03
   1.5320832e-01   2.2800000e+03
   2.2868776e-01   2.2950000e+03
   1.7768766e-01   2.3100000e+03
   3.8190614e-02   2.3250000e+03
  -1.0127392e-01   2.3400000e+03
  -1.6550632e-01   2.3550000e+03
  -1.4020742e-01   2.3700000e+03
  -6.8181232e-02   2.3850000e+03
  -5.3343759e-03   2.4000000e+03
   2.0159027e-02   2.4150000e+03
   1.4597781e-02   2.4300000e+03
  -1.4728010e-03   2.4450000e+03
  -1.3790847e-02   2.4600000e+03
  -2.0568660e-02   2.4750000e+03
  -2.7412547e-02   2.4900000e+03
  -3.8037878e-02   2.5050000e+03
  -4.6683826e-02   2.5200000e+03
  -3.9887697e-02   2.5350000e+03
  -1.0309069e-02   2.5500000e+03
   2.9531481e-02   2.5650000e+03
   5.1716965e-02   2.5800000e+03
   3.6718793e-02   2.5950000e+03
  -5.9279813e-03   2.6100000e+03
  -4.3100376e-02   2.6250000e+03
  -4.6522982e-02   2.6400000e+03
  -1.6867884e-02   2.6550000e+03
   1.8797029e-02   2.6700000e+03
   3.1717207e-02   2.6850000e+03
   1.4701806e-02   2.7000000e+03
  -1.5234582e-02   2.7150000e+03
  -3.4604330e-02   2.7300000e+03
  -3.4016702e-02   2.7450000e+03
  -2.2312131e-02   2.7600000e+03
  -1.2453143e-02   2.7750000e+03
  -7.5519718e-03   2.7900000e+03
  -2.8859756e-03   2.8050000e+03
   3.2103539e-03   2.8200000e+03
   6.8888580e-03   2.8350000e+03
   5.6428108e-03   2.8500000e+03
   1.0335890e-03   2.8650000e+03
  -5.7772831e-03   2.8800000e+03
  -1.4999870e-02   2.8950000e+03
  -2.2957806e-02   2.9100000e+03
  -2.1760790e-02   2.9250000e+03
  -8.3242254e-03   2.9400000e+03
   9.6361144e-03   2.9550000e+03
   2.0922147e-02   2.9700000e+03
   2.2827422e-02   2.9850000e+03
   2.2141239e-02   3.0000000e+03
   2.4536705e-02   3.0150000e+03
   2.6796186e-02   3.0300000e+03
   2.1556236e-02   3.0450000e+03
   7.6581696e-03   3.0600000e+03
  -7.2964299e-03   3.0750000e+03
  -1.5140125e-02   3.0900000e+03
  -1.5879091e-02   3.1050000e+03
  -1.6617306e-02   3.1200000e+03
  -2.2312697e-02   3.1350000e+03
  -2.9565247e-02   3.1500000e+03
  -3.0689575e-02   3.1650000e+03
  -2.2846684e-02   3.1800000e+03
  -1.1245717e-02   3.1950000e+03
  -3.2813794e-03   3.2100000e+03
  -1.3778211e-03   3.2250000e+03
  -2.3581171e-03   3.2400000e+03
  -1.9752542e-03   3.2550000e+03
   1.8442858e-03   3.2700000e+03
   9.2672193e-03   3.2850000e+03
   1.9309254e-02   3.3000000e+03
   2.9159637e-02   3.3150000e+03
   3.4118544e-02   3.3300000e+03
   3.0142935e-02   3.3450000e+03
   1.7183671e-02   3.3600000e+03
  -2.1648657e-04   3.3750000e+03
  -1.5781593e-02   3.3900000e+03
  -2.5072448e-02   3.4050000e+03
  -2.6934231e-02   3.4200000e+03
  -2.2473628e-02   3.4350000e+03
  -1.3232995e-02   3.4500000e+03
  -4.8519587e-04   3.4650000e+03
   1.3784142e-02   3.4800000e+03
   2.5837015e-02   3.4950000e+03
   3.1384993e-02   3.5100000e+03
   2.8660644e-02   3.5250000e+03
   1.9903122e-02   3.5400000e+03
   9.1916742e-03   3.5550000e+03
  -7.8060583e-04   3.5700000e+03
  -9.1890637e-03   3.5850000e+03
  -1.5143122e-02   3.6000000e+03
  -1.6877426e-02   3.6150000e+03
  -1.3313003e-02   3.6300000e+03
  -5.4376544e-03   3.6450000e+03
   4.5603509e-03   3.6600000e+03
   1.4969075e-02   3.6750000e+03
   2.4596745e-02   3.6900000e+03
   3.1426635e-02   3.7050000e+03
   3.2341857e-02   3.7200000e+03
   2.5110789e-02   3.7350000e+03
   1.0938929e-02   3.7500000e+03
  -5.0856117e-03   3.7650000e+03
  -1.6515238e-02   3.7800000e+03
  -1.9265413e-02   3.7950000e+03
  -1.3685604e-02   3.8100000e+03
  -3.4680059e-03   3.8250000e+03
   7.4676448e-03   3.8400000e+03
   1.7293543e-02   3.8550000e+03
   2.5827859e-02   3.8700000e+03
   3.2085940e-02   3.8850000e+03
   3.2744702e-02   3.9000000e+03
   2.3838982e-02   3.9150000e+03
   4.8701186e-03   3.9300000e+03
  -1.8381650e-02   3.9450000e+03
  -3.5671800e-02   3.9600000e+03
  -3.8288955e-02   3.9750000e+03
  -2.4924399e-02   3.9900000e+03
  -2.8101557e-03   4.0050000e+03
   1.6840909e-02   4.0200000e+03
   2.5728580e-02   4.0350000e+03
   2.2853434e-02   4.0500000e+03
   1.3714099e-02   4.0650000e+03
   5.4003648e-03   4.0800000e+03
   1.3814921e-03   4.0950000e+03
  -2.0840262e-04   4.1100000e+03
  -3.6943061e-03   4.1250000e+03
  -1.0941449e-02   4.1400000e+03
  -1.8713100e-02   4.1550000e+03
  -2.0809740e-02   4.1700000e+03
  -1.3382532e-02   4.1850000e+03
   1.0280241e-03   4.2000000e+03
   1.4181895e-02   4.2150000e+03
   1.7154660e-02   4.2300000e+03
   6.0494766e-03   4.2450000e+03
  -1.5308979e-02   4.2600000e+03
  -3.6973339e-02   4.2750000e+03
  -4.7527608e-02   4.2900000e+03
  -3.9524771e-02   4.3050000e+03
  -1.3533549e-02   4.3200000e+03
   2.1031622e-02   4.3350000e+03
   4.9421903e-02   4.3500000e+03
   5.8711588e-02   4.3650000e+03
   4.5205060e-02   4.3800000e+03
   1.7183052e-02   4.3950000e+03
  -9.8898346e-03   4.4100000e+03
  -2.3282457e-02   4.4250000e+03
  -2.1059450e-02   4.4400000e+03
  -1.2061328e-02   4.4550000e+03
  -7.8910915e-03   4.4700000e+03
  -1.3557871e-02   4.4850000e+03
  -2.4239106e-02   4.5000000e+03
