   6.2945327e-03   0.0000000e+00
   6.2936083e-03   1.5000000e+01
   6.2904446e-03   3.0000000e+01
   6.2844749e-03   4.5000000e+01
   6.2757293e-03   6.0000000e+01
   6.2642535e-03   7.5000000e+01
   6.2500271e-03   9.0000000e+01
   6.2336037e-03   1.0500000e+02
   6.2154084e-03   1.2000000e+02
   6.1947759e-03   1.3500000e+02
   6.1709248e-03   1.5000000e+02
   6.1439527e-03   1.6500000e+02
   6.1140717e-03   1.8000000e+02
   6.0810233e-03   1.9500000e+02
   6.0446509e-03   2.1000000e+02
   6.0052001e-03   2.2500000e+02
   5.9630391e-03   2.4000000e+02
   5.9183477e-03   2.5500000e+02
   5.8708047e-03   2.7000000e+02
   5.8196592e-03   2.8500000e+02
   5.7643028e-03   3.0000000e+02
   5.7046399e-03   3.1500000e+02
   5.6408052e-03   3.3000000e+02
   5.5727446e-03   3.4500000e+02
   5.5004833e-03   3.6000000e+02
   5.4244748e-03   3.7500000e+02
   5.3450032e-03   3.9000000e+02
   5.2615884e-03   4.0500000e+02
   5.1730294e-03   4.2000000e+02
   5.0772489e-03   4.3500000e+02
   4.9710223e-03   4.5000000e+02
   4.8487424e-03   4.6500000e+02
   4.6977852e-03   4.8000000e+02
   4.4921599e-03   4.9500000e+02
   4.1917609e-03   5.1000000e+02
   3.7556281e-03   5.2500000e+02
   3.1730160e-03   5.4000000e+02
   2.5021490e-03   5.5500000e+02
   1.8850754e-03   5.7000000e+02
   1.4994964e-03   5.8500000e+02
   1.4445763e-03   6.0000000e+02
   1.6334757e-03   6.1500000e+02
   1.8088236e-03   6.3000000e+02
   1.7215345e-03   6.4500000e+02
   1.3424531e-03   6.6000000e+02
   8.8784250e-04   6.7500000e+02
   5.9493730e-04   6.9000000e+02
   4.7079692e-04   7.0500000e+02
   3.0789920e-04   7.2000000e+02
  -4.0606348e-05   7.3500000e+02
  -4.6711689e-04   7.5000000e+02
  -7.4674695e-04   7.6500000e+02
  -8.1490987e-04   7.8000000e+02
  -8.0579025e-04   7.9500000e+02
  -8.2548271e-04   8.1000000e+02
  -8.2052691e-04   8.2500000e+02
  -7.2830368e-04   8.4000000e+02
  -6.2842300e-04   8.5500000e+02
  -6.1674125e-04   8.7000000e+02
  -6.0926116e-04   8.8500000e+02
  -4.3108762e-04   9.0000000e+02
  -6.7932706e-05   9.1500000e+02
   3.4242190e-04   9.3000000e+02
   7.7909773e-04   9.4500000e+02
   1.4357170e-03   9.6000000e+02
   2.5249065e-03   9.7500000e+02
   4.1599493e-03   9.9000000e+02
   6.5001436e-03   1.0050000e+03
   9.8882606e-03   1.0200000e+03
   1.4821019e-02   1.0350000e+03
   2.1974031e-02   1.0500000e+03
   3.2393675e-02   1.0650000e+03
   4.7654003e-02   1.0800000e+03
   6.9905214e-02   1.0950000e+03
   1.0198805e-01   1.1100000e+03
   1.4759390e-01   1.1250000e+03
   2.1116361e-01   1.1400000e+03
   2.9733607e-01   1.1550000e+03
   4.0995428e-01   1.1700000e+03
   5.5050230e-01   1.1850000e+03
   7.1571571e-01   1.2000000e+03
   8.9449221e-01   1.2150000e+03
   1.0650858e+00   1.2300000e+03
   1.1944146e+00   1.2450000e+03
   1.2416141e+00   1.2600000e+03
   1.1671910e+00   1.2750000e+03
   9.4691718e-01   1.2900000e+03
   5.8627707e-01   1.3050000e+03
   1.2847322e-01   1.3200000e+03
  -3.5075268e-01   1.3350000e+03
  -7.6335031e-01   1.3500000e+03
  -1.0380480e+00   1.3650000e+03
  -1.1453495e+00   1.3800000e+03
  -1.1051449e+00   1.3950000e+03
  -9.7181726e-01   1.4100000e+03
  -8.0484623e-01   1.4250000e+03
  -6.4247882e-01   1.4400000e+03
  -4.9409366e-01   1.4550000e+03
  -3.5323060e-01   1.4700000e+03
  -2.1773621e-01   1.4850000e+03
  -9.9123292e-02   1.5000000e+03
  -1.4504347e-02   1.5150000e+03
   2.8650364e-02   1.5300000e+03
   3.8528264e-02   1.5450000e+03
   3.0221207e-02   1.5600000e+03
   1.2853044e-02   1.5750000e+03
  -1.3171428e-02   1.5900000e+03
  -4.7381107e-02   1.6050000e+03
  -8.1309363e-02   1.6200000e+03
  -1.0203133e-01   1.6350000e+03
  -1.0310694e-01   1.6500000e+03
  -8.9945570e-02   1.6650000e+03
  -7.4139141e-02   1.6800000e+03
  -6.4522862e-02   1.6950000e+03
  -6.4434186e-02   1.7100000e+03
  -7.4462399e-02   1.7250000e+03
  -9.3474679e-02   1.7400000e+03
  -1.1625586e-01   1.7550000e+03
  -1.3349470e-01   1.7700000e+03
  -1.3696800e-01   1.7850000e+03
  -1.2440575e-01   1.8000000e+03
  -9.8357640e-02   1.8150000e+03
  -6.2029231e-02   1.8300000e+03
  -1.8923573e-02   1.8450000e+03
   2.3966160e-02   1.8600000e+03
   5.6470573e-02   1.8750000e+03
   7.1612000e-02   1.8900000e+03
   7.1286917e-02   1.9050000e+03
   6.4383894e-02   1.9200000e+03
   5.9582628e-02   1.9350000e+03
   6.0475882e-02   1.9500000e+03
   6.6107504e-02   1.9650000e+03
   7.3619522e-02   1.9800000e+03
   7.9751484e-02   1.9950000e+03
   8.1597313e-02   2.0100000e+03
   7.7716395e-02   2.0250000e+03
   6.8809196e-02   2.0400000e+03
   5.7071172e-02   2.0550000e+03
   4.4997465e-02   2.0700000e+03
   3.4617428e-02   2.0850000e+03
   2.6937433e-02   2.1000000e+03
   2.1321690e-02   2.1150000e+03
   1.5484955e-02   2.1300000e+03
   6.4965100e-03   2.1450000e+03
  -7.9628844e-03   2.1600000e+03
  -2.8728053e-02   2.1750000e+03
  -5.4297958e-02   2.1900000e+03
  -8.0009714e-02   2.2050000e+03
  -9.8524347e-02   2.2200000e+03
  -1.0244934e-01   2.2350000e+03
  -8.7768957e-02   2.2500000e+03
  -5.5907458e-02   2.2650000e+03
  -1.3648968e-02   2.2800000e+03
   2.8586850e-02   2.2950000e+03
   5.9729401e-02   2.3100000e+03
   7.1869627e-02   2.3250000e+03
   6.3462868e-02   2.3400000e+03
   4.0109895e-02   2.3550000e+03
   1.2296066e-02   2.3700000e+03
  -8.9400727e-03   2.3850000e+03
  -1.6484944e-02   2.4000000e+03
  -9.6094469e-03   2.4150000e+03
   6.8482454e-03   2.4300000e+03
   2.5725191e-02   2.4450000e+03
   4.0870618e-02   2.4600000e+03
   4.8983946e-02   2.4750000e+03
   5.0010640e-02   2.4900000e+03
   4.6603817e-02   2.5050000e+03
   4.2736195e-02   2.5200000e+03
   4.1746452e-02   2.5350000e+03
   4.4774029e-02   2.5500000e+03
   5.0501175e-02   2.5650000e+03
   5.6268416e-02   2.5800000e+03
   5.9793618e-02   2.5950000e+03
   6.0465980e-02   2.6100000e+03
   5.9529759e-02   2.6250000e+03
   5.9166748e-02   2.6400000e+03
   6.1112158e-02   2.6550000e+03
   6.5628313e-02   2.6700000e+03
   7.1363628e-02   2.6850000e+03
   7.6094516e-02   2.7000000e+03
   7.7891022e-02   2.7150000e+03
   7.6036513e-02   2.7300000e+03
   7.1171582e-02   2.7450000e+03
   6.4636566e-02   2.7600000e+03
   5.7530943e-02   2.7750000e+03
   5.0112672e-02   2.7900000e+03
   4.1819099e-02   2.8050000e+03
   3.1809255e-02   2.8200000e+03
   1.9681660e-02   2.8350000e+03
   5.9026876e-03   2.8500000e+03
  -8.3447918e-03   2.8650000e+03
  -2.1716423e-02   2.8800000e+03
  -3.3183184e-02   2.8950000e+03
  -4.2121455e-02   2.9100000e+03
  -4.8123796e-02   2.9250000e+03
  -5.0870046e-02   2.9400000e+03
  -5.0260015e-02   2.9550000e+03
  -4.6660591e-02   2.9700000e+03
  -4.0950134e-02   2.9850000e+03
  -3.4255661e-02   3.0000000e+03
  -2.7608799e-02   3.0150000e+03
  -2.1800071e-02   3.0300000e+03
  -1.7455662e-02   3.0450000e+03
  -1.5108074e-02   3.0600000e+03
  -1.5064509e-02   3.0750000e+03
  -1.7164225e-02   3.0900000e+03
  -2.0731980e-02   3.1050000e+03
  -2.4893735e-02   3.1200000e+03
  -2.9035594e-02   3.1350000e+03
  -3.2991689e-02   3.1500000e+03
  -3.6805805e-02   3.1650000e+03
  -4.0358629e-02   3.1800000e+03
  -4.3261319e-02   3.1950000e+03
  -4.5065191e-02   3.2100000e+03
  -4.5479104e-02   3.2250000e+03
  -4.4345923e-02   3.2400000e+03
  -4.1472431e-02   3.2550000e+03
  -3.6583744e-02   3.2700000e+03
  -2.9500561e-02   3.2850000e+03
  -2.0364400e-02   3.3000000e+03
  -9.6930619e-03   3.3150000e+03
   1.7389515e-03   3.3300000e+03
   1.3018314e-02   3.3450000e+03
   2.3104001e-02   3.3600000e+03
   3.0834310e-02   3.3750000e+03
   3.5088163e-02   3.3900000e+03
   3.5092603e-02   3.4050000e+03
   3.0699607e-02   3.4200000e+03
   2.2474695e-02   3.4350000e+03
   1.1578557e-02   3.4500000e+03
  -4.8923050e-04   3.4650000e+03
  -1.2209538e-02   3.4800000e+03
  -2.2351116e-02   3.4950000e+03
  -3.0176813e-02   3.5100000e+03
  -3.5482801e-02   3.5250000e+03
  -3.8482111e-02   3.5400000e+03
  -3.9616670e-02   3.5550000e+03
  -3.9391093e-02   3.5700000e+03
  -3.8270604e-02   3.5850000e+03
  -3.6628373e-02   3.6000000e+03
  -3.4710687e-02   3.6150000e+03
  -3.2613765e-02   3.6300000e+03
  -3.0297818e-02   3.6450000e+03
  -2.7661284e-02   3.6600000e+03
  -2.4655351e-02   3.6750000e+03
  -2.1378171e-02   3.6900000e+03
  -1.8098313e-02   3.7050000e+03
  -1.5210928e-02   3.7200000e+03
  -1.3167141e-02   3.7350000e+03
  -1.2401688e-02   3.7500000e+03
  -1.3254537e-02   3.7650000e+03
  -1.5891870e-02   3.7800000e+03
  -2.0259634e-02   3.7950000e+03
  -2.6086569e-02   3.8100000e+03
  -3.2899410e-02   3.8250000e+03
  -4.0003080e-02   3.8400000e+03
  -4.6447635e-02   3.8550000e+03
  -5.1069386e-02   3.8700000e+03
  -5.2660789e-02   3.8850000e+03
  -5.0220590e-02   3.9000000e+03
  -4.3180108e-02   3.9150000e+03
  -3.1543899e-02   3.9300000e+03
  -1.5946725e-02   3.9450000e+03
   2.3697589e-03   3.9600000e+03
   2.1689851e-02   3.9750000e+03
   4.0076856e-02   3.9900000e+03
   5.5682838e-02   4.0050000e+03
   6.7010216e-02   4.0200000e+03
   7.3064312e-02   4.0350000e+03
   7.3408611e-02   4.0500000e+03
   6.8157397e-02   4.0650000e+03
   5.7918381e-02   4.0800000e+03
   4.3689895e-02   4.0950000e+03
   2.6735848e-02   4.1100000e+03
   8.4688496e-03   4.1250000e+03
  -9.6511962e-03   4.1400000e+03
  -2.6218062e-02   4.1550000e+03
  -3.9991807e-02   4.1700000e+03
  -5.0016414e-02   4.1850000e+03
  -5.5718649e-02   4.2000000e+03
  -5.6954995e-02   4.2150000e+03
  -5.3981721e-02   4.2300000e+03
  -4.7357429e-02   4.2450000e+03
  -3.7824992e-02   4.2600000e+03
  -2.6220914e-02   4.2750000e+03
  -1.3422165e-02   4.2900000e+03
  -3.0734553e-04   4.3050000e+03
   1.2288161e-02   4.3200000e+03
   2.3621064e-02   4.3350000e+03
   3.3079904e-02   4.3500000e+03
   4.0207755e-02   4.3650000e+03
   4.4709839e-02   4.3800000e+03
   4.6455137e-02   4.3950000e+03
   4.5480695e-02   4.4100000e+03
   4.1996446e-02   4.4250000e+03
   3.6376007e-02   4.4400000e+03
   2.9120972e-02   4.4550000e+03
   2.0801850e-02   4.4700000e+03
   1.1990171e-02   4.4850000e+03
   3.1952620e-03   4.5000000e+03
