   7.0122810e-04   0.0000000e+00
   7.0113241e-04   1.5000000e+01
   7.0084626e-04   3.0000000e+01
   7.0018682e-04   4.5000000e+01
   6.9885032e-04   6.0000000e+01
   6.9657387e-04   7.5000000e+01
   6.9317425e-04   9.0000000e+01
   6.8859546e-04   1.0500000e+02
   6.8298617e-04   1.2000000e+02
   6.7657436e-04   1.3500000e+02
   6.6943810e-04   1.5000000e+02
   6.6141499e-04   1.6500000e+02
   6.5224268e-04   1.8000000e+02
   6.4178719e-04   1.9500000e+02
   6.3019176e-04   2.1000000e+02
   6.1798037e-04   2.2500000e+02
   6.0586305e-04   2.4000000e+02
   5.9427047e-04   2.5500000e+02
   5.8311695e-04   2.7000000e+02
   5.7180936e-04   2.8500000e+02
   5.5934093e-04   3.0000000e+02
   5.4479868e-04   3.1500000e+02
   5.2804023e-04   3.3000000e+02
   5.0972815e-04   3.4500000e+02
   4.9070129e-04   3.6000000e+02
   4.7133572e-04   3.7500000e+02
   4.5140993e-04   3.9000000e+02
   4.3066053e-04   4.0500000e+02
   4.0944022e-04   4.2000000e+02
   3.8831955e-04   4.3500000e+02
   3.6677034e-04   4.5000000e+02
   3.4222991e-04   4.6500000e+02
   3.0962500e-04   4.8000000e+02
   2.6048097e-04   4.9500000e+02
   1.8262681e-04   5.1000000e+02
   6.3591368e-05   5.2500000e+02
  -1.0039649e-04   5.4000000e+02
  -2.9264961e-04   5.5500000e+02
  -4.7123109e-04   5.7000000e+02
  -5.8300182e-04   5.8500000e+02
  -5.9698493e-04   6.0000000e+02
  -5.3586729e-04   6.1500000e+02
  -4.7202606e-04   6.3000000e+02
  -4.7551084e-04   6.4500000e+02
  -5.5170484e-04   6.6000000e+02
  -6.3297362e-04   6.7500000e+02
  -6.4277655e-04   6.9000000e+02
  -5.6856609e-04   7.0500000e+02
  -4.6255140e-04   7.2000000e+02
  -3.7364231e-04   7.3500000e+02
  -3.0077784e-04   7.5000000e+02
  -2.2651503e-04   7.6500000e+02
  -1.7317611e-04   7.8000000e+02
  -1.8821465e-04   7.9500000e+02
  -2.7360502e-04   8.1000000e+02
  -3.6823243e-04   8.2500000e+02
  -4.1822004e-04   8.4000000e+02
  -4.3272047e-04   8.5500000e+02
  -4.4428749e-04   8.7000000e+02
  -4.4848426e-04   8.8500000e+02
  -4.2874375e-04   9.0000000e+02
  -4.1712634e-04   9.1500000e+02
  -4.6751893e-04   9.3000000e+02
  -5.6971842e-04   9.4500000e+02
  -6.5040105e-04   9.6000000e+02
  -6.6948490e-04   9.7500000e+02
  -6.6190102e-04   9.9000000e+02
  -6.7394460e-04   1.0050000e+03
  -7.1152486e-04   1.0200000e+03
  -7.6104951e-04   1.0350000e+03
  -8.0885505e-04   1.0500000e+03
  -8.3111745e-04   1.0650000e+03
  -8.1271929e-04   1.0800000e+03
  -7.7951310e-04   1.0950000e+03
  -7.6721265e-04   1.1100000e+03
  -7.6040003e-04   1.1250000e+03
  -7.0390763e-04   1.1400000e+03
  -5.6946545e-04   1.1550000e+03
  -3.7185787e-04   1.1700000e+03
  -1.2086603e-04   1.1850000e+03
   2.0741309e-04   1.2000000e+03
   6.4086483e-04   1.2150000e+03
   1.1741403e-03   1.2300000e+03
   1.7798854e-03   1.2450000e+03
   2.4545135e-03   1.2600000e+03
   3.2395851e-03   1.2750000e+03
   4.1996809e-03   1.2900000e+03
   5.3979405e-03   1.3050000e+03
   6.8948925e-03   1.3200000e+03
   8.7434594e-03   1.3350000e+03
   1.0967532e-02   1.3500000e+03
   1.3564308e-02   1.3650000e+03
   1.6554249e-02   1.3800000e+03
   2.0031700e-02   1.3950000e+03
   2.4155937e-02   1.4100000e+03
   2.9090494e-02   1.4250000e+03
   3.4958322e-02   1.4400000e+03
   4.1860983e-02   1.4550000e+03
   4.9937706e-02   1.4700000e+03
   5.9398033e-02   1.4850000e+03
   7.0495971e-02   1.5000000e+03
   8.3480604e-02   1.5150000e+03
   9.8575935e-02   1.5300000e+03
   1.1599502e-01   1.5450000e+03
   1.3594060e-01   1.5600000e+03
   1.5854557e-01   1.5750000e+03
   1.8376027e-01   1.5900000e+03
   2.1124396e-01   1.6050000e+03
   2.4031074e-01   1.6200000e+03
   2.6993054e-01   1.6350000e+03
   2.9877776e-01   1.6500000e+03
   3.2537091e-01   1.6650000e+03
   3.4833372e-01   1.6800000e+03
   3.6665294e-01   1.6950000e+03
   3.7968239e-01   1.7100000e+03
   3.8679668e-01   1.7250000e+03
   3.8698015e-01   1.7400000e+03
   3.7883916e-01   1.7550000e+03
   3.6125031e-01   1.7700000e+03
   3.3429208e-01   1.7850000e+03
   2.9976344e-01   1.8000000e+03
   2.6081309e-01   1.8150000e+03
   2.2083987e-01   1.8300000e+03
   1.8236138e-01   1.8450000e+03
   1.4651512e-01   1.8600000e+03
   1.1330658e-01   1.8750000e+03
   8.2203358e-02   1.8900000e+03
   5.2662373e-02   1.9050000e+03
   2.4496658e-02   1.9200000e+03
  -1.8937209e-03   1.9350000e+03
  -2.5590215e-02   1.9500000e+03
  -4.5697771e-02   1.9650000e+03
  -6.2073808e-02   1.9800000e+03
  -7.5534008e-02   1.9950000e+03
  -8.7168619e-02   2.0100000e+03
  -9.7353190e-02   2.0250000e+03
  -1.0548765e-01   2.0400000e+03
  -1.1074141e-01   2.0550000e+03
  -1.1290623e-01   2.0700000e+03
  -1.1234809e-01   2.0850000e+03
  -1.0924990e-01   2.1000000e+03
  -1.0331832e-01   2.1150000e+03
  -9.4498351e-02   2.1300000e+03
  -8.3761387e-02   2.1450000e+03
  -7.2776005e-02   2.1600000e+03
  -6.2713809e-02   2.1750000e+03
  -5.3620715e-02   2.1900000e+03
  -4.5019850e-02   2.2050000e+03
  -3.6795955e-02   2.2200000e+03
  -2.9230539e-02   2.2350000e+03
  -2.2419173e-02   2.2500000e+03
  -1.6096750e-02   2.2650000e+03
  -1.0080263e-02   2.2800000e+03
  -4.5685200e-03   2.2950000e+03
   1.1996554e-04   2.3100000e+03
   3.8857707e-03   2.3250000e+03
   6.7899604e-03   2.3400000e+03
   8.8392198e-03   2.3550000e+03
   1.0005704e-02   2.3700000e+03
   1.0358603e-02   2.3850000e+03
   1.0016801e-02   2.4000000e+03
   9.0232790e-03   2.4150000e+03
   7.3814718e-03   2.4300000e+03
   5.1545696e-03   2.4450000e+03
   2.4085548e-03   2.4600000e+03
  -8.9372613e-04   2.4750000e+03
  -4.8101516e-03   2.4900000e+03
  -9.2366561e-03   2.5050000e+03
  -1.3898293e-02   2.5200000e+03
  -1.8511679e-02   2.5350000e+03
  -2.2879181e-02   2.5500000e+03
  -2.6848594e-02   2.5650000e+03
  -3.0290468e-02   2.5800000e+03
  -3.3149671e-02   2.5950000e+03
  -3.5464041e-02   2.6100000e+03
  -3.7312448e-02   2.6250000e+03
  -3.8783405e-02   2.6400000e+03
  -3.9997291e-02   2.6550000e+03
  -4.1102082e-02   2.6700000e+03
  -4.2204227e-02   2.6850000e+03
  -4.3304507e-02   2.7000000e+03
  -4.4302255e-02   2.7150000e+03
  -4.5049623e-02   2.7300000e+03
  -4.5412388e-02   2.7450000e+03
  -4.5320008e-02   2.7600000e+03
  -4.4793654e-02   2.7750000e+03
  -4.3937791e-02   2.7900000e+03
  -4.2904638e-02   2.8050000e+03
  -4.1861549e-02   2.8200000e+03
  -4.0971763e-02   2.8350000e+03
  -4.0372241e-02   2.8500000e+03
  -4.0141545e-02   2.8650000e+03
  -4.0278465e-02   2.8800000e+03
  -4.0713519e-02   2.8950000e+03
  -4.1348264e-02   2.9100000e+03
  -4.2096235e-02   2.9250000e+03
  -4.2903770e-02   2.9400000e+03
  -4.3747317e-02   2.9550000e+03
  -4.4614848e-02   2.9700000e+03
  -4.5479741e-02   2.9850000e+03
  -4.6278063e-02   3.0000000e+03
  -4.6907239e-02   3.0150000e+03
  -4.7259003e-02   3.0300000e+03
  -4.7272250e-02   3.0450000e+03
  -4.6965647e-02   3.0600000e+03
  -4.6419401e-02   3.0750000e+03
  -4.5718204e-02   3.0900000e+03
  -4.4900171e-02   3.1050000e+03
  -4.3947391e-02   3.1200000e+03
  -4.2814527e-02   3.1350000e+03
  -4.1463863e-02   3.1500000e+03
  -3.9880879e-02   3.1650000e+03
  -3.8070221e-02   3.1800000e+03
  -3.6047418e-02   3.1950000e+03
  -3.3836693e-02   3.2100000e+03
  -3.1473402e-02   3.2250000e+03
  -2.9006196e-02   3.2400000e+03
  -2.6498167e-02   3.2550000e+03
  -2.4028733e-02   3.2700000e+03
  -2.1695465e-02   3.2850000e+03
  -1.9612327e-02   3.3000000e+03
  -1.7903205e-02   3.3150000e+03
  -1.6693285e-02   3.3300000e+03
  -1.6099242e-02   3.3450000e+03
  -1.6214231e-02   3.3600000e+03
  -1.7085960e-02   3.3750000e+03
  -1.8697575e-02   3.3900000e+03
  -2.0966064e-02   3.4050000e+03
  -2.3759682e-02   3.4200000e+03
  -2.6917377e-02   3.4350000e+03
  -3.0254040e-02   3.4500000e+03
  -3.3557851e-02   3.4650000e+03
  -3.6602098e-02   3.4800000e+03
  -3.9181929e-02   3.4950000e+03
  -4.1158713e-02   3.5100000e+03
  -4.2482417e-02   3.5250000e+03
  -4.3177746e-02   3.5400000e+03
  -4.3306280e-02   3.5550000e+03
  -4.2931177e-02   3.5700000e+03
  -4.2104933e-02   3.5850000e+03
  -4.0881213e-02   3.6000000e+03
  -3.9332882e-02   3.6150000e+03
  -3.7554748e-02   3.6300000e+03
  -3.5645366e-02   3.6450000e+03
  -3.3683892e-02   3.6600000e+03
  -3.1722672e-02   3.6750000e+03
  -2.9798340e-02   3.6900000e+03
  -2.7945692e-02   3.7050000e+03
  -2.6200939e-02   3.7200000e+03
  -2.4599193e-02   3.7350000e+03
  -2.3178177e-02   3.7500000e+03
  -2.1986874e-02   3.7650000e+03
  -2.1084206e-02   3.7800000e+03
  -2.0520527e-02   3.7950000e+03
  -2.0314533e-02   3.8100000e+03
  -2.0443713e-02   3.8250000e+03
  -2.0850234e-02   3.8400000e+03
  -2.1448791e-02   3.8550000e+03
  -2.2128327e-02   3.8700000e+03
  -2.2755705e-02   3.8850000e+03
  -2.3191819e-02   3.9000000e+03
  -2.3315517e-02   3.9150000e+03
  -2.3039697e-02   3.9300000e+03
  -2.2312518e-02   3.9450000e+03
  -2.1112664e-02   3.9600000e+03
  -1.9449577e-02   3.9750000e+03
  -1.7367331e-02   3.9900000e+03
  -1.4943289e-02   4.0050000e+03
  -1.2279553e-02   4.0200000e+03
  -9.4940299e-03   4.0350000e+03
  -6.7152088e-03   4.0500000e+03
  -4.0763612e-03   4.0650000e+03
  -1.7046599e-03   4.0800000e+03
   2.9116974e-04   4.0950000e+03
   1.8277448e-03   4.1100000e+03
   2.8473458e-03   4.1250000e+03
   3.3164325e-03   4.1400000e+03
   3.2257701e-03   4.1550000e+03
   2.5914060e-03   4.1700000e+03
   1.4549167e-03   4.1850000e+03
  -1.1763368e-04   4.2000000e+03
  -2.0387778e-03   4.2150000e+03
  -4.2052753e-03   4.2300000e+03
  -6.5046418e-03   4.2450000e+03
  -8.8197766e-03   4.2600000e+03
  -1.1030426e-02   4.2750000e+03
  -1.3012420e-02   4.2900000e+03
  -1.4636881e-02   4.3050000e+03
  -1.5773138e-02   4.3200000e+03
  -1.6299117e-02   4.3350000e+03
  -1.6118199e-02   4.3500000e+03
  -1.5175277e-02   4.3650000e+03
  -1.3464389e-02   4.3800000e+03
  -1.1026845e-02   4.3950000e+03
  -7.9439553e-03   4.4100000e+03
  -4.3283049e-03   4.4250000e+03
  -3.1571602e-04   4.4400000e+03
   3.9411397e-03   4.4550000e+03
   8.2786046e-03   4.4700000e+03
   1.2530488e-02   4.4850000e+03
   1.6539903e-02   4.5000000e+03
