  -1.3467205e-03   0.0000000e+00
  -1.3467252e-03   1.5000000e+01
  -1.3467587e-03   3.0000000e+01
  -1.3468480e-03   4.5000000e+01
  -1.3469392e-03   6.0000000e+01
  -1.3469259e-03   7.5000000e+01
  -1.3467852e-03   9.0000000e+01
  -1.3466298e-03   1.0500000e+02
  -1.3466548e-03   1.2000000e+02
  -1.3469692e-03   1.3500000e+02
  -1.3473941e-03   1.5000000e+02
  -1.3473920e-03   1.6500000e+02
  -1.3458538e-03   1.8000000e+02
  -1.3395739e-03   1.9500000e+02
  -1.3191155e-03   2.1000000e+02
  -1.2642723e-03   2.2500000e+02
  -1.1483957e-03   2.4000000e+02
  -9.6213818e-04   2.5500000e+02
  -7.4715872e-04   2.7000000e+02
  -5.9725344e-04   2.8500000e+02
  -5.9102784e-04   3.0000000e+02
  -7.0155837e-04   3.1500000e+02
  -7.9960481e-04   3.3000000e+02
  -7.8621780e-04   3.4500000e+02
  -7.0636917e-04   3.6000000e+02
  -6.8029296e-04   3.7500000e+02
  -7.3509302e-04   3.9000000e+02
  -7.7986467e-04   4.0500000e+02
  -7.5540511e-04   4.2000000e+02
  -7.1717339e-04   4.3500000e+02
  -7.2971673e-04   4.5000000e+02
  -7.6416502e-04   4.6500000e+02
  -7.6383830e-04   4.8000000e+02
  -7.4283552e-04   4.9500000e+02
  -7.4710289e-04   5.1000000e+02
  -7.6950155e-04   5.2500000e+02
  -7.7330007e-04   5.4000000e+02
  -7.6158834e-04   5.5500000e+02
  -7.6284230e-04   5.7000000e+02
  -7.7581196e-04   5.8500000e+02
  -7.7857048e-04   6.0000000e+02
  -7.7216275e-04   6.1500000e+02
  -7.7420572e-04   6.3000000e+02
  -7.8390096e-04   6.4500000e+02
  -7.8764081e-04   6.6000000e+02
  -7.8644615e-04   6.7500000e+02
  -7.8944501e-04   6.9000000e+02
  -7.9289073e-04   7.0500000e+02
  -7.8776258e-04   7.2000000e+02
  -7.7542890e-04   7.3500000e+02
  -7.6072646e-04   7.5000000e+02
  -7.4296165e-04   7.6500000e+02
  -7.2483264e-04   7.8000000e+02
  -7.1884523e-04   7.9500000e+02
  -7.3600758e-04   8.1000000e+02
  -7.7419600e-04   8.2500000e+02
  -8.1991113e-04   8.4000000e+02
  -8.5558277e-04   8.5500000e+02
  -8.6796656e-04   8.7000000e+02
  -8.5968396e-04   8.8500000e+02
  -8.5198792e-04   9.0000000e+02
  -8.6617348e-04   9.1500000e+02
  -9.0012589e-04   9.3000000e+02
  -9.3026966e-04   9.4500000e+02
  -9.3920453e-04   9.6000000e+02
  -9.3557028e-04   9.7500000e+02
  -9.4189798e-04   9.9000000e+02
  -9.6624537e-04   1.0050000e+03
  -9.9340896e-04   1.0200000e+03
  -1.0062403e-03   1.0350000e+03
  -1.0080753e-03   1.0500000e+03
  -1.0156408e-03   1.0650000e+03
  -1.0338703e-03   1.0800000e+03
  -1.0505919e-03   1.0950000e+03
  -1.0577275e-03   1.1100000e+03
  -1.0639885e-03   1.1250000e+03
  -1.0796733e-03   1.1400000e+03
  -1.1007860e-03   1.1550000e+03
  -1.1186105e-03   1.1700000e+03
  -1.1360998e-03   1.1850000e+03
  -1.1624916e-03   1.2000000e+03
  -1.1973184e-03   1.2150000e+03
  -1.2319405e-03   1.2300000e+03
  -1.2634378e-03   1.2450000e+03
  -1.2955144e-03   1.2600000e+03
  -1.3279024e-03   1.2750000e+03
  -1.3558513e-03   1.2900000e+03
  -1.3793880e-03   1.3050000e+03
  -1.4035826e-03   1.3200000e+03
  -1.4299196e-03   1.3350000e+03
  -1.4555134e-03   1.3500000e+03
  -1.4803025e-03   1.3650000e+03
  -1.5077203e-03   1.3800000e+03
  -1.5386594e-03   1.3950000e+03
  -1.5709529e-03   1.4100000e+03
  -1.6040403e-03   1.4250000e+03
  -1.6389671e-03   1.4400000e+03
  -1.6748005e-03   1.4550000e+03
  -1.7090306e-03   1.4700000e+03
  -1.7405704e-03   1.4850000e+03
  -1.7701075e-03   1.5000000e+03
  -1.7992789e-03   1.5150000e+03
  -1.8306220e-03   1.5300000e+03
  -1.8658335e-03   1.5450000e+03
  -1.9033821e-03   1.5600000e+03
  -1.9404644e-03   1.5750000e+03
  -1.9774518e-03   1.5900000e+03
  -2.0175562e-03   1.6050000e+03
  -2.0620576e-03   1.6200000e+03
  -2.1087311e-03   1.6350000e+03
  -2.1551668e-03   1.6500000e+03
  -2.2008845e-03   1.6650000e+03
  -2.2457773e-03   1.6800000e+03
  -2.2891003e-03   1.6950000e+03
  -2.3310699e-03   1.7100000e+03
  -2.3741778e-03   1.7250000e+03
  -2.4218878e-03   1.7400000e+03
  -2.4754156e-03   1.7550000e+03
  -2.5314500e-03   1.7700000e+03
  -2.5841005e-03   1.7850000e+03
  -2.6302019e-03   1.8000000e+03
  -2.6718806e-03   1.8150000e+03
  -2.7131052e-03   1.8300000e+03
  -2.7551760e-03   1.8450000e+03
  -2.7968579e-03   1.8600000e+03
  -2.8373478e-03   1.8750000e+03
  -2.8771618e-03   1.8900000e+03
  -2.9167954e-03   1.9050000e+03
  -2.9560383e-03   1.9200000e+03
  -2.9941590e-03   1.9350000e+03
  -3.0295933e-03   1.9500000e+03
  -3.0601621e-03   1.9650000e+03
  -3.0848319e-03   1.9800000e+03
  -3.1046299e-03   1.9950000e+03
  -3.1207830e-03   2.0100000e+03
  -3.1325999e-03   2.0250000e+03
  -3.1378341e-03   2.0400000e+03
  -3.1339910e-03   2.0550000e+03
  -3.1177418e-03   2.0700000e+03
  -3.0832926e-03   2.0850000e+03
  -3.0225732e-03   2.1000000e+03
  -2.9271350e-03   2.1150000e+03
  -2.7887819e-03   2.1300000e+03
  -2.5976654e-03   2.1450000e+03
  -2.3402788e-03   2.1600000e+03
  -1.9993240e-03   2.1750000e+03
  -1.5535753e-03   2.1900000e+03
  -9.7538467e-04   2.2050000e+03
  -2.2649446e-04   2.2200000e+03
   7.4645557e-04   2.2350000e+03
   2.0174764e-03   2.2500000e+03
   3.6885480e-03   2.2650000e+03
   5.8978973e-03   2.2800000e+03
   8.8306200e-03   2.2950000e+03
   1.2735793e-02   2.3100000e+03
   1.7949998e-02   2.3250000e+03
   2.4919802e-02   2.3400000e+03
   3.4214079e-02   2.3550000e+03
   4.6518557e-02   2.3700000e+03
   6.2600300e-02   2.3850000e+03
   8.3219253e-02   2.4000000e+03
   1.0896186e-01   2.4150000e+03
   1.3998811e-01   2.4300000e+03
   1.7571442e-01   2.4450000e+03
   2.1449144e-01   2.4600000e+03
   2.5337541e-01   2.4750000e+03
   2.8812736e-01   2.4900000e+03
   3.1358227e-01   2.5050000e+03
   3.2447132e-01   2.5200000e+03
   3.1663805e-01   2.5350000e+03
   2.8838462e-01   2.5500000e+03
   2.4149790e-01   2.5650000e+03
   1.8144540e-01   2.5800000e+03
   1.1639740e-01   2.5950000e+03
   5.5137537e-02   2.6100000e+03
   4.4541806e-03   2.6250000e+03
  -3.2991931e-02   2.6400000e+03
  -5.9327327e-02   2.6550000e+03
  -8.0184489e-02   2.6700000e+03
  -1.0189918e-01   2.6850000e+03
  -1.2840983e-01   2.7000000e+03
  -1.5931909e-01   2.7150000e+03
  -1.9004413e-01   2.7300000e+03
  -2.1393526e-01   2.7450000e+03
  -2.2526877e-01   2.7600000e+03
  -2.2166577e-01   2.7750000e+03
  -2.0489529e-01   2.7900000e+03
  -1.7987080e-01   2.8050000e+03
  -1.5244362e-01   2.8200000e+03
  -1.2700042e-01   2.8350000e+03
  -1.0485554e-01   2.8500000e+03
  -8.4102541e-02   2.8650000e+03
  -6.1040901e-02   2.8800000e+03
  -3.2606214e-02   2.8950000e+03
   1.3458837e-03   2.9100000e+03
   3.7133101e-02   2.9250000e+03
   6.8315752e-02   2.9400000e+03
   8.8268057e-02   2.9550000e+03
   9.2939250e-02   2.9700000e+03
   8.2453735e-02   2.9850000e+03
   6.0943063e-02   3.0000000e+03
   3.4954984e-02   3.0150000e+03
   1.1317641e-02   3.0300000e+03
  -4.7405274e-03   3.0450000e+03
  -1.0803451e-02   3.0600000e+03
  -7.6829270e-03   3.0750000e+03
   1.0404509e-03   3.0900000e+03
   1.0368806e-02   3.1050000e+03
   1.5823662e-02   3.1200000e+03
   1.5190103e-02   3.1350000e+03
   9.1640549e-03   3.1500000e+03
   5.5236369e-04   3.1650000e+03
  -7.4044857e-03   3.1800000e+03
  -1.2508998e-02   3.1950000e+03
  -1.4150464e-02   3.2100000e+03
  -1.2986749e-02   3.2250000e+03
  -1.0314485e-02   3.2400000e+03
  -7.5471075e-03   3.2550000e+03
  -5.8833351e-03   3.2700000e+03
  -6.1394149e-03   3.2850000e+03
  -8.7605976e-03   3.3000000e+03
  -1.3932493e-02   3.3150000e+03
  -2.1548238e-02   3.3300000e+03
  -3.0891767e-02   3.3450000e+03
  -4.0294718e-02   3.3600000e+03
  -4.7274206e-02   3.3750000e+03
  -4.9397551e-02   3.3900000e+03
  -4.5523100e-02   3.4050000e+03
  -3.6648508e-02   3.4200000e+03
  -2.5715422e-02   3.4350000e+03
  -1.6337752e-02   3.4500000e+03
  -1.1170501e-02   3.4650000e+03
  -1.0970619e-02   3.4800000e+03
  -1.4947504e-02   3.4950000e+03
  -2.2001283e-02   3.5100000e+03
  -3.1730074e-02   3.5250000e+03
  -4.4310924e-02   3.5400000e+03
  -5.9313022e-02   3.5550000e+03
  -7.4347764e-02   3.5700000e+03
  -8.4609516e-02   3.5850000e+03
  -8.3885178e-02   3.6000000e+03
  -6.6873685e-02   3.6150000e+03
  -3.1921748e-02   3.6300000e+03
   1.7190276e-02   3.6450000e+03
   7.1595050e-02   3.6600000e+03
   1.1999179e-01   3.6750000e+03
   1.5245056e-01   3.6900000e+03
   1.6352041e-01   3.7050000e+03
   1.5331602e-01   3.7200000e+03
   1.2656660e-01   3.7350000e+03
   9.0636276e-02   3.7500000e+03
   5.3541940e-02   3.7650000e+03
   2.2306362e-02   3.7800000e+03
   1.5298591e-03   3.7950000e+03
  -7.6421564e-03   3.8100000e+03
  -7.4680517e-03   3.8250000e+03
  -2.0207106e-03   3.8400000e+03
   5.2606822e-03   3.8550000e+03
   1.3216496e-02   3.8700000e+03
   2.2526558e-02   3.8850000e+03
   3.3577316e-02   3.9000000e+03
   4.4537950e-02   3.9150000e+03
   5.1437553e-02   3.9300000e+03
   5.0355844e-02   3.9450000e+03
   4.0085830e-02   3.9600000e+03
   2.3275621e-02   3.9750000e+03
   5.2596293e-03   3.9900000e+03
  -8.5689826e-03   4.0050000e+03
  -1.5168446e-02   4.0200000e+03
  -1.4772083e-02   4.0350000e+03
  -1.0160758e-02   4.0500000e+03
  -5.0404696e-03   4.0650000e+03
  -2.4794082e-03   4.0800000e+03
  -3.9460976e-03   4.0950000e+03
  -9.0078562e-03   4.1100000e+03
  -1.5601914e-02   4.1250000e+03
  -2.0864485e-02   4.1400000e+03
  -2.2389252e-02   4.1550000e+03
  -1.9398147e-02   4.1700000e+03
  -1.3091302e-02   4.1850000e+03
  -5.8468487e-03   4.2000000e+03
   2.3615066e-04   4.2150000e+03
   4.4542826e-03   4.2300000e+03
   7.5679114e-03   4.2450000e+03
   1.0903041e-02   4.2600000e+03
   1.5172540e-02   4.2750000e+03
   1.9748900e-02   4.2900000e+03
   2.2763494e-02   4.3050000e+03
   2.1965370e-02   4.3200000e+03
   1.5921159e-02   4.3350000e+03
   4.9522915e-03   4.3500000e+03
  -8.7195067e-03   4.3650000e+03
  -2.1775030e-02   4.3800000e+03
  -3.1182796e-02   4.3950000e+03
  -3.5430074e-02   4.4100000e+03
  -3.4919929e-02   4.4250000e+03
  -3.1379048e-02   4.4400000e+03
  -2.6787408e-02   4.4550000e+03
  -2.2606021e-02   4.4700000e+03
  -1.9677496e-02   4.4850000e+03
  -1.8496135e-02   4.5000000e+03
