  -1.3310767e-03   0.0000000e+00
  -1.3311683e-03   1.5000000e+01
  -1.3313588e-03   3.0000000e+01
  -1.3315266e-03   4.5000000e+01
  -1.3316813e-03   6.0000000e+01
  -1.3318264e-03   7.5000000e+01
  -1.3319605e-03   9.0000000e+01
  -1.3322402e-03   1.0500000e+02
  -1.3327822e-03   1.2000000e+02
  -1.3334353e-03   1.3500000e+02
  -1.3340124e-03   1.5000000e+02
  -1.3345381e-03   1.6500000e+02
  -1.3350598e-03   1.8000000e+02
  -1.3355255e-03   1.9500000e+02
  -1.3358997e-03   2.1000000e+02
  -1.3362337e-03   2.2500000e+02
  -1.3366254e-03   2.4000000e+02
  -1.3371388e-03   2.5500000e+02
  -1.3377590e-03   2.7000000e+02
  -1.3384032e-03   2.8500000e+02
  -1.3390392e-03   3.0000000e+02
  -1.3397136e-03   3.1500000e+02
  -1.3404603e-03   3.3000000e+02
  -1.3412592e-03   3.4500000e+02
  -1.3421058e-03   3.6000000e+02
  -1.3430559e-03   3.7500000e+02
  -1.3441247e-03   3.9000000e+02
  -1.3452520e-03   4.0500000e+02
  -1.3463909e-03   4.2000000e+02
  -1.3473679e-03   4.3500000e+02
  -1.3476325e-03   4.5000000e+02
  -1.3460607e-03   4.6500000e+02
  -1.3404621e-03   4.8000000e+02
  -1.3266593e-03   4.9500000e+02
  -1.2981826e-03   5.1000000e+02
  -1.2483480e-03   5.2500000e+02
  -1.1755863e-03   5.4000000e+02
  -1.0898811e-03   5.5500000e+02
  -1.0149451e-03   5.7000000e+02
  -9.8006008e-04   5.8500000e+02
  -1.0011774e-03   6.0000000e+02
  -1.0632856e-03   6.1500000e+02
  -1.1231509e-03   6.3000000e+02
  -1.1385982e-03   6.4500000e+02
  -1.1026460e-03   6.6000000e+02
  -1.0471161e-03   6.7500000e+02
  -1.0056987e-03   6.9000000e+02
  -9.7359606e-04   7.0500000e+02
  -9.1292319e-04   7.2000000e+02
  -8.0252258e-04   7.3500000e+02
  -6.7295477e-04   7.5000000e+02
  -5.8150647e-04   7.6500000e+02
  -5.5780058e-04   7.8000000e+02
  -5.8709120e-04   7.9500000e+02
  -6.4271700e-04   8.1000000e+02
  -7.1211939e-04   8.2500000e+02
  -7.8271644e-04   8.4000000e+02
  -8.2687987e-04   8.5500000e+02
  -8.2710729e-04   8.7000000e+02
  -8.0720161e-04   8.8500000e+02
  -8.1198325e-04   9.0000000e+02
  -8.5566647e-04   9.1500000e+02
  -9.1165199e-04   9.3000000e+02
  -9.5269782e-04   9.4500000e+02
  -9.7630516e-04   9.6000000e+02
  -9.8800287e-04   9.7500000e+02
  -9.8820147e-04   9.9000000e+02
  -9.8578795e-04   1.0050000e+03
  -9.9936570e-04   1.0200000e+03
  -1.0313304e-03   1.0350000e+03
  -1.0603974e-03   1.0500000e+03
  -1.0715075e-03   1.0650000e+03
  -1.0758500e-03   1.0800000e+03
  -1.0911927e-03   1.0950000e+03
  -1.1177062e-03   1.1100000e+03
  -1.1429987e-03   1.1250000e+03
  -1.1595230e-03   1.1400000e+03
  -1.1684427e-03   1.1550000e+03
  -1.1734162e-03   1.1700000e+03
  -1.1771858e-03   1.1850000e+03
  -1.1815720e-03   1.2000000e+03
  -1.1878918e-03   1.2150000e+03
  -1.1989819e-03   1.2300000e+03
  -1.2211399e-03   1.2450000e+03
  -1.2606455e-03   1.2600000e+03
  -1.3161025e-03   1.2750000e+03
  -1.3759651e-03   1.2900000e+03
  -1.4253345e-03   1.3050000e+03
  -1.4545502e-03   1.3200000e+03
  -1.4633865e-03   1.3350000e+03
  -1.4630596e-03   1.3500000e+03
  -1.4736688e-03   1.3650000e+03
  -1.5094958e-03   1.3800000e+03
  -1.5618827e-03   1.3950000e+03
  -1.6045516e-03   1.4100000e+03
  -1.6222304e-03   1.4250000e+03
  -1.6284396e-03   1.4400000e+03
  -1.6495464e-03   1.4550000e+03
  -1.6956251e-03   1.4700000e+03
  -1.7518252e-03   1.4850000e+03
  -1.7957162e-03   1.5000000e+03
  -1.8196146e-03   1.5150000e+03
  -1.8365454e-03   1.5300000e+03
  -1.8653873e-03   1.5450000e+03
  -1.9104935e-03   1.5600000e+03
  -1.9583006e-03   1.5750000e+03
  -1.9953940e-03   1.5900000e+03
  -2.0254259e-03   1.6050000e+03
  -2.0626138e-03   1.6200000e+03
  -2.1112275e-03   1.6350000e+03
  -2.1603252e-03   1.6500000e+03
  -2.2007064e-03   1.6650000e+03
  -2.2381535e-03   1.6800000e+03
  -2.2834092e-03   1.6950000e+03
  -2.3356292e-03   1.7100000e+03
  -2.3851867e-03   1.7250000e+03
  -2.4298928e-03   1.7400000e+03
  -2.4779506e-03   1.7550000e+03
  -2.5343525e-03   1.7700000e+03
  -2.5939841e-03   1.7850000e+03
  -2.6511194e-03   1.8000000e+03
  -2.7078406e-03   1.8150000e+03
  -2.7689121e-03   1.8300000e+03
  -2.8342034e-03   1.8450000e+03
  -2.9008579e-03   1.8600000e+03
  -2.9690186e-03   1.8750000e+03
  -3.0409584e-03   1.8900000e+03
  -3.1168822e-03   1.9050000e+03
  -3.1953957e-03   1.9200000e+03
  -3.2769181e-03   1.9350000e+03
  -3.3637225e-03   1.9500000e+03
  -3.4572827e-03   1.9650000e+03
  -3.5577146e-03   1.9800000e+03
  -3.6650060e-03   1.9950000e+03
  -3.7787403e-03   2.0100000e+03
  -3.8972988e-03   2.0250000e+03
  -4.0195403e-03   2.0400000e+03
  -4.1472618e-03   2.0550000e+03
  -4.2845262e-03   2.0700000e+03
  -4.4347499e-03   2.0850000e+03
  -4.5993724e-03   2.1000000e+03
  -4.7783717e-03   2.1150000e+03
  -4.9705314e-03   2.1300000e+03
  -5.1738410e-03   2.1450000e+03
  -5.3872019e-03   2.1600000e+03
  -5.6119021e-03   2.1750000e+03
  -5.8510015e-03   2.1900000e+03
  -6.1080446e-03   2.2050000e+03
  -6.3872961e-03   2.2200000e+03
  -6.6943238e-03   2.2350000e+03
  -7.0344363e-03   2.2500000e+03
  -7.4099265e-03   2.2650000e+03
  -7.8197429e-03   2.2800000e+03
  -8.2619628e-03   2.2950000e+03
  -8.7353699e-03   2.3100000e+03
  -9.2373323e-03   2.3250000e+03
  -9.7587649e-03   2.3400000e+03
  -1.0277232e-02   2.3550000e+03
  -1.0745571e-02   2.3700000e+03
  -1.1069408e-02   2.3850000e+03
  -1.1064856e-02   2.4000000e+03
  -1.0387919e-02   2.4150000e+03
  -8.4307930e-03   2.4300000e+03
  -4.1897460e-03   2.4450000e+03
   3.8701908e-03   2.4600000e+03
   1.7891364e-02   2.4750000e+03
   4.0527441e-02   2.4900000e+03
   7.4518844e-02   2.5050000e+03
   1.2178966e-01   2.5200000e+03
   1.8202782e-01   2.5350000e+03
   2.5096878e-01   2.5500000e+03
   3.1898600e-01   2.5650000e+03
   3.7095553e-01   2.5800000e+03
   3.8843352e-01   2.5950000e+03
   3.5464519e-01   2.6100000e+03
   2.6151291e-01   2.6250000e+03
   1.1627948e-01   2.6400000e+03
  -5.5884209e-02   2.6550000e+03
  -2.1643363e-01   2.6700000e+03
  -3.2558143e-01   2.6850000e+03
  -3.5814658e-01   2.7000000e+03
  -3.1569931e-01   2.7150000e+03
  -2.2751608e-01   2.7300000e+03
  -1.3764131e-01   2.7450000e+03
  -8.3214298e-02   2.7600000e+03
  -7.5521663e-02   2.7750000e+03
  -9.5206350e-02   2.7900000e+03
  -1.0547752e-01   2.8050000e+03
  -7.6094314e-02   2.8200000e+03
  -3.5612951e-03   2.8350000e+03
   8.5242331e-02   2.8500000e+03
   1.4849435e-01   2.8650000e+03
   1.5422657e-01   2.8800000e+03
   9.8850742e-02   2.8950000e+03
   8.1691574e-03   2.9100000e+03
  -7.8563102e-02   2.9250000e+03
  -1.2988177e-01   2.9400000e+03
  -1.3461360e-01   2.9550000e+03
  -9.9628963e-02   2.9700000e+03
  -3.8877435e-02   2.9850000e+03
   3.4477945e-02   3.0000000e+03
   1.0664903e-01   3.0150000e+03
   1.5790980e-01   3.0300000e+03
   1.6442831e-01   3.0450000e+03
   1.1162034e-01   3.0600000e+03
   1.0428173e-02   3.0750000e+03
  -9.8564617e-02   3.0900000e+03
  -1.6149224e-01   3.1050000e+03
  -1.4144138e-01   3.1200000e+03
  -4.4180032e-02   3.1350000e+03
   7.9370566e-02   3.1500000e+03
   1.6012314e-01   3.1650000e+03
   1.5354905e-01   3.1800000e+03
   6.9695406e-02   3.1950000e+03
  -3.3306066e-02   3.2100000e+03
  -9.0163179e-02   3.2250000e+03
  -7.3627718e-02   3.2400000e+03
  -9.5532443e-03   3.2550000e+03
   4.7448840e-02   3.2700000e+03
   5.5500992e-02   3.2850000e+03
   1.2017247e-02   3.3000000e+03
  -5.0328799e-02   3.3150000e+03
  -8.9945152e-02   3.3300000e+03
  -8.4135137e-02   3.3450000e+03
  -4.0530484e-02   3.3600000e+03
   1.2964983e-02   3.3750000e+03
   5.0070837e-02   3.3900000e+03
   6.2296264e-02   3.4050000e+03
   5.7688113e-02   3.4200000e+03
   4.6475757e-02   3.4350000e+03
   2.9352559e-02   3.4500000e+03
  -2.2415761e-04   3.4650000e+03
  -4.3455925e-02   3.4800000e+03
  -8.7424994e-02   3.4950000e+03
  -1.1020996e-01   3.5100000e+03
  -9.6486695e-02   3.5250000e+03
  -5.0194263e-02   3.5400000e+03
   6.6092196e-03   3.5550000e+03
   4.7325760e-02   3.5700000e+03
   5.5609200e-02   3.5850000e+03
   3.1715885e-02   3.6000000e+03
  -1.0128358e-02   3.6150000e+03
  -4.8474327e-02   3.6300000e+03
  -6.2807508e-02   3.6450000e+03
  -4.2934738e-02   3.6600000e+03
   3.7081707e-03   3.6750000e+03
   5.3828955e-02   3.6900000e+03
   8.1745215e-02   3.7050000e+03
   7.6231390e-02   3.7200000e+03
   4.6877198e-02   3.7350000e+03
   1.4049469e-02   3.7500000e+03
  -8.3116200e-03   3.7650000e+03
  -2.0821830e-02   3.7800000e+03
  -3.0795764e-02   3.7950000e+03
  -3.8431637e-02   3.8100000e+03
  -3.3634853e-02   3.8250000e+03
  -8.1721256e-03   3.8400000e+03
   3.0259935e-02   3.8550000e+03
   5.9210245e-02   3.8700000e+03
   5.9090290e-02   3.8850000e+03
   3.0205583e-02   3.9000000e+03
  -7.6268669e-03   3.9150000e+03
  -3.1575229e-02   3.9300000e+03
  -3.1878039e-02   3.9450000e+03
  -1.4464211e-02   3.9600000e+03
   7.7920142e-03   3.9750000e+03
   2.4588315e-02   3.9900000e+03
   3.2296255e-02   4.0050000e+03
   3.3737984e-02   4.0200000e+03
   3.5658434e-02   4.0350000e+03
   4.3605614e-02   4.0500000e+03
   5.5403005e-02   4.0650000e+03
   5.8534272e-02   4.0800000e+03
   3.6680970e-02   4.0950000e+03
  -1.6028516e-02   4.1100000e+03
  -8.2914278e-02   4.1250000e+03
  -1.2741150e-01   4.1400000e+03
  -1.1502063e-01   4.1550000e+03
  -4.2093195e-02   4.1700000e+03
   5.3080954e-02   4.1850000e+03
   1.1208985e-01   4.2000000e+03
   9.7931623e-02   4.2150000e+03
   2.2601539e-02   4.2300000e+03
  -6.2120706e-02   4.2450000e+03
  -1.0168622e-01   4.2600000e+03
  -7.4072167e-02   4.2750000e+03
  -3.7262897e-04   4.2900000e+03
   7.2060689e-02   4.3050000e+03
   1.0075956e-01   4.3200000e+03
   7.3645249e-02   4.3350000e+03
   1.2316933e-02   4.3500000e+03
  -4.7499545e-02   4.3650000e+03
  -7.9756357e-02   4.3800000e+03
  -7.6110899e-02   4.3950000e+03
  -3.8621861e-02   4.4100000e+03
   2.5364064e-02   4.4250000e+03
   9.7254008e-02   4.4400000e+03
   1.4263919e-01   4.4550000e+03
   1.2463916e-01   4.4700000e+03
   3.2503318e-02   4.4850000e+03
  -9.7359046e-02   4.5000000e+03
