  -1.4410731e-03   0.0000000e+00
  -1.4411781e-03   1.5000000e+01
  -1.4413637e-03   3.0000000e+01
  -1.4414900e-03   4.5000000e+01
  -1.4416260e-03   6.0000000e+01
  -1.4418208e-03   7.5000000e+01
  -1.4421154e-03   9.0000000e+01
  -1.4427350e-03   1.0500000e+02
  -1.4438103e-03   1.2000000e+02
  -1.4450698e-03   1.3500000e+02
  -1.4462216e-03   1.5000000e+02
  -1.4473364e-03   1.6500000e+02
  -1.4485641e-03   1.8000000e+02
  -1.4498631e-03   1.9500000e+02
  -1.4511565e-03   2.1000000e+02
  -1.4524268e-03   2.2500000e+02
  -1.4536689e-03   2.4000000e+02
  -1.4548934e-03   2.5500000e+02
  -1.4560877e-03   2.7000000e+02
  -1.4572500e-03   2.8500000e+02
  -1.4585286e-03   3.0000000e+02
  -1.4601368e-03   3.1500000e+02
  -1.4621244e-03   3.3000000e+02
  -1.4643287e-03   3.4500000e+02
  -1.4666179e-03   3.6000000e+02
  -1.4690385e-03   3.7500000e+02
  -1.4716357e-03   3.9000000e+02
  -1.4743420e-03   4.0500000e+02
  -1.4770192e-03   4.2000000e+02
  -1.4793818e-03   4.3500000e+02
  -1.4809180e-03   4.5000000e+02
  -1.4809310e-03   4.6500000e+02
  -1.4782825e-03   4.8000000e+02
  -1.4705920e-03   4.9500000e+02
  -1.4537964e-03   5.1000000e+02
  -1.4236419e-03   5.2500000e+02
  -1.3794982e-03   5.4000000e+02
  -1.3285442e-03   5.5500000e+02
  -1.2867401e-03   5.7000000e+02
  -1.2730418e-03   5.8500000e+02
  -1.2968659e-03   6.0000000e+02
  -1.3467807e-03   6.1500000e+02
  -1.3929975e-03   6.3000000e+02
  -1.4069942e-03   6.4500000e+02
  -1.3835412e-03   6.6000000e+02
  -1.3421536e-03   6.7500000e+02
  -1.3017812e-03   6.9000000e+02
  -1.2541483e-03   7.0500000e+02
  -1.1700512e-03   7.2000000e+02
  -1.0376539e-03   7.3500000e+02
  -8.8939414e-04   7.5000000e+02
  -7.8234624e-04   7.6500000e+02
  -7.5201655e-04   7.8000000e+02
  -7.9102564e-04   7.9500000e+02
  -8.6912309e-04   8.1000000e+02
  -9.5915241e-04   8.2500000e+02
  -1.0386083e-03   8.4000000e+02
  -1.0841194e-03   8.5500000e+02
  -1.0860598e-03   8.7000000e+02
  -1.0670886e-03   8.8500000e+02
  -1.0683842e-03   9.0000000e+02
  -1.1108971e-03   9.1500000e+02
  -1.1782784e-03   9.3000000e+02
  -1.2390612e-03   9.4500000e+02
  -1.2747096e-03   9.6000000e+02
  -1.2846220e-03   9.7500000e+02
  -1.2792130e-03   9.9000000e+02
  -1.2768344e-03   1.0050000e+03
  -1.2954200e-03   1.0200000e+03
  -1.3347499e-03   1.0350000e+03
  -1.3731431e-03   1.0500000e+03
  -1.3919330e-03   1.0650000e+03
  -1.3984058e-03   1.0800000e+03
  -1.4148545e-03   1.0950000e+03
  -1.4490181e-03   1.1100000e+03
  -1.4862618e-03   1.1250000e+03
  -1.5098070e-03   1.1400000e+03
  -1.5184584e-03   1.1550000e+03
  -1.5225677e-03   1.1700000e+03
  -1.5302401e-03   1.1850000e+03
  -1.5417424e-03   1.2000000e+03
  -1.5551300e-03   1.2150000e+03
  -1.5748589e-03   1.2300000e+03
  -1.6128228e-03   1.2450000e+03
  -1.6781616e-03   1.2600000e+03
  -1.7662011e-03   1.2750000e+03
  -1.8597819e-03   1.2900000e+03
  -1.9400183e-03   1.3050000e+03
  -1.9939223e-03   1.3200000e+03
  -2.0187302e-03   1.3350000e+03
  -2.0285794e-03   1.3500000e+03
  -2.0526862e-03   1.3650000e+03
  -2.1121665e-03   1.3800000e+03
  -2.1949976e-03   1.3950000e+03
  -2.2651865e-03   1.4100000e+03
  -2.3029828e-03   1.4250000e+03
  -2.3284999e-03   1.4400000e+03
  -2.3792724e-03   1.4550000e+03
  -2.4693687e-03   1.4700000e+03
  -2.5763770e-03   1.4850000e+03
  -2.6664739e-03   1.5000000e+03
  -2.7282087e-03   1.5150000e+03
  -2.7816298e-03   1.5300000e+03
  -2.8557454e-03   1.5450000e+03
  -2.9583203e-03   1.5600000e+03
  -3.0704979e-03   1.5750000e+03
  -3.1722246e-03   1.5900000e+03
  -3.2672810e-03   1.6050000e+03
  -3.3758790e-03   1.6200000e+03
  -3.5057897e-03   1.6350000e+03
  -3.6433113e-03   1.6500000e+03
  -3.7763545e-03   1.6650000e+03
  -3.9138636e-03   1.6800000e+03
  -4.0722624e-03   1.6950000e+03
  -4.2513930e-03   1.7100000e+03
  -4.4376962e-03   1.7250000e+03
  -4.6275631e-03   1.7400000e+03
  -4.8329178e-03   1.7550000e+03
  -5.0627380e-03   1.7700000e+03
  -5.3123739e-03   1.7850000e+03
  -5.5754473e-03   1.8000000e+03
  -5.8557219e-03   1.8150000e+03
  -6.1612427e-03   1.8300000e+03
  -6.4943647e-03   1.8450000e+03
  -6.8539581e-03   1.8600000e+03
  -7.2425953e-03   1.8750000e+03
  -7.6656109e-03   1.8900000e+03
  -8.1258882e-03   1.9050000e+03
  -8.6242957e-03   1.9200000e+03
  -9.1630360e-03   1.9350000e+03
  -9.7432816e-03   1.9500000e+03
  -1.0357806e-02   1.9650000e+03
  -1.0983468e-02   1.9800000e+03
  -1.1568210e-02   1.9950000e+03
  -1.1998714e-02   2.0100000e+03
  -1.2037066e-02   2.0250000e+03
  -1.1212551e-02   2.0400000e+03
  -8.6423755e-03   2.0550000e+03
  -2.7568887e-03   2.0700000e+03
   9.0528475e-03   2.0850000e+03
   3.0757871e-02   2.1000000e+03
   6.7741245e-02   2.1150000e+03
   1.2616710e-01   2.1300000e+03
   2.1116111e-01   2.1450000e+03
   3.2345676e-01   2.1600000e+03
   4.5480394e-01   2.1750000e+03
   5.8361214e-01   2.1900000e+03
   6.7366374e-01   2.2050000e+03
   6.7937261e-01   2.2200000e+03
   5.5970985e-01   2.2350000e+03
   2.9880881e-01   2.2500000e+03
  -7.4617267e-02   2.2650000e+03
  -4.8116058e-01   2.2800000e+03
  -8.0811161e-01   2.2950000e+03
  -9.5021522e-01   2.3100000e+03
  -8.5841000e-01   2.3250000e+03
  -5.7059222e-01   2.3400000e+03
  -2.0252225e-01   2.3550000e+03
   1.0257901e-01   2.3700000e+03
   2.4155763e-01   2.3850000e+03
   1.9888145e-01   2.4000000e+03
   4.7592312e-02   2.4150000e+03
  -9.5670104e-02   2.4300000e+03
  -1.3549079e-01   2.4450000e+03
  -4.7799084e-02   2.4600000e+03
   1.0978816e-01   2.4750000e+03
   2.3309618e-01   2.4900000e+03
   2.3528460e-01   2.5050000e+03
   1.0359646e-01   2.5200000e+03
  -8.9912467e-02   2.5350000e+03
  -2.3635924e-01   2.5500000e+03
  -2.6432732e-01   2.5650000e+03
  -1.8299398e-01   2.5800000e+03
  -6.2390421e-02   2.5950000e+03
   2.4992039e-02   2.6100000e+03
   4.8757348e-02   2.6250000e+03
   2.4680765e-02   2.6400000e+03
  -6.9230786e-03   2.6550000e+03
  -6.0631358e-03   2.6700000e+03
   4.3326169e-02   2.6850000e+03
   1.1521826e-01   2.7000000e+03
   1.5049626e-01   2.7150000e+03
   1.0370264e-01   2.7300000e+03
  -8.7704081e-03   2.7450000e+03
  -1.1369735e-01   2.7600000e+03
  -1.4200777e-01   2.7750000e+03
  -8.4817089e-02   2.7900000e+03
   8.7544518e-03   2.8050000e+03
   7.9202376e-02   2.8200000e+03
   9.8718971e-02   2.8350000e+03
   7.9337455e-02   2.8500000e+03
   5.3727373e-02   2.8650000e+03
   4.5958672e-02   2.8800000e+03
   5.1624056e-02   2.8950000e+03
   4.6626344e-02   2.9100000e+03
   1.9924417e-02   2.9250000e+03
  -7.9479720e-03   2.9400000e+03
  -7.8149978e-03   2.9550000e+03
   2.1109721e-02   2.9700000e+03
   4.9462158e-02   2.9850000e+03
   5.3427383e-02   3.0000000e+03
   4.0369079e-02   3.0150000e+03
   3.3896782e-02   3.0300000e+03
   4.1983139e-02   3.0450000e+03
   4.8298106e-02   3.0600000e+03
   3.3506539e-02   3.0750000e+03
  -9.1387308e-04   3.0900000e+03
  -3.2812279e-02   3.1050000e+03
  -4.2246211e-02   3.1200000e+03
  -3.1417407e-02   3.1350000e+03
  -1.9404920e-02   3.1500000e+03
  -1.8945148e-02   3.1650000e+03
  -2.4241650e-02   3.1800000e+03
  -2.3664363e-02   3.1950000e+03
  -1.8123759e-02   3.2100000e+03
  -1.9914743e-02   3.2250000e+03
  -3.4843814e-02   3.2400000e+03
  -5.2255090e-02   3.2550000e+03
  -5.5201419e-02   3.2700000e+03
  -3.7075728e-02   3.2850000e+03
  -5.9806588e-03   3.3000000e+03
   2.4299277e-02   3.3150000e+03
   4.3779492e-02   3.3300000e+03
   4.8120402e-02   3.3450000e+03
   3.6887325e-02   3.3600000e+03
   1.4108961e-02   3.3750000e+03
  -1.0814210e-02   3.3900000e+03
  -2.7012417e-02   3.4050000e+03
  -2.9378135e-02   3.4200000e+03
  -2.1698508e-02   3.4350000e+03
  -1.2315483e-02   3.4500000e+03
  -7.4114166e-03   3.4650000e+03
  -8.5108476e-03   3.4800000e+03
  -1.4372554e-02   3.4950000e+03
  -2.2652358e-02   3.5100000e+03
  -2.9540936e-02   3.5250000e+03
  -3.0708041e-02   3.5400000e+03
  -2.5550114e-02   3.5550000e+03
  -1.9691803e-02   3.5700000e+03
  -1.9222755e-02   3.5850000e+03
  -2.0618955e-02   3.6000000e+03
  -1.0537677e-02   3.6150000e+03
   1.8620703e-02   3.6300000e+03
   5.3537555e-02   3.6450000e+03
   6.7231856e-02   3.6600000e+03
   4.5747939e-02   3.6750000e+03
   4.3388158e-03   3.6900000e+03
  -2.7214855e-02   3.7050000e+03
  -3.3211276e-02   3.7200000e+03
  -2.1480085e-02   3.7350000e+03
  -6.8377317e-03   3.7500000e+03
   6.5196040e-03   3.7650000e+03
   2.3130564e-02   3.7800000e+03
   4.3540310e-02   3.7950000e+03
   6.0522653e-02   3.8100000e+03
   6.6360004e-02   3.8250000e+03
   5.7900317e-02   3.8400000e+03
   3.4346640e-02   3.8550000e+03
  -3.3389563e-03   3.8700000e+03
  -4.6732448e-02   3.8850000e+03
  -7.7402413e-02   3.9000000e+03
  -7.6664925e-02   3.9150000e+03
  -4.0904328e-02   3.9300000e+03
   1.2969463e-02   3.9450000e+03
   5.7403293e-02   3.9600000e+03
   7.0563622e-02   3.9750000e+03
   4.7686286e-02   3.9900000e+03
   2.4148838e-03   4.0050000e+03
  -4.1383710e-02   4.0200000e+03
  -6.3342430e-02   4.0350000e+03
  -5.7699792e-02   4.0500000e+03
  -3.3638671e-02   4.0650000e+03
  -5.5074203e-03   4.0800000e+03
   1.6918927e-02   4.0950000e+03
   2.9894428e-02   4.1100000e+03
   3.1648055e-02   4.1250000e+03
   2.1063330e-02   4.1400000e+03
   1.0011863e-03   4.1550000e+03
  -1.9809922e-02   4.1700000e+03
  -3.0952035e-02   4.1850000e+03
  -2.7293146e-02   4.2000000e+03
  -1.2099745e-02   4.2150000e+03
   5.8593834e-03   4.2300000e+03
   1.7796656e-02   4.2450000e+03
   1.8931016e-02   4.2600000e+03
   9.6871676e-03   4.2750000e+03
  -5.3997217e-03   4.2900000e+03
  -2.0020448e-02   4.3050000e+03
  -2.8443275e-02   4.3200000e+03
  -2.7147904e-02   4.3350000e+03
  -1.5947638e-02   4.3500000e+03
   1.4885705e-03   4.3650000e+03
   1.8893331e-02   4.3800000e+03
   3.0597441e-02   4.3950000e+03
   3.4041189e-02   4.4100000e+03
   2.9151201e-02   4.4250000e+03
   1.6378839e-02   4.4400000e+03
  -2.7232824e-03   4.4550000e+03
  -2.2837264e-02   4.4700000e+03
  -3.5390601e-02   4.4850000e+03
  -3.4645297e-02   4.5000000e+03
