   2.1988880e-03   0.0000000e+00
   2.1982463e-03   1.5000000e+01
   2.1963385e-03   3.0000000e+01
   2.1932505e-03   4.5000000e+01
   2.1891319e-03   6.0000000e+01
   2.1840071e-03   7.5000000e+01
   2.1776720e-03   9.0000000e+01
   2.1698882e-03   1.0500000e+02
   2.1606481e-03   1.2000000e+02
   2.1501461e-03   1.3500000e+02
   2.1384729e-03   1.5000000e+02
   2.1253293e-03   1.6500000e+02
   2.1096403e-03   1.8000000e+02
   2.0880485e-03   1.9500000e+02
   2.0509490e-03   2.1000000e+02
   1.9782884e-03   2.2500000e+02
   1.8446370e-03   2.4000000e+02
   1.6437442e-03   2.5500000e+02
   1.4217400e-03   2.7000000e+02
   1.2754666e-03   2.8500000e+02
   1.2814306e-03   3.0000000e+02
   1.4049348e-03   3.1500000e+02
   1.5088434e-03   3.3000000e+02
   1.4936537e-03   3.4500000e+02
   1.4112883e-03   3.6000000e+02
   1.3875478e-03   3.7500000e+02
   1.4466464e-03   3.9000000e+02
   1.4907934e-03   4.0500000e+02
   1.4597269e-03   4.2000000e+02
   1.4145429e-03   4.3500000e+02
   1.4231347e-03   4.5000000e+02
   1.4535618e-03   4.6500000e+02
   1.4462953e-03   4.8000000e+02
   1.4173364e-03   4.9500000e+02
   1.4143761e-03   5.1000000e+02
   1.4284214e-03   5.2500000e+02
   1.4213634e-03   5.4000000e+02
   1.3978967e-03   5.5500000e+02
   1.3878106e-03   5.7000000e+02
   1.3887979e-03   5.8500000e+02
   1.3782487e-03   6.0000000e+02
   1.3589404e-03   6.1500000e+02
   1.3497681e-03   6.3000000e+02
   1.3480298e-03   6.4500000e+02
   1.3372090e-03   6.6000000e+02
   1.3166084e-03   6.7500000e+02
   1.2923348e-03   6.9000000e+02
   1.2533262e-03   7.0500000e+02
   1.1794114e-03   7.2000000e+02
   1.0597492e-03   7.3500000e+02
   8.9118985e-04   7.5000000e+02
   6.7932787e-04   7.6500000e+02
   4.5914904e-04   7.8000000e+02
   3.0156405e-04   7.9500000e+02
   2.7765299e-04   8.1000000e+02
   4.0421163e-04   8.2500000e+02
   6.1457331e-04   8.4000000e+02
   7.8275800e-04   8.5500000e+02
   8.0400350e-04   8.7000000e+02
   6.8530679e-04   8.8500000e+02
   5.5392948e-04   9.0000000e+02
   5.4453319e-04   9.1500000e+02
   6.6485774e-04   9.3000000e+02
   7.9337152e-04   9.4500000e+02
   8.2431332e-04   9.6000000e+02
   7.9254044e-04   9.7500000e+02
   8.2331727e-04   9.9000000e+02
   9.7143865e-04   1.0050000e+03
   1.1638154e-03   1.0200000e+03
   1.3219132e-03   1.0350000e+03
   1.4864877e-03   1.0500000e+03
   1.7641906e-03   1.0650000e+03
   2.1846252e-03   1.0800000e+03
   2.6918098e-03   1.0950000e+03
   3.2765244e-03   1.1100000e+03
   4.0308582e-03   1.1250000e+03
   5.0424272e-03   1.1400000e+03
   6.3131610e-03   1.1550000e+03
   7.8348611e-03   1.1700000e+03
   9.6823052e-03   1.1850000e+03
   1.1968012e-02   1.2000000e+03
   1.4752334e-02   1.2150000e+03
   1.8065589e-02   1.2300000e+03
   2.1982631e-02   1.2450000e+03
   2.6605155e-02   1.2600000e+03
   3.1992529e-02   1.2750000e+03
   3.8175724e-02   1.2900000e+03
   4.5229755e-02   1.3050000e+03
   5.3284757e-02   1.3200000e+03
   6.2487844e-02   1.3350000e+03
   7.3014095e-02   1.3500000e+03
   8.5109830e-02   1.3650000e+03
   9.9069066e-02   1.3800000e+03
   1.1513472e-01   1.3950000e+03
   1.3339621e-01   1.4100000e+03
   1.5371799e-01   1.4250000e+03
   1.7571706e-01   1.4400000e+03
   1.9883858e-01   1.4550000e+03
   2.2250865e-01   1.4700000e+03
   2.4620701e-01   1.4850000e+03
   2.6934087e-01   1.5000000e+03
   2.9103166e-01   1.5150000e+03
   3.1006283e-01   1.5300000e+03
   3.2510856e-01   1.5450000e+03
   3.3511263e-01   1.5600000e+03
   3.3954358e-01   1.5750000e+03
   3.3833009e-01   1.5900000e+03
   3.3155844e-01   1.6050000e+03
   3.1925589e-01   1.6200000e+03
   3.0149338e-01   1.6350000e+03
   2.7865767e-01   1.6500000e+03
   2.5151876e-01   1.6650000e+03
   2.2095092e-01   1.6800000e+03
   1.8758798e-01   1.6950000e+03
   1.5179731e-01   1.7100000e+03
   1.1401305e-01   1.7250000e+03
   7.5072870e-02   1.7400000e+03
   3.6200523e-02   1.7550000e+03
  -1.3367416e-03   1.7700000e+03
  -3.6536891e-02   1.7850000e+03
  -6.8658412e-02   1.8000000e+03
  -9.6979849e-02   1.8150000e+03
  -1.2062883e-01   1.8300000e+03
  -1.3869183e-01   1.8450000e+03
  -1.5055104e-01   1.8600000e+03
  -1.5619487e-01   1.8750000e+03
  -1.5624924e-01   1.8900000e+03
  -1.5168974e-01   1.9050000e+03
  -1.4346686e-01   1.9200000e+03
  -1.3233501e-01   1.9350000e+03
  -1.1893660e-01   1.9500000e+03
  -1.0392998e-01   1.9650000e+03
  -8.7974630e-02   1.9800000e+03
  -7.1629412e-02   1.9950000e+03
  -5.5335212e-02   2.0100000e+03
  -3.9504632e-02   2.0250000e+03
  -2.4571881e-02   2.0400000e+03
  -1.0912220e-02   2.0550000e+03
   1.2791998e-03   2.0700000e+03
   1.2012122e-02   2.0850000e+03
   2.1408195e-02   2.1000000e+03
   2.9565578e-02   2.1150000e+03
   3.6456242e-02   2.1300000e+03
   4.1908473e-02   2.1450000e+03
   4.5698442e-02   2.1600000e+03
   4.7690313e-02   2.1750000e+03
   4.7897004e-02   2.1900000e+03
   4.6413660e-02   2.2050000e+03
   4.3329313e-02   2.2200000e+03
   3.8731489e-02   2.2350000e+03
   3.2774389e-02   2.2500000e+03
   2.5705619e-02   2.2650000e+03
   1.7829642e-02   2.2800000e+03
   9.4638774e-03   2.2950000e+03
   9.0948818e-04   2.3100000e+03
  -7.5802291e-03   2.3250000e+03
  -1.5815871e-02   2.3400000e+03
  -2.3642892e-02   2.3550000e+03
  -3.0904958e-02   2.3700000e+03
  -3.7462689e-02   2.3850000e+03
  -4.3247368e-02   2.4000000e+03
  -4.8267867e-02   2.4150000e+03
  -5.2551907e-02   2.4300000e+03
  -5.6088194e-02   2.4450000e+03
  -5.8824491e-02   2.4600000e+03
  -6.0711443e-02   2.4750000e+03
  -6.1749361e-02   2.4900000e+03
  -6.1999138e-02   2.5050000e+03
  -6.1544966e-02   2.5200000e+03
  -6.0444247e-02   2.5350000e+03
  -5.8721378e-02   2.5500000e+03
  -5.6411140e-02   2.5650000e+03
  -5.3594362e-02   2.5800000e+03
  -5.0383724e-02   2.5950000e+03
  -4.6885140e-02   2.6100000e+03
  -4.3181583e-02   2.6250000e+03
  -3.9346159e-02   2.6400000e+03
  -3.5457645e-02   2.6550000e+03
  -3.1599496e-02   2.6700000e+03
  -2.7846105e-02   2.6850000e+03
  -2.4251293e-02   2.7000000e+03
  -2.0849934e-02   2.7150000e+03
  -1.7669410e-02   2.7300000e+03
  -1.4737404e-02   2.7450000e+03
  -1.2079816e-02   2.7600000e+03
  -9.7166318e-03   2.7750000e+03
  -7.6631671e-03   2.7900000e+03
  -5.9330920e-03   2.8050000e+03
  -4.5371731e-03   2.8200000e+03
  -3.4795157e-03   2.8350000e+03
  -2.7572121e-03   2.8500000e+03
  -2.3645738e-03   2.8650000e+03
  -2.2972776e-03   2.8800000e+03
  -2.5512292e-03   2.8950000e+03
  -3.1165995e-03   2.9100000e+03
  -3.9739427e-03   2.9250000e+03
  -5.0976281e-03   2.9400000e+03
  -6.4624194e-03   2.9550000e+03
  -8.0446769e-03   2.9700000e+03
  -9.8172184e-03   2.9850000e+03
  -1.1745357e-02   3.0000000e+03
  -1.3789399e-02   3.0150000e+03
  -1.5910970e-02   3.0300000e+03
  -1.8078292e-02   3.0450000e+03
  -2.0269174e-02   3.0600000e+03
  -2.2472914e-02   3.0750000e+03
  -2.4691157e-02   3.0900000e+03
  -2.6936496e-02   3.1050000e+03
  -2.9228367e-02   3.1200000e+03
  -3.1587496e-02   3.1350000e+03
  -3.4030806e-02   3.1500000e+03
  -3.6568251e-02   3.1650000e+03
  -3.9201926e-02   3.1800000e+03
  -4.1927315e-02   3.1950000e+03
  -4.4735439e-02   3.2100000e+03
  -4.7613446e-02   3.2250000e+03
  -5.0541285e-02   3.2400000e+03
  -5.3484946e-02   3.2550000e+03
  -5.6390394e-02   3.2700000e+03
  -5.9183005e-02   3.2850000e+03
  -6.1773255e-02   3.3000000e+03
  -6.4065091e-02   3.3150000e+03
  -6.5963224e-02   3.3300000e+03
  -6.7379065e-02   3.3450000e+03
  -6.8236768e-02   3.3600000e+03
  -6.8479523e-02   3.3750000e+03
  -6.8073750e-02   3.3900000e+03
  -6.7009255e-02   3.4050000e+03
  -6.5296561e-02   3.4200000e+03
  -6.2964894e-02   3.4350000e+03
  -6.0063060e-02   3.4500000e+03
  -5.6661960e-02   3.4650000e+03
  -5.2854698e-02   3.4800000e+03
  -4.8751473e-02   3.4950000e+03
  -4.4470146e-02   3.5100000e+03
  -4.0126130e-02   3.5250000e+03
  -3.5823949e-02   3.5400000e+03
  -3.1650435e-02   3.5550000e+03
  -2.7668787e-02   3.5700000e+03
  -2.3914639e-02   3.5850000e+03
  -2.0395346e-02   3.6000000e+03
  -1.7091677e-02   3.6150000e+03
  -1.3959944e-02   3.6300000e+03
  -1.0934532e-02   3.6450000e+03
  -7.9332050e-03   3.6600000e+03
  -4.8666596e-03   3.6750000e+03
  -1.6498271e-03   3.6900000e+03
   1.7896433e-03   3.7050000e+03
   5.5084643e-03   3.7200000e+03
   9.5487544e-03   3.7350000e+03
   1.3938638e-02   3.7500000e+03
   1.8689016e-02   3.7650000e+03
   2.3786813e-02   3.7800000e+03
   2.9188322e-02   3.7950000e+03
   3.4816444e-02   3.8100000e+03
   4.0563244e-02   3.8250000e+03
   4.6296988e-02   3.8400000e+03
   5.1871695e-02   3.8550000e+03
   5.7137180e-02   3.8700000e+03
   6.1947815e-02   3.8850000e+03
   6.6169813e-02   3.9000000e+03
   6.9688544e-02   3.9150000e+03
   7.2416924e-02   3.9300000e+03
   7.4302517e-02   3.9450000e+03
   7.5328745e-02   3.9600000e+03
   7.5507879e-02   3.9750000e+03
   7.4870043e-02   3.9900000e+03
   7.3455736e-02   4.0050000e+03
   7.1315929e-02   4.0200000e+03
   6.8516634e-02   4.0350000e+03
   6.5141164e-02   4.0500000e+03
   6.1286051e-02   4.0650000e+03
   5.7052854e-02   4.0800000e+03
   5.2540738e-02   4.0950000e+03
   4.7843013e-02   4.1100000e+03
   4.3047559e-02   4.1250000e+03
   3.8239103e-02   4.1400000e+03
   3.3500995e-02   4.1550000e+03
   2.8914394e-02   4.1700000e+03
   2.4553753e-02   4.1850000e+03
   2.0480087e-02   4.2000000e+03
   1.6735999e-02   4.2150000e+03
   1.3345976e-02   4.2300000e+03
   1.0321549e-02   4.2450000e+03
   7.6670898e-03   4.2600000e+03
   5.3821523e-03   4.2750000e+03
   3.4601202e-03   4.2900000e+03
   1.8861374e-03   4.3050000e+03
   6.3676113e-04   4.3200000e+03
  -3.1910639e-04   4.3350000e+03
  -1.0196272e-03   4.3500000e+03
  -1.5100182e-03   4.3650000e+03
  -1.8418487e-03   4.3800000e+03
  -2.0710353e-03   4.3950000e+03
  -2.2556202e-03   4.4100000e+03
  -2.4542790e-03   4.4250000e+03
  -2.7248582e-03   4.4400000e+03
  -3.1216256e-03   4.4550000e+03
  -3.6915748e-03   4.4700000e+03
  -4.4714678e-03   4.4850000e+03
  -5.4865880e-03   4.5000000e+03
