  -1.1222883e-03   0.0000000e+00
  -1.1223789e-03   1.5000000e+01
  -1.1225401e-03   3.0000000e+01
  -1.1226934e-03   4.5000000e+01
  -1.1229849e-03   6.0000000e+01
  -1.1235322e-03   7.5000000e+01
  -1.1244190e-03   9.0000000e+01
  -1.1258619e-03   1.0500000e+02
  -1.1279327e-03   1.2000000e+02
  -1.1303228e-03   1.3500000e+02
  -1.1327541e-03   1.5000000e+02
  -1.1353375e-03   1.6500000e+02
  -1.1382783e-03   1.8000000e+02
  -1.1415805e-03   1.9500000e+02
  -1.1451379e-03   2.1000000e+02
  -1.1487912e-03   2.2500000e+02
  -1.1523408e-03   2.4000000e+02
  -1.1556742e-03   2.5500000e+02
  -1.1588018e-03   2.7000000e+02
  -1.1618842e-03   2.8500000e+02
  -1.1653155e-03   3.0000000e+02
  -1.1695322e-03   3.1500000e+02
  -1.1746160e-03   3.3000000e+02
  -1.1802419e-03   3.4500000e+02
  -1.1860685e-03   3.6000000e+02
  -1.1920382e-03   3.7500000e+02
  -1.1982543e-03   3.9000000e+02
  -1.2047198e-03   4.0500000e+02
  -1.2112075e-03   4.2000000e+02
  -1.2172925e-03   4.3500000e+02
  -1.2226336e-03   4.5000000e+02
  -1.2272556e-03   4.6500000e+02
  -1.2313821e-03   4.8000000e+02
  -1.2349020e-03   4.9500000e+02
  -1.2370590e-03   5.1000000e+02
  -1.2369866e-03   5.2500000e+02
  -1.2350018e-03   5.4000000e+02
  -1.2335739e-03   5.5500000e+02
  -1.2370852e-03   5.7000000e+02
  -1.2499880e-03   5.8500000e+02
  -1.2734190e-03   6.0000000e+02
  -1.3024673e-03   6.1500000e+02
  -1.3274156e-03   6.3000000e+02
  -1.3390711e-03   6.4500000e+02
  -1.3338689e-03   6.6000000e+02
  -1.3132729e-03   6.7500000e+02
  -1.2762324e-03   6.9000000e+02
  -1.2124245e-03   7.0500000e+02
  -1.1080595e-03   7.2000000e+02
  -9.6428592e-04   7.3500000e+02
  -8.1039319e-04   7.5000000e+02
  -6.9405924e-04   7.6500000e+02
  -6.5285794e-04   7.8000000e+02
  -6.9138757e-04   7.9500000e+02
  -7.8257173e-04   8.1000000e+02
  -8.8706595e-04   8.2500000e+02
  -9.7151269e-04   8.4000000e+02
  -1.0168731e-03   8.5500000e+02
  -1.0222595e-03   8.7000000e+02
  -1.0073654e-03   8.8500000e+02
  -1.0058396e-03   9.0000000e+02
  -1.0444539e-03   9.1500000e+02
  -1.1212063e-03   9.3000000e+02
  -1.2051719e-03   9.4500000e+02
  -1.2623479e-03   9.6000000e+02
  -1.2829563e-03   9.7500000e+02
  -1.2847441e-03   9.9000000e+02
  -1.2949561e-03   1.0050000e+03
  -1.3307686e-03   1.0200000e+03
  -1.3886408e-03   1.0350000e+03
  -1.4460791e-03   1.0500000e+03
  -1.4812478e-03   1.0650000e+03
  -1.4979865e-03   1.0800000e+03
  -1.5234675e-03   1.0950000e+03
  -1.5742502e-03   1.1100000e+03
  -1.6350197e-03   1.1250000e+03
  -1.6796344e-03   1.1400000e+03
  -1.7027385e-03   1.1550000e+03
  -1.7196207e-03   1.1700000e+03
  -1.7421148e-03   1.1850000e+03
  -1.7666728e-03   1.2000000e+03
  -1.7866675e-03   1.2150000e+03
  -1.8094224e-03   1.2300000e+03
  -1.8551204e-03   1.2450000e+03
  -1.9372919e-03   1.2600000e+03
  -2.0479227e-03   1.2750000e+03
  -2.1637538e-03   1.2900000e+03
  -2.2615837e-03   1.3050000e+03
  -2.3253434e-03   1.3200000e+03
  -2.3509974e-03   1.3350000e+03
  -2.3570808e-03   1.3500000e+03
  -2.3819353e-03   1.3650000e+03
  -2.4515481e-03   1.3800000e+03
  -2.5474897e-03   1.3950000e+03
  -2.6209564e-03   1.4100000e+03
  -2.6457773e-03   1.4250000e+03
  -2.6490616e-03   1.4400000e+03
  -2.6819033e-03   1.4550000e+03
  -2.7642946e-03   1.4700000e+03
  -2.8656127e-03   1.4850000e+03
  -2.9380773e-03   1.5000000e+03
  -2.9643385e-03   1.5150000e+03
  -2.9706128e-03   1.5300000e+03
  -2.9948649e-03   1.5450000e+03
  -3.0452104e-03   1.5600000e+03
  -3.0938566e-03   1.5750000e+03
  -3.1126973e-03   1.5900000e+03
  -3.1063634e-03   1.6050000e+03
  -3.1000148e-03   1.6200000e+03
  -3.0991912e-03   1.6350000e+03
  -3.0789280e-03   1.6500000e+03
  -3.0171608e-03   1.6650000e+03
  -2.9214327e-03   1.6800000e+03
  -2.8090037e-03   1.6950000e+03
  -2.6727919e-03   1.7100000e+03
  -2.4849440e-03   1.7250000e+03
  -2.2273818e-03   1.7400000e+03
  -1.8980578e-03   1.7550000e+03
  -1.4863200e-03   1.7700000e+03
  -9.6083665e-04   1.7850000e+03
  -2.8725481e-04   1.8000000e+03
   5.5744179e-04   1.8150000e+03
   1.5965053e-03   1.8300000e+03
   2.8695369e-03   1.8450000e+03
   4.4311411e-03   1.8600000e+03
   6.3450006e-03   1.8750000e+03
   8.6918762e-03   1.8900000e+03
   1.1582453e-02   1.9050000e+03
   1.5157997e-02   1.9200000e+03
   1.9585414e-02   1.9350000e+03
   2.5065284e-02   1.9500000e+03
   3.1852942e-02   1.9650000e+03
   4.0275428e-02   1.9800000e+03
   5.0733529e-02   1.9950000e+03
   6.3689925e-02   2.0100000e+03
   7.9644002e-02   2.0250000e+03
   9.9092811e-02   2.0400000e+03
   1.2248411e-01   2.0550000e+03
   1.5016706e-01   2.0700000e+03
   1.8233317e-01   2.0850000e+03
   2.1893434e-01   2.1000000e+03
   2.5957415e-01   2.1150000e+03
   3.0337003e-01   2.1300000e+03
   3.4877816e-01   2.1450000e+03
   3.9339167e-01   2.1600000e+03
   4.3379515e-01   2.1750000e+03
   4.6563500e-01   2.1900000e+03
   4.8405880e-01   2.2050000e+03
   4.8453423e-01   2.2200000e+03
   4.6383420e-01   2.2350000e+03
   4.2083660e-01   2.2500000e+03
   3.5686803e-01   2.2650000e+03
   2.7557439e-01   2.2800000e+03
   1.8250121e-01   2.2950000e+03
   8.4534213e-02   2.3100000e+03
  -1.0823991e-02   2.3250000e+03
  -9.6391447e-02   2.3400000e+03
  -1.6629145e-01   2.3550000e+03
  -2.1662046e-01   2.3700000e+03
  -2.4558786e-01   2.3850000e+03
  -2.5331524e-01   2.4000000e+03
  -2.4165212e-01   2.4150000e+03
  -2.1407773e-01   2.4300000e+03
  -1.7541213e-01   2.4450000e+03
  -1.3114724e-01   2.4600000e+03
  -8.6586103e-02   2.4750000e+03
  -4.6079352e-02   2.4900000e+03
  -1.2417791e-02   2.5050000e+03
   1.3558075e-02   2.5200000e+03
   3.2732815e-02   2.5350000e+03
   4.6593945e-02   2.5500000e+03
   5.5880159e-02   2.5650000e+03
   6.0310010e-02   2.5800000e+03
   5.9762727e-02   2.5950000e+03
   5.5554908e-02   2.6100000e+03
   5.0182261e-02   2.6250000e+03
   4.5651108e-02   2.6400000e+03
   4.2159181e-02   2.6550000e+03
   3.8384937e-02   2.6700000e+03
   3.2826908e-02   2.6850000e+03
   2.4797792e-02   2.7000000e+03
   1.4466268e-02   2.7150000e+03
   2.3859467e-03   2.7300000e+03
  -1.0857673e-02   2.7450000e+03
  -2.4650784e-02   2.7600000e+03
  -3.8155593e-02   2.7750000e+03
  -5.0263565e-02   2.7900000e+03
  -5.9950102e-02   2.8050000e+03
  -6.6810668e-02   2.8200000e+03
  -7.1200937e-02   2.8350000e+03
  -7.3785454e-02   2.8500000e+03
  -7.5033545e-02   2.8650000e+03
  -7.5226314e-02   2.8800000e+03
  -7.4786365e-02   2.8950000e+03
  -7.4342147e-02   2.9100000e+03
  -7.4435681e-02   2.9250000e+03
  -7.5311467e-02   2.9400000e+03
  -7.7006765e-02   2.9550000e+03
  -7.9500668e-02   2.9700000e+03
  -8.2719468e-02   2.9850000e+03
  -8.6505108e-02   3.0000000e+03
  -9.0657257e-02   3.0150000e+03
  -9.4975159e-02   3.0300000e+03
  -9.9239245e-02   3.0450000e+03
  -1.0318132e-01   3.0600000e+03
  -1.0646889e-01   3.0750000e+03
  -1.0869928e-01   3.0900000e+03
  -1.0945497e-01   3.1050000e+03
  -1.0844159e-01   3.1200000e+03
  -1.0560748e-01   3.1350000e+03
  -1.0115423e-01   3.1500000e+03
  -9.5469095e-02   3.1650000e+03
  -8.9027211e-02   3.1800000e+03
  -8.2258783e-02   3.1950000e+03
  -7.5419858e-02   3.2100000e+03
  -6.8563811e-02   3.2250000e+03
  -6.1632030e-02   3.2400000e+03
  -5.4556090e-02   3.2550000e+03
  -4.7270659e-02   3.2700000e+03
  -3.9659508e-02   3.2850000e+03
  -3.1534810e-02   3.3000000e+03
  -2.2702735e-02   3.3150000e+03
  -1.3074403e-02   3.3300000e+03
  -2.7479785e-03   3.3450000e+03
   7.9824682e-03   3.3600000e+03
   1.8697109e-02   3.3750000e+03
   2.8960049e-02   3.3900000e+03
   3.8387008e-02   3.4050000e+03
   4.6618577e-02   3.4200000e+03
   5.3246927e-02   3.4350000e+03
   5.7798795e-02   3.4500000e+03
   5.9823841e-02   3.4650000e+03
   5.9047531e-02   3.4800000e+03
   5.5505559e-02   3.4950000e+03
   4.9590372e-02   3.5100000e+03
   4.1984193e-02   3.5250000e+03
   3.3506069e-02   3.5400000e+03
   2.4943225e-02   3.5550000e+03
   1.6940597e-02   3.5700000e+03
   9.9707935e-03   3.5850000e+03
   4.3393872e-03   3.6000000e+03
   1.6892332e-04   3.6150000e+03
  -2.6413281e-03   3.6300000e+03
  -4.4311560e-03   3.6450000e+03
  -5.7226396e-03   3.6600000e+03
  -7.0854356e-03   3.6750000e+03
  -8.9700408e-03   3.6900000e+03
  -1.1581031e-02   3.7050000e+03
  -1.4840278e-02   3.7200000e+03
  -1.8437492e-02   3.7350000e+03
  -2.1926623e-02   3.7500000e+03
  -2.4823459e-02   3.7650000e+03
  -2.6679713e-02   3.7800000e+03
  -2.7133550e-02   3.7950000e+03
  -2.5952153e-02   3.8100000e+03
  -2.3077408e-02   3.8250000e+03
  -1.8663445e-02   3.8400000e+03
  -1.3076559e-02   3.8550000e+03
  -6.8385876e-03   3.8700000e+03
  -5.2996795e-04   3.8850000e+03
   5.3058695e-03   3.9000000e+03
   1.0224839e-02   3.9150000e+03
   1.3910220e-02   3.9300000e+03
   1.6183671e-02   3.9450000e+03
   1.7011028e-02   3.9600000e+03
   1.6501805e-02   3.9750000e+03
   1.4898145e-02   3.9900000e+03
   1.2553093e-02   4.0050000e+03
   9.8961769e-03   4.0200000e+03
   7.3781302e-03   4.0350000e+03
   5.3934813e-03   4.0500000e+03
   4.2043193e-03   4.0650000e+03
   3.9053366e-03   4.0800000e+03
   4.4515212e-03   4.0950000e+03
   5.7246676e-03   4.1100000e+03
   7.5847185e-03   4.1250000e+03
   9.8660244e-03   4.1400000e+03
   1.2325509e-02   4.1550000e+03
   1.4592211e-02   4.1700000e+03
   1.6175099e-02   4.1850000e+03
   1.6553074e-02   4.2000000e+03
   1.5318669e-02   4.2150000e+03
   1.2311039e-02   4.2300000e+03
   7.6803989e-03   4.2450000e+03
   1.8659674e-03   4.2600000e+03
  -4.4924403e-03   4.2750000e+03
  -1.0676993e-02   4.2900000e+03
  -1.6021155e-02   4.3050000e+03
  -2.0019175e-02   4.3200000e+03
  -2.2388084e-02   4.3350000e+03
  -2.3068318e-02   4.3500000e+03
  -2.2177637e-02   4.3650000e+03
  -1.9951921e-02   4.3800000e+03
  -1.6698796e-02   4.3950000e+03
  -1.2768013e-02   4.4100000e+03
  -8.5295923e-03   4.4250000e+03
  -4.3527451e-03   4.4400000e+03
  -5.8316952e-04   4.4550000e+03
   2.4847388e-03   4.4700000e+03
   4.6444577e-03   4.4850000e+03
   5.8169677e-03   4.5000000e+03
