  -8.3692214e-03   0.0000000e+00
  -8.3709909e-03   1.5000000e+01
  -8.3804801e-03   3.0000000e+01
  -8.4109837e-03   4.5000000e+01
  -8.4789237e-03   6.0000000e+01
  -8.5971383e-03   7.5000000e+01
  -8.7682214e-03   9.0000000e+01
  -8.9864545e-03   1.0500000e+02
  -9.2492783e-03   1.2000000e+02
  -9.5696393e-03   1.3500000e+02
  -9.9705663e-03   1.5000000e+02
  -1.0469737e-02   1.6500000e+02
  -1.1083631e-02   1.8000000e+02
  -1.1835394e-02   1.9500000e+02
  -1.2746326e-02   2.1000000e+02
  -1.3826899e-02   2.2500000e+02
  -1.5056300e-02   2.4000000e+02
  -1.6359231e-02   2.5500000e+02
  -1.7638749e-02   2.7000000e+02
  -1.8834682e-02   2.8500000e+02
  -1.9907963e-02   3.0000000e+02
  -2.0749779e-02   3.1500000e+02
  -2.1066239e-02   3.3000000e+02
  -2.0192591e-02   3.4500000e+02
  -1.6641608e-02   3.6000000e+02
  -6.8652579e-03   3.7500000e+02
   1.8169342e-02   3.9000000e+02
   8.1452936e-02   4.0500000e+02
   2.3544583e-01   4.2000000e+02
   5.7331759e-01   4.3500000e+02
   1.1903386e+00   4.5000000e+02
   2.0320513e+00   4.6500000e+02
   2.6793532e+00   4.8000000e+02
   2.3895838e+00   4.9500000e+02
   7.3160249e-01   5.1000000e+02
  -1.6075323e+00   5.2500000e+02
  -3.0819488e+00   5.4000000e+02
  -2.8340163e+00   5.5500000e+02
  -1.5484493e+00   5.7000000e+02
  -3.0969238e-01   5.8500000e+02
   4.8448685e-01   6.0000000e+02
   5.9955621e-01   6.1500000e+02
  -3.7936803e-02   6.3000000e+02
  -4.9030772e-01   6.4500000e+02
  -4.6849269e-02   6.6000000e+02
   2.8535819e-01   6.7500000e+02
  -1.6562107e-01   6.9000000e+02
  -3.2478264e-01   7.0500000e+02
   9.3869664e-02   7.2000000e+02
   7.1072765e-02   7.3500000e+02
  -2.1878807e-01   7.5000000e+02
  -6.6504352e-02   7.6500000e+02
   4.4488441e-02   7.8000000e+02
  -1.3206021e-01   7.9500000e+02
  -8.9094646e-02   8.1000000e+02
   5.8181383e-02   8.2500000e+02
   3.2552827e-02   8.4000000e+02
   6.0191799e-02   8.5500000e+02
   1.3667130e-01   8.7000000e+02
   1.0721125e-01   8.8500000e+02
   8.5601069e-02   9.0000000e+02
   9.3457147e-02   9.1500000e+02
   6.5249011e-02   9.3000000e+02
   4.9097881e-02   9.4500000e+02
   2.9044561e-02   9.6000000e+02
  -3.1120418e-02   9.7500000e+02
  -8.1458919e-02   9.9000000e+02
  -1.0547594e-01   1.0050000e+03
  -1.0837365e-01   1.0200000e+03
  -7.2091408e-02   1.0350000e+03
  -1.7274223e-02   1.0500000e+03
   2.5355805e-02   1.0650000e+03
   5.5970747e-02   1.0800000e+03
   7.0210934e-02   1.0950000e+03
   6.5638274e-02   1.1100000e+03
   5.4838497e-02   1.1250000e+03
   3.7017159e-02   1.1400000e+03
   7.1402621e-03   1.1550000e+03
  -2.3639742e-02   1.1700000e+03
  -4.6030659e-02   1.1850000e+03
  -5.8445260e-02   1.2000000e+03
  -5.9151907e-02   1.2150000e+03
  -4.9884427e-02   1.2300000e+03
  -3.2621115e-02   1.2450000e+03
  -7.2918460e-03   1.2600000e+03
   2.2216870e-02   1.2750000e+03
   4.8492312e-02   1.2900000e+03
   6.6882394e-02   1.3050000e+03
   7.9990849e-02   1.3200000e+03
   8.9719698e-02   1.3350000e+03
   8.7982737e-02   1.3500000e+03
   6.7609049e-02   1.3650000e+03
   3.2985941e-02   1.3800000e+03
  -4.6387012e-03   1.3950000e+03
  -3.2366369e-02   1.4100000e+03
  -4.2524002e-02   1.4250000e+03
  -3.8967095e-02   1.4400000e+03
  -3.1390261e-02   1.4550000e+03
  -2.6396124e-02   1.4700000e+03
  -2.5205541e-02   1.4850000e+03
  -2.6531180e-02   1.5000000e+03
  -3.0990448e-02   1.5150000e+03
  -4.1145153e-02   1.5300000e+03
  -5.6462042e-02   1.5450000e+03
  -7.0628598e-02   1.5600000e+03
  -7.5993240e-02   1.5750000e+03
  -7.0031844e-02   1.5900000e+03
  -5.5957209e-02   1.6050000e+03
  -3.9182104e-02   1.6200000e+03
  -2.5099715e-02   1.6350000e+03
  -1.7373659e-02   1.6500000e+03
  -1.6161608e-02   1.6650000e+03
  -1.8385744e-02   1.6800000e+03
  -1.9649412e-02   1.6950000e+03
  -1.6353324e-02   1.7100000e+03
  -7.2007282e-03   1.7250000e+03
   6.8163332e-03   1.7400000e+03
   2.3651961e-02   1.7550000e+03
   4.1156732e-02   1.7700000e+03
   5.7237480e-02   1.7850000e+03
   7.0221491e-02   1.8000000e+03
   7.9693370e-02   1.8150000e+03
   8.6347759e-02   1.8300000e+03
   9.0036012e-02   1.8450000e+03
   8.7725252e-02   1.8600000e+03
   7.4024051e-02   1.8750000e+03
   4.4546112e-02   1.8900000e+03
  -4.3960035e-04   1.9050000e+03
  -5.4337408e-02   1.9200000e+03
  -1.0525406e-01   1.9350000e+03
  -1.3991217e-01   1.9500000e+03
  -1.4908388e-01   1.9650000e+03
  -1.3115375e-01   1.9800000e+03
  -9.1551766e-02   1.9950000e+03
  -3.9343055e-02   2.0100000e+03
   1.5923606e-02   2.0250000e+03
   6.5409310e-02   2.0400000e+03
   1.0106769e-01   2.0550000e+03
   1.1646637e-01   2.0700000e+03
   1.0898245e-01   2.0850000e+03
   8.2079418e-02   2.1000000e+03
   4.5475021e-02   2.1150000e+03
   1.1893430e-02   2.1300000e+03
  -8.4353983e-03   2.1450000e+03
  -1.2104962e-02   2.1600000e+03
  -2.8614786e-03   2.1750000e+03
   1.1694329e-02   2.1900000e+03
   2.4336338e-02   2.2050000e+03
   3.1004680e-02   2.2200000e+03
   3.1275846e-02   2.2350000e+03
   2.6827317e-02   2.2500000e+03
   1.9049075e-02   2.2650000e+03
   7.4204276e-03   2.2800000e+03
  -1.0038842e-02   2.2950000e+03
  -3.4341365e-02   2.3100000e+03
  -6.3077115e-02   2.3250000e+03
  -9.0291463e-02   2.3400000e+03
  -1.0903569e-01   2.3550000e+03
  -1.1442041e-01   2.3700000e+03
  -1.0487463e-01   2.3850000e+03
  -8.1532635e-02   2.4000000e+03
  -4.7401518e-02   2.4150000e+03
  -7.3270807e-03   2.4300000e+03
   3.2030754e-02   2.4450000e+03
   6.3513666e-02   2.4600000e+03
   8.1903107e-02   2.4750000e+03
   8.5729055e-02   2.4900000e+03
   7.7097662e-02   2.5050000e+03
   6.0155928e-02   2.5200000e+03
   3.9789923e-02   2.5350000e+03
   2.0894460e-02   2.5500000e+03
   7.1449811e-03   2.5650000e+03
  -8.4236526e-04   2.5800000e+03
  -5.9655062e-03   2.5950000e+03
  -1.2080795e-02   2.6100000e+03
  -2.0119892e-02   2.6250000e+03
  -2.6669595e-02   2.6400000e+03
  -2.6580665e-02   2.6550000e+03
  -1.7109685e-02   2.6700000e+03
  -5.7785655e-05   2.6850000e+03
   1.8960092e-02   2.7000000e+03
   3.2575116e-02   2.7150000e+03
   3.4011055e-02   2.7300000e+03
   1.9920822e-02   2.7450000e+03
  -6.9887331e-03   2.7600000e+03
  -3.7932899e-02   2.7750000e+03
  -6.1904289e-02   2.7900000e+03
  -7.1051702e-02   2.8050000e+03
  -6.3596107e-02   2.8200000e+03
  -4.2970136e-02   2.8350000e+03
  -1.5335241e-02   2.8500000e+03
   1.2317243e-02   2.8650000e+03
   3.3518579e-02   2.8800000e+03
   4.3726861e-02   2.8950000e+03
   4.1071862e-02   2.9100000e+03
   2.5850665e-02   2.9250000e+03
   9.1339185e-05   2.9400000e+03
  -3.1471241e-02   2.9550000e+03
  -6.0565177e-02   2.9700000e+03
  -7.7608824e-02   2.9850000e+03
  -7.6549418e-02   3.0000000e+03
  -5.7942919e-02   3.0150000e+03
  -2.7388912e-02   3.0300000e+03
   8.2599744e-03   3.0450000e+03
   4.2757191e-02   3.0600000e+03
   7.0181035e-02   3.0750000e+03
   8.5558958e-02   3.0900000e+03
   8.7140873e-02   3.1050000e+03
   7.7350512e-02   3.1200000e+03
   6.0543679e-02   3.1350000e+03
   3.9945357e-02   3.1500000e+03
   1.6994786e-02   3.1650000e+03
  -7.1016462e-03   3.1800000e+03
  -3.0129988e-02   3.1950000e+03
  -4.9089562e-02   3.2100000e+03
  -6.1208222e-02   3.2250000e+03
  -6.5204591e-02   3.2400000e+03
  -6.2486555e-02   3.2550000e+03
  -5.7200223e-02   3.2700000e+03
  -5.4249305e-02   3.2850000e+03
  -5.6312118e-02   3.3000000e+03
  -6.2037818e-02   3.3150000e+03
  -6.6614747e-02   3.3300000e+03
  -6.4357907e-02   3.3450000e+03
  -5.2090768e-02   3.3600000e+03
  -3.1490419e-02   3.3750000e+03
  -8.6217178e-03   3.3900000e+03
   9.3670469e-03   3.4050000e+03
   1.8123500e-02   3.4200000e+03
   1.7943380e-02   3.4350000e+03
   1.2838440e-02   3.4500000e+03
   7.9613039e-03   3.4650000e+03
   7.0714951e-03   3.4800000e+03
   1.1251971e-02   3.4950000e+03
   1.9231282e-02   3.5100000e+03
   2.8693736e-02   3.5250000e+03
   3.7315983e-02   3.5400000e+03
   4.2682335e-02   3.5550000e+03
   4.1743077e-02   3.5700000e+03
   3.1560220e-02   3.5850000e+03
   1.1867498e-02   3.6000000e+03
  -1.2761665e-02   3.6150000e+03
  -3.4035198e-02   3.6300000e+03
  -4.4269513e-02   3.6450000e+03
  -4.0543072e-02   3.6600000e+03
  -2.5696004e-02   3.6750000e+03
  -6.2929685e-03   3.6900000e+03
   1.0610547e-02   3.7050000e+03
   2.0622931e-02   3.7200000e+03
   2.4084438e-02   3.7350000e+03
   2.5402095e-02   3.7500000e+03
   2.9142939e-02   3.7650000e+03
   3.5771761e-02   3.7800000e+03
   4.1234344e-02   3.7950000e+03
   4.0833488e-02   3.8100000e+03
   3.3143323e-02   3.8250000e+03
   2.0224335e-02   3.8400000e+03
   5.1845871e-03   3.8550000e+03
  -9.5061958e-03   3.8700000e+03
  -2.1936107e-02   3.8850000e+03
  -3.0418307e-02   3.9000000e+03
  -3.3776607e-02   3.9150000e+03
  -3.1752232e-02   3.9300000e+03
  -2.5320509e-02   3.9450000e+03
  -1.6922059e-02   3.9600000e+03
  -9.6791433e-03   3.9750000e+03
  -5.1247752e-03   3.9900000e+03
  -1.5605846e-03   4.0050000e+03
   4.2630495e-03   4.0200000e+03
   1.3222055e-02   4.0350000e+03
   2.2143994e-02   4.0500000e+03
   2.6659779e-02   4.0650000e+03
   2.5497252e-02   4.0800000e+03
   2.1565732e-02   4.0950000e+03
   1.9033078e-02   4.1100000e+03
   1.9711331e-02   4.1250000e+03
   2.2050587e-02   4.1400000e+03
   2.3000428e-02   4.1550000e+03
   2.0565229e-02   4.1700000e+03
   1.4882956e-02   4.1850000e+03
   7.4402075e-03   4.2000000e+03
  -2.2578998e-04   4.2150000e+03
  -6.9206152e-03   4.2300000e+03
  -1.1401557e-02   4.2450000e+03
  -1.2474783e-02   4.2600000e+03
  -1.0070865e-02   4.2750000e+03
  -6.1331447e-03   4.2900000e+03
  -3.9007694e-03   4.3050000e+03
  -5.7418495e-03   4.3200000e+03
  -1.1289263e-02   4.3350000e+03
  -1.7568424e-02   4.3500000e+03
  -2.1154761e-02   4.3650000e+03
  -2.0600559e-02   4.3800000e+03
  -1.7043740e-02   4.3950000e+03
  -1.2576804e-02   4.4100000e+03
  -8.1943972e-03   4.4250000e+03
  -3.5659787e-03   4.4400000e+03
   1.2125558e-03   4.4550000e+03
   4.1528079e-03   4.4700000e+03
   2.3929451e-03   4.4850000e+03
  -4.7690333e-03   4.5000000e+03
