  -1.3387614e-03   0.0000000e+00
  -1.3387684e-03   1.5000000e+01
  -1.3388150e-03   3.0000000e+01
  -1.3389203e-03   4.5000000e+01
  -1.3390154e-03   6.0000000e+01
  -1.3389740e-03   7.5000000e+01
  -1.3387748e-03   9.0000000e+01
  -1.3385782e-03   1.0500000e+02
  -1.3386226e-03   1.2000000e+02
  -1.3390204e-03   1.3500000e+02
  -1.3395479e-03   1.5000000e+02
  -1.3395833e-03   1.6500000e+02
  -1.3379556e-03   1.8000000e+02
  -1.3314156e-03   1.9500000e+02
  -1.3103925e-03   2.1000000e+02
  -1.2542967e-03   2.2500000e+02
  -1.1358761e-03   2.4000000e+02
  -9.4545068e-04   2.5500000e+02
  -7.2538416e-04   2.7000000e+02
  -5.7136058e-04   2.8500000e+02
  -5.6374632e-04   3.0000000e+02
  -6.7533099e-04   3.1500000e+02
  -7.7442144e-04   3.3000000e+02
  -7.5998297e-04   3.4500000e+02
  -6.7766057e-04   3.6000000e+02
  -6.4999552e-04   3.7500000e+02
  -7.0478575e-04   3.9000000e+02
  -7.4954587e-04   4.0500000e+02
  -7.2397472e-04   4.2000000e+02
  -6.8451581e-04   4.3500000e+02
  -6.9688424e-04   4.5000000e+02
  -7.3162717e-04   4.6500000e+02
  -7.3085877e-04   4.8000000e+02
  -7.0879795e-04   4.9500000e+02
  -7.1226357e-04   5.1000000e+02
  -7.3407998e-04   5.2500000e+02
  -7.3686836e-04   5.4000000e+02
  -7.2378950e-04   5.5500000e+02
  -7.2394486e-04   5.7000000e+02
  -7.3613826e-04   5.8500000e+02
  -7.3801348e-04   6.0000000e+02
  -7.3056074e-04   6.1500000e+02
  -7.3172693e-04   6.3000000e+02
  -7.4084691e-04   6.4500000e+02
  -7.4422540e-04   6.6000000e+02
  -7.4303470e-04   6.7500000e+02
  -7.4688951e-04   6.9000000e+02
  -7.5263018e-04   7.0500000e+02
  -7.5210154e-04   7.2000000e+02
  -7.4791344e-04   7.3500000e+02
  -7.4582448e-04   7.5000000e+02
  -7.4449956e-04   7.6500000e+02
  -7.4354286e-04   7.8000000e+02
  -7.5012806e-04   7.9500000e+02
  -7.6981052e-04   8.1000000e+02
  -7.9872098e-04   8.2500000e+02
  -8.2835770e-04   8.4000000e+02
  -8.5140602e-04   8.5500000e+02
  -8.6325587e-04   8.7000000e+02
  -8.6611614e-04   8.8500000e+02
  -8.7138260e-04   9.0000000e+02
  -8.8988134e-04   9.1500000e+02
  -9.1877108e-04   9.3000000e+02
  -9.4387308e-04   9.4500000e+02
  -9.5631095e-04   9.6000000e+02
  -9.6249621e-04   9.7500000e+02
  -9.7553519e-04   9.9000000e+02
  -9.9945953e-04   1.0050000e+03
  -1.0251811e-03   1.0200000e+03
  -1.0423338e-03   1.0350000e+03
  -1.0520186e-03   1.0500000e+03
  -1.0640202e-03   1.0650000e+03
  -1.0826177e-03   1.0800000e+03
  -1.1016239e-03   1.0950000e+03
  -1.1153833e-03   1.1100000e+03
  -1.1278460e-03   1.1250000e+03
  -1.1459781e-03   1.1400000e+03
  -1.1696900e-03   1.1550000e+03
  -1.1948323e-03   1.1700000e+03
  -1.2224194e-03   1.1850000e+03
  -1.2573644e-03   1.2000000e+03
  -1.2996093e-03   1.2150000e+03
  -1.3434410e-03   1.2300000e+03
  -1.3851665e-03   1.2450000e+03
  -1.4254246e-03   1.2600000e+03
  -1.4641790e-03   1.2750000e+03
  -1.4995598e-03   1.2900000e+03
  -1.5322574e-03   1.3050000e+03
  -1.5656836e-03   1.3200000e+03
  -1.6008766e-03   1.3350000e+03
  -1.6358085e-03   1.3500000e+03
  -1.6701923e-03   1.3650000e+03
  -1.7066892e-03   1.3800000e+03
  -1.7468818e-03   1.3950000e+03
  -1.7896761e-03   1.4100000e+03
  -1.8338754e-03   1.4250000e+03
  -1.8793489e-03   1.4400000e+03
  -1.9256298e-03   1.4550000e+03
  -1.9713994e-03   1.4700000e+03
  -2.0153562e-03   1.4850000e+03
  -2.0572036e-03   1.5000000e+03
  -2.0986209e-03   1.5150000e+03
  -2.1427071e-03   1.5300000e+03
  -2.1908097e-03   1.5450000e+03
  -2.2406776e-03   1.5600000e+03
  -2.2897655e-03   1.5750000e+03
  -2.3395286e-03   1.5900000e+03
  -2.3939703e-03   1.6050000e+03
  -2.4542187e-03   1.6200000e+03
  -2.5169831e-03   1.6350000e+03
  -2.5784585e-03   1.6500000e+03
  -2.6373263e-03   1.6650000e+03
  -2.6934741e-03   1.6800000e+03
  -2.7464146e-03   1.6950000e+03
  -2.7965838e-03   1.7100000e+03
  -2.8471146e-03   1.7250000e+03
  -2.9026524e-03   1.7400000e+03
  -2.9650915e-03   1.7550000e+03
  -3.0300859e-03   1.7700000e+03
  -3.0891653e-03   1.7850000e+03
  -3.1366758e-03   1.8000000e+03
  -3.1737813e-03   1.8150000e+03
  -3.2047420e-03   1.8300000e+03
  -3.2308777e-03   1.8450000e+03
  -3.2495316e-03   1.8600000e+03
  -3.2573303e-03   1.8750000e+03
  -3.2520604e-03   1.8900000e+03
  -3.2315343e-03   1.9050000e+03
  -3.1921614e-03   1.9200000e+03
  -3.1282969e-03   1.9350000e+03
  -3.0317451e-03   1.9500000e+03
  -2.8923852e-03   1.9650000e+03
  -2.7001230e-03   1.9800000e+03
  -2.4448091e-03   1.9950000e+03
  -2.1124135e-03   2.0100000e+03
  -1.6812218e-03   2.0250000e+03
  -1.1211439e-03   2.0400000e+03
  -3.9300331e-04   2.0550000e+03
   5.5630627e-04   2.0700000e+03
   1.8013660e-03   2.0850000e+03
   3.4448432e-03   2.1000000e+03
   5.6241504e-03   2.1150000e+03
   8.5232118e-03   2.1300000e+03
   1.2391340e-02   2.1450000e+03
   1.7564831e-02   2.1600000e+03
   2.4485884e-02   2.1750000e+03
   3.3718016e-02   2.1900000e+03
   4.5956623e-02   2.2050000e+03
   6.2023405e-02   2.2200000e+03
   8.2821235e-02   2.2350000e+03
   1.0921855e-01   2.2500000e+03
   1.4183220e-01   2.2650000e+03
   1.8069348e-01   2.2800000e+03
   2.2482200e-01   2.2950000e+03
   2.7179205e-01   2.3100000e+03
   3.1743553e-01   2.3250000e+03
   3.5587019e-01   2.3400000e+03
   3.8004565e-01   2.3550000e+03
   3.8291988e-01   2.3700000e+03
   3.5918409e-01   2.3850000e+03
   3.0717295e-01   2.4000000e+03
   2.3033349e-01   2.4150000e+03
   1.3753095e-01   2.4300000e+03
   4.1667297e-02   2.4450000e+03
  -4.3380167e-02   2.4600000e+03
  -1.0674110e-01   2.4750000e+03
  -1.4402966e-01   2.4900000e+03
  -1.5872933e-01   2.5050000e+03
  -1.6054025e-01   2.5200000e+03
  -1.6108310e-01   2.5350000e+03
  -1.6877092e-01   2.5500000e+03
  -1.8529953e-01   2.5650000e+03
  -2.0552234e-01   2.5800000e+03
  -2.2070053e-01   2.5950000e+03
  -2.2326496e-01   2.6100000e+03
  -2.1047303e-01   2.6250000e+03
  -1.8519250e-01   2.6400000e+03
  -1.5388525e-01   2.6550000e+03
  -1.2339278e-01   2.6700000e+03
  -9.8360978e-02   2.6850000e+03
  -8.0196321e-02   2.7000000e+03
  -6.7329563e-02   2.7150000e+03
  -5.6173496e-02   2.7300000e+03
  -4.2463463e-02   2.7450000e+03
  -2.2905651e-02   2.7600000e+03
   3.2587263e-03   2.7750000e+03
   3.3620603e-02   2.7900000e+03
   6.3524723e-02   2.8050000e+03
   8.8129424e-02   2.8200000e+03
   1.0423943e-01   2.8350000e+03
   1.1073680e-01   2.8500000e+03
   1.0773037e-01   2.8650000e+03
   9.5700175e-02   2.8800000e+03
   7.5715803e-02   2.8950000e+03
   5.0408520e-02   2.9100000e+03
   2.4249058e-02   2.9250000e+03
   2.1272027e-03   2.9400000e+03
  -1.3055868e-02   2.9550000e+03
  -2.1809768e-02   2.9700000e+03
  -2.7120212e-02   2.9850000e+03
  -3.1815760e-02   3.0000000e+03
  -3.6415100e-02   3.0150000e+03
  -3.9160214e-02   3.0300000e+03
  -3.7963130e-02   3.0450000e+03
  -3.2429773e-02   3.0600000e+03
  -2.4328113e-02   3.0750000e+03
  -1.6382748e-02   3.0900000e+03
  -1.0562941e-02   3.1050000e+03
  -7.1143978e-03   3.1200000e+03
  -4.7789942e-03   3.1350000e+03
  -1.8360876e-03   3.1500000e+03
   2.7299006e-03   3.1650000e+03
   8.5585089e-03   3.1800000e+03
   1.4084974e-02   3.1950000e+03
   1.7481133e-02   3.2100000e+03
   1.7824089e-02   3.2250000e+03
   1.5716057e-02   3.2400000e+03
   1.2857726e-02   3.2550000e+03
   1.0806932e-02   3.2700000e+03
   9.8271901e-03   3.2850000e+03
   8.7354071e-03   3.3000000e+03
   5.8554974e-03   3.3150000e+03
   1.9720646e-04   3.3300000e+03
  -8.2379207e-03   3.3450000e+03
  -1.9225456e-02   3.3600000e+03
  -3.3155259e-02   3.3750000e+03
  -5.0711937e-02   3.3900000e+03
  -7.1362890e-02   3.4050000e+03
  -9.2088871e-02   3.4200000e+03
  -1.0790681e-01   3.4350000e+03
  -1.1415775e-01   3.4500000e+03
  -1.0878319e-01   3.4650000e+03
  -9.2729263e-02   3.4800000e+03
  -6.8349436e-02   3.4950000e+03
  -3.7482969e-02   3.5100000e+03
  -1.0022555e-03   3.5250000e+03
   3.9934676e-02   3.5400000e+03
   8.2308024e-02   3.5550000e+03
   1.2094519e-01   3.5700000e+03
   1.4997746e-01   3.5850000e+03
   1.6514951e-01   3.6000000e+03
   1.6556181e-01   3.6150000e+03
   1.5388577e-01   3.6300000e+03
   1.3501623e-01   3.6450000e+03
   1.1394416e-01   3.6600000e+03
   9.3993977e-02   3.6750000e+03
   7.6302074e-02   3.6900000e+03
   6.0584273e-02   3.7050000e+03
   4.6351023e-02   3.7200000e+03
   3.3511341e-02   3.7350000e+03
   2.2026619e-02   3.7500000e+03
   1.1278725e-02   3.7650000e+03
   8.6405358e-05   3.7800000e+03
  -1.2440731e-02   3.7950000e+03
  -2.5976231e-02   3.8100000e+03
  -3.8904324e-02   3.8250000e+03
  -4.9264763e-02   3.8400000e+03
  -5.5986762e-02   3.8550000e+03
  -5.9466116e-02   3.8700000e+03
  -6.1092071e-02   3.8850000e+03
  -6.2134419e-02   3.9000000e+03
  -6.2854432e-02   3.9150000e+03
  -6.2498856e-02   3.9300000e+03
  -6.0112167e-02   3.9450000e+03
  -5.5412512e-02   3.9600000e+03
  -4.8945118e-02   3.9750000e+03
  -4.1445058e-02   3.9900000e+03
  -3.3138033e-02   4.0050000e+03
  -2.3754971e-02   4.0200000e+03
  -1.3254090e-02   4.0350000e+03
  -2.4485956e-03   4.0500000e+03
   7.2160289e-03   4.0650000e+03
   1.4632664e-02   4.0800000e+03
   1.9860316e-02   4.0950000e+03
   2.4016647e-02   4.1100000e+03
   2.8335731e-02   4.1250000e+03
   3.3262886e-02   4.1400000e+03
   3.8318131e-02   4.1550000e+03
   4.2605828e-02   4.1700000e+03
   4.5270879e-02   4.1850000e+03
   4.5530986e-02   4.2000000e+03
   4.2632964e-02   4.2150000e+03
   3.6183033e-02   4.2300000e+03
   2.6647864e-02   4.2450000e+03
   1.5366098e-02   4.2600000e+03
   3.8731773e-03   4.2750000e+03
  -6.8367752e-03   4.2900000e+03
  -1.6411189e-02   4.3050000e+03
  -2.4678068e-02   4.3200000e+03
  -3.1314705e-02   4.3350000e+03
  -3.6053631e-02   4.3500000e+03
  -3.9118454e-02   4.3650000e+03
  -4.1338272e-02   4.3800000e+03
  -4.3773305e-02   4.3950000e+03
  -4.7125991e-02   4.4100000e+03
  -5.1301286e-02   4.4250000e+03
  -5.5329241e-02   4.4400000e+03
  -5.7692107e-02   4.4550000e+03
  -5.6932148e-02   4.4700000e+03
  -5.2262262e-02   4.4850000e+03
  -4.3882336e-02   4.5000000e+03
