   1.9855853e-03   0.0000000e+00
   1.9855713e-03   1.5000000e+01
   1.9855516e-03   3.0000000e+01
   1.9857225e-03   4.5000000e+01
   1.9864845e-03   6.0000000e+01
   1.9879779e-03   7.5000000e+01
   1.9897048e-03   9.0000000e+01
   1.9909304e-03   1.0500000e+02
   1.9913816e-03   1.2000000e+02
   1.9914403e-03   1.3500000e+02
   1.9917039e-03   1.5000000e+02
   1.9924017e-03   1.6500000e+02
   1.9931481e-03   1.8000000e+02
   1.9928308e-03   1.9500000e+02
   1.9889441e-03   2.1000000e+02
   1.9769268e-03   2.2500000e+02
   1.9523979e-03   2.4000000e+02
   1.9181849e-03   2.5500000e+02
   1.8914491e-03   2.7000000e+02
   1.8992381e-03   2.8500000e+02
   1.9565497e-03   3.0000000e+02
   2.0442326e-03   3.1500000e+02
   2.1188278e-03   3.3000000e+02
   2.1559871e-03   3.4500000e+02
   2.1774957e-03   3.6000000e+02
   2.2202819e-03   3.7500000e+02
   2.2849145e-03   3.9000000e+02
   2.3373826e-03   4.0500000e+02
   2.3613886e-03   4.2000000e+02
   2.3800668e-03   4.3500000e+02
   2.4161120e-03   4.5000000e+02
   2.4597633e-03   4.6500000e+02
   2.4943093e-03   4.8000000e+02
   2.5267296e-03   4.9500000e+02
   2.5709446e-03   5.1000000e+02
   2.6222907e-03   5.2500000e+02
   2.6692601e-03   5.4000000e+02
   2.7136283e-03   5.5500000e+02
   2.7616832e-03   5.7000000e+02
   2.8086349e-03   5.8500000e+02
   2.8468808e-03   6.0000000e+02
   2.8804548e-03   6.1500000e+02
   2.9175484e-03   6.3000000e+02
   2.9556823e-03   6.4500000e+02
   2.9860456e-03   6.6000000e+02
   3.0051172e-03   6.7500000e+02
   3.0112211e-03   6.9000000e+02
   2.9956726e-03   7.0500000e+02
   2.9449235e-03   7.2000000e+02
   2.8472433e-03   7.3500000e+02
   2.6959314e-03   7.5000000e+02
   2.4980775e-03   7.6500000e+02
   2.2924868e-03   7.8000000e+02
   2.1540511e-03   7.9500000e+02
   2.1603471e-03   8.1000000e+02
   2.3325281e-03   8.2500000e+02
   2.5955350e-03   8.4000000e+02
   2.8021794e-03   8.5500000e+02
   2.8277773e-03   8.7000000e+02
   2.6734772e-03   8.8500000e+02
   2.4740046e-03   9.0000000e+02
   2.3733573e-03   9.1500000e+02
   2.3786100e-03   9.3000000e+02
   2.3553255e-03   9.4500000e+02
   2.1836697e-03   9.6000000e+02
   1.8970398e-03   9.7500000e+02
   1.6305596e-03   9.9000000e+02
   1.4421993e-03   1.0050000e+03
   1.2415040e-03   1.0200000e+03
   9.1872935e-04   1.0350000e+03
   4.8677338e-04   1.0500000e+03
   3.5630364e-05   1.0650000e+03
  -4.1621507e-04   1.0800000e+03
  -9.4065588e-04   1.0950000e+03
  -1.5739021e-03   1.1100000e+03
  -2.2479289e-03   1.1250000e+03
  -2.8175463e-03   1.1400000e+03
  -2.9081746e-03   1.1550000e+03
  -1.2925004e-03   1.1700000e+03
   5.3065512e-03   1.1850000e+03
   2.4015015e-02   1.2000000e+03
   6.7905568e-02   1.2150000e+03
   1.5661742e-01   1.2300000e+03
   3.1125879e-01   1.2450000e+03
   5.3837276e-01   1.2600000e+03
   8.0263931e-01   1.2750000e+03
   1.0017798e+00   1.2900000e+03
   9.7448832e-01   1.3050000e+03
   5.7338411e-01   1.3200000e+03
  -2.0463885e-01   1.3350000e+03
  -1.1138067e+00   1.3500000e+03
  -1.7095432e+00   1.3650000e+03
  -1.6066120e+00   1.3800000e+03
  -8.0152559e-01   1.3950000e+03
   2.3131955e-01   1.4100000e+03
   8.3961672e-01   1.4250000e+03
   6.9704849e-01   1.4400000e+03
   6.9166288e-02   1.4550000e+03
  -4.2271748e-01   1.4700000e+03
  -3.4541649e-01   1.4850000e+03
   1.6513868e-01   1.5000000e+03
   5.2777058e-01   1.5150000e+03
   2.9468161e-01   1.5300000e+03
  -3.1423074e-01   1.5450000e+03
  -5.8188713e-01   1.5600000e+03
  -1.8098582e-01   1.5750000e+03
   3.1319228e-01   1.5900000e+03
   2.1020998e-01   1.6050000e+03
  -2.0837556e-01   1.6200000e+03
  -1.3191594e-01   1.6350000e+03
   3.4766179e-01   1.6500000e+03
   3.2756335e-01   1.6650000e+03
  -2.6955235e-01   1.6800000e+03
  -4.8713270e-01   1.6950000e+03
  -5.5773050e-02   1.7100000e+03
   1.9912432e-01   1.7250000e+03
   1.6461503e-02   1.7400000e+03
   6.6406183e-02   1.7550000e+03
   3.7784010e-01   1.7700000e+03
   2.4188410e-01   1.7850000e+03
  -2.0854101e-01   1.8000000e+03
  -2.0359622e-01   1.8150000e+03
   8.6056039e-02   1.8300000e+03
  -2.2933519e-02   1.8450000e+03
  -3.0971226e-01   1.8600000e+03
  -2.4101305e-01   1.8750000e+03
  -5.2874643e-02   1.8900000e+03
  -5.4531287e-02   1.9050000e+03
  -1.0657858e-03   1.9200000e+03
   1.7337061e-01   1.9350000e+03
   1.8828009e-01   1.9500000e+03
   1.0051388e-01   1.9650000e+03
   1.2820651e-01   1.9800000e+03
   1.3548018e-01   1.9950000e+03
   3.3759205e-03   2.0100000e+03
  -8.5932203e-02   2.0250000e+03
  -5.8085267e-02   2.0400000e+03
  -2.1483632e-02   2.0550000e+03
   2.4168644e-02   2.0700000e+03
   8.7188095e-02   2.0850000e+03
   6.2247060e-02   2.1000000e+03
  -4.8267961e-02   2.1150000e+03
  -1.0920136e-01   2.1300000e+03
  -7.6102652e-02   2.1450000e+03
  -4.6751462e-03   2.1600000e+03
   5.7028670e-02   2.1750000e+03
   6.8910539e-02   2.1900000e+03
   2.2821791e-02   2.2050000e+03
  -2.4547163e-02   2.2200000e+03
  -2.7958525e-02   2.2350000e+03
  -7.3761870e-03   2.2500000e+03
   4.0556737e-03   2.2650000e+03
   6.2950747e-04   2.2800000e+03
  -5.4168161e-03   2.2950000e+03
  -2.7782002e-03   2.3100000e+03
  -9.4197592e-04   2.3250000e+03
  -1.6311713e-02   2.3400000e+03
  -3.3039752e-02   2.3550000e+03
  -2.2873890e-02   2.3700000e+03
   3.6444676e-03   2.3850000e+03
   1.5421325e-02   2.4000000e+03
   7.6879095e-03   2.4150000e+03
  -2.3956844e-03   2.4300000e+03
   1.2380830e-03   2.4450000e+03
   2.0869477e-02   2.4600000e+03
   3.6134019e-02   2.4750000e+03
   2.6431095e-02   2.4900000e+03
   2.2894461e-03   2.5050000e+03
  -1.3553191e-02   2.5200000e+03
  -1.6726164e-02   2.5350000e+03
  -1.1713448e-02   2.5500000e+03
  -9.9598267e-04   2.5650000e+03
   8.9661516e-03   2.5800000e+03
   1.3329748e-02   2.5950000e+03
   1.4066715e-02   2.6100000e+03
   1.2127833e-02   2.6250000e+03
   8.9853853e-03   2.6400000e+03
   1.3020167e-02   2.6550000e+03
   2.9476708e-02   2.6700000e+03
   4.8515871e-02   2.6850000e+03
   5.3965125e-02   2.7000000e+03
   4.2932581e-02   2.7150000e+03
   2.9232917e-02   2.7300000e+03
   2.5540281e-02   2.7450000e+03
   3.0152854e-02   2.7600000e+03
   3.3657569e-02   2.7750000e+03
   2.8294878e-02   2.7900000e+03
   9.6144751e-03   2.8050000e+03
  -1.8928094e-02   2.8200000e+03
  -4.2333152e-02   2.8350000e+03
  -4.6718959e-02   2.8500000e+03
  -3.6789518e-02   2.8650000e+03
  -3.0995632e-02   2.8800000e+03
  -3.7538540e-02   2.8950000e+03
  -4.3693408e-02   2.9100000e+03
  -3.3052605e-02   2.9250000e+03
  -7.4358904e-03   2.9400000e+03
   1.4205795e-02   2.9550000e+03
   1.6381923e-02   2.9700000e+03
   7.0945756e-04   2.9850000e+03
  -2.0594776e-02   3.0000000e+03
  -3.7072849e-02   3.0150000e+03
  -4.2288706e-02   3.0300000e+03
  -3.1887960e-02   3.0450000e+03
  -8.2778810e-03   3.0600000e+03
   1.5283071e-02   3.0750000e+03
   2.2923781e-02   3.0900000e+03
   1.0426157e-02   3.1050000e+03
  -1.0813283e-02   3.1200000e+03
  -2.4259700e-02   3.1350000e+03
  -2.1753775e-02   3.1500000e+03
  -8.0444273e-03   3.1650000e+03
   4.9290941e-03   3.1800000e+03
   7.2278744e-03   3.1950000e+03
  -2.9254481e-03   3.2100000e+03
  -1.8503638e-02   3.2250000e+03
  -2.7971078e-02   3.2400000e+03
  -2.2678135e-02   3.2550000e+03
  -4.0683690e-03   3.2700000e+03
   1.5280831e-02   3.2850000e+03
   2.0987036e-02   3.3000000e+03
   1.0220170e-02   3.3150000e+03
  -5.1143537e-03   3.3300000e+03
  -1.0451566e-02   3.3450000e+03
  -3.2820827e-03   3.3600000e+03
   5.5937655e-03   3.3750000e+03
   4.7143269e-03   3.3900000e+03
  -6.2680049e-03   3.4050000e+03
  -1.7709445e-02   3.4200000e+03
  -2.0804778e-02   3.4350000e+03
  -1.5769398e-02   3.4500000e+03
  -1.0041502e-02   3.4650000e+03
  -1.0068933e-02   3.4800000e+03
  -1.5406798e-02   3.4950000e+03
  -2.0084407e-02   3.5100000e+03
  -1.8796707e-02   3.5250000e+03
  -1.1577823e-02   3.5400000e+03
  -2.9295280e-03   3.5550000e+03
   3.0700627e-03   3.5700000e+03
   6.5383189e-03   3.5850000e+03
   1.0742228e-02   3.6000000e+03
   1.7581444e-02   3.6150000e+03
   2.4619082e-02   3.6300000e+03
   2.7146202e-02   3.6450000e+03
   2.3295578e-02   3.6600000e+03
   1.6417248e-02   3.6750000e+03
   1.1500914e-02   3.6900000e+03
   9.3845306e-03   3.7050000e+03
   5.7691825e-03   3.7200000e+03
  -3.1830585e-03   3.7350000e+03
  -1.5034493e-02   3.7500000e+03
  -2.2322055e-02   3.7650000e+03
  -2.0126637e-02   3.7800000e+03
  -1.1663164e-02   3.7950000e+03
  -5.5281189e-03   3.8100000e+03
  -7.3551969e-03   3.8250000e+03
  -1.4500662e-02   3.8400000e+03
  -1.8849917e-02   3.8550000e+03
  -1.4396113e-02   3.8700000e+03
  -2.0873011e-03   3.8850000e+03
   1.1812706e-02   3.9000000e+03
   2.1014042e-02   3.9150000e+03
   2.2955904e-02   3.9300000e+03
   1.8868776e-02   3.9450000e+03
   1.1669287e-02   3.9600000e+03
   3.9032700e-03   3.9750000e+03
  -3.2080151e-03   3.9900000e+03
  -9.3446663e-03   4.0050000e+03
  -1.3750839e-02   4.0200000e+03
  -1.4642099e-02   4.0350000e+03
  -1.0733732e-02   4.0500000e+03
  -3.5185432e-03   4.0650000e+03
   2.9306109e-03   4.0800000e+03
   5.3763487e-03   4.0950000e+03
   4.5187897e-03   4.1100000e+03
   4.0147472e-03   4.1250000e+03
   6.2559312e-03   4.1400000e+03
   9.5669925e-03   4.1550000e+03
   9.8836450e-03   4.1700000e+03
   5.0000623e-03   4.1850000e+03
  -3.1641894e-03   4.2000000e+03
  -1.0472305e-02   4.2150000e+03
  -1.4343644e-02   4.2300000e+03
  -1.5352856e-02   4.2450000e+03
  -1.5388905e-02   4.2600000e+03
  -1.5054725e-02   4.2750000e+03
  -1.3471796e-02   4.2900000e+03
  -1.0287123e-02   4.3050000e+03
  -6.8641342e-03   4.3200000e+03
  -4.9259602e-03   4.3350000e+03
  -4.3998365e-03   4.3500000e+03
  -3.2199181e-03   4.3650000e+03
   7.0733513e-04   4.3800000e+03
   7.6412526e-03   4.3950000e+03
   1.5890837e-02   4.4100000e+03
   2.2900557e-02   4.4250000e+03
   2.6364179e-02   4.4400000e+03
   2.5130056e-02   4.4550000e+03
   1.9903330e-02   4.4700000e+03
   1.3031796e-02   4.4850000e+03
   6.9568614e-03   4.5000000e+03
