   5.8442057e-04   0.0000000e+00
   5.8423303e-04   1.5000000e+01
   5.8365421e-04   3.0000000e+01
   5.8278284e-04   4.5000000e+01
   5.8197073e-04   6.0000000e+01
   5.8147334e-04   7.5000000e+01
   5.8099622e-04   9.0000000e+01
   5.7984825e-04   1.0500000e+02
   5.7752029e-04   1.2000000e+02
   5.7409424e-04   1.3500000e+02
   5.7025120e-04   1.5000000e+02
   5.6687003e-04   1.6500000e+02
   5.6460721e-04   1.8000000e+02
   5.6432409e-04   1.9500000e+02
   5.6898536e-04   2.1000000e+02
   5.8609428e-04   2.2500000e+02
   6.2710862e-04   2.4000000e+02
   6.9919985e-04   2.5500000e+02
   7.9154200e-04   2.7000000e+02
   8.7158807e-04   2.8500000e+02
   9.0678025e-04   3.0000000e+02
   8.9866051e-04   3.1500000e+02
   8.8783918e-04   3.3000000e+02
   9.1156288e-04   3.4500000e+02
   9.6045196e-04   3.6000000e+02
   9.9468627e-04   3.7500000e+02
   1.0000888e-03   3.9000000e+02
   1.0024743e-03   4.0500000e+02
   1.0221559e-03   4.2000000e+02
   1.0442776e-03   4.3500000e+02
   1.0491938e-03   4.5000000e+02
   1.0462115e-03   4.6500000e+02
   1.0554544e-03   4.8000000e+02
   1.0749921e-03   4.9500000e+02
   1.0897737e-03   5.1000000e+02
   1.1000917e-03   5.2500000e+02
   1.1173723e-03   5.4000000e+02
   1.1406891e-03   5.5500000e+02
   1.1587591e-03   5.7000000e+02
   1.1692237e-03   5.8500000e+02
   1.1790611e-03   6.0000000e+02
   1.1903401e-03   6.1500000e+02
   1.1984633e-03   6.3000000e+02
   1.2013291e-03   6.4500000e+02
   1.1997746e-03   6.6000000e+02
   1.1904250e-03   6.7500000e+02
   1.1658897e-03   6.9000000e+02
   1.1195923e-03   7.0500000e+02
   1.0433543e-03   7.2000000e+02
   9.2410034e-04   7.3500000e+02
   7.5196312e-04   7.5000000e+02
   5.3533766e-04   7.6500000e+02
   3.1172484e-04   7.8000000e+02
   1.4579692e-04   7.9500000e+02
   1.0396689e-04   8.1000000e+02
   2.0635153e-04   8.2500000e+02
   3.8874859e-04   8.4000000e+02
   5.2166486e-04   8.5500000e+02
   4.9651647e-04   8.7000000e+02
   3.1800120e-04   8.8500000e+02
   1.0870781e-04   9.0000000e+02
  -1.2086275e-06   9.1500000e+02
  -2.0868356e-06   9.3000000e+02
  -1.0347048e-05   9.4500000e+02
  -1.3353993e-04   9.6000000e+02
  -3.4762369e-04   9.7500000e+02
  -5.3852808e-04   9.9000000e+02
  -6.5551413e-04   1.0050000e+03
  -7.7086926e-04   1.0200000e+03
  -9.6645270e-04   1.0350000e+03
  -1.2153776e-03   1.0500000e+03
  -1.4320043e-03   1.0650000e+03
  -1.6053438e-03   1.0800000e+03
  -1.8059748e-03   1.0950000e+03
  -2.0657554e-03   1.1100000e+03
  -2.3344252e-03   1.1250000e+03
  -2.5798879e-03   1.1400000e+03
  -2.8539365e-03   1.1550000e+03
  -3.2111949e-03   1.1700000e+03
  -3.6252202e-03   1.1850000e+03
  -4.0427051e-03   1.2000000e+03
  -4.4708345e-03   1.2150000e+03
  -4.9456158e-03   1.2300000e+03
  -5.4483991e-03   1.2450000e+03
  -5.9175552e-03   1.2600000e+03
  -6.3190307e-03   1.2750000e+03
  -6.6458122e-03   1.2900000e+03
  -6.8594455e-03   1.3050000e+03
  -6.8724002e-03   1.3200000e+03
  -6.5573948e-03   1.3350000e+03
  -5.7023522e-03   1.3500000e+03
  -3.9188778e-03   1.3650000e+03
  -5.4355449e-04   1.3800000e+03
   5.5372068e-03   1.3950000e+03
   1.6252473e-02   1.4100000e+03
   3.4911852e-02   1.4250000e+03
   6.6875599e-02   1.4400000e+03
   1.2013543e-01   1.4550000e+03
   2.0529152e-01   1.4700000e+03
   3.3383533e-01   1.4850000e+03
   5.1325738e-01   1.5000000e+03
   7.3807073e-01   1.5150000e+03
   9.7817957e-01   1.5300000e+03
   1.1702943e+00   1.5450000e+03
   1.2224450e+00   1.5600000e+03
   1.0413457e+00   1.5750000e+03
   5.8207405e-01   1.5900000e+03
  -1.0032587e-01   1.6050000e+03
  -8.3505344e-01   1.6200000e+03
  -1.3875786e+00   1.6350000e+03
  -1.5714338e+00   1.6500000e+03
  -1.3569551e+00   1.6650000e+03
  -8.9386594e-01   1.6800000e+03
  -4.1617787e-01   1.6950000e+03
  -9.4378605e-02   1.7100000e+03
   4.7527544e-02   1.7250000e+03
   8.9429677e-02   1.7400000e+03
   1.0622744e-01   1.7550000e+03
   1.0749383e-01   1.7700000e+03
   6.9886684e-02   1.7850000e+03
  -1.5674975e-03   1.8000000e+03
  -6.2681995e-02   1.8150000e+03
  -7.1190253e-02   1.8300000e+03
  -2.5050078e-02   1.8450000e+03
   3.4430530e-02   1.8600000e+03
   4.9164772e-02   1.8750000e+03
  -1.1873138e-02   1.8900000e+03
  -1.1644088e-01   1.9050000e+03
  -1.8456079e-01   1.9200000e+03
  -1.5819630e-01   1.9350000e+03
  -5.0542075e-02   1.9500000e+03
   7.9972848e-02   1.9650000e+03
   1.7969038e-01   1.9800000e+03
   2.1009773e-01   1.9950000e+03
   1.5239549e-01   2.0100000e+03
   4.2356227e-02   2.0250000e+03
  -3.5108011e-02   2.0400000e+03
  -3.4638058e-02   2.0550000e+03
  -6.1564404e-03   2.0700000e+03
  -2.0973355e-02   2.0850000e+03
  -7.7126458e-02   2.1000000e+03
  -1.1934298e-01   2.1150000e+03
  -1.1418778e-01   2.1300000e+03
  -6.5245144e-02   2.1450000e+03
   7.9164999e-03   2.1600000e+03
   7.1147881e-02   2.1750000e+03
   8.9286193e-02   2.1900000e+03
   6.0777288e-02   2.2050000e+03
   1.5088369e-02   2.2200000e+03
  -2.3118664e-02   2.2350000e+03
  -4.3056905e-02   2.2500000e+03
  -3.9948680e-02   2.2650000e+03
  -2.5390731e-02   2.2800000e+03
  -2.2938136e-02   2.2950000e+03
  -3.3695672e-02   2.3100000e+03
  -3.1450208e-02   2.3250000e+03
  -2.2251939e-03   2.3400000e+03
   3.6767393e-02   2.3550000e+03
   6.1795086e-02   2.3700000e+03
   6.6570766e-02   2.3850000e+03
   6.1426606e-02   2.4000000e+03
   5.8942322e-02   2.4150000e+03
   5.9601877e-02   2.4300000e+03
   5.3563200e-02   2.4450000e+03
   3.9743457e-02   2.4600000e+03
   3.2389689e-02   2.4750000e+03
   4.1492794e-02   2.4900000e+03
   5.7453152e-02   2.5050000e+03
   6.2872648e-02   2.5200000e+03
   5.2977070e-02   2.5350000e+03
   3.8862310e-02   2.5500000e+03
   3.3206686e-02   2.5650000e+03
   3.7279654e-02   2.5800000e+03
   4.3196883e-02   2.5950000e+03
   4.4658508e-02   2.6100000e+03
   4.0984981e-02   2.6250000e+03
   3.3616129e-02   2.6400000e+03
   2.4165181e-02   2.6550000e+03
   1.5173965e-02   2.6700000e+03
   8.9923823e-03   2.6850000e+03
   5.0528799e-03   2.7000000e+03
  -5.2142289e-04   2.7150000e+03
  -1.1500644e-02   2.7300000e+03
  -2.7712667e-02   2.7450000e+03
  -4.5256067e-02   2.7600000e+03
  -5.9668638e-02   2.7750000e+03
  -6.7601442e-02   2.7900000e+03
  -6.7168750e-02   2.8050000e+03
  -5.9559185e-02   2.8200000e+03
  -4.9923170e-02   2.8350000e+03
  -4.4145394e-02   2.8500000e+03
  -4.3355677e-02   2.8650000e+03
  -4.1839547e-02   2.8800000e+03
  -3.1631842e-02   2.8950000e+03
  -1.0632600e-02   2.9100000e+03
   1.3564994e-02   2.9250000e+03
   2.8688451e-02   2.9400000e+03
   2.7323416e-02   2.9550000e+03
   1.2310473e-02   2.9700000e+03
  -6.0839453e-03   2.9850000e+03
  -1.7851520e-02   3.0000000e+03
  -1.9217294e-02   3.0150000e+03
  -1.2789358e-02   3.0300000e+03
  -2.9677376e-03   3.0450000e+03
   8.3317012e-03   3.0600000e+03
   2.1212619e-02   3.0750000e+03
   3.3602912e-02   3.0900000e+03
   3.9312117e-02   3.1050000e+03
   3.2322012e-02   3.1200000e+03
   1.3584953e-02   3.1350000e+03
  -7.4613625e-03   3.1500000e+03
  -1.9345576e-02   3.1650000e+03
  -1.7251398e-02   3.1800000e+03
  -6.0462607e-03   3.1950000e+03
   4.5012780e-03   3.2100000e+03
   7.4547534e-03   3.2250000e+03
   2.7914529e-03   3.2400000e+03
  -4.5929435e-03   3.2550000e+03
  -9.7157536e-03   3.2700000e+03
  -1.0177419e-02   3.2850000e+03
  -5.3592920e-03   3.3000000e+03
   4.6381792e-03   3.3150000e+03
   1.7687051e-02   3.3300000e+03
   2.8224582e-02   3.3450000e+03
   2.9905837e-02   3.3600000e+03
   2.1577301e-02   3.3750000e+03
   1.0120389e-02   3.3900000e+03
   5.4867947e-03   3.4050000e+03
   1.1678524e-02   3.4200000e+03
   2.2724126e-02   3.4350000e+03
   2.8066618e-02   3.4500000e+03
   2.1969659e-02   3.4650000e+03
   7.5265798e-03   3.4800000e+03
  -7.9572527e-03   3.4950000e+03
  -2.0248735e-02   3.5100000e+03
  -3.0305559e-02   3.5250000e+03
  -4.0215679e-02   3.5400000e+03
  -4.8798036e-02   3.5550000e+03
  -5.1939074e-02   3.5700000e+03
  -4.6611734e-02   3.5850000e+03
  -3.3954959e-02   3.6000000e+03
  -1.8859405e-02   3.6150000e+03
  -7.0921527e-03   3.6300000e+03
  -2.0483537e-03   3.6450000e+03
  -2.6425007e-03   3.6600000e+03
  -3.7603981e-03   3.6750000e+03
   3.4441655e-06   3.6900000e+03
   9.4629973e-03   3.7050000e+03
   1.9368570e-02   3.7200000e+03
   2.2613272e-02   3.7350000e+03
   1.6542189e-02   3.7500000e+03
   5.1691369e-03   3.7650000e+03
  -4.5650825e-03   3.7800000e+03
  -8.0939047e-03   3.7950000e+03
  -5.0107394e-03   3.8100000e+03
   2.7545358e-03   3.8250000e+03
   1.2833464e-02   3.8400000e+03
   2.2645172e-02   3.8550000e+03
   2.9492291e-02   3.8700000e+03
   3.1720582e-02   3.8850000e+03
   2.9513609e-02   3.9000000e+03
   2.3895064e-02   3.9150000e+03
   1.5305491e-02   3.9300000e+03
   3.9499039e-03   3.9450000e+03
  -8.7241130e-03   3.9600000e+03
  -2.0146932e-02   3.9750000e+03
  -2.8847151e-02   3.9900000e+03
  -3.5887323e-02   4.0050000e+03
  -4.3286379e-02   4.0200000e+03
  -5.1153630e-02   4.0350000e+03
  -5.6934550e-02   4.0500000e+03
  -5.7416908e-02   4.0650000e+03
  -5.1007751e-02   4.0800000e+03
  -3.8214408e-02   4.0950000e+03
  -2.0840766e-02   4.1100000e+03
  -1.3891406e-03   4.1250000e+03
   1.7047005e-02   4.1400000e+03
   3.1103278e-02   4.1550000e+03
   3.7955184e-02   4.1700000e+03
   3.6223155e-02   4.1850000e+03
   2.6590597e-02   4.2000000e+03
   1.1898967e-02   4.2150000e+03
  -3.6285154e-03   4.2300000e+03
  -1.6071469e-02   4.2450000e+03
  -2.3504293e-02   4.2600000e+03
  -2.6411904e-02   4.2750000e+03
  -2.6568899e-02   4.2900000e+03
  -2.5503812e-02   4.3050000e+03
  -2.3783511e-02   4.3200000e+03
  -2.1246167e-02   4.3350000e+03
  -1.7495444e-02   4.3500000e+03
  -1.2222514e-02   4.3650000e+03
  -5.4629617e-03   4.3800000e+03
   2.1505360e-03   4.3950000e+03
   9.4079096e-03   4.4100000e+03
   1.4946876e-02   4.4250000e+03
   1.7739760e-02   4.4400000e+03
   1.7253522e-02   4.4550000e+03
   1.3413111e-02   4.4700000e+03
   6.7823348e-03   4.4850000e+03
  -1.0965267e-03   4.5000000e+03
