  -1.0667280e-02   0.0000000e+00
  -1.0666952e-02   1.5000000e+01
  -1.0666796e-02   3.0000000e+01
  -1.0670044e-02   4.5000000e+01
  -1.0682003e-02   6.0000000e+01
  -1.0706892e-02   7.5000000e+01
  -1.0743675e-02   9.0000000e+01
  -1.0787736e-02   1.0500000e+02
  -1.0836863e-02   1.2000000e+02
  -1.0895746e-02   1.3500000e+02
  -1.0973097e-02   1.5000000e+02
  -1.1073432e-02   1.6500000e+02
  -1.1197061e-02   1.8000000e+02
  -1.1346751e-02   1.9500000e+02
  -1.1527640e-02   2.1000000e+02
  -1.1742981e-02   2.2500000e+02
  -1.1989813e-02   2.4000000e+02
  -1.2255987e-02   2.5500000e+02
  -1.2528109e-02   2.7000000e+02
  -1.2802531e-02   2.8500000e+02
  -1.3082228e-02   3.0000000e+02
  -1.3369458e-02   3.1500000e+02
  -1.3666041e-02   3.3000000e+02
  -1.3972497e-02   3.4500000e+02
  -1.4285265e-02   3.6000000e+02
  -1.4599419e-02   3.7500000e+02
  -1.4912216e-02   3.9000000e+02
  -1.5224963e-02   4.0500000e+02
  -1.5545907e-02   4.2000000e+02
  -1.5883019e-02   4.3500000e+02
  -1.6225081e-02   4.5000000e+02
  -1.6540708e-02   4.6500000e+02
  -1.6805774e-02   4.8000000e+02
  -1.7019214e-02   4.9500000e+02
  -1.7175600e-02   5.1000000e+02
  -1.7226702e-02   5.2500000e+02
  -1.7086571e-02   5.4000000e+02
  -1.6666949e-02   5.5500000e+02
  -1.5867068e-02   5.7000000e+02
  -1.4503167e-02   5.8500000e+02
  -1.2254186e-02   6.0000000e+02
  -8.6328499e-03   6.1500000e+02
  -2.8562467e-03   6.3000000e+02
   6.4730402e-03   6.4500000e+02
   2.1852389e-02   6.6000000e+02
   4.7603585e-02   6.7500000e+02
   9.0998895e-02   6.9000000e+02
   1.6348559e-01   7.0500000e+02
   2.8060904e-01   7.2000000e+02
   4.5787853e-01   7.3500000e+02
   6.9922358e-01   7.5000000e+02
   9.7787040e-01   7.6500000e+02
   1.2193516e+00   7.8000000e+02
   1.3081264e+00   7.9500000e+02
   1.1365873e+00   8.1000000e+02
   6.8349004e-01   8.2500000e+02
   6.3654065e-02   8.4000000e+02
  -5.1376927e-01   8.5500000e+02
  -8.6825508e-01   8.7000000e+02
  -9.5076030e-01   8.8500000e+02
  -8.3544248e-01   9.0000000e+02
  -6.3159454e-01   9.1500000e+02
  -4.2338067e-01   9.3000000e+02
  -2.6808017e-01   9.4500000e+02
  -1.8980233e-01   9.6000000e+02
  -1.5717594e-01   9.7500000e+02
  -1.1401884e-01   9.9000000e+02
  -5.3716853e-02   1.0050000e+03
  -2.3562621e-02   1.0200000e+03
  -4.3576568e-02   1.0350000e+03
  -7.3071174e-02   1.0500000e+03
  -7.5639531e-02   1.0650000e+03
  -6.4093933e-02   1.0800000e+03
  -5.9573110e-02   1.0950000e+03
  -5.4814816e-02   1.1100000e+03
  -3.9701845e-02   1.1250000e+03
  -2.3791410e-02   1.1400000e+03
  -1.6012942e-02   1.1550000e+03
  -1.0744538e-02   1.1700000e+03
  -3.4922922e-03   1.1850000e+03
   8.0106658e-04   1.2000000e+03
  -1.6555022e-03   1.2150000e+03
  -9.0048909e-03   1.2300000e+03
  -1.8437512e-02   1.2450000e+03
  -2.6442429e-02   1.2600000e+03
  -2.8276760e-02   1.2750000e+03
  -2.2583704e-02   1.2900000e+03
  -1.3594550e-02   1.3050000e+03
  -7.3093921e-03   1.3200000e+03
  -7.4618380e-03   1.3350000e+03
  -1.4369277e-02   1.3500000e+03
  -2.5575671e-02   1.3650000e+03
  -3.6732107e-02   1.3800000e+03
  -4.2369694e-02   1.3950000e+03
  -3.8399316e-02   1.4100000e+03
  -2.5516614e-02   1.4250000e+03
  -9.2327120e-03   1.4400000e+03
   3.7892752e-03   1.4550000e+03
   9.9224960e-03   1.4700000e+03
   1.0859744e-02   1.4850000e+03
   1.1402240e-02   1.5000000e+03
   1.3989515e-02   1.5150000e+03
   1.6390195e-02   1.5300000e+03
   1.4733242e-02   1.5450000e+03
   7.9098428e-03   1.5600000e+03
  -4.6170954e-04   1.5750000e+03
  -4.5285723e-03   1.5900000e+03
  -9.5092558e-04   1.6050000e+03
   9.7753713e-03   1.6200000e+03
   2.5602411e-02   1.6350000e+03
   4.4035982e-02   1.6500000e+03
   6.1350234e-02   1.6650000e+03
   7.2463937e-02   1.6800000e+03
   7.2631568e-02   1.6950000e+03
   6.0387053e-02   1.7100000e+03
   3.9077960e-02   1.7250000e+03
   1.4840046e-02   1.7400000e+03
  -6.8612723e-03   1.7550000e+03
  -2.2853455e-02   1.7700000e+03
  -3.1712607e-02   1.7850000e+03
  -3.2699663e-02   1.8000000e+03
  -2.5891162e-02   1.8150000e+03
  -1.3522536e-02   1.8300000e+03
  -3.8971801e-04   1.8450000e+03
   7.9878857e-03   1.8600000e+03
   7.9655601e-03   1.8750000e+03
  -9.9020917e-04   1.8900000e+03
  -1.6878432e-02   1.9050000e+03
  -3.6332939e-02   1.9200000e+03
  -5.5280231e-02   1.9350000e+03
  -6.9454372e-02   1.9500000e+03
  -7.5420476e-02   1.9650000e+03
  -7.1588568e-02   1.9800000e+03
  -5.8433607e-02   1.9950000e+03
  -3.8019817e-02   2.0100000e+03
  -1.3366108e-02   2.0250000e+03
   1.2094768e-02   2.0400000e+03
   3.5014220e-02   2.0550000e+03
   5.2625369e-02   2.0700000e+03
   6.3186318e-02   2.0850000e+03
   6.6358380e-02   2.1000000e+03
   6.3407972e-02   2.1150000e+03
   5.6872241e-02   2.1300000e+03
   4.9595084e-02   2.1450000e+03
   4.3750498e-02   2.1600000e+03
   4.0524252e-02   2.1750000e+03
   4.0259488e-02   2.1900000e+03
   4.2377561e-02   2.2050000e+03
   4.5126054e-02   2.2200000e+03
   4.6015002e-02   2.2350000e+03
   4.3192208e-02   2.2500000e+03
   3.6664706e-02   2.2650000e+03
   2.8124919e-02   2.2800000e+03
   1.9494649e-02   2.2950000e+03
   1.1523635e-02   2.3100000e+03
   3.5835016e-03   2.3250000e+03
  -5.3570601e-03   2.3400000e+03
  -1.5461840e-02   2.3550000e+03
  -2.5393598e-02   2.3700000e+03
  -3.2730345e-02   2.3850000e+03
  -3.5140239e-02   2.4000000e+03
  -3.1489670e-02   2.4150000e+03
  -2.2125047e-02   2.4300000e+03
  -8.3369343e-03   2.4450000e+03
   8.1846099e-03   2.4600000e+03
   2.5209056e-02   2.4750000e+03
   3.9494988e-02   2.4900000e+03
   4.7105815e-02   2.5050000e+03
   4.4978444e-02   2.5200000e+03
   3.2694325e-02   2.5350000e+03
   1.2811321e-02   2.5500000e+03
  -1.0660562e-02   2.5650000e+03
  -3.4285016e-02   2.5800000e+03
  -5.6051884e-02   2.5950000e+03
  -7.4800432e-02   2.6100000e+03
  -8.9371338e-02   2.6250000e+03
  -9.8501176e-02   2.6400000e+03
  -1.0128557e-01   2.6550000e+03
  -9.7484678e-02   2.6700000e+03
  -8.7524459e-02   2.6850000e+03
  -7.2571404e-02   2.7000000e+03
  -5.4624774e-02   2.7150000e+03
  -3.6006976e-02   2.7300000e+03
  -1.8175291e-02   2.7450000e+03
  -9.3518628e-04   2.7600000e+03
   1.6862633e-02   2.7750000e+03
   3.5621732e-02   2.7900000e+03
   5.4012857e-02   2.8050000e+03
   6.9616154e-02   2.8200000e+03
   8.0245517e-02   2.8350000e+03
   8.4522016e-02   2.8500000e+03
   8.1642509e-02   2.8650000e+03
   7.1408667e-02   2.8800000e+03
   5.4844931e-02   2.8950000e+03
   3.4420140e-02   2.9100000e+03
   1.3145664e-02   2.9250000e+03
  -6.6504977e-03   2.9400000e+03
  -2.3603924e-02   2.9550000e+03
  -3.6724433e-02   2.9700000e+03
  -4.5153990e-02   2.9850000e+03
  -4.8711374e-02   3.0000000e+03
  -4.8222002e-02   3.0150000e+03
  -4.4817556e-02   3.0300000e+03
  -3.8960148e-02   3.0450000e+03
  -3.0474942e-02   3.0600000e+03
  -1.9520344e-02   3.0750000e+03
  -7.2310702e-03   3.0900000e+03
   4.5340667e-03   3.1050000e+03
   1.3577732e-02   3.1200000e+03
   1.7316716e-02   3.1350000e+03
   1.3024919e-02   3.1500000e+03
  -8.4527826e-04   3.1650000e+03
  -2.3038400e-02   3.1800000e+03
  -4.9231902e-02   3.1950000e+03
  -7.3554598e-02   3.2100000e+03
  -9.0597950e-02   3.2250000e+03
  -9.6666642e-02   3.2400000e+03
  -9.0310112e-02   3.2550000e+03
  -7.2631456e-02   3.2700000e+03
  -4.7159038e-02   3.2850000e+03
  -1.8826626e-02   3.3000000e+03
   7.5371359e-03   3.3150000e+03
   2.8252266e-02   3.3300000e+03
   4.1092183e-02   3.3450000e+03
   4.5381423e-02   3.3600000e+03
   4.2086497e-02   3.3750000e+03
   3.3376407e-02   3.3900000e+03
   2.1471487e-02   3.4050000e+03
   7.6568807e-03   3.4200000e+03
  -7.5914469e-03   3.4350000e+03
  -2.3670016e-02   3.4500000e+03
  -3.9313551e-02   3.4650000e+03
  -5.3035192e-02   3.4800000e+03
  -6.3867532e-02   3.4950000e+03
  -7.1516328e-02   3.5100000e+03
  -7.5925529e-02   3.5250000e+03
  -7.6925352e-02   3.5400000e+03
  -7.4351870e-02   3.5550000e+03
  -6.8389289e-02   3.5700000e+03
  -5.9715737e-02   3.5850000e+03
  -4.9320914e-02   3.6000000e+03
  -3.8111977e-02   3.6150000e+03
  -2.6472013e-02   3.6300000e+03
  -1.3999771e-02   3.6450000e+03
   2.2996218e-04   3.6600000e+03
   1.6715746e-02   3.6750000e+03
   3.4333467e-02   3.6900000e+03
   4.9914438e-02   3.7050000e+03
   5.9367284e-02   3.7200000e+03
   5.9942167e-02   3.7350000e+03
   5.2141592e-02   3.7500000e+03
   3.9898813e-02   3.7650000e+03
   2.8912582e-02   3.7800000e+03
   2.4222573e-02   3.7950000e+03
   2.8276648e-02   3.8100000e+03
   4.0134214e-02   3.8250000e+03
   5.5873971e-02   3.8400000e+03
   6.9993027e-02   3.8550000e+03
   7.7334382e-02   3.8700000e+03
   7.4822664e-02   3.8850000e+03
   6.2338144e-02   3.9000000e+03
   4.2506922e-02   3.9150000e+03
   1.9673942e-02   3.9300000e+03
  -1.4714858e-03   3.9450000e+03
  -1.7176650e-02   3.9600000e+03
  -2.5455043e-02   3.9750000e+03
  -2.6258100e-02   3.9900000e+03
  -2.1058779e-02   4.0050000e+03
  -1.2158257e-02   4.0200000e+03
  -2.0215109e-03   4.0350000e+03
   7.2393576e-03   4.0500000e+03
   1.4219930e-02   4.0650000e+03
   1.8363586e-02   4.0800000e+03
   1.9859133e-02   4.0950000e+03
   1.9433830e-02   4.1100000e+03
   1.8231947e-02   4.1250000e+03
   1.7724089e-02   4.1400000e+03
   1.9348469e-02   4.1550000e+03
   2.3796054e-02   4.1700000e+03
   3.0397188e-02   4.1850000e+03
   3.7241481e-02   4.2000000e+03
   4.2093471e-02   4.2150000e+03
   4.3431573e-02   4.2300000e+03
   4.0889364e-02   4.2450000e+03
   3.5024069e-02   4.2600000e+03
   2.6862681e-02   4.2750000e+03
   1.7567750e-02   4.2900000e+03
   8.1996080e-03   4.3050000e+03
  -5.0493918e-04   4.3200000e+03
  -8.2262391e-03   4.3350000e+03
  -1.4910654e-02   4.3500000e+03
  -2.0492822e-02   4.3650000e+03
  -2.4729408e-02   4.3800000e+03
  -2.7224297e-02   4.3950000e+03
  -2.7542971e-02   4.4100000e+03
  -2.5349787e-02   4.4250000e+03
  -2.0637685e-02   4.4400000e+03
  -1.4082224e-02   4.4550000e+03
  -7.3000900e-03   4.4700000e+03
  -2.6024103e-03   4.4850000e+03
  -2.0311582e-03   4.5000000e+03
