  -1.0810019e-02   0.0000000e+00
  -1.0813497e-02   1.5000000e+01
  -1.0824521e-02   3.0000000e+01
  -1.0849410e-02   4.5000000e+01
  -1.0906068e-02   6.0000000e+01
  -1.1013051e-02   7.5000000e+01
  -1.1168586e-02   9.0000000e+01
  -1.1355022e-02   1.0500000e+02
  -1.1560293e-02   1.2000000e+02
  -1.1793773e-02   1.3500000e+02
  -1.2084630e-02   1.5000000e+02
  -1.2459973e-02   1.6500000e+02
  -1.2935437e-02   1.8000000e+02
  -1.3528702e-02   1.9500000e+02
  -1.4263297e-02   2.1000000e+02
  -1.5155079e-02   2.2500000e+02
  -1.6189693e-02   2.4000000e+02
  -1.7303497e-02   2.5500000e+02
  -1.8405577e-02   2.7000000e+02
  -1.9442324e-02   2.8500000e+02
  -2.0428594e-02   3.0000000e+02
  -2.1368576e-02   3.1500000e+02
  -2.2089275e-02   3.3000000e+02
  -2.2087028e-02   3.4500000e+02
  -2.0354705e-02   3.6000000e+02
  -1.4806484e-02   3.7500000e+02
  -3.6819675e-04   3.9000000e+02
   3.6199279e-02   4.0500000e+02
   1.2728976e-01   4.2000000e+02
   3.3889526e-01   4.3500000e+02
   7.6665819e-01   4.5000000e+02
   1.4631910e+00   4.6500000e+02
   2.2672837e+00   4.8000000e+02
   2.6612120e+00   4.9500000e+02
   1.9760205e+00   5.1000000e+02
   7.4304573e-02   5.2500000e+02
  -2.1101480e+00   5.4000000e+02
  -3.1432145e+00   5.5500000e+02
  -2.5165861e+00   5.7000000e+02
  -1.1425594e+00   5.8500000e+02
  -1.2790613e-01   6.0000000e+02
   3.4128860e-01   6.1500000e+02
   4.7295663e-01   6.3000000e+02
   1.7685777e-01   6.4500000e+02
  -3.5557655e-01   6.6000000e+02
  -4.1580442e-01   6.7500000e+02
   5.3071052e-02   6.9000000e+02
   2.0704657e-01   7.0500000e+02
  -1.4204063e-01   7.2000000e+02
  -2.0836203e-01   7.3500000e+02
   1.3818261e-01   7.5000000e+02
   2.0301662e-01   7.6500000e+02
  -3.3787131e-02   7.8000000e+02
  -2.5798075e-02   7.9500000e+02
   1.5129752e-01   8.1000000e+02
   1.2744589e-01   8.2500000e+02
   6.3992646e-03   8.4000000e+02
  -7.7887885e-03   8.5500000e+02
  -8.2144281e-03   8.7000000e+02
  -9.1285549e-02   8.8500000e+02
  -1.6024664e-01   9.0000000e+02
  -1.4387541e-01   9.1500000e+02
  -1.1334179e-01   9.3000000e+02
  -9.1615491e-02   9.4500000e+02
  -3.7846804e-02   9.6000000e+02
  -3.0062220e-03   9.7500000e+02
  -1.7145960e-02   9.9000000e+02
  -2.0932272e-02   1.0050000e+03
  -7.8582885e-03   1.0200000e+03
   7.8138635e-03   1.0350000e+03
   3.9960388e-02   1.0500000e+03
   6.4544953e-02   1.0650000e+03
   6.1349180e-02   1.0800000e+03
   4.3116935e-02   1.0950000e+03
   1.7145129e-02   1.1100000e+03
  -5.6540282e-03   1.1250000e+03
  -1.8294673e-02   1.1400000e+03
  -2.5103867e-02   1.1550000e+03
  -2.4225788e-02   1.1700000e+03
  -1.2831582e-02   1.1850000e+03
   1.2505429e-02   1.2000000e+03
   4.6762295e-02   1.2150000e+03
   6.9375761e-02   1.2300000e+03
   7.1327500e-02   1.2450000e+03
   5.6266394e-02   1.2600000e+03
   2.7692966e-02   1.2750000e+03
   6.4077089e-05   1.2900000e+03
  -9.8342095e-03   1.3050000e+03
   1.2564260e-04   1.3200000e+03
   2.1623056e-02   1.3350000e+03
   4.1979037e-02   1.3500000e+03
   5.0936788e-02   1.3650000e+03
   4.7652189e-02   1.3800000e+03
   3.8442798e-02   1.3950000e+03
   3.2298557e-02   1.4100000e+03
   3.6088858e-02   1.4250000e+03
   4.8111219e-02   1.4400000e+03
   5.8195800e-02   1.4550000e+03
   5.6663394e-02   1.4700000e+03
   4.1543085e-02   1.4850000e+03
   1.6786894e-02   1.5000000e+03
  -1.1875913e-02   1.5150000e+03
  -3.8025130e-02   1.5300000e+03
  -5.6386758e-02   1.5450000e+03
  -6.5280534e-02   1.5600000e+03
  -6.5315910e-02   1.5750000e+03
  -5.6553431e-02   1.5900000e+03
  -3.9461650e-02   1.6050000e+03
  -1.8249828e-02   1.6200000e+03
  -8.1098633e-04   1.6350000e+03
   5.6513418e-03   1.6500000e+03
  -8.7844854e-04   1.6650000e+03
  -1.5888171e-02   1.6800000e+03
  -3.0592069e-02   1.6950000e+03
  -3.6673419e-02   1.7100000e+03
  -3.1013682e-02   1.7250000e+03
  -1.6919076e-02   1.7400000e+03
  -7.9444051e-04   1.7550000e+03
   1.2227934e-02   1.7700000e+03
   1.9692458e-02   1.7850000e+03
   2.0440064e-02   1.8000000e+03
   1.3497922e-02   1.8150000e+03
  -1.2050827e-03   1.8300000e+03
  -2.1575900e-02   1.8450000e+03
  -4.3458320e-02   1.8600000e+03
  -6.2493544e-02   1.8750000e+03
  -7.6351434e-02   1.8900000e+03
  -8.5223205e-02   1.9050000e+03
  -8.9685231e-02   1.9200000e+03
  -8.7825395e-02   1.9350000e+03
  -7.5130589e-02   1.9500000e+03
  -4.8354756e-02   1.9650000e+03
  -1.0091177e-02   1.9800000e+03
   3.0536599e-02   1.9950000e+03
   6.1832983e-02   2.0100000e+03
   7.4798256e-02   2.0250000e+03
   6.6555098e-02   2.0400000e+03
   4.1321851e-02   2.0550000e+03
   9.1927527e-03   2.0700000e+03
  -1.7509770e-02   2.0850000e+03
  -2.9780801e-02   2.1000000e+03
  -2.6839480e-02   2.1150000e+03
  -1.7023491e-02   2.1300000e+03
  -1.3136904e-02   2.1450000e+03
  -2.4410235e-02   2.1600000e+03
  -5.0193980e-02   2.1750000e+03
  -7.9932243e-02   2.1900000e+03
  -9.9505626e-02   2.2050000e+03
  -9.9222451e-02   2.2200000e+03
  -7.7955589e-02   2.2350000e+03
  -4.1596461e-02   2.2500000e+03
   1.6750583e-03   2.2650000e+03
   4.5373701e-02   2.2800000e+03
   8.5686006e-02   2.2950000e+03
   1.1992148e-01   2.3100000e+03
   1.4464307e-01   2.3250000e+03
   1.5541425e-01   2.3400000e+03
   1.4839941e-01   2.3550000e+03
   1.2251988e-01   2.3700000e+03
   8.0650710e-02   2.3850000e+03
   2.9216781e-02   2.4000000e+03
  -2.3458805e-02   2.4150000e+03
  -6.9202416e-02   2.4300000e+03
  -1.0158903e-01   2.4450000e+03
  -1.1661319e-01   2.4600000e+03
  -1.1254522e-01   2.4750000e+03
  -8.9602984e-02   2.4900000e+03
  -5.0127733e-02   2.5050000e+03
   5.2333792e-04   2.5200000e+03
   5.2918181e-02   2.5350000e+03
   9.3591392e-02   2.5500000e+03
   1.0765833e-01   2.5650000e+03
   8.4507436e-02   2.5800000e+03
   2.4769479e-02   2.5950000e+03
  -5.5636551e-02   2.6100000e+03
  -1.2875681e-01   2.6250000e+03
  -1.6601992e-01   2.6400000e+03
  -1.5282182e-01   2.6550000e+03
  -9.7289108e-02   2.6700000e+03
  -2.6404824e-02   2.6850000e+03
   2.9062944e-02   2.7000000e+03
   5.1154844e-02   2.7150000e+03
   4.2193409e-02   2.7300000e+03
   1.9672884e-02   2.7450000e+03
   3.8300257e-03   2.7600000e+03
   6.4786179e-03   2.7750000e+03
   2.6813751e-02   2.7900000e+03
   5.4847006e-02   2.8050000e+03
   7.9266988e-02   2.8200000e+03
   9.4527543e-02   2.8350000e+03
   1.0222167e-01   2.8500000e+03
   1.0553265e-01   2.8650000e+03
   1.0189947e-01   2.8800000e+03
   8.2395896e-02   2.8950000e+03
   4.0876109e-02   2.9100000e+03
  -1.5245008e-02   2.9250000e+03
  -6.5190837e-02   2.9400000e+03
  -8.8647753e-02   2.9550000e+03
  -8.0821544e-02   2.9700000e+03
  -5.3955395e-02   2.9850000e+03
  -2.4770295e-02   3.0000000e+03
  -1.8548014e-03   3.0150000e+03
   1.4934012e-02   3.0300000e+03
   2.6092628e-02   3.0450000e+03
   2.7621349e-02   3.0600000e+03
   1.5691679e-02   3.0750000e+03
  -5.9347046e-03   3.0900000e+03
  -2.5624365e-02   3.1050000e+03
  -3.1853668e-02   3.1200000e+03
  -2.1674860e-02   3.1350000e+03
  -2.2883287e-03   3.1500000e+03
   1.4631007e-02   3.1650000e+03
   2.0654693e-02   3.1800000e+03
   1.4696373e-02   3.1950000e+03
   1.0766891e-03   3.2100000e+03
  -1.6017005e-02   3.2250000e+03
  -3.5845492e-02   3.2400000e+03
  -5.8386255e-02   3.2550000e+03
  -7.8840174e-02   3.2700000e+03
  -8.7085031e-02   3.2850000e+03
  -7.4734099e-02   3.3000000e+03
  -4.2945243e-02   3.3150000e+03
  -2.3943912e-03   3.3300000e+03
   3.4302801e-02   3.3450000e+03
   5.9389520e-02   3.3600000e+03
   7.0469901e-02   3.3750000e+03
   6.7751274e-02   3.3900000e+03
   5.3367686e-02   3.4050000e+03
   3.2618307e-02   3.4200000e+03
   1.3047213e-02   3.4350000e+03
   4.0029673e-04   3.4500000e+03
  -4.7496203e-03   3.4650000e+03
  -6.2388415e-03   3.4800000e+03
  -8.3141364e-03   3.4950000e+03
  -1.2235122e-02   3.5100000e+03
  -1.6252244e-02   3.5250000e+03
  -1.8351063e-02   3.5400000e+03
  -1.8548273e-02   3.5550000e+03
  -1.8186338e-02   3.5700000e+03
  -1.7365629e-02   3.5850000e+03
  -1.4233352e-02   3.6000000e+03
  -7.4725193e-03   3.6150000e+03
   1.3715905e-03   3.6300000e+03
   9.3088392e-03   3.6450000e+03
   1.5360209e-02   3.6600000e+03
   2.1010209e-02   3.6750000e+03
   2.6577177e-02   3.6900000e+03
   2.8413225e-02   3.7050000e+03
   2.1244565e-02   3.7200000e+03
   3.4510503e-03   3.7350000e+03
  -2.0451289e-02   3.7500000e+03
  -4.2202879e-02   3.7650000e+03
  -5.3985793e-02   3.7800000e+03
  -5.1109016e-02   3.7950000e+03
  -3.3130821e-02   3.8100000e+03
  -4.4802311e-03   3.8250000e+03
   2.6104383e-02   3.8400000e+03
   4.8516471e-02   3.8550000e+03
   5.5484939e-02   3.8700000e+03
   4.5241792e-02   3.8850000e+03
   2.1529764e-02   3.9000000e+03
  -7.6808832e-03   3.9150000e+03
  -3.1856775e-02   3.9300000e+03
  -4.1202907e-02   3.9450000e+03
  -3.2095604e-02   3.9600000e+03
  -1.1088233e-02   3.9750000e+03
   7.6148235e-03   3.9900000e+03
   1.1304714e-02   4.0050000e+03
  -2.3922604e-03   4.0200000e+03
  -2.4543550e-02   4.0350000e+03
  -4.2217840e-02   4.0500000e+03
  -4.7275078e-02   4.0650000e+03
  -3.9940994e-02   4.0800000e+03
  -2.6404919e-02   4.0950000e+03
  -1.4240089e-02   4.1100000e+03
  -8.8891070e-03   4.1250000e+03
  -1.1693491e-02   4.1400000e+03
  -1.9162137e-02   4.1550000e+03
  -2.4323344e-02   4.1700000e+03
  -2.0886011e-02   4.1850000e+03
  -8.2733547e-03   4.2000000e+03
   6.7458414e-03   4.2150000e+03
   1.4416961e-02   4.2300000e+03
   9.6350061e-03   4.2450000e+03
  -3.6530287e-03   4.2600000e+03
  -1.5484240e-02   4.2750000e+03
  -1.7781224e-02   4.2900000e+03
  -1.0098421e-02   4.3050000e+03
   1.3706329e-03   4.3200000e+03
   9.6615292e-03   4.3350000e+03
   1.2183575e-02   4.3500000e+03
   1.1396860e-02   4.3650000e+03
   1.1584052e-02   4.3800000e+03
   1.4806086e-02   4.3950000e+03
   1.8956531e-02   4.4100000e+03
   1.9235628e-02   4.4250000e+03
   1.2139930e-02   4.4400000e+03
  -1.0674241e-03   4.4550000e+03
  -1.4554369e-02   4.4700000e+03
  -2.1921320e-02   4.4850000e+03
  -2.0492516e-02   4.5000000e+03
