   1.8874246e-03   0.0000000e+00
   1.8868418e-03   1.5000000e+01
   1.8851043e-03   3.0000000e+01
   1.8823248e-03   4.5000000e+01
   1.8787468e-03   6.0000000e+01
   1.8744681e-03   7.5000000e+01
   1.8692078e-03   9.0000000e+01
   1.8625322e-03   1.0500000e+02
   1.8542637e-03   1.2000000e+02
   1.8446052e-03   1.3500000e+02
   1.8338584e-03   1.5000000e+02
   1.8220525e-03   1.6500000e+02
   1.8085949e-03   1.8000000e+02
   1.7914119e-03   1.9500000e+02
   1.7648179e-03   2.1000000e+02
   1.7173643e-03   2.2500000e+02
   1.6352652e-03   2.4000000e+02
   1.5169809e-03   2.5500000e+02
   1.3918730e-03   2.7000000e+02
   1.3173440e-03   2.8500000e+02
   1.3357329e-03   3.0000000e+02
   1.4220029e-03   3.1500000e+02
   1.4924257e-03   3.3000000e+02
   1.4896588e-03   3.4500000e+02
   1.4479712e-03   3.6000000e+02
   1.4429266e-03   3.7500000e+02
   1.4862355e-03   3.9000000e+02
   1.5170272e-03   4.0500000e+02
   1.4998498e-03   4.2000000e+02
   1.4734889e-03   4.3500000e+02
   1.4794302e-03   4.5000000e+02
   1.4978247e-03   4.6500000e+02
   1.4930705e-03   4.8000000e+02
   1.4757916e-03   4.9500000e+02
   1.4745088e-03   5.1000000e+02
   1.4827861e-03   5.2500000e+02
   1.4776482e-03   5.4000000e+02
   1.4624042e-03   5.5500000e+02
   1.4543452e-03   5.7000000e+02
   1.4507837e-03   5.8500000e+02
   1.4379910e-03   6.0000000e+02
   1.4188419e-03   6.1500000e+02
   1.4052766e-03   6.3000000e+02
   1.3944545e-03   6.4500000e+02
   1.3746133e-03   6.6000000e+02
   1.3438503e-03   6.7500000e+02
   1.3036934e-03   6.9000000e+02
   1.2435955e-03   7.0500000e+02
   1.1458097e-03   7.2000000e+02
   9.9745626e-04   7.3500000e+02
   7.9235632e-04   7.5000000e+02
   5.3733599e-04   7.6500000e+02
   2.7125952e-04   7.8000000e+02
   6.9220463e-05   7.9500000e+02
   7.3139745e-06   8.1000000e+02
   1.0536878e-04   8.2500000e+02
   2.9160356e-04   8.4000000e+02
   4.2684632e-04   8.5500000e+02
   3.9424904e-04   8.7000000e+02
   1.9877598e-04   8.8500000e+02
  -2.4439942e-05   9.0000000e+02
  -1.3149001e-04   9.1500000e+02
  -1.1344173e-04   9.3000000e+02
  -1.0063604e-04   9.4500000e+02
  -2.0956559e-04   9.6000000e+02
  -4.0844106e-04   9.7500000e+02
  -5.6821870e-04   9.9000000e+02
  -6.3372205e-04   1.0050000e+03
  -6.8629324e-04   1.0200000e+03
  -8.1457791e-04   1.0350000e+03
  -9.8262739e-04   1.0500000e+03
  -1.0873909e-03   1.0650000e+03
  -1.1097476e-03   1.0800000e+03
  -1.1215670e-03   1.0950000e+03
  -1.1453457e-03   1.1100000e+03
  -1.0990951e-03   1.1250000e+03
  -9.0961967e-04   1.1400000e+03
  -5.9526856e-04   1.1550000e+03
  -1.8202982e-04   1.1700000e+03
   3.9433688e-04   1.1850000e+03
   1.2376951e-03   1.2000000e+03
   2.3997291e-03   1.2150000e+03
   3.9148652e-03   1.2300000e+03
   5.8924202e-03   1.2450000e+03
   8.5062608e-03   1.2600000e+03
   1.1924883e-02   1.2750000e+03
   1.6327437e-02   1.2900000e+03
   2.1982485e-02   1.3050000e+03
   2.9264398e-02   1.3200000e+03
   3.8621020e-02   1.3350000e+03
   5.0598208e-02   1.3500000e+03
   6.5910973e-02   1.3650000e+03
   8.5465722e-02   1.3800000e+03
   1.1031801e-01   1.3950000e+03
   1.4160429e-01   1.4100000e+03
   1.8042985e-01   1.4250000e+03
   2.2768691e-01   1.4400000e+03
   2.8383416e-01   1.4550000e+03
   3.4860736e-01   1.4700000e+03
   4.2049456e-01   1.4850000e+03
   4.9589935e-01   1.5000000e+03
   5.6829989e-01   1.5150000e+03
   6.2805808e-01   1.5300000e+03
   6.6350412e-01   1.5450000e+03
   6.6346014e-01   1.5600000e+03
   6.2062234e-01   1.5750000e+03
   5.3454095e-01   1.5900000e+03
   4.1279134e-01   1.6050000e+03
   2.6955938e-01   1.6200000e+03
   1.2199675e-01   1.6350000e+03
  -1.4244253e-02   1.6500000e+03
  -1.2844551e-01   1.6650000e+03
  -2.1588992e-01   1.6800000e+03
  -2.7659628e-01   1.6950000e+03
  -3.1315941e-01   1.7100000e+03
  -3.2939553e-01   1.7250000e+03
  -3.3026877e-01   1.7400000e+03
  -3.2199216e-01   1.7550000e+03
  -3.1095803e-01   1.7700000e+03
  -3.0163622e-01   1.7850000e+03
  -2.9515758e-01   1.8000000e+03
  -2.9000473e-01   1.8150000e+03
  -2.8419447e-01   1.8300000e+03
  -2.7686122e-01   1.8450000e+03
  -2.6798898e-01   1.8600000e+03
  -2.5717923e-01   1.8750000e+03
  -2.4324977e-01   1.8900000e+03
  -2.2522025e-01   1.9050000e+03
  -2.0350166e-01   1.9200000e+03
  -1.7989489e-01   1.9350000e+03
  -1.5637131e-01   1.9500000e+03
  -1.3385646e-01   1.9650000e+03
  -1.1204105e-01   1.9800000e+03
  -9.0067685e-02   1.9950000e+03
  -6.7249857e-02   2.0100000e+03
  -4.3366682e-02   2.0250000e+03
  -1.8728336e-02   2.0400000e+03
   5.7721473e-03   2.0550000e+03
   2.8773433e-02   2.0700000e+03
   4.8861686e-02   2.0850000e+03
   6.5035887e-02   2.1000000e+03
   7.6896854e-02   2.1150000e+03
   8.4587902e-02   2.1300000e+03
   8.8696912e-02   2.1450000e+03
   9.0126529e-02   2.1600000e+03
   8.9830518e-02   2.1750000e+03
   8.8525325e-02   2.1900000e+03
   8.6605020e-02   2.2050000e+03
   8.4258497e-02   2.2200000e+03
   8.1560925e-02   2.2350000e+03
   7.8424841e-02   2.2500000e+03
   7.4550956e-02   2.2650000e+03
   6.9546998e-02   2.2800000e+03
   6.3182391e-02   2.2950000e+03
   5.5588610e-02   2.3100000e+03
   4.7248587e-02   2.3250000e+03
   3.8783934e-02   2.3400000e+03
   3.0702349e-02   2.3550000e+03
   2.3281347e-02   2.3700000e+03
   1.6630851e-02   2.3850000e+03
   1.0837494e-02   2.4000000e+03
   6.0638962e-03   2.4150000e+03
   2.5371157e-03   2.4300000e+03
   4.5124651e-04   2.4450000e+03
  -1.2370129e-04   2.4600000e+03
   7.4277766e-04   2.4750000e+03
   2.8782492e-03   2.4900000e+03
   6.0307491e-03   2.5050000e+03
   9.8667555e-03   2.5200000e+03
   1.3985197e-02   2.5350000e+03
   1.7974684e-02   2.5500000e+03
   2.1490470e-02   2.5650000e+03
   2.4301663e-02   2.5800000e+03
   2.6283564e-02   2.5950000e+03
   2.7379008e-02   2.6100000e+03
   2.7571673e-02   2.6250000e+03
   2.6884802e-02   2.6400000e+03
   2.5384445e-02   2.6550000e+03
   2.3171119e-02   2.6700000e+03
   2.0366456e-02   2.6850000e+03
   1.7097499e-02   2.7000000e+03
   1.3467502e-02   2.7150000e+03
   9.5245708e-03   2.7300000e+03
   5.2693617e-03   2.7450000e+03
   7.1167626e-04   2.7600000e+03
  -4.0777745e-03   2.7750000e+03
  -8.9723421e-03   2.7900000e+03
  -1.3833754e-02   2.8050000e+03
  -1.8538171e-02   2.8200000e+03
  -2.2962142e-02   2.8350000e+03
  -2.6962807e-02   2.8500000e+03
  -3.0392678e-02   2.8650000e+03
  -3.3142459e-02   2.8800000e+03
  -3.5168905e-02   2.8950000e+03
  -3.6486406e-02   2.9100000e+03
  -3.7146345e-02   2.9250000e+03
  -3.7233919e-02   2.9400000e+03
  -3.6880787e-02   2.9550000e+03
  -3.6273863e-02   2.9700000e+03
  -3.5648648e-02   2.9850000e+03
  -3.5265267e-02   3.0000000e+03
  -3.5371017e-02   3.0150000e+03
  -3.6161363e-02   3.0300000e+03
  -3.7753716e-02   3.0450000e+03
  -4.0175263e-02   3.0600000e+03
  -4.3351598e-02   3.0750000e+03
  -4.7087003e-02   3.0900000e+03
  -5.1047627e-02   3.1050000e+03
  -5.4769825e-02   3.1200000e+03
  -5.7703085e-02   3.1350000e+03
  -5.9277371e-02   3.1500000e+03
  -5.8978859e-02   3.1650000e+03
  -5.6423020e-02   3.1800000e+03
  -5.1416058e-02   3.1950000e+03
  -4.3996032e-02   3.2100000e+03
  -3.4448300e-02   3.2250000e+03
  -2.3292834e-02   3.2400000e+03
  -1.1240986e-02   3.2550000e+03
   8.7865518e-04   3.2700000e+03
   1.2216027e-02   3.2850000e+03
   2.1995066e-02   3.3000000e+03
   2.9584132e-02   3.3150000e+03
   3.4530912e-02   3.3300000e+03
   3.6572587e-02   3.3450000e+03
   3.5642225e-02   3.3600000e+03
   3.1883352e-02   3.3750000e+03
   2.5665363e-02   3.3900000e+03
   1.7580653e-02   3.4050000e+03
   8.4107043e-03   3.4200000e+03
  -9.3704119e-04   3.4350000e+03
  -9.5127095e-03   3.4500000e+03
  -1.6420931e-02   3.4650000e+03
  -2.0923840e-02   3.4800000e+03
  -2.2537109e-02   3.4950000e+03
  -2.1102250e-02   3.5100000e+03
  -1.6821304e-02   3.5250000e+03
  -1.0244510e-02   3.5400000e+03
  -2.2050252e-03   3.5550000e+03
   6.2980121e-03   3.5700000e+03
   1.4251254e-02   3.5850000e+03
   2.0779394e-02   3.6000000e+03
   2.5258044e-02   3.6150000e+03
   2.7361002e-02   3.6300000e+03
   2.7042357e-02   3.6450000e+03
   2.4477948e-02   3.6600000e+03
   1.9998977e-02   3.6750000e+03
   1.4039591e-02   3.6900000e+03
   7.1010152e-03   3.7050000e+03
  -2.7864188e-04   3.7200000e+03
  -7.5613069e-03   3.7350000e+03
  -1.4258097e-02   3.7500000e+03
  -1.9986566e-02   3.7650000e+03
  -2.4523117e-02   3.7800000e+03
  -2.7833724e-02   3.7950000e+03
  -3.0071167e-02   3.8100000e+03
  -3.1538375e-02   3.8250000e+03
  -3.2626234e-02   3.8400000e+03
  -3.3734858e-02   3.8550000e+03
  -3.5186015e-02   3.8700000e+03
  -3.7139006e-02   3.8850000e+03
  -3.9531402e-02   3.9000000e+03
  -4.2068135e-02   3.9150000e+03
  -4.4270433e-02   3.9300000e+03
  -4.5574486e-02   3.9450000e+03
  -4.5451235e-02   3.9600000e+03
  -4.3512080e-02   3.9750000e+03
  -3.9572701e-02   3.9900000e+03
  -3.3664972e-02   4.0050000e+03
  -2.6007997e-02   4.0200000e+03
  -1.6962219e-02   4.0350000e+03
  -6.9873463e-03   4.0500000e+03
   3.3929553e-03   4.0650000e+03
   1.3632692e-02   4.0800000e+03
   2.3222784e-02   4.0950000e+03
   3.1759840e-02   4.1100000e+03
   3.8997773e-02   4.1250000e+03
   4.4856917e-02   4.1400000e+03
   4.9387664e-02   4.1550000e+03
   5.2711148e-02   4.1700000e+03
   5.4968182e-02   4.1850000e+03
   5.6294855e-02   4.2000000e+03
   5.6820408e-02   4.2150000e+03
   5.6667954e-02   4.2300000e+03
   5.5941209e-02   4.2450000e+03
   5.4697827e-02   4.2600000e+03
   5.2927427e-02   4.2750000e+03
   5.0554842e-02   4.2900000e+03
   4.7472265e-02   4.3050000e+03
   4.3582167e-02   4.3200000e+03
   3.8826406e-02   4.3350000e+03
   3.3192392e-02   4.3500000e+03
   2.6709324e-02   4.3650000e+03
   1.9452987e-02   4.3800000e+03
   1.1561448e-02   4.3950000e+03
   3.2452606e-03   4.4100000e+03
  -5.2238461e-03   4.4250000e+03
  -1.3543091e-02   4.4400000e+03
  -2.1409351e-02   4.4550000e+03
  -2.8536260e-02   4.4700000e+03
  -3.4660332e-02   4.4850000e+03
  -3.9548751e-02   4.5000000e+03
