   4.7780667e-02   0.0000000e+00
   4.7680005e-02   1.5000000e+01
   4.7382522e-02   3.0000000e+01
   4.6907824e-02   4.5000000e+01
   4.6263229e-02   6.0000000e+01
   4.5436051e-02   7.5000000e+01
   4.4404041e-02   9.0000000e+01
   4.3128461e-02   1.0500000e+02
   4.1540790e-02   1.2000000e+02
   3.9512921e-02   1.3500000e+02
   3.6810782e-02   1.5000000e+02
   3.3144671e-02   1.6500000e+02
   2.8413864e-02   1.8000000e+02
   2.3861550e-02   1.9500000e+02
   2.7615113e-02   2.1000000e+02
   7.0033908e-02   2.2500000e+02
   2.2833166e-01   2.4000000e+02
   6.6192728e-01   2.5500000e+02
   1.6203778e+00   2.7000000e+02
   3.0418468e+00   2.8500000e+02
   3.4287024e+00   3.0000000e+02
   2.3492821e-01   3.1500000e+02
  -5.3930969e+00   3.3000000e+02
  -6.6141210e+00   3.4500000e+02
  -1.0609736e+00   3.6000000e+02
   2.9008605e+00   3.7500000e+02
   8.7255889e-01   3.9000000e+02
  -4.8078454e-01   4.0500000e+02
   4.7232884e-01   4.2000000e+02
  -4.1996700e-01   4.3500000e+02
  -5.4772305e-01   4.5000000e+02
   1.0568939e+00   4.6500000e+02
   1.4006674e-01   4.8000000e+02
  -9.8897254e-01   4.9500000e+02
   3.3980659e-01   5.1000000e+02
   5.4817110e-01   5.2500000e+02
  -4.4711596e-01   5.4000000e+02
  -1.4697531e-01   5.5500000e+02
   3.8404965e-01   5.7000000e+02
   1.4352401e-01   5.8500000e+02
  -1.8589340e-01   6.0000000e+02
  -4.1641012e-02   6.1500000e+02
   2.5423682e-01   6.3000000e+02
  -2.5815194e-02   6.4500000e+02
  -2.5854710e-01   6.6000000e+02
   5.7552200e-02   6.7500000e+02
   1.7350337e-02   6.9000000e+02
  -2.5291771e-01   7.0500000e+02
  -4.6954632e-02   7.2000000e+02
   1.3625994e-01   7.3500000e+02
   1.8587897e-02   7.5000000e+02
   3.2449011e-02   7.6500000e+02
   1.2382773e-01   7.8000000e+02
   1.9518998e-02   7.9500000e+02
  -8.7659977e-02   8.1000000e+02
  -2.6737323e-02   8.2500000e+02
  -1.5983626e-03   8.4000000e+02
  -5.8069177e-02   8.5500000e+02
  -2.8076835e-02   8.7000000e+02
   2.0675693e-02   8.8500000e+02
  -6.8042786e-03   9.0000000e+02
  -6.0042134e-03   9.1500000e+02
   3.4747262e-02   9.3000000e+02
   2.9919719e-02   9.4500000e+02
   1.0828415e-02   9.6000000e+02
   2.0985855e-02   9.7500000e+02
   2.1309702e-02   9.9000000e+02
   8.6783841e-03   1.0050000e+03
   1.1395778e-02   1.0200000e+03
   3.8466654e-03   1.0350000e+03
  -2.7943613e-02   1.0500000e+03
  -5.3771056e-02   1.0650000e+03
  -6.7714378e-02   1.0800000e+03
  -7.7442519e-02   1.0950000e+03
  -7.3155530e-02   1.1100000e+03
  -5.0889488e-02   1.1250000e+03
  -1.7783409e-02   1.1400000e+03
   1.6728114e-02   1.1550000e+03
   4.1675840e-02   1.1700000e+03
   5.1005930e-02   1.1850000e+03
   5.0523531e-02   1.2000000e+03
   5.3528748e-02   1.2150000e+03
   6.4306542e-02   1.2300000e+03
   7.3346272e-02   1.2450000e+03
   7.0059307e-02   1.2600000e+03
   5.0091624e-02   1.2750000e+03
   1.7399196e-02   1.2900000e+03
  -1.5418854e-02   1.3050000e+03
  -3.6266584e-02   1.3200000e+03
  -4.3223601e-02   1.3350000e+03
  -4.1870084e-02   1.3500000e+03
  -3.6888551e-02   1.3650000e+03
  -3.1296536e-02   1.3800000e+03
  -2.8567955e-02   1.3950000e+03
  -2.9033693e-02   1.4100000e+03
  -2.9035471e-02   1.4250000e+03
  -2.6113071e-02   1.4400000e+03
  -2.0714069e-02   1.4550000e+03
  -1.3942637e-02   1.4700000e+03
  -7.5125406e-03   1.4850000e+03
  -4.5042983e-03   1.5000000e+03
  -7.1321772e-03   1.5150000e+03
  -1.4186284e-02   1.5300000e+03
  -2.1361113e-02   1.5450000e+03
  -2.3634076e-02   1.5600000e+03
  -1.8502446e-02   1.5750000e+03
  -7.2166184e-03   1.5900000e+03
   7.4254014e-03   1.6050000e+03
   2.2377117e-02   1.6200000e+03
   3.3657730e-02   1.6350000e+03
   3.7663210e-02   1.6500000e+03
   3.3897299e-02   1.6650000e+03
   2.5209108e-02   1.6800000e+03
   1.4755249e-02   1.6950000e+03
   2.5096817e-03   1.7100000e+03
  -1.4272041e-02   1.7250000e+03
  -3.5965834e-02   1.7400000e+03
  -5.6937318e-02   1.7550000e+03
  -6.7953810e-02   1.7700000e+03
  -6.1717413e-02   1.7850000e+03
  -3.7588008e-02   1.8000000e+03
  -3.8296767e-03   1.8150000e+03
   2.5441078e-02   1.8300000e+03
   3.8402315e-02   1.8450000e+03
   3.2082882e-02   1.8600000e+03
   1.2697566e-02   1.8750000e+03
  -7.8752292e-03   1.8900000e+03
  -1.6938260e-02   1.9050000e+03
  -7.4252244e-03   1.9200000e+03
   1.6505545e-02   1.9350000e+03
   4.0439978e-02   1.9500000e+03
   4.8640445e-02   1.9650000e+03
   3.4700304e-02   1.9800000e+03
   5.8198194e-03   1.9950000e+03
  -2.2240361e-02   2.0100000e+03
  -3.5578970e-02   2.0250000e+03
  -3.0418769e-02   2.0400000e+03
  -1.3733417e-02   2.0550000e+03
   3.1470819e-03   2.0700000e+03
   1.2300560e-02   2.0850000e+03
   1.2784789e-02   2.1000000e+03
   8.7036444e-03   2.1150000e+03
   4.6923384e-03   2.1300000e+03
   2.7722057e-03   2.1450000e+03
   2.1789982e-03   2.1600000e+03
   8.3098031e-04   2.1750000e+03
  -3.3532903e-03   2.1900000e+03
  -1.1452683e-02   2.2050000e+03
  -2.2503076e-02   2.2200000e+03
  -3.3307191e-02   2.2350000e+03
  -3.9975528e-02   2.2500000e+03
  -3.9931856e-02   2.2650000e+03
  -3.2321632e-02   2.2800000e+03
  -1.7079629e-02   2.2950000e+03
   5.1301019e-03   2.3100000e+03
   3.1368308e-02   2.3250000e+03
   5.5292722e-02   2.3400000e+03
   6.8691850e-02   2.3550000e+03
   6.5378867e-02   2.3700000e+03
   4.4791870e-02   2.3850000e+03
   1.2776773e-02   2.4000000e+03
  -2.0883897e-02   2.4150000e+03
  -4.6694193e-02   2.4300000e+03
  -5.9230573e-02   2.4450000e+03
  -5.8538683e-02   2.4600000e+03
  -4.8341885e-02   2.4750000e+03
  -3.2509077e-02   2.4900000e+03
  -1.2887844e-02   2.5050000e+03
   9.7009558e-03   2.5200000e+03
   3.2901559e-02   2.5350000e+03
   5.1892426e-02   2.5500000e+03
   6.1355487e-02   2.5650000e+03
   5.8633320e-02   2.5800000e+03
   4.5420684e-02   2.5950000e+03
   2.6777638e-02   2.6100000e+03
   8.3442759e-03   2.6250000e+03
  -6.2642903e-03   2.6400000e+03
  -1.6330838e-02   2.6550000e+03
  -2.2978628e-02   2.6700000e+03
  -2.7204983e-02   2.6850000e+03
  -2.8496394e-02   2.7000000e+03
  -2.5147915e-02   2.7150000e+03
  -1.6217316e-02   2.7300000e+03
  -3.5356660e-03   2.7450000e+03
   8.2196165e-03   2.7600000e+03
   1.3812200e-02   2.7750000e+03
   1.0346366e-02   2.7900000e+03
  -1.2854442e-03   2.8050000e+03
  -1.6704882e-02   2.8200000e+03
  -2.9105529e-02   2.8350000e+03
  -3.0943733e-02   2.8500000e+03
  -1.7219016e-02   2.8650000e+03
   1.0253150e-02   2.8800000e+03
   4.1176490e-02   2.8950000e+03
   6.1117899e-02   2.9100000e+03
   6.0203120e-02   2.9250000e+03
   3.9497860e-02   2.9400000e+03
   9.6361684e-03   2.9550000e+03
  -1.6804192e-02   2.9700000e+03
  -3.2342400e-02   2.9850000e+03
  -3.6004841e-02   3.0000000e+03
  -3.0246379e-02   3.0150000e+03
  -1.7938232e-02   3.0300000e+03
  -1.8787594e-03   3.0450000e+03
   1.4340083e-02   3.0600000e+03
   2.6110729e-02   3.0750000e+03
   2.8886652e-02   3.0900000e+03
   2.0369250e-02   3.1050000e+03
   3.1168689e-03   3.1200000e+03
  -1.4642621e-02   3.1350000e+03
  -2.2740696e-02   3.1500000e+03
  -1.6384402e-02   3.1650000e+03
  -8.1721426e-04   3.1800000e+03
   1.2309000e-02   3.1950000e+03
   1.4403817e-02   3.2100000e+03
   6.2088766e-03   3.2250000e+03
  -4.7450028e-03   3.2400000e+03
  -1.1606607e-02   3.2550000e+03
  -1.2667838e-02   3.2700000e+03
  -1.0065035e-02   3.2850000e+03
  -6.4280489e-03   3.3000000e+03
  -3.3624182e-03   3.3150000e+03
  -1.7065514e-03   3.3300000e+03
  -1.7660442e-03   3.3450000e+03
  -3.1005237e-03   3.3600000e+03
  -4.4387411e-03   3.3750000e+03
  -3.9774883e-03   3.3900000e+03
  -3.2990865e-04   3.4050000e+03
   5.7810079e-03   3.4200000e+03
   1.0686022e-02   3.4350000e+03
   1.0060876e-02   3.4500000e+03
   3.1581186e-03   3.4650000e+03
  -5.9754043e-03   3.4800000e+03
  -1.2528145e-02   3.4950000e+03
  -1.5478371e-02   3.5100000e+03
  -1.6986601e-02   3.5250000e+03
  -1.8220909e-02   3.5400000e+03
  -1.7988883e-02   3.5550000e+03
  -1.5506091e-02   3.5700000e+03
  -1.1957218e-02   3.5850000e+03
  -7.9586990e-03   3.6000000e+03
  -1.4520780e-03   3.6150000e+03
   9.4185239e-03   3.6300000e+03
   2.1786273e-02   3.6450000e+03
   2.8794859e-02   3.6600000e+03
   2.5858516e-02   3.6750000e+03
   1.5260764e-02   3.6900000e+03
   3.8782842e-03   3.7050000e+03
  -2.9367185e-03   3.7200000e+03
  -4.6179034e-03   3.7350000e+03
  -3.5687557e-03   3.7500000e+03
  -1.9057605e-03   3.7650000e+03
  -6.7371677e-04   3.7800000e+03
  -1.0778734e-03   3.7950000e+03
  -4.4959495e-03   3.8100000e+03
  -1.0299145e-02   3.8250000e+03
  -1.4552266e-02   3.8400000e+03
  -1.2649731e-02   3.8550000e+03
  -4.1412911e-03   3.8700000e+03
   5.5778129e-03   3.8850000e+03
   9.2318021e-03   3.9000000e+03
   3.6583375e-03   3.9150000e+03
  -7.7461828e-03   3.9300000e+03
  -1.7625434e-02   3.9450000e+03
  -1.9405233e-02   3.9600000e+03
  -1.1056487e-02   3.9750000e+03
   3.4675484e-03   3.9900000e+03
   1.5959745e-02   4.0050000e+03
   1.8990230e-02   4.0200000e+03
   1.1362889e-02   4.0350000e+03
  -9.6150499e-04   4.0500000e+03
  -9.9991914e-03   4.0650000e+03
  -1.2076360e-02   4.0800000e+03
  -9.1490056e-03   4.0950000e+03
  -4.8343148e-03   4.1100000e+03
  -6.8510743e-04   4.1250000e+03
   3.3172450e-03   4.1400000e+03
   6.2324950e-03   4.1550000e+03
   5.9913578e-03   4.1700000e+03
   1.8467444e-03   4.1850000e+03
  -4.3430249e-03   4.2000000e+03
  -1.0047636e-02   4.2150000e+03
  -1.4563113e-02   4.2300000e+03
  -1.8587137e-02   4.2450000e+03
  -2.1530831e-02   4.2600000e+03
  -2.0548644e-02   4.2750000e+03
  -1.3230921e-02   4.2900000e+03
  -1.1512393e-03   4.3050000e+03
   1.0021441e-02   4.3200000e+03
   1.4595766e-02   4.3350000e+03
   1.1404821e-02   4.3500000e+03
   4.5082029e-03   4.3650000e+03
  -5.8039994e-04   4.3800000e+03
  -1.5613640e-03   4.3950000e+03
  -6.3545257e-04   4.4100000e+03
  -1.4917058e-03   4.4250000e+03
  -5.1584248e-03   4.4400000e+03
  -8.7354351e-03   4.4550000e+03
  -8.0681583e-03   4.4700000e+03
  -1.7792436e-03   4.4850000e+03
   6.9462168e-03   4.5000000e+03
