   3.8909363e-03   0.0000000e+00
   3.8908413e-03   1.5000000e+01
   3.8906410e-03   3.0000000e+01
   3.8906327e-03   4.5000000e+01
   3.8911959e-03   6.0000000e+01
   3.8922646e-03   7.5000000e+01
   3.8931598e-03   9.0000000e+01
   3.8932818e-03   1.0500000e+02
   3.8928564e-03   1.2000000e+02
   3.8926499e-03   1.3500000e+02
   3.8928573e-03   1.5000000e+02
   3.8924073e-03   1.6500000e+02
   3.8892131e-03   1.8000000e+02
   3.8794111e-03   1.9500000e+02
   3.8528328e-03   2.1000000e+02
   3.7875108e-03   2.2500000e+02
   3.6557810e-03   2.4000000e+02
   3.4537711e-03   2.5500000e+02
   3.2394493e-03   2.7000000e+02
   3.1274282e-03   2.8500000e+02
   3.2028863e-03   3.0000000e+02
   3.4166342e-03   3.1500000e+02
   3.6017769e-03   3.3000000e+02
   3.6431975e-03   3.4500000e+02
   3.6081206e-03   3.6000000e+02
   3.6463898e-03   3.7500000e+02
   3.7812449e-03   3.9000000e+02
   3.8923046e-03   4.0500000e+02
   3.9105434e-03   4.2000000e+02
   3.9145132e-03   4.3500000e+02
   3.9873538e-03   4.5000000e+02
   4.0890356e-03   4.6500000e+02
   4.1467515e-03   4.8000000e+02
   4.1793375e-03   4.9500000e+02
   4.2429562e-03   5.1000000e+02
   4.3260553e-03   5.2500000e+02
   4.3843640e-03   5.4000000e+02
   4.4251904e-03   5.5500000e+02
   4.4828430e-03   5.7000000e+02
   4.5510619e-03   5.8500000e+02
   4.6015717e-03   6.0000000e+02
   4.6403003e-03   6.1500000e+02
   4.6928050e-03   6.3000000e+02
   4.7557210e-03   6.4500000e+02
   4.8068133e-03   6.6000000e+02
   4.8428825e-03   6.7500000e+02
   4.8695351e-03   6.9000000e+02
   4.8712241e-03   7.0500000e+02
   4.8202840e-03   7.2000000e+02
   4.7002146e-03   7.3500000e+02
   4.5046173e-03   7.5000000e+02
   4.2388369e-03   7.6500000e+02
   3.9479895e-03   7.8000000e+02
   3.7285693e-03   7.9500000e+02
   3.6819039e-03   8.1000000e+02
   3.8380949e-03   8.2500000e+02
   4.1119503e-03   8.4000000e+02
   4.3313368e-03   8.5500000e+02
   4.3430976e-03   8.7000000e+02
   4.1361903e-03   8.8500000e+02
   3.8604226e-03   9.0000000e+02
   3.6857473e-03   9.1500000e+02
   3.6284509e-03   9.3000000e+02
   3.5423699e-03   9.4500000e+02
   3.2960582e-03   9.6000000e+02
   2.9216639e-03   9.7500000e+02
   2.5416156e-03   9.9000000e+02
   2.1650202e-03   1.0050000e+03
   1.6327800e-03   1.0200000e+03
   8.0050412e-04   1.0350000e+03
  -2.6789593e-04   1.0500000e+03
  -1.2659640e-03   1.0650000e+03
  -1.5059414e-03   1.0800000e+03
   8.2897267e-04   1.0950000e+03
   1.0264618e-02   1.1100000e+03
   3.6148861e-02   1.1250000e+03
   9.4309732e-02   1.1400000e+03
   2.0580132e-01   1.1550000e+03
   3.8817185e-01   1.1700000e+03
   6.3486862e-01   1.1850000e+03
   8.8579714e-01   1.2000000e+03
   1.0082684e+00   1.2150000e+03
   8.2322758e-01   1.2300000e+03
   2.0419720e-01   1.2450000e+03
  -7.7521002e-01   1.2600000e+03
  -1.7503504e+00   1.2750000e+03
  -2.1722422e+00   1.2900000e+03
  -1.6505619e+00   1.3050000e+03
  -3.3766100e-01   1.3200000e+03
   1.0126923e+00   1.3350000e+03
   1.5213996e+00   1.3500000e+03
   9.1084373e-01   1.3650000e+03
  -1.9124964e-01   1.3800000e+03
  -7.8529131e-01   1.3950000e+03
  -4.4492564e-01   1.4100000e+03
   2.9932263e-01   1.4250000e+03
   5.9061742e-01   1.4400000e+03
   1.9574313e-01   1.4550000e+03
  -3.2117081e-01   1.4700000e+03
  -3.5750705e-01   1.4850000e+03
   1.8228913e-02   1.5000000e+03
   2.5412282e-01   1.5150000e+03
   5.7495359e-02   1.5300000e+03
  -2.8954971e-01   1.5450000e+03
  -3.5510036e-01   1.5600000e+03
  -8.4669225e-02   1.5750000e+03
   2.1299839e-01   1.5900000e+03
   2.9302117e-01   1.6050000e+03
   2.1771304e-01   1.6200000e+03
   1.6137588e-01   1.6350000e+03
   1.2565498e-01   1.6500000e+03
  -1.5153394e-02   1.6650000e+03
  -2.3972145e-01   1.6800000e+03
  -3.3699942e-01   1.6950000e+03
  -2.0221816e-01   1.7100000e+03
  -1.6253153e-02   1.7250000e+03
   8.4360912e-03   1.7400000e+03
  -6.3238643e-02   1.7550000e+03
  -2.1637689e-02   1.7700000e+03
   1.4209303e-01   1.7850000e+03
   2.4895608e-01   1.8000000e+03
   2.2086954e-01   1.8150000e+03
   1.2368122e-01   1.8300000e+03
  -7.3750252e-03   1.8450000e+03
  -1.5535258e-01   1.8600000e+03
  -2.1273816e-01   1.8750000e+03
  -9.7132280e-02   1.8900000e+03
   8.9408442e-02   1.9050000e+03
   1.7149462e-01   1.9200000e+03
   1.1091047e-01   1.9350000e+03
   6.5742810e-03   1.9500000e+03
  -5.7329450e-02   1.9650000e+03
  -7.1523078e-02   1.9800000e+03
  -4.0644951e-02   1.9950000e+03
   2.6004566e-02   2.0100000e+03
   6.1759047e-02   2.0250000e+03
   1.3188056e-02   2.0400000e+03
  -4.6405498e-02   2.0550000e+03
  -2.4779003e-02   2.0700000e+03
   2.8787570e-02   2.0850000e+03
   2.5619969e-02   2.1000000e+03
  -1.0129026e-02   2.1150000e+03
  -1.6070848e-02   2.1300000e+03
   3.0011081e-03   2.1450000e+03
   8.2012201e-03   2.1600000e+03
  -1.7230568e-02   2.1750000e+03
  -4.7517952e-02   2.1900000e+03
  -3.7832275e-02   2.2050000e+03
   4.9458365e-03   2.2200000e+03
   2.3925332e-02   2.2350000e+03
   7.6883816e-04   2.2500000e+03
  -2.6133731e-02   2.2650000e+03
  -1.9768000e-02   2.2800000e+03
   1.8886166e-02   2.2950000e+03
   4.6259470e-02   2.3100000e+03
   2.4250157e-02   2.3250000e+03
  -1.5031261e-02   2.3400000e+03
  -1.3981130e-02   2.3550000e+03
   1.8859301e-02   2.3700000e+03
   3.4189969e-02   2.3850000e+03
   1.9287109e-02   2.4000000e+03
  -1.5442081e-03   2.4150000e+03
  -6.6727088e-03   2.4300000e+03
   1.5948493e-03   2.4450000e+03
   1.4398636e-03   2.4600000e+03
  -1.5985845e-02   2.4750000e+03
  -2.9809337e-02   2.4900000e+03
  -2.2511626e-02   2.5050000e+03
  -5.5590584e-03   2.5200000e+03
   3.8421373e-03   2.5350000e+03
   6.8220347e-03   2.5500000e+03
   1.1021890e-02   2.5650000e+03
   1.3320304e-02   2.5800000e+03
   7.8122010e-03   2.5950000e+03
   1.0836613e-03   2.6100000e+03
   4.4694417e-03   2.6250000e+03
   1.4316515e-02   2.6400000e+03
   1.5359402e-02   2.6550000e+03
   4.1774781e-03   2.6700000e+03
  -5.2470234e-03   2.6850000e+03
  -1.4589510e-03   2.7000000e+03
   1.1304965e-02   2.7150000e+03
   2.1919882e-02   2.7300000e+03
   2.4861615e-02   2.7450000e+03
   2.1683071e-02   2.7600000e+03
   1.5484673e-02   2.7750000e+03
   7.6633268e-03   2.7900000e+03
   2.3584580e-04   2.8050000e+03
  -3.4747659e-03   2.8200000e+03
  -4.3360638e-03   2.8350000e+03
  -8.2110455e-03   2.8500000e+03
  -1.6795447e-02   2.8650000e+03
  -2.3084205e-02   2.8800000e+03
  -1.9762769e-02   2.8950000e+03
  -8.4823687e-03   2.9100000e+03
   1.5146751e-03   2.9250000e+03
   2.7656448e-03   2.9400000e+03
  -3.4054329e-03   2.9550000e+03
  -9.1711693e-03   2.9700000e+03
  -8.1236642e-03   2.9850000e+03
  -4.8909715e-05   3.0000000e+03
   1.0149623e-02   3.0150000e+03
   1.6091065e-02   3.0300000e+03
   1.3465291e-02   3.0450000e+03
   2.5699574e-03   3.0600000e+03
  -1.1211417e-02   3.0750000e+03
  -2.0124262e-02   3.0900000e+03
  -1.9128067e-02   3.1050000e+03
  -9.5150806e-03   3.1200000e+03
   2.2226563e-03   3.1350000e+03
   9.0461560e-03   3.1500000e+03
   7.7478550e-03   3.1650000e+03
   5.4693758e-04   3.1800000e+03
  -6.8663103e-03   3.1950000e+03
  -9.8897619e-03   3.2100000e+03
  -8.6806417e-03   3.2250000e+03
  -7.3137325e-03   3.2400000e+03
  -9.2780944e-03   3.2550000e+03
  -1.4226391e-02   3.2700000e+03
  -1.8907413e-02   3.2850000e+03
  -2.0200232e-02   3.3000000e+03
  -1.6937103e-02   3.3150000e+03
  -9.8851128e-03   3.3300000e+03
  -1.0844120e-03   3.3450000e+03
   6.7759436e-03   3.3600000e+03
   1.1084490e-02   3.3750000e+03
   1.0247677e-02   3.3900000e+03
   4.5141117e-03   3.4050000e+03
  -3.9404198e-03   3.4200000e+03
  -1.2006294e-02   3.4350000e+03
  -1.7110743e-02   3.4500000e+03
  -1.8038504e-02   3.4650000e+03
  -1.4937606e-02   3.4800000e+03
  -9.4325552e-03   3.4950000e+03
  -4.7743828e-03   3.5100000e+03
  -4.3470622e-03   3.5250000e+03
  -8.3669545e-03   3.5400000e+03
  -1.2337961e-02   3.5550000e+03
  -1.0699905e-02   3.5700000e+03
  -3.0866491e-03   3.5850000e+03
   4.1237292e-03   3.6000000e+03
   4.0892358e-03   3.6150000e+03
  -2.7304317e-03   3.6300000e+03
  -8.4698461e-03   3.6450000e+03
  -6.0732495e-03   3.6600000e+03
   3.3982731e-03   3.6750000e+03
   1.2496650e-02   3.6900000e+03
   1.5495347e-02   3.7050000e+03
   1.3308357e-02   3.7200000e+03
   1.0705683e-02   3.7350000e+03
   1.0716347e-02   3.7500000e+03
   1.2757035e-02   3.7650000e+03
   1.4654767e-02   3.7800000e+03
   1.4426404e-02   3.7950000e+03
   1.0365687e-02   3.8100000e+03
   1.6197974e-03   3.8250000e+03
  -1.0049229e-02   3.8400000e+03
  -2.0024093e-02   3.8550000e+03
  -2.3829143e-02   3.8700000e+03
  -2.0679645e-02   3.8850000e+03
  -1.3635930e-02   3.9000000e+03
  -6.3330363e-03   3.9150000e+03
  -1.1189468e-04   3.9300000e+03
   5.6650639e-03   3.9450000e+03
   1.1415871e-02   3.9600000e+03
   1.6347233e-02   3.9750000e+03
   1.9511729e-02   3.9900000e+03
   2.0913607e-02   4.0050000e+03
   2.0912951e-02   4.0200000e+03
   1.8882880e-02   4.0350000e+03
   1.3402675e-02   4.0500000e+03
   4.2672325e-03   4.0650000e+03
  -6.1486680e-03   4.0800000e+03
  -1.4233636e-02   4.0950000e+03
  -1.7892884e-02   4.1100000e+03
  -1.7542325e-02   4.1250000e+03
  -1.4517613e-02   4.1400000e+03
  -9.4627943e-03   4.1550000e+03
  -2.8792839e-03   4.1700000e+03
   3.5090616e-03   4.1850000e+03
   7.2507877e-03   4.2000000e+03
   7.3047928e-03   4.2150000e+03
   4.9052569e-03   4.2300000e+03
   1.8677851e-03   4.2450000e+03
  -1.4086398e-03   4.2600000e+03
  -5.7117795e-03   4.2750000e+03
  -1.1188709e-02   4.2900000e+03
  -1.6479192e-02   4.3050000e+03
  -1.9684961e-02   4.3200000e+03
  -1.9651286e-02   4.3350000e+03
  -1.6193334e-02   4.3500000e+03
  -9.7125480e-03   4.3650000e+03
  -1.1989308e-03   4.3800000e+03
   7.5285458e-03   4.3950000e+03
   1.4216305e-02   4.4100000e+03
   1.7273787e-02   4.4250000e+03
   1.6631095e-02   4.4400000e+03
   1.3651296e-02   4.4550000e+03
   1.0377271e-02   4.4700000e+03
   8.7208617e-03   4.4850000e+03
   9.7473245e-03   4.5000000e+03
