  -1.1830975e-03   0.0000000e+00
  -1.1830925e-03   1.5000000e+01
  -1.1831134e-03   3.0000000e+01
  -1.1831673e-03   4.5000000e+01
  -1.1830812e-03   6.0000000e+01
  -1.1826310e-03   7.5000000e+01
  -1.1818535e-03   9.0000000e+01
  -1.1811171e-03   1.0500000e+02
  -1.1808659e-03   1.2000000e+02
  -1.1812423e-03   1.3500000e+02
  -1.1817849e-03   1.5000000e+02
  -1.1814742e-03   1.6500000e+02
  -1.1788862e-03   1.8000000e+02
  -1.1708309e-03   1.9500000e+02
  -1.1478690e-03   2.1000000e+02
  -1.0891362e-03   2.2500000e+02
  -9.6649100e-04   2.4000000e+02
  -7.6930312e-04   2.5500000e+02
  -5.4012123e-04   2.7000000e+02
  -3.7659137e-04   2.8500000e+02
  -3.6162601e-04   3.0000000e+02
  -4.6876984e-04   3.1500000e+02
  -5.6433410e-04   3.3000000e+02
  -5.4471195e-04   3.4500000e+02
  -4.5533996e-04   3.6000000e+02
  -4.2078292e-04   3.7500000e+02
  -4.7019831e-04   3.9000000e+02
  -5.1054877e-04   4.0500000e+02
  -4.8085448e-04   4.2000000e+02
  -4.3813180e-04   4.3500000e+02
  -4.4872522e-04   4.5000000e+02
  -4.8230114e-04   4.6500000e+02
  -4.7920540e-04   4.8000000e+02
  -4.5287632e-04   4.9500000e+02
  -4.5068900e-04   5.1000000e+02
  -4.6589883e-04   5.2500000e+02
  -4.6096757e-04   5.4000000e+02
  -4.3944237e-04   5.5500000e+02
  -4.3152369e-04   5.7000000e+02
  -4.3660984e-04   5.8500000e+02
  -4.3199142e-04   6.0000000e+02
  -4.1819987e-04   6.1500000e+02
  -4.1338854e-04   6.3000000e+02
  -4.1761404e-04   6.4500000e+02
  -4.1789081e-04   6.6000000e+02
  -4.1619033e-04   6.7500000e+02
  -4.2363853e-04   6.9000000e+02
  -4.3973397e-04   7.0500000e+02
  -4.6023470e-04   7.2000000e+02
  -4.9247174e-04   7.3500000e+02
  -5.4534967e-04   7.5000000e+02
  -6.1452377e-04   7.6500000e+02
  -6.8601774e-04   7.8000000e+02
  -7.4334105e-04   7.9500000e+02
  -7.6824625e-04   8.1000000e+02
  -7.5033860e-04   8.2500000e+02
  -7.0457684e-04   8.4000000e+02
  -6.6979293e-04   8.5500000e+02
  -6.7963667e-04   8.7000000e+02
  -7.3371181e-04   8.8500000e+02
  -7.9829188e-04   9.0000000e+02
  -8.3675247e-04   9.1500000e+02
  -8.4311981e-04   9.3000000e+02
  -8.4591121e-04   9.4500000e+02
  -8.7492017e-04   9.6000000e+02
  -9.2667324e-04   9.7500000e+02
  -9.7203429e-04   9.9000000e+02
  -9.9692831e-04   1.0050000e+03
  -1.0195673e-03   1.0200000e+03
  -1.0599924e-03   1.0350000e+03
  -1.1094265e-03   1.0500000e+03
  -1.1465249e-03   1.0650000e+03
  -1.1727131e-03   1.0800000e+03
  -1.2091859e-03   1.0950000e+03
  -1.2623227e-03   1.1100000e+03
  -1.3162765e-03   1.1250000e+03
  -1.3643868e-03   1.1400000e+03
  -1.4248223e-03   1.1550000e+03
  -1.5138756e-03   1.1700000e+03
  -1.6229728e-03   1.1850000e+03
  -1.7360996e-03   1.2000000e+03
  -1.8533388e-03   1.2150000e+03
  -1.9807166e-03   1.2300000e+03
  -2.1103069e-03   1.2450000e+03
  -2.2287406e-03   1.2600000e+03
  -2.3373235e-03   1.2750000e+03
  -2.4485555e-03   1.2900000e+03
  -2.5693239e-03   1.3050000e+03
  -2.6999328e-03   1.3200000e+03
  -2.8429015e-03   1.3350000e+03
  -3.0007460e-03   1.3500000e+03
  -3.1698737e-03   1.3650000e+03
  -3.3461971e-03   1.3800000e+03
  -3.5325086e-03   1.3950000e+03
  -3.7333213e-03   1.4100000e+03
  -3.9476762e-03   1.4250000e+03
  -4.1741524e-03   1.4400000e+03
  -4.4183154e-03   1.4550000e+03
  -4.6877032e-03   1.4700000e+03
  -4.9831262e-03   1.4850000e+03
  -5.3025889e-03   1.5000000e+03
  -5.6504635e-03   1.5150000e+03
  -6.0341628e-03   1.5300000e+03
  -6.4534317e-03   1.5450000e+03
  -6.9017606e-03   1.5600000e+03
  -7.3799207e-03   1.5750000e+03
  -7.9019843e-03   1.5900000e+03
  -8.4824655e-03   1.6050000e+03
  -9.1121420e-03   1.6200000e+03
  -9.7361375e-03   1.6350000e+03
  -1.0235693e-02   1.6500000e+03
  -1.0391260e-02   1.6650000e+03
  -9.7836871e-03   1.6800000e+03
  -7.5834072e-03   1.6950000e+03
  -2.1875356e-03   1.7100000e+03
   9.2940545e-03   1.7250000e+03
   3.1593781e-02   1.7400000e+03
   7.1551114e-02   1.7550000e+03
   1.3741466e-01   1.7700000e+03
   2.3620282e-01   1.7850000e+03
   3.6829790e-01   1.8000000e+03
   5.1965314e-01   1.8150000e+03
   6.5455031e-01   1.8300000e+03
   7.1503031e-01   1.8450000e+03
   6.3450176e-01   1.8600000e+03
   3.6896583e-01   1.8750000e+03
  -6.2343277e-02   1.8900000e+03
  -5.5043858e-01   1.9050000e+03
  -9.1470623e-01   1.9200000e+03
  -9.8024672e-01   1.9350000e+03
  -6.8760306e-01   1.9500000e+03
  -1.6440263e-01   1.9650000e+03
   3.1451339e-01   1.9800000e+03
   4.8645651e-01   1.9950000e+03
   2.8412116e-01   2.0100000e+03
  -1.0568626e-01   2.0250000e+03
  -3.8137856e-01   2.0400000e+03
  -3.6748093e-01   2.0550000e+03
  -1.4714114e-01   2.0700000e+03
   4.2594381e-02   2.0850000e+03
   5.2328106e-02   2.1000000e+03
  -4.8771545e-02   2.1150000e+03
  -8.5074708e-02   2.1300000e+03
   9.1579277e-03   2.1450000e+03
   1.2357984e-01   2.1600000e+03
   1.2141289e-01   2.1750000e+03
   5.6202258e-03   2.1900000e+03
  -1.0182619e-01   2.2050000e+03
  -1.1602134e-01   2.2200000e+03
  -6.6268787e-02   2.2350000e+03
  -2.1329543e-02   2.2500000e+03
  -4.3530762e-03   2.2650000e+03
  -8.5558342e-03   2.2800000e+03
  -3.5239648e-02   2.2950000e+03
  -6.2166497e-02   2.3100000e+03
  -2.3070825e-02   2.3250000e+03
   1.0283957e-01   2.3400000e+03
   2.0734620e-01   2.3550000e+03
   1.5576665e-01   2.3700000e+03
  -2.0136608e-02   2.3850000e+03
  -1.2905736e-01   2.4000000e+03
  -5.5273451e-02   2.4150000e+03
   9.9947087e-02   2.4300000e+03
   1.6283537e-01   2.4450000e+03
   9.1391467e-02   2.4600000e+03
  -3.1454377e-02   2.4750000e+03
  -1.3058166e-01   2.4900000e+03
  -1.7261817e-01   2.5050000e+03
  -1.2526755e-01   2.5200000e+03
   8.9733861e-03   2.5350000e+03
   1.4186956e-01   2.5500000e+03
   1.7615359e-01   2.5650000e+03
   1.2255541e-01   2.5800000e+03
   6.4254798e-02   2.5950000e+03
   2.6256019e-02   2.6100000e+03
  -3.2448821e-02   2.6250000e+03
  -1.0788628e-01   2.6400000e+03
  -1.2795883e-01   2.6550000e+03
  -5.8722988e-02   2.6700000e+03
   3.8109355e-02   2.6850000e+03
   8.0030635e-02   2.7000000e+03
   4.8287254e-02   2.7150000e+03
  -1.8811939e-02   2.7300000e+03
  -7.4099548e-02   2.7450000e+03
  -8.4798627e-02   2.7600000e+03
  -4.3442991e-02   2.7750000e+03
   1.8990485e-02   2.7900000e+03
   4.8329022e-02   2.8050000e+03
   1.5974279e-02   2.8200000e+03
  -5.1097378e-02   2.8350000e+03
  -9.6191265e-02   2.8500000e+03
  -8.4976003e-02   2.8650000e+03
  -3.0553881e-02   2.8800000e+03
   2.5105163e-02   2.8950000e+03
   4.9405873e-02   2.9100000e+03
   4.3627750e-02   2.9250000e+03
   3.5228293e-02   2.9400000e+03
   4.5779124e-02   2.9550000e+03
   6.5683886e-02   2.9700000e+03
   6.3531600e-02   2.9850000e+03
   2.2173030e-02   3.0000000e+03
  -3.8258087e-02   3.0150000e+03
  -7.7329561e-02   3.0300000e+03
  -7.3205501e-02   3.0450000e+03
  -4.1488893e-02   3.0600000e+03
  -1.5163098e-02   3.0750000e+03
  -8.2125124e-03   3.0900000e+03
  -2.0874625e-03   3.1050000e+03
   2.9398583e-02   3.1200000e+03
   8.3369613e-02   3.1350000e+03
   1.2293890e-01   3.1500000e+03
   1.1349034e-01   3.1650000e+03
   5.9234925e-02   3.1800000e+03
  -2.4933873e-03   3.1950000e+03
  -3.8943447e-02   3.2100000e+03
  -4.4957701e-02   3.2250000e+03
  -3.1351641e-02   3.2400000e+03
  -4.9399547e-03   3.2550000e+03
   3.1588506e-02   3.2700000e+03
   6.6813976e-02   3.2850000e+03
   7.9527788e-02   3.3000000e+03
   5.5760313e-02   3.3150000e+03
   5.3167734e-03   3.3300000e+03
  -4.1889485e-02   3.3450000e+03
  -5.8412615e-02   3.3600000e+03
  -3.9972052e-02   3.3750000e+03
  -5.8433176e-03   3.3900000e+03
   1.8683663e-02   3.4050000e+03
   2.0193920e-02   3.4200000e+03
   2.8967990e-03   3.4350000e+03
  -1.7160758e-02   3.4500000e+03
  -2.4065252e-02   3.4650000e+03
  -1.4632734e-02   3.4800000e+03
  -2.4345608e-03   3.4950000e+03
  -6.0226666e-03   3.5100000e+03
  -2.9489575e-02   3.5250000e+03
  -5.5556018e-02   3.5400000e+03
  -6.0259178e-02   3.5550000e+03
  -3.4860115e-02   3.5700000e+03
   6.3689691e-03   3.5850000e+03
   3.7857171e-02   3.6000000e+03
   4.1693591e-02   3.6150000e+03
   1.9176774e-02   3.6300000e+03
  -1.1353750e-02   3.6450000e+03
  -2.8126318e-02   3.6600000e+03
  -2.2205470e-02   3.6750000e+03
  -4.0130406e-03   3.6900000e+03
   7.0120757e-03   3.7050000e+03
   1.6152781e-03   3.7200000e+03
  -1.0197432e-02   3.7350000e+03
  -1.0656560e-02   3.7500000e+03
   5.3432332e-03   3.7650000e+03
   2.3221077e-02   3.7800000e+03
   2.3019059e-02   3.7950000e+03
  -2.9751472e-04   3.8100000e+03
  -3.1476147e-02   3.8250000e+03
  -4.8791677e-02   3.8400000e+03
  -4.2479973e-02   3.8550000e+03
  -2.1050191e-02   3.8700000e+03
  -1.7765185e-03   3.8850000e+03
   4.4923001e-03   3.9000000e+03
   7.0428650e-04   3.9150000e+03
  -2.1344805e-03   3.9300000e+03
   3.0720886e-03   3.9450000e+03
   1.3332560e-02   3.9600000e+03
   2.0253530e-02   3.9750000e+03
   1.9079262e-02   3.9900000e+03
   1.2221271e-02   4.0050000e+03
   5.2095470e-03   4.0200000e+03
   1.4351113e-03   4.0350000e+03
   1.2297091e-03   4.0500000e+03
   3.8449483e-03   4.0650000e+03
   8.0133779e-03   4.0800000e+03
   1.0859262e-02   4.0950000e+03
   8.6704697e-03   4.1100000e+03
   4.1341264e-04   4.1250000e+03
  -1.0186683e-02   4.1400000e+03
  -1.7598419e-02   4.1550000e+03
  -1.9600797e-02   4.1700000e+03
  -1.8217236e-02   4.1850000e+03
  -1.5462935e-02   4.2000000e+03
  -1.0369436e-02   4.2150000e+03
  -2.1887501e-03   4.2300000e+03
   4.9204458e-03   4.2450000e+03
   4.1839853e-03   4.2600000e+03
  -5.2985800e-03   4.2750000e+03
  -1.4815806e-02   4.2900000e+03
  -1.3634296e-02   4.3050000e+03
  -2.7900296e-05   4.3200000e+03
   1.7112015e-02   4.3350000e+03
   2.7448244e-02   4.3500000e+03
   2.8064944e-02   4.3650000e+03
   2.3139415e-02   4.3800000e+03
   1.7337795e-02   4.3950000e+03
   1.1417759e-02   4.4100000e+03
   3.3656554e-03   4.4250000e+03
  -8.1824893e-03   4.4400000e+03
  -2.2004236e-02   4.4550000e+03
  -3.4499407e-02   4.4700000e+03
  -4.1188221e-02   4.4850000e+03
  -3.9081529e-02   4.5000000e+03
