   7.8918948e-04   0.0000000e+00
   7.8886969e-04   1.5000000e+01
   7.8790291e-04   3.0000000e+01
   7.8634883e-04   4.5000000e+01
   7.8440091e-04   6.0000000e+01
   7.8217644e-04   7.5000000e+01
   7.7950471e-04   9.0000000e+01
   7.7603798e-04   1.0500000e+02
   7.7156199e-04   1.2000000e+02
   7.6615380e-04   1.3500000e+02
   7.6011947e-04   1.5000000e+02
   7.5374590e-04   1.6500000e+02
   7.4705906e-04   1.8000000e+02
   7.3968514e-04   1.9500000e+02
   7.3077437e-04   2.1000000e+02
   7.1908155e-04   2.2500000e+02
   7.0388580e-04   2.4000000e+02
   6.8704487e-04   2.5500000e+02
   6.7458511e-04   2.7000000e+02
   6.7455764e-04   2.8500000e+02
   6.9010287e-04   3.0000000e+02
   7.1355753e-04   3.1500000e+02
   7.3092576e-04   3.3000000e+02
   7.3573703e-04   3.4500000e+02
   7.3613739e-04   3.6000000e+02
   7.4377784e-04   3.7500000e+02
   7.5793162e-04   3.9000000e+02
   7.6732732e-04   4.0500000e+02
   7.6717115e-04   4.2000000e+02
   7.6528086e-04   4.3500000e+02
   7.6862023e-04   4.5000000e+02
   7.7351625e-04   4.6500000e+02
   7.7472313e-04   4.8000000e+02
   7.7492441e-04   4.9500000e+02
   7.7842822e-04   5.1000000e+02
   7.8325358e-04   5.2500000e+02
   7.8579743e-04   5.4000000e+02
   7.8709325e-04   5.5500000e+02
   7.8938645e-04   5.7000000e+02
   7.9131295e-04   5.8500000e+02
   7.9080655e-04   6.0000000e+02
   7.8941829e-04   6.1500000e+02
   7.8943186e-04   6.3000000e+02
   7.8924693e-04   6.4500000e+02
   7.8546983e-04   6.6000000e+02
   7.7653647e-04   6.7500000e+02
   7.6044316e-04   6.9000000e+02
   7.3108892e-04   7.0500000e+02
   6.7905494e-04   7.2000000e+02
   5.9474772e-04   7.3500000e+02
   4.7219274e-04   7.5000000e+02
   3.1673099e-04   7.6500000e+02
   1.5526984e-04   7.8000000e+02
   3.6860183e-05   7.9500000e+02
   1.1620159e-05   8.1000000e+02
   9.4193456e-05   8.2500000e+02
   2.3812227e-04   8.4000000e+02
   3.5065750e-04   8.5500000e+02
   3.5384201e-04   8.7000000e+02
   2.5124455e-04   8.8500000e+02
   1.3255958e-04   9.0000000e+02
   9.3142720e-05   9.1500000e+02
   1.3957861e-04   9.3000000e+02
   1.8640239e-04   9.4500000e+02
   1.5646628e-04   9.6000000e+02
   7.0232272e-05   9.7500000e+02
   1.2891269e-05   9.9000000e+02
   2.0895550e-05   1.0050000e+03
   3.9827773e-05   1.0200000e+03
   1.0022723e-05   1.0350000e+03
  -4.5918296e-05   1.0500000e+03
  -6.1482482e-05   1.0650000e+03
  -2.6246107e-05   1.0800000e+03
   9.8112650e-06   1.0950000e+03
   2.8544218e-05   1.1100000e+03
   7.8308221e-05   1.1250000e+03
   1.9799909e-04   1.1400000e+03
   3.6308792e-04   1.1550000e+03
   5.4207450e-04   1.1700000e+03
   7.6039106e-04   1.1850000e+03
   1.0647745e-03   1.2000000e+03
   1.4604244e-03   1.2150000e+03
   1.9318089e-03   1.2300000e+03
   2.5001077e-03   1.2450000e+03
   3.2122836e-03   1.2600000e+03
   4.0913913e-03   1.2750000e+03
   5.1435223e-03   1.2900000e+03
   6.4035431e-03   1.3050000e+03
   7.9353983e-03   1.3200000e+03
   9.7959591e-03   1.3350000e+03
   1.2032676e-02   1.3500000e+03
   1.4711750e-02   1.3650000e+03
   1.7923368e-02   1.3800000e+03
   2.1767100e-02   1.3950000e+03
   2.6352538e-02   1.4100000e+03
   3.1802669e-02   1.4250000e+03
   3.8237669e-02   1.4400000e+03
   4.5770191e-02   1.4550000e+03
   5.4538831e-02   1.4700000e+03
   6.4731739e-02   1.4850000e+03
   7.6543078e-02   1.5000000e+03
   9.0088218e-02   1.5150000e+03
   1.0535226e-01   1.5300000e+03
   1.2220742e-01   1.5450000e+03
   1.4048497e-01   1.5600000e+03
   1.6006032e-01   1.5750000e+03
   1.8088049e-01   1.5900000e+03
   2.0286915e-01   1.6050000e+03
   2.2571950e-01   1.6200000e+03
   2.4867120e-01   1.6350000e+03
   2.7040166e-01   1.6500000e+03
   2.8915340e-01   1.6650000e+03
   3.0314657e-01   1.6800000e+03
   3.1113970e-01   1.6950000e+03
   3.1282029e-01   1.7100000e+03
   3.0874962e-01   1.7250000e+03
   2.9989371e-01   1.7400000e+03
   2.8708574e-01   1.7550000e+03
   2.7078921e-01   1.7700000e+03
   2.5124547e-01   1.7850000e+03
   2.2876284e-01   1.8000000e+03
   2.0384233e-01   1.8150000e+03
   1.7706774e-01   1.8300000e+03
   1.4894097e-01   1.8450000e+03
   1.1985098e-01   1.8600000e+03
   9.0178750e-02   1.8750000e+03
   6.0414810e-02   1.8900000e+03
   3.1197999e-02   1.9050000e+03
   3.2661615e-03   1.9200000e+03
  -2.2636896e-02   1.9350000e+03
  -4.5828503e-02   1.9500000e+03
  -6.5692067e-02   1.9650000e+03
  -8.1674956e-02   1.9800000e+03
  -9.3359783e-02   1.9950000e+03
  -1.0057932e-01   2.0100000e+03
  -1.0345571e-01   2.0250000e+03
  -1.0233236e-01   2.0400000e+03
  -9.7699091e-02   2.0550000e+03
  -9.0172537e-02   2.0700000e+03
  -8.0464490e-02   2.0850000e+03
  -6.9286786e-02   2.1000000e+03
  -5.7271700e-02   2.1150000e+03
  -4.4986628e-02   2.1300000e+03
  -3.2972679e-02   2.1450000e+03
  -2.1695027e-02   2.1600000e+03
  -1.1445528e-02   2.1750000e+03
  -2.3308815e-03   2.1900000e+03
   5.6559066e-03   2.2050000e+03
   1.2604798e-02   2.2200000e+03
   1.8704791e-02   2.2350000e+03
   2.4186756e-02   2.2500000e+03
   2.9198615e-02   2.2650000e+03
   3.3758510e-02   2.2800000e+03
   3.7808895e-02   2.2950000e+03
   4.1245122e-02   2.3100000e+03
   4.3889955e-02   2.3250000e+03
   4.5517232e-02   2.3400000e+03
   4.5950219e-02   2.3550000e+03
   4.5141496e-02   2.3700000e+03
   4.3172006e-02   2.3850000e+03
   4.0192254e-02   2.4000000e+03
   3.6354717e-02   2.4150000e+03
   3.1780250e-02   2.4300000e+03
   2.6576610e-02   2.4450000e+03
   2.0875124e-02   2.4600000e+03
   1.4835783e-02   2.4750000e+03
   8.6241867e-03   2.4900000e+03
   2.3996304e-03   2.5050000e+03
  -3.6854330e-03   2.5200000e+03
  -9.5058009e-03   2.5350000e+03
  -1.4995662e-02   2.5500000e+03
  -2.0151068e-02   2.5650000e+03
  -2.4995701e-02   2.5800000e+03
  -2.9543724e-02   2.5950000e+03
  -3.3789672e-02   2.6100000e+03
  -3.7730597e-02   2.6250000e+03
  -4.1396469e-02   2.6400000e+03
  -4.4850610e-02   2.6550000e+03
  -4.8157174e-02   2.6700000e+03
  -5.1357407e-02   2.6850000e+03
  -5.4477695e-02   2.7000000e+03
  -5.7544842e-02   2.7150000e+03
  -6.0583547e-02   2.7300000e+03
  -6.3602410e-02   2.7450000e+03
  -6.6585451e-02   2.7600000e+03
  -6.9496512e-02   2.7750000e+03
  -7.2292283e-02   2.7900000e+03
  -7.4933298e-02   2.8050000e+03
  -7.7385508e-02   2.8200000e+03
  -7.9613835e-02   2.8350000e+03
  -8.1577092e-02   2.8500000e+03
  -8.3232440e-02   2.8650000e+03
  -8.4546067e-02   2.8800000e+03
  -8.5497104e-02   2.8950000e+03
  -8.6070031e-02   2.9100000e+03
  -8.6244725e-02   2.9250000e+03
  -8.5993327e-02   2.9400000e+03
  -8.5285738e-02   2.9550000e+03
  -8.4101386e-02   2.9700000e+03
  -8.2441419e-02   2.9850000e+03
  -8.0333717e-02   3.0000000e+03
  -7.7827990e-02   3.0150000e+03
  -7.4986964e-02   3.0300000e+03
  -7.1880959e-02   3.0450000e+03
  -6.8587773e-02   3.0600000e+03
  -6.5192051e-02   3.0750000e+03
  -6.1776813e-02   3.0900000e+03
  -5.8406729e-02   3.1050000e+03
  -5.5110820e-02   3.1200000e+03
  -5.1874250e-02   3.1350000e+03
  -4.8642881e-02   3.1500000e+03
  -4.5336567e-02   3.1650000e+03
  -4.1865185e-02   3.1800000e+03
  -3.8144235e-02   3.1950000e+03
  -3.4109935e-02   3.2100000e+03
  -2.9732941e-02   3.2250000e+03
  -2.5026126e-02   3.2400000e+03
  -2.0041702e-02   3.2550000e+03
  -1.4858500e-02   3.2700000e+03
  -9.5672058e-03   3.2850000e+03
  -4.2619803e-03   3.3000000e+03
   9.6047297e-04   3.3150000e+03
   6.0011693e-03   3.3300000e+03
   1.0764888e-02   3.3450000e+03
   1.5170592e-02   3.3600000e+03
   1.9158274e-02   3.3750000e+03
   2.2686210e-02   3.3900000e+03
   2.5720259e-02   3.4050000e+03
   2.8222822e-02   3.4200000e+03
   3.0147640e-02   3.4350000e+03
   3.1440575e-02   3.4500000e+03
   3.2042548e-02   3.4650000e+03
   3.1892594e-02   3.4800000e+03
   3.0933509e-02   3.4950000e+03
   2.9123833e-02   3.5100000e+03
   2.6455317e-02   3.5250000e+03
   2.2968208e-02   3.5400000e+03
   1.8754898e-02   3.5550000e+03
   1.3948770e-02   3.5700000e+03
   8.7050498e-03   3.5850000e+03
   3.1845465e-03   3.6000000e+03
  -2.4539642e-03   3.6150000e+03
  -8.0557093e-03   3.6300000e+03
  -1.3472420e-02   3.6450000e+03
  -1.8567305e-02   3.6600000e+03
  -2.3219362e-02   3.6750000e+03
  -2.7324948e-02   3.6900000e+03
  -3.0799767e-02   3.7050000e+03
  -3.3585861e-02   3.7200000e+03
  -3.5662580e-02   3.7350000e+03
  -3.7053756e-02   3.7500000e+03
  -3.7823416e-02   3.7650000e+03
  -3.8060356e-02   3.7800000e+03
  -3.7859365e-02   3.7950000e+03
  -3.7307810e-02   3.8100000e+03
  -3.6480617e-02   3.8250000e+03
  -3.5441291e-02   3.8400000e+03
  -3.4244981e-02   3.8550000e+03
  -3.2941103e-02   3.8700000e+03
  -3.1574719e-02   3.8850000e+03
  -3.0186264e-02   3.9000000e+03
  -2.8809560e-02   3.9150000e+03
  -2.7468381e-02   3.9300000e+03
  -2.6172020e-02   3.9450000e+03
  -2.4910972e-02   3.9600000e+03
  -2.3654997e-02   3.9750000e+03
  -2.2356248e-02   3.9900000e+03
  -2.0958174e-02   4.0050000e+03
  -1.9407097e-02   4.0200000e+03
  -1.7661618e-02   4.0350000e+03
  -1.5696950e-02   4.0500000e+03
  -1.3504939e-02   4.0650000e+03
  -1.1092011e-02   4.0800000e+03
  -8.4761782e-03   4.0950000e+03
  -5.6831222e-03   4.1100000e+03
  -2.7419454e-03   4.1250000e+03
   3.1817617e-04   4.1400000e+03
   3.4698737e-03   4.1550000e+03
   6.6883555e-03   4.1700000e+03
   9.9511966e-03   4.1850000e+03
   1.3236619e-02   4.2000000e+03
   1.6520698e-02   4.2150000e+03
   1.9775435e-02   4.2300000e+03
   2.2969317e-02   4.2450000e+03
   2.6069507e-02   4.2600000e+03
   2.9043190e-02   4.2750000e+03
   3.1857401e-02   4.2900000e+03
   3.4479238e-02   4.3050000e+03
   3.6878370e-02   4.3200000e+03
   3.9031327e-02   4.3350000e+03
   4.0925328e-02   4.3500000e+03
   4.2559892e-02   4.3650000e+03
   4.3945778e-02   4.3800000e+03
   4.5101151e-02   4.3950000e+03
   4.6045393e-02   4.4100000e+03
   4.6792381e-02   4.4250000e+03
   4.7346130e-02   4.4400000e+03
   4.7700353e-02   4.4550000e+03
   4.7841128e-02   4.4700000e+03
   4.7750741e-02   4.4850000e+03
   4.7411650e-02   4.5000000e+03
