   1.1918951e-03   0.0000000e+00
   1.1919052e-03   1.5000000e+01
   1.1919372e-03   3.0000000e+01
   1.1921368e-03   4.5000000e+01
   1.1928818e-03   6.0000000e+01
   1.1943757e-03   7.5000000e+01
   1.1962210e-03   9.0000000e+01
   1.1976931e-03   1.0500000e+02
   1.1983761e-03   1.2000000e+02
   1.1984989e-03   1.3500000e+02
   1.1987338e-03   1.5000000e+02
   1.1997136e-03   1.6500000e+02
   1.2016565e-03   1.8000000e+02
   1.2045043e-03   1.9500000e+02
   1.2086738e-03   2.1000000e+02
   1.2161150e-03   2.2500000e+02
   1.2310046e-03   2.4000000e+02
   1.2583996e-03   2.5500000e+02
   1.2999718e-03   2.7000000e+02
   1.3500791e-03   2.8500000e+02
   1.3978771e-03   3.0000000e+02
   1.4359592e-03   3.1500000e+02
   1.4672179e-03   3.3000000e+02
   1.5009725e-03   3.4500000e+02
   1.5416129e-03   3.6000000e+02
   1.5838243e-03   3.7500000e+02
   1.6201372e-03   3.9000000e+02
   1.6493115e-03   4.0500000e+02
   1.6748590e-03   4.2000000e+02
   1.6988619e-03   4.3500000e+02
   1.7210387e-03   4.5000000e+02
   1.7427168e-03   4.6500000e+02
   1.7679546e-03   4.8000000e+02
   1.7991316e-03   4.9500000e+02
   1.8344295e-03   5.1000000e+02
   1.8719472e-03   5.2500000e+02
   1.9125141e-03   5.4000000e+02
   1.9559043e-03   5.5500000e+02
   1.9982250e-03   5.7000000e+02
   2.0356586e-03   5.8500000e+02
   2.0684821e-03   6.0000000e+02
   2.0997664e-03   6.1500000e+02
   2.1309231e-03   6.3000000e+02
   2.1598244e-03   6.4500000e+02
   2.1828751e-03   6.6000000e+02
   2.1964947e-03   6.7500000e+02
   2.1961508e-03   6.9000000e+02
   2.1754729e-03   7.0500000e+02
   2.1259338e-03   7.2000000e+02
   2.0375061e-03   7.3500000e+02
   1.9035193e-03   7.5000000e+02
   1.7315923e-03   7.6500000e+02
   1.5566930e-03   7.8000000e+02
   1.4423096e-03   7.9500000e+02
   1.4535816e-03   8.1000000e+02
   1.6079028e-03   8.2500000e+02
   1.8390351e-03   8.4000000e+02
   2.0177308e-03   8.5500000e+02
   2.0363957e-03   8.7000000e+02
   1.8997681e-03   8.8500000e+02
   1.7294284e-03   9.0000000e+02
   1.6535156e-03   9.1500000e+02
   1.6787169e-03   9.3000000e+02
   1.6857997e-03   9.4500000e+02
   1.5660997e-03   9.6000000e+02
   1.3452097e-03   9.7500000e+02
   1.1418483e-03   9.9000000e+02
   1.0129849e-03   1.0050000e+03
   8.8898512e-04   1.0200000e+03
   6.8225671e-04   1.0350000e+03
   4.0891074e-04   1.0500000e+03
   1.4941997e-04   1.0650000e+03
  -8.0152677e-05   1.0800000e+03
  -3.4591221e-04   1.0950000e+03
  -6.9223240e-04   1.1100000e+03
  -1.1013610e-03   1.1250000e+03
  -1.5793579e-03   1.1400000e+03
  -2.2041206e-03   1.1550000e+03
  -3.0313525e-03   1.1700000e+03
  -3.9815269e-03   1.1850000e+03
  -4.7857841e-03   1.2000000e+03
  -4.7554830e-03   1.2150000e+03
  -1.9920284e-03   1.2300000e+03
   8.1877876e-03   1.2450000e+03
   3.5537850e-02   1.2600000e+03
   9.7070858e-02   1.2750000e+03
   2.1645319e-01   1.2900000e+03
   4.1531938e-01   1.3050000e+03
   6.9115263e-01   1.3200000e+03
   9.8428935e-01   1.3350000e+03
   1.1551163e+00   1.3500000e+03
   1.0116532e+00   1.3650000e+03
   4.1929522e-01   1.3800000e+03
  -5.3914678e-01   1.3950000e+03
  -1.4817172e+00   1.4100000e+03
  -1.8783227e+00   1.4250000e+03
  -1.4311204e+00   1.4400000e+03
  -3.9866701e-01   1.4550000e+03
   5.1987690e-01   1.4700000e+03
   7.6466346e-01   1.4850000e+03
   4.1376957e-01   1.5000000e+03
   9.4265975e-03   1.5150000e+03
  -1.0848399e-01   1.5300000e+03
  -9.3097240e-02   1.5450000e+03
  -1.4483167e-01   1.5600000e+03
  -1.1920894e-01   1.5750000e+03
   9.7478241e-02   1.5900000e+03
   1.6243707e-01   1.6050000e+03
  -1.8460378e-01   1.6200000e+03
  -4.2291102e-01   1.6350000e+03
   4.8734121e-02   1.6500000e+03
   6.7801851e-01   1.6650000e+03
   4.0391389e-01   1.6800000e+03
  -4.8191538e-01   1.6950000e+03
  -6.4107543e-01   1.7100000e+03
   4.1980851e-03   1.7250000e+03
   1.7117047e-01   1.7400000e+03
  -2.9284334e-01   1.7550000e+03
  -1.3678157e-01   1.7700000e+03
   6.6318250e-01   1.7850000e+03
   6.7257249e-01   1.8000000e+03
  -1.6874108e-01   1.8150000e+03
  -3.9679295e-01   1.8300000e+03
   8.5173726e-02   1.8450000e+03
   4.4803672e-02   1.8600000e+03
  -3.7956244e-01   1.8750000e+03
  -1.4255792e-01   1.8900000e+03
   3.2332921e-01   1.9050000e+03
   9.5461801e-02   1.9200000e+03
  -2.5841102e-01   1.9350000e+03
  -6.8861172e-02   1.9500000e+03
   4.2024028e-02   1.9650000e+03
  -2.2795211e-01   1.9800000e+03
  -1.9178696e-01   1.9950000e+03
   1.7797741e-01   2.0100000e+03
   2.4497263e-01   2.0250000e+03
   1.2750915e-01   2.0400000e+03
   2.0461358e-01   2.0550000e+03
   1.8117192e-01   2.0700000e+03
  -8.9089282e-02   2.0850000e+03
  -1.8794963e-01   2.1000000e+03
  -4.6710972e-02   2.1150000e+03
   1.1093396e-02   2.1300000e+03
  -8.7268343e-03   2.1450000e+03
   4.6468593e-02   2.1600000e+03
   7.6155052e-02   2.1750000e+03
   6.7060567e-03   2.1900000e+03
  -5.0340209e-02   2.2050000e+03
  -3.6159791e-02   2.2200000e+03
   1.1390725e-03   2.2350000e+03
   2.2795983e-02   2.2500000e+03
   2.7424071e-02   2.2650000e+03
   1.8543266e-02   2.2800000e+03
  -1.2688155e-02   2.2950000e+03
  -4.2590469e-02   2.3100000e+03
  -2.0636372e-02   2.3250000e+03
   1.8415768e-02   2.3400000e+03
  -1.2511545e-03   2.3550000e+03
  -4.0976331e-02   2.3700000e+03
  -3.1001287e-02   2.3850000e+03
  -4.1178036e-03   2.4000000e+03
   1.4565686e-03   2.4150000e+03
   3.0711424e-03   2.4300000e+03
   1.0391334e-03   2.4450000e+03
  -4.4295904e-03   2.4600000e+03
   1.0125824e-02   2.4750000e+03
   2.8546840e-02   2.4900000e+03
   1.6965570e-02   2.5050000e+03
  -4.6877256e-03   2.5200000e+03
  -1.5223000e-03   2.5350000e+03
   1.8234134e-02   2.5500000e+03
   2.8686661e-02   2.5650000e+03
   2.3257129e-02   2.5800000e+03
   1.2169902e-02   2.5950000e+03
   6.8853530e-03   2.6100000e+03
   1.2451345e-02   2.6250000e+03
   2.5467629e-02   2.6400000e+03
   3.4635384e-02   2.6550000e+03
   3.3363666e-02   2.6700000e+03
   3.1896204e-02   2.6850000e+03
   4.2029765e-02   2.7000000e+03
   5.7933651e-02   2.7150000e+03
   6.6431336e-02   2.7300000e+03
   6.3172922e-02   2.7450000e+03
   4.9533185e-02   2.7600000e+03
   2.5913650e-02   2.7750000e+03
  -4.9512563e-03   2.7900000e+03
  -3.4240834e-02   2.8050000e+03
  -5.2817881e-02   2.8200000e+03
  -5.8518171e-02   2.8350000e+03
  -5.3087298e-02   2.8500000e+03
  -3.7512481e-02   2.8650000e+03
  -1.7239545e-02   2.8800000e+03
  -5.1970067e-03   2.8950000e+03
  -1.0244112e-02   2.9100000e+03
  -2.5272019e-02   2.9250000e+03
  -3.5006840e-02   2.9400000e+03
  -3.4801785e-02   2.9550000e+03
  -3.2702107e-02   2.9700000e+03
  -3.3205230e-02   2.9850000e+03
  -3.0156689e-02   3.0000000e+03
  -1.8323688e-02   3.0150000e+03
  -3.4372099e-03   3.0300000e+03
   3.9225323e-03   3.0450000e+03
   1.3414753e-03   3.0600000e+03
  -3.1876306e-03   3.0750000e+03
  -2.7969480e-03   3.0900000e+03
  -9.9063839e-04   3.1050000e+03
  -5.9639383e-03   3.1200000e+03
  -1.8591259e-02   3.1350000e+03
  -3.0287128e-02   3.1500000e+03
  -3.2221258e-02   3.1650000e+03
  -2.3292726e-02   3.1800000e+03
  -8.9608608e-03   3.1950000e+03
   4.1346848e-03   3.2100000e+03
   1.1211617e-02   3.2250000e+03
   1.0353975e-02   3.2400000e+03
   3.4377545e-03   3.2550000e+03
  -4.3043047e-03   3.2700000e+03
  -7.6321056e-03   3.2850000e+03
  -5.2704588e-03   3.3000000e+03
   1.3607042e-04   3.3150000e+03
   6.1737024e-03   3.3300000e+03
   1.2769624e-02   3.3450000e+03
   1.8968279e-02   3.3600000e+03
   1.9975435e-02   3.3750000e+03
   1.0875446e-02   3.3900000e+03
  -6.3145515e-03   3.4050000e+03
  -2.2038704e-02   3.4200000e+03
  -2.7597507e-02   3.4350000e+03
  -2.3080768e-02   3.4500000e+03
  -1.5580099e-02   3.4650000e+03
  -1.0790404e-02   3.4800000e+03
  -8.1873415e-03   3.4950000e+03
  -3.7060580e-03   3.5100000e+03
   4.7143847e-03   3.5250000e+03
   1.4240512e-02   3.5400000e+03
   1.8673453e-02   3.5550000e+03
   1.3159578e-02   3.5700000e+03
  -1.1143935e-03   3.5850000e+03
  -1.6243491e-02   3.6000000e+03
  -2.2531671e-02   3.6150000e+03
  -1.5615687e-02   3.6300000e+03
   1.8919681e-04   3.6450000e+03
   1.5051372e-02   3.6600000e+03
   2.0527283e-02   3.6750000e+03
   1.5246975e-02   3.6900000e+03
   5.7695508e-03   3.7050000e+03
   1.5670181e-03   3.7200000e+03
   6.8909274e-03   3.7350000e+03
   1.6058600e-02   3.7500000e+03
   1.7459920e-02   3.7650000e+03
   3.8785546e-03   3.7800000e+03
  -2.0076191e-02   3.7950000e+03
  -4.0488519e-02   3.8100000e+03
  -4.4629358e-02   3.8250000e+03
  -3.0734250e-02   3.8400000e+03
  -9.2781521e-03   3.8550000e+03
   5.3847539e-03   3.8700000e+03
   6.4449096e-03   3.8850000e+03
  -7.1103469e-04   3.9000000e+03
  -5.0400542e-03   3.9150000e+03
  -1.1101658e-03   3.9300000e+03
   6.4841257e-03   3.9450000e+03
   9.6222414e-03   3.9600000e+03
   6.0336301e-03   3.9750000e+03
   1.0537871e-03   3.9900000e+03
   7.9564104e-04   4.0050000e+03
   5.2466579e-03   4.0200000e+03
   8.7000821e-03   4.0350000e+03
   6.1870525e-03   4.0500000e+03
  -1.3262605e-03   4.0650000e+03
  -8.0076857e-03   4.0800000e+03
  -8.8830795e-03   4.0950000e+03
  -4.3085306e-03   4.1100000e+03
   1.0760352e-03   4.1250000e+03
   3.4117526e-03   4.1400000e+03
   3.0266757e-03   4.1550000e+03
   2.5864055e-03   4.1700000e+03
   2.7533742e-03   4.1850000e+03
   1.1230584e-03   4.2000000e+03
  -4.2322786e-03   4.2150000e+03
  -1.1504159e-02   4.2300000e+03
  -1.6666057e-02   4.2450000e+03
  -1.7819908e-02   4.2600000e+03
  -1.6810173e-02   4.2750000e+03
  -1.6378025e-02   4.2900000e+03
  -1.6751317e-02   4.3050000e+03
  -1.5692672e-02   4.3200000e+03
  -1.1391417e-02   4.3350000e+03
  -4.5192158e-03   4.3500000e+03
   2.6016091e-03   4.3650000e+03
   8.2619712e-03   4.3800000e+03
   1.2362534e-02   4.3950000e+03
   1.5351787e-02   4.4100000e+03
   1.6827773e-02   4.4250000e+03
   1.5714183e-02   4.4400000e+03
   1.1725755e-02   4.4550000e+03
   6.1695967e-03   4.4700000e+03
   1.1379829e-03   4.4850000e+03
  -1.7606979e-03   4.5000000e+03
