  -1.1981656e-04   0.0000000e+00
  -1.1985039e-04   1.5000000e+01
  -1.1997308e-04   3.0000000e+01
  -1.2012324e-04   4.5000000e+01
  -1.1999455e-04   6.0000000e+01
  -1.1931580e-04   7.5000000e+01
  -1.1829834e-04   9.0000000e+01
  -1.1756792e-04   1.0500000e+02
  -1.1767224e-04   1.2000000e+02
  -1.1862066e-04   1.3500000e+02
  -1.1973752e-04   1.5000000e+02
  -1.1995298e-04   1.6500000e+02
  -1.1820403e-04   1.8000000e+02
  -1.1268357e-04   1.9500000e+02
  -9.7779230e-05   2.1000000e+02
  -6.0337152e-05   2.2500000e+02
   1.8319406e-05   2.4000000e+02
   1.4702891e-04   2.5500000e+02
   3.0151714e-04   2.7000000e+02
   4.2130679e-04   2.8500000e+02
   4.5202370e-04   3.0000000e+02
   4.0563408e-04   3.1500000e+02
   3.6256525e-04   3.3000000e+02
   3.8866291e-04   3.4500000e+02
   4.5931630e-04   3.6000000e+02
   4.9840735e-04   3.7500000e+02
   4.8505270e-04   3.9000000e+02
   4.7344156e-04   4.0500000e+02
   5.0103461e-04   4.2000000e+02
   5.3497951e-04   4.3500000e+02
   5.3593784e-04   4.5000000e+02
   5.2266667e-04   4.6500000e+02
   5.3279044e-04   4.8000000e+02
   5.5999280e-04   4.9500000e+02
   5.7560956e-04   5.1000000e+02
   5.8254611e-04   5.2500000e+02
   6.0307438e-04   5.4000000e+02
   6.3470058e-04   5.5500000e+02
   6.5751764e-04   5.7000000e+02
   6.7001802e-04   5.8500000e+02
   6.8583374e-04   6.0000000e+02
   7.0614985e-04   6.1500000e+02
   7.2074338e-04   6.3000000e+02
   7.2822196e-04   6.4500000e+02
   7.3423213e-04   6.6000000e+02
   7.3561934e-04   6.7500000e+02
   7.2308804e-04   6.9000000e+02
   6.9294719e-04   7.0500000e+02
   6.4242730e-04   7.2000000e+02
   5.6112383e-04   7.3500000e+02
   4.3992404e-04   7.5000000e+02
   2.8638114e-04   7.6500000e+02
   1.2997152e-04   7.8000000e+02
   1.7914317e-05   7.9500000e+02
  -1.2388227e-06   8.1000000e+02
   8.8229717e-05   8.2500000e+02
   2.3829962e-04   8.4000000e+02
   3.5036873e-04   8.5500000e+02
   3.4226276e-04   8.7000000e+02
   2.1859579e-04   8.8500000e+02
   7.2757757e-05   9.0000000e+02
   3.4633558e-06   9.1500000e+02
   1.9097024e-05   9.3000000e+02
   3.2826483e-05   9.4500000e+02
  -3.7183054e-05   9.6000000e+02
  -1.7478423e-04   9.7500000e+02
  -2.9505600e-04   9.9000000e+02
  -3.5893908e-04   1.0050000e+03
  -4.1908125e-04   1.0200000e+03
  -5.3563761e-04   1.0350000e+03
  -6.8791659e-04   1.0500000e+03
  -8.1206555e-04   1.0650000e+03
  -9.0073718e-04   1.0800000e+03
  -1.0078875e-03   1.0950000e+03
  -1.1594377e-03   1.1100000e+03
  -1.3223730e-03   1.1250000e+03
  -1.4797670e-03   1.1400000e+03
  -1.6770000e-03   1.1550000e+03
  -1.9576661e-03   1.1700000e+03
  -2.3004580e-03   1.1850000e+03
  -2.6623900e-03   1.2000000e+03
  -3.0468127e-03   1.2150000e+03
  -3.4811592e-03   1.2300000e+03
  -3.9557857e-03   1.2450000e+03
  -4.4344300e-03   1.2600000e+03
  -4.9096770e-03   1.2750000e+03
  -5.4077590e-03   1.2900000e+03
  -5.9517324e-03   1.3050000e+03
  -6.5530711e-03   1.3200000e+03
  -7.2227228e-03   1.3350000e+03
  -7.9533225e-03   1.3500000e+03
  -8.6939493e-03   1.3650000e+03
  -9.3551651e-03   1.3800000e+03
  -9.7964210e-03   1.3950000e+03
  -9.7135073e-03   1.4100000e+03
  -8.3969571e-03   1.4250000e+03
  -4.3244334e-03   1.4400000e+03
   5.5456026e-03   1.4550000e+03
   2.6895517e-02   1.4700000e+03
   6.9384560e-02   1.4850000e+03
   1.4731769e-01   1.5000000e+03
   2.7774239e-01   1.5150000e+03
   4.7311333e-01   1.5300000e+03
   7.2621310e-01   1.5450000e+03
   9.8937166e-01   1.5600000e+03
   1.1592219e+00   1.5750000e+03
   1.0882367e+00   1.5900000e+03
   6.4380598e-01   1.6050000e+03
  -1.8884529e-01   1.6200000e+03
  -1.2116644e+00   1.6350000e+03
  -2.0185933e+00   1.6500000e+03
  -2.1682801e+00   1.6650000e+03
  -1.4753461e+00   1.6800000e+03
  -2.2278973e-01   1.6950000e+03
   9.2868847e-01   1.7100000e+03
   1.3575346e+00   1.7250000e+03
   9.3259227e-01   1.7400000e+03
   9.6498258e-02   1.7550000e+03
  -5.2434748e-01   1.7700000e+03
  -6.2268555e-01   1.7850000e+03
  -3.4982061e-01   1.8000000e+03
  -2.8792720e-02   1.8150000e+03
   1.6170882e-01   1.8300000e+03
   2.0766562e-01   1.8450000e+03
   1.1994016e-01   1.8600000e+03
  -7.3885120e-02   1.8750000e+03
  -2.4949270e-01   1.8900000e+03
  -2.6123619e-01   1.9050000e+03
  -1.1284626e-01   1.9200000e+03
   6.8034813e-02   1.9350000e+03
   2.1312952e-01   1.9500000e+03
   3.1835526e-01   1.9650000e+03
   2.9446715e-01   1.9800000e+03
   5.0496675e-02   1.9950000e+03
  -2.4506731e-01   2.0100000e+03
  -2.6601651e-01   2.0250000e+03
   1.3510041e-02   2.0400000e+03
   2.3953162e-01   2.0550000e+03
   1.7556420e-01   2.0700000e+03
  -9.7537851e-03   2.0850000e+03
  -8.7026440e-02   2.1000000e+03
  -8.5495576e-02   2.1150000e+03
  -9.9505529e-02   2.1300000e+03
  -7.7926435e-02   2.1450000e+03
   8.1621222e-03   2.1600000e+03
   4.7319822e-02   2.1750000e+03
  -1.0995377e-02   2.1900000e+03
  -6.3294552e-02   2.2050000e+03
  -4.9961042e-02   2.2200000e+03
  -2.8979629e-02   2.2350000e+03
  -1.5931260e-02   2.2500000e+03
   3.5851501e-02   2.2650000e+03
   9.3021855e-02   2.2800000e+03
   7.4945755e-02   2.2950000e+03
   6.2095714e-03   2.3100000e+03
  -2.4840932e-02   2.3250000e+03
  -1.3169706e-02   2.3400000e+03
  -1.2930366e-02   2.3550000e+03
  -2.7499851e-02   2.3700000e+03
  -2.6761498e-02   2.3850000e+03
  -1.5640568e-02   2.4000000e+03
  -1.1837749e-02   2.4150000e+03
  -4.8153303e-03   2.4300000e+03
   1.8253921e-02   2.4450000e+03
   4.6883669e-02   2.4600000e+03
   7.0235990e-02   2.4750000e+03
   9.0482183e-02   2.4900000e+03
   1.0239687e-01   2.5050000e+03
   8.9113638e-02   2.5200000e+03
   4.7498398e-02   2.5350000e+03
  -1.0469856e-03   2.5500000e+03
  -3.2206554e-02   2.5650000e+03
  -4.0287748e-02   2.5800000e+03
  -3.3558976e-02   2.5950000e+03
  -1.8413037e-02   2.6100000e+03
   1.8137655e-03   2.6250000e+03
   1.7944811e-02   2.6400000e+03
   1.8963981e-02   2.6550000e+03
   6.6087944e-03   2.6700000e+03
  -4.8838193e-03   2.6850000e+03
  -6.1057457e-03   2.7000000e+03
   4.1172825e-06   2.7150000e+03
   8.6817667e-03   2.7300000e+03
   1.8161656e-02   2.7450000e+03
   2.0781329e-02   2.7600000e+03
   5.1082484e-03   2.7750000e+03
  -2.4619475e-02   2.7900000e+03
  -4.4582669e-02   2.8050000e+03
  -3.7332047e-02   2.8200000e+03
  -1.2638933e-02   2.8350000e+03
   5.4762047e-03   2.8500000e+03
   5.0436244e-03   2.8650000e+03
  -6.4208750e-03   2.8800000e+03
  -1.3761060e-02   2.8950000e+03
  -8.0340216e-03   2.9100000e+03
   5.7154503e-03   2.9250000e+03
   1.0026630e-02   2.9400000e+03
  -9.9615548e-03   2.9550000e+03
  -4.7655128e-02   2.9700000e+03
  -7.4501425e-02   2.9850000e+03
  -6.3501827e-02   3.0000000e+03
  -1.4220646e-02   3.0150000e+03
   4.5736007e-02   3.0300000e+03
   8.3459102e-02   3.0450000e+03
   8.5290223e-02   3.0600000e+03
   6.1211366e-02   3.0750000e+03
   2.9323393e-02   3.0900000e+03
  -2.2401910e-04   3.1050000e+03
  -2.6519997e-02   3.1200000e+03
  -4.7754537e-02   3.1350000e+03
  -5.5227466e-02   3.1500000e+03
  -4.1165795e-02   3.1650000e+03
  -1.1363867e-02   3.1800000e+03
   1.5226227e-02   3.1950000e+03
   2.2443561e-02   3.2100000e+03
   1.0494840e-02   3.2250000e+03
  -8.1084566e-03   3.2400000e+03
  -2.3412898e-02   3.2550000e+03
  -3.4338009e-02   3.2700000e+03
  -4.0354554e-02   3.2850000e+03
  -3.3678200e-02   3.3000000e+03
  -6.4942194e-03   3.3150000e+03
   3.4770787e-02   3.3300000e+03
   6.8565674e-02   3.3450000e+03
   7.5499579e-02   3.3600000e+03
   5.5714894e-02   3.3750000e+03
   2.7621938e-02   3.3900000e+03
   1.0409631e-02   3.4050000e+03
   9.1745416e-03   3.4200000e+03
   1.5504505e-02   3.4350000e+03
   1.8481517e-02   3.4500000e+03
   1.3160244e-02   3.4650000e+03
   1.1630314e-03   3.4800000e+03
  -1.2517935e-02   3.4950000e+03
  -2.2465495e-02   3.5100000e+03
  -2.5974013e-02   3.5250000e+03
  -2.5840431e-02   3.5400000e+03
  -2.8370669e-02   3.5550000e+03
  -3.5602629e-02   3.5700000e+03
  -4.0083259e-02   3.5850000e+03
  -3.1148005e-02   3.6000000e+03
  -8.2780533e-03   3.6150000e+03
   1.4051546e-02   3.6300000e+03
   1.7865943e-02   3.6450000e+03
  -1.4880254e-03   3.6600000e+03
  -3.0835267e-02   3.6750000e+03
  -5.1062733e-02   3.6900000e+03
  -5.2503053e-02   3.7050000e+03
  -3.9467078e-02   3.7200000e+03
  -2.2618217e-02   3.7350000e+03
  -9.0469038e-03   3.7500000e+03
   1.2447210e-03   3.7650000e+03
   1.2058988e-02   3.7800000e+03
   2.5703458e-02   3.7950000e+03
   3.9865863e-02   3.8100000e+03
   4.8489399e-02   3.8250000e+03
   4.6324681e-02   3.8400000e+03
   3.3986583e-02   3.8550000e+03
   1.8608572e-02   3.8700000e+03
   8.3262743e-03   3.8850000e+03
   5.2970191e-03   3.9000000e+03
   4.3796105e-03   3.9150000e+03
  -9.1750507e-04   3.9300000e+03
  -1.1335650e-02   3.9450000e+03
  -2.0876862e-02   3.9600000e+03
  -2.2607608e-02   3.9750000e+03
  -1.5145512e-02   3.9900000e+03
  -3.7475051e-03   4.0050000e+03
   4.2490303e-03   4.0200000e+03
   4.9080206e-03   4.0350000e+03
  -3.6750460e-04   4.0500000e+03
  -7.0596542e-03   4.0650000e+03
  -1.1343964e-02   4.0800000e+03
  -1.2488089e-02   4.0950000e+03
  -1.2492158e-02   4.1100000e+03
  -1.3757204e-02   4.1250000e+03
  -1.6898995e-02   4.1400000e+03
  -2.0462789e-02   4.1550000e+03
  -2.2465413e-02   4.1700000e+03
  -2.2086889e-02   4.1850000e+03
  -2.0009307e-02   4.2000000e+03
  -1.7425137e-02   4.2150000e+03
  -1.4868475e-02   4.2300000e+03
  -1.1890082e-02   4.2450000e+03
  -7.7274386e-03   4.2600000e+03
  -2.2776993e-03   4.2750000e+03
   3.6307124e-03   4.2900000e+03
   9.0183513e-03   4.3050000e+03
   1.3653443e-02   4.3200000e+03
   1.7775875e-02   4.3350000e+03
   2.0824797e-02   4.3500000e+03
   2.0956187e-02   4.3650000e+03
   1.6451951e-02   4.3800000e+03
   7.7151046e-03   4.3950000e+03
  -2.4020916e-03   4.4100000e+03
  -1.0396424e-02   4.4250000e+03
  -1.4348619e-02   4.4400000e+03
  -1.4834331e-02   4.4550000e+03
  -1.4143443e-02   4.4700000e+03
  -1.4467866e-02   4.4850000e+03
  -1.6124398e-02   4.5000000e+03
