   4.0468033e-03   0.0000000e+00
   4.0459610e-03   1.5000000e+01
   4.0434836e-03   3.0000000e+01
   4.0395572e-03   4.5000000e+01
   4.0343786e-03   6.0000000e+01
   4.0278574e-03   7.5000000e+01
   4.0195957e-03   9.0000000e+01
   4.0093116e-03   1.0500000e+02
   3.9972379e-03   1.2000000e+02
   3.9838469e-03   1.3500000e+02
   3.9690728e-03   1.5000000e+02
   3.9518187e-03   1.6500000e+02
   3.9296877e-03   1.8000000e+02
   3.8966036e-03   1.9500000e+02
   3.8353619e-03   2.1000000e+02
   3.7093859e-03   2.2500000e+02
   3.4717398e-03   2.4000000e+02
   3.1104346e-03   2.5500000e+02
   2.7099992e-03   2.7000000e+02
   2.4487271e-03   2.8500000e+02
   2.4678654e-03   3.0000000e+02
   2.7040252e-03   3.1500000e+02
   2.9048980e-03   3.3000000e+02
   2.8869142e-03   3.4500000e+02
   2.7449674e-03   3.6000000e+02
   2.7101622e-03   3.7500000e+02
   2.8272269e-03   3.9000000e+02
   2.9169118e-03   4.0500000e+02
   2.8689522e-03   4.2000000e+02
   2.7957170e-03   4.3500000e+02
   2.8217195e-03   4.5000000e+02
   2.8878455e-03   4.6500000e+02
   2.8840140e-03   4.8000000e+02
   2.8389029e-03   4.9500000e+02
   2.8400565e-03   5.1000000e+02
   2.8713397e-03   5.2500000e+02
   2.8628709e-03   5.4000000e+02
   2.8232180e-03   5.5500000e+02
   2.8071674e-03   5.7000000e+02
   2.8104680e-03   5.8500000e+02
   2.7914033e-03   6.0000000e+02
   2.7549097e-03   6.1500000e+02
   2.7358741e-03   6.3000000e+02
   2.7298627e-03   6.4500000e+02
   2.7068201e-03   6.6000000e+02
   2.6654170e-03   6.7500000e+02
   2.6176791e-03   6.9000000e+02
   2.5460185e-03   7.0500000e+02
   2.4181099e-03   7.2000000e+02
   2.2198276e-03   7.3500000e+02
   1.9492309e-03   7.5000000e+02
   1.6130650e-03   7.6500000e+02
   1.2594983e-03   7.8000000e+02
   9.9086575e-04   7.9500000e+02
   9.0967066e-04   8.1000000e+02
   1.0385826e-03   8.2500000e+02
   1.2812959e-03   8.4000000e+02
   1.4581615e-03   8.5500000e+02
   1.4187072e-03   8.7000000e+02
   1.1702777e-03   8.8500000e+02
   8.9259795e-04   9.0000000e+02
   7.7794195e-04   9.1500000e+02
   8.3870185e-04   9.3000000e+02
   9.0356998e-04   9.4500000e+02
   8.2405179e-04   9.6000000e+02
   6.5140659e-04   9.7500000e+02
   5.6590681e-04   9.9000000e+02
   6.5218547e-04   1.0050000e+03
   8.2218304e-04   1.0200000e+03
   9.9019974e-04   1.0350000e+03
   1.2489514e-03   1.0500000e+03
   1.7956491e-03   1.0650000e+03
   2.7376802e-03   1.0800000e+03
   4.0956726e-03   1.0950000e+03
   6.0110409e-03   1.1100000e+03
   8.8471789e-03   1.1250000e+03
   1.3070257e-02   1.1400000e+03
   1.9176535e-02   1.1550000e+03
   2.7856508e-02   1.1700000e+03
   4.0198252e-02   1.1850000e+03
   5.7706211e-02   1.2000000e+03
   8.2257710e-02   1.2150000e+03
   1.1618946e-01   1.2300000e+03
   1.6236944e-01   1.2450000e+03
   2.2395462e-01   1.2600000e+03
   3.0376887e-01   1.2750000e+03
   4.0336484e-01   1.2900000e+03
   5.2166408e-01   1.3050000e+03
   6.5309769e-01   1.3200000e+03
   7.8565359e-01   1.3350000e+03
   8.9975095e-01   1.3500000e+03
   9.6905655e-01   1.3650000e+03
   9.6427745e-01   1.3800000e+03
   8.6046213e-01   1.3950000e+03
   6.4690882e-01   1.4100000e+03
   3.3653012e-01   1.4250000e+03
  -3.0280013e-02   1.4400000e+03
  -3.9185369e-01   1.4550000e+03
  -6.8248951e-01   1.4700000e+03
  -8.5547405e-01   1.4850000e+03
  -9.0100366e-01   1.5000000e+03
  -8.4794778e-01   1.5150000e+03
  -7.4645299e-01   1.5300000e+03
  -6.4106232e-01   1.5450000e+03
  -5.5178666e-01   1.5600000e+03
  -4.7532576e-01   1.5750000e+03
  -4.0257025e-01   1.5900000e+03
  -3.3491176e-01   1.6050000e+03
  -2.8413537e-01   1.6200000e+03
  -2.5789097e-01   1.6350000e+03
  -2.4793635e-01   1.6500000e+03
  -2.3496884e-01   1.6650000e+03
  -2.0508274e-01   1.6800000e+03
  -1.5993321e-01   1.6950000e+03
  -1.1064871e-01   1.7100000e+03
  -6.4529680e-02   1.7250000e+03
  -2.0299379e-02   1.7400000e+03
   2.5167193e-02   1.7550000e+03
   7.0187114e-02   1.7700000e+03
   1.1050910e-01   1.7850000e+03
   1.4498486e-01   1.8000000e+03
   1.7456201e-01   1.8150000e+03
   1.9561112e-01   1.8300000e+03
   1.9834565e-01   1.8450000e+03
   1.7481118e-01   1.8600000e+03
   1.2771866e-01   1.8750000e+03
   6.9943443e-02   1.8900000e+03
   1.5927643e-02   1.9050000e+03
  -2.5657358e-02   1.9200000e+03
  -5.2815255e-02   1.9350000e+03
  -6.7408167e-02   1.9500000e+03
  -7.2599865e-02   1.9650000e+03
  -7.1219414e-02   1.9800000e+03
  -6.4705968e-02   1.9950000e+03
  -5.3438518e-02   2.0100000e+03
  -3.8432572e-02   2.0250000e+03
  -2.2424530e-02   2.0400000e+03
  -8.9385118e-03   2.0550000e+03
  -3.5028625e-04   2.0700000e+03
   3.2918393e-03   2.0850000e+03
   4.0694666e-03   2.1000000e+03
   4.8222346e-03   2.1150000e+03
   7.2170915e-03   2.1300000e+03
   1.0673722e-02   2.1450000e+03
   1.3332414e-02   2.1600000e+03
   1.4109096e-02   2.1750000e+03
   1.3547733e-02   2.1900000e+03
   1.2888933e-02   2.2050000e+03
   1.2985277e-02   2.2200000e+03
   1.4185793e-02   2.2350000e+03
   1.6547052e-02   2.2500000e+03
   1.9773386e-02   2.2650000e+03
   2.3373777e-02   2.2800000e+03
   2.7197462e-02   2.2950000e+03
   3.1518042e-02   2.3100000e+03
   3.6352355e-02   2.3250000e+03
   4.0956449e-02   2.3400000e+03
   4.4252370e-02   2.3550000e+03
   4.5693558e-02   2.3700000e+03
   4.5673069e-02   2.3850000e+03
   4.5181263e-02   2.4000000e+03
   4.5007847e-02   2.4150000e+03
   4.5103863e-02   2.4300000e+03
   4.4708040e-02   2.4450000e+03
   4.3125723e-02   2.4600000e+03
   4.0252779e-02   2.4750000e+03
   3.6296550e-02   2.4900000e+03
   3.1245315e-02   2.5050000e+03
   2.4835553e-02   2.5200000e+03
   1.6930649e-02   2.5350000e+03
   7.7559543e-03   2.5500000e+03
  -2.1861475e-03   2.5650000e+03
  -1.2301069e-02   2.5800000e+03
  -2.2012735e-02   2.5950000e+03
  -3.0798119e-02   2.6100000e+03
  -3.8209684e-02   2.6250000e+03
  -4.3932945e-02   2.6400000e+03
  -4.7834035e-02   2.6550000e+03
  -4.9889777e-02   2.6700000e+03
  -5.0007157e-02   2.6850000e+03
  -4.7903925e-02   2.7000000e+03
  -4.3194994e-02   2.7150000e+03
  -3.5643790e-02   2.7300000e+03
  -2.5411591e-02   2.7450000e+03
  -1.3148977e-02   2.7600000e+03
   1.3842710e-04   2.7750000e+03
   1.3397059e-02   2.7900000e+03
   2.5840735e-02   2.8050000e+03
   3.7092961e-02   2.8200000e+03
   4.7091447e-02   2.8350000e+03
   5.5850904e-02   2.8500000e+03
   6.3259028e-02   2.8650000e+03
   6.9036588e-02   2.8800000e+03
   7.2864160e-02   2.8950000e+03
   7.4548893e-02   2.9100000e+03
   7.4081331e-02   2.9250000e+03
   7.1547598e-02   2.9400000e+03
   6.7003809e-02   2.9550000e+03
   6.0446639e-02   2.9700000e+03
   5.1919065e-02   2.9850000e+03
   4.1667778e-02   3.0000000e+03
   3.0209895e-02   3.0150000e+03
   1.8222129e-02   3.0300000e+03
   6.3102958e-03   3.0450000e+03
  -5.1713726e-03   3.0600000e+03
  -1.6115429e-02   3.0750000e+03
  -2.6484028e-02   3.0900000e+03
  -3.6099426e-02   3.1050000e+03
  -4.4547766e-02   3.1200000e+03
  -5.1238216e-02   3.1350000e+03
  -5.5542476e-02   3.1500000e+03
  -5.6913942e-02   3.1650000e+03
  -5.4971818e-02   3.1800000e+03
  -4.9627993e-02   3.1950000e+03
  -4.1297138e-02   3.2100000e+03
  -3.1075960e-02   3.2250000e+03
  -2.0684291e-02   3.2400000e+03
  -1.2072924e-02   3.2550000e+03
  -6.8421052e-03   3.2700000e+03
  -5.7600331e-03   3.2850000e+03
  -8.6012874e-03   3.3000000e+03
  -1.4325762e-02   3.3150000e+03
  -2.1458386e-02   3.3300000e+03
  -2.8495200e-02   3.3450000e+03
  -3.4217905e-02   3.3600000e+03
  -3.7870832e-02   3.3750000e+03
  -3.9200492e-02   3.3900000e+03
  -3.8380235e-02   3.4050000e+03
  -3.5856560e-02   3.4200000e+03
  -3.2164223e-02   3.4350000e+03
  -2.7758783e-02   3.4500000e+03
  -2.2905465e-02   3.4650000e+03
  -1.7645942e-02   3.4800000e+03
  -1.1843695e-02   3.4950000e+03
  -5.2856249e-03   3.5100000e+03
   2.1975425e-03   3.5250000e+03
   1.0622474e-02   3.5400000e+03
   1.9767189e-02   3.5550000e+03
   2.9121103e-02   3.5700000e+03
   3.7912644e-02   3.5850000e+03
   4.5253374e-02   3.6000000e+03
   5.0360087e-02   3.6150000e+03
   5.2727845e-02   3.6300000e+03
   5.2149862e-02   3.6450000e+03
   4.8623130e-02   3.6600000e+03
   4.2283576e-02   3.6750000e+03
   3.3445414e-02   3.6900000e+03
   2.2657048e-02   3.7050000e+03
   1.0645018e-02   3.7200000e+03
  -1.8378675e-03   3.7350000e+03
  -1.4101559e-02   3.7500000e+03
  -2.5448704e-02   3.7650000e+03
  -3.5058875e-02   3.7800000e+03
  -4.2035613e-02   3.7950000e+03
  -4.5670372e-02   3.8100000e+03
  -4.5742597e-02   3.8250000e+03
  -4.2628735e-02   3.8400000e+03
  -3.7174921e-02   3.8550000e+03
  -3.0478870e-02   3.8700000e+03
  -2.3726776e-02   3.8850000e+03
  -1.8087395e-02   3.9000000e+03
  -1.4570870e-02   3.9150000e+03
  -1.3808018e-02   3.9300000e+03
  -1.5815837e-02   3.9450000e+03
  -1.9872546e-02   3.9600000e+03
  -2.4601554e-02   3.9750000e+03
  -2.8287334e-02   3.9900000e+03
  -2.9339951e-02   4.0050000e+03
  -2.6725087e-02   4.0200000e+03
  -2.0164205e-02   4.0350000e+03
  -1.0040031e-02   4.0500000e+03
   2.8604753e-03   4.0650000e+03
   1.7545294e-02   4.0800000e+03
   3.2849982e-02   4.0950000e+03
   4.7397003e-02   4.1100000e+03
   5.9661318e-02   4.1250000e+03
   6.8213984e-02   4.1400000e+03
   7.2040334e-02   4.1550000e+03
   7.0764445e-02   4.1700000e+03
   6.4694308e-02   4.1850000e+03
   5.4717682e-02   4.2000000e+03
   4.2120188e-02   4.2150000e+03
   2.8373290e-02   4.2300000e+03
   1.4921262e-02   4.2450000e+03
   3.0023179e-03   4.2600000e+03
  -6.4676264e-03   4.2750000e+03
  -1.2952843e-02   4.2900000e+03
  -1.6321685e-02   4.3050000e+03
  -1.6842013e-02   4.3200000e+03
  -1.5128153e-02   4.3350000e+03
  -1.2030721e-02   4.3500000e+03
  -8.4944824e-03   4.3650000e+03
  -5.4175188e-03   4.3800000e+03
  -3.5216915e-03   4.3950000e+03
  -3.2362773e-03   4.4100000e+03
  -4.6256590e-03   4.4250000e+03
  -7.4131065e-03   4.4400000e+03
  -1.1113695e-02   4.4550000e+03
  -1.5212581e-02   4.4700000e+03
  -1.9290052e-02   4.4850000e+03
  -2.3042476e-02   4.5000000e+03
