  -4.0517990e-03   0.0000000e+00
  -4.0512425e-03   1.5000000e+01
  -4.0498562e-03   3.0000000e+01
  -4.0487032e-03   4.5000000e+01
  -4.0493915e-03   6.0000000e+01
  -4.0531713e-03   7.5000000e+01
  -4.0598563e-03   9.0000000e+01
  -4.0682461e-03   1.0500000e+02
  -4.0776771e-03   1.2000000e+02
  -4.0891976e-03   1.3500000e+02
  -4.1048280e-03   1.5000000e+02
  -4.1256417e-03   1.6500000e+02
  -4.1517974e-03   1.8000000e+02
  -4.1838004e-03   1.9500000e+02
  -4.2222687e-03   2.1000000e+02
  -4.2673191e-03   2.2500000e+02
  -4.3180417e-03   2.4000000e+02
  -4.3718014e-03   2.5500000e+02
  -4.4256528e-03   2.7000000e+02
  -4.4787182e-03   2.8500000e+02
  -4.5315800e-03   3.0000000e+02
  -4.5838547e-03   3.1500000e+02
  -4.6330285e-03   3.3000000e+02
  -4.6744291e-03   3.4500000e+02
  -4.7021271e-03   3.6000000e+02
  -4.7111064e-03   3.7500000e+02
  -4.6993326e-03   3.9000000e+02
  -4.6681673e-03   4.0500000e+02
  -4.6200897e-03   4.2000000e+02
  -4.5538060e-03   4.3500000e+02
  -4.4613131e-03   4.5000000e+02
  -4.3319622e-03   4.6500000e+02
  -4.1595902e-03   4.8000000e+02
  -3.9439178e-03   4.9500000e+02
  -3.6856325e-03   5.1000000e+02
  -3.3830223e-03   5.2500000e+02
  -3.0339130e-03   5.4000000e+02
  -2.6365023e-03   5.5500000e+02
  -2.1848006e-03   5.7000000e+02
  -1.6667438e-03   5.8500000e+02
  -1.0693858e-03   6.0000000e+02
  -3.8057051e-04   6.1500000e+02
   4.1583044e-04   6.3000000e+02
   1.3386597e-03   6.4500000e+02
   2.4035408e-03   6.6000000e+02
   3.6261510e-03   6.7500000e+02
   5.0292127e-03   6.9000000e+02
   6.6407858e-03   7.0500000e+02
   8.4919548e-03   7.2000000e+02
   1.0619907e-02   7.3500000e+02
   1.3067118e-02   7.5000000e+02
   1.5879504e-02   7.6500000e+02
   1.9113461e-02   7.8000000e+02
   2.2843819e-02   7.9500000e+02
   2.7161410e-02   8.1000000e+02
   3.2157660e-02   8.2500000e+02
   3.7899692e-02   8.4000000e+02
   4.4412464e-02   8.5500000e+02
   5.1675212e-02   8.7000000e+02
   5.9621003e-02   8.8500000e+02
   6.8158016e-02   9.0000000e+02
   7.7239431e-02   9.1500000e+02
   8.6932622e-02   9.3000000e+02
   9.7412504e-02   9.4500000e+02
   1.0889189e-01   9.6000000e+02
   1.2155636e-01   9.7500000e+02
   1.3552517e-01   9.9000000e+02
   1.5082715e-01   1.0050000e+03
   1.6740946e-01   1.0200000e+03
   1.8518084e-01   1.0350000e+03
   2.0399247e-01   1.0500000e+03
   2.2347587e-01   1.0650000e+03
   2.4288271e-01   1.0800000e+03
   2.6118714e-01   1.0950000e+03
   2.7743366e-01   1.1100000e+03
   2.9098004e-01   1.1250000e+03
   3.0140072e-01   1.1400000e+03
   3.0825144e-01   1.1550000e+03
   3.1104794e-01   1.1700000e+03
   3.0950266e-01   1.1850000e+03
   3.0373845e-01   1.2000000e+03
   2.9425299e-01   1.2150000e+03
   2.8171319e-01   1.2300000e+03
   2.6680410e-01   1.2450000e+03
   2.5020084e-01   1.2600000e+03
   2.3254052e-01   1.2750000e+03
   2.1432446e-01   1.2900000e+03
   1.9583897e-01   1.3050000e+03
   1.7719062e-01   1.3200000e+03
   1.5843746e-01   1.3350000e+03
   1.3971049e-01   1.3500000e+03
   1.2123113e-01   1.3650000e+03
   1.0324658e-01   1.3800000e+03
   8.6001799e-02   1.3950000e+03
   6.9788195e-02   1.4100000e+03
   5.4972284e-02   1.4250000e+03
   4.1934274e-02   1.4400000e+03
   3.0974738e-02   1.4550000e+03
   2.2268090e-02   1.4700000e+03
   1.5858728e-02   1.4850000e+03
   1.1656662e-02   1.5000000e+03
   9.4366251e-03   1.5150000e+03
   8.8731954e-03   1.5300000e+03
   9.5958943e-03   1.5450000e+03
   1.1220096e-02   1.5600000e+03
   1.3365364e-02   1.5750000e+03
   1.5704269e-02   1.5900000e+03
   1.8022556e-02   1.6050000e+03
   2.0227583e-02   1.6200000e+03
   2.2300204e-02   1.6350000e+03
   2.4247918e-02   1.6500000e+03
   2.6083054e-02   1.6650000e+03
   2.7795751e-02   1.6800000e+03
   2.9321346e-02   1.6950000e+03
   3.0547388e-02   1.7100000e+03
   3.1364448e-02   1.7250000e+03
   3.1706035e-02   1.7400000e+03
   3.1546138e-02   1.7550000e+03
   3.0876843e-02   1.7700000e+03
   2.9691493e-02   1.7850000e+03
   2.7975505e-02   1.8000000e+03
   2.5704669e-02   1.8150000e+03
   2.2856215e-02   1.8300000e+03
   1.9426942e-02   1.8450000e+03
   1.5440818e-02   1.8600000e+03
   1.0938325e-02   1.8750000e+03
   5.9593166e-03   1.8900000e+03
   5.3453870e-04   1.9050000e+03
  -5.3101857e-03   1.9200000e+03
  -1.1543607e-02   1.9350000e+03
  -1.8123275e-02   1.9500000e+03
  -2.4999956e-02   1.9650000e+03
  -3.2125935e-02   1.9800000e+03
  -3.9456420e-02   1.9950000e+03
  -4.6942752e-02   2.0100000e+03
  -5.4527614e-02   2.0250000e+03
  -6.2150959e-02   2.0400000e+03
  -6.9761097e-02   2.0550000e+03
  -7.7314965e-02   2.0700000e+03
  -8.4760964e-02   2.0850000e+03
  -9.2018813e-02   2.1000000e+03
  -9.8978676e-02   2.1150000e+03
  -1.0552673e-01   2.1300000e+03
  -1.1158016e-01   2.1450000e+03
  -1.1710652e-01   2.1600000e+03
  -1.2211786e-01   2.1750000e+03
  -1.2664999e-01   2.1900000e+03
  -1.3073921e-01   2.2050000e+03
  -1.3439941e-01   2.2200000e+03
  -1.3760366e-01   2.2350000e+03
  -1.4028406e-01   2.2500000e+03
  -1.4235786e-01   2.2650000e+03
  -1.4376272e-01   2.2800000e+03
  -1.4447233e-01   2.2950000e+03
  -1.4448473e-01   2.3100000e+03
  -1.4380763e-01   2.3250000e+03
  -1.4246501e-01   2.3400000e+03
  -1.4051704e-01   2.3550000e+03
  -1.3806513e-01   2.3700000e+03
  -1.3523127e-01   2.3850000e+03
  -1.3213252e-01   2.4000000e+03
  -1.2887345e-01   2.4150000e+03
  -1.2555180e-01   2.4300000e+03
  -1.2225661e-01   2.4450000e+03
  -1.1905615e-01   2.4600000e+03
  -1.1599424e-01   2.4750000e+03
  -1.1310491e-01   2.4900000e+03
  -1.1042850e-01   2.5050000e+03
  -1.0800700e-01   2.5200000e+03
  -1.0586280e-01   2.5350000e+03
  -1.0398803e-01   2.5500000e+03
  -1.0235719e-01   2.5650000e+03
  -1.0094433e-01   2.5800000e+03
  -9.9718533e-02   2.5950000e+03
  -9.8621860e-02   2.6100000e+03
  -9.7560674e-02   2.6250000e+03
  -9.6428044e-02   2.6400000e+03
  -9.5137224e-02   2.6550000e+03
  -9.3633413e-02   2.6700000e+03
  -9.1878533e-02   2.6850000e+03
  -8.9833431e-02   2.7000000e+03
  -8.7458476e-02   2.7150000e+03
  -8.4727019e-02   2.7300000e+03
  -8.1634328e-02   2.7450000e+03
  -7.8195110e-02   2.7600000e+03
  -7.4435815e-02   2.7750000e+03
  -7.0388764e-02   2.7900000e+03
  -6.6090450e-02   2.8050000e+03
  -6.1582644e-02   2.8200000e+03
  -5.6912538e-02   2.8350000e+03
  -5.2129190e-02   2.8500000e+03
  -4.7279350e-02   2.8650000e+03
  -4.2409062e-02   2.8800000e+03
  -3.7570864e-02   2.8950000e+03
  -3.2828413e-02   2.9100000e+03
  -2.8253580e-02   2.9250000e+03
  -2.3919666e-02   2.9400000e+03
  -1.9895192e-02   2.9550000e+03
  -1.6237717e-02   2.9700000e+03
  -1.2986979e-02   2.9850000e+03
  -1.0160104e-02   3.0000000e+03
  -7.7501885e-03   3.0150000e+03
  -5.7260799e-03   3.0300000e+03
  -4.0339073e-03   3.0450000e+03
  -2.6047721e-03   3.0600000e+03
  -1.3687281e-03   3.0750000e+03
  -2.6692505e-04   3.0900000e+03
   7.4684282e-04   3.1050000e+03
   1.7161329e-03   3.1200000e+03
   2.6962766e-03   3.1350000e+03
   3.7622394e-03   3.1500000e+03
   5.0014765e-03   3.1650000e+03
   6.4938986e-03   3.1800000e+03
   8.2924152e-03   3.1950000e+03
   1.0416524e-02   3.2100000e+03
   1.2858023e-02   3.2250000e+03
   1.5588545e-02   3.2400000e+03
   1.8563323e-02   3.2550000e+03
   2.1724109e-02   3.2700000e+03
   2.5004715e-02   3.2850000e+03
   2.8338272e-02   3.3000000e+03
   3.1664453e-02   3.3150000e+03
   3.4936719e-02   3.3300000e+03
   3.8127840e-02   3.3450000e+03
   4.1228991e-02   3.3600000e+03
   4.4240046e-02   3.3750000e+03
   4.7156028e-02   3.3900000e+03
   4.9958255e-02   3.4050000e+03
   5.2613668e-02   3.4200000e+03
   5.5078994e-02   3.4350000e+03
   5.7306077e-02   3.4500000e+03
   5.9248466e-02   3.4650000e+03
   6.0868520e-02   3.4800000e+03
   6.2141024e-02   3.4950000e+03
   6.3051835e-02   3.5100000e+03
   6.3597031e-02   3.5250000e+03
   6.3787483e-02   3.5400000e+03
   6.3654423e-02   3.5550000e+03
   6.3245691e-02   3.5700000e+03
   6.2610820e-02   3.5850000e+03
   6.1784264e-02   3.6000000e+03
   6.0777854e-02   3.6150000e+03
   5.9584375e-02   3.6300000e+03
   5.8186755e-02   3.6450000e+03
   5.6566253e-02   3.6600000e+03
   5.4705903e-02   3.6750000e+03
   5.2588865e-02   3.6900000e+03
   5.0195720e-02   3.7050000e+03
   4.7506165e-02   3.7200000e+03
   4.4506181e-02   3.7350000e+03
   4.1195240e-02   3.7500000e+03
   3.7587877e-02   3.7650000e+03
   3.3710212e-02   3.7800000e+03
   2.9597266e-02   3.7950000e+03
   2.5294352e-02   3.8100000e+03
   2.0860542e-02   3.8250000e+03
   1.6370213e-02   3.8400000e+03
   1.1910615e-02   3.8550000e+03
   7.5756884e-03   3.8700000e+03
   3.4574270e-03   3.8850000e+03
  -3.6285311e-04   3.9000000e+03
  -3.8204535e-03   3.9150000e+03
  -6.8690609e-03   3.9300000e+03
  -9.4795562e-03   3.9450000e+03
  -1.1638028e-02   3.9600000e+03
  -1.3343961e-02   3.9750000e+03
  -1.4608367e-02   3.9900000e+03
  -1.5451845e-02   4.0050000e+03
  -1.5903346e-02   4.0200000e+03
  -1.6000383e-02   4.0350000e+03
  -1.5790001e-02   4.0500000e+03
  -1.5328579e-02   4.0650000e+03
  -1.4678463e-02   4.0800000e+03
  -1.3901359e-02   4.0950000e+03
  -1.3051509e-02   4.1100000e+03
  -1.2172966e-02   4.1250000e+03
  -1.1302839e-02   4.1400000e+03
  -1.0477802e-02   4.1550000e+03
  -9.7388048e-03   4.1700000e+03
  -9.1311121e-03   4.1850000e+03
  -8.7009249e-03   4.2000000e+03
  -8.4914314e-03   4.2150000e+03
  -8.5394755e-03   4.2300000e+03
  -8.8719809e-03   4.2450000e+03
  -9.5015019e-03   4.2600000e+03
  -1.0422532e-02   4.2750000e+03
  -1.1611258e-02   4.2900000e+03
  -1.3029775e-02   4.3050000e+03
  -1.4632749e-02   4.3200000e+03
  -1.6373353e-02   4.3350000e+03
  -1.8207097e-02   4.3500000e+03
  -2.0094449e-02   4.3650000e+03
  -2.2002967e-02   4.3800000e+03
  -2.3908032e-02   4.3950000e+03
  -2.5791451e-02   4.4100000e+03
  -2.7639296e-02   4.4250000e+03
  -2.9441310e-02   4.4400000e+03
  -3.1192113e-02   4.4550000e+03
  -3.2891516e-02   4.4700000e+03
  -3.4541674e-02   4.4850000e+03
  -3.6142364e-02   4.5000000e+03
