  -6.3064629e-03   0.0000000e+00
  -6.3062450e-03   1.5000000e+01
  -6.3057775e-03   3.0000000e+01
  -6.3059446e-03   4.5000000e+01
  -6.3084899e-03   6.0000000e+01
  -6.3148625e-03   7.5000000e+01
  -6.3245296e-03   9.0000000e+01
  -6.3356431e-03   1.0500000e+02
  -6.3472795e-03   1.2000000e+02
  -6.3609486e-03   1.3500000e+02
  -6.3796430e-03   1.5000000e+02
  -6.4048860e-03   1.6500000e+02
  -6.4363866e-03   1.8000000e+02
  -6.4745769e-03   1.9500000e+02
  -6.5210932e-03   2.1000000e+02
  -6.5770783e-03   2.2500000e+02
  -6.6415146e-03   2.4000000e+02
  -6.7105549e-03   2.5500000e+02
  -6.7800889e-03   2.7000000e+02
  -6.8489681e-03   2.8500000e+02
  -6.9179768e-03   3.0000000e+02
  -6.9875475e-03   3.1500000e+02
  -7.0579047e-03   3.3000000e+02
  -7.1291341e-03   3.4500000e+02
  -7.2004371e-03   3.6000000e+02
  -7.2707226e-03   3.7500000e+02
  -7.3396866e-03   3.9000000e+02
  -7.4081579e-03   4.0500000e+02
  -7.4782525e-03   4.2000000e+02
  -7.5515565e-03   4.3500000e+02
  -7.6252092e-03   4.5000000e+02
  -7.6923058e-03   4.6500000e+02
  -7.7487007e-03   4.8000000e+02
  -7.7971942e-03   4.9500000e+02
  -7.8425072e-03   5.1000000e+02
  -7.8840433e-03   5.2500000e+02
  -7.9178112e-03   5.4000000e+02
  -7.9449238e-03   5.5500000e+02
  -7.9713250e-03   5.7000000e+02
  -7.9973517e-03   5.8500000e+02
  -8.0157854e-03   6.0000000e+02
  -8.0227815e-03   6.1500000e+02
  -8.0207437e-03   6.3000000e+02
  -8.0068531e-03   6.4500000e+02
  -7.9703322e-03   6.6000000e+02
  -7.9051647e-03   6.7500000e+02
  -7.8132944e-03   6.9000000e+02
  -7.6938746e-03   7.0500000e+02
  -7.5421142e-03   7.2000000e+02
  -7.3542153e-03   7.3500000e+02
  -7.1211383e-03   7.5000000e+02
  -6.8255095e-03   7.6500000e+02
  -6.4491434e-03   7.8000000e+02
  -5.9719221e-03   7.9500000e+02
  -5.3651258e-03   8.1000000e+02
  -4.5918846e-03   8.2500000e+02
  -3.6042398e-03   8.4000000e+02
  -2.3379601e-03   8.5500000e+02
  -7.1595033e-04   8.7000000e+02
   1.3528550e-03   8.8500000e+02
   3.9861449e-03   9.0000000e+02
   7.3403143e-03   9.1500000e+02
   1.1623785e-02   9.3000000e+02
   1.7118376e-02   9.4500000e+02
   2.4204900e-02   9.6000000e+02
   3.3392232e-02   9.7500000e+02
   4.5348320e-02   9.9000000e+02
   6.0926255e-02   1.0050000e+03
   8.1175759e-02   1.0200000e+03
   1.0731190e-01   1.0350000e+03
   1.4059924e-01   1.0500000e+03
   1.8212532e-01   1.0650000e+03
   2.3245095e-01   1.0800000e+03
   2.9112047e-01   1.0950000e+03
   3.5603580e-01   1.1100000e+03
   4.2279550e-01   1.1250000e+03
   4.8427826e-01   1.1400000e+03
   5.3092146e-01   1.1550000e+03
   5.5214965e-01   1.1700000e+03
   5.3905171e-01   1.1850000e+03
   4.8765835e-01   1.2000000e+03
   4.0138942e-01   1.2150000e+03
   2.9115006e-01   1.2300000e+03
   1.7256339e-01   1.2450000e+03
   6.1390165e-02   1.2600000e+03
  -3.0844670e-02   1.2750000e+03
  -9.9262059e-02   1.2900000e+03
  -1.4540768e-01   1.3050000e+03
  -1.7485979e-01   1.3200000e+03
  -1.9391365e-01   1.3350000e+03
  -2.0691359e-01   1.3500000e+03
  -2.1539338e-01   1.3650000e+03
  -2.1901724e-01   1.3800000e+03
  -2.1716607e-01   1.3950000e+03
  -2.0988853e-01   1.4100000e+03
  -1.9786148e-01   1.4250000e+03
  -1.8196012e-01   1.4400000e+03
  -1.6314670e-01   1.4550000e+03
  -1.4275527e-01   1.4700000e+03
  -1.2267587e-01   1.4850000e+03
  -1.0502779e-01   1.5000000e+03
  -9.1508485e-02   1.5150000e+03
  -8.2957603e-02   1.5300000e+03
  -7.9347938e-02   1.5450000e+03
  -7.9915442e-02   1.5600000e+03
  -8.3196320e-02   1.5750000e+03
  -8.7170638e-02   1.5900000e+03
  -8.9757331e-02   1.6050000e+03
  -8.9477181e-02   1.6200000e+03
  -8.5857712e-02   1.6350000e+03
  -7.9399958e-02   1.6500000e+03
  -7.1245849e-02   1.6650000e+03
  -6.2713198e-02   1.6800000e+03
  -5.4773092e-02   1.6950000e+03
  -4.7613654e-02   1.7100000e+03
  -4.0567175e-02   1.7250000e+03
  -3.2545939e-02   1.7400000e+03
  -2.2730922e-02   1.7550000e+03
  -1.1031388e-02   1.7700000e+03
   1.9245904e-03   1.7850000e+03
   1.5119893e-02   1.8000000e+03
   2.7545184e-02   1.8150000e+03
   3.8510803e-02   1.8300000e+03
   4.7766849e-02   1.8450000e+03
   5.5386938e-02   1.8600000e+03
   6.1550710e-02   1.8750000e+03
   6.6429734e-02   1.8900000e+03
   7.0201933e-02   1.9050000e+03
   7.3053934e-02   1.9200000e+03
   7.5095356e-02   1.9350000e+03
   7.6255642e-02   1.9500000e+03
   7.6272577e-02   1.9650000e+03
   7.4819610e-02   1.9800000e+03
   7.1715549e-02   1.9950000e+03
   6.7066394e-02   2.0100000e+03
   6.1215550e-02   2.0250000e+03
   5.4548889e-02   2.0400000e+03
   4.7335122e-02   2.0550000e+03
   3.9716534e-02   2.0700000e+03
   3.1790137e-02   2.0850000e+03
   2.3645084e-02   2.1000000e+03
   1.5308061e-02   2.1150000e+03
   6.6663730e-03   2.1300000e+03
  -2.5417055e-03   2.1450000e+03
  -1.2645571e-02   2.1600000e+03
  -2.3899486e-02   2.1750000e+03
  -3.6311474e-02   2.1900000e+03
  -4.9486611e-02   2.2050000e+03
  -6.2571563e-02   2.2200000e+03
  -7.4393936e-02   2.2350000e+03
  -8.3789535e-02   2.2500000e+03
  -8.9965917e-02   2.2650000e+03
  -9.2710808e-02   2.2800000e+03
  -9.2365049e-02   2.2950000e+03
  -8.9625426e-02   2.3100000e+03
  -8.5290693e-02   2.3250000e+03
  -8.0021597e-02   2.3400000e+03
  -7.4159086e-02   2.3550000e+03
  -6.7669116e-02   2.3700000e+03
  -6.0275618e-02   2.3850000e+03
  -5.1736463e-02   2.4000000e+03
  -4.2087849e-02   2.4150000e+03
  -3.1682536e-02   2.4300000e+03
  -2.1008784e-02   2.4450000e+03
  -1.0454477e-02   2.4600000e+03
  -2.0696389e-04   2.4750000e+03
   9.6560409e-03   2.4900000e+03
   1.8981451e-02   2.5050000e+03
   2.7401773e-02   2.5200000e+03
   3.4321684e-02   2.5350000e+03
   3.9031100e-02   2.5500000e+03
   4.0900465e-02   2.5650000e+03
   3.9594226e-02   2.5800000e+03
   3.5226244e-02   2.5950000e+03
   2.8389402e-02   2.6100000e+03
   2.0038655e-02   2.6250000e+03
   1.1275682e-02   2.6400000e+03
   3.1254713e-03   2.6550000e+03
  -3.6229773e-03   2.6700000e+03
  -8.4977485e-03   2.6850000e+03
  -1.1374209e-02   2.7000000e+03
  -1.2473254e-02   2.7150000e+03
  -1.2311111e-02   2.7300000e+03
  -1.1571455e-02   2.7450000e+03
  -1.0904879e-02   2.7600000e+03
  -1.0722483e-02   2.7750000e+03
  -1.1091048e-02   2.7900000e+03
  -1.1808509e-02   2.8050000e+03
  -1.2633566e-02   2.8200000e+03
  -1.3529038e-02   2.8350000e+03
  -1.4755827e-02   2.8500000e+03
  -1.6758151e-02   2.8650000e+03
  -1.9928135e-02   2.8800000e+03
  -2.4407307e-02   2.8950000e+03
  -3.0033512e-02   2.9100000e+03
  -3.6434960e-02   2.9250000e+03
  -4.3189090e-02   2.9400000e+03
  -4.9939707e-02   2.9550000e+03
  -5.6400783e-02   2.9700000e+03
  -6.2251110e-02   2.9850000e+03
  -6.7002773e-02   3.0000000e+03
  -6.9958255e-02   3.0150000e+03
  -7.0327133e-02   3.0300000e+03
  -6.7475438e-02   3.0450000e+03
  -6.1191622e-02   3.0600000e+03
  -5.1834937e-02   3.0750000e+03
  -4.0297035e-02   3.0900000e+03
  -2.7804652e-02   3.1050000e+03
  -1.5651049e-02   3.1200000e+03
  -4.9466449e-03   3.1350000e+03
   3.5491847e-03   3.1500000e+03
   9.4916280e-03   3.1650000e+03
   1.2927764e-02   3.1800000e+03
   1.4226492e-02   3.1950000e+03
   1.3972999e-02   3.2100000e+03
   1.2803419e-02   3.2250000e+03
   1.1185652e-02   3.2400000e+03
   9.2448015e-03   3.2550000e+03
   6.7690406e-03   3.2700000e+03
   3.4290487e-03   3.2850000e+03
  -9.2161691e-04   3.3000000e+03
  -6.0638972e-03   3.3150000e+03
  -1.1452122e-02   3.3300000e+03
  -1.6418660e-02   3.3450000e+03
  -2.0397717e-02   3.3600000e+03
  -2.3045288e-02   3.3750000e+03
  -2.4225764e-02   3.3900000e+03
  -2.3930052e-02   3.4050000e+03
  -2.2229137e-02   3.4200000e+03
  -1.9321276e-02   3.4350000e+03
  -1.5628587e-02   3.4500000e+03
  -1.1829256e-02   3.4650000e+03
  -8.7487074e-03   3.4800000e+03
  -7.1433038e-03   3.4950000e+03
  -7.4835052e-03   3.5100000e+03
  -9.8222764e-03   3.5250000e+03
  -1.3769481e-02   3.5400000e+03
  -1.8557986e-02   3.5550000e+03
  -2.3185583e-02   3.5700000e+03
  -2.6608333e-02   3.5850000e+03
  -2.7940238e-02   3.6000000e+03
  -2.6611971e-02   3.6150000e+03
  -2.2465125e-02   3.6300000e+03
  -1.5779287e-02   3.6450000e+03
  -7.2303806e-03   3.6600000e+03
   2.2216430e-03   3.6750000e+03
   1.1500958e-02   3.6900000e+03
   1.9602885e-02   3.7050000e+03
   2.5756415e-02   3.7200000e+03
   2.9531224e-02   3.7350000e+03
   3.0877730e-02   3.7500000e+03
   3.0106926e-02   3.7650000e+03
   2.7829126e-02   3.7800000e+03
   2.4870250e-02   3.7950000e+03
   2.2169445e-02   3.8100000e+03
   2.0647507e-02   3.8250000e+03
   2.1042138e-02   3.8400000e+03
   2.3736494e-02   3.8550000e+03
   2.8638650e-02   3.8700000e+03
   3.5170205e-02   3.8850000e+03
   4.2382676e-02   3.9000000e+03
   4.9164984e-02   3.9150000e+03
   5.4472387e-02   3.9300000e+03
   5.7515256e-02   3.9450000e+03
   5.7877876e-02   3.9600000e+03
   5.5562511e-02   3.9750000e+03
   5.0961394e-02   3.9900000e+03
   4.4761341e-02   4.0050000e+03
   3.7795402e-02   4.0200000e+03
   3.0869938e-02   4.0350000e+03
   2.4605194e-02   4.0500000e+03
   1.9331105e-02   4.0650000e+03
   1.5075765e-02   4.0800000e+03
   1.1660917e-02   4.0950000e+03
   8.8725761e-03   4.1100000e+03
   6.6283625e-03   4.1250000e+03
   5.0560562e-03   4.1400000e+03
   4.4445801e-03   4.1550000e+03
   5.0976146e-03   4.1700000e+03
   7.1636778e-03   4.1850000e+03
   1.0514812e-02   4.2000000e+03
   1.4716042e-02   4.2150000e+03
   1.9094421e-02   4.2300000e+03
   2.2888709e-02   4.2450000e+03
   2.5436861e-02   4.2600000e+03
   2.6341809e-02   4.2750000e+03
   2.5559049e-02   4.2900000e+03
   2.3381004e-02   4.3050000e+03
   2.0340677e-02   4.3200000e+03
   1.7090509e-02   4.3350000e+03
   1.4305475e-02   4.3500000e+03
   1.2617219e-02   4.3650000e+03
   1.2545243e-02   4.3800000e+03
   1.4390441e-02   4.3950000e+03
   1.8100373e-02   4.4100000e+03
   2.3169940e-02   4.4250000e+03
   2.8660294e-02   4.4400000e+03
   3.3381443e-02   4.4550000e+03
   3.6205616e-02   4.4700000e+03
   3.6401264e-02   4.4850000e+03
   3.3847395e-02   4.5000000e+03
