   6.1802459e-03   0.0000000e+00
   6.1800359e-03   1.5000000e+01
   6.1795386e-03   3.0000000e+01
   6.1791493e-03   4.5000000e+01
   6.1790976e-03   6.0000000e+01
   6.1789830e-03   7.5000000e+01
   6.1780512e-03   9.0000000e+01
   6.1761457e-03   1.0500000e+02
   6.1742556e-03   1.2000000e+02
   6.1735460e-03   1.3500000e+02
   6.1734430e-03   1.5000000e+02
   6.1709289e-03   1.6500000e+02
   6.1614821e-03   1.8000000e+02
   6.1371811e-03   1.9500000e+02
   6.0763657e-03   2.1000000e+02
   5.9309811e-03   2.2500000e+02
   5.6381281e-03   2.4000000e+02
   5.1825014e-03   2.5500000e+02
   4.6808128e-03   2.7000000e+02
   4.3769195e-03   2.8500000e+02
   4.4618342e-03   3.0000000e+02
   4.8453650e-03   3.1500000e+02
   5.1802690e-03   3.3000000e+02
   5.2163359e-03   3.4500000e+02
   5.0854282e-03   3.6000000e+02
   5.1035020e-03   3.7500000e+02
   5.3294720e-03   3.9000000e+02
   5.5177808e-03   4.0500000e+02
   5.5210628e-03   4.2000000e+02
   5.4969224e-03   4.3500000e+02
   5.6159515e-03   4.5000000e+02
   5.7941512e-03   4.6500000e+02
   5.8774175e-03   4.8000000e+02
   5.9029846e-03   4.9500000e+02
   5.9901499e-03   5.1000000e+02
   6.1175888e-03   5.2500000e+02
   6.1915624e-03   5.4000000e+02
   6.2258998e-03   5.5500000e+02
   6.2963562e-03   5.7000000e+02
   6.3964641e-03   5.8500000e+02
   6.4688027e-03   6.0000000e+02
   6.5211901e-03   6.1500000e+02
   6.6030575e-03   6.3000000e+02
   6.7092581e-03   6.4500000e+02
   6.7980601e-03   6.6000000e+02
   6.8660807e-03   6.7500000e+02
   6.9285068e-03   6.9000000e+02
   6.9607245e-03   7.0500000e+02
   6.9192196e-03   7.2000000e+02
   6.7878379e-03   7.3500000e+02
   6.5674498e-03   7.5000000e+02
   6.2638246e-03   7.6500000e+02
   5.9255711e-03   7.8000000e+02
   5.6626415e-03   7.9500000e+02
   5.5852574e-03   8.1000000e+02
   5.7157599e-03   8.2500000e+02
   5.9494195e-03   8.4000000e+02
   6.0901064e-03   8.5500000e+02
   5.9613404e-03   8.7000000e+02
   5.5403267e-03   8.8500000e+02
   4.9807718e-03   9.0000000e+02
   4.4515338e-03   9.1500000e+02
   3.9351354e-03   9.3000000e+02
   3.2220527e-03   9.4500000e+02
   2.1351210e-03   9.6000000e+02
   7.6761516e-04   9.7500000e+02
  -4.1844413e-04   9.9000000e+02
  -4.2351685e-04   1.0050000e+03
   2.9739609e-03   1.0200000e+03
   1.4598213e-02   1.0350000e+03
   4.3441460e-02   1.0500000e+03
   1.0306294e-01   1.0650000e+03
   2.0856120e-01   1.0800000e+03
   3.6728343e-01   1.0950000e+03
   5.6208670e-01   1.1100000e+03
   7.3253930e-01   1.1250000e+03
   7.7024806e-01   1.1400000e+03
   5.5083013e-01   1.1550000e+03
   1.2281370e-02   1.1700000e+03
  -7.4950683e-01   1.1850000e+03
  -1.4435630e+00   1.2000000e+03
  -1.6853207e+00   1.2150000e+03
  -1.2367224e+00   1.2300000e+03
  -2.4343291e-01   1.2450000e+03
   7.5392693e-01   1.2600000e+03
   1.1432253e+00   1.2750000e+03
   7.1436894e-01   1.2900000e+03
  -1.2459981e-01   1.3050000e+03
  -6.5713936e-01   1.3200000e+03
  -4.8235813e-01   1.3350000e+03
   1.2903379e-01   1.3500000e+03
   5.2931803e-01   1.3650000e+03
   3.5802829e-01   1.3800000e+03
  -1.2684423e-01   1.3950000e+03
  -3.9715543e-01   1.4100000e+03
  -2.5175944e-01   1.4250000e+03
   3.8272031e-02   1.4400000e+03
   1.4870133e-01   1.4550000e+03
   9.4311416e-02   1.4700000e+03
   9.9535614e-02   1.4850000e+03
   1.9892962e-01   1.5000000e+03
   1.7365506e-01   1.5150000e+03
  -9.2356905e-02   1.5300000e+03
  -3.8146466e-01   1.5450000e+03
  -3.9549655e-01   1.5600000e+03
  -1.3487987e-01   1.5750000e+03
   1.3195179e-01   1.5900000e+03
   2.3173840e-01   1.6050000e+03
   2.4236526e-01   1.6200000e+03
   2.6866034e-01   1.6350000e+03
   2.4718644e-01   1.6500000e+03
   8.2175381e-02   1.6650000e+03
  -1.4859928e-01   1.6800000e+03
  -2.6704848e-01   1.6950000e+03
  -2.1691716e-01   1.7100000e+03
  -8.9585893e-02   1.7250000e+03
   3.0265324e-02   1.7400000e+03
   1.1832995e-01   1.7550000e+03
   1.3600472e-01   1.7700000e+03
   4.3423671e-02   1.7850000e+03
  -9.5783390e-02   1.8000000e+03
  -1.4248581e-01   1.8150000e+03
  -5.2837115e-02   1.8300000e+03
   6.8139426e-02   1.8450000e+03
   1.1344336e-01   1.8600000e+03
   8.8225126e-02   1.8750000e+03
   4.3849096e-02   1.8900000e+03
  -9.9727875e-03   1.9050000e+03
  -6.6394322e-02   1.9200000e+03
  -7.0572786e-02   1.9350000e+03
   7.0077931e-03   1.9500000e+03
   8.8638708e-02   1.9650000e+03
   7.1069568e-02   1.9800000e+03
  -2.5190555e-02   1.9950000e+03
  -7.4509956e-02   2.0100000e+03
  -1.8681973e-02   2.0250000e+03
   6.1296314e-02   2.0400000e+03
   6.7104459e-02   2.0550000e+03
   4.8598084e-03   2.0700000e+03
  -4.6331823e-02   2.0850000e+03
  -3.6245555e-02   2.1000000e+03
   1.1835260e-02   2.1150000e+03
   3.2572784e-02   2.1300000e+03
  -6.9809458e-03   2.1450000e+03
  -5.8772519e-02   2.1600000e+03
  -5.2332893e-02   2.1750000e+03
  -1.7966467e-04   2.1900000e+03
   1.8322537e-02   2.2050000e+03
  -1.8140221e-02   2.2200000e+03
  -4.2773314e-02   2.2350000e+03
  -1.2238502e-02   2.2500000e+03
   2.8303875e-02   2.2650000e+03
   2.2956029e-02   2.2800000e+03
  -1.2311516e-02   2.2950000e+03
  -2.4298500e-02   2.3100000e+03
  -1.6395844e-03   2.3250000e+03
   1.9799203e-02   2.3400000e+03
   1.3720979e-02   2.3550000e+03
  -5.5996315e-03   2.3700000e+03
  -1.0399427e-02   2.3850000e+03
   1.0619560e-03   2.4000000e+03
   6.8401136e-03   2.4150000e+03
  -1.5892303e-03   2.4300000e+03
  -6.6621448e-03   2.4450000e+03
   4.0831082e-03   2.4600000e+03
   1.6653340e-02   2.4750000e+03
   1.3454518e-02   2.4900000e+03
  -7.6495297e-04   2.5050000e+03
  -9.9071078e-03   2.5200000e+03
  -1.0076588e-02   2.5350000e+03
  -8.5063670e-03   2.5500000e+03
  -7.4144504e-03   2.5650000e+03
  -2.2273455e-03   2.5800000e+03
   6.6221310e-03   2.5950000e+03
   1.0977920e-02   2.6100000e+03
   6.0884855e-03   2.6250000e+03
  -2.0515125e-03   2.6400000e+03
  -3.7456148e-03   2.6550000e+03
   3.3099551e-03   2.6700000e+03
   1.2921294e-02   2.6850000e+03
   1.8486978e-02   2.7000000e+03
   1.8677711e-02   2.7150000e+03
   1.5117439e-02   2.7300000e+03
   8.4337201e-03   2.7450000e+03
  -6.3584419e-04   2.7600000e+03
  -8.6376285e-03   2.7750000e+03
  -1.1706850e-02   2.7900000e+03
  -9.8895645e-03   2.8050000e+03
  -6.1270455e-03   2.8200000e+03
  -1.4292978e-03   2.8350000e+03
   5.4515544e-03   2.8500000e+03
   1.3141565e-02   2.8650000e+03
   1.6189385e-02   2.8800000e+03
   1.0609040e-02   2.8950000e+03
  -1.0991223e-03   2.9100000e+03
  -1.1996754e-02   2.9250000e+03
  -1.6407918e-02   2.9400000e+03
  -1.3083694e-02   2.9550000e+03
  -5.1337131e-03   2.9700000e+03
   1.4798085e-03   2.9850000e+03
   1.3232155e-03   3.0000000e+03
  -5.7365508e-03   3.0150000e+03
  -1.3040961e-02   3.0300000e+03
  -1.2144084e-02   3.0450000e+03
  -9.1870425e-05   3.0600000e+03
   1.7815622e-02   3.0750000e+03
   3.1280912e-02   3.0900000e+03
   3.1297892e-02   3.1050000e+03
   1.6184466e-02   3.1200000e+03
  -6.2224851e-03   3.1350000e+03
  -2.3146968e-02   3.1500000e+03
  -2.5824366e-02   3.1650000e+03
  -1.5183537e-02   3.1800000e+03
   4.7908124e-04   3.1950000e+03
   1.2340258e-02   3.2100000e+03
   1.5852312e-02   3.2250000e+03
   1.1370033e-02   3.2400000e+03
   2.5208385e-03   3.2550000e+03
  -6.2199114e-03   3.2700000e+03
  -1.2065945e-02   3.2850000e+03
  -1.4814008e-02   3.3000000e+03
  -1.5159567e-02   3.3150000e+03
  -1.2795035e-02   3.3300000e+03
  -7.0686052e-03   3.3450000e+03
   9.1494824e-04   3.3600000e+03
   8.0772778e-03   3.3750000e+03
   1.1547923e-02   3.3900000e+03
   1.0646141e-02   3.4050000e+03
   6.9321897e-03   3.4200000e+03
   2.9517198e-03   3.4350000e+03
   6.9811183e-04   3.4500000e+03
   3.7353439e-04   3.4650000e+03
   3.7099016e-04   3.4800000e+03
  -1.0644905e-03   3.4950000e+03
  -4.0529124e-03   3.5100000e+03
  -7.3187156e-03   3.5250000e+03
  -1.0068394e-02   3.5400000e+03
  -1.2868069e-02   3.5550000e+03
  -1.6323738e-02   3.5700000e+03
  -1.9449497e-02   3.5850000e+03
  -2.0021383e-02   3.6000000e+03
  -1.6672518e-02   3.6150000e+03
  -1.0449237e-02   3.6300000e+03
  -4.2029368e-03   3.6450000e+03
  -4.0566374e-04   3.6600000e+03
   5.9745996e-04   3.6750000e+03
   4.6230052e-04   3.6900000e+03
   1.2605886e-03   3.7050000e+03
   4.0003178e-03   3.7200000e+03
   8.1776539e-03   3.7350000e+03
   1.2073659e-02   3.7500000e+03
   1.3419059e-02   3.7650000e+03
   1.0596595e-02   3.7800000e+03
   4.0966347e-03   3.7950000e+03
  -3.1231195e-03   3.8100000e+03
  -7.3246565e-03   3.8250000e+03
  -6.6273599e-03   3.8400000e+03
  -2.2581911e-03   3.8550000e+03
   2.6952177e-03   3.8700000e+03
   5.7805022e-03   3.8850000e+03
   6.6482038e-03   3.9000000e+03
   6.3642422e-03   3.9150000e+03
   5.5813133e-03   3.9300000e+03
   3.6878786e-03   3.9450000e+03
  -9.5113501e-05   3.9600000e+03
  -5.0464375e-03   3.9750000e+03
  -8.8882474e-03   3.9900000e+03
  -9.5984302e-03   4.0050000e+03
  -7.0327725e-03   4.0200000e+03
  -2.6139680e-03   4.0350000e+03
   2.2148655e-03   4.0500000e+03
   6.8372055e-03   4.0650000e+03
   1.1024878e-02   4.0800000e+03
   1.4307591e-02   4.0950000e+03
   1.6025858e-02   4.1100000e+03
   1.5713282e-02   4.1250000e+03
   1.3229559e-02   4.1400000e+03
   8.7557174e-03   4.1550000e+03
   2.8846986e-03   4.1700000e+03
  -3.4597369e-03   4.1850000e+03
  -9.4421608e-03   4.2000000e+03
  -1.4568665e-02   4.2150000e+03
  -1.8378465e-02   4.2300000e+03
  -2.0129649e-02   4.2450000e+03
  -1.9201366e-02   4.2600000e+03
  -1.5827429e-02   4.2750000e+03
  -1.1137741e-02   4.2900000e+03
  -6.4310613e-03   4.3050000e+03
  -2.6408227e-03   4.3200000e+03
  -4.2980400e-04   4.3350000e+03
  -2.3051124e-04   4.3500000e+03
  -1.7654236e-03   4.3650000e+03
  -3.7473766e-03   4.3800000e+03
  -4.5445347e-03   4.3950000e+03
  -3.3236181e-03   4.4100000e+03
  -4.7794430e-04   4.4250000e+03
   2.9594949e-03   4.4400000e+03
   6.0713100e-03   4.4550000e+03
   8.2682176e-03   4.4700000e+03
   9.1993138e-03   4.4850000e+03
   8.8734766e-03   4.5000000e+03
