  -6.8745814e-04   7.6500000e+02
  -6.4787088e-04   7.8000000e+02
  -6.8538316e-04   7.9500000e+02
  -7.7219104e-04   8.1000000e+02
  -8.7273336e-04   8.2500000e+02
  -9.5650932e-04   8.4000000e+02
  -1.0023544e-03   8.5500000e+02
  -1.0063142e-03   8.7000000e+02
  -9.8943803e-04   8.8500000e+02
  -9.8841207e-04   9.0000000e+02
  -1.0284346e-03   9.1500000e+02
  -1.1028674e-03   9.3000000e+02
  -1.1805426e-03   9.4500000e+02
  -1.2322901e-03   9.6000000e+02
  -1.2508978e-03   9.7500000e+02
  -1.2514471e-03   9.9000000e+02
  -1.2585892e-03   1.0050000e+03
  -1.2902644e-03   1.0200000e+03
  -1.3439421e-03   1.0350000e+03
  -1.3967423e-03   1.0500000e+03
  -1.4274712e-03   1.0650000e+03
  -1.4414017e-03   1.0800000e+03
  -1.4646939e-03   1.0950000e+03
  -1.5113126e-03   1.1100000e+03
  -1.5660073e-03   1.1250000e+03
  -1.6053054e-03   1.1400000e+03
  -1.6248844e-03   1.1550000e+03
  -1.6383030e-03   1.1700000e+03
  -1.6560785e-03   1.1850000e+03
  -1.6756284e-03   1.2000000e+03
  -1.6916774e-03   1.2150000e+03
  -1.7109682e-03   1.2300000e+03
  -1.7516931e-03   1.2450000e+03
  -1.8264108e-03   1.2600000e+03
  -1.9281012e-03   1.2750000e+03
  -2.0350129e-03   1.2900000e+03
  -2.1248108e-03   1.3050000e+03
  -2.1821212e-03   1.3200000e+03
  -2.2034685e-03   1.3350000e+03
  -2.2065674e-03   1.3500000e+03
  -2.2275555e-03   1.3650000e+03
  -2.2911523e-03   1.3800000e+03
  -2.3803862e-03   1.3950000e+03
  -2.4493521e-03   1.4100000e+03
  -2.4731713e-03   1.4250000e+03
  -2.4771793e-03   1.4400000e+03
  -2.5093737e-03   1.4550000e+03
  -2.5886255e-03   1.4700000e+03
  -2.6865902e-03   1.4850000e+03
  -2.7590652e-03   1.5000000e+03
  -2.7902287e-03   1.5150000e+03
  -2.8048563e-03   1.5300000e+03
  -2.8387872e-03   1.5450000e+03
  -2.9000985e-03   1.5600000e+03
  -2.9633383e-03   1.5750000e+03
  -3.0028732e-03   1.5900000e+03
  -3.0239390e-03   1.6050000e+03
  -3.0512181e-03   1.6200000e+03
  -3.0912736e-03   1.6350000e+03
  -3.1224377e-03   1.6500000e+03
  -3.1261353e-03   1.6650000e+03
  -3.1118665e-03   1.6800000e+03
