  -1.2252434e-03   7.6500000e+02
  -1.3352246e-03   7.8000000e+02
  -1.3237967e-03   7.9500000e+02
  -1.3083427e-03   8.1000000e+02
  -1.2537427e-03   8.2500000e+02
  -1.1152813e-03   8.4000000e+02
  -9.8566245e-04   8.5500000e+02
  -9.6382451e-04   8.7000000e+02
  -9.5417630e-04   8.8500000e+02
  -7.5926975e-04   9.0000000e+02
  -3.4533697e-04   9.1500000e+02
   1.5325440e-04   9.3000000e+02
   7.0447405e-04   9.4500000e+02
   1.4918903e-03   9.6000000e+02
   2.7358099e-03   9.7500000e+02
   4.5816037e-03   9.9000000e+02
   7.2410647e-03   1.0050000e+03
   1.1119819e-02   1.0200000e+03
   1.6779467e-02   1.0350000e+03
   2.4967114e-02   1.0500000e+03
   3.6827512e-02   1.0650000e+03
   5.4076992e-02   1.0800000e+03
   7.9039678e-02   1.0950000e+03
   1.1472052e-01   1.1100000e+03
   1.6492201e-01   1.1250000e+03
   2.3410937e-01   1.1400000e+03
   3.2680237e-01   1.1550000e+03
   4.4644308e-01   1.1700000e+03
   5.9356642e-01   1.1850000e+03
   7.6302516e-01   1.2000000e+03
   9.4053960e-01   1.2150000e+03
   1.0999112e+00   1.2300000e+03
   1.2032558e+00   1.2450000e+03
   1.2067569e+00   1.2600000e+03
   1.0729828e+00   1.2750000e+03
   7.8751695e-01   1.2900000e+03
   3.7355572e-01   1.3050000e+03
  -1.0427146e-01   1.3200000e+03
  -5.5331659e-01   1.3350000e+03
  -8.8227212e-01   1.3500000e+03
  -1.0352465e+00   1.3650000e+03
  -1.0135438e+00   1.3800000e+03
  -8.7189519e-01   1.3950000e+03
  -6.8920296e-01   1.4100000e+03
  -5.2957612e-01   1.4250000e+03
  -4.1666183e-01   1.4400000e+03
  -3.3611226e-01   1.4550000e+03
  -2.6155037e-01   1.4700000e+03
  -1.8266347e-01   1.4850000e+03
  -1.1374152e-01   1.5000000e+03
  -7.8187495e-02   1.5150000e+03
  -8.5018881e-02   1.5300000e+03
  -1.1902015e-01   1.5450000e+03
  -1.5202427e-01   1.5600000e+03
  -1.6289447e-01   1.5750000e+03
  -1.4783384e-01   1.5900000e+03
  -1.1535067e-01   1.6050000e+03
  -7.6144420e-02   1.6200000e+03
  -3.9545052e-02   1.6350000e+03
  -1.5628565e-02   1.6500000e+03
  -1.3527796e-02   1.6650000e+03
  -3.3500358e-02   1.6800000e+03
