   1.7435848e-03   1.5000000e+02
   1.8597903e-03   1.6500000e+02
   2.0087094e-03   1.8000000e+02
   2.2011444e-03   1.9500000e+02
   2.4545540e-03   2.1000000e+02
   2.7899994e-03   2.2500000e+02
   3.2263782e-03   2.4000000e+02
   3.7786197e-03   2.5500000e+02
   4.4648456e-03   2.7000000e+02
   5.3170393e-03   2.8500000e+02
   6.3853171e-03   3.0000000e+02
   7.7367197e-03   3.1500000e+02
   9.4505362e-03   3.3000000e+02
   1.1605794e-02   3.4500000e+02
   1.4266572e-02   3.6000000e+02
   1.7482186e-02   3.7500000e+02
   2.1314412e-02   3.9000000e+02
   2.5886625e-02   4.0500000e+02
   3.1414088e-02   4.2000000e+02
   3.8158063e-02   4.3500000e+02
   4.6328321e-02   4.5000000e+02
   5.6060921e-02   4.6500000e+02
   6.7513883e-02   4.8000000e+02
   8.0922253e-02   4.9500000e+02
   9.6488774e-02   5.1000000e+02
   1.1427774e-01   5.2500000e+02
   1.3435884e-01   5.4000000e+02
   1.5709957e-01   5.5500000e+02
   1.8321885e-01   5.7000000e+02
   2.1346381e-01   5.8500000e+02
   2.4817935e-01   6.0000000e+02
