   1.1289212e-02   1.5000000e+03
   1.3704292e-02   1.5150000e+03
   1.6562371e-02   1.5300000e+03
   1.9930102e-02   1.5450000e+03
   2.3887290e-02   1.5600000e+03
   2.8535899e-02   1.5750000e+03
   3.4011502e-02   1.5900000e+03
   4.0478036e-02   1.6050000e+03
   4.8096377e-02   1.6200000e+03
   5.6984033e-02   1.6350000e+03
   6.7193285e-02   1.6500000e+03
   7.8726530e-02   1.6650000e+03
   9.1584712e-02   1.6800000e+03
   1.0581037e-01   1.6950000e+03
   1.2147566e-01   1.7100000e+03
   1.3860375e-01   1.7250000e+03
   1.5705991e-01   1.7400000e+03
   1.7645364e-01   1.7550000e+03
   1.9607767e-01   1.7700000e+03
   2.1491803e-01   1.7850000e+03
   2.3178253e-01   1.8000000e+03
   2.4554893e-01   1.8150000e+03
   2.5543740e-01   1.8300000e+03
   2.6115495e-01   1.8450000e+03
   2.6282030e-01   1.8600000e+03
   2.6072896e-01   1.8750000e+03
   2.5514671e-01   1.8900000e+03
   2.4629417e-01   1.9050000e+03
   2.3449454e-01   1.9200000e+03
   2.2027963e-01   1.9350000e+03
   2.0429274e-01   1.9500000e+03
   1.8705919e-01   1.9650000e+03
   1.6885756e-01   1.9800000e+03
   1.4982496e-01   1.9950000e+03
   1.3018924e-01   2.0100000e+03
   1.1040755e-01   2.0250000e+03
   9.1103598e-02   2.0400000e+03
   7.2874695e-02   2.0550000e+03
   5.6107491e-02   2.0700000e+03
   4.0891979e-02   2.0850000e+03
   2.7051445e-02   2.1000000e+03
   1.4253586e-02   2.1150000e+03
   2.1402645e-03   2.1300000e+03
  -9.5671061e-03   2.1450000e+03
  -2.0986386e-02   2.1600000e+03
  -3.2031871e-02   2.1750000e+03
  -4.2469643e-02   2.1900000e+03
