  -8.8205159e-01   1.5000000e+03
  -9.0027338e-01   1.5150000e+03
  -8.7984532e-01   1.5300000e+03
  -8.1335920e-01   1.5450000e+03
  -6.9715506e-01   1.5600000e+03
  -5.3797746e-01   1.5750000e+03
  -3.5480988e-01   1.5900000e+03
  -1.7395854e-01   1.6050000e+03
  -2.0034904e-02   1.6200000e+03
   9.1722593e-02   1.6350000e+03
   1.5773076e-01   1.6500000e+03
   1.8322004e-01   1.6650000e+03
   1.7781831e-01   1.6800000e+03
   1.5257572e-01   1.6950000e+03
   1.1848345e-01   1.7100000e+03
   8.4897980e-02   1.7250000e+03
   5.7544999e-02   1.7400000e+03
   3.7677333e-02   1.7550000e+03
   2.3585137e-02   1.7700000e+03
   1.3319911e-02   1.7850000e+03
   6.2270947e-03   1.8000000e+03
   2.3545050e-03   1.8150000e+03
   1.1413940e-03   1.8300000e+03
   1.1616520e-03   1.8450000e+03
   1.0047073e-03   1.8600000e+03
   7.1341674e-05   1.8750000e+03
  -1.4285697e-03   1.8900000e+03
  -2.9000347e-03   1.9050000e+03
  -3.7501038e-03   1.9200000e+03
  -3.7932587e-03   1.9350000e+03
  -3.6113414e-03   1.9500000e+03
  -4.3443562e-03   1.9650000e+03
  -6.7919837e-03   1.9800000e+03
  -1.0691106e-02   1.9950000e+03
  -1.5005093e-02   2.0100000e+03
  -1.8809041e-02   2.0250000e+03
  -2.1678319e-02   2.0400000e+03
  -2.3379304e-02   2.0550000e+03
  -2.3660515e-02   2.0700000e+03
  -2.2509804e-02   2.0850000e+03
  -2.0262215e-02   2.1000000e+03
  -1.7149528e-02   2.1150000e+03
  -1.2910878e-02   2.1300000e+03
  -7.1447245e-03   2.1450000e+03
  -1.9244180e-05   2.1600000e+03
   7.5428220e-03   2.1750000e+03
   1.4330993e-02   2.1900000e+03
