  -1.3451292e-03   1.5000000e+02
  -2.6326964e-03   1.6500000e+02
  -4.4173216e-03   1.8000000e+02
  -6.8811816e-03   1.9500000e+02
  -1.0214522e-02   2.1000000e+02
  -1.4473387e-02   2.2500000e+02
  -1.8557172e-02   2.4000000e+02
  -1.4909335e-02   2.5500000e+02
   2.8411338e-02   2.7000000e+02
   1.9996050e-01   2.8500000e+02
   6.3963896e-01   3.0000000e+02
   1.3826714e+00   3.1500000e+02
   2.0937798e+00   3.3000000e+02
   2.0934985e+00   3.4500000e+02
   8.9900953e-01   3.6000000e+02
  -1.2668692e+00   3.7500000e+02
  -3.3262434e+00   3.9000000e+02
  -3.5019114e+00   4.0500000e+02
  -1.0115849e+00   4.2000000e+02
   1.6676627e+00   4.3500000e+02
   1.3847071e+00   4.5000000e+02
  -5.3976643e-01   4.6500000e+02
  -7.8766805e-01   4.8000000e+02
   2.2177047e-01   4.9500000e+02
   4.6981239e-01   5.1000000e+02
  -2.9887350e-02   5.2500000e+02
  -3.9150849e-01   5.4000000e+02
  -8.0022505e-03   5.5500000e+02
   4.4612023e-01   5.7000000e+02
  -3.3792086e-02   5.8500000e+02
  -2.1620068e-01   6.0000000e+02
