  -2.3220056e-03   1.5000000e+03
  -2.3853837e-03   1.5150000e+03
  -2.4542017e-03   1.5300000e+03
  -2.5298994e-03   1.5450000e+03
  -2.6098744e-03   1.5600000e+03
  -2.6913953e-03   1.5750000e+03
  -2.7764074e-03   1.5900000e+03
  -2.8698712e-03   1.6050000e+03
  -2.9735768e-03   1.6200000e+03
  -3.0840694e-03   1.6350000e+03
  -3.1969592e-03   1.6500000e+03
  -3.3109952e-03   1.6650000e+03
  -3.4275067e-03   1.6800000e+03
  -3.5484035e-03   1.6950000e+03
  -3.6762257e-03   1.7100000e+03
  -3.8151357e-03   1.7250000e+03
  -3.9702104e-03   1.7400000e+03
  -4.1442262e-03   1.7550000e+03
  -4.3344595e-03   1.7700000e+03
  -4.5344364e-03   1.7850000e+03
  -4.7408231e-03   1.8000000e+03
  -4.9575828e-03   1.8150000e+03
  -5.1917033e-03   1.8300000e+03
  -5.4460340e-03   1.8450000e+03
  -5.7183001e-03   1.8600000e+03
  -6.0066250e-03   1.8750000e+03
  -6.3142953e-03   1.8900000e+03
  -6.6492395e-03   1.9050000e+03
  -7.0198728e-03   1.9200000e+03
  -7.4304817e-03   1.9350000e+03
  -7.8786267e-03   1.9500000e+03
  -8.3568301e-03   1.9650000e+03
  -8.8565564e-03   1.9800000e+03
  -9.3664359e-03   1.9950000e+03
  -9.8580495e-03   2.0100000e+03
  -1.0258527e-02   2.0250000e+03
  -1.0407143e-02   2.0400000e+03
  -9.9838730e-03   2.0550000e+03
  -8.3947536e-03   2.0700000e+03
  -4.6093436e-03   2.0850000e+03
   3.0294254e-03   2.1000000e+03
   1.6955318e-02   2.1150000e+03
   4.0344842e-02   2.1300000e+03
   7.6669820e-02   2.1450000e+03
   1.2857735e-01   2.1600000e+03
   1.9596976e-01   2.1750000e+03
   2.7354789e-01   2.1900000e+03
