   1.8902272e-01   1.5000000e+03
   2.1558800e-01   1.5150000e+03
   2.4297985e-01   1.5300000e+03
   2.6980391e-01   1.5450000e+03
   2.9454044e-01   1.5600000e+03
   3.1589392e-01   1.5750000e+03
   3.3298701e-01   1.5900000e+03
   3.4530041e-01   1.6050000e+03
   3.5244301e-01   1.6200000e+03
   3.5392407e-01   1.6350000e+03
   3.4903747e-01   1.6500000e+03
   3.3691126e-01   1.6650000e+03
   3.1678787e-01   1.6800000e+03
   2.8852913e-01   1.6950000e+03
   2.5311336e-01   1.7100000e+03
   2.1272008e-01   1.7250000e+03
   1.7016536e-01   1.7400000e+03
   1.2793255e-01   1.7550000e+03
   8.7437771e-02   1.7700000e+03
   4.9058303e-02   1.7850000e+03
   1.2847233e-02   1.8000000e+03
  -2.0707322e-02   1.8150000e+03
  -5.0500270e-02   1.8300000e+03
  -7.5260691e-02   1.8450000e+03
  -9.4161853e-02   1.8600000e+03
  -1.0709963e-01   1.8750000e+03
  -1.1455286e-01   1.8900000e+03
  -1.1730023e-01   1.9050000e+03
  -1.1625843e-01   1.9200000e+03
  -1.1242747e-01   1.9350000e+03
  -1.0676355e-01   1.9500000e+03
  -9.9951677e-02   1.9650000e+03
  -9.2278913e-02   1.9800000e+03
  -8.3765127e-02   1.9950000e+03
  -7.4438438e-02   2.0100000e+03
  -6.4512350e-02   2.0250000e+03
  -5.4371633e-02   2.0400000e+03
  -4.4453595e-02   2.0550000e+03
  -3.5117283e-02   2.0700000e+03
  -2.6536185e-02   2.0850000e+03
  -1.8670492e-02   2.1000000e+03
  -1.1377492e-02   2.1150000e+03
  -4.6033929e-03   2.1300000e+03
   1.5003772e-03   2.1450000e+03
   6.6238721e-03   2.1600000e+03
   1.0443598e-02   2.1750000e+03
   1.2752923e-02   2.1900000e+03
