  -4.1732672e-03   1.5000000e+02
  -4.2373748e-03   1.6500000e+02
  -4.3145414e-03   1.8000000e+02
  -4.4040284e-03   1.9500000e+02
  -4.5094346e-03   2.1000000e+02
  -4.6326383e-03   2.2500000e+02
  -4.7632903e-03   2.4000000e+02
  -4.8732837e-03   2.5500000e+02
  -4.9278704e-03   2.7000000e+02
  -4.9044113e-03   2.8500000e+02
  -4.7907056e-03   3.0000000e+02
  -4.5578452e-03   3.1500000e+02
  -4.1345060e-03   3.3000000e+02
  -3.4068585e-03   3.4500000e+02
  -2.2395286e-03   3.6000000e+02
  -4.9070641e-04   3.7500000e+02
   2.0056067e-03   3.9000000e+02
   5.4900846e-03   4.0500000e+02
   1.0316547e-02   4.2000000e+02
   1.6948018e-02   4.3500000e+02
   2.5975043e-02   4.5000000e+02
   3.8232990e-02   4.6500000e+02
   5.4961570e-02   4.8000000e+02
   7.7906698e-02   4.9500000e+02
   1.0941767e-01   5.1000000e+02
   1.5264513e-01   5.2500000e+02
   2.1174656e-01   5.4000000e+02
   2.9191908e-01   5.5500000e+02
   3.9917296e-01   5.7000000e+02
   5.3931528e-01   5.8500000e+02
   7.1471268e-01   6.0000000e+02
