  -1.1242298e-02   1.5000000e+02
  -1.1296866e-02   1.6500000e+02
  -1.1361951e-02   1.8000000e+02
  -1.1436725e-02   1.9500000e+02
  -1.1520138e-02   2.1000000e+02
  -1.1611645e-02   2.2500000e+02
  -1.1712300e-02   2.4000000e+02
  -1.1822883e-02   2.5500000e+02
  -1.1941001e-02   2.7000000e+02
  -1.2062080e-02   2.8500000e+02
  -1.2184146e-02   3.0000000e+02
  -1.2310077e-02   3.1500000e+02
  -1.2445611e-02   3.3000000e+02
  -1.2597444e-02   3.4500000e+02
  -1.2769291e-02   3.6000000e+02
  -1.2955857e-02   3.7500000e+02
  -1.3148239e-02   3.9000000e+02
  -1.3350170e-02   4.0500000e+02
  -1.3576242e-02   4.2000000e+02
  -1.3826419e-02   4.3500000e+02
  -1.4079976e-02   4.5000000e+02
  -1.4326007e-02   4.6500000e+02
  -1.4580570e-02   4.8000000e+02
  -1.4863080e-02   4.9500000e+02
  -1.5176515e-02   5.1000000e+02
  -1.5521213e-02   5.2500000e+02
  -1.5909813e-02   5.4000000e+02
  -1.6357156e-02   5.5500000e+02
  -1.6868681e-02   5.7000000e+02
  -1.7448360e-02   5.8500000e+02
  -1.8100701e-02   6.0000000e+02
