  -1.3004049e-03   7.6500000e+02
  -1.7760916e-03   7.8000000e+02
  -1.9826265e-03   7.9500000e+02
  -2.1003792e-03   8.1000000e+02
  -2.1611075e-03   8.2500000e+02
  -2.1967217e-03   8.4000000e+02
  -2.3956723e-03   8.5500000e+02
  -2.9182138e-03   8.7000000e+02
  -3.6320747e-03   8.8500000e+02
  -4.2344425e-03   9.0000000e+02
  -4.6202582e-03   9.1500000e+02
  -4.9254564e-03   9.3000000e+02
  -5.1524062e-03   9.4500000e+02
  -4.8398916e-03   9.6000000e+02
  -2.8915789e-03   9.7500000e+02
   2.9635723e-03   9.9000000e+02
   1.7445367e-02   1.0050000e+03
   4.9457040e-02   1.0200000e+03
   1.1369237e-01   1.0350000e+03
   2.3095615e-01   1.0500000e+03
   4.2438787e-01   1.0650000e+03
   7.0746028e-01   1.0800000e+03
   1.0617939e+00   1.0950000e+03
   1.4105704e+00   1.1100000e+03
   1.6053003e+00   1.1250000e+03
   1.4527836e+00   1.1400000e+03
   8.0149621e-01   1.1550000e+03
  -3.2975230e-01   1.1700000e+03
  -1.6541866e+00   1.1850000e+03
  -2.6558869e+00   1.2000000e+03
  -2.8207686e+00   1.2150000e+03
  -1.9724898e+00   1.2300000e+03
  -4.7972131e-01   1.2450000e+03
   8.9001620e-01   1.2600000e+03
   1.4523265e+00   1.2750000e+03
   1.0818496e+00   1.2900000e+03
   2.6041839e-01   1.3050000e+03
  -3.8050276e-01   1.3200000e+03
  -5.9744942e-01   1.3350000e+03
  -6.1073071e-01   1.3500000e+03
  -6.6990829e-01   1.3650000e+03
  -6.6615313e-01   1.3800000e+03
  -3.0965894e-01   1.3950000e+03
   3.4334606e-01   1.4100000e+03
   7.6155168e-01   1.4250000e+03
   5.0170660e-01   1.4400000e+03
  -1.9901901e-01   1.4550000e+03
  -6.2592006e-01   1.4700000e+03
  -4.1452819e-01   1.4850000e+03
   4.5603298e-02   1.5000000e+03
   1.6918746e-01   1.5150000e+03
  -5.8101535e-02   1.5300000e+03
  -1.3749635e-01   1.5450000e+03
   1.9063766e-01   1.5600000e+03
   5.8575964e-01   1.5750000e+03
   6.0575974e-01   1.5900000e+03
   2.9083386e-01   1.6050000e+03
   2.0286098e-02   1.6200000e+03
  -4.3079767e-02   1.6350000e+03
  -7.2953306e-02   1.6500000e+03
  -1.9079427e-01   1.6650000e+03
  -2.5562102e-01   1.6800000e+03
