  -4.3724116e-04   7.6500000e+02
  -4.1358854e-04   7.8000000e+02
  -4.3796300e-04   7.9500000e+02
  -4.8543783e-04   8.1000000e+02
  -5.4721674e-04   8.2500000e+02
  -6.1314384e-04   8.4000000e+02
  -6.5497617e-04   8.5500000e+02
  -6.5367355e-04   8.7000000e+02
  -6.3287932e-04   8.8500000e+02
  -6.3744473e-04   9.0000000e+02
  -6.7977706e-04   9.1500000e+02
  -7.3144928e-04   9.3000000e+02
  -7.6680334e-04   9.4500000e+02
  -7.8715576e-04   9.6000000e+02
  -7.9925166e-04   9.7500000e+02
  -8.0097979e-04   9.9000000e+02
  -7.9873065e-04   1.0050000e+03
  -8.1084541e-04   1.0200000e+03
  -8.4016239e-04   1.0350000e+03
  -8.6578930e-04   1.0500000e+03
  -8.7387243e-04   1.0650000e+03
  -8.7645551e-04   1.0800000e+03
  -8.8993990e-04   1.0950000e+03
  -9.1268041e-04   1.1100000e+03
  -9.3312631e-04   1.1250000e+03
  -9.4618765e-04   1.1400000e+03
  -9.5357938e-04   1.1550000e+03
  -9.5720403e-04   1.1700000e+03
  -9.5832517e-04   1.1850000e+03
  -9.5892180e-04   1.2000000e+03
  -9.6099020e-04   1.2150000e+03
  -9.6709334e-04   1.2300000e+03
  -9.8238047e-04   1.2450000e+03
  -1.0125472e-03   1.2600000e+03
  -1.0570033e-03   1.2750000e+03
  -1.1055057e-03   1.2900000e+03
  -1.1439746e-03   1.3050000e+03
  -1.1634182e-03   1.3200000e+03
  -1.1643476e-03   1.3350000e+03
  -1.1575858e-03   1.3500000e+03
  -1.1611975e-03   1.3650000e+03
  -1.1877011e-03   1.3800000e+03
  -1.2289978e-03   1.3950000e+03
  -1.2609933e-03   1.4100000e+03
  -1.2695226e-03   1.4250000e+03
  -1.2668183e-03   1.4400000e+03
  -1.2770446e-03   1.4550000e+03
  -1.3096009e-03   1.4700000e+03
  -1.3512244e-03   1.4850000e+03
  -1.3817023e-03   1.5000000e+03
  -1.3939658e-03   1.5150000e+03
  -1.3995625e-03   1.5300000e+03
  -1.4153220e-03   1.5450000e+03
  -1.4448810e-03   1.5600000e+03
  -1.4757395e-03   1.5750000e+03
  -1.4959230e-03   1.5900000e+03
  -1.5092117e-03   1.6050000e+03
  -1.5286842e-03   1.6200000e+03
  -1.5578703e-03   1.6350000e+03
  -1.5863706e-03   1.6500000e+03
  -1.6056286e-03   1.6650000e+03
  -1.6209384e-03   1.6800000e+03
