   3.8566513e-03   7.6500000e+02
   3.9848033e-03   7.8000000e+02
   4.0074536e-03   7.9500000e+02
   3.8702094e-03   8.1000000e+02
   3.6785062e-03   8.2500000e+02
   3.5326006e-03   8.4000000e+02
   3.3851017e-03   8.5500000e+02
   3.1490473e-03   8.7000000e+02
   2.8605645e-03   8.8500000e+02
   2.6000023e-03   9.0000000e+02
   2.2982480e-03   9.1500000e+02
   1.7801349e-03   9.3000000e+02
   1.0018508e-03   9.4500000e+02
   9.7593693e-05   9.6000000e+02
  -8.1579218e-04   9.7500000e+02
  -1.6816992e-03   9.9000000e+02
  -2.1823121e-03   1.0050000e+03
  -1.2242248e-03   1.0200000e+03
   3.7392906e-03   1.0350000e+03
   1.7774541e-02   1.0500000e+03
   4.9711391e-02   1.0650000e+03
   1.1242576e-01   1.0800000e+03
   2.2027983e-01   1.0950000e+03
   3.8164055e-01   1.1100000e+03
   5.8567345e-01   1.1250000e+03
   7.8699905e-01   1.1400000e+03
   8.9883542e-01   1.1550000e+03
   8.0977887e-01   1.1700000e+03
   4.3340471e-01   1.1850000e+03
  -2.2083525e-01   1.2000000e+03
  -9.9486476e-01   1.2150000e+03
  -1.6002281e+00   1.2300000e+03
  -1.7349020e+00   1.2450000e+03
  -1.2605846e+00   1.2600000e+03
  -3.3449718e-01   1.2750000e+03
   6.1845970e-01   1.2900000e+03
   1.1215738e+00   1.3050000e+03
   9.3922377e-01   1.3200000e+03
   2.4748272e-01   1.3350000e+03
  -4.6398154e-01   1.3500000e+03
  -7.2196025e-01   1.3650000e+03
  -4.0684420e-01   1.3800000e+03
   1.6585664e-01   1.3950000e+03
   5.0774002e-01   1.4100000e+03
   3.6927903e-01   1.4250000e+03
  -5.3017773e-02   1.4400000e+03
  -3.2148007e-01   1.4550000e+03
  -1.9847727e-01   1.4700000e+03
   1.1887555e-01   1.4850000e+03
   2.3498940e-01   1.5000000e+03
   1.6076829e-02   1.5150000e+03
  -2.5801137e-01   1.5300000e+03
  -2.4365914e-01   1.5450000e+03
   4.0071327e-02   1.5600000e+03
   2.4934518e-01   1.5750000e+03
   1.6509663e-01   1.5900000e+03
  -4.5756191e-02   1.6050000e+03
  -9.5615640e-02   1.6200000e+03
   2.6435159e-02   1.6350000e+03
   8.5820384e-02   1.6500000e+03
  -1.9879993e-02   1.6650000e+03
  -1.1754134e-01   1.6800000e+03
