  -8.0855691e-04   1.5000000e+03
  -8.1297150e-04   1.5150000e+03
  -8.1798225e-04   1.5300000e+03
  -8.2515762e-04   1.5450000e+03
  -8.3458034e-04   1.5600000e+03
  -8.4367441e-04   1.5750000e+03
  -8.5106178e-04   1.5900000e+03
  -8.5832714e-04   1.6050000e+03
  -8.6698867e-04   1.6200000e+03
  -8.7691989e-04   1.6350000e+03
  -8.8795024e-04   1.6500000e+03
  -9.0014539e-04   1.6650000e+03
  -9.1270951e-04   1.6800000e+03
  -9.2483015e-04   1.6950000e+03
  -9.3713996e-04   1.7100000e+03
  -9.5076003e-04   1.7250000e+03
  -9.6534216e-04   1.7400000e+03
  -9.7892887e-04   1.7550000e+03
  -9.8943640e-04   1.7700000e+03
  -9.9615636e-04   1.7850000e+03
  -1.0004661e-03   1.8000000e+03
  -1.0047759e-03   1.8150000e+03
  -1.0102023e-03   1.8300000e+03
  -1.0160370e-03   1.8450000e+03
  -1.0220100e-03   1.8600000e+03
  -1.0295279e-03   1.8750000e+03
  -1.0395962e-03   1.8900000e+03
  -1.0509861e-03   1.9050000e+03
  -1.0615861e-03   1.9200000e+03
  -1.0705667e-03   1.9350000e+03
  -1.0783134e-03   1.9500000e+03
  -1.0852226e-03   1.9650000e+03
  -1.0917039e-03   1.9800000e+03
  -1.0988443e-03   1.9950000e+03
  -1.1077531e-03   2.0100000e+03
  -1.1180009e-03   2.0250000e+03
  -1.1276220e-03   2.0400000e+03
  -1.1353109e-03   2.0550000e+03
  -1.1421420e-03   2.0700000e+03
  -1.1503820e-03   2.0850000e+03
  -1.1608569e-03   2.1000000e+03
  -1.1721419e-03   2.1150000e+03
  -1.1823558e-03   2.1300000e+03
  -1.1912588e-03   2.1450000e+03
  -1.2003502e-03   2.1600000e+03
  -1.2111306e-03   2.1750000e+03
  -1.2234976e-03   2.1900000e+03
