  -2.1964307e-03   7.6500000e+02
  -2.3063945e-03   7.8000000e+02
  -2.3161129e-03   7.9500000e+02
  -2.3301230e-03   8.1000000e+02
  -2.3164337e-03   8.2500000e+02
  -2.2341842e-03   8.4000000e+02
  -2.1651748e-03   8.5500000e+02
  -2.1982652e-03   8.7000000e+02
  -2.2521713e-03   8.8500000e+02
  -2.1592707e-03   9.0000000e+02
  -1.9026876e-03   9.1500000e+02
  -1.6205859e-03   9.3000000e+02
  -1.3668139e-03   9.4500000e+02
  -1.0148342e-03   9.6000000e+02
  -4.2627621e-04   9.7500000e+02
   4.3676546e-04   9.9000000e+02
   1.6220012e-03   1.0050000e+03
   3.2790990e-03   1.0200000e+03
   5.5909194e-03   1.0350000e+03
   8.7412531e-03   1.0500000e+03
   1.3016712e-02   1.0650000e+03
   1.8852292e-02   1.0800000e+03
   2.6751027e-02   1.0950000e+03
   3.7263535e-02   1.1100000e+03
   5.1081724e-02   1.1250000e+03
   6.9071598e-02   1.1400000e+03
   9.2198253e-02   1.1550000e+03
   1.2150620e-01   1.1700000e+03
   1.5820231e-01   1.1850000e+03
   2.0364939e-01   1.2000000e+03
   2.5908646e-01   1.2150000e+03
   3.2509708e-01   1.2300000e+03
   4.0098473e-01   1.2450000e+03
   4.8421323e-01   1.2600000e+03
   5.7004726e-01   1.2750000e+03
   6.5153956e-01   1.2900000e+03
   7.1997744e-01   1.3050000e+03
   7.6580524e-01   1.3200000e+03
   7.8001428e-01   1.3350000e+03
   7.5601304e-01   1.3500000e+03
   6.9177669e-01   1.3650000e+03
   5.9155053e-01   1.3800000e+03
   4.6603665e-01   1.3950000e+03
   3.3040297e-01   1.4100000e+03
   2.0055598e-01   1.4250000e+03
   8.9189529e-02   1.4400000e+03
   3.3464134e-03   1.4550000e+03
  -5.5671826e-02   1.4700000e+03
  -9.0630978e-02   1.4850000e+03
  -1.0635205e-01   1.5000000e+03
  -1.0845806e-01   1.5150000e+03
  -1.0295416e-01   1.5300000e+03
  -9.5974348e-02   1.5450000e+03
  -9.3074463e-02   1.5600000e+03
  -9.8050930e-02   1.5750000e+03
  -1.1186216e-01   1.5900000e+03
  -1.3240258e-01   1.6050000e+03
  -1.5551691e-01   1.6200000e+03
  -1.7692788e-01   1.6350000e+03
  -1.9409451e-01   1.6500000e+03
  -2.0690979e-01   1.6650000e+03
  -2.1683612e-01   1.6800000e+03
