  -1.2084630e-02   1.5000000e+02
  -1.2459973e-02   1.6500000e+02
  -1.2935437e-02   1.8000000e+02
  -1.3528702e-02   1.9500000e+02
  -1.4263297e-02   2.1000000e+02
  -1.5155079e-02   2.2500000e+02
  -1.6189693e-02   2.4000000e+02
  -1.7303497e-02   2.5500000e+02
  -1.8405577e-02   2.7000000e+02
  -1.9442324e-02   2.8500000e+02
  -2.0428594e-02   3.0000000e+02
  -2.1368576e-02   3.1500000e+02
  -2.2089275e-02   3.3000000e+02
  -2.2087028e-02   3.4500000e+02
  -2.0354705e-02   3.6000000e+02
  -1.4806484e-02   3.7500000e+02
  -3.6819675e-04   3.9000000e+02
   3.6199279e-02   4.0500000e+02
   1.2728976e-01   4.2000000e+02
   3.3889526e-01   4.3500000e+02
   7.6665819e-01   4.5000000e+02
   1.4631910e+00   4.6500000e+02
   2.2672837e+00   4.8000000e+02
   2.6612120e+00   4.9500000e+02
   1.9760205e+00   5.1000000e+02
   7.4304573e-02   5.2500000e+02
  -2.1101480e+00   5.4000000e+02
  -3.1432145e+00   5.5500000e+02
  -2.5165861e+00   5.7000000e+02
  -1.1425594e+00   5.8500000e+02
  -1.2790613e-01   6.0000000e+02
