  -4.2385245e-03   1.5000000e+02
  -4.2468822e-03   1.6500000e+02
  -4.2568217e-03   1.8000000e+02
  -4.2683254e-03   1.9500000e+02
  -4.2810445e-03   2.1000000e+02
  -4.2945514e-03   2.2500000e+02
  -4.3089152e-03   2.4000000e+02
  -4.3245964e-03   2.5500000e+02
  -4.3418505e-03   2.7000000e+02
  -4.3603661e-03   2.8500000e+02
  -4.3794671e-03   3.0000000e+02
  -4.3986849e-03   3.1500000e+02
  -4.4181296e-03   3.3000000e+02
  -4.4383127e-03   3.4500000e+02
  -4.4595287e-03   3.6000000e+02
  -4.4813459e-03   3.7500000e+02
  -4.5030601e-03   3.9000000e+02
  -4.5248517e-03   4.0500000e+02
  -4.5473771e-03   4.2000000e+02
  -4.5695184e-03   4.3500000e+02
  -4.5882300e-03   4.5000000e+02
  -4.6018413e-03   4.6500000e+02
  -4.6118023e-03   4.8000000e+02
  -4.6204478e-03   4.9500000e+02
  -4.6290439e-03   5.1000000e+02
  -4.6385368e-03   5.2500000e+02
  -4.6501667e-03   5.4000000e+02
  -4.6642520e-03   5.5500000e+02
  -4.6796594e-03   5.7000000e+02
  -4.6956022e-03   5.8500000e+02
  -4.7125439e-03   6.0000000e+02
