  -4.9441075e-03   1.5000000e+02
  -4.9558165e-03   1.6500000e+02
  -4.9698213e-03   1.8000000e+02
  -4.9860836e-03   1.9500000e+02
  -5.0042495e-03   2.1000000e+02
  -5.0239130e-03   2.2500000e+02
  -5.0451867e-03   2.4000000e+02
  -5.0684712e-03   2.5500000e+02
  -5.0937920e-03   2.7000000e+02
  -5.1205857e-03   2.8500000e+02
  -5.1481156e-03   3.0000000e+02
  -5.1760599e-03   3.1500000e+02
  -5.2046925e-03   3.3000000e+02
  -5.2345973e-03   3.4500000e+02
  -5.2659279e-03   3.6000000e+02
  -5.2977414e-03   3.7500000e+02
  -5.3288271e-03   3.9000000e+02
  -5.3595454e-03   4.0500000e+02
  -5.3911908e-03   4.2000000e+02
  -5.4224608e-03   4.3500000e+02
  -5.4490613e-03   4.5000000e+02
  -5.4685231e-03   4.6500000e+02
  -5.4828860e-03   4.8000000e+02
  -5.4955320e-03   4.9500000e+02
  -5.5082450e-03   5.1000000e+02
  -5.5221706e-03   5.2500000e+02
  -5.5387896e-03   5.4000000e+02
  -5.5584246e-03   5.5500000e+02
  -5.5795894e-03   5.7000000e+02
  -5.6013837e-03   5.8500000e+02
  -5.6245821e-03   6.0000000e+02
