  -4.6872278e-04   7.6500000e+02
  -4.4139856e-04   7.8000000e+02
  -4.8356515e-04   7.9500000e+02
  -6.2246848e-04   8.1000000e+02
  -7.7425269e-04   8.2500000e+02
  -8.6159608e-04   8.4000000e+02
  -9.1396237e-04   8.5500000e+02
  -9.9205936e-04   8.7000000e+02
  -1.0727213e-03   8.8500000e+02
  -1.0997901e-03   9.0000000e+02
  -1.1136314e-03   9.1500000e+02
  -1.2173939e-03   9.3000000e+02
  -1.4149355e-03   9.4500000e+02
  -1.5918060e-03   9.6000000e+02
  -1.6763614e-03   9.7500000e+02
  -1.7191445e-03   9.9000000e+02
  -1.7885425e-03   1.0050000e+03
  -1.8843648e-03   1.0200000e+03
  -1.9792884e-03   1.0350000e+03
  -2.0532904e-03   1.0500000e+03
  -2.0639298e-03   1.0650000e+03
  -1.9651079e-03   1.0800000e+03
  -1.7668857e-03   1.0950000e+03
  -1.4983315e-03   1.1100000e+03
  -1.1059442e-03   1.1250000e+03
  -4.5791289e-04   1.1400000e+03
   5.5489730e-04   1.1550000e+03
   1.9905393e-03   1.1700000e+03
   3.9340877e-03   1.1850000e+03
   6.5505477e-03   1.2000000e+03
   1.0045243e-02   1.2150000e+03
   1.4614213e-02   1.2300000e+03
   2.0476170e-02   1.2450000e+03
   2.7958235e-02   1.2600000e+03
   3.7537042e-02   1.2750000e+03
   4.9810730e-02   1.2900000e+03
   6.5472983e-02   1.3050000e+03
   8.5323244e-02   1.3200000e+03
   1.1025760e-01   1.3350000e+03
   1.4121105e-01   1.3500000e+03
   1.7910029e-01   1.3650000e+03
   2.2477408e-01   1.3800000e+03
   2.7885827e-01   1.3950000e+03
   3.4137788e-01   1.4100000e+03
   4.1119167e-01   1.4250000e+03
   4.8544651e-01   1.4400000e+03
   5.5930942e-01   1.4550000e+03
   6.2613308e-01   1.4700000e+03
   6.7804307e-01   1.4850000e+03
   7.0684057e-01   1.5000000e+03
   7.0514250e-01   1.5150000e+03
   6.6772288e-01   1.5300000e+03
   5.9294599e-01   1.5450000e+03
   4.8397419e-01   1.5600000e+03
   3.4924513e-01   1.5750000e+03
   2.0173757e-01   1.5900000e+03
   5.6891408e-02   1.6050000e+03
  -7.0430495e-02   1.6200000e+03
  -1.6910973e-01   1.6350000e+03
  -2.3405561e-01   1.6500000e+03
  -2.6673049e-01   1.6650000e+03
  -2.7361122e-01   1.6800000e+03
