  -1.1452771e-03   1.5000000e+03
  -1.1547009e-03   1.5150000e+03
  -1.1651890e-03   1.5300000e+03
  -1.1786976e-03   1.5450000e+03
  -1.1952090e-03   1.5600000e+03
  -1.2115093e-03   1.5750000e+03
  -1.2259561e-03   1.5900000e+03
  -1.2405274e-03   1.6050000e+03
  -1.2570450e-03   1.6200000e+03
  -1.2752569e-03   1.6350000e+03
  -1.2948414e-03   1.6500000e+03
  -1.3158824e-03   1.6650000e+03
  -1.3375290e-03   1.6800000e+03
  -1.3588851e-03   1.6950000e+03
  -1.3807175e-03   1.7100000e+03
  -1.4043823e-03   1.7250000e+03
  -1.4295513e-03   1.7400000e+03
  -1.4540547e-03   1.7550000e+03
  -1.4754543e-03   1.7700000e+03
  -1.4927337e-03   1.7850000e+03
  -1.5072968e-03   1.8000000e+03
  -1.5219392e-03   1.8150000e+03
  -1.5380778e-03   1.8300000e+03
  -1.5549265e-03   1.8450000e+03
  -1.5720582e-03   1.8600000e+03
  -1.5909619e-03   1.8750000e+03
  -1.6127990e-03   1.8900000e+03
  -1.6362804e-03   1.9050000e+03
  -1.6591642e-03   1.9200000e+03
  -1.6806525e-03   1.9350000e+03
  -1.7012774e-03   1.9500000e+03
  -1.7215199e-03   1.9650000e+03
  -1.7419019e-03   1.9800000e+03
  -1.7637589e-03   1.9950000e+03
  -1.7884370e-03   2.0100000e+03
  -1.8154746e-03   2.0250000e+03
  -1.8426608e-03   2.0400000e+03
  -1.8685727e-03   2.0550000e+03
  -1.8944655e-03   2.0700000e+03
  -1.9228720e-03   2.0850000e+03
  -1.9545958e-03   2.1000000e+03
  -1.9877721e-03   2.1150000e+03
  -2.0199236e-03   2.1300000e+03
  -2.0504401e-03   2.1450000e+03
  -2.0809190e-03   2.1600000e+03
  -2.1134254e-03   2.1750000e+03
  -2.1485428e-03   2.1900000e+03
