  -8.3109812e-04   7.6500000e+02
  -7.9164631e-04   7.8000000e+02
  -8.3887542e-04   7.9500000e+02
  -9.4198692e-04   8.1000000e+02
  -1.0529105e-03   8.2500000e+02
  -1.1350814e-03   8.4000000e+02
  -1.1759219e-03   8.5500000e+02
  -1.1808950e-03   8.7000000e+02
  -1.1669827e-03   8.8500000e+02
  -1.1625898e-03   9.0000000e+02
  -1.1975428e-03   9.1500000e+02
  -1.2766136e-03   9.3000000e+02
  -1.3664203e-03   9.4500000e+02
  -1.4233872e-03   9.6000000e+02
  -1.4358163e-03   9.7500000e+02
  -1.4291208e-03   9.9000000e+02
  -1.4344985e-03   1.0050000e+03
  -1.4651349e-03   1.0200000e+03
  -1.5154299e-03   1.0350000e+03
  -1.5657499e-03   1.0500000e+03
  -1.5940195e-03   1.0650000e+03
  -1.6000437e-03   1.0800000e+03
  -1.6110378e-03   1.0950000e+03
  -1.6473314e-03   1.1100000e+03
  -1.6936806e-03   1.1250000e+03
  -1.7212344e-03   1.1400000e+03
  -1.7263915e-03   1.1550000e+03
  -1.7307994e-03   1.1700000e+03
  -1.7509491e-03   1.1850000e+03
  -1.7833536e-03   1.2000000e+03
  -1.8190275e-03   1.2150000e+03
  -1.8633736e-03   1.2300000e+03
  -1.9359674e-03   1.2450000e+03
  -2.0498780e-03   1.2600000e+03
  -2.1959592e-03   1.2750000e+03
  -2.3503448e-03   1.2900000e+03
  -2.4903177e-03   1.3050000e+03
  -2.5995115e-03   1.3200000e+03
  -2.6725275e-03   1.3350000e+03
  -2.7286797e-03   1.3500000e+03
  -2.8102854e-03   1.3650000e+03
  -2.9464979e-03   1.3800000e+03
  -3.1184091e-03   1.3950000e+03
  -3.2761698e-03   1.4100000e+03
  -3.3965264e-03   1.4250000e+03
  -3.5133695e-03   1.4400000e+03
  -3.6839317e-03   1.4550000e+03
  -3.9292155e-03   1.4700000e+03
  -4.2140479e-03   1.4850000e+03
  -4.4850381e-03   1.5000000e+03
  -4.7240178e-03   1.5150000e+03
  -4.9635232e-03   1.5300000e+03
  -5.2525043e-03   1.5450000e+03
  -5.6096632e-03   1.5600000e+03
  -6.0128118e-03   1.5750000e+03
  -6.4339894e-03   1.5900000e+03
  -6.8776230e-03   1.6050000e+03
  -7.3740841e-03   1.6200000e+03
  -7.9388600e-03   1.6350000e+03
  -8.5552791e-03   1.6500000e+03
  -9.2029646e-03   1.6650000e+03
  -9.8817255e-03   1.6800000e+03
