   2.2580061e-04   7.6500000e+02
   2.8477397e-04   7.8000000e+02
   2.4288101e-04   7.9500000e+02
   1.1354309e-04   8.1000000e+02
  -2.1456935e-05   8.2500000e+02
  -9.9705132e-05   8.4000000e+02
  -1.3640661e-04   8.5500000e+02
  -1.7037055e-04   8.7000000e+02
  -1.9557783e-04   8.8500000e+02
  -1.9688487e-04   9.0000000e+02
  -2.1952642e-04   9.1500000e+02
  -3.2842412e-04   9.3000000e+02
  -5.0530268e-04   9.4500000e+02
  -6.6001323e-04   9.6000000e+02
  -7.4982713e-04   9.7500000e+02
  -8.1790407e-04   9.9000000e+02
  -9.0679148e-04   1.0050000e+03
  -1.0056221e-03   1.0200000e+03
  -1.0923817e-03   1.0350000e+03
  -1.1598901e-03   1.0500000e+03
  -1.1943824e-03   1.0650000e+03
  -1.1943023e-03   1.0800000e+03
  -1.2109807e-03   1.0950000e+03
  -1.3095627e-03   1.1100000e+03
  -1.4935400e-03   1.1250000e+03
  -1.7201660e-03   1.1400000e+03
  -1.9784840e-03   1.1550000e+03
  -2.3004895e-03   1.1700000e+03
  -2.7002427e-03   1.1850000e+03
  -3.1455087e-03   1.2000000e+03
  -3.6003198e-03   1.2150000e+03
  -4.0752403e-03   1.2300000e+03
  -4.6226131e-03   1.2450000e+03
  -5.2873157e-03   1.2600000e+03
  -6.0673109e-03   1.2750000e+03
  -6.8880781e-03   1.2900000e+03
  -7.5078364e-03   1.3050000e+03
  -7.2543058e-03   1.3200000e+03
  -4.5301863e-03   1.3350000e+03
   3.9517460e-03   1.3500000e+03
   2.4102373e-02   1.3650000e+03
   6.4963810e-02   1.3800000e+03
   1.3739143e-01   1.3950000e+03
   2.4897832e-01   1.4100000e+03
   3.9415377e-01   1.4250000e+03
   5.4183912e-01   1.4400000e+03
   6.2886494e-01   1.4550000e+03
   5.7187468e-01   1.4700000e+03
   3.0645433e-01   1.4850000e+03
  -1.5576875e-01   1.5000000e+03
  -6.8727756e-01   1.5150000e+03
  -1.0686249e+00   1.5300000e+03
  -1.0938263e+00   1.5450000e+03
  -7.0843589e-01   1.5600000e+03
  -7.8372404e-02   1.5750000e+03
   4.8637661e-01   1.5900000e+03
   7.1860188e-01   1.6050000e+03
   5.5494332e-01   1.6200000e+03
   1.5274899e-01   1.6350000e+03
  -2.2787358e-01   1.6500000e+03
  -3.7185746e-01   1.6650000e+03
  -2.1357799e-01   1.6800000e+03
