  -1.1414409e-03   1.5000000e+03
  -1.1505706e-03   1.5150000e+03
  -1.1606838e-03   1.5300000e+03
  -1.1736786e-03   1.5450000e+03
  -1.1893798e-03   1.5600000e+03
  -1.2047295e-03   1.5750000e+03
  -1.2183673e-03   1.5900000e+03
  -1.2323329e-03   1.6050000e+03
  -1.2483073e-03   1.6200000e+03
  -1.2658173e-03   1.6350000e+03
  -1.2843702e-03   1.6500000e+03
  -1.3040572e-03   1.6650000e+03
  -1.3241164e-03   1.6800000e+03
  -1.3435445e-03   1.6950000e+03
  -1.3628702e-03   1.7100000e+03
  -1.3835594e-03   1.7250000e+03
  -1.4059044e-03   1.7400000e+03
  -1.4282938e-03   1.7550000e+03
  -1.4481737e-03   1.7700000e+03
  -1.4638419e-03   1.7850000e+03
  -1.4760916e-03   1.8000000e+03
  -1.4876320e-03   1.8150000e+03
  -1.5002147e-03   1.8300000e+03
  -1.5133501e-03   1.8450000e+03
  -1.5265716e-03   1.8600000e+03
  -1.5411582e-03   1.8750000e+03
  -1.5582580e-03   1.8900000e+03
  -1.5768372e-03   1.9050000e+03
  -1.5949002e-03   1.9200000e+03
  -1.6116622e-03   1.9350000e+03
  -1.6274453e-03   1.9500000e+03
  -1.6424870e-03   1.9650000e+03
  -1.6571542e-03   1.9800000e+03
  -1.6727288e-03   1.9950000e+03
  -1.6905519e-03   2.0100000e+03
  -1.7102597e-03   2.0250000e+03
  -1.7299078e-03   2.0400000e+03
  -1.7483002e-03   2.0550000e+03
  -1.7665192e-03   2.0700000e+03
  -1.7865538e-03   2.0850000e+03
  -1.8088426e-03   2.1000000e+03
  -1.8317639e-03   2.1150000e+03
  -1.8533977e-03   2.1300000e+03
  -1.8733088e-03   2.1450000e+03
  -1.8926697e-03   2.1600000e+03
  -1.9130266e-03   2.1750000e+03
  -1.9349533e-03   2.1900000e+03
