  -5.7591777e-04   7.6500000e+02
  -5.2828551e-04   7.8000000e+02
  -5.7027437e-04   7.9500000e+02
  -6.8124523e-04   8.1000000e+02
  -8.0188341e-04   8.2500000e+02
  -8.8438153e-04   8.4000000e+02
  -9.2462270e-04   8.5500000e+02
  -9.4046158e-04   8.7000000e+02
  -9.4128429e-04   8.8500000e+02
  -9.3921466e-04   9.0000000e+02
  -9.6874003e-04   9.1500000e+02
  -1.0567724e-03   9.3000000e+02
  -1.1765029e-03   9.4500000e+02
  -1.2671985e-03   9.6000000e+02
  -1.3043912e-03   9.7500000e+02
  -1.3205681e-03   9.9000000e+02
  -1.3557550e-03   1.0050000e+03
  -1.4198921e-03   1.0200000e+03
  -1.5028949e-03   1.0350000e+03
  -1.5866555e-03   1.0500000e+03
  -1.6477084e-03   1.0650000e+03
  -1.6812679e-03   1.0800000e+03
  -1.7190755e-03   1.0950000e+03
  -1.7929960e-03   1.1100000e+03
  -1.8893781e-03   1.1250000e+03
  -1.9688108e-03   1.1400000e+03
  -2.0207341e-03   1.1550000e+03
  -2.0696889e-03   1.1700000e+03
  -2.1337231e-03   1.1850000e+03
  -2.2023774e-03   1.2000000e+03
  -2.2599504e-03   1.2150000e+03
  -2.3157457e-03   1.2300000e+03
  -2.4000541e-03   1.2450000e+03
  -2.5313650e-03   1.2600000e+03
  -2.6966904e-03   1.2750000e+03
  -2.8656963e-03   1.2900000e+03
  -3.0115820e-03   1.3050000e+03
  -3.1148319e-03   1.3200000e+03
  -3.1675068e-03   1.3350000e+03
  -3.1897835e-03   1.3500000e+03
  -3.2266821e-03   1.3650000e+03
  -3.3045565e-03   1.3800000e+03
  -3.3917942e-03   1.3950000e+03
  -3.4204884e-03   1.4100000e+03
  -3.3533999e-03   1.4250000e+03
  -3.2195791e-03   1.4400000e+03
  -3.0749533e-03   1.4550000e+03
  -2.9301054e-03   1.4700000e+03
  -2.7230436e-03   1.4850000e+03
  -2.3622643e-03   1.5000000e+03
  -1.7890908e-03   1.5150000e+03
  -9.9155435e-04   1.5300000e+03
   4.3919274e-05   1.5450000e+03
   1.3934118e-03   1.5600000e+03
   3.2104577e-03   1.5750000e+03
   5.6915227e-03   1.5900000e+03
   9.0525337e-03   1.6050000e+03
   1.3572924e-02   1.6200000e+03
   1.9685755e-02   1.6350000e+03
   2.8041188e-02   1.6500000e+03
   3.9525118e-02   1.6650000e+03
   5.5298373e-02   1.6800000e+03
