  -5.5412490e-02   1.5000000e+03
   2.3918813e-02   1.5150000e+03
   1.0331005e-01   1.5300000e+03
   1.9289029e-01   1.5450000e+03
   1.9090311e-01   1.5600000e+03
   4.5647964e-02   1.5750000e+03
  -1.0190102e-01   1.5900000e+03
  -6.3250802e-02   1.6050000e+03
   1.4628454e-01   1.6200000e+03
   3.2117736e-01   1.6350000e+03
   3.1910118e-01   1.6500000e+03
   1.8323487e-01   1.6650000e+03
   1.4437245e-02   1.6800000e+03
  -1.3685033e-01   1.6950000e+03
  -2.1632357e-01   1.7100000e+03
  -1.5368320e-01   1.7250000e+03
   8.9298971e-03   1.7400000e+03
   9.7156607e-02   1.7550000e+03
   1.9194948e-02   1.7700000e+03
  -9.5130123e-02   1.7850000e+03
  -7.8687564e-02   1.8000000e+03
   3.8811021e-02   1.8150000e+03
   1.0395616e-01   1.8300000e+03
   7.0797622e-02   1.8450000e+03
   2.2040298e-02   1.8600000e+03
   1.2040841e-02   1.8750000e+03
   2.4978366e-02   1.8900000e+03
   5.6159720e-02   1.9050000e+03
   1.0787325e-01   1.9200000e+03
   1.2634026e-01   1.9350000e+03
   5.8272168e-02   1.9500000e+03
  -4.5800544e-02   1.9650000e+03
  -8.5894182e-02   1.9800000e+03
  -5.2115124e-02   1.9950000e+03
  -1.8490672e-02   2.0100000e+03
  -1.9882962e-02   2.0250000e+03
  -2.4744133e-02   2.0400000e+03
  -1.3907593e-02   2.0550000e+03
  -4.3967399e-03   2.0700000e+03
  -2.1889079e-03   2.0850000e+03
   4.5603933e-03   2.1000000e+03
   1.1922801e-02   2.1150000e+03
   6.4751036e-03   2.1300000e+03
  -6.7749815e-03   2.1450000e+03
  -1.6902532e-02   2.1600000e+03
  -2.9232269e-02   2.1750000e+03
  -4.7909699e-02   2.1900000e+03
