  -6.5987930e-03   1.5000000e+02
  -6.6230749e-03   1.6500000e+02
  -6.6525885e-03   1.8000000e+02
  -6.6873017e-03   1.9500000e+02
  -6.7272210e-03   2.1000000e+02
  -6.7724166e-03   2.2500000e+02
  -6.8231001e-03   2.4000000e+02
  -6.8787672e-03   2.5500000e+02
  -6.9377469e-03   2.7000000e+02
  -6.9984081e-03   2.8500000e+02
  -7.0606535e-03   3.0000000e+02
  -7.1256440e-03   3.1500000e+02
  -7.1942210e-03   3.3000000e+02
  -7.2660972e-03   3.4500000e+02
  -7.3395125e-03   3.6000000e+02
  -7.4108574e-03   3.7500000e+02
  -7.4771154e-03   3.9000000e+02
  -7.5400625e-03   4.0500000e+02
  -7.6040104e-03   4.2000000e+02
  -7.6670088e-03   4.3500000e+02
  -7.7196648e-03   4.5000000e+02
  -7.7560106e-03   4.6500000e+02
  -7.7800564e-03   4.8000000e+02
  -7.7992924e-03   4.9500000e+02
  -7.8176009e-03   5.1000000e+02
  -7.8361975e-03   5.2500000e+02
  -7.8558698e-03   5.4000000e+02
  -7.8753633e-03   5.5500000e+02
  -7.8910440e-03   5.7000000e+02
  -7.9015046e-03   5.8500000e+02
  -7.9088164e-03   6.0000000e+02
