  -1.5142879e-03   1.5000000e+03
  -1.5319190e-03   1.5150000e+03
  -1.5510103e-03   1.5300000e+03
  -1.5735030e-03   1.5450000e+03
  -1.5985310e-03   1.5600000e+03
  -1.6230420e-03   1.5750000e+03
  -1.6464619e-03   1.5900000e+03
  -1.6714196e-03   1.6050000e+03
  -1.6993835e-03   1.6200000e+03
  -1.7289906e-03   1.6350000e+03
  -1.7588919e-03   1.6500000e+03
  -1.7890463e-03   1.6650000e+03
  -1.8190111e-03   1.6800000e+03
  -1.8476561e-03   1.6950000e+03
  -1.8750882e-03   1.7100000e+03
  -1.9033027e-03   1.7250000e+03
  -1.9344374e-03   1.7400000e+03
  -1.9684755e-03   1.7550000e+03
  -2.0023759e-03   1.7700000e+03
  -2.0320851e-03   1.7850000e+03
  -2.0563204e-03   1.8000000e+03
  -2.0776300e-03   1.8150000e+03
  -2.0990157e-03   1.8300000e+03
  -2.1209274e-03   1.8450000e+03
  -2.1425786e-03   1.8600000e+03
  -2.1643888e-03   1.8750000e+03
  -2.1874048e-03   1.8900000e+03
  -2.2114646e-03   1.9050000e+03
  -2.2355125e-03   1.9200000e+03
  -2.2589643e-03   1.9350000e+03
  -2.2815478e-03   1.9500000e+03
  -2.3026788e-03   1.9650000e+03
  -2.3222906e-03   1.9800000e+03
  -2.3417138e-03   1.9950000e+03
  -2.3624580e-03   2.0100000e+03
  -2.3844391e-03   2.0250000e+03
  -2.4063489e-03   2.0400000e+03
  -2.4275116e-03   2.0550000e+03
  -2.4483297e-03   2.0700000e+03
  -2.4688554e-03   2.0850000e+03
  -2.4878182e-03   2.1000000e+03
  -2.5034263e-03   2.1150000e+03
  -2.5144804e-03   2.1300000e+03
  -2.5203391e-03   2.1450000e+03
  -2.5205624e-03   2.1600000e+03
  -2.5152224e-03   2.1750000e+03
  -2.5050119e-03   2.1900000e+03
