  -7.5049293e-03   1.5000000e+02
  -7.5263130e-03   1.6500000e+02
  -7.5507499e-03   1.8000000e+02
  -7.5775660e-03   1.9500000e+02
  -7.6050740e-03   2.1000000e+02
  -7.6317186e-03   2.2500000e+02
  -7.6581500e-03   2.4000000e+02
  -7.6870071e-03   2.5500000e+02
  -7.7200239e-03   2.7000000e+02
  -7.7555571e-03   2.8500000e+02
  -7.7897147e-03   3.0000000e+02
  -7.8201555e-03   3.1500000e+02
  -7.8490498e-03   3.3000000e+02
  -7.8827152e-03   3.4500000e+02
  -7.9270583e-03   3.6000000e+02
  -7.9822196e-03   3.7500000e+02
  -8.0437222e-03   3.9000000e+02
  -8.1098462e-03   4.0500000e+02
  -8.1832483e-03   4.2000000e+02
  -8.2628941e-03   4.3500000e+02
  -8.3416197e-03   4.5000000e+02
  -8.4163239e-03   4.6500000e+02
  -8.4929224e-03   4.8000000e+02
  -8.5771512e-03   4.9500000e+02
  -8.6688437e-03   5.1000000e+02
  -8.7690763e-03   5.2500000e+02
  -8.8850828e-03   5.4000000e+02
  -9.0238992e-03   5.5500000e+02
  -9.1868117e-03   5.7000000e+02
  -9.3730418e-03   5.8500000e+02
  -9.5820362e-03   6.0000000e+02
