  -9.3894085e-04   1.5000000e+03
  -9.4519526e-04   1.5150000e+03
  -9.5217727e-04   1.5300000e+03
  -9.6154463e-04   1.5450000e+03
  -9.7319309e-04   1.5600000e+03
  -9.8446931e-04   1.5750000e+03
  -9.9415123e-04   1.5900000e+03
  -1.0039909e-03   1.6050000e+03
  -1.0154642e-03   1.6200000e+03
  -1.0282095e-03   1.6350000e+03
  -1.0418517e-03   1.6500000e+03
  -1.0564801e-03   1.6650000e+03
  -1.0713941e-03   1.6800000e+03
  -1.0856708e-03   1.6950000e+03
  -1.0997574e-03   1.7100000e+03
  -1.1149314e-03   1.7250000e+03
  -1.1314024e-03   1.7400000e+03
  -1.1476761e-03   1.7550000e+03
  -1.1614863e-03   1.7700000e+03
  -1.1714239e-03   1.7850000e+03
  -1.1782983e-03   1.8000000e+03
  -1.1845302e-03   1.8150000e+03
  -1.1916019e-03   1.8300000e+03
  -1.1990377e-03   1.8450000e+03
  -1.2064688e-03   1.8600000e+03
  -1.2150988e-03   1.8750000e+03
  -1.2259639e-03   1.8900000e+03
  -1.2380710e-03   1.9050000e+03
  -1.2495428e-03   1.9200000e+03
  -1.2596153e-03   1.9350000e+03
  -1.2685613e-03   1.9500000e+03
  -1.2766132e-03   1.9650000e+03
  -1.2840994e-03   1.9800000e+03
  -1.2921277e-03   1.9950000e+03
  -1.3018560e-03   2.0100000e+03
  -1.3129256e-03   2.0250000e+03
  -1.3235576e-03   2.0400000e+03
  -1.3326417e-03   2.0550000e+03
  -1.3411538e-03   2.0700000e+03
  -1.3509510e-03   2.0850000e+03
  -1.3625189e-03   2.1000000e+03
  -1.3744807e-03   2.1150000e+03
  -1.3851912e-03   2.1300000e+03
  -1.3943221e-03   2.1450000e+03
  -1.4029263e-03   2.1600000e+03
  -1.4122672e-03   2.1750000e+03
  -1.4226418e-03   2.1900000e+03
