  -1.7774508e-03   7.6500000e+02
  -1.9376869e-03   7.8000000e+02
  -1.9310039e-03   7.9500000e+02
  -1.8848252e-03   8.1000000e+02
  -1.7862632e-03   8.2500000e+02
  -1.6138047e-03   8.4000000e+02
  -1.4752625e-03   8.5500000e+02
  -1.4721699e-03   8.7000000e+02
  -1.4978712e-03   8.8500000e+02
  -1.3338259e-03   9.0000000e+02
  -9.2729332e-04   9.1500000e+02
  -4.1202211e-04   9.3000000e+02
   1.5640080e-04   9.4500000e+02
   9.2691171e-04   9.6000000e+02
   2.0952208e-03   9.7500000e+02
   3.8016364e-03   9.9000000e+02
   6.2620146e-03   1.0050000e+03
   9.8714121e-03   1.0200000e+03
   1.5140848e-02   1.0350000e+03
   2.2710014e-02   1.0500000e+03
   3.3551876e-02   1.0650000e+03
   4.9130347e-02   1.0800000e+03
   7.1390010e-02   1.0950000e+03
   1.0276712e-01   1.1100000e+03
   1.4628936e-01   1.1250000e+03
   2.0553687e-01   1.1400000e+03
   2.8428739e-01   1.1550000e+03
   3.8583410e-01   1.1700000e+03
   5.1183021e-01   1.1850000e+03
   6.6032165e-01   1.2000000e+03
   8.2288170e-01   1.2150000e+03
   9.8151922e-01   1.2300000e+03
   1.1069690e+00   1.2450000e+03
   1.1606051e+00   1.2600000e+03
   1.1019728e+00   1.2750000e+03
   9.0222037e-01   1.2900000e+03
   5.6042612e-01   1.3050000e+03
   1.1607584e-01   1.3200000e+03
  -3.5085401e-01   1.3350000e+03
  -7.3806250e-01   1.3500000e+03
  -9.5527840e-01   1.3650000e+03
  -9.6222144e-01   1.3800000e+03
  -7.9056126e-01   1.3950000e+03
  -5.3365284e-01   1.4100000e+03
  -3.0386537e-01   1.4250000e+03
  -1.7859700e-01   1.4400000e+03
  -1.6739626e-01   1.4550000e+03
  -2.2180307e-01   1.4700000e+03
  -2.8008044e-01   1.4850000e+03
  -3.1214112e-01   1.5000000e+03
  -3.2962537e-01   1.5150000e+03
  -3.5627142e-01   1.5300000e+03
  -3.8983563e-01   1.5450000e+03
  -3.9476728e-01   1.5600000e+03
  -3.3454230e-01   1.5750000e+03
  -2.1200088e-01   1.5900000e+03
  -7.6205522e-02   1.6050000e+03
   1.3276952e-02   1.6200000e+03
   3.1663295e-02   1.6350000e+03
   2.4318884e-03   1.6500000e+03
  -2.9423114e-02   1.6650000e+03
  -3.4642879e-02   1.6800000e+03
