  -3.9910633e-04   7.6500000e+02
  -3.7470390e-04   7.8000000e+02
  -3.9819060e-04   7.9500000e+02
  -4.4437425e-04   8.1000000e+02
  -5.0541392e-04   8.2500000e+02
  -5.7167822e-04   8.4000000e+02
  -6.1390194e-04   8.5500000e+02
  -6.1196368e-04   8.7000000e+02
  -5.9017347e-04   8.8500000e+02
  -5.9477013e-04   9.0000000e+02
  -6.3793466e-04   9.1500000e+02
  -6.8972184e-04   9.3000000e+02
  -7.2414440e-04   9.4500000e+02
  -7.4381701e-04   9.6000000e+02
  -7.5616653e-04   9.7500000e+02
  -7.5824762e-04   9.9000000e+02
  -7.5580046e-04   1.0050000e+03
  -7.6758937e-04   1.0200000e+03
  -7.9667609e-04   1.0350000e+03
  -8.2171150e-04   1.0500000e+03
  -8.2885660e-04   1.0650000e+03
  -8.3080470e-04   1.0800000e+03
  -8.4395317e-04   1.0950000e+03
  -8.6596096e-04   1.1100000e+03
  -8.8519463e-04   1.1250000e+03
  -8.9725276e-04   1.1400000e+03
  -9.0412272e-04   1.1550000e+03
  -9.0717204e-04   1.1700000e+03
  -9.0720400e-04   1.1850000e+03
  -9.0634404e-04   1.2000000e+03
  -9.0692798e-04   1.2150000e+03
  -9.1149879e-04   1.2300000e+03
  -9.2493184e-04   1.2450000e+03
  -9.5288572e-04   1.2600000e+03
  -9.9504192e-04   1.2750000e+03
  -1.0412884e-03   1.2900000e+03
  -1.0773714e-03   1.3050000e+03
  -1.0942273e-03   1.3200000e+03
  -1.0925977e-03   1.3350000e+03
  -1.0834872e-03   1.3500000e+03
  -1.0848328e-03   1.3650000e+03
  -1.1089721e-03   1.3800000e+03
  -1.1478110e-03   1.3950000e+03
  -1.1773036e-03   1.4100000e+03
  -1.1832407e-03   1.4250000e+03
  -1.1777618e-03   1.4400000e+03
  -1.1849722e-03   1.4550000e+03
  -1.2143078e-03   1.4700000e+03
  -1.2526566e-03   1.4850000e+03
  -1.2799549e-03   1.5000000e+03
  -1.2891432e-03   1.5150000e+03
  -1.2916349e-03   1.5300000e+03
  -1.3041008e-03   1.5450000e+03
  -1.3300652e-03   1.5600000e+03
  -1.3570163e-03   1.5750000e+03
  -1.3730896e-03   1.5900000e+03
  -1.3821967e-03   1.6050000e+03
  -1.3974298e-03   1.6200000e+03
  -1.4222268e-03   1.6350000e+03
  -1.4461074e-03   1.6500000e+03
  -1.4604926e-03   1.6650000e+03
  -1.4706530e-03   1.6800000e+03
