  -7.9124124e-04   7.6500000e+02
  -7.4863335e-04   7.8000000e+02
  -7.9767097e-04   7.9500000e+02
  -9.0840529e-04   8.1000000e+02
  -1.0257934e-03   8.2500000e+02
  -1.1083728e-03   8.4000000e+02
  -1.1477335e-03   8.5500000e+02
  -1.1549218e-03   8.7000000e+02
  -1.1443443e-03   8.8500000e+02
  -1.1389351e-03   9.0000000e+02
  -1.1715323e-03   9.1500000e+02
  -1.2553181e-03   9.3000000e+02
  -1.3572071e-03   9.4500000e+02
  -1.4249342e-03   9.6000000e+02
  -1.4424623e-03   9.7500000e+02
  -1.4400352e-03   9.9000000e+02
  -1.4528339e-03   1.0050000e+03
  -1.4916677e-03   1.0200000e+03
  -1.5485947e-03   1.0350000e+03
  -1.6048006e-03   1.0500000e+03
  -1.6372883e-03   1.0650000e+03
  -1.6432949e-03   1.0800000e+03
  -1.6518638e-03   1.0950000e+03
  -1.6882807e-03   1.1100000e+03
  -1.7379114e-03   1.1250000e+03
  -1.7683528e-03   1.1400000e+03
  -1.7756188e-03   1.1550000e+03
  -1.7856103e-03   1.1700000e+03
  -1.8176566e-03   1.1850000e+03
  -1.8662770e-03   1.2000000e+03
  -1.9191250e-03   1.2150000e+03
  -1.9813669e-03   1.2300000e+03
  -2.0751813e-03   1.2450000e+03
  -2.2152998e-03   1.2600000e+03
  -2.3916052e-03   1.2750000e+03
  -2.5787037e-03   1.2900000e+03
  -2.7533560e-03   1.3050000e+03
  -2.8987024e-03   1.3200000e+03
  -3.0090853e-03   1.3350000e+03
  -3.1061915e-03   1.3500000e+03
  -3.2369511e-03   1.3650000e+03
  -3.4326073e-03   1.3800000e+03
  -3.6708361e-03   1.3950000e+03
  -3.8965207e-03   1.4100000e+03
  -4.0859301e-03   1.4250000e+03
  -4.2795432e-03   1.4400000e+03
  -4.5433054e-03   1.4550000e+03
  -4.9012909e-03   1.4700000e+03
  -5.3129192e-03   1.4850000e+03
  -5.7163131e-03   1.5000000e+03
  -6.0902284e-03   1.5150000e+03
  -6.4726318e-03   1.5300000e+03
  -6.9215875e-03   1.5450000e+03
  -7.4608000e-03   1.5600000e+03
  -8.0646705e-03   1.5750000e+03
  -8.6944085e-03   1.5900000e+03
  -9.3372557e-03   1.6050000e+03
  -9.9918516e-03   1.6200000e+03
  -1.0602458e-02   1.6350000e+03
  -1.0993193e-02   1.6500000e+03
  -1.0805015e-02   1.6650000e+03
  -9.3418974e-03   1.6800000e+03
