  -6.1807112e-04   7.6500000e+02
  -5.8765156e-04   7.8000000e+02
  -6.1997614e-04   7.9500000e+02
  -6.8700983e-04   8.1000000e+02
  -7.6821988e-04   8.2500000e+02
  -8.4475253e-04   8.4000000e+02
  -8.9013542e-04   8.5500000e+02
  -8.9069270e-04   8.7000000e+02
  -8.7020086e-04   8.8500000e+02
  -8.7242736e-04   9.0000000e+02
  -9.1563363e-04   9.1500000e+02
  -9.7870780e-04   9.3000000e+02
  -1.0321067e-03   9.4500000e+02
  -1.0645712e-03   9.6000000e+02
  -1.0777438e-03   9.7500000e+02
  -1.0768697e-03   9.9000000e+02
  -1.0762475e-03   1.0050000e+03
  -1.0948499e-03   1.0200000e+03
  -1.1335507e-03   1.0350000e+03
  -1.1698701e-03   1.0500000e+03
  -1.1862854e-03   1.0650000e+03
  -1.1924376e-03   1.0800000e+03
  -1.2093663e-03   1.0950000e+03
  -1.2416623e-03   1.1100000e+03
  -1.2755657e-03   1.1250000e+03
  -1.2981256e-03   1.1400000e+03
  -1.3087690e-03   1.1550000e+03
  -1.3144604e-03   1.1700000e+03
  -1.3205550e-03   1.1850000e+03
  -1.3275585e-03   1.2000000e+03
  -1.3347705e-03   1.2150000e+03
  -1.3464218e-03   1.2300000e+03
  -1.3728632e-03   1.2450000e+03
  -1.4226170e-03   1.2600000e+03
  -1.4924341e-03   1.2750000e+03
  -1.5670666e-03   1.2900000e+03
  -1.6286520e-03   1.3050000e+03
  -1.6652722e-03   1.3200000e+03
  -1.6755885e-03   1.3350000e+03
  -1.6733145e-03   1.3500000e+03
  -1.6845019e-03   1.3650000e+03
  -1.7274348e-03   1.3800000e+03
  -1.7906070e-03   1.3950000e+03
  -1.8405672e-03   1.4100000e+03
  -1.8583925e-03   1.4250000e+03
  -1.8618322e-03   1.4400000e+03
  -1.8851493e-03   1.4550000e+03
  -1.9416801e-03   1.4700000e+03
  -2.0118051e-03   1.4850000e+03
  -2.0653850e-03   1.5000000e+03
  -2.0919181e-03   1.5150000e+03
  -2.1087793e-03   1.5300000e+03
  -2.1411297e-03   1.5450000e+03
  -2.1948384e-03   1.5600000e+03
  -2.2521932e-03   1.5750000e+03
  -2.2955395e-03   1.5900000e+03
  -2.3293740e-03   1.6050000e+03
  -2.3720800e-03   1.6200000e+03
  -2.4292145e-03   1.6350000e+03
  -2.4864855e-03   1.6500000e+03
  -2.5319275e-03   1.6650000e+03
  -2.5733842e-03   1.6800000e+03
