  -1.3296224e-02   1.5000000e+02
  -1.3599189e-02   1.6500000e+02
  -1.3974647e-02   1.8000000e+02
  -1.4435403e-02   1.9500000e+02
  -1.4997601e-02   2.1000000e+02
  -1.5671797e-02   2.2500000e+02
  -1.6449573e-02   2.4000000e+02
  -1.7290574e-02   2.5500000e+02
  -1.8147172e-02   2.7000000e+02
  -1.9004304e-02   2.8500000e+02
  -1.9875355e-02   3.0000000e+02
  -2.0775862e-02   3.1500000e+02
  -2.1713717e-02   3.3000000e+02
  -2.2676051e-02   3.4500000e+02
  -2.3604607e-02   3.6000000e+02
  -2.4372462e-02   3.7500000e+02
  -2.4749534e-02   3.9000000e+02
  -2.4331335e-02   4.0500000e+02
  -2.2311810e-02   4.2000000e+02
  -1.6702285e-02   4.3500000e+02
  -2.1405302e-03   4.5000000e+02
   3.5314795e-02   4.6500000e+02
   1.2807213e-01   4.8000000e+02
   3.3760414e-01   4.9500000e+02
   7.4336010e-01   5.1000000e+02
   1.3669080e+00   5.2500000e+02
   2.0219343e+00   5.4000000e+02
   2.2284222e+00   5.5500000e+02
   1.4658667e+00   5.7000000e+02
  -2.1052012e-01   5.8500000e+02
  -1.8482301e+00   6.0000000e+02
