  -5.5343052e-04   7.6500000e+02
  -4.9796567e-04   7.8000000e+02
  -5.5882713e-04   7.9500000e+02
  -7.1608287e-04   8.1000000e+02
  -8.8333560e-04   8.2500000e+02
  -9.9236926e-04   8.4000000e+02
  -1.0497039e-03   8.5500000e+02
  -1.0907808e-03   8.7000000e+02
  -1.1185814e-03   8.8500000e+02
  -1.1312718e-03   9.0000000e+02
  -1.1767400e-03   9.1500000e+02
  -1.3100877e-03   9.3000000e+02
  -1.5027607e-03   9.4500000e+02
  -1.6617464e-03   9.6000000e+02
  -1.7465719e-03   9.7500000e+02
  -1.8070129e-03   9.9000000e+02
  -1.8996209e-03   1.0050000e+03
  -2.0293714e-03   1.0200000e+03
  -2.1784029e-03   1.0350000e+03
  -2.3285584e-03   1.0500000e+03
  -2.4515141e-03   1.0650000e+03
  -2.5366251e-03   1.0800000e+03
  -2.6274356e-03   1.0950000e+03
  -2.7758812e-03   1.1100000e+03
  -2.9688932e-03   1.1250000e+03
  -3.1513127e-03   1.1400000e+03
  -3.3088964e-03   1.1550000e+03
  -3.4799930e-03   1.1700000e+03
  -3.6915583e-03   1.1850000e+03
  -3.9250082e-03   1.2000000e+03
  -4.1532246e-03   1.2150000e+03
  -4.3879054e-03   1.2300000e+03
  -4.6732714e-03   1.2450000e+03
  -5.0368072e-03   1.2600000e+03
  -5.4617347e-03   1.2750000e+03
  -5.9092524e-03   1.2900000e+03
  -6.3469815e-03   1.3050000e+03
  -6.7501185e-03   1.3200000e+03
  -7.1045645e-03   1.3350000e+03
  -7.4284743e-03   1.3500000e+03
  -7.7645699e-03   1.3650000e+03
  -8.1170462e-03   1.3800000e+03
  -8.3980095e-03   1.3950000e+03
  -8.4571140e-03   1.4100000e+03
  -8.1635369e-03   1.4250000e+03
  -7.4294484e-03   1.4400000e+03
  -6.1108200e-03   1.4550000e+03
  -3.8353209e-03   1.4700000e+03
   1.4906209e-04   1.4850000e+03
   7.0923017e-03   1.5000000e+03
   1.8932128e-02   1.5150000e+03
   3.8673088e-02   1.5300000e+03
   7.0931092e-02   1.5450000e+03
   1.2238029e-01   1.5600000e+03
   2.0157900e-01   1.5750000e+03
   3.1743225e-01   1.5900000e+03
   4.7548431e-01   1.6050000e+03
   6.7160463e-01   1.6200000e+03
   8.8388669e-01   1.6350000e+03
   1.0659858e+00   1.6500000e+03
   1.1479139e+00   1.6650000e+03
   1.0511113e+00   1.6800000e+03
