  -4.0090116e-04   7.6500000e+02
  -3.8156367e-04   7.8000000e+02
  -4.0347199e-04   7.9500000e+02
  -4.4382591e-04   8.1000000e+02
  -4.9741450e-04   8.2500000e+02
  -5.5711227e-04   8.4000000e+02
  -5.9605669e-04   8.5500000e+02
  -5.9497514e-04   8.7000000e+02
  -5.7599053e-04   8.8500000e+02
  -5.8146776e-04   9.0000000e+02
  -6.2151201e-04   9.1500000e+02
  -6.6748855e-04   9.3000000e+02
  -6.9626613e-04   9.4500000e+02
  -7.1236270e-04   9.6000000e+02
  -7.2352757e-04   9.7500000e+02
  -7.2594255e-04   9.9000000e+02
  -7.2355242e-04   1.0050000e+03
  -7.3339959e-04   1.0200000e+03
  -7.5871666e-04   1.0350000e+03
  -7.8037218e-04   1.0500000e+03
  -7.8629685e-04   1.0650000e+03
  -7.8835041e-04   1.0800000e+03
  -8.0068316e-04   1.0950000e+03
  -8.2012056e-04   1.1100000e+03
  -8.3637686e-04   1.1250000e+03
  -8.4672344e-04   1.1400000e+03
  -8.5346011e-04   1.1550000e+03
  -8.5717981e-04   1.1700000e+03
  -8.5811462e-04   1.1850000e+03
  -8.5857889e-04   1.2000000e+03
  -8.6114416e-04   1.2150000e+03
  -8.6765114e-04   1.2300000e+03
  -8.8139629e-04   1.2450000e+03
  -9.0687140e-04   1.2600000e+03
  -9.4419572e-04   1.2750000e+03
  -9.8515593e-04   1.2900000e+03
  -1.0176963e-03   1.3050000e+03
  -1.0342736e-03   1.3200000e+03
  -1.0358094e-03   1.3350000e+03
  -1.0315349e-03   1.3500000e+03
  -1.0361385e-03   1.3650000e+03
  -1.0597992e-03   1.3800000e+03
  -1.0959244e-03   1.3950000e+03
  -1.1246009e-03   1.4100000e+03
  -1.1339996e-03   1.4250000e+03
  -1.1341342e-03   1.4400000e+03
  -1.1447605e-03   1.4550000e+03
  -1.1734287e-03   1.4700000e+03
  -1.2094080e-03   1.4850000e+03
  -1.2365603e-03   1.5000000e+03
  -1.2492773e-03   1.5150000e+03
  -1.2567723e-03   1.5300000e+03
  -1.2725176e-03   1.5450000e+03
  -1.2993939e-03   1.5600000e+03
  -1.3272498e-03   1.5750000e+03
  -1.3464236e-03   1.5900000e+03
  -1.3600966e-03   1.6050000e+03
  -1.3789422e-03   1.6200000e+03
  -1.4058090e-03   1.6350000e+03
  -1.4322205e-03   1.6500000e+03
  -1.4511765e-03   1.6650000e+03
  -1.4668597e-03   1.6800000e+03
