  -1.6492829e-02   1.5000000e+02
  -1.6619055e-02   1.6500000e+02
  -1.6770659e-02   1.8000000e+02
  -1.6944954e-02   1.9500000e+02
  -1.7139835e-02   2.1000000e+02
  -1.7354589e-02   2.2500000e+02
  -1.7590145e-02   2.4000000e+02
  -1.7844237e-02   2.5500000e+02
  -1.8106094e-02   2.7000000e+02
  -1.8363792e-02   2.8500000e+02
  -1.8621134e-02   3.0000000e+02
  -1.8899450e-02   3.1500000e+02
  -1.9223841e-02   3.3000000e+02
  -1.9618366e-02   3.4500000e+02
  -2.0100445e-02   3.6000000e+02
  -2.0662308e-02   3.7500000e+02
  -2.1285035e-02   3.9000000e+02
  -2.1995533e-02   4.0500000e+02
  -2.2869209e-02   4.2000000e+02
  -2.3941571e-02   4.3500000e+02
  -2.5170537e-02   4.5000000e+02
  -2.6528185e-02   4.6500000e+02
  -2.8048825e-02   4.8000000e+02
  -2.9675065e-02   4.9500000e+02
  -3.0930165e-02   5.1000000e+02
  -3.0285232e-02   5.2500000e+02
  -2.3764081e-02   5.4000000e+02
  -2.6365812e-03   5.5500000e+02
   4.8511606e-02   5.7000000e+02
   1.4974700e-01   5.8500000e+02
   3.1482080e-01   6.0000000e+02
