  -4.5885472e-03   1.5000000e+02
  -4.6033519e-03   1.6500000e+02
  -4.6219723e-03   1.8000000e+02
  -4.6444819e-03   1.9500000e+02
  -4.6714097e-03   2.1000000e+02
  -4.7033010e-03   2.2500000e+02
  -4.7400584e-03   2.4000000e+02
  -4.7801817e-03   2.5500000e+02
  -4.8213191e-03   2.7000000e+02
  -4.8622275e-03   2.8500000e+02
  -4.9036657e-03   3.0000000e+02
  -4.9469108e-03   3.1500000e+02
  -4.9916590e-03   3.3000000e+02
  -5.0355769e-03   3.4500000e+02
  -5.0751064e-03   3.6000000e+02
  -5.1064589e-03   3.7500000e+02
  -5.1275808e-03   3.9000000e+02
  -5.1399837e-03   4.0500000e+02
  -5.1464592e-03   4.2000000e+02
  -5.1457146e-03   4.3500000e+02
  -5.1317094e-03   4.5000000e+02
  -5.0996887e-03   4.6500000e+02
  -5.0505223e-03   4.8000000e+02
  -4.9883779e-03   4.9500000e+02
  -4.9166684e-03   5.1000000e+02
  -4.8364843e-03   5.2500000e+02
  -4.7466680e-03   5.4000000e+02
  -4.6442039e-03   5.5500000e+02
  -4.5250622e-03   5.7000000e+02
  -4.3862816e-03   5.8500000e+02
  -4.2273654e-03   6.0000000e+02
