  -3.4172898e-03   1.5000000e+02
  -3.4240393e-03   1.6500000e+02
  -3.4322185e-03   1.8000000e+02
  -3.4418465e-03   1.9500000e+02
  -3.4528042e-03   2.1000000e+02
  -3.4649242e-03   2.2500000e+02
  -3.4782335e-03   2.4000000e+02
  -3.4927945e-03   2.5500000e+02
  -3.5084668e-03   2.7000000e+02
  -3.5249570e-03   2.8500000e+02
  -3.5420002e-03   3.0000000e+02
  -3.5594841e-03   3.1500000e+02
  -3.5774063e-03   3.3000000e+02
  -3.5957224e-03   3.4500000e+02
  -3.6141123e-03   3.6000000e+02
  -3.6318533e-03   3.7500000e+02
  -3.6483486e-03   3.9000000e+02
  -3.6639539e-03   4.0500000e+02
  -3.6794376e-03   4.2000000e+02
  -3.6940563e-03   4.3500000e+02
  -3.7053558e-03   4.5000000e+02
  -3.7117491e-03   4.6500000e+02
  -3.7141324e-03   4.8000000e+02
  -3.7144292e-03   4.9500000e+02
  -3.7139647e-03   5.1000000e+02
  -3.7135826e-03   5.2500000e+02
  -3.7139859e-03   5.4000000e+02
  -3.7151310e-03   5.5500000e+02
  -3.7160043e-03   5.7000000e+02
  -3.7158658e-03   5.8500000e+02
  -3.7150148e-03   6.0000000e+02
