   2.6934087e-01   1.5000000e+03
   2.9103166e-01   1.5150000e+03
   3.1006283e-01   1.5300000e+03
   3.2510856e-01   1.5450000e+03
   3.3511263e-01   1.5600000e+03
   3.3954358e-01   1.5750000e+03
   3.3833009e-01   1.5900000e+03
   3.3155844e-01   1.6050000e+03
   3.1925589e-01   1.6200000e+03
   3.0149338e-01   1.6350000e+03
   2.7865767e-01   1.6500000e+03
   2.5151876e-01   1.6650000e+03
   2.2095092e-01   1.6800000e+03
   1.8758798e-01   1.6950000e+03
   1.5179731e-01   1.7100000e+03
   1.1401305e-01   1.7250000e+03
   7.5072870e-02   1.7400000e+03
   3.6200523e-02   1.7550000e+03
  -1.3367416e-03   1.7700000e+03
  -3.6536891e-02   1.7850000e+03
  -6.8658412e-02   1.8000000e+03
  -9.6979849e-02   1.8150000e+03
  -1.2062883e-01   1.8300000e+03
  -1.3869183e-01   1.8450000e+03
  -1.5055104e-01   1.8600000e+03
  -1.5619487e-01   1.8750000e+03
  -1.5624924e-01   1.8900000e+03
  -1.5168974e-01   1.9050000e+03
  -1.4346686e-01   1.9200000e+03
  -1.3233501e-01   1.9350000e+03
  -1.1893660e-01   1.9500000e+03
  -1.0392998e-01   1.9650000e+03
  -8.7974630e-02   1.9800000e+03
  -7.1629412e-02   1.9950000e+03
  -5.5335212e-02   2.0100000e+03
  -3.9504632e-02   2.0250000e+03
  -2.4571881e-02   2.0400000e+03
  -1.0912220e-02   2.0550000e+03
   1.2791998e-03   2.0700000e+03
   1.2012122e-02   2.0850000e+03
   2.1408195e-02   2.1000000e+03
   2.9565578e-02   2.1150000e+03
   3.6456242e-02   2.1300000e+03
   4.1908473e-02   2.1450000e+03
   4.5698442e-02   2.1600000e+03
   4.7690313e-02   2.1750000e+03
   4.7897004e-02   2.1900000e+03
