   1.0248463e+00   1.5000000e+03
   1.7247652e-01   1.5150000e+03
  -1.0320169e+00   1.5300000e+03
  -2.0779946e+00   1.5450000e+03
  -2.3328259e+00   1.5600000e+03
  -1.4969734e+00   1.5750000e+03
   2.4649901e-02   1.5900000e+03
   1.2661786e+00   1.6050000e+03
   1.4232936e+00   1.6200000e+03
   5.7261652e-01   1.6350000e+03
  -3.9507473e-01   1.6500000e+03
  -6.8010402e-01   1.6650000e+03
  -3.5086963e-01   1.6800000e+03
  -6.0127795e-02   1.6950000e+03
  -9.3638405e-02   1.7100000e+03
  -8.7752193e-02   1.7250000e+03
   2.0418017e-01   1.7400000e+03
   3.6741856e-01   1.7550000e+03
  -7.4925320e-03   1.7700000e+03
  -4.9856594e-01   1.7850000e+03
  -3.8620797e-01   1.8000000e+03
   1.7293896e-01   1.8150000e+03
   3.4640771e-01   1.8300000e+03
  -8.7473448e-03   1.8450000e+03
  -1.5798235e-01   1.8600000e+03
   1.4998499e-01   1.8750000e+03
   2.3751275e-01   1.8900000e+03
  -1.6993093e-01   1.9050000e+03
  -3.3130023e-01   1.9200000e+03
   1.4684045e-01   1.9350000e+03
   4.9138945e-01   1.9500000e+03
   1.1619825e-01   1.9650000e+03
  -3.2376605e-01   1.9800000e+03
  -1.4173101e-01   1.9950000e+03
   1.9480130e-01   2.0100000e+03
   5.6919128e-02   2.0250000e+03
  -1.9139755e-01   2.0400000e+03
  -2.7402196e-02   2.0550000e+03
   1.8803144e-01   2.0700000e+03
  -2.3728184e-02   2.0850000e+03
  -3.0451581e-01   2.1000000e+03
  -1.7529529e-01   2.1150000e+03
   6.7917719e-02   2.1300000e+03
  -9.2619983e-03   2.1450000e+03
  -1.5690969e-01   2.1600000e+03
   6.7871897e-03   2.1750000e+03
   2.5403696e-01   2.1900000e+03
