   2.3517631e-02   1.5000000e+03
   2.8199498e-02   1.5150000e+03
   3.3706214e-02   1.5300000e+03
   4.0143602e-02   1.5450000e+03
   4.7635738e-02   1.5600000e+03
   5.6343421e-02   1.5750000e+03
   6.6475213e-02   1.5900000e+03
   7.8261569e-02   1.6050000e+03
   9.1884501e-02   1.6200000e+03
   1.0739432e-01   1.6350000e+03
   1.2465750e-01   1.6500000e+03
   1.4336877e-01   1.6650000e+03
   1.6312894e-01   1.6800000e+03
   1.8353464e-01   1.6950000e+03
   2.0419537e-01   1.7100000e+03
   2.2464405e-01   1.7250000e+03
   2.4419935e-01   1.7400000e+03
   2.6187989e-01   1.7550000e+03
   2.7644408e-01   1.7700000e+03
   2.8657883e-01   1.7850000e+03
   2.9120481e-01   1.8000000e+03
   2.8979263e-01   1.8150000e+03
   2.8253260e-01   1.8300000e+03
   2.7024621e-01   1.8450000e+03
   2.5406957e-01   1.8600000e+03
   2.3508942e-01   1.8750000e+03
   2.1414492e-01   1.8900000e+03
   1.9187035e-01   1.9050000e+03
   1.6884336e-01   1.9200000e+03
   1.4563861e-01   1.9350000e+03
   1.2275407e-01   1.9500000e+03
   1.0056761e-01   1.9650000e+03
   7.9434454e-02   1.9800000e+03
   5.9818517e-02   1.9950000e+03
   4.2279486e-02   2.0100000e+03
   2.7309015e-02   2.0250000e+03
   1.5165581e-02   2.0400000e+03
   5.7996074e-03   2.0550000e+03
  -1.1545414e-03   2.0700000e+03
  -6.3157310e-03   2.0850000e+03
  -1.0371842e-02   2.1000000e+03
  -1.3847617e-02   2.1150000e+03
  -1.7022491e-02   2.1300000e+03
  -2.0042023e-02   2.1450000e+03
  -2.3019282e-02   2.1600000e+03
  -2.6002198e-02   2.1750000e+03
  -2.8958933e-02   2.1900000e+03
