  -7.5551406e-03   1.5000000e+02
  -7.5983563e-03   1.6500000e+02
  -7.6518552e-03   1.8000000e+02
  -7.7159279e-03   1.9500000e+02
  -7.7919727e-03   2.1000000e+02
  -7.8815119e-03   2.2500000e+02
  -7.9844659e-03   2.4000000e+02
  -8.0970600e-03   2.5500000e+02
  -8.2130544e-03   2.7000000e+02
  -8.3291261e-03   2.8500000e+02
  -8.4481798e-03   3.0000000e+02
  -8.5753482e-03   3.1500000e+02
  -8.7109599e-03   3.3000000e+02
  -8.8487742e-03   3.4500000e+02
  -8.9791315e-03   3.6000000e+02
  -9.0921298e-03   3.7500000e+02
  -9.1826199e-03   3.9000000e+02
  -9.2549818e-03   4.0500000e+02
  -9.3161203e-03   4.2000000e+02
  -9.3597453e-03   4.3500000e+02
  -9.3656769e-03   4.5000000e+02
  -9.3189897e-03   4.6500000e+02
  -9.2213489e-03   4.8000000e+02
  -9.0809241e-03   4.9500000e+02
  -8.8991951e-03   5.1000000e+02
  -8.6677307e-03   5.2500000e+02
  -8.3691999e-03   5.4000000e+02
  -7.9778573e-03   5.5500000e+02
  -7.4629439e-03   5.7000000e+02
  -6.7959656e-03   5.8500000e+02
  -5.9496299e-03   6.0000000e+02
