  -1.1466172e-03   1.5000000e+03
  -1.1570477e-03   1.5150000e+03
  -1.1685644e-03   1.5300000e+03
  -1.1829854e-03   1.5450000e+03
  -1.2000691e-03   1.5600000e+03
  -1.2168891e-03   1.5750000e+03
  -1.2322087e-03   1.5900000e+03
  -1.2480054e-03   1.6050000e+03
  -1.2658524e-03   1.6200000e+03
  -1.2852137e-03   1.6350000e+03
  -1.3055394e-03   1.6500000e+03
  -1.3269149e-03   1.6650000e+03
  -1.3486887e-03   1.6800000e+03
  -1.3699484e-03   1.6950000e+03
  -1.3911721e-03   1.7100000e+03
  -1.4137680e-03   1.7250000e+03
  -1.4381465e-03   1.7400000e+03
  -1.4629530e-03   1.7550000e+03
  -1.4857994e-03   1.7700000e+03
  -1.5048911e-03   1.7850000e+03
  -1.5207563e-03   1.8000000e+03
  -1.5358882e-03   1.8150000e+03
  -1.5520329e-03   1.8300000e+03
  -1.5688097e-03   1.8450000e+03
  -1.5857150e-03   1.8600000e+03
  -1.6038138e-03   1.8750000e+03
  -1.6241611e-03   1.8900000e+03
  -1.6459369e-03   1.9050000e+03
  -1.6674547e-03   1.9200000e+03
  -1.6880832e-03   1.9350000e+03
  -1.7081195e-03   1.9500000e+03
  -1.7277380e-03   1.9650000e+03
  -1.7472741e-03   1.9800000e+03
  -1.7679558e-03   1.9950000e+03
  -1.7910847e-03   2.0100000e+03
  -1.8164010e-03   2.0250000e+03
  -1.8421988e-03   2.0400000e+03
  -1.8674451e-03   2.0550000e+03
  -1.8930825e-03   2.0700000e+03
  -1.9207789e-03   2.0850000e+03
  -1.9507661e-03   2.1000000e+03
  -1.9814633e-03   2.1150000e+03
  -2.0110419e-03   2.1300000e+03
  -2.0389846e-03   2.1450000e+03
  -2.0662826e-03   2.1600000e+03
  -2.0944907e-03   2.1750000e+03
  -2.1245126e-03   2.1900000e+03
