   1.0865622e-01   1.5000000e+03
  -1.2368402e-01   1.5150000e+03
  -2.4115260e-01   1.5300000e+03
  -1.4274026e-01   1.5450000e+03
   3.0284038e-02   1.5600000e+03
   1.0707571e-01   1.5750000e+03
   7.7433020e-02   1.5900000e+03
   2.8766330e-02   1.6050000e+03
  -1.0623511e-02   1.6200000e+03
  -6.8847001e-02   1.6350000e+03
  -1.1462352e-01   1.6500000e+03
  -6.4958647e-02   1.6650000e+03
   6.8398252e-02   1.6800000e+03
   1.4227858e-01   1.6950000e+03
   5.9469998e-02   1.7100000e+03
  -8.3893441e-02   1.7250000e+03
  -1.1576962e-01   1.7400000e+03
  -1.7764827e-02   1.7550000e+03
   6.3143104e-02   1.7700000e+03
   3.1331804e-02   1.7850000e+03
  -3.6799841e-02   1.8000000e+03
  -3.3192184e-02   1.8150000e+03
   1.5612208e-02   1.8300000e+03
   1.1509376e-02   1.8450000e+03
  -4.3607708e-02   1.8600000e+03
  -5.3531922e-02   1.8750000e+03
   7.7243447e-03   1.8900000e+03
   5.4445297e-02   1.9050000e+03
   3.5594724e-02   1.9200000e+03
   1.0944173e-02   1.9350000e+03
   3.0409085e-02   1.9500000e+03
   4.1950997e-02   1.9650000e+03
  -4.4322372e-03   1.9800000e+03
  -5.1092654e-02   1.9950000e+03
  -2.4147009e-02   2.0100000e+03
   4.0129155e-02   2.0250000e+03
   5.8080982e-02   2.0400000e+03
   3.2078296e-02   2.0550000e+03
   2.2139095e-02   2.0700000e+03
   2.7679104e-02   2.0850000e+03
  -2.6930957e-05   2.1000000e+03
  -5.1158700e-02   2.1150000e+03
  -6.0532987e-02   2.1300000e+03
  -1.3964988e-02   2.1450000e+03
   2.9227605e-02   2.1600000e+03
   2.5571421e-02   2.1750000e+03
  -4.6093310e-03   2.1900000e+03
