  -7.8749080e-04   1.5000000e+03
  -7.9455524e-04   1.5150000e+03
  -8.0242491e-04   1.5300000e+03
  -8.1241468e-04   1.5450000e+03
  -8.2454563e-04   1.5600000e+03
  -8.3665043e-04   1.5750000e+03
  -8.4755936e-04   1.5900000e+03
  -8.5852714e-04   1.6050000e+03
  -8.7077275e-04   1.6200000e+03
  -8.8418112e-04   1.6350000e+03
  -8.9860358e-04   1.6500000e+03
  -9.1411400e-04   1.6650000e+03
  -9.3017379e-04   1.6800000e+03
  -9.4624155e-04   1.6950000e+03
  -9.6285838e-04   1.7100000e+03
  -9.8085392e-04   1.7250000e+03
  -9.9985022e-04   1.7400000e+03
  -1.0183301e-03   1.7550000e+03
  -1.0347816e-03   1.7700000e+03
  -1.0487237e-03   1.7850000e+03
  -1.0611879e-03   1.8000000e+03
  -1.0739758e-03   1.8150000e+03
  -1.0878993e-03   1.8300000e+03
  -1.1023635e-03   1.8450000e+03
  -1.1170667e-03   1.8600000e+03
  -1.1329788e-03   1.8750000e+03
  -1.1508538e-03   1.8900000e+03
  -1.1698349e-03   1.9050000e+03
  -1.1884724e-03   1.9200000e+03
  -1.2063154e-03   1.9350000e+03
  -1.2238129e-03   1.9500000e+03
  -1.2413857e-03   1.9650000e+03
  -1.2594307e-03   1.9800000e+03
  -1.2788143e-03   1.9950000e+03
  -1.3003842e-03   2.0100000e+03
  -1.3238104e-03   2.0250000e+03
  -1.3476190e-03   2.0400000e+03
  -1.3708668e-03   2.0550000e+03
  -1.3944255e-03   2.0700000e+03
  -1.4200680e-03   2.0850000e+03
  -1.4484010e-03   2.1000000e+03
  -1.4781193e-03   2.1150000e+03
  -1.5073480e-03   2.1300000e+03
  -1.5354576e-03   2.1450000e+03
  -1.5634875e-03   2.1600000e+03
  -1.5930090e-03   2.1750000e+03
  -1.6246841e-03   2.1900000e+03
