  -3.9747814e-03   1.5000000e+02
  -3.9845603e-03   1.6500000e+02
  -3.9965399e-03   1.8000000e+02
  -4.0107467e-03   1.9500000e+02
  -4.0271929e-03   2.1000000e+02
  -4.0458534e-03   2.2500000e+02
  -4.0667602e-03   2.4000000e+02
  -4.0896730e-03   2.5500000e+02
  -4.1139587e-03   2.7000000e+02
  -4.1390560e-03   2.8500000e+02
  -4.1648755e-03   3.0000000e+02
  -4.1916245e-03   3.1500000e+02
  -4.2193476e-03   3.3000000e+02
  -4.2476417e-03   3.4500000e+02
  -4.2755473e-03   3.6000000e+02
  -4.3015820e-03   3.7500000e+02
  -4.3246723e-03   3.9000000e+02
  -4.3455036e-03   4.0500000e+02
  -4.3655564e-03   4.2000000e+02
  -4.3839719e-03   4.3500000e+02
  -4.3971329e-03   4.5000000e+02
  -4.4025346e-03   4.6500000e+02
  -4.4013667e-03   4.8000000e+02
  -4.3965182e-03   4.9500000e+02
  -4.3900521e-03   5.1000000e+02
  -4.3830755e-03   5.2500000e+02
  -4.3761949e-03   5.4000000e+02
  -4.3690060e-03   5.5500000e+02
  -4.3599680e-03   5.7000000e+02
  -4.3480680e-03   5.8500000e+02
  -4.3338016e-03   6.0000000e+02
