   1.3998552e-03   7.6500000e+02
   1.4574768e-03   7.8000000e+02
   1.3963355e-03   7.9500000e+02
   1.1890099e-03   8.1000000e+02
   9.4998674e-04   8.2500000e+02
   7.7928259e-04   8.4000000e+02
   6.3701998e-04   8.5500000e+02
   4.4517982e-04   8.7000000e+02
   2.3397588e-04   8.8500000e+02
   7.1943759e-05   9.0000000e+02
  -9.9664161e-05   9.1500000e+02
  -4.1808063e-04   9.3000000e+02
  -8.9031953e-04   9.4500000e+02
  -1.3757851e-03   9.6000000e+02
  -1.7969162e-03   9.7500000e+02
  -2.2337881e-03   9.9000000e+02
  -2.7816694e-03   1.0050000e+03
  -3.4428446e-03   1.0200000e+03
  -4.1884328e-03   1.0350000e+03
  -5.0048023e-03   1.0500000e+03
  -5.8529344e-03   1.0650000e+03
  -6.6916263e-03   1.0800000e+03
  -7.5491145e-03   1.0950000e+03
  -8.4579764e-03   1.1100000e+03
  -9.2945592e-03   1.1250000e+03
  -9.7247297e-03   1.1400000e+03
  -9.1889920e-03   1.1550000e+03
  -6.6244137e-03   1.1700000e+03
   2.2376981e-04   1.1850000e+03
   1.5832113e-02   1.2000000e+03
   4.8159212e-02   1.2150000e+03
   1.0980155e-01   1.2300000e+03
   2.1791363e-01   1.2450000e+03
   3.9059800e-01   1.2600000e+03
   6.3697207e-01   1.2750000e+03
   9.3994963e-01   1.2900000e+03
   1.2362908e+00   1.3050000e+03
   1.4068880e+00   1.3200000e+03
   1.2964849e+00   1.3350000e+03
   7.7671158e-01   1.3500000e+03
  -1.5826471e-01   1.3650000e+03
  -1.3121938e+00   1.3800000e+03
  -2.2963850e+00   1.3950000e+03
  -2.6756768e+00   1.4100000e+03
  -2.2102232e+00   1.4250000e+03
  -1.0503784e+00   1.4400000e+03
   2.8135210e-01   1.4550000e+03
   1.1682791e+00   1.4700000e+03
   1.2784657e+00   1.4850000e+03
   7.6447487e-01   1.5000000e+03
   1.1264228e-01   1.5150000e+03
  -2.4386224e-01   1.5300000e+03
  -2.2382620e-01   1.5450000e+03
  -6.6965774e-02   1.5600000e+03
  -4.2238910e-02   1.5750000e+03
  -1.9462855e-01   1.5900000e+03
  -3.5111752e-01   1.6050000e+03
  -3.2683390e-01   1.6200000e+03
  -1.0018414e-01   1.6350000e+03
   1.8926391e-01   1.6500000e+03
   3.7221506e-01   1.6650000e+03
   3.7459007e-01   1.6800000e+03
