  -6.0712630e-03   1.5000000e+02
  -6.1113085e-03   1.6500000e+02
  -6.1605675e-03   1.8000000e+02
  -6.2199822e-03   1.9500000e+02
  -6.2912153e-03   2.1000000e+02
  -6.3751983e-03   2.2500000e+02
  -6.4707561e-03   2.4000000e+02
  -6.5735108e-03   2.5500000e+02
  -6.6785761e-03   2.7000000e+02
  -6.7846659e-03   2.8500000e+02
  -6.8930546e-03   3.0000000e+02
  -7.0041181e-03   3.1500000e+02
  -7.1162330e-03   3.3000000e+02
  -7.2254986e-03   3.4500000e+02
  -7.3260451e-03   3.6000000e+02
  -7.4124988e-03   3.7500000e+02
  -7.4826684e-03   3.9000000e+02
  -7.5385170e-03   4.0500000e+02
  -7.5846165e-03   4.2000000e+02
  -7.6223509e-03   4.3500000e+02
  -7.6438622e-03   4.5000000e+02
  -7.6354211e-03   4.6500000e+02
  -7.5887404e-03   4.8000000e+02
  -7.5054504e-03   4.9500000e+02
  -7.3886099e-03   5.1000000e+02
  -7.2339908e-03   5.2500000e+02
  -7.0340172e-03   5.4000000e+02
  -6.7862021e-03   5.5500000e+02
  -6.4894068e-03   5.7000000e+02
  -6.1334288e-03   5.8500000e+02
  -5.7006944e-03   6.0000000e+02
