  -7.7267238e-03   1.5000000e+02
  -7.7503221e-03   1.6500000e+02
  -7.7783763e-03   1.8000000e+02
  -7.8106811e-03   1.9500000e+02
  -7.8465352e-03   2.1000000e+02
  -7.8852344e-03   2.2500000e+02
  -7.9271197e-03   2.4000000e+02
  -7.9730572e-03   2.5500000e+02
  -8.0229547e-03   2.7000000e+02
  -8.0753956e-03   2.8500000e+02
  -8.1288302e-03   3.0000000e+02
  -8.1829382e-03   3.1500000e+02
  -8.2389070e-03   3.3000000e+02
  -8.2987910e-03   3.4500000e+02
  -8.3636697e-03   3.6000000e+02
  -8.4316637e-03   3.7500000e+02
  -8.4997127e-03   3.9000000e+02
  -8.5684191e-03   4.0500000e+02
  -8.6410949e-03   4.2000000e+02
  -8.7157320e-03   4.3500000e+02
  -8.7837363e-03   4.5000000e+02
  -8.8403784e-03   4.6500000e+02
  -8.8905115e-03   4.8000000e+02
  -8.9411326e-03   4.9500000e+02
  -8.9949425e-03   5.1000000e+02
  -9.0534240e-03   5.2500000e+02
  -9.1198683e-03   5.4000000e+02
  -9.1960113e-03   5.5500000e+02
  -9.2799850e-03   5.7000000e+02
  -9.3709687e-03   5.8500000e+02
  -9.4708661e-03   6.0000000e+02
