   4.6497475e-02   1.5000000e+02
   4.2439479e-02   1.6500000e+02
   3.9787643e-02   1.8000000e+02
   5.4597415e-02   1.9500000e+02
   1.5312016e-01   2.1000000e+02
   4.9649203e-01   2.2500000e+02
   1.2742062e+00   2.4000000e+02
   2.3929818e+00   2.5500000e+02
   3.1335809e+00   2.7000000e+02
   2.3954399e+00   2.8500000e+02
  -1.8442529e-01   3.0000000e+02
  -3.2232571e+00   3.1500000e+02
  -4.4990826e+00   3.3000000e+02
  -3.3443227e+00   3.4500000e+02
  -1.0662801e+00   3.6000000e+02
   9.2342794e-01   3.7500000e+02
   1.6919580e+00   3.9000000e+02
   7.7795833e-01   4.0500000e+02
  -7.2119212e-01   4.2000000e+02
  -9.6370721e-01   4.3500000e+02
   2.2609274e-01   4.5000000e+02
   1.0246887e+00   4.6500000e+02
   1.2401331e-01   4.8000000e+02
  -8.1151503e-01   4.9500000e+02
  -3.0910065e-02   5.1000000e+02
   6.7957163e-01   5.2500000e+02
  -2.0243166e-02   5.4000000e+02
  -4.0255532e-01   5.5500000e+02
   9.4853982e-02   5.7000000e+02
   2.0648892e-01   5.8500000e+02
  -2.2199230e-01   6.0000000e+02
