   2.0504485e-04   7.6500000e+02
   2.4238507e-04   7.8000000e+02
   1.5871006e-04   7.9500000e+02
  -6.3379914e-05   8.1000000e+02
  -3.0900765e-04   8.2500000e+02
  -4.7930153e-04   8.4000000e+02
  -6.0834235e-04   8.5500000e+02
  -7.6898100e-04   8.7000000e+02
  -9.3760248e-04   8.8500000e+02
  -1.0575424e-03   9.0000000e+02
  -1.1878794e-03   9.1500000e+02
  -1.4530815e-03   9.3000000e+02
  -1.8495767e-03   9.4500000e+02
  -2.2359542e-03   9.6000000e+02
  -2.5346149e-03   9.7500000e+02
  -2.8195032e-03   9.9000000e+02
  -3.1796605e-03   1.0050000e+03
  -3.6165074e-03   1.0200000e+03
  -4.1017239e-03   1.0350000e+03
  -4.6210415e-03   1.0500000e+03
  -5.1385355e-03   1.0650000e+03
  -5.6236265e-03   1.0800000e+03
  -6.1237635e-03   1.0950000e+03
  -6.7112930e-03   1.1100000e+03
  -7.3570036e-03   1.1250000e+03
  -7.9430910e-03   1.1400000e+03
  -8.3896285e-03   1.1550000e+03
  -8.6783143e-03   1.1700000e+03
  -8.7405313e-03   1.1850000e+03
  -8.3747376e-03   1.2000000e+03
  -7.2620194e-03   1.2150000e+03
  -4.9579609e-03   1.2300000e+03
  -7.2052010e-04   1.2450000e+03
   6.8366472e-03   1.2600000e+03
   2.0194447e-02   1.2750000e+03
   4.3472212e-02   1.2900000e+03
   8.3087578e-02   1.3050000e+03
   1.4832334e-01   1.3200000e+03
   2.5114396e-01   1.3350000e+03
   4.0418836e-01   1.3500000e+03
   6.1568612e-01   1.3650000e+03
   8.8047606e-01   1.3800000e+03
   1.1681001e+00   1.3950000e+03
   1.4125626e+00   1.4100000e+03
   1.5126594e+00   1.4250000e+03
   1.3533882e+00   1.4400000e+03
   8.5318589e-01   1.4550000e+03
   2.6203694e-02   1.4700000e+03
  -9.7157258e-01   1.4850000e+03
  -1.8543731e+00   1.5000000e+03
  -2.3024483e+00   1.5150000e+03
  -2.1184227e+00   1.5300000e+03
  -1.3627650e+00   1.5450000e+03
  -3.6669818e-01   1.5600000e+03
   4.2272815e-01   1.5750000e+03
   6.9360191e-01   1.5900000e+03
   4.5020884e-01   1.6050000e+03
  -1.7204966e-02   1.6200000e+03
  -3.6087498e-01   1.6350000e+03
  -4.2148674e-01   1.6500000e+03
  -2.9049280e-01   1.6650000e+03
  -1.5528287e-01   1.6800000e+03
