   7.0775729e-03   1.5000000e+02
   7.5112977e-03   1.6500000e+02
   8.0683129e-03   1.8000000e+02
   8.7885205e-03   1.9500000e+02
   9.7221583e-03   2.1000000e+02
   1.0933934e-02   2.2500000e+02
   1.2504871e-02   2.4000000e+02
   1.4530567e-02   2.5500000e+02
   1.7131560e-02   2.7000000e+02
   2.0480486e-02   2.8500000e+02
   2.4820739e-02   3.0000000e+02
   3.0438049e-02   3.1500000e+02
   3.7576836e-02   3.3000000e+02
   4.6363037e-02   3.4500000e+02
   5.6822661e-02   3.6000000e+02
   6.9011234e-02   3.7500000e+02
   8.3163828e-02   3.9000000e+02
   9.9731214e-02   4.0500000e+02
   1.1922129e-01   4.2000000e+02
   1.4192660e-01   4.3500000e+02
   1.6776179e-01   4.5000000e+02
   1.9637565e-01   4.6500000e+02
   2.2749211e-01   4.8000000e+02
   2.6123661e-01   4.9500000e+02
   2.9814053e-01   5.1000000e+02
   3.3870390e-01   5.2500000e+02
   3.8270113e-01   5.4000000e+02
   4.2859656e-01   5.5500000e+02
   4.7352722e-01   5.7000000e+02
   5.1409841e-01   5.8500000e+02
   5.4751009e-01   6.0000000e+02
