  -6.3796430e-03   1.5000000e+02
  -6.4048860e-03   1.6500000e+02
  -6.4363866e-03   1.8000000e+02
  -6.4745769e-03   1.9500000e+02
  -6.5210932e-03   2.1000000e+02
  -6.5770783e-03   2.2500000e+02
  -6.6415146e-03   2.4000000e+02
  -6.7105549e-03   2.5500000e+02
  -6.7800889e-03   2.7000000e+02
  -6.8489681e-03   2.8500000e+02
  -6.9179768e-03   3.0000000e+02
  -6.9875475e-03   3.1500000e+02
  -7.0579047e-03   3.3000000e+02
  -7.1291341e-03   3.4500000e+02
  -7.2004371e-03   3.6000000e+02
  -7.2707226e-03   3.7500000e+02
  -7.3396866e-03   3.9000000e+02
  -7.4081579e-03   4.0500000e+02
  -7.4782525e-03   4.2000000e+02
  -7.5515565e-03   4.3500000e+02
  -7.6252092e-03   4.5000000e+02
  -7.6923058e-03   4.6500000e+02
  -7.7487007e-03   4.8000000e+02
  -7.7971942e-03   4.9500000e+02
  -7.8425072e-03   5.1000000e+02
  -7.8840433e-03   5.2500000e+02
  -7.9178112e-03   5.4000000e+02
  -7.9449238e-03   5.5500000e+02
  -7.9713250e-03   5.7000000e+02
  -7.9973517e-03   5.8500000e+02
  -8.0157854e-03   6.0000000e+02
