  -1.1129564e-03   1.5000000e+03
  -1.1272180e-03   1.5150000e+03
  -1.1429500e-03   1.5300000e+03
  -1.1617194e-03   1.5450000e+03
  -1.1831011e-03   1.5600000e+03
  -1.2046335e-03   1.5750000e+03
  -1.2254164e-03   1.5900000e+03
  -1.2471037e-03   1.6050000e+03
  -1.2708665e-03   1.6200000e+03
  -1.2960630e-03   1.6350000e+03
  -1.3220878e-03   1.6500000e+03
  -1.3491280e-03   1.6650000e+03
  -1.3769967e-03   1.6800000e+03
  -1.4051032e-03   1.6950000e+03
  -1.4336605e-03   1.7100000e+03
  -1.4637029e-03   1.7250000e+03
  -1.4959415e-03   1.7400000e+03
  -1.5299093e-03   1.7550000e+03
  -1.5638997e-03   1.7700000e+03
  -1.5960037e-03   1.7850000e+03
  -1.6259527e-03   1.8000000e+03
  -1.6555066e-03   1.8150000e+03
  -1.6863634e-03   1.8300000e+03
  -1.7184712e-03   1.8450000e+03
  -1.7511225e-03   1.8600000e+03
  -1.7845921e-03   1.8750000e+03
  -1.8196662e-03   1.8900000e+03
  -1.8564339e-03   1.9050000e+03
  -1.8945698e-03   1.9200000e+03
  -1.9341735e-03   1.9350000e+03
  -1.9755180e-03   1.9500000e+03
  -2.0185101e-03   1.9650000e+03
  -2.0632127e-03   1.9800000e+03
  -2.1105488e-03   1.9950000e+03
  -2.1617089e-03   2.0100000e+03
  -2.2169950e-03   2.0250000e+03
  -2.2758339e-03   2.0400000e+03
  -2.3378672e-03   2.0550000e+03
  -2.4034977e-03   2.0700000e+03
  -2.4732039e-03   2.0850000e+03
  -2.5466639e-03   2.1000000e+03
  -2.6227317e-03   2.1150000e+03
  -2.7000809e-03   2.1300000e+03
  -2.7780198e-03   2.1450000e+03
  -2.8572574e-03   2.1600000e+03
  -2.9401246e-03   2.1750000e+03
  -3.0294696e-03   2.1900000e+03
