   5.1120846e-03   0.0000000e+00
   5.1107174e-03   1.5000000e+01
   5.1064207e-03   3.0000000e+01
   5.0989864e-03   4.5000000e+01
   5.0885570e-03   6.0000000e+01
   5.0752591e-03   7.5000000e+01
   5.0591198e-03   9.0000000e+01
   5.0403895e-03   1.0500000e+02
   5.0192159e-03   1.2000000e+02
   4.9951901e-03   1.3500000e+02
   4.9678790e-03   1.5000000e+02
   4.9373829e-03   1.6500000e+02
   4.9039200e-03   1.8000000e+02
   4.8674466e-03   1.9500000e+02
   4.8278840e-03   2.1000000e+02
   4.7852146e-03   2.2500000e+02
   4.7393581e-03   2.4000000e+02
   4.6901172e-03   2.5500000e+02
   4.6370951e-03   2.7000000e+02
   4.5798295e-03   2.8500000e+02
   4.5182253e-03   3.0000000e+02
   4.4526272e-03   3.1500000e+02
   4.3833209e-03   3.3000000e+02
   4.3101492e-03   3.4500000e+02
   4.2328560e-03   3.6000000e+02
   4.1514914e-03   3.7500000e+02
   4.0660836e-03   3.9000000e+02
   3.9762468e-03   4.0500000e+02
   3.8811385e-03   4.2000000e+02
   3.7793540e-03   4.3500000e+02
   3.6685430e-03   4.5000000e+02
   3.5436556e-03   4.6500000e+02
   3.3924007e-03   4.8000000e+02
   3.1902723e-03   4.9500000e+02
   2.9008619e-03   5.1000000e+02
   2.4876855e-03   5.2500000e+02
   1.9413457e-03   5.4000000e+02
   1.3143417e-03   5.5500000e+02
   7.3518138e-04   5.7000000e+02
   3.6526631e-04   5.8500000e+02
   2.9523703e-04   6.0000000e+02
   4.4686539e-04   6.1500000e+02
   5.8629451e-04   6.3000000e+02
   4.8600131e-04   6.4500000e+02
   1.1729894e-04   6.6000000e+02
  -3.2586104e-04   6.7500000e+02
  -6.3052698e-04   6.9000000e+02
  -7.9324126e-04   7.0500000e+02
  -1.0052784e-03   7.2000000e+02
  -1.3993512e-03   7.3500000e+02
  -1.8695563e-03   7.5000000e+02
  -2.1964307e-03   7.6500000e+02
  -2.3063945e-03   7.8000000e+02
  -2.3161129e-03   7.9500000e+02
  -2.3301230e-03   8.1000000e+02
  -2.3164337e-03   8.2500000e+02
  -2.2341842e-03   8.4000000e+02
  -2.1651748e-03   8.5500000e+02
  -2.1982652e-03   8.7000000e+02
  -2.2521713e-03   8.8500000e+02
  -2.1592707e-03   9.0000000e+02
  -1.9026876e-03   9.1500000e+02
  -1.6205859e-03   9.3000000e+02
  -1.3668139e-03   9.4500000e+02
  -1.0148342e-03   9.6000000e+02
  -4.2627621e-04   9.7500000e+02
   4.3676546e-04   9.9000000e+02
   1.6220012e-03   1.0050000e+03
   3.2790990e-03   1.0200000e+03
   5.5909194e-03   1.0350000e+03
   8.7412531e-03   1.0500000e+03
   1.3016712e-02   1.0650000e+03
   1.8852292e-02   1.0800000e+03
   2.6751027e-02   1.0950000e+03
   3.7263535e-02   1.1100000e+03
   5.1081724e-02   1.1250000e+03
   6.9071598e-02   1.1400000e+03
   9.2198253e-02   1.1550000e+03
   1.2150620e-01   1.1700000e+03
   1.5820231e-01   1.1850000e+03
   2.0364939e-01   1.2000000e+03
   2.5908646e-01   1.2150000e+03
   3.2509708e-01   1.2300000e+03
   4.0098473e-01   1.2450000e+03
   4.8421323e-01   1.2600000e+03
   5.7004726e-01   1.2750000e+03
   6.5153956e-01   1.2900000e+03
   7.1997744e-01   1.3050000e+03
   7.6580524e-01   1.3200000e+03
   7.8001428e-01   1.3350000e+03
   7.5601304e-01   1.3500000e+03
   6.9177669e-01   1.3650000e+03
   5.9155053e-01   1.3800000e+03
   4.6603665e-01   1.3950000e+03
   3.3040297e-01   1.4100000e+03
   2.0055598e-01   1.4250000e+03
   8.9189529e-02   1.4400000e+03
   3.3464134e-03   1.4550000e+03
  -5.5671826e-02   1.4700000e+03
  -9.0630978e-02   1.4850000e+03
  -1.0635205e-01   1.5000000e+03
  -1.0845806e-01   1.5150000e+03
  -1.0295416e-01   1.5300000e+03
  -9.5974348e-02   1.5450000e+03
  -9.3074463e-02   1.5600000e+03
  -9.8050930e-02   1.5750000e+03
  -1.1186216e-01   1.5900000e+03
  -1.3240258e-01   1.6050000e+03
  -1.5551691e-01   1.6200000e+03
  -1.7692788e-01   1.6350000e+03
  -1.9409451e-01   1.6500000e+03
  -2.0690979e-01   1.6650000e+03
  -2.1683612e-01   1.6800000e+03
  -2.2519581e-01   1.6950000e+03
  -2.3199499e-01   1.7100000e+03
  -2.3619409e-01   1.7250000e+03
  -2.3703891e-01   1.7400000e+03
  -2.3506340e-01   1.7550000e+03
  -2.3165660e-01   1.7700000e+03
  -2.2752975e-01   1.7850000e+03
  -2.2170176e-01   1.8000000e+03
  -2.1229823e-01   1.8150000e+03
  -1.9857326e-01   1.8300000e+03
  -1.8205331e-01   1.8450000e+03
  -1.6549422e-01   1.8600000e+03
  -1.5078412e-01   1.8750000e+03
  -1.3809651e-01   1.8900000e+03
  -1.2692757e-01   1.9050000e+03
  -1.1728514e-01   1.9200000e+03
  -1.0941183e-01   1.9350000e+03
  -1.0275993e-01   1.9500000e+03
  -9.6055068e-02   1.9650000e+03
  -8.8575356e-02   1.9800000e+03
  -8.0847815e-02   1.9950000e+03
  -7.3749185e-02   2.0100000e+03
  -6.7313313e-02   2.0250000e+03
  -6.0926311e-02   2.0400000e+03
  -5.4515541e-02   2.0550000e+03
  -4.8925932e-02   2.0700000e+03
  -4.4932555e-02   2.0850000e+03
  -4.2290717e-02   2.1000000e+03
  -4.0044766e-02   2.1150000e+03
  -3.7465170e-02   2.1300000e+03
  -3.4270532e-02   2.1450000e+03
  -3.0087339e-02   2.1600000e+03
  -2.4241358e-02   2.1750000e+03
  -1.6275827e-02   2.1900000e+03
  -6.3683540e-03   2.2050000e+03
   4.9445452e-03   2.2200000e+03
   1.7186638e-02   2.2350000e+03
   2.9855924e-02   2.2500000e+03
   4.2122725e-02   2.2650000e+03
   5.2895445e-02   2.2800000e+03
   6.1181385e-02   2.2950000e+03
   6.6374063e-02   2.3100000e+03
   6.8469740e-02   2.3250000e+03
   6.8253793e-02   2.3400000e+03
   6.7141190e-02   2.3550000e+03
   6.6544473e-02   2.3700000e+03
   6.7230992e-02   2.3850000e+03
   6.9096535e-02   2.4000000e+03
   7.1266800e-02   2.4150000e+03
   7.2366089e-02   2.4300000e+03
   7.1015768e-02   2.4450000e+03
   6.6446111e-02   2.4600000e+03
   5.8820687e-02   2.4750000e+03
   4.9082287e-02   2.4900000e+03
   3.8514357e-02   2.5050000e+03
   2.8277658e-02   2.5200000e+03
   1.9097202e-02   2.5350000e+03
   1.1220281e-02   2.5500000e+03
   4.5962594e-03   2.5650000e+03
  -9.4784703e-04   2.5800000e+03
  -5.6652506e-03   2.5950000e+03
  -9.8852171e-03   2.6100000e+03
  -1.3931504e-02   2.6250000e+03
  -1.8002944e-02   2.6400000e+03
  -2.2130687e-02   2.6550000e+03
  -2.6237080e-02   2.6700000e+03
  -3.0203236e-02   2.6850000e+03
  -3.3866238e-02   2.7000000e+03
  -3.6986127e-02   2.7150000e+03
  -3.9266184e-02   2.7300000e+03
  -4.0430024e-02   2.7450000e+03
  -4.0295474e-02   2.7600000e+03
  -3.8809702e-02   2.7750000e+03
  -3.6057029e-02   2.7900000e+03
  -3.2257155e-02   2.8050000e+03
  -2.7738091e-02   2.8200000e+03
  -2.2852598e-02   2.8350000e+03
  -1.7866351e-02   2.8500000e+03
  -1.2913466e-02   2.8650000e+03
  -8.0673071e-03   2.8800000e+03
  -3.4527942e-03   2.8950000e+03
   7.1657903e-04   2.9100000e+03
   4.2181029e-03   2.9250000e+03
   6.9466014e-03   2.9400000e+03
   8.9705195e-03   2.9550000e+03
   1.0461031e-02   2.9700000e+03
   1.1560430e-02   2.9850000e+03
   1.2307629e-02   3.0000000e+03
   1.2663849e-02   3.0150000e+03
   1.2576459e-02   3.0300000e+03
   1.2002197e-02   3.0450000e+03
   1.0884428e-02   3.0600000e+03
   9.1406675e-03   3.0750000e+03
   6.6928389e-03   3.0900000e+03
   3.5110558e-03   3.1050000e+03
  -3.6757800e-04   3.1200000e+03
  -4.8424308e-03   3.1350000e+03
  -9.7518191e-03   3.1500000e+03
  -1.4872531e-02   3.1650000e+03
  -1.9934105e-02   3.1800000e+03
  -2.4655469e-02   3.1950000e+03
  -2.8790854e-02   3.2100000e+03
  -3.2166414e-02   3.2250000e+03
  -3.4698304e-02   3.2400000e+03
  -3.6391631e-02   3.2550000e+03
  -3.7322171e-02   3.2700000e+03
  -3.7604362e-02   3.2850000e+03
  -3.7355416e-02   3.3000000e+03
  -3.6670558e-02   3.3150000e+03
  -3.5616994e-02   3.3300000e+03
  -3.4237344e-02   3.3450000e+03
  -3.2549277e-02   3.3600000e+03
  -3.0543540e-02   3.3750000e+03
  -2.8194217e-02   3.3900000e+03
  -2.5482900e-02   3.4050000e+03
  -2.2419885e-02   3.4200000e+03
  -1.9048044e-02   3.4350000e+03
  -1.5434588e-02   3.4500000e+03
  -1.1665929e-02   3.4650000e+03
  -7.8518568e-03   3.4800000e+03
  -4.1315663e-03   3.4950000e+03
  -6.7073683e-04   3.5100000e+03
   2.3533509e-03   3.5250000e+03
   4.7715902e-03   3.5400000e+03
   6.4379321e-03   3.5550000e+03
   7.2357026e-03   3.5700000e+03
   7.0781438e-03   3.5850000e+03
   5.9067430e-03   3.6000000e+03
   3.6906856e-03   3.6150000e+03
   4.3286150e-04   3.6300000e+03
  -3.8143948e-03   3.6450000e+03
  -8.9306645e-03   3.6600000e+03
  -1.4718710e-02   3.6750000e+03
  -2.0909864e-02   3.6900000e+03
  -2.7174480e-02   3.7050000e+03
  -3.3128161e-02   3.7200000e+03
  -3.8337369e-02   3.7350000e+03
  -4.2337112e-02   3.7500000e+03
  -4.4669438e-02   3.7650000e+03
  -4.4940587e-02   3.7800000e+03
  -4.2886104e-02   3.7950000e+03
  -3.8428135e-02   3.8100000e+03
  -3.1707451e-02   3.8250000e+03
  -2.3078809e-02   3.8400000e+03
  -1.3072594e-02   3.8550000e+03
  -2.3378378e-03   3.8700000e+03
   8.4190620e-03   3.8850000e+03
   1.8495748e-02   3.9000000e+03
   2.7256755e-02   3.9150000e+03
   3.4194294e-02   3.9300000e+03
   3.8977139e-02   3.9450000e+03
   4.1478887e-02   3.9600000e+03
   4.1782364e-02   3.9750000e+03
   4.0159233e-02   3.9900000e+03
   3.7024748e-02   4.0050000e+03
   3.2873299e-02   4.0200000e+03
   2.8208757e-02   4.0350000e+03
   2.3483943e-02   4.0500000e+03
   1.9054774e-02   4.0650000e+03
   1.5148208e-02   4.0800000e+03
   1.1846682e-02   4.0950000e+03
   9.0966867e-03   4.1100000e+03
   6.7431973e-03   4.1250000e+03
   4.5789378e-03   4.1400000e+03
   2.3925693e-03   4.1550000e+03
   7.0997885e-06   4.1700000e+03
  -2.6917306e-03   4.1850000e+03
  -5.7367817e-03   4.2000000e+03
  -9.0734521e-03   4.2150000e+03
  -1.2567933e-02   4.2300000e+03
  -1.6026082e-02   4.2450000e+03
  -1.9216072e-02   4.2600000e+03
  -2.1890361e-02   4.2750000e+03
  -2.3807473e-02   4.2900000e+03
  -2.4756555e-02   4.3050000e+03
  -2.4584714e-02   4.3200000e+03
  -2.3221258e-02   4.3350000e+03
  -2.0690808e-02   4.3500000e+03
  -1.7113307e-02   4.3650000e+03
  -1.2696611e-02   4.3800000e+03
  -7.7267690e-03   4.3950000e+03
  -2.5530455e-03   4.4100000e+03
   2.4385778e-03   4.4250000e+03
   6.8623857e-03   4.4400000e+03
   1.0371061e-02   4.4550000e+03
   1.2686880e-02   4.4700000e+03
   1.3625105e-02   4.4850000e+03
   1.3110699e-02   4.5000000e+03
