  -7.2297961e-03   0.0000000e+00
  -7.2290814e-03   1.5000000e+01
  -7.2273025e-03   3.0000000e+01
  -7.2260462e-03   4.5000000e+01
  -7.2280387e-03   6.0000000e+01
  -7.2355620e-03   7.5000000e+01
  -7.2483141e-03   9.0000000e+01
  -7.2641810e-03   1.0500000e+02
  -7.2819209e-03   1.2000000e+02
  -7.3029394e-03   1.3500000e+02
  -7.3303049e-03   1.5000000e+02
  -7.3658074e-03   1.6500000e+02
  -7.4094636e-03   1.8000000e+02
  -7.4613821e-03   1.9500000e+02
  -7.5222873e-03   2.1000000e+02
  -7.5930292e-03   2.2500000e+02
  -7.6737367e-03   2.4000000e+02
  -7.7622649e-03   2.5500000e+02
  -7.8545315e-03   2.7000000e+02
  -7.9479311e-03   2.8500000e+02
  -8.0438992e-03   3.0000000e+02
  -8.1458222e-03   3.1500000e+02
  -8.2545923e-03   3.3000000e+02
  -8.3672460e-03   3.4500000e+02
  -8.4782420e-03   3.6000000e+02
  -8.5806884e-03   3.7500000e+02
  -8.6703394e-03   3.9000000e+02
  -8.7507581e-03   4.0500000e+02
  -8.8286195e-03   4.2000000e+02
  -8.9004235e-03   4.3500000e+02
  -8.9512458e-03   4.5000000e+02
  -8.9708930e-03   4.6500000e+02
  -8.9637125e-03   4.8000000e+02
  -8.9396257e-03   4.9500000e+02
  -8.9032380e-03   5.1000000e+02
  -8.8532390e-03   5.2500000e+02
  -8.7848641e-03   5.4000000e+02
  -8.6893169e-03   5.5500000e+02
  -8.5551683e-03   5.7000000e+02
  -8.3750058e-03   5.8500000e+02
  -8.1460318e-03   6.0000000e+02
  -7.8575071e-03   6.1500000e+02
  -7.4847392e-03   6.3000000e+02
  -7.0018973e-03   6.4500000e+02
  -6.3887136e-03   6.6000000e+02
  -5.6183473e-03   6.7500000e+02
  -4.6490235e-03   6.9000000e+02
  -3.4249802e-03   7.0500000e+02
  -1.8719279e-03   7.2000000e+02
   1.1028451e-04   7.3500000e+02
   2.6550526e-03   7.5000000e+02
   5.9463275e-03   7.6500000e+02
   1.0245332e-02   7.8000000e+02
   1.5924294e-02   7.9500000e+02
   2.3510128e-02   8.1000000e+02
   3.3727039e-02   8.2500000e+02
   4.7531199e-02   8.4000000e+02
   6.6161156e-02   8.5500000e+02
   9.1221415e-02   8.7000000e+02
   1.2475336e-01   8.8500000e+02
   1.6917036e-01   9.0000000e+02
   2.2688392e-01   9.1500000e+02
   2.9945871e-01   9.3000000e+02
   3.8623548e-01   9.4500000e+02
   4.8258275e-01   9.6000000e+02
   5.7832628e-01   9.7500000e+02
   6.5736520e-01   9.9000000e+02
   6.9963682e-01   1.0050000e+03
   6.8599194e-01   1.0200000e+03
   6.0508937e-01   1.0350000e+03
   4.5966884e-01   1.0500000e+03
   2.6875123e-01   1.0650000e+03
   6.3551322e-02   1.0800000e+03
  -1.2204645e-01   1.0950000e+03
  -2.6246005e-01   1.1100000e+03
  -3.4769675e-01   1.1250000e+03
  -3.8359666e-01   1.1400000e+03
  -3.8547495e-01   1.1550000e+03
  -3.6921260e-01   1.1700000e+03
  -3.4499210e-01   1.1850000e+03
  -3.1665820e-01   1.2000000e+03
  -2.8545052e-01   1.2150000e+03
  -2.5378913e-01   1.2300000e+03
  -2.2557475e-01   1.2450000e+03
  -2.0346437e-01   1.2600000e+03
  -1.8675001e-01   1.2750000e+03
  -1.7237477e-01   1.2900000e+03
  -1.5767562e-01   1.3050000e+03
  -1.4159282e-01   1.3200000e+03
  -1.2354602e-01   1.3350000e+03
  -1.0237248e-01   1.3500000e+03
  -7.7212252e-02   1.3650000e+03
  -4.9032521e-02   1.3800000e+03
  -2.0445155e-02   1.3950000e+03
   6.0455995e-03   1.4100000e+03
   2.9158192e-02   1.4250000e+03
   4.8370942e-02   1.4400000e+03
   6.3202158e-02   1.4550000e+03
   7.3413141e-02   1.4700000e+03
   7.9549268e-02   1.4850000e+03
   8.2800426e-02   1.5000000e+03
   8.4305927e-02   1.5150000e+03
   8.4661536e-02   1.5300000e+03
   8.3875589e-02   1.5450000e+03
   8.1569217e-02   1.5600000e+03
   7.7303953e-02   1.5750000e+03
   7.0919670e-02   1.5900000e+03
   6.2607542e-02   1.6050000e+03
   5.2652739e-02   1.6200000e+03
   4.1202202e-02   1.6350000e+03
   2.8376171e-02   1.6500000e+03
   1.4576789e-02   1.6650000e+03
   6.2047428e-04   1.6800000e+03
  -1.2426940e-02   1.6950000e+03
  -2.3526764e-02   1.7100000e+03
  -3.1872150e-02   1.7250000e+03
  -3.7006810e-02   1.7400000e+03
  -3.8875263e-02   1.7550000e+03
  -3.7728731e-02   1.7700000e+03
  -3.3855416e-02   1.7850000e+03
  -2.7324783e-02   1.8000000e+03
  -1.8026123e-02   1.8150000e+03
  -6.0484544e-03   1.8300000e+03
   7.8742225e-03   1.8450000e+03
   2.2201998e-02   1.8600000e+03
   3.4862734e-02   1.8750000e+03
   4.3856289e-02   1.8900000e+03
   4.7921680e-02   1.9050000e+03
   4.6939418e-02   1.9200000e+03
   4.1814476e-02   1.9350000e+03
   3.3845853e-02   1.9500000e+03
   2.3942573e-02   1.9650000e+03
   1.2206729e-02   1.9800000e+03
  -1.8330547e-03   1.9950000e+03
  -1.8533701e-02   2.0100000e+03
  -3.7515409e-02   2.0250000e+03
  -5.7539430e-02   2.0400000e+03
  -7.6919928e-02   2.0550000e+03
  -9.4111770e-02   2.0700000e+03
  -1.0802682e-01   2.0850000e+03
  -1.1789781e-01   2.1000000e+03
  -1.2290187e-01   2.1150000e+03
  -1.2196703e-01   2.1300000e+03
  -1.1408050e-01   2.1450000e+03
  -9.9076070e-02   2.1600000e+03
  -7.8480832e-02   2.1750000e+03
  -5.5778369e-02   2.1900000e+03
  -3.5631794e-02   2.2050000e+03
  -2.2233134e-02   2.2200000e+03
  -1.7636254e-02   2.2350000e+03
  -2.1088151e-02   2.2500000e+03
  -2.9712347e-02   2.2650000e+03
  -3.9869681e-02   2.2800000e+03
  -4.8064776e-02   2.2950000e+03
  -5.0921522e-02   2.3100000e+03
  -4.4956736e-02   2.3250000e+03
  -2.7351925e-02   2.3400000e+03
   2.0387119e-03   2.3550000e+03
   3.8797610e-02   2.3700000e+03
   7.4096039e-02   2.3850000e+03
   9.7584315e-02   2.4000000e+03
   1.0168420e-01   2.4150000e+03
   8.4922627e-02   2.4300000e+03
   5.2694075e-02   2.4450000e+03
   1.5433605e-02   2.4600000e+03
  -1.4798823e-02   2.4750000e+03
  -2.8245516e-02   2.4900000e+03
  -2.0912310e-02   2.5050000e+03
   3.6772429e-03   2.5200000e+03
   3.5688687e-02   2.5350000e+03
   6.3222811e-02   2.5500000e+03
   7.7643514e-02   2.5650000e+03
   7.6896310e-02   2.5800000e+03
   6.4901359e-02   2.5950000e+03
   4.7883451e-02   2.6100000e+03
   3.0534606e-02   2.6250000e+03
   1.4512462e-02   2.6400000e+03
  -4.4631952e-04   2.6550000e+03
  -1.4476651e-02   2.6700000e+03
  -2.6477249e-02   2.6850000e+03
  -3.4530733e-02   2.7000000e+03
  -3.7051991e-02   2.7150000e+03
  -3.3506267e-02   2.7300000e+03
  -2.4254594e-02   2.7450000e+03
  -1.0039717e-02   2.7600000e+03
   8.1052259e-03   2.7750000e+03
   2.8376827e-02   2.7900000e+03
   4.7833659e-02   2.8050000e+03
   6.2906295e-02   2.8200000e+03
   7.0719302e-02   2.8350000e+03
   7.0280463e-02   2.8500000e+03
   6.2623501e-02   2.8650000e+03
   4.9895570e-02   2.8800000e+03
   3.4208965e-02   2.8950000e+03
   1.7064771e-02   2.9100000e+03
  -5.0845864e-04   2.9250000e+03
  -1.7526336e-02   2.9400000e+03
  -3.2789119e-02   2.9550000e+03
  -4.4924606e-02   2.9700000e+03
  -5.2596029e-02   2.9850000e+03
  -5.4725297e-02   3.0000000e+03
  -5.0727710e-02   3.0150000e+03
  -4.0820248e-02   3.0300000e+03
  -2.6324159e-02   3.0450000e+03
  -9.6885571e-03   3.0600000e+03
   5.9829829e-03   3.0750000e+03
   1.7766695e-02   3.0900000e+03
   2.3681208e-02   3.1050000e+03
   2.3050433e-02   3.1200000e+03
   1.6491620e-02   3.1350000e+03
   5.7093441e-03   3.1500000e+03
  -6.8668546e-03   3.1650000e+03
  -1.8652413e-02   3.1800000e+03
  -2.7556617e-02   3.1950000e+03
  -3.2408632e-02   3.2100000e+03
  -3.3009231e-02   3.2250000e+03
  -2.9962003e-02   3.2400000e+03
  -2.4488164e-02   3.2550000e+03
  -1.8198470e-02   3.2700000e+03
  -1.2677659e-02   3.2850000e+03
  -8.9487508e-03   3.3000000e+03
  -7.1480689e-03   3.3150000e+03
  -6.6768639e-03   3.3300000e+03
  -6.7281746e-03   3.3450000e+03
  -6.7991568e-03   3.3600000e+03
  -6.8605947e-03   3.3750000e+03
  -7.1669458e-03   3.3900000e+03
  -7.9488792e-03   3.4050000e+03
  -9.2416741e-03   3.4200000e+03
  -1.0917167e-02   3.4350000e+03
  -1.2803202e-02   3.4500000e+03
  -1.4745053e-02   3.4650000e+03
  -1.6567802e-02   3.4800000e+03
  -1.8001083e-02   3.4950000e+03
  -1.8643886e-02   3.5100000e+03
  -1.8014345e-02   3.5250000e+03
  -1.5702846e-02   3.5400000e+03
  -1.1608855e-02   3.5550000e+03
  -6.1693895e-03   3.5700000e+03
  -4.3788660e-04   3.5850000e+03
   4.0812106e-03   3.6000000e+03
   5.8260877e-03   3.6150000e+03
   3.6955564e-03   3.6300000e+03
  -2.4636048e-03   3.6450000e+03
  -1.1602507e-02   3.6600000e+03
  -2.1639384e-02   3.6750000e+03
  -3.0068854e-02   3.6900000e+03
  -3.4756009e-02   3.7050000e+03
  -3.4536041e-02   3.7200000e+03
  -2.9403329e-02   3.7350000e+03
  -2.0357298e-02   3.7500000e+03
  -9.1013797e-03   3.7650000e+03
   2.2865410e-03   3.7800000e+03
   1.1700680e-02   3.7950000e+03
   1.7361348e-02   3.8100000e+03
   1.8117793e-02   3.8250000e+03
   1.3642564e-02   3.8400000e+03
   4.5039472e-03   3.8550000e+03
  -7.8853676e-03   3.8700000e+03
  -2.1476511e-02   3.8850000e+03
  -3.3987354e-02   3.9000000e+03
  -4.3461114e-02   3.9150000e+03
  -4.8815485e-02   3.9300000e+03
  -5.0142497e-02   3.9450000e+03
  -4.8583843e-02   3.9600000e+03
  -4.5802597e-02   3.9750000e+03
  -4.3283362e-02   3.9900000e+03
  -4.1777160e-02   4.0050000e+03
  -4.1112490e-02   4.0200000e+03
  -4.0393110e-02   4.0350000e+03
  -3.8426004e-02   4.0500000e+03
  -3.4162395e-02   4.0650000e+03
  -2.7002331e-02   4.0800000e+03
  -1.6943274e-02   4.0950000e+03
  -4.6405774e-03   4.1100000e+03
   8.5789980e-03   4.1250000e+03
   2.0816080e-02   4.1400000e+03
   2.9931305e-02   4.1550000e+03
   3.4134101e-02   4.1700000e+03
   3.2639433e-02   4.1850000e+03
   2.6061429e-02   4.2000000e+03
   1.6287936e-02   4.2150000e+03
   5.8470159e-03   4.2300000e+03
  -2.9545971e-03   4.2450000e+03
  -8.7517435e-03   4.2600000e+03
  -1.1445642e-02   4.2750000e+03
  -1.2076233e-02   4.2900000e+03
  -1.2334688e-02   4.3050000e+03
  -1.3884016e-02   4.3200000e+03
  -1.7702207e-02   4.3350000e+03
  -2.3690710e-02   4.3500000e+03
  -3.0738944e-02   4.3650000e+03
  -3.7248395e-02   4.3800000e+03
  -4.1860797e-02   4.3950000e+03
  -4.3983862e-02   4.4100000e+03
  -4.3819346e-02   4.4250000e+03
  -4.1935015e-02   4.4400000e+03
  -3.8739305e-02   4.4550000e+03
  -3.4249425e-02   4.4700000e+03
  -2.8257206e-02   4.4850000e+03
  -2.0651827e-02   4.5000000e+03
