  -1.3004142e-03   0.0000000e+00
  -1.3004170e-03   1.5000000e+01
  -1.3004435e-03   3.0000000e+01
  -1.3005144e-03   4.5000000e+01
  -1.3006058e-03   6.0000000e+01
  -1.3006304e-03   7.5000000e+01
  -1.3005604e-03   9.0000000e+01
  -1.3004651e-03   1.0500000e+02
  -1.3004936e-03   1.2000000e+02
  -1.3007368e-03   1.3500000e+02
  -1.3010695e-03   1.5000000e+02
  -1.3010566e-03   1.6500000e+02
  -1.2996977e-03   1.8000000e+02
  -1.2939379e-03   1.9500000e+02
  -1.2747891e-03   2.1000000e+02
  -1.2231085e-03   2.2500000e+02
  -1.1137325e-03   2.4000000e+02
  -9.3793706e-04   2.5500000e+02
  -7.3523499e-04   2.7000000e+02
  -5.9434422e-04   2.8500000e+02
  -5.8946916e-04   3.0000000e+02
  -6.9495128e-04   3.1500000e+02
  -7.8843138e-04   3.3000000e+02
  -7.7639485e-04   3.4500000e+02
  -7.0156937e-04   3.6000000e+02
  -6.7777646e-04   3.7500000e+02
  -7.3055126e-04   3.9000000e+02
  -7.7369862e-04   4.0500000e+02
  -7.5111492e-04   4.2000000e+02
  -7.1535067e-04   4.3500000e+02
  -7.2758069e-04   4.5000000e+02
  -7.6050829e-04   4.6500000e+02
  -7.6056801e-04   4.8000000e+02
  -7.4124418e-04   4.9500000e+02
  -7.4604107e-04   5.1000000e+02
  -7.6809613e-04   5.2500000e+02
  -7.7259680e-04   5.4000000e+02
  -7.6245581e-04   5.5500000e+02
  -7.6458557e-04   5.7000000e+02
  -7.7774713e-04   5.8500000e+02
  -7.8119099e-04   6.0000000e+02
  -7.7596743e-04   6.1500000e+02
  -7.7873684e-04   6.3000000e+02
  -7.8860874e-04   6.4500000e+02
  -7.9253688e-04   6.6000000e+02
  -7.9136132e-04   6.7500000e+02
  -7.9341570e-04   6.9000000e+02
  -7.9442433e-04   7.0500000e+02
  -7.8469218e-04   7.2000000e+02
  -7.6414592e-04   7.3500000e+02
  -7.3643361e-04   7.5000000e+02
  -7.0153753e-04   7.6500000e+02
  -6.6538103e-04   7.8000000e+02
  -6.4580317e-04   7.9500000e+02
  -6.5935391e-04   8.1000000e+02
  -7.0590986e-04   8.2500000e+02
  -7.6712522e-04   8.4000000e+02
  -8.1507507e-04   8.5500000e+02
  -8.2770386e-04   8.7000000e+02
  -8.0794451e-04   8.8500000e+02
  -7.8686053e-04   9.0000000e+02
  -7.9621043e-04   9.1500000e+02
  -8.3473022e-04   9.3000000e+02
  -8.6956203e-04   9.4500000e+02
  -8.7475480e-04   9.6000000e+02
  -8.6109684e-04   9.7500000e+02
  -8.6051016e-04   9.9000000e+02
  -8.8511762e-04   1.0050000e+03
  -9.1364380e-04   1.0200000e+03
  -9.2220196e-04   1.0350000e+03
  -9.1640168e-04   1.0500000e+03
  -9.1988023e-04   1.0650000e+03
  -9.3809550e-04   1.0800000e+03
  -9.5285714e-04   1.0950000e+03
  -9.5379399e-04   1.1100000e+03
  -9.5450284e-04   1.1250000e+03
  -9.6858514e-04   1.1400000e+03
  -9.8799565e-04   1.1550000e+03
  -9.9935452e-04   1.1700000e+03
  -1.0075365e-03   1.1850000e+03
  -1.0260773e-03   1.2000000e+03
  -1.0540871e-03   1.2150000e+03
  -1.0800759e-03   1.2300000e+03
  -1.1019928e-03   1.2450000e+03
  -1.1266150e-03   1.2600000e+03
  -1.1533096e-03   1.2750000e+03
  -1.1743042e-03   1.2900000e+03
  -1.1889817e-03   1.3050000e+03
  -1.2042624e-03   1.3200000e+03
  -1.2223058e-03   1.3350000e+03
  -1.2394891e-03   1.3500000e+03
  -1.2559128e-03   1.3650000e+03
  -1.2755524e-03   1.3800000e+03
  -1.2984123e-03   1.3950000e+03
  -1.3212428e-03   1.4100000e+03
  -1.3442233e-03   1.4250000e+03
  -1.3696466e-03   1.4400000e+03
  -1.3960582e-03   1.4550000e+03
  -1.4197272e-03   1.4700000e+03
  -1.4398692e-03   1.4850000e+03
  -1.4582752e-03   1.5000000e+03
  -1.4765025e-03   1.5150000e+03
  -1.4963198e-03   1.5300000e+03
  -1.5195960e-03   1.5450000e+03
  -1.5455171e-03   1.5600000e+03
  -1.5711187e-03   1.5750000e+03
  -1.5957913e-03   1.5900000e+03
  -1.6220394e-03   1.6050000e+03
  -1.6512912e-03   1.6200000e+03
  -1.6822756e-03   1.6350000e+03
  -1.7137069e-03   1.6500000e+03
  -1.7455504e-03   1.6650000e+03
  -1.7774514e-03   1.6800000e+03
  -1.8084706e-03   1.6950000e+03
  -1.8388091e-03   1.7100000e+03
  -1.8703110e-03   1.7250000e+03
  -1.9048621e-03   1.7400000e+03
  -1.9423949e-03   1.7550000e+03
  -1.9801480e-03   1.7700000e+03
  -2.0144403e-03   1.7850000e+03
  -2.0441087e-03   1.8000000e+03
  -2.0715327e-03   1.8150000e+03
  -2.0995266e-03   1.8300000e+03
  -2.1284951e-03   1.8450000e+03
  -2.1576185e-03   1.8600000e+03
  -2.1872015e-03   1.8750000e+03
  -2.2182332e-03   1.8900000e+03
  -2.2507077e-03   1.9050000e+03
  -2.2838726e-03   1.9200000e+03
  -2.3173576e-03   1.9350000e+03
  -2.3509592e-03   1.9500000e+03
  -2.3841155e-03   1.9650000e+03
  -2.4168100e-03   1.9800000e+03
  -2.4504345e-03   1.9950000e+03
  -2.4866301e-03   2.0100000e+03
  -2.5255799e-03   2.0250000e+03
  -2.5662500e-03   2.0400000e+03
  -2.6080569e-03   2.0550000e+03
  -2.6513077e-03   2.0700000e+03
  -2.6959449e-03   2.0850000e+03
  -2.7406816e-03   2.1000000e+03
  -2.7837385e-03   2.1150000e+03
  -2.8239079e-03   2.1300000e+03
  -2.8606905e-03   2.1450000e+03
  -2.8940886e-03   2.1600000e+03
  -2.9247897e-03   2.1750000e+03
  -2.9539349e-03   2.1900000e+03
  -2.9820313e-03   2.2050000e+03
  -3.0083174e-03   2.2200000e+03
  -3.0313046e-03   2.2350000e+03
  -3.0492088e-03   2.2500000e+03
  -3.0595900e-03   2.2650000e+03
  -3.0596035e-03   2.2800000e+03
  -3.0471499e-03   2.2950000e+03
  -3.0209480e-03   2.3100000e+03
  -2.9787307e-03   2.3250000e+03
  -2.9158534e-03   2.3400000e+03
  -2.8260446e-03   2.3550000e+03
  -2.7025330e-03   2.3700000e+03
  -2.5373348e-03   2.3850000e+03
  -2.3195844e-03   2.4000000e+03
  -2.0350027e-03   2.4150000e+03
  -1.6660863e-03   2.4300000e+03
  -1.1903597e-03   2.4450000e+03
  -5.7556620e-04   2.4600000e+03
   2.2601716e-04   2.4750000e+03
   1.2815753e-03   2.4900000e+03
   2.6805298e-03   2.5050000e+03
   4.5394041e-03   2.5200000e+03
   7.0118546e-03   2.5350000e+03
   1.0303503e-02   2.5500000e+03
   1.4687480e-02   2.5650000e+03
   2.0515084e-02   2.5800000e+03
   2.8216330e-02   2.5950000e+03
   3.8285054e-02   2.6100000e+03
   5.1241048e-02   2.6250000e+03
   6.7559525e-02   2.6400000e+03
   8.7558649e-02   2.6550000e+03
   1.1124201e-01   2.6700000e+03
   1.3810889e-01   2.6850000e+03
   1.6697153e-01   2.7000000e+03
   1.9584642e-01   2.7150000e+03
   2.2200140e-01   2.7300000e+03
   2.4222735e-01   2.7450000e+03
   2.5335574e-01   2.7600000e+03
   2.5296283e-01   2.7750000e+03
   2.4009860e-01   2.7900000e+03
   2.1579204e-01   2.8050000e+03
   1.8306400e-01   2.8200000e+03
   1.4628296e-01   2.8350000e+03
   1.0993300e-01   2.8500000e+03
   7.7156194e-02   2.8650000e+03
   4.8644345e-02   2.8800000e+03
   2.2436701e-02   2.8950000e+03
  -5.1287543e-03   2.9100000e+03
  -3.7570395e-02   2.9250000e+03
  -7.6257765e-02   2.9400000e+03
  -1.1915351e-01   2.9550000e+03
  -1.6094446e-01   2.9700000e+03
  -1.9459017e-01   2.9850000e+03
  -2.1365599e-01   3.0000000e+03
  -2.1444072e-01   3.0150000e+03
  -1.9704507e-01   3.0300000e+03
  -1.6506839e-01   3.0450000e+03
  -1.2425638e-01   3.0600000e+03
  -8.0818422e-02   3.0750000e+03
  -4.0125128e-02   3.0900000e+03
  -6.1541186e-03   3.1050000e+03
   1.8404458e-02   3.1200000e+03
   3.1805325e-02   3.1350000e+03
   3.3152185e-02   3.1500000e+03
   2.2793304e-02   3.1650000e+03
   3.0243024e-03   3.1800000e+03
  -2.1472955e-02   3.1950000e+03
  -4.4098441e-02   3.2100000e+03
  -5.7965379e-02   3.2250000e+03
  -5.8246512e-02   3.2400000e+03
  -4.4180326e-02   3.2550000e+03
  -1.9624658e-02   3.2700000e+03
   8.3132656e-03   3.2850000e+03
   3.2018106e-02   3.3000000e+03
   4.6148676e-02   3.3150000e+03
   4.9117949e-02   3.3300000e+03
   4.2717606e-02   3.3450000e+03
   3.0421525e-02   3.3600000e+03
   1.5573121e-02   3.3750000e+03
   4.9422961e-04   3.3900000e+03
  -1.3274364e-02   3.4050000e+03
  -2.4239391e-02   3.4200000e+03
  -3.0622430e-02   3.4350000e+03
  -3.0851869e-02   3.4500000e+03
  -2.4529880e-02   3.4650000e+03
  -1.3068432e-02   3.4800000e+03
   6.0984615e-04   3.4950000e+03
   1.3225282e-02   3.5100000e+03
   2.2430519e-02   3.5250000e+03
   2.7409228e-02   3.5400000e+03
   2.8466851e-02   3.5550000e+03
   2.6047127e-02   3.5700000e+03
   2.0031039e-02   3.5850000e+03
   9.9272197e-03   3.6000000e+03
  -4.1941223e-03   3.6150000e+03
  -2.0863013e-02   3.6300000e+03
  -3.7361678e-02   3.6450000e+03
  -5.1056374e-02   3.6600000e+03
  -6.1095074e-02   3.6750000e+03
  -6.9117442e-02   3.6900000e+03
  -7.8078747e-02   3.7050000e+03
  -8.9590847e-02   3.7200000e+03
  -1.0147522e-01   3.7350000e+03
  -1.0746425e-01   3.7500000e+03
  -9.9766470e-02   3.7650000e+03
  -7.3238805e-02   3.7800000e+03
  -2.8638937e-02   3.7950000e+03
   2.7063869e-02   3.8100000e+03
   8.3348073e-02   3.8250000e+03
   1.2985896e-01   3.8400000e+03
   1.5893719e-01   3.8550000e+03
   1.6616227e-01   3.8700000e+03
   1.4999256e-01   3.8850000e+03
   1.1212648e-01   3.9000000e+03
   5.8883328e-02   3.9150000e+03
   1.9698704e-03   3.9300000e+03
  -4.3544035e-02   3.9450000e+03
  -6.4478308e-02   3.9600000e+03
  -5.5642474e-02   3.9750000e+03
  -2.2914464e-02   3.9900000e+03
   1.9178692e-02   4.0050000e+03
   5.4376755e-02   4.0200000e+03
   7.2113618e-02   4.0350000e+03
   7.1236216e-02   4.0500000e+03
   5.8390517e-02   4.0650000e+03
   4.2829745e-02   4.0800000e+03
   3.1172177e-02   4.0950000e+03
   2.4919080e-02   4.1100000e+03
   2.1339267e-02   4.1250000e+03
   1.6369754e-02   4.1400000e+03
   7.5296960e-03   4.1550000e+03
  -4.6005077e-03   4.1700000e+03
  -1.6748736e-02   4.1850000e+03
  -2.4694866e-02   4.2000000e+03
  -2.5423905e-02   4.2150000e+03
  -1.8657178e-02   4.2300000e+03
  -7.0602293e-03   4.2450000e+03
   4.9451990e-03   4.2600000e+03
   1.3156623e-02   4.2750000e+03
   1.5352514e-02   4.2900000e+03
   1.1979163e-02   4.3050000e+03
   5.5251340e-03   4.3200000e+03
  -9.1680238e-04   4.3350000e+03
  -5.0236215e-03   4.3500000e+03
  -5.8900090e-03   4.3650000e+03
  -3.8779054e-03   4.3800000e+03
  -6.9646376e-05   4.3950000e+03
   4.2417976e-03   4.4100000e+03
   7.8875786e-03   4.4250000e+03
   1.0078178e-02   4.4400000e+03
   1.0622192e-02   4.4550000e+03
   9.9763265e-03   4.4700000e+03
   9.0019759e-03   4.4850000e+03
   8.5366443e-03   4.5000000e+03
