   2.5773968e-03   0.0000000e+00
   2.5770129e-03   1.5000000e+01
   2.5757332e-03   3.0000000e+01
   2.5732114e-03   4.5000000e+01
   2.5691991e-03   6.0000000e+01
   2.5634842e-03   7.5000000e+01
   2.5559075e-03   9.0000000e+01
   2.5466178e-03   1.0500000e+02
   2.5358745e-03   1.2000000e+02
   2.5236313e-03   1.3500000e+02
   2.5096866e-03   1.5000000e+02
   2.4939578e-03   1.6500000e+02
   2.4763362e-03   1.8000000e+02
   2.4566620e-03   1.9500000e+02
   2.4350253e-03   2.1000000e+02
   2.4119632e-03   2.2500000e+02
   2.3882166e-03   2.4000000e+02
   2.3642231e-03   2.5500000e+02
   2.3398278e-03   2.7000000e+02
   2.3143177e-03   2.8500000e+02
   2.2866779e-03   3.0000000e+02
   2.2561133e-03   3.1500000e+02
   2.2225284e-03   3.3000000e+02
   2.1864939e-03   3.4500000e+02
   2.1488087e-03   3.6000000e+02
   2.1099926e-03   3.7500000e+02
   2.0699191e-03   3.9000000e+02
   2.0281847e-03   4.0500000e+02
   1.9848114e-03   4.2000000e+02
   1.9398164e-03   4.3500000e+02
   1.8918219e-03   4.5000000e+02
   1.8369029e-03   4.6500000e+02
   1.7670193e-03   4.8000000e+02
   1.6674179e-03   4.9500000e+02
   1.5159938e-03   5.1000000e+02
   1.2900776e-03   5.2500000e+02
   9.8352064e-04   5.4000000e+02
   6.2828290e-04   5.5500000e+02
   3.0271523e-04   5.7000000e+02
   1.0503304e-04   5.8500000e+02
   9.0837420e-05   6.0000000e+02
   2.1447300e-04   6.1500000e+02
   3.3727623e-04   6.3000000e+02
   3.2521694e-04   6.4500000e+02
   1.6490021e-04   6.6000000e+02
  -2.2024551e-05   6.7500000e+02
  -1.0067261e-04   6.9000000e+02
  -5.9847887e-05   7.0500000e+02
  -7.1533577e-06   7.2000000e+02
  -2.7165197e-05   7.3500000e+02
  -8.2587168e-05   7.5000000e+02
  -8.4891188e-05   7.6500000e+02
  -2.8589375e-05   7.8000000e+02
   6.1143510e-06   7.9500000e+02
  -1.9139452e-05   8.1000000e+02
  -4.3116372e-05   8.2500000e+02
  -5.7642410e-06   8.4000000e+02
   6.0092818e-05   8.5500000e+02
   9.8430610e-05   8.7000000e+02
   1.3873464e-04   8.8500000e+02
   2.4830337e-04   9.0000000e+02
   4.0376070e-04   9.1500000e+02
   5.1179720e-04   9.3000000e+02
   5.5950583e-04   9.4500000e+02
   6.4504769e-04   9.6000000e+02
   8.4027363e-04   9.7500000e+02
   1.1154833e-03   9.9000000e+02
   1.4259784e-03   1.0050000e+03
   1.7858418e-03   1.0200000e+03
   2.2290463e-03   1.0350000e+03
   2.7799786e-03   1.0500000e+03
   3.4890301e-03   1.0650000e+03
   4.4265394e-03   1.0800000e+03
   5.6277970e-03   1.0950000e+03
   7.1131717e-03   1.1100000e+03
   8.9715347e-03   1.1250000e+03
   1.1361079e-02   1.1400000e+03
   1.4420978e-02   1.1550000e+03
   1.8235054e-02   1.1700000e+03
   2.2887792e-02   1.1850000e+03
   2.8507877e-02   1.2000000e+03
   3.5237931e-02   1.2150000e+03
   4.3193333e-02   1.2300000e+03
   5.2481819e-02   1.2450000e+03
   6.3256331e-02   1.2600000e+03
   7.5721368e-02   1.2750000e+03
   9.0081424e-02   1.2900000e+03
   1.0649313e-01   1.3050000e+03
   1.2504067e-01   1.3200000e+03
   1.4568463e-01   1.3350000e+03
   1.6818178e-01   1.3500000e+03
   1.9206043e-01   1.3650000e+03
   2.1670432e-01   1.3800000e+03
   2.4147974e-01   1.3950000e+03
   2.6579845e-01   1.4100000e+03
   2.8908631e-01   1.4250000e+03
   3.1072304e-01   1.4400000e+03
   3.3003858e-01   1.4550000e+03
   3.4637785e-01   1.4700000e+03
   3.5915193e-01   1.4850000e+03
   3.6779928e-01   1.5000000e+03
   3.7169698e-01   1.5150000e+03
   3.7014911e-01   1.5300000e+03
   3.6252710e-01   1.5450000e+03
   3.4850284e-01   1.5600000e+03
   3.2824591e-01   1.5750000e+03
   3.0250958e-01   1.5900000e+03
   2.7261862e-01   1.6050000e+03
   2.4037665e-01   1.6200000e+03
   2.0783485e-01   1.6350000e+03
   1.7686850e-01   1.6500000e+03
   1.4867696e-01   1.6650000e+03
   1.2349273e-01   1.6800000e+03
   1.0071513e-01   1.6950000e+03
   7.9403013e-02   1.7100000e+03
   5.8835778e-02   1.7250000e+03
   3.8848475e-02   1.7400000e+03
   1.9795910e-02   1.7550000e+03
   2.2049043e-03   1.7700000e+03
  -1.3621197e-02   1.7850000e+03
  -2.7719192e-02   1.8000000e+03
  -4.0216476e-02   1.8150000e+03
  -5.1015813e-02   1.8300000e+03
  -5.9807476e-02   1.8450000e+03
  -6.6421770e-02   1.8600000e+03
  -7.1106255e-02   1.8750000e+03
  -7.4377060e-02   1.8900000e+03
  -7.6594703e-02   1.9050000e+03
  -7.7739343e-02   1.9200000e+03
  -7.7616505e-02   1.9350000e+03
  -7.6226763e-02   1.9500000e+03
  -7.3881254e-02   1.9650000e+03
  -7.0980288e-02   1.9800000e+03
  -6.7752115e-02   1.9950000e+03
  -6.4237870e-02   2.0100000e+03
  -6.0480669e-02   2.0250000e+03
  -5.6653298e-02   2.0400000e+03
  -5.2979253e-02   2.0550000e+03
  -4.9576353e-02   2.0700000e+03
  -4.6432983e-02   2.0850000e+03
  -4.3536048e-02   2.1000000e+03
  -4.0971350e-02   2.1150000e+03
  -3.8865473e-02   2.1300000e+03
  -3.7248936e-02   2.1450000e+03
  -3.6007211e-02   2.1600000e+03
  -3.4956548e-02   2.1750000e+03
  -3.3934835e-02   2.1900000e+03
  -3.2820314e-02   2.2050000e+03
  -3.1513400e-02   2.2200000e+03
  -2.9954253e-02   2.2350000e+03
  -2.8173635e-02   2.2500000e+03
  -2.6319774e-02   2.2650000e+03
  -2.4636265e-02   2.2800000e+03
  -2.3409653e-02   2.2950000e+03
  -2.2900786e-02   2.3100000e+03
  -2.3267938e-02   2.3250000e+03
  -2.4516478e-02   2.3400000e+03
  -2.6513716e-02   2.3550000e+03
  -2.9055547e-02   2.3700000e+03
  -3.1930380e-02   2.3850000e+03
  -3.4953605e-02   2.4000000e+03
  -3.7989628e-02   2.4150000e+03
  -4.0970586e-02   2.4300000e+03
  -4.3893836e-02   2.4450000e+03
  -4.6794917e-02   2.4600000e+03
  -4.9721327e-02   2.4750000e+03
  -5.2718084e-02   2.4900000e+03
  -5.5808783e-02   2.5050000e+03
  -5.8969986e-02   2.5200000e+03
  -6.2124848e-02   2.5350000e+03
  -6.5167330e-02   2.5500000e+03
  -6.7994714e-02   2.5650000e+03
  -7.0527144e-02   2.5800000e+03
  -7.2714940e-02   2.5950000e+03
  -7.4538819e-02   2.6100000e+03
  -7.6002300e-02   2.6250000e+03
  -7.7119946e-02   2.6400000e+03
  -7.7907339e-02   2.6550000e+03
  -7.8373030e-02   2.6700000e+03
  -7.8514121e-02   2.6850000e+03
  -7.8321271e-02   2.7000000e+03
  -7.7789091e-02   2.7150000e+03
  -7.6921515e-02   2.7300000e+03
  -7.5734191e-02   2.7450000e+03
  -7.4262254e-02   2.7600000e+03
  -7.2564028e-02   2.7750000e+03
  -7.0705183e-02   2.7900000e+03
  -6.8733096e-02   2.8050000e+03
  -6.6667564e-02   2.8200000e+03
  -6.4512357e-02   2.8350000e+03
  -6.2269650e-02   2.8500000e+03
  -5.9946060e-02   2.8650000e+03
  -5.7554696e-02   2.8800000e+03
  -5.5119146e-02   2.8950000e+03
  -5.2679494e-02   2.9100000e+03
  -5.0297230e-02   2.9250000e+03
  -4.8052728e-02   2.9400000e+03
  -4.6031106e-02   2.9550000e+03
  -4.4302903e-02   2.9700000e+03
  -4.2911947e-02   2.9850000e+03
  -4.1874383e-02   3.0000000e+03
  -4.1182805e-02   3.0150000e+03
  -4.0810127e-02   3.0300000e+03
  -4.0714279e-02   3.0450000e+03
  -4.0845297e-02   3.0600000e+03
  -4.1152894e-02   3.0750000e+03
  -4.1590728e-02   3.0900000e+03
  -4.2116340e-02   3.1050000e+03
  -4.2688977e-02   3.1200000e+03
  -4.3268114e-02   3.1350000e+03
  -4.3813221e-02   3.1500000e+03
  -4.4283461e-02   3.1650000e+03
  -4.4636324e-02   3.1800000e+03
  -4.4825736e-02   3.1950000e+03
  -4.4800483e-02   3.2100000e+03
  -4.4504091e-02   3.2250000e+03
  -4.3877676e-02   3.2400000e+03
  -4.2865794e-02   3.2550000e+03
  -4.1422952e-02   3.2700000e+03
  -3.9518055e-02   3.2850000e+03
  -3.7136566e-02   3.3000000e+03
  -3.4283001e-02   3.3150000e+03
  -3.0984612e-02   3.3300000e+03
  -2.7293110e-02   3.3450000e+03
  -2.3280455e-02   3.3600000e+03
  -1.9029288e-02   3.3750000e+03
  -1.4622821e-02   3.3900000e+03
  -1.0138073e-02   3.4050000e+03
  -5.6424048e-03   3.4200000e+03
  -1.1913709e-03   3.4350000e+03
   3.1726381e-03   3.4500000e+03
   7.4198241e-03   3.4650000e+03
   1.1529829e-02   3.4800000e+03
   1.5487203e-02   3.4950000e+03
   1.9278051e-02   3.5100000e+03
   2.2889685e-02   3.5250000e+03
   2.6312724e-02   3.5400000e+03
   2.9543208e-02   3.5550000e+03
   3.2582901e-02   3.5700000e+03
   3.5438009e-02   3.5850000e+03
   3.8117681e-02   3.6000000e+03
   4.0631939e-02   3.6150000e+03
   4.2987231e-02   3.6300000e+03
   4.5179453e-02   3.6450000e+03
   4.7187742e-02   3.6600000e+03
   4.8973214e-02   3.6750000e+03
   5.0482918e-02   3.6900000e+03
   5.1655203e-02   3.7050000e+03
   5.2423012e-02   3.7200000e+03
   5.2716441e-02   3.7350000e+03
   5.2468292e-02   3.7500000e+03
   5.1622864e-02   3.7650000e+03
   5.0143395e-02   3.7800000e+03
   4.8013717e-02   3.7950000e+03
   4.5235608e-02   3.8100000e+03
   4.1827772e-02   3.8250000e+03
   3.7829779e-02   3.8400000e+03
   3.3308182e-02   3.8550000e+03
   2.8359223e-02   3.8700000e+03
   2.3105731e-02   3.8850000e+03
   1.7689683e-02   3.9000000e+03
   1.2262451e-02   3.9150000e+03
   6.9730878e-03   3.9300000e+03
   1.9548731e-03   3.9450000e+03
  -2.6876971e-03   3.9600000e+03
  -6.8876110e-03   3.9750000e+03
  -1.0616931e-02   3.9900000e+03
  -1.3881489e-02   4.0050000e+03
  -1.6711252e-02   4.0200000e+03
  -1.9149177e-02   4.0350000e+03
  -2.1240650e-02   4.0500000e+03
  -2.3025488e-02   4.0650000e+03
  -2.4534335e-02   4.0800000e+03
  -2.5789304e-02   4.0950000e+03
  -2.6805868e-02   4.1100000e+03
  -2.7592544e-02   4.1250000e+03
  -2.8147902e-02   4.1400000e+03
  -2.8457711e-02   4.1550000e+03
  -2.8495369e-02   4.1700000e+03
  -2.8226828e-02   4.1850000e+03
  -2.7619200e-02   4.2000000e+03
  -2.6651090e-02   4.2150000e+03
  -2.5321832e-02   4.2300000e+03
  -2.3656512e-02   4.2450000e+03
  -2.1704808e-02   4.2600000e+03
  -1.9533901e-02   4.2750000e+03
  -1.7218530e-02   4.2900000e+03
  -1.4833027e-02   4.3050000e+03
  -1.2449040e-02   4.3200000e+03
  -1.0138630e-02   4.3350000e+03
  -7.9782251e-03   4.3500000e+03
  -6.0482663e-03   4.3650000e+03
  -4.4266167e-03   4.3800000e+03
  -3.1780796e-03   4.3950000e+03
  -2.3448574e-03   4.4100000e+03
  -1.9424949e-03   4.4250000e+03
  -1.9629244e-03   4.4400000e+03
  -2.3822184e-03   4.4550000e+03
  -3.1681289e-03   4.4700000e+03
  -4.2836922e-03   4.4850000e+03
  -5.6871613e-03   4.5000000e+03
