  -6.6058600e-04   0.0000000e+00
  -6.6058838e-04   1.5000000e+01
  -6.6059968e-04   3.0000000e+01
  -6.6063192e-04   4.5000000e+01
  -6.6068827e-04   6.0000000e+01
  -6.6075171e-04   7.5000000e+01
  -6.6080235e-04   9.0000000e+01
  -6.6083542e-04   1.0500000e+02
  -6.6088379e-04   1.2000000e+02
  -6.6098175e-04   1.3500000e+02
  -6.6110626e-04   1.5000000e+02
  -6.6112750e-04   1.6500000e+02
  -6.6061219e-04   1.8000000e+02
  -6.5802969e-04   1.9500000e+02
  -6.4887584e-04   2.1000000e+02
  -6.2364963e-04   2.2500000e+02
  -5.6996429e-04   2.4000000e+02
  -4.8361300e-04   2.5500000e+02
  -3.8416800e-04   2.7000000e+02
  -3.1540066e-04   2.8500000e+02
  -3.1382759e-04   3.0000000e+02
  -3.6663824e-04   3.1500000e+02
  -4.1337963e-04   3.3000000e+02
  -4.0796530e-04   3.4500000e+02
  -3.7162608e-04   3.6000000e+02
  -3.6063584e-04   3.7500000e+02
  -3.8754323e-04   3.9000000e+02
  -4.0961240e-04   4.0500000e+02
  -3.9903235e-04   4.2000000e+02
  -3.8181225e-04   4.3500000e+02
  -3.8825138e-04   4.5000000e+02
  -4.0489403e-04   4.6500000e+02
  -4.0533533e-04   4.8000000e+02
  -3.9635005e-04   4.9500000e+02
  -3.9943060e-04   5.1000000e+02
  -4.1109233e-04   5.2500000e+02
  -4.1409320e-04   5.4000000e+02
  -4.0988225e-04   5.5500000e+02
  -4.1174798e-04   5.7000000e+02
  -4.1905433e-04   5.8500000e+02
  -4.2157224e-04   6.0000000e+02
  -4.1985785e-04   6.1500000e+02
  -4.2210540e-04   6.3000000e+02
  -4.2771208e-04   6.4500000e+02
  -4.3007112e-04   6.6000000e+02
  -4.2945266e-04   6.7500000e+02
  -4.2957690e-04   6.9000000e+02
  -4.2738029e-04   7.0500000e+02
  -4.1650928e-04   7.2000000e+02
  -3.9506293e-04   7.3500000e+02
  -3.6355949e-04   7.5000000e+02
  -3.2280068e-04   7.6500000e+02
  -2.8006727e-04   7.8000000e+02
  -2.5196624e-04   7.9500000e+02
  -2.5468561e-04   8.1000000e+02
  -2.9073589e-04   8.2500000e+02
  -3.4396071e-04   8.4000000e+02
  -3.8599863e-04   8.5500000e+02
  -3.9362302e-04   8.7000000e+02
  -3.6880493e-04   8.8500000e+02
  -3.4100038e-04   9.0000000e+02
  -3.4089235e-04   9.1500000e+02
  -3.6878965e-04   9.3000000e+02
  -3.9477771e-04   9.4500000e+02
  -3.9372052e-04   9.6000000e+02
  -3.7433903e-04   9.7500000e+02
  -3.6620712e-04   9.9000000e+02
  -3.8118041e-04   1.0050000e+03
  -3.9978494e-04   1.0200000e+03
  -4.0023887e-04   1.0350000e+03
  -3.8848812e-04   1.0500000e+03
  -3.8642346e-04   1.0650000e+03
  -3.9787474e-04   1.0800000e+03
  -4.0520707e-04   1.0950000e+03
  -3.9972193e-04   1.1100000e+03
  -3.9510170e-04   1.1250000e+03
  -4.0317519e-04   1.1400000e+03
  -4.1448465e-04   1.1550000e+03
  -4.1569455e-04   1.1700000e+03
  -4.1180965e-04   1.1850000e+03
  -4.1572147e-04   1.2000000e+03
  -4.2644332e-04   1.2150000e+03
  -4.3397950e-04   1.2300000e+03
  -4.3816416e-04   1.2450000e+03
  -4.4646449e-04   1.2600000e+03
  -4.5793250e-04   1.2750000e+03
  -4.6439501e-04   1.2900000e+03
  -4.6477607e-04   1.3050000e+03
  -4.6550931e-04   1.3200000e+03
  -4.6892292e-04   1.3350000e+03
  -4.7217472e-04   1.3500000e+03
  -4.7540179e-04   1.3650000e+03
  -4.8134880e-04   1.3800000e+03
  -4.8885320e-04   1.3950000e+03
  -4.9476966e-04   1.4100000e+03
  -5.0017360e-04   1.4250000e+03
  -5.0790503e-04   1.4400000e+03
  -5.1648438e-04   1.4550000e+03
  -5.2227534e-04   1.4700000e+03
  -5.2527082e-04   1.4850000e+03
  -5.2794378e-04   1.5000000e+03
  -5.3110381e-04   1.5150000e+03
  -5.3469365e-04   1.5300000e+03
  -5.3976401e-04   1.5450000e+03
  -5.4651999e-04   1.5600000e+03
  -5.5314397e-04   1.5750000e+03
  -5.5846985e-04   1.5900000e+03
  -5.6349608e-04   1.6050000e+03
  -5.6937506e-04   1.6200000e+03
  -5.7626260e-04   1.6350000e+03
  -5.8419717e-04   1.6500000e+03
  -5.9317052e-04   1.6650000e+03
  -6.0252566e-04   1.6800000e+03
  -6.1184529e-04   1.6950000e+03
  -6.2184234e-04   1.7100000e+03
  -6.3316274e-04   1.7250000e+03
  -6.4489496e-04   1.7400000e+03
  -6.5509946e-04   1.7550000e+03
  -6.6248176e-04   1.7700000e+03
  -6.6731521e-04   1.7850000e+03
  -6.7120470e-04   1.8000000e+03
  -6.7586498e-04   1.8150000e+03
  -6.8170065e-04   1.8300000e+03
  -6.8794336e-04   1.8450000e+03
  -6.9449825e-04   1.8600000e+03
  -7.0255535e-04   1.8750000e+03
  -7.1278773e-04   1.8900000e+03
  -7.2405062e-04   1.9050000e+03
  -7.3460751e-04   1.9200000e+03
  -7.4383715e-04   1.9350000e+03
  -7.5215584e-04   1.9500000e+03
  -7.6005183e-04   1.9650000e+03
  -7.6793315e-04   1.9800000e+03
  -7.7657413e-04   1.9950000e+03
  -7.8673102e-04   2.0100000e+03
  -7.9799304e-04   2.0250000e+03
  -8.0872653e-04   2.0400000e+03
  -8.1779633e-04   2.0550000e+03
  -8.2608924e-04   2.0700000e+03
  -8.3570759e-04   2.0850000e+03
  -8.4759347e-04   2.1000000e+03
  -8.6054852e-04   2.1150000e+03
  -8.7282981e-04   2.1300000e+03
  -8.8426680e-04   2.1450000e+03
  -8.9641853e-04   2.1600000e+03
  -9.1070408e-04   2.1750000e+03
  -9.2673954e-04   2.1900000e+03
  -9.4270287e-04   2.2050000e+03
  -9.5714576e-04   2.2200000e+03
  -9.7019674e-04   2.2350000e+03
  -9.8293636e-04   2.2500000e+03
  -9.9604472e-04   2.2650000e+03
  -1.0094249e-03   2.2800000e+03
  -1.0228509e-03   2.2950000e+03
  -1.0364286e-03   2.3100000e+03
  -1.0502985e-03   2.3250000e+03
  -1.0642542e-03   2.3400000e+03
  -1.0779600e-03   2.3550000e+03
  -1.0914891e-03   2.3700000e+03
  -1.1054623e-03   2.3850000e+03
  -1.1204793e-03   2.4000000e+03
  -1.1363905e-03   2.4150000e+03
  -1.1522037e-03   2.4300000e+03
  -1.1669130e-03   2.4450000e+03
  -1.1804714e-03   2.4600000e+03
  -1.1938073e-03   2.4750000e+03
  -1.2078915e-03   2.4900000e+03
  -1.2229497e-03   2.5050000e+03
  -1.2386179e-03   2.5200000e+03
  -1.2546153e-03   2.5350000e+03
  -1.2710607e-03   2.5500000e+03
  -1.2883113e-03   2.5650000e+03
  -1.3067182e-03   2.5800000e+03
  -1.3264118e-03   2.5950000e+03
  -1.3471404e-03   2.6100000e+03
  -1.3683401e-03   2.6250000e+03
  -1.3895724e-03   2.6400000e+03
  -1.4108911e-03   2.6550000e+03
  -1.4327025e-03   2.6700000e+03
  -1.4552962e-03   2.6850000e+03
  -1.4785314e-03   2.7000000e+03
  -1.5019603e-03   2.7150000e+03
  -1.5251738e-03   2.7300000e+03
  -1.5480410e-03   2.7450000e+03
  -1.5706763e-03   2.7600000e+03
  -1.5932159e-03   2.7750000e+03
  -1.6156943e-03   2.7900000e+03
  -1.6382331e-03   2.8050000e+03
  -1.6613662e-03   2.8200000e+03
  -1.6861462e-03   2.8350000e+03
  -1.7137823e-03   2.8500000e+03
  -1.7450398e-03   2.8650000e+03
  -1.7799278e-03   2.8800000e+03
  -1.8178808e-03   2.8950000e+03
  -1.8582121e-03   2.9100000e+03
  -1.9003523e-03   2.9250000e+03
  -1.9436912e-03   2.9400000e+03
  -1.9873052e-03   2.9550000e+03
  -2.0300783e-03   2.9700000e+03
  -2.0712449e-03   2.9850000e+03
  -2.1108617e-03   3.0000000e+03
  -2.1497805e-03   3.0150000e+03
  -2.1892828e-03   3.0300000e+03
  -2.2308759e-03   3.0450000e+03
  -2.2762734e-03   3.0600000e+03
  -2.3272778e-03   3.0750000e+03
  -2.3853357e-03   3.0900000e+03
  -2.4509998e-03   3.1050000e+03
  -2.5238083e-03   3.1200000e+03
  -2.6026906e-03   3.1350000e+03
  -2.6865443e-03   3.1500000e+03
  -2.7746558e-03   3.1650000e+03
  -2.8669210e-03   3.1800000e+03
  -2.9638920e-03   3.1950000e+03
  -3.0666790e-03   3.2100000e+03
  -3.1766025e-03   3.2250000e+03
  -3.2946761e-03   3.2400000e+03
  -3.4212803e-03   3.2550000e+03
  -3.5562906e-03   3.2700000e+03
  -3.6996112e-03   3.2850000e+03
  -3.8518005e-03   3.3000000e+03
  -4.0144208e-03   3.3150000e+03
  -4.1898149e-03   3.3300000e+03
  -4.3803346e-03   3.3450000e+03
  -4.5872116e-03   3.3600000e+03
  -4.8093745e-03   3.3750000e+03
  -5.0421963e-03   3.3900000e+03
  -5.2759140e-03   3.4050000e+03
  -5.4934965e-03   3.4200000e+03
  -5.6681102e-03   3.4350000e+03
  -5.7609286e-03   3.4500000e+03
  -5.7205977e-03   3.4650000e+03
  -5.4859221e-03   3.4800000e+03
  -4.9931072e-03   3.4950000e+03
  -4.1880808e-03   3.5100000e+03
  -3.0427969e-03   3.5250000e+03
  -1.5719314e-03   3.5400000e+03
   1.5644501e-04   3.5550000e+03
   2.0242252e-03   3.5700000e+03
   3.8869146e-03   3.5850000e+03
   5.6177680e-03   3.6000000e+03
   7.1626310e-03   3.6150000e+03
   8.5853795e-03   3.6300000e+03
   1.0078661e-02   3.6450000e+03
   1.1920189e-02   3.6600000e+03
   1.4373584e-02   3.6750000e+03
   1.7560216e-02   3.6900000e+03
   2.1352602e-02   3.7050000e+03
   2.5345607e-02   3.7200000e+03
   2.8938523e-02   3.7350000e+03
   3.1513214e-02   3.7500000e+03
   3.2641184e-02   3.7650000e+03
   3.2225210e-02   3.7800000e+03
   3.0500045e-02   3.7950000e+03
   2.7878137e-02   3.8100000e+03
   2.4700660e-02   3.8250000e+03
   2.1000853e-02   3.8400000e+03
   1.6382204e-02   3.8550000e+03
   1.0066097e-02   3.8700000e+03
   1.1057582e-03   3.8850000e+03
  -1.1274220e-02   3.9000000e+03
  -2.7268630e-02   3.9150000e+03
  -4.6084598e-02   3.9300000e+03
  -6.5647632e-02   3.9450000e+03
  -8.2579136e-02   3.9600000e+03
  -9.2610523e-02   3.9750000e+03
  -9.1514505e-02   3.9900000e+03
  -7.6452471e-02   4.0050000e+03
  -4.7413405e-02   4.0200000e+03
  -8.2413573e-03   4.0350000e+03
   3.3301514e-02   4.0500000e+03
   6.6851996e-02   4.0650000e+03
   8.2194678e-02   4.0800000e+03
   7.2916187e-02   4.0950000e+03
   3.9781470e-02   4.1100000e+03
  -7.7715828e-03   4.1250000e+03
  -5.3396724e-02   4.1400000e+03
  -7.9132244e-02   4.1550000e+03
  -7.2751656e-02   4.1700000e+03
  -3.4140203e-02   4.1850000e+03
   2.2694085e-02   4.2000000e+03
   7.3932275e-02   4.2150000e+03
   9.5670357e-02   4.2300000e+03
   7.5160414e-02   4.2450000e+03
   1.8191043e-02   4.2600000e+03
  -5.1665168e-02   4.2750000e+03
  -1.0268475e-01   4.2900000e+03
  -1.0977380e-01   4.3050000e+03
  -6.7432903e-02   4.3200000e+03
   6.0778689e-03   4.3350000e+03
   7.6555260e-02   4.3500000e+03
   1.1061640e-01   4.3650000e+03
   9.2932150e-02   4.3800000e+03
   3.4248166e-02   4.3950000e+03
  -3.4921419e-02   4.4100000e+03
  -8.1690952e-02   4.4250000e+03
  -8.8900685e-02   4.4400000e+03
  -6.2624633e-02   4.4550000e+03
  -2.4549248e-02   4.4700000e+03
   4.9309228e-03   4.4850000e+03
   2.0348186e-02   4.5000000e+03
