   1.8319597e-03   0.0000000e+00
   1.8317295e-03   1.5000000e+01
   1.8309690e-03   3.0000000e+01
   1.8293653e-03   4.5000000e+01
   1.8266081e-03   6.0000000e+01
   1.8224329e-03   7.5000000e+01
   1.8166505e-03   9.0000000e+01
   1.8093319e-03   1.0500000e+02
   1.8007130e-03   1.2000000e+02
   1.7908736e-03   1.3500000e+02
   1.7797241e-03   1.5000000e+02
   1.7671309e-03   1.6500000e+02
   1.7529009e-03   1.8000000e+02
   1.7368610e-03   1.9500000e+02
   1.7191410e-03   2.1000000e+02
   1.7003362e-03   2.2500000e+02
   1.6812623e-03   2.4000000e+02
   1.6624186e-03   2.5500000e+02
   1.6436777e-03   2.7000000e+02
   1.6243070e-03   2.8500000e+02
   1.6031851e-03   3.0000000e+02
   1.5793638e-03   3.1500000e+02
   1.5526944e-03   3.3000000e+02
   1.5238536e-03   3.4500000e+02
   1.4937671e-03   3.6000000e+02
   1.4629425e-03   3.7500000e+02
   1.4311740e-03   3.9000000e+02
   1.3980768e-03   4.0500000e+02
   1.3638774e-03   4.2000000e+02
   1.3289334e-03   4.3500000e+02
   1.2921931e-03   4.5000000e+02
   1.2500928e-03   4.6500000e+02
   1.1955564e-03   4.8000000e+02
   1.1161034e-03   4.9500000e+02
   9.9327858e-04   5.1000000e+02
   8.0813206e-04   5.2500000e+02
   5.5535632e-04   5.4000000e+02
   2.6130214e-04   5.5500000e+02
  -9.0809408e-06   5.7000000e+02
  -1.7423109e-04   5.8500000e+02
  -1.8764481e-04   6.0000000e+02
  -8.6376167e-05   6.1500000e+02
   1.5687056e-05   6.3000000e+02
   8.5580268e-06   6.4500000e+02
  -1.1781121e-04   6.6000000e+02
  -2.6142207e-04   6.7500000e+02
  -3.0853593e-04   6.9000000e+02
  -2.4670979e-04   7.0500000e+02
  -1.6231861e-04   7.2000000e+02
  -1.2716009e-04   7.3500000e+02
  -1.1998013e-04   7.5000000e+02
  -8.2926497e-05   7.6500000e+02
  -2.4627752e-05   7.8000000e+02
  -1.4070929e-05   7.9500000e+02
  -7.3768431e-05   8.1000000e+02
  -1.3874547e-04   8.2500000e+02
  -1.4829084e-04   8.4000000e+02
  -1.2526143e-04   8.5500000e+02
  -1.1729408e-04   8.7000000e+02
  -1.0588588e-04   8.8500000e+02
  -4.5628440e-05   9.0000000e+02
   3.3569588e-05   9.1500000e+02
   5.1678853e-05   9.3000000e+02
   5.6578756e-06   9.4500000e+02
  -1.4095849e-05   9.6000000e+02
   5.0935159e-05   9.7500000e+02
   1.6434569e-04   9.9000000e+02
   2.7513749e-04   1.0050000e+03
   3.8497543e-04   1.0200000e+03
   5.1599205e-04   1.0350000e+03
   6.8421738e-04   1.0500000e+03
   9.2365878e-04   1.0650000e+03
   1.2725132e-03   1.0800000e+03
   1.7257991e-03   1.0950000e+03
   2.2624359e-03   1.1100000e+03
   2.9232134e-03   1.1250000e+03
   3.8068406e-03   1.1400000e+03
   4.9890354e-03   1.1550000e+03
   6.4960262e-03   1.1700000e+03
   8.3608041e-03   1.1850000e+03
   1.0660998e-02   1.2000000e+03
   1.3485345e-02   1.2150000e+03
   1.6891247e-02   1.2300000e+03
   2.0922901e-02   1.2450000e+03
   2.5667602e-02   1.2600000e+03
   3.1275153e-02   1.2750000e+03
   3.7924469e-02   1.2900000e+03
   4.5794670e-02   1.3050000e+03
   5.5066805e-02   1.3200000e+03
   6.5914482e-02   1.3350000e+03
   7.8468136e-02   1.3500000e+03
   9.2808038e-02   1.3650000e+03
   1.0901554e-01   1.3800000e+03
   1.2721913e-01   1.3950000e+03
   1.4755344e-01   1.4100000e+03
   1.7003605e-01   1.4250000e+03
   1.9445738e-01   1.4400000e+03
   2.2037879e-01   1.4550000e+03
   2.4723686e-01   1.4700000e+03
   2.7444434e-01   1.4850000e+03
   3.0136940e-01   1.5000000e+03
   3.2718697e-01   1.5150000e+03
   3.5071942e-01   1.5300000e+03
   3.7040836e-01   1.5450000e+03
   3.8447911e-01   1.5600000e+03
   3.9125311e-01   1.5750000e+03
   3.8951278e-01   1.5900000e+03
   3.7882930e-01   1.6050000e+03
   3.5976288e-01   1.6200000e+03
   3.3381540e-01   1.6350000e+03
   3.0306262e-01   1.6500000e+03
   2.6959309e-01   1.6650000e+03
   2.3507558e-01   1.6800000e+03
   2.0070641e-01   1.6950000e+03
   1.6745311e-01   1.7100000e+03
   1.3625012e-01   1.7250000e+03
   1.0789787e-01   1.7400000e+03
   8.2764640e-02   1.7550000e+03
   6.0623925e-02   1.7700000e+03
   4.0849645e-02   1.7850000e+03
   2.2848500e-02   1.8000000e+03
   6.3746129e-03   1.8150000e+03
  -8.5051563e-03   1.8300000e+03
  -2.1662669e-02   1.8450000e+03
  -3.3046726e-02   1.8600000e+03
  -4.2581663e-02   1.8750000e+03
  -5.0042629e-02   1.8900000e+03
  -5.5159807e-02   1.9050000e+03
  -5.7895314e-02   1.9200000e+03
  -5.8601823e-02   1.9350000e+03
  -5.7910796e-02   1.9500000e+03
  -5.6500468e-02   1.9650000e+03
  -5.4965567e-02   1.9800000e+03
  -5.3812645e-02   1.9950000e+03
  -5.3450756e-02   2.0100000e+03
  -5.4125156e-02   2.0250000e+03
  -5.5877112e-02   2.0400000e+03
  -5.8584213e-02   2.0550000e+03
  -6.2015504e-02   2.0700000e+03
  -6.5840460e-02   2.0850000e+03
  -6.9652259e-02   2.1000000e+03
  -7.3085926e-02   2.1150000e+03
  -7.5967908e-02   2.1300000e+03
  -7.8344159e-02   2.1450000e+03
  -8.0361739e-02   2.1600000e+03
  -8.2155623e-02   2.1750000e+03
  -8.3855517e-02   2.1900000e+03
  -8.5633539e-02   2.2050000e+03
  -8.7661341e-02   2.2200000e+03
  -9.0007335e-02   2.2350000e+03
  -9.2611365e-02   2.2500000e+03
  -9.5357627e-02   2.2650000e+03
  -9.8121367e-02   2.2800000e+03
  -1.0072418e-01   2.2950000e+03
  -1.0289093e-01   2.3100000e+03
  -1.0430943e-01   2.3250000e+03
  -1.0475127e-01   2.3400000e+03
  -1.0413964e-01   2.3550000e+03
  -1.0252982e-01   2.3700000e+03
  -1.0005727e-01   2.3850000e+03
  -9.6897207e-02   2.4000000e+03
  -9.3230627e-02   2.4150000e+03
  -8.9209609e-02   2.4300000e+03
  -8.4936775e-02   2.4450000e+03
  -8.0468938e-02   2.4600000e+03
  -7.5833991e-02   2.4750000e+03
  -7.1044549e-02   2.4900000e+03
  -6.6105396e-02   2.5050000e+03
  -6.1020356e-02   2.5200000e+03
  -5.5798609e-02   2.5350000e+03
  -5.0451089e-02   2.5500000e+03
  -4.4977438e-02   2.5650000e+03
  -3.9365597e-02   2.5800000e+03
  -3.3618737e-02   2.5950000e+03
  -2.7784524e-02   2.6100000e+03
  -2.1949500e-02   2.6250000e+03
  -1.6206684e-02   2.6400000e+03
  -1.0642040e-02   2.6550000e+03
  -5.3535672e-03   2.6700000e+03
  -4.6526501e-04   2.6850000e+03
   3.8931086e-03   2.7000000e+03
   7.6185679e-03   2.7150000e+03
   1.0643144e-02   2.7300000e+03
   1.2916973e-02   2.7450000e+03
   1.4396115e-02   2.7600000e+03
   1.5055802e-02   2.7750000e+03
   1.4919439e-02   2.7900000e+03
   1.4075860e-02   2.8050000e+03
   1.2666820e-02   2.8200000e+03
   1.0854013e-02   2.8350000e+03
   8.7927422e-03   2.8500000e+03
   6.6288766e-03   2.8650000e+03
   4.5096641e-03   2.8800000e+03
   2.5871000e-03   2.8950000e+03
   1.0054958e-03   2.9100000e+03
  -1.1546131e-04   2.9250000e+03
  -6.8649190e-04   2.9400000e+03
  -6.4184802e-04   2.9550000e+03
   6.5651649e-05   2.9700000e+03
   1.4544952e-03   2.9850000e+03
   3.4943754e-03   3.0000000e+03
   6.0939593e-03   3.0150000e+03
   9.1058379e-03   3.0300000e+03
   1.2341537e-02   3.0450000e+03
   1.5586799e-02   3.0600000e+03
   1.8616747e-02   3.0750000e+03
   2.1213878e-02   3.0900000e+03
   2.3185302e-02   3.1050000e+03
   2.4373394e-02   3.1200000e+03
   2.4661498e-02   3.1350000e+03
   2.3981487e-02   3.1500000e+03
   2.2323780e-02   3.1650000e+03
   1.9741626e-02   3.1800000e+03
   1.6342994e-02   3.1950000e+03
   1.2272240e-02   3.2100000e+03
   7.6884995e-03   3.2250000e+03
   2.7449632e-03   3.2400000e+03
  -2.4280294e-03   3.2550000e+03
  -7.7303010e-03   3.2700000e+03
  -1.3085387e-02   3.2850000e+03
  -1.8425990e-02   3.3000000e+03
  -2.3684539e-02   3.3150000e+03
  -2.8795671e-02   3.3300000e+03
  -3.3703595e-02   3.3450000e+03
  -3.8362321e-02   3.3600000e+03
  -4.2725835e-02   3.3750000e+03
  -4.6736285e-02   3.3900000e+03
  -5.0320037e-02   3.4050000e+03
  -5.3394631e-02   3.4200000e+03
  -5.5882215e-02   3.4350000e+03
  -5.7722256e-02   3.4500000e+03
  -5.8878392e-02   3.4650000e+03
  -5.9339449e-02   3.4800000e+03
  -5.9119094e-02   3.4950000e+03
  -5.8258459e-02   3.5100000e+03
  -5.6830384e-02   3.5250000e+03
  -5.4938838e-02   3.5400000e+03
  -5.2708860e-02   3.5550000e+03
  -5.0270043e-02   3.5700000e+03
  -4.7741923e-02   3.5850000e+03
  -4.5227006e-02   3.6000000e+03
  -4.2809945e-02   3.6150000e+03
  -4.0557049e-02   3.6300000e+03
  -3.8512908e-02   3.6450000e+03
  -3.6697160e-02   3.6600000e+03
  -3.5106640e-02   3.6750000e+03
  -3.3724271e-02   3.6900000e+03
  -3.2529950e-02   3.7050000e+03
  -3.1507459e-02   3.7200000e+03
  -3.0645471e-02   3.7350000e+03
  -2.9934850e-02   3.7500000e+03
  -2.9364690e-02   3.7650000e+03
  -2.8919004e-02   3.7800000e+03
  -2.8576087e-02   3.7950000e+03
  -2.8311109e-02   3.8100000e+03
  -2.8098065e-02   3.8250000e+03
  -2.7906552e-02   3.8400000e+03
  -2.7695501e-02   3.8550000e+03
  -2.7412444e-02   3.8700000e+03
  -2.7002316e-02   3.8850000e+03
  -2.6419275e-02   3.9000000e+03
  -2.5632914e-02   3.9150000e+03
  -2.4628887e-02   3.9300000e+03
  -2.3410220e-02   3.9450000e+03
  -2.2000730e-02   3.9600000e+03
  -2.0445330e-02   3.9750000e+03
  -1.8803574e-02   3.9900000e+03
  -1.7139314e-02   4.0050000e+03
  -1.5511084e-02   4.0200000e+03
  -1.3965055e-02   4.0350000e+03
  -1.2531074e-02   4.0500000e+03
  -1.1223287e-02   4.0650000e+03
  -1.0045651e-02   4.0800000e+03
  -8.9996420e-03   4.0950000e+03
  -8.0902781e-03   4.1100000e+03
  -7.3277517e-03   4.1250000e+03
  -6.7236796e-03   4.1400000e+03
  -6.2830071e-03   4.1550000e+03
  -5.9956932e-03   4.1700000e+03
  -5.8335722e-03   4.1850000e+03
  -5.7547353e-03   4.2000000e+03
  -5.7127820e-03   4.2150000e+03
  -5.6659039e-03   4.2300000e+03
  -5.5816923e-03   4.2450000e+03
  -5.4357462e-03   4.2600000e+03
  -5.2048815e-03   4.2750000e+03
  -4.8591378e-03   4.2900000e+03
  -4.3584313e-03   4.3050000e+03
  -3.6573312e-03   4.3200000e+03
  -2.7162489e-03   4.3350000e+03
  -1.5135225e-03   4.3500000e+03
  -5.2558607e-05   4.3650000e+03
   1.6391886e-03   4.3800000e+03
   3.5184764e-03   4.3950000e+03
   5.5369292e-03   4.4100000e+03
   7.6481765e-03   4.4250000e+03
   9.8086260e-03   4.4400000e+03
   1.1974218e-02   4.4550000e+03
   1.4098127e-02   4.4700000e+03
   1.6132619e-02   4.4850000e+03
   1.8033981e-02   4.5000000e+03
