  -4.6331229e-04   0.0000000e+00
  -4.6330519e-04   1.5000000e+01
  -4.6315425e-04   3.0000000e+01
  -4.6292433e-04   4.5000000e+01
  -4.6302757e-04   6.0000000e+01
  -4.6381968e-04   7.5000000e+01
  -4.6555465e-04   9.0000000e+01
  -4.6849324e-04   1.0500000e+02
  -4.7255779e-04   1.2000000e+02
  -4.7720049e-04   1.3500000e+02
  -4.8205417e-04   1.5000000e+02
  -4.8740211e-04   1.6500000e+02
  -4.9372402e-04   1.8000000e+02
  -5.0117285e-04   1.9500000e+02
  -5.0952274e-04   2.1000000e+02
  -5.1814329e-04   2.2500000e+02
  -5.2621099e-04   2.4000000e+02
  -5.3324027e-04   2.5500000e+02
  -5.3931004e-04   2.7000000e+02
  -5.4509036e-04   2.8500000e+02
  -5.5182836e-04   3.0000000e+02
  -5.6070572e-04   3.1500000e+02
  -5.7188259e-04   3.3000000e+02
  -5.8444298e-04   3.4500000e+02
  -5.9736328e-04   3.6000000e+02
  -6.1034760e-04   3.7500000e+02
  -6.2373234e-04   3.9000000e+02
  -6.3768594e-04   4.0500000e+02
  -6.5155799e-04   4.2000000e+02
  -6.6430488e-04   4.3500000e+02
  -6.7595975e-04   4.5000000e+02
  -6.8881083e-04   4.6500000e+02
  -7.0758897e-04   4.8000000e+02
  -7.3948072e-04   4.9500000e+02
  -7.9389912e-04   5.1000000e+02
  -8.8024652e-04   5.2500000e+02
  -1.0019153e-03   5.4000000e+02
  -1.1476201e-03   5.5500000e+02
  -1.2871304e-03   5.7000000e+02
  -1.3808801e-03   5.8500000e+02
  -1.4041720e-03   6.0000000e+02
  -1.3706768e-03   6.1500000e+02
  -1.3306562e-03   6.3000000e+02
  -1.3336372e-03   6.4500000e+02
  -1.3823811e-03   6.6000000e+02
  -1.4255237e-03   6.7500000e+02
  -1.4025024e-03   6.9000000e+02
  -1.2959922e-03   7.0500000e+02
  -1.1369369e-03   7.2000000e+02
  -9.6505997e-04   7.3500000e+02
  -8.0237811e-04   7.5000000e+02
  -6.7170250e-04   7.6500000e+02
  -6.1745080e-04   7.8000000e+02
  -6.7572546e-04   7.9500000e+02
  -8.2217733e-04   8.1000000e+02
  -9.7801024e-04   8.2500000e+02
  -1.0815189e-03   8.4000000e+02
  -1.1337771e-03   8.5500000e+02
  -1.1628165e-03   8.7000000e+02
  -1.1761297e-03   8.8500000e+02
  -1.1810956e-03   9.0000000e+02
  -1.2222709e-03   9.1500000e+02
  -1.3417903e-03   9.3000000e+02
  -1.5081444e-03   9.4500000e+02
  -1.6390622e-03   9.6000000e+02
  -1.7010641e-03   9.7500000e+02
  -1.7388755e-03   9.9000000e+02
  -1.8038834e-03   1.0050000e+03
  -1.9036616e-03   1.0200000e+03
  -2.0231458e-03   1.0350000e+03
  -2.1427851e-03   1.0500000e+03
  -2.2346263e-03   1.0650000e+03
  -2.2903020e-03   1.0800000e+03
  -2.3499224e-03   1.0950000e+03
  -2.4578865e-03   1.1100000e+03
  -2.5998820e-03   1.1250000e+03
  -2.7265823e-03   1.1400000e+03
  -2.8269002e-03   1.1550000e+03
  -2.9364948e-03   1.1700000e+03
  -3.0809410e-03   1.1850000e+03
  -3.2457311e-03   1.2000000e+03
  -3.4079561e-03   1.2150000e+03
  -3.5775253e-03   1.2300000e+03
  -3.7928100e-03   1.2450000e+03
  -4.0782695e-03   1.2600000e+03
  -4.4194395e-03   1.2750000e+03
  -4.7816699e-03   1.2900000e+03
  -5.1359967e-03   1.3050000e+03
  -5.4617641e-03   1.3200000e+03
  -5.7511693e-03   1.3350000e+03
  -6.0308273e-03   1.3500000e+03
  -6.3568479e-03   1.3650000e+03
  -6.7579928e-03   1.3800000e+03
  -7.1871434e-03   1.3950000e+03
  -7.5529343e-03   1.4100000e+03
  -7.8065773e-03   1.4250000e+03
  -7.9830149e-03   1.4400000e+03
  -8.1416722e-03   1.4550000e+03
  -8.2629723e-03   1.4700000e+03
  -8.2021412e-03   1.4850000e+03
  -7.7320221e-03   1.5000000e+03
  -6.6013960e-03   1.5150000e+03
  -4.5059728e-03   1.5300000e+03
  -9.3438290e-04   1.5450000e+03
   5.0694039e-03   1.5600000e+03
   1.5175259e-02   1.5750000e+03
   3.2076698e-02   1.5900000e+03
   5.9890393e-02   1.6050000e+03
   1.0457846e-01   1.6200000e+03
   1.7401010e-01   1.6350000e+03
   2.7691269e-01   1.6500000e+03
   4.1981244e-01   1.6650000e+03
   6.0138792e-01   1.6800000e+03
   8.0474311e-01   1.6950000e+03
   9.9022025e-01   1.7100000e+03
   1.0941421e+00   1.7250000e+03
   1.0404391e+00   1.7400000e+03
   7.6933509e-01   1.7550000e+03
   2.7794775e-01   1.7700000e+03
  -3.4588918e-01   1.7850000e+03
  -9.2436993e-01   1.8000000e+03
  -1.2454647e+00   1.8150000e+03
  -1.1646100e+00   1.8300000e+03
  -7.0320314e-01   1.8450000e+03
  -7.3956370e-02   1.8600000e+03
   4.0886378e-01   1.8750000e+03
   5.0138015e-01   1.8900000e+03
   1.7803575e-01   1.9050000e+03
  -3.5470065e-01   1.9200000e+03
  -7.9954904e-01   1.9350000e+03
  -9.6242929e-01   1.9500000e+03
  -8.4945720e-01   1.9650000e+03
  -6.0045224e-01   1.9800000e+03
  -3.3963636e-01   1.9950000e+03
  -9.3375124e-02   2.0100000e+03
   1.5851216e-01   2.0250000e+03
   3.8252467e-01   2.0400000e+03
   4.7897610e-01   2.0550000e+03
   3.8295794e-01   2.0700000e+03
   1.5751854e-01   2.0850000e+03
  -4.4443373e-02   2.1000000e+03
  -1.1805527e-01   2.1150000e+03
  -8.8544689e-02   2.1300000e+03
  -4.9378954e-02   2.1450000e+03
  -4.4909384e-02   2.1600000e+03
  -4.2920504e-02   2.1750000e+03
  -1.0435418e-02   2.1900000e+03
   2.7705504e-02   2.2050000e+03
   2.4305237e-02   2.2200000e+03
  -2.4177378e-02   2.2350000e+03
  -7.4472047e-02   2.2500000e+03
  -8.7200306e-02   2.2650000e+03
  -5.7707701e-02   2.2800000e+03
  -4.9853190e-03   2.2950000e+03
   4.6036940e-02   2.3100000e+03
   7.3612034e-02   2.3250000e+03
   7.2278827e-02   2.3400000e+03
   5.9700672e-02   2.3550000e+03
   5.7140652e-02   2.3700000e+03
   6.5053143e-02   2.3850000e+03
   7.0213042e-02   2.4000000e+03
   7.0151955e-02   2.4150000e+03
   7.3056698e-02   2.4300000e+03
   7.7364214e-02   2.4450000e+03
   6.9979511e-02   2.4600000e+03
   4.5732658e-02   2.4750000e+03
   1.4662322e-02   2.4900000e+03
  -1.1610161e-02   2.5050000e+03
  -3.0509192e-02   2.5200000e+03
  -4.4431422e-02   2.5350000e+03
  -5.3927671e-02   2.5500000e+03
  -5.7255626e-02   2.5650000e+03
  -5.3530831e-02   2.5800000e+03
  -4.5431279e-02   2.5950000e+03
  -3.8983904e-02   2.6100000e+03
  -3.9046146e-02   2.6250000e+03
  -4.3962285e-02   2.6400000e+03
  -4.5082379e-02   2.6550000e+03
  -3.1836499e-02   2.6700000e+03
   1.5976522e-03   2.6850000e+03
   5.2026331e-02   2.7000000e+03
   1.0758749e-01   2.7150000e+03
   1.5245180e-01   2.7300000e+03
   1.7358716e-01   2.7450000e+03
   1.6696134e-01   2.7600000e+03
   1.3978218e-01   2.7750000e+03
   1.0581316e-01   2.7900000e+03
   7.6638862e-02   2.8050000e+03
   5.6500666e-02   2.8200000e+03
   4.3711659e-02   2.8350000e+03
   3.4883250e-02   2.8500000e+03
   2.8216323e-02   2.8650000e+03
   2.4299309e-02   2.8800000e+03
   2.3716522e-02   2.8950000e+03
   2.4139792e-02   2.9100000e+03
   2.1560719e-02   2.9250000e+03
   1.4747158e-02   2.9400000e+03
   6.7784358e-03   2.9550000e+03
   1.5543678e-03   2.9700000e+03
  -3.9005373e-04   2.9850000e+03
  -2.5864639e-03   3.0000000e+03
  -9.6272361e-03   3.0150000e+03
  -2.2839397e-02   3.0300000e+03
  -3.7965871e-02   3.0450000e+03
  -4.6958242e-02   3.0600000e+03
  -4.2543635e-02   3.0750000e+03
  -2.2282075e-02   3.0900000e+03
   9.7044501e-03   3.1050000e+03
   4.3572482e-02   3.1200000e+03
   6.7360900e-02   3.1350000e+03
   7.2325304e-02   3.1500000e+03
   5.6623619e-02   3.1650000e+03
   2.4698865e-02   3.1800000e+03
  -1.6224004e-02   3.1950000e+03
  -5.8835622e-02   3.2100000e+03
  -9.6002437e-02   3.2250000e+03
  -1.2021461e-01   3.2400000e+03
  -1.2464340e-01   3.2550000e+03
  -1.0615852e-01   3.2700000e+03
  -6.8027519e-02   3.2850000e+03
  -1.9686351e-02   3.3000000e+03
   2.6638113e-02   3.3150000e+03
   6.0256917e-02   3.3300000e+03
   7.5031906e-02   3.3450000e+03
   7.0451751e-02   3.3600000e+03
   5.1355138e-02   3.3750000e+03
   2.6572688e-02   3.3900000e+03
   5.9557538e-03   3.4050000e+03
  -4.0385504e-03   3.4200000e+03
  -3.7853310e-03   3.4350000e+03
   2.7972806e-04   3.4500000e+03
   8.9057727e-04   3.4650000e+03
  -4.5519564e-03   3.4800000e+03
  -1.3144301e-02   3.4950000e+03
  -2.0646537e-02   3.5100000e+03
  -2.5839038e-02   3.5250000e+03
  -3.0539988e-02   3.5400000e+03
  -3.6187891e-02   3.5550000e+03
  -4.1791692e-02   3.5700000e+03
  -4.5653544e-02   3.5850000e+03
  -4.7972474e-02   3.6000000e+03
  -5.0383620e-02   3.6150000e+03
  -5.3012908e-02   3.6300000e+03
  -5.3391706e-02   3.6450000e+03
  -4.9219556e-02   3.6600000e+03
  -4.1609909e-02   3.6750000e+03
  -3.4521088e-02   3.6900000e+03
  -3.0948142e-02   3.7050000e+03
  -3.0498922e-02   3.7200000e+03
  -3.0839801e-02   3.7350000e+03
  -3.0456984e-02   3.7500000e+03
  -2.9177446e-02   3.7650000e+03
  -2.6688123e-02   3.7800000e+03
  -2.2009041e-02   3.7950000e+03
  -1.4909598e-02   3.8100000e+03
  -7.0480881e-03   3.8250000e+03
  -9.4280270e-04   3.8400000e+03
   2.0323622e-03   3.8550000e+03
   2.1396789e-03   3.8700000e+03
  -1.7239140e-04   3.8850000e+03
  -5.6879749e-03   3.9000000e+03
  -1.5971530e-02   3.9150000e+03
  -3.1252723e-02   3.9300000e+03
  -4.8504010e-02   3.9450000e+03
  -6.1639082e-02   3.9600000e+03
  -6.4385839e-02   3.9750000e+03
  -5.4242309e-02   3.9900000e+03
  -3.4506656e-02   4.0050000e+03
  -1.2459163e-02   4.0200000e+03
   4.9763341e-03   4.0350000e+03
   1.4536247e-02   4.0500000e+03
   1.6704166e-02   4.0650000e+03
   1.3765207e-02   4.0800000e+03
   8.3655873e-03   4.0950000e+03
   3.2755882e-03   4.1100000e+03
   1.0294484e-03   4.1250000e+03
   2.6894822e-03   4.1400000e+03
   6.9504813e-03   4.1550000e+03
   1.1063867e-02   4.1700000e+03
   1.3114114e-02   4.1850000e+03
   1.3564624e-02   4.2000000e+03
   1.4661896e-02   4.2150000e+03
   1.8333411e-02   4.2300000e+03
   2.4454053e-02   4.2450000e+03
   3.0848818e-02   4.2600000e+03
   3.4864049e-02   4.2750000e+03
   3.5085518e-02   4.2900000e+03
   3.1790189e-02   4.3050000e+03
   2.6006015e-02   4.3200000e+03
   1.8403996e-02   4.3350000e+03
   9.2143845e-03   4.3500000e+03
  -9.8451751e-04   4.3650000e+03
  -1.0739457e-02   4.3800000e+03
  -1.8083740e-02   4.3950000e+03
  -2.1301750e-02   4.4100000e+03
  -1.9411432e-02   4.4250000e+03
  -1.2382490e-02   4.4400000e+03
  -1.4390108e-03   4.4550000e+03
   1.0732872e-02   4.4700000e+03
   2.0505447e-02   4.4850000e+03
   2.4732083e-02   4.5000000e+03
