   5.9669968e-03   0.0000000e+00
   5.9655067e-03   1.5000000e+01
   5.9608789e-03   3.0000000e+01
   5.9531829e-03   4.5000000e+01
   5.9429212e-03   6.0000000e+01
   5.9305001e-03   7.5000000e+01
   5.9161307e-03   9.0000000e+01
   5.9000566e-03   1.0500000e+02
   5.8822683e-03   1.2000000e+02
   5.8622612e-03   1.3500000e+02
   5.8396216e-03   1.5000000e+02
   5.8145551e-03   1.6500000e+02
   5.7874401e-03   1.8000000e+02
   5.7583395e-03   1.9500000e+02
   5.7270280e-03   2.1000000e+02
   5.6929030e-03   2.2500000e+02
   5.6550512e-03   2.4000000e+02
   5.6126993e-03   2.5500000e+02
   5.5654170e-03   2.7000000e+02
   5.5133151e-03   2.8500000e+02
   5.4574413e-03   3.0000000e+02
   5.3993650e-03   3.1500000e+02
   5.3397925e-03   3.3000000e+02
   5.2778609e-03   3.4500000e+02
   5.2121226e-03   3.6000000e+02
   5.1418855e-03   3.7500000e+02
   5.0673084e-03   3.9000000e+02
   4.9884073e-03   4.0500000e+02
   4.9041044e-03   4.2000000e+02
   4.8123151e-03   4.3500000e+02
   4.7105202e-03   4.5000000e+02
   4.5937309e-03   4.6500000e+02
   4.4485531e-03   4.8000000e+02
   4.2476780e-03   4.9500000e+02
   3.9508771e-03   5.1000000e+02
   3.5180566e-03   5.2500000e+02
   2.9387390e-03   5.4000000e+02
   2.2704371e-03   5.5500000e+02
   1.6548921e-03   5.7000000e+02
   1.2709794e-03   5.8500000e+02
   1.2193436e-03   6.0000000e+02
   1.4123694e-03   6.1500000e+02
   1.5883087e-03   6.3000000e+02
   1.4907905e-03   6.4500000e+02
   1.0819322e-03   6.6000000e+02
   5.6879787e-04   6.7500000e+02
   1.7772145e-04   6.9000000e+02
  -9.8915778e-05   7.0500000e+02
  -4.8180332e-04   7.2000000e+02
  -1.1123846e-03   7.3500000e+02
  -1.8431639e-03   7.5000000e+02
  -2.3810396e-03   7.6500000e+02
  -2.5970906e-03   7.8000000e+02
  -2.6016405e-03   7.9500000e+02
  -2.5307650e-03   8.1000000e+02
  -2.3968380e-03   8.2500000e+02
  -2.2056624e-03   8.4000000e+02
  -2.0811039e-03   8.5500000e+02
  -2.1261899e-03   8.7000000e+02
  -2.2237611e-03   8.8500000e+02
  -2.1361117e-03   9.0000000e+02
  -1.7919417e-03   9.1500000e+02
  -1.3251867e-03   9.3000000e+02
  -8.2290912e-04   9.4500000e+02
  -1.8898067e-04   9.6000000e+02
   7.2303612e-04   9.7500000e+02
   2.0204780e-03   9.9000000e+02
   3.8883386e-03   1.0050000e+03
   6.6606873e-03   1.0200000e+03
   1.0723765e-02   1.0350000e+03
   1.6504753e-02   1.0500000e+03
   2.4662945e-02   1.0650000e+03
   3.6228299e-02   1.0800000e+03
   5.2545622e-02   1.0950000e+03
   7.5228274e-02   1.1100000e+03
   1.0625093e-01   1.1250000e+03
   1.4801662e-01   1.1400000e+03
   2.0325120e-01   1.1550000e+03
   2.7475426e-01   1.1700000e+03
   3.6495632e-01   1.1850000e+03
   4.7502407e-01   1.2000000e+03
   6.0328919e-01   1.2150000e+03
   7.4310911e-01   1.2300000e+03
   8.8072950e-01   1.2450000e+03
   9.9417460e-01   1.2600000e+03
   1.0545229e+00   1.2750000e+03
   1.0308315e+00   1.2900000e+03
   8.9905179e-01   1.3050000e+03
   6.5337837e-01   1.3200000e+03
   3.1606564e-01   1.3350000e+03
  -5.9942577e-02   1.3500000e+03
  -4.0053180e-01   1.3650000e+03
  -6.3267595e-01   1.3800000e+03
  -7.1272260e-01   1.3950000e+03
  -6.4758301e-01   1.4100000e+03
  -4.9557275e-01   1.4250000e+03
  -3.4245217e-01   1.4400000e+03
  -2.6242208e-01   1.4550000e+03
  -2.8456041e-01   1.4700000e+03
  -3.8387644e-01   1.4850000e+03
  -5.0164413e-01   1.5000000e+03
  -5.8099657e-01   1.5150000e+03
  -5.9466428e-01   1.5300000e+03
  -5.4951346e-01   1.5450000e+03
  -4.7082022e-01   1.5600000e+03
  -3.8265648e-01   1.5750000e+03
  -2.9876003e-01   1.5900000e+03
  -2.2487479e-01   1.6050000e+03
  -1.6320448e-01   1.6200000e+03
  -1.1199369e-01   1.6350000e+03
  -6.3254066e-02   1.6500000e+03
  -5.9587392e-03   1.6650000e+03
   6.4844176e-02   1.6800000e+03
   1.4162247e-01   1.6950000e+03
   2.0835514e-01   1.7100000e+03
   2.5184423e-01   1.7250000e+03
   2.6933321e-01   1.7400000e+03
   2.6595318e-01   1.7550000e+03
   2.4696934e-01   1.7700000e+03
   2.1449396e-01   1.7850000e+03
   1.7137812e-01   1.8000000e+03
   1.2569824e-01   1.8150000e+03
   8.8866159e-02   1.8300000e+03
   6.8489127e-02   1.8450000e+03
   6.3296050e-02   1.8600000e+03
   6.4810120e-02   1.8750000e+03
   6.3217685e-02   1.8900000e+03
   5.1866207e-02   1.9050000e+03
   2.8307766e-02   1.9200000e+03
  -5.9826057e-03   1.9350000e+03
  -4.5416865e-02   1.9500000e+03
  -8.0955021e-02   1.9650000e+03
  -1.0353668e-01   1.9800000e+03
  -1.0902490e-01   1.9950000e+03
  -1.0067204e-01   2.0100000e+03
  -8.6696140e-02   2.0250000e+03
  -7.4953511e-02   2.0400000e+03
  -6.8976872e-02   2.0550000e+03
  -6.7630686e-02   2.0700000e+03
  -6.7335352e-02   2.0850000e+03
  -6.4878330e-02   2.1000000e+03
  -5.9636578e-02   2.1150000e+03
  -5.4129183e-02   2.1300000e+03
  -5.2000713e-02   2.1450000e+03
  -5.4735988e-02   2.1600000e+03
  -6.0343284e-02   2.1750000e+03
  -6.5311514e-02   2.1900000e+03
  -6.7381911e-02   2.2050000e+03
  -6.6268958e-02   2.2200000e+03
  -6.2461235e-02   2.2350000e+03
  -5.6065824e-02   2.2500000e+03
  -4.6693344e-02   2.2650000e+03
  -3.4039158e-02   2.2800000e+03
  -1.8568894e-02   2.2950000e+03
  -1.8579103e-03   2.3100000e+03
   1.3682147e-02   2.3250000e+03
   2.5524925e-02   2.3400000e+03
   3.1786006e-02   2.3550000e+03
   3.1842284e-02   2.3700000e+03
   2.6787754e-02   2.3850000e+03
   1.9457607e-02   2.4000000e+03
   1.3761787e-02   2.4150000e+03
   1.3565518e-02   2.4300000e+03
   2.1561289e-02   2.4450000e+03
   3.8230050e-02   2.4600000e+03
   6.0975544e-02   2.4750000e+03
   8.4076993e-02   2.4900000e+03
   1.0013603e-01   2.5050000e+03
   1.0278186e-01   2.5200000e+03
   8.9559786e-02   2.5350000e+03
   6.3696556e-02   2.5500000e+03
   3.3535808e-02   2.5650000e+03
   9.2681050e-03   2.5800000e+03
  -1.6360747e-03   2.5950000e+03
   2.2806942e-03   2.6100000e+03
   1.6151620e-02   2.6250000e+03
   3.1325012e-02   2.6400000e+03
   3.9428350e-02   2.6550000e+03
   3.6109373e-02   2.6700000e+03
   2.2584025e-02   2.6850000e+03
   4.2305891e-03   2.7000000e+03
  -1.2638114e-02   2.7150000e+03
  -2.3723148e-02   2.7300000e+03
  -2.7988890e-02   2.7450000e+03
  -2.7099496e-02   2.7600000e+03
  -2.3817297e-02   2.7750000e+03
  -2.0416066e-02   2.7900000e+03
  -1.7865364e-02   2.8050000e+03
  -1.5866445e-02   2.8200000e+03
  -1.3346815e-02   2.8350000e+03
  -9.0819513e-03   2.8500000e+03
  -2.3265861e-03   2.8650000e+03
   6.7137918e-03   2.8800000e+03
   1.6871884e-02   2.8950000e+03
   2.6597830e-02   2.9100000e+03
   3.4822751e-02   2.9250000e+03
   4.1496325e-02   2.9400000e+03
   4.7346871e-02   2.9550000e+03
   5.3007886e-02   2.9700000e+03
   5.8227450e-02   2.9850000e+03
   6.1842155e-02   3.0000000e+03
   6.2501639e-02   3.0150000e+03
   5.9465878e-02   3.0300000e+03
   5.2854948e-02   3.0450000e+03
   4.3362644e-02   3.0600000e+03
   3.1888522e-02   3.0750000e+03
   1.9386712e-02   3.0900000e+03
   6.8279635e-03   3.1050000e+03
  -4.9287942e-03   3.1200000e+03
  -1.5323138e-02   3.1350000e+03
  -2.4148062e-02   3.1500000e+03
  -3.1424437e-02   3.1650000e+03
  -3.7249509e-02   3.1800000e+03
  -4.1756287e-02   3.1950000e+03
  -4.5148801e-02   3.2100000e+03
  -4.7701631e-02   3.2250000e+03
  -4.9693439e-02   3.2400000e+03
  -5.1333100e-02   3.2550000e+03
  -5.2720416e-02   3.2700000e+03
  -5.3827532e-02   3.2850000e+03
  -5.4501124e-02   3.3000000e+03
  -5.4541685e-02   3.3150000e+03
  -5.3879835e-02   3.3300000e+03
  -5.2728482e-02   3.3450000e+03
  -5.1533487e-02   3.3600000e+03
  -5.0710659e-02   3.3750000e+03
  -5.0375976e-02   3.3900000e+03
  -5.0270576e-02   3.4050000e+03
  -4.9867097e-02   3.4200000e+03
  -4.8514672e-02   3.4350000e+03
  -4.5571961e-02   3.4500000e+03
  -4.0581249e-02   3.4650000e+03
  -3.3460684e-02   3.4800000e+03
  -2.4569428e-02   3.4950000e+03
  -1.4557341e-02   3.5100000e+03
  -4.1000322e-03   3.5250000e+03
   6.2942342e-03   3.5400000e+03
   1.6311796e-02   3.5550000e+03
   2.5729159e-02   3.5700000e+03
   3.4255534e-02   3.5850000e+03
   4.1394982e-02   3.6000000e+03
   4.6406910e-02   3.6150000e+03
   4.8436262e-02   3.6300000e+03
   4.6803147e-02   3.6450000e+03
   4.1313164e-02   3.6600000e+03
   3.2396566e-02   3.6750000e+03
   2.0986456e-02   3.6900000e+03
   8.2219699e-03   3.7050000e+03
  -4.8514525e-03   3.7200000e+03
  -1.7466264e-02   3.7350000e+03
  -2.9176747e-02   3.7500000e+03
  -3.9784957e-02   3.7650000e+03
  -4.9194071e-02   3.7800000e+03
  -5.7266302e-02   3.7950000e+03
  -6.3760392e-02   3.8100000e+03
  -6.8358175e-02   3.8250000e+03
  -7.0727065e-02   3.8400000e+03
  -7.0577964e-02   3.8550000e+03
  -6.7729726e-02   3.8700000e+03
  -6.2193505e-02   3.8850000e+03
  -5.4239307e-02   3.9000000e+03
  -4.4384688e-02   3.9150000e+03
  -3.3293560e-02   3.9300000e+03
  -2.1639060e-02   3.9450000e+03
  -1.0001058e-02   3.9600000e+03
   1.1651422e-03   3.9750000e+03
   1.1495290e-02   3.9900000e+03
   2.0654401e-02   4.0050000e+03
   2.8300066e-02   4.0200000e+03
   3.4112290e-02   4.0350000e+03
   3.7879165e-02   4.0500000e+03
   3.9575603e-02   4.0650000e+03
   3.9382797e-02   4.0800000e+03
   3.7660118e-02   4.0950000e+03
   3.4916528e-02   4.1100000e+03
   3.1789333e-02   4.1250000e+03
   2.8984860e-02   4.1400000e+03
   2.7149102e-02   4.1550000e+03
   2.6706468e-02   4.1700000e+03
   2.7746229e-02   4.1850000e+03
   3.0004632e-02   4.2000000e+03
   3.2930728e-02   4.2150000e+03
   3.5798699e-02   4.2300000e+03
   3.7842039e-02   4.2450000e+03
   3.8392138e-02   4.2600000e+03
   3.6989190e-02   4.2750000e+03
   3.3428505e-02   4.2900000e+03
   2.7736833e-02   4.3050000e+03
   2.0116458e-02   4.3200000e+03
   1.0903777e-02   4.3350000e+03
   5.5785355e-04   4.3500000e+03
  -1.0341552e-02   4.3650000e+03
  -2.1116713e-02   4.3800000e+03
  -3.1049129e-02   4.3950000e+03
  -3.9457414e-02   4.4100000e+03
  -4.5763999e-02   4.4250000e+03
  -4.9531776e-02   4.4400000e+03
  -5.0490599e-02   4.4550000e+03
  -4.8588552e-02   4.4700000e+03
  -4.4060487e-02   4.4850000e+03
  -3.7451379e-02   4.5000000e+03
