  -7.4468413e-03   0.0000000e+00
  -7.4461023e-03   1.5000000e+01
  -7.4442998e-03   3.0000000e+01
  -7.4428166e-03   4.5000000e+01
  -7.4432250e-03   6.0000000e+01
  -7.4465298e-03   7.5000000e+01
  -7.4528237e-03   9.0000000e+01
  -7.4616466e-03   1.0500000e+02
  -7.4728271e-03   1.2000000e+02
  -7.4870349e-03   1.3500000e+02
  -7.5049293e-03   1.5000000e+02
  -7.5263130e-03   1.6500000e+02
  -7.5507499e-03   1.8000000e+02
  -7.5775660e-03   1.9500000e+02
  -7.6050740e-03   2.1000000e+02
  -7.6317186e-03   2.2500000e+02
  -7.6581500e-03   2.4000000e+02
  -7.6870071e-03   2.5500000e+02
  -7.7200239e-03   2.7000000e+02
  -7.7555571e-03   2.8500000e+02
  -7.7897147e-03   3.0000000e+02
  -7.8201555e-03   3.1500000e+02
  -7.8490498e-03   3.3000000e+02
  -7.8827152e-03   3.4500000e+02
  -7.9270583e-03   3.6000000e+02
  -7.9822196e-03   3.7500000e+02
  -8.0437222e-03   3.9000000e+02
  -8.1098462e-03   4.0500000e+02
  -8.1832483e-03   4.2000000e+02
  -8.2628941e-03   4.3500000e+02
  -8.3416197e-03   4.5000000e+02
  -8.4163239e-03   4.6500000e+02
  -8.4929224e-03   4.8000000e+02
  -8.5771512e-03   4.9500000e+02
  -8.6688437e-03   5.1000000e+02
  -8.7690763e-03   5.2500000e+02
  -8.8850828e-03   5.4000000e+02
  -9.0238992e-03   5.5500000e+02
  -9.1868117e-03   5.7000000e+02
  -9.3730418e-03   5.8500000e+02
  -9.5820362e-03   6.0000000e+02
  -9.8086419e-03   6.1500000e+02
  -1.0044775e-02   6.3000000e+02
  -1.0289566e-02   6.4500000e+02
  -1.0549551e-02   6.6000000e+02
  -1.0830192e-02   6.7500000e+02
  -1.1136586e-02   6.9000000e+02
  -1.1477083e-02   7.0500000e+02
  -1.1857409e-02   7.2000000e+02
  -1.2276762e-02   7.3500000e+02
  -1.2732244e-02   7.5000000e+02
  -1.3220688e-02   7.6500000e+02
  -1.3739158e-02   7.8000000e+02
  -1.4292862e-02   7.9500000e+02
  -1.4902673e-02   8.1000000e+02
  -1.5601478e-02   8.2500000e+02
  -1.6425168e-02   8.4000000e+02
  -1.7411401e-02   8.5500000e+02
  -1.8611431e-02   8.7000000e+02
  -2.0105636e-02   8.8500000e+02
  -2.1990046e-02   9.0000000e+02
  -2.4269400e-02   9.1500000e+02
  -2.6543923e-02   9.3000000e+02
  -2.7313897e-02   9.4500000e+02
  -2.2778785e-02   9.6000000e+02
  -5.4359972e-03   9.7500000e+02
   3.6289852e-02   9.9000000e+02
   1.1515421e-01   1.0050000e+03
   2.3689896e-01   1.0200000e+03
   3.8781935e-01   1.0350000e+03
   5.2529651e-01   1.0500000e+03
   5.8358282e-01   1.0650000e+03
   5.0322241e-01   1.0800000e+03
   2.7504247e-01   1.0950000e+03
  -3.2092147e-02   1.1100000e+03
  -2.9335871e-01   1.1250000e+03
  -4.0083402e-01   1.1400000e+03
  -3.3812639e-01   1.1550000e+03
  -1.9093131e-01   1.1700000e+03
  -7.6304778e-02   1.1850000e+03
  -5.0804961e-02   1.2000000e+03
  -8.1105143e-02   1.2150000e+03
  -9.6911393e-02   1.2300000e+03
  -6.3581720e-02   1.2450000e+03
  -3.8848587e-03   1.2600000e+03
   3.6102790e-02   1.2750000e+03
   3.0515607e-02   1.2900000e+03
  -8.5574808e-03   1.3050000e+03
  -4.2563565e-02   1.3200000e+03
  -3.9159399e-02   1.3350000e+03
  -5.6607216e-03   1.3500000e+03
   1.5102473e-02   1.3650000e+03
  -3.9455164e-03   1.3800000e+03
  -3.6136545e-02   1.3950000e+03
  -3.6643006e-02   1.4100000e+03
  -7.8212451e-03   1.4250000e+03
   4.6228287e-03   1.4400000e+03
  -1.8278543e-02   1.4550000e+03
  -4.2429131e-02   1.4700000e+03
  -3.8122840e-02   1.4850000e+03
  -2.4266966e-02   1.5000000e+03
  -2.8829915e-02   1.5150000e+03
  -3.7774682e-02   1.5300000e+03
  -1.9650521e-02   1.5450000e+03
   1.8246181e-02   1.5600000e+03
   3.6537778e-02   1.5750000e+03
   2.1405745e-02   1.5900000e+03
   3.0804775e-03   1.6050000e+03
   1.2183912e-02   1.6200000e+03
   4.1647557e-02   1.6350000e+03
   6.1969571e-02   1.6500000e+03
   5.8394592e-02   1.6650000e+03
   4.0585335e-02   1.6800000e+03
   2.4457403e-02   1.6950000e+03
   1.7704045e-02   1.7100000e+03
   2.0565249e-02   1.7250000e+03
   2.8812155e-02   1.7400000e+03
   3.3383783e-02   1.7550000e+03
   2.4951549e-02   1.7700000e+03
   3.2566979e-03   1.7850000e+03
  -2.0558145e-02   1.8000000e+03
  -3.2133780e-02   1.8150000e+03
  -2.3949532e-02   1.8300000e+03
  -8.8880816e-04   1.8450000e+03
   2.0270260e-02   1.8600000e+03
   2.0551356e-02   1.8750000e+03
  -4.8287814e-03   1.8900000e+03
  -3.8331747e-02   1.9050000e+03
  -5.1937178e-02   1.9200000e+03
  -2.9698471e-02   1.9350000e+03
   1.9436875e-02   1.9500000e+03
   6.7822129e-02   1.9650000e+03
   8.7897636e-02   1.9800000e+03
   7.1128041e-02   1.9950000e+03
   3.4109343e-02   2.0100000e+03
   3.8309766e-03   2.0250000e+03
  -8.5206591e-03   2.0400000e+03
  -1.8680466e-02   2.0550000e+03
  -4.9137197e-02   2.0700000e+03
  -9.6607797e-02   2.0850000e+03
  -1.2451176e-01   2.1000000e+03
  -9.3014359e-02   2.1150000e+03
   1.5021849e-03   2.1300000e+03
   1.1608247e-01   2.1450000e+03
   1.8971902e-01   2.1600000e+03
   1.8481681e-01   2.1750000e+03
   1.0690509e-01   2.1900000e+03
  -8.5696150e-03   2.2050000e+03
  -1.2204517e-01   2.2200000e+03
  -2.0138454e-01   2.2350000e+03
  -2.1819240e-01   2.2500000e+03
  -1.5287367e-01   2.2650000e+03
  -1.8958593e-02   2.2800000e+03
   1.2111291e-01   2.2950000e+03
   1.8407008e-01   2.3100000e+03
   1.2792976e-01   2.3250000e+03
  -8.3342129e-03   2.3400000e+03
  -1.3068230e-01   2.3550000e+03
  -1.6154557e-01   2.3700000e+03
  -9.4408967e-02   2.3850000e+03
   1.0951085e-02   2.4000000e+03
   8.0312826e-02   2.4150000e+03
   7.7691622e-02   2.4300000e+03
   2.1472314e-02   2.4450000e+03
  -3.9907187e-02   2.4600000e+03
  -6.7794293e-02   2.4750000e+03
  -5.7370979e-02   2.4900000e+03
  -3.1244691e-02   2.5050000e+03
  -1.3306007e-02   2.5200000e+03
  -7.9331184e-03   2.5350000e+03
  -2.1050090e-03   2.5500000e+03
   1.4439774e-02   2.5650000e+03
   3.3269562e-02   2.5800000e+03
   3.3496737e-02   2.5950000e+03
   4.9148258e-03   2.6100000e+03
  -3.6471896e-02   2.6250000e+03
  -5.8990940e-02   2.6400000e+03
  -4.3578360e-02   2.6550000e+03
  -1.9141486e-03   2.6700000e+03
   3.4129627e-02   2.6850000e+03
   4.1233335e-02   2.7000000e+03
   2.2892885e-02   2.7150000e+03
   4.2785233e-04   2.7300000e+03
  -1.0940215e-02   2.7450000e+03
  -1.3988988e-02   2.7600000e+03
  -1.8416137e-02   2.7750000e+03
  -2.3782266e-02   2.7900000e+03
  -1.9677810e-02   2.8050000e+03
  -2.5214651e-03   2.8200000e+03
   1.4989726e-02   2.8350000e+03
   1.6691210e-02   2.8500000e+03
   2.2085465e-03   2.8650000e+03
  -1.3011435e-02   2.8800000e+03
  -1.6494932e-02   2.8950000e+03
  -1.0620657e-02   2.9100000e+03
  -3.6364992e-03   2.9250000e+03
   3.5545502e-03   2.9400000e+03
   1.4533263e-02   2.9550000e+03
   2.5161566e-02   2.9700000e+03
   2.3896812e-02   2.9850000e+03
   6.6893823e-03   3.0000000e+03
  -1.5317823e-02   3.0150000e+03
  -2.8115483e-02   3.0300000e+03
  -3.0886693e-02   3.0450000e+03
  -3.3342719e-02   3.0600000e+03
  -3.8502362e-02   3.0750000e+03
  -3.6183085e-02   3.0900000e+03
  -1.7238595e-02   3.1050000e+03
   1.1230499e-02   3.1200000e+03
   3.1117741e-02   3.1350000e+03
   3.2245040e-02   3.1500000e+03
   2.0780126e-02   3.1650000e+03
   9.1258185e-03   3.1800000e+03
   3.3291481e-03   3.1950000e+03
   2.6412278e-03   3.2100000e+03
   5.9366846e-03   3.2250000e+03
   1.2784970e-02   3.2400000e+03
   1.9752048e-02   3.2550000e+03
   2.1170435e-02   3.2700000e+03
   1.5006058e-02   3.2850000e+03
   5.0789639e-03   3.3000000e+03
  -3.4742185e-03   3.3150000e+03
  -8.4648449e-03   3.3300000e+03
  -9.6087316e-03   3.3450000e+03
  -6.3002906e-03   3.3600000e+03
   1.0685623e-03   3.3750000e+03
   8.9884736e-03   3.3900000e+03
   1.2630950e-02   3.4050000e+03
   1.0012465e-02   3.4200000e+03
   3.3483622e-03   3.4350000e+03
  -3.4072842e-03   3.4500000e+03
  -7.3131765e-03   3.4650000e+03
  -7.1596527e-03   3.4800000e+03
  -3.0726325e-03   3.4950000e+03
   3.7111379e-03   3.5100000e+03
   1.0959531e-02   3.5250000e+03
   1.5904890e-02   3.5400000e+03
   1.6274896e-02   3.5550000e+03
   1.1819252e-02   3.5700000e+03
   5.1810523e-03   3.5850000e+03
   3.5424856e-04   3.6000000e+03
  -8.2167151e-04   3.6150000e+03
  -5.4959412e-04   3.6300000e+03
  -2.6904915e-03   3.6450000e+03
  -8.3230129e-03   3.6600000e+03
  -1.3933564e-02   3.6750000e+03
  -1.3775826e-02   3.6900000e+03
  -3.8449550e-03   3.7050000e+03
   1.5277964e-02   3.7200000e+03
   3.7572160e-02   3.7350000e+03
   5.3240728e-02   3.7500000e+03
   5.3397171e-02   3.7650000e+03
   3.5865881e-02   3.7800000e+03
   7.5780554e-03   3.7950000e+03
  -1.9264884e-02   3.8100000e+03
  -3.4696154e-02   3.8250000e+03
  -3.6204696e-02   3.8400000e+03
  -2.7953150e-02   3.8550000e+03
  -1.5685227e-02   3.8700000e+03
  -2.4150305e-03   3.8850000e+03
   1.1436610e-02   3.9000000e+03
   2.4489762e-02   3.9150000e+03
   3.1994637e-02   3.9300000e+03
   2.7991451e-02   3.9450000e+03
   1.0709601e-02   3.9600000e+03
  -1.3716768e-02   3.9750000e+03
  -3.3057943e-02   3.9900000e+03
  -3.5747048e-02   4.0050000e+03
  -1.8323613e-02   4.0200000e+03
   1.1228481e-02   4.0350000e+03
   3.6786672e-02   4.0500000e+03
   4.2948507e-02   4.0650000e+03
   2.4754096e-02   4.0800000e+03
  -8.0408687e-03   4.0950000e+03
  -3.6069814e-02   4.1100000e+03
  -4.2602185e-02   4.1250000e+03
  -2.4750622e-02   4.1400000e+03
   4.8562000e-03   4.1550000e+03
   2.7522344e-02   4.1700000e+03
   3.1683352e-02   4.1850000e+03
   1.9539407e-02   4.2000000e+03
   2.8079508e-03   4.2150000e+03
  -7.5002029e-03   4.2300000e+03
  -8.5095661e-03   4.2450000e+03
  -5.3572846e-03   4.2600000e+03
  -5.4913894e-03   4.2750000e+03
  -1.2622514e-02   4.2900000e+03
  -2.4232483e-02   4.3050000e+03
  -3.3474728e-02   4.3200000e+03
  -3.3801194e-02   4.3350000e+03
  -2.3239009e-02   4.3500000e+03
  -5.4543098e-03   4.3650000e+03
   1.2867865e-02   4.3800000e+03
   2.5789548e-02   4.3950000e+03
   3.0064031e-02   4.4100000e+03
   2.5117271e-02   4.4250000e+03
   1.3247114e-02   4.4400000e+03
   4.5672286e-04   4.4550000e+03
  -5.1392983e-03   4.4700000e+03
   6.1896478e-04   4.4850000e+03
   1.1816660e-02   4.5000000e+03
