  -2.6906144e-03   0.0000000e+00
  -2.6904882e-03   1.5000000e+01
  -2.6901904e-03   3.0000000e+01
  -2.6899518e-03   4.5000000e+01
  -2.6899518e-03   6.0000000e+01
  -2.6902601e-03   7.5000000e+01
  -2.6909434e-03   9.0000000e+01
  -2.6920750e-03   1.0500000e+02
  -2.6937169e-03   1.2000000e+02
  -2.6959355e-03   1.3500000e+02
  -2.6986736e-03   1.5000000e+02
  -2.7017994e-03   1.6500000e+02
  -2.7053354e-03   1.8000000e+02
  -2.7092611e-03   1.9500000e+02
  -2.7131685e-03   2.1000000e+02
  -2.7165592e-03   2.2500000e+02
  -2.7194624e-03   2.4000000e+02
  -2.7225260e-03   2.5500000e+02
  -2.7264517e-03   2.7000000e+02
  -2.7312881e-03   2.8500000e+02
  -2.7363461e-03   3.0000000e+02
  -2.7409107e-03   3.1500000e+02
  -2.7449571e-03   3.3000000e+02
  -2.7491346e-03   3.4500000e+02
  -2.7542352e-03   3.6000000e+02
  -2.7607235e-03   3.7500000e+02
  -2.7686183e-03   3.9000000e+02
  -2.7777266e-03   4.0500000e+02
  -2.7877276e-03   4.2000000e+02
  -2.7977729e-03   4.3500000e+02
  -2.8066963e-03   4.5000000e+02
  -2.8141625e-03   4.6500000e+02
  -2.8209470e-03   4.8000000e+02
  -2.8278066e-03   4.9500000e+02
  -2.8349706e-03   5.1000000e+02
  -2.8429038e-03   5.2500000e+02
  -2.8525558e-03   5.4000000e+02
  -2.8643650e-03   5.5500000e+02
  -2.8778294e-03   5.7000000e+02
  -2.8925301e-03   5.8500000e+02
  -2.9085947e-03   6.0000000e+02
  -2.9256754e-03   6.1500000e+02
  -2.9427654e-03   6.3000000e+02
  -2.9596053e-03   6.4500000e+02
  -2.9768951e-03   6.6000000e+02
  -2.9949278e-03   6.7500000e+02
  -3.0135175e-03   6.9000000e+02
  -3.0329186e-03   7.0500000e+02
  -3.0534540e-03   7.2000000e+02
  -3.0749126e-03   7.3500000e+02
  -3.0970618e-03   7.5000000e+02
  -3.1199085e-03   7.6500000e+02
  -3.1433832e-03   7.8000000e+02
  -3.1674940e-03   7.9500000e+02
  -3.1925107e-03   8.1000000e+02
  -3.2186001e-03   8.2500000e+02
  -3.2456741e-03   8.4000000e+02
  -3.2735670e-03   8.5500000e+02
  -3.3021481e-03   8.7000000e+02
  -3.3315190e-03   8.8500000e+02
  -3.3620792e-03   9.0000000e+02
  -3.3940554e-03   9.1500000e+02
  -3.4273244e-03   9.3000000e+02
  -3.4619628e-03   9.4500000e+02
  -3.4985440e-03   9.6000000e+02
  -3.5377503e-03   9.7500000e+02
  -3.5799001e-03   9.9000000e+02
  -3.6249089e-03   1.0050000e+03
  -3.6727090e-03   1.0200000e+03
  -3.7236288e-03   1.0350000e+03
  -3.7782216e-03   1.0500000e+03
  -3.8368653e-03   1.0650000e+03
  -3.8996027e-03   1.0800000e+03
  -3.9661066e-03   1.0950000e+03
  -4.0355073e-03   1.1100000e+03
  -4.1062129e-03   1.1250000e+03
  -4.1763471e-03   1.1400000e+03
  -4.2450181e-03   1.1550000e+03
  -4.3134722e-03   1.1700000e+03
  -4.3848143e-03   1.1850000e+03
  -4.4622105e-03   1.2000000e+03
  -4.5470702e-03   1.2150000e+03
  -4.6390058e-03   1.2300000e+03
  -4.7373716e-03   1.2450000e+03
  -4.8424411e-03   1.2600000e+03
  -4.9550417e-03   1.2750000e+03
  -5.0755586e-03   1.2900000e+03
  -5.2037374e-03   1.3050000e+03
  -5.3391783e-03   1.3200000e+03
  -5.4815365e-03   1.3350000e+03
  -5.6303912e-03   1.3500000e+03
  -5.7854713e-03   1.3650000e+03
  -5.9472923e-03   1.3800000e+03
  -6.1174259e-03   1.3950000e+03
  -6.2981299e-03   1.4100000e+03
  -6.4921258e-03   1.4250000e+03
  -6.7030094e-03   1.4400000e+03
  -6.9353818e-03   1.4550000e+03
  -7.1936594e-03   1.4700000e+03
  -7.4803033e-03   1.4850000e+03
  -7.7955620e-03   1.5000000e+03
  -8.1398077e-03   1.5150000e+03
  -8.5168360e-03   1.5300000e+03
  -8.9355689e-03   1.5450000e+03
  -9.4089061e-03   1.5600000e+03
  -9.9493247e-03   1.5750000e+03
  -1.0559076e-02   1.5900000e+03
  -1.1209714e-02   1.6050000e+03
  -1.1803500e-02   1.6200000e+03
  -1.2110445e-02   1.6350000e+03
  -1.1683415e-02   1.6500000e+03
  -9.7729545e-03   1.6650000e+03
  -5.2910959e-03   1.6800000e+03
   3.1029810e-03   1.6950000e+03
   1.6726153e-02   1.7100000e+03
   3.6389980e-02   1.7250000e+03
   6.1814539e-02   1.7400000e+03
   9.1167860e-02   1.7550000e+03
   1.2102217e-01   1.7700000e+03
   1.4692199e-01   1.7850000e+03
   1.6450101e-01   1.8000000e+03
   1.7078833e-01   1.8150000e+03
   1.6520196e-01   1.8300000e+03
   1.4984302e-01   1.8450000e+03
   1.2898165e-01   1.8600000e+03
   1.0785563e-01   1.8750000e+03
   9.1012925e-02   1.8900000e+03
   8.0592163e-02   1.9050000e+03
   7.5289682e-02   1.9200000e+03
   7.0974365e-02   1.9350000e+03
   6.3286759e-02   1.9500000e+03
   5.0973851e-02   1.9650000e+03
   3.7417933e-02   1.9800000e+03
   2.8631303e-02   1.9950000e+03
   2.8999627e-02   2.0100000e+03
   3.8502414e-02   2.0250000e+03
   5.3854048e-02   2.0400000e+03
   7.1619578e-02   2.0550000e+03
   8.8805214e-02   2.0700000e+03
   9.9508241e-02   2.0850000e+03
   9.2010044e-02   2.1000000e+03
   5.1933374e-02   2.1150000e+03
  -2.8739810e-02   2.1300000e+03
  -1.4339463e-01   2.1450000e+03
  -2.6920399e-01   2.1600000e+03
  -3.7205178e-01   2.1750000e+03
  -4.1469952e-01   2.1900000e+03
  -3.6768529e-01   2.2050000e+03
  -2.2349238e-01   2.2200000e+03
  -8.3940066e-03   2.2350000e+03
   2.1931733e-01   2.2500000e+03
   3.8982385e-01   2.2650000e+03
   4.5111391e-01   2.2800000e+03
   3.8993406e-01   2.2950000e+03
   2.3541141e-01   2.3100000e+03
   4.8492793e-02   2.3250000e+03
  -9.7733654e-02   2.3400000e+03
  -1.4590225e-01   2.3550000e+03
  -8.5329466e-02   2.3700000e+03
   3.1566612e-02   2.3850000e+03
   1.0817552e-01   2.4000000e+03
   5.9955113e-02   2.4150000e+03
  -1.2032313e-01   2.4300000e+03
  -3.3465883e-01   2.4450000e+03
  -4.2323524e-01   2.4600000e+03
  -2.6997235e-01   2.4750000e+03
   9.2700526e-02   2.4900000e+03
   4.6707311e-01   2.5050000e+03
   6.0532343e-01   2.5200000e+03
   3.9713761e-01   2.5350000e+03
  -1.7191740e-02   2.5500000e+03
  -3.2975250e-01   2.5650000e+03
  -3.1052345e-01   2.5800000e+03
  -1.4964910e-02   2.5950000e+03
   2.5261530e-01   2.6100000e+03
   2.1923360e-01   2.6250000e+03
  -8.4689446e-02   2.6400000e+03
  -3.4306747e-01   2.6550000e+03
  -2.7187130e-01   2.6700000e+03
   7.8384452e-02   2.6850000e+03
   3.6694992e-01   2.7000000e+03
   3.2537904e-01   2.7150000e+03
   4.4118457e-02   2.7300000e+03
  -1.4664280e-01   2.7450000e+03
  -6.8239659e-02   2.7600000e+03
   1.0853790e-01   2.7750000e+03
   1.0048414e-01   2.7900000e+03
  -1.1227931e-01   2.8050000e+03
  -2.5243494e-01   2.8200000e+03
  -1.0511617e-01   2.8350000e+03
   1.9022080e-01   2.8500000e+03
   3.0078855e-01   2.8650000e+03
   1.1272618e-01   2.8800000e+03
  -1.3743411e-01   2.8950000e+03
  -1.7336163e-01   2.9100000e+03
  -1.4067106e-02   2.9250000e+03
   9.4678774e-02   2.9400000e+03
   2.5465153e-02   2.9550000e+03
  -8.7623782e-02   2.9700000e+03
  -7.1725488e-02   2.9850000e+03
   3.9945725e-02   3.0000000e+03
   7.7359721e-02   3.0150000e+03
  -1.3677985e-02   3.0300000e+03
  -1.0476168e-01   3.0450000e+03
  -7.6352380e-02   3.0600000e+03
   2.3044918e-02   3.0750000e+03
   6.0283564e-02   3.0900000e+03
  -1.2368655e-03   3.1050000e+03
  -7.3295690e-02   3.1200000e+03
  -7.3583148e-02   3.1350000e+03
  -1.8450210e-02   3.1500000e+03
   2.3126457e-02   3.1650000e+03
   1.8217489e-02   3.1800000e+03
  -1.2809467e-02   3.1950000e+03
  -3.8422484e-02   3.2100000e+03
  -4.5177888e-02   3.2250000e+03
  -3.4832120e-02   3.2400000e+03
  -1.6431678e-02   3.2550000e+03
  -3.0385279e-03   3.2700000e+03
  -2.5574288e-03   3.2850000e+03
  -8.0009997e-03   3.3000000e+03
  -4.6128011e-03   3.3150000e+03
   9.7035309e-03   3.3300000e+03
   1.6833790e-02   3.3450000e+03
  -1.4655797e-03   3.3600000e+03
  -3.5765775e-02   3.3750000e+03
  -5.0445583e-02   3.3900000e+03
  -2.3371529e-02   3.4050000e+03
   1.9439466e-02   3.4200000e+03
   2.6601823e-02   3.4350000e+03
  -1.3961593e-02   3.4500000e+03
  -5.2370299e-02   3.4650000e+03
  -3.8173486e-02   3.4800000e+03
   1.0664167e-02   3.4950000e+03
   3.1445973e-02   3.5100000e+03
   5.2190949e-03   3.5250000e+03
  -1.8607313e-02   3.5400000e+03
  -3.4033673e-04   3.5550000e+03
   2.7066180e-02   3.5700000e+03
   8.5501438e-03   3.5850000e+03
  -4.5582473e-02   3.6000000e+03
  -7.1648739e-02   3.6150000e+03
  -4.6962023e-02   3.6300000e+03
  -2.0879792e-02   3.6450000e+03
  -3.6062140e-02   3.6600000e+03
  -6.4298443e-02   3.6750000e+03
  -5.4878283e-02   3.6900000e+03
  -1.5334805e-02   3.7050000e+03
   2.1402442e-03   3.7200000e+03
  -1.7954608e-02   3.7350000e+03
  -3.6078867e-02   3.7500000e+03
  -2.6379146e-02   3.7650000e+03
  -1.7537603e-02   3.7800000e+03
  -4.1549146e-02   3.7950000e+03
  -7.7220455e-02   3.8100000e+03
  -8.0586195e-02   3.8250000e+03
  -5.1668212e-02   3.8400000e+03
  -3.0828664e-02   3.8550000e+03
  -3.4316614e-02   3.8700000e+03
  -3.3578184e-02   3.8850000e+03
  -6.7677367e-03   3.9000000e+03
   2.4623428e-02   3.9150000e+03
   3.0031040e-02   3.9300000e+03
   1.4271939e-02   3.9450000e+03
   2.1747409e-03   3.9600000e+03
  -3.4776388e-03   3.9750000e+03
  -1.8551802e-02   3.9900000e+03
  -3.9387479e-02   4.0050000e+03
  -3.9163541e-02   4.0200000e+03
  -7.3096473e-03   4.0350000e+03
   3.1915531e-02   4.0500000e+03
   5.0317772e-02   4.0650000e+03
   4.6824250e-02   4.0800000e+03
   3.6358517e-02   4.0950000e+03
   2.4280882e-02   4.1100000e+03
   8.1700394e-03   4.1250000e+03
  -5.7901959e-03   4.1400000e+03
  -7.3212204e-03   4.1550000e+03
  -3.3350260e-04   4.1700000e+03
  -5.5921107e-04   4.1850000e+03
  -1.3047746e-02   4.2000000e+03
  -2.4412155e-02   4.2150000e+03
  -2.1084512e-02   4.2300000e+03
  -5.6345128e-03   4.2450000e+03
   9.0873819e-03   4.2600000e+03
   1.3480016e-02   4.2750000e+03
   3.8811751e-03   4.2900000e+03
  -1.9732554e-02   4.3050000e+03
  -4.9527418e-02   4.3200000e+03
  -6.6894040e-02   4.3350000e+03
  -5.3973481e-02   4.3500000e+03
  -1.1792177e-02   4.3650000e+03
   3.6472533e-02   4.3800000e+03
   6.2980346e-02   4.3950000e+03
   5.6553006e-02   4.4100000e+03
   2.9001348e-02   4.4250000e+03
   3.5252010e-03   4.4400000e+03
  -3.6206322e-03   4.4550000e+03
   6.3376068e-03   4.4700000e+03
   1.9818708e-02   4.4850000e+03
   2.5609968e-02   4.5000000e+03
