  -1.3123901e-03   0.0000000e+00
  -1.3123958e-03   1.5000000e+01
  -1.3124241e-03   3.0000000e+01
  -1.3125002e-03   4.5000000e+01
  -1.3125994e-03   6.0000000e+01
  -1.3126478e-03   7.5000000e+01
  -1.3126152e-03   9.0000000e+01
  -1.3125603e-03   1.0500000e+02
  -1.3126166e-03   1.2000000e+02
  -1.3128682e-03   1.3500000e+02
  -1.3132038e-03   1.5000000e+02
  -1.3132204e-03   1.6500000e+02
  -1.3119332e-03   1.8000000e+02
  -1.3062427e-03   1.9500000e+02
  -1.2870225e-03   2.1000000e+02
  -1.2348711e-03   2.2500000e+02
  -1.1243284e-03   2.4000000e+02
  -9.4656606e-04   2.5500000e+02
  -7.4154616e-04   2.7000000e+02
  -5.9901457e-04   2.8500000e+02
  -5.9404736e-04   3.0000000e+02
  -7.0070173e-04   3.1500000e+02
  -7.9522195e-04   3.3000000e+02
  -7.8300963e-04   3.4500000e+02
  -7.0728018e-04   3.6000000e+02
  -6.8320334e-04   3.7500000e+02
  -7.3663559e-04   3.9000000e+02
  -7.8034546e-04   4.0500000e+02
  -7.5751561e-04   4.2000000e+02
  -7.2128943e-04   4.3500000e+02
  -7.3357561e-04   4.5000000e+02
  -7.6679297e-04   4.6500000e+02
  -7.6677627e-04   4.8000000e+02
  -7.4719149e-04   4.9500000e+02
  -7.5205142e-04   5.1000000e+02
  -7.7439280e-04   5.2500000e+02
  -7.7897887e-04   5.4000000e+02
  -7.6875160e-04   5.5500000e+02
  -7.7094499e-04   5.7000000e+02
  -7.8431459e-04   5.8500000e+02
  -7.8787818e-04   6.0000000e+02
  -7.8269211e-04   6.1500000e+02
  -7.8558514e-04   6.3000000e+02
  -7.9559587e-04   6.4500000e+02
  -7.9948874e-04   6.6000000e+02
  -7.9807843e-04   6.7500000e+02
  -7.9965912e-04   6.9000000e+02
  -7.9956593e-04   7.0500000e+02
  -7.8740926e-04   7.2000000e+02
  -7.6241523e-04   7.3500000e+02
  -7.2777783e-04   7.5000000e+02
  -6.8376446e-04   7.6500000e+02
  -6.3794013e-04   7.8000000e+02
  -6.1115879e-04   7.9500000e+02
  -6.2305451e-04   8.1000000e+02
  -6.7445455e-04   8.2500000e+02
  -7.4427400e-04   8.4000000e+02
  -7.9903437e-04   8.5500000e+02
  -8.1199233e-04   8.7000000e+02
  -7.8628981e-04   8.8500000e+02
  -7.5841253e-04   9.0000000e+02
  -7.6586305e-04   9.1500000e+02
  -8.0769742e-04   9.3000000e+02
  -8.4576989e-04   9.4500000e+02
  -8.4941019e-04   9.6000000e+02
  -8.3076436e-04   9.7500000e+02
  -8.2712050e-04   9.9000000e+02
  -8.5286348e-04   1.0050000e+03
  -8.8325061e-04   1.0200000e+03
  -8.9052145e-04   1.0350000e+03
  -8.8147225e-04   1.0500000e+03
  -8.8366622e-04   1.0650000e+03
  -9.0298901e-04   1.0800000e+03
  -9.1789023e-04   1.0950000e+03
  -9.1659988e-04   1.1100000e+03
  -9.1541506e-04   1.1250000e+03
  -9.2993840e-04   1.1400000e+03
  -9.5002487e-04   1.1550000e+03
  -9.5967023e-04   1.1700000e+03
  -9.6471765e-04   1.1850000e+03
  -9.8111446e-04   1.2000000e+03
  -1.0077965e-03   1.2150000e+03
  -1.0316200e-03   1.2300000e+03
  -1.0508439e-03   1.2450000e+03
  -1.0737685e-03   1.2600000e+03
  -1.0994319e-03   1.2750000e+03
  -1.1183327e-03   1.2900000e+03
  -1.1295427e-03   1.3050000e+03
  -1.1412018e-03   1.3200000e+03
  -1.1560610e-03   1.3350000e+03
  -1.1701668e-03   1.3500000e+03
  -1.1836637e-03   1.3650000e+03
  -1.2007904e-03   1.3800000e+03
  -1.2210673e-03   1.3950000e+03
  -1.2406179e-03   1.4100000e+03
  -1.2599881e-03   1.4250000e+03
  -1.2821206e-03   1.4400000e+03
  -1.3052403e-03   1.4550000e+03
  -1.3248937e-03   1.4700000e+03
  -1.3403991e-03   1.4850000e+03
  -1.3541371e-03   1.5000000e+03
  -1.3676882e-03   1.5150000e+03
  -1.3824917e-03   1.5300000e+03
  -1.4005126e-03   1.5450000e+03
  -1.4212074e-03   1.5600000e+03
  -1.4414797e-03   1.5750000e+03
  -1.4603575e-03   1.5900000e+03
  -1.4801899e-03   1.6050000e+03
  -1.5025561e-03   1.6200000e+03
  -1.5265152e-03   1.6350000e+03
  -1.5511338e-03   1.6500000e+03
  -1.5764730e-03   1.6650000e+03
  -1.6019519e-03   1.6800000e+03
  -1.6264732e-03   1.6950000e+03
  -1.6503118e-03   1.7100000e+03
  -1.6752055e-03   1.7250000e+03
  -1.7024500e-03   1.7400000e+03
  -1.7313021e-03   1.7550000e+03
  -1.7589455e-03   1.7700000e+03
  -1.7824123e-03   1.7850000e+03
  -1.8013858e-03   1.8000000e+03
  -1.8185155e-03   1.8150000e+03
  -1.8362335e-03   1.8300000e+03
  -1.8545409e-03   1.8450000e+03
  -1.8727862e-03   1.8600000e+03
  -1.8918066e-03   1.8750000e+03
  -1.9127243e-03   1.8900000e+03
  -1.9350020e-03   1.9050000e+03
  -1.9571732e-03   1.9200000e+03
  -1.9785957e-03   1.9350000e+03
  -1.9993202e-03   1.9500000e+03
  -2.0191870e-03   1.9650000e+03
  -2.0383603e-03   1.9800000e+03
  -2.0581626e-03   1.9950000e+03
  -2.0800496e-03   2.0100000e+03
  -2.1038593e-03   2.0250000e+03
  -2.1280488e-03   2.0400000e+03
  -2.1517670e-03   2.0550000e+03
  -2.1758080e-03   2.0700000e+03
  -2.2012107e-03   2.0850000e+03
  -2.2276125e-03   2.1000000e+03
  -2.2534253e-03   2.1150000e+03
  -2.2772171e-03   2.1300000e+03
  -2.2985355e-03   2.1450000e+03
  -2.3178388e-03   2.1600000e+03
  -2.3361749e-03   2.1750000e+03
  -2.3545686e-03   2.1900000e+03
  -2.3732884e-03   2.2050000e+03
  -2.3917998e-03   2.2200000e+03
  -2.4094761e-03   2.2350000e+03
  -2.4258015e-03   2.2500000e+03
  -2.4398018e-03   2.2650000e+03
  -2.4501700e-03   2.2800000e+03
  -2.4563442e-03   2.2950000e+03
  -2.4587589e-03   2.3100000e+03
  -2.4576553e-03   2.3250000e+03
  -2.4522245e-03   2.3400000e+03
  -2.4412656e-03   2.3550000e+03
  -2.4239952e-03   2.3700000e+03
  -2.3996874e-03   2.3850000e+03
  -2.3669826e-03   2.4000000e+03
  -2.3243285e-03   2.4150000e+03
  -2.2710720e-03   2.4300000e+03
  -2.2074694e-03   2.4450000e+03
  -2.1329403e-03   2.4600000e+03
  -2.0441101e-03   2.4750000e+03
  -1.9347395e-03   2.4900000e+03
  -1.7978253e-03   2.5050000e+03
  -1.6279131e-03   2.5200000e+03
  -1.4211601e-03   2.5350000e+03
  -1.1727500e-03   2.5500000e+03
  -8.7382714e-04   2.5650000e+03
  -5.1040680e-04   2.5800000e+03
  -6.4512365e-05   2.5950000e+03
   4.8417068e-04   2.6100000e+03
   1.1580181e-03   2.6250000e+03
   1.9835189e-03   2.6400000e+03
   2.9953090e-03   2.6550000e+03
   4.2401706e-03   2.6700000e+03
   5.7787271e-03   2.6850000e+03
   7.6849973e-03   2.7000000e+03
   1.0046732e-02   2.7150000e+03
   1.2968817e-02   2.7300000e+03
   1.6577920e-02   2.7450000e+03
   2.1023879e-02   2.7600000e+03
   2.6475167e-02   2.7750000e+03
   3.3109672e-02   2.7900000e+03
   4.1103281e-02   2.8050000e+03
   5.0616004e-02   2.8200000e+03
   6.1772678e-02   2.8350000e+03
   7.4636318e-02   2.8500000e+03
   8.9176923e-02   2.8650000e+03
   1.0524230e-01   2.8800000e+03
   1.2253688e-01   2.8950000e+03
   1.4061143e-01   2.9100000e+03
   1.5886506e-01   2.9250000e+03
   1.7656349e-01   2.9400000e+03
   1.9287919e-01   2.9550000e+03
   2.0695648e-01   2.9700000e+03
   2.1799557e-01   2.9850000e+03
   2.2534044e-01   3.0000000e+03
   2.2854947e-01   3.0150000e+03
   2.2742912e-01   3.0300000e+03
   2.2201866e-01   3.0450000e+03
   2.1252829e-01   3.0600000e+03
   1.9925205e-01   3.0750000e+03
   1.8249142e-01   3.0900000e+03
   1.6252749e-01   3.1050000e+03
   1.3966204e-01   3.1200000e+03
   1.1431475e-01   3.1350000e+03
   8.7132603e-02   3.1500000e+03
   5.9055198e-02   3.1650000e+03
   3.1292439e-02   3.1800000e+03
   5.2045253e-03   3.1950000e+03
  -1.7888982e-02   3.2100000e+03
  -3.6918052e-02   3.2250000e+03
  -5.1230349e-02   3.2400000e+03
  -6.0675032e-02   3.2550000e+03
  -6.5586604e-02   3.2700000e+03
  -6.6682532e-02   3.2850000e+03
  -6.4907700e-02   3.3000000e+03
  -6.1264578e-02   3.3150000e+03
  -5.6663372e-02   3.3300000e+03
  -5.1816341e-02   3.3450000e+03
  -4.7188070e-02   3.3600000e+03
  -4.3000851e-02   3.3750000e+03
  -3.9284337e-02   3.3900000e+03
  -3.5952695e-02   3.4050000e+03
  -3.2888744e-02   3.4200000e+03
  -3.0010948e-02   3.4350000e+03
  -2.7298676e-02   3.4500000e+03
  -2.4761779e-02   3.4650000e+03
  -2.2365246e-02   3.4800000e+03
  -1.9948691e-02   3.4950000e+03
  -1.7193813e-02   3.5100000e+03
  -1.3675425e-02   3.5250000e+03
  -8.9882771e-03   3.5400000e+03
  -2.8977646e-03   3.5550000e+03
   4.5520170e-03   3.5700000e+03
   1.3014523e-02   3.5850000e+03
   2.1897299e-02   3.6000000e+03
   3.0462062e-02   3.6150000e+03
   3.7931155e-02   3.6300000e+03
   4.3584965e-02   3.6450000e+03
   4.6852592e-02   3.6600000e+03
   4.7394510e-02   3.6750000e+03
   4.5157183e-02   3.6900000e+03
   4.0367402e-02   3.7050000e+03
   3.3446595e-02   3.7200000e+03
   2.4863519e-02   3.7350000e+03
   1.4987817e-02   3.7500000e+03
   4.0237070e-03   3.7650000e+03
  -7.9303309e-03   3.7800000e+03
  -2.0724630e-02   3.7950000e+03
  -3.4001824e-02   3.8100000e+03
  -4.7147851e-02   3.8250000e+03
  -5.9392173e-02   3.8400000e+03
  -7.0000395e-02   3.8550000e+03
  -7.8442030e-02   3.8700000e+03
  -8.4437549e-02   3.8850000e+03
  -8.7876402e-02   3.9000000e+03
  -8.8687561e-02   3.9150000e+03
  -8.6771682e-02   3.9300000e+03
  -8.2051583e-02   3.9450000e+03
  -7.4606389e-02   3.9600000e+03
  -6.4793862e-02   3.9750000e+03
  -5.3279713e-02   3.9900000e+03
  -4.0964022e-02   4.0050000e+03
  -2.8859090e-02   4.0200000e+03
  -1.7974012e-02   4.0350000e+03
  -9.2071034e-03   4.0500000e+03
  -3.2050568e-03   4.0650000e+03
  -1.7906041e-04   4.0800000e+03
   2.4147420e-04   4.0950000e+03
  -1.0202359e-03   4.1100000e+03
  -2.7667356e-03   4.1250000e+03
  -3.9590737e-03   4.1400000e+03
  -4.0673749e-03   4.1550000e+03
  -3.1264520e-03   4.1700000e+03
  -1.4802639e-03   4.1850000e+03
   5.8151328e-04   4.2000000e+03
   3.0306778e-03   4.2150000e+03
   6.0314252e-03   4.2300000e+03
   9.6947597e-03   4.2450000e+03
   1.3870412e-02   4.2600000e+03
   1.8128406e-02   4.2750000e+03
   2.1924896e-02   4.2900000e+03
   2.4826562e-02   4.3050000e+03
   2.6652394e-02   4.3200000e+03
   2.7460659e-02   4.3350000e+03
   2.7407758e-02   4.3500000e+03
   2.6585802e-02   4.3650000e+03
   2.4962872e-02   4.3800000e+03
   2.2475600e-02   4.3950000e+03
   1.9193001e-02   4.4100000e+03
   1.5393026e-02   4.4250000e+03
   1.1460807e-02   4.4400000e+03
   7.6870508e-03   4.4550000e+03
   4.1501359e-03   4.4700000e+03
   7.8713719e-04   4.4850000e+03
  -2.4289626e-03   4.5000000e+03
