  -3.2965781e-03   0.0000000e+00
  -3.2964337e-03   1.5000000e+01
  -3.2960882e-03   3.0000000e+01
  -3.2958139e-03   4.5000000e+01
  -3.2958665e-03   6.0000000e+01
  -3.2963902e-03   7.5000000e+01
  -3.2974367e-03   9.0000000e+01
  -3.2990060e-03   1.0500000e+02
  -3.3011192e-03   1.2000000e+02
  -3.3038878e-03   1.3500000e+02
  -3.3073707e-03   1.5000000e+02
  -3.3115093e-03   1.6500000e+02
  -3.3163358e-03   1.8000000e+02
  -3.3218553e-03   1.9500000e+02
  -3.3277236e-03   2.1000000e+02
  -3.3335013e-03   2.2500000e+02
  -3.3392133e-03   2.4000000e+02
  -3.3453787e-03   2.5500000e+02
  -3.3525184e-03   2.7000000e+02
  -3.3606326e-03   2.8500000e+02
  -3.3691500e-03   3.0000000e+02
  -3.3774867e-03   3.1500000e+02
  -3.3855776e-03   3.3000000e+02
  -3.3938207e-03   3.4500000e+02
  -3.4026669e-03   3.6000000e+02
  -3.4123017e-03   3.7500000e+02
  -3.4226689e-03   3.9000000e+02
  -3.4337682e-03   4.0500000e+02
  -3.4455305e-03   4.2000000e+02
  -3.4570729e-03   4.3500000e+02
  -3.4668427e-03   4.5000000e+02
  -3.4741533e-03   4.6500000e+02
  -3.4797990e-03   4.8000000e+02
  -3.4848626e-03   4.9500000e+02
  -3.4899139e-03   5.1000000e+02
  -3.4955752e-03   5.2500000e+02
  -3.5027268e-03   5.4000000e+02
  -3.5116337e-03   5.5500000e+02
  -3.5215956e-03   5.7000000e+02
  -3.5320907e-03   5.8500000e+02
  -3.5433341e-03   6.0000000e+02
  -3.5550832e-03   6.1500000e+02
  -3.5662435e-03   6.3000000e+02
  -3.5764526e-03   6.4500000e+02
  -3.5865428e-03   6.6000000e+02
  -3.5970171e-03   6.7500000e+02
  -3.6077346e-03   6.9000000e+02
  -3.6188927e-03   7.0500000e+02
  -3.6308044e-03   7.2000000e+02
  -3.6432876e-03   7.3500000e+02
  -3.6561054e-03   7.5000000e+02
  -3.6692156e-03   7.6500000e+02
  -3.6825265e-03   7.8000000e+02
  -3.6960938e-03   7.9500000e+02
  -3.7101940e-03   8.1000000e+02
  -3.7248784e-03   8.2500000e+02
  -3.7399321e-03   8.4000000e+02
  -3.7551930e-03   8.5500000e+02
  -3.7706266e-03   8.7000000e+02
  -3.7864214e-03   8.8500000e+02
  -3.8029687e-03   9.0000000e+02
  -3.8204223e-03   9.1500000e+02
  -3.8386376e-03   9.3000000e+02
  -3.8576650e-03   9.4500000e+02
  -3.8778808e-03   9.6000000e+02
  -3.8996269e-03   9.7500000e+02
  -3.9229202e-03   9.9000000e+02
  -3.9474559e-03   1.0050000e+03
  -3.9730510e-03   1.0200000e+03
  -4.0000267e-03   1.0350000e+03
  -4.0288977e-03   1.0500000e+03
  -4.0599019e-03   1.0650000e+03
  -4.0929872e-03   1.0800000e+03
  -4.1279071e-03   1.0950000e+03
  -4.1641132e-03   1.1100000e+03
  -4.2006779e-03   1.1250000e+03
  -4.2366190e-03   1.1400000e+03
  -4.2716195e-03   1.1550000e+03
  -4.3066046e-03   1.1700000e+03
  -4.3434636e-03   1.1850000e+03
  -4.3838737e-03   1.2000000e+03
  -4.4282004e-03   1.2150000e+03
  -4.4754548e-03   1.2300000e+03
  -4.5243194e-03   1.2450000e+03
  -4.5740753e-03   1.2600000e+03
  -4.6246527e-03   1.2750000e+03
  -4.6762624e-03   1.2900000e+03
  -4.7293240e-03   1.3050000e+03
  -4.7844816e-03   1.3200000e+03
  -4.8422609e-03   1.3350000e+03
  -4.9025663e-03   1.3500000e+03
  -4.9646692e-03   1.3650000e+03
  -5.0277421e-03   1.3800000e+03
  -5.0912793e-03   1.3950000e+03
  -5.1550483e-03   1.4100000e+03
  -5.2189943e-03   1.4250000e+03
  -5.2834824e-03   1.4400000e+03
  -5.3495141e-03   1.4550000e+03
  -5.4181460e-03   1.4700000e+03
  -5.4892497e-03   1.4850000e+03
  -5.5607157e-03   1.5000000e+03
  -5.6291670e-03   1.5150000e+03
  -5.6917584e-03   1.5300000e+03
  -5.7477006e-03   1.5450000e+03
  -5.7987296e-03   1.5600000e+03
  -5.8488110e-03   1.5750000e+03
  -5.9034578e-03   1.5900000e+03
  -5.9688841e-03   1.6050000e+03
  -6.0508382e-03   1.6200000e+03
  -6.1529097e-03   1.6350000e+03
  -6.2743910e-03   1.6500000e+03
  -6.4084413e-03   1.6650000e+03
  -6.5417555e-03   1.6800000e+03
  -6.6564041e-03   1.6950000e+03
  -6.7336867e-03   1.7100000e+03
  -6.7587020e-03   1.7250000e+03
  -6.7233229e-03   1.7400000e+03
  -6.6246577e-03   1.7550000e+03
  -6.4572287e-03   1.7700000e+03
  -6.2005105e-03   1.7850000e+03
  -5.8065383e-03   1.8000000e+03
  -5.1913275e-03   1.8150000e+03
  -4.2286702e-03   1.8300000e+03
  -2.7408770e-03   1.8450000e+03
  -4.8323837e-04   1.8600000e+03
   2.8726985e-03   1.8750000e+03
   7.7425651e-03   1.8900000e+03
   1.4600940e-02   1.9050000e+03
   2.3907563e-02   1.9200000e+03
   3.5986412e-02   1.9350000e+03
   5.0872251e-02   1.9500000e+03
   6.8155669e-02   1.9650000e+03
   8.6871982e-02   1.9800000e+03
   1.0548963e-01   1.9950000e+03
   1.2204944e-01   2.0100000e+03
   1.3447447e-01   2.0250000e+03
   1.4100549e-01   2.0400000e+03
   1.4064361e-01   2.0550000e+03
   1.3344419e-01   2.0700000e+03
   1.2054116e-01   2.0850000e+03
   1.0388144e-01   2.1000000e+03
   8.5762449e-02   2.1150000e+03
   6.8331003e-02   2.1300000e+03
   5.3192176e-02   2.1450000e+03
   4.1213691e-02   2.1600000e+03
   3.2540239e-02   2.1750000e+03
   2.6781913e-02   2.1900000e+03
   2.3314578e-02   2.2050000e+03
   2.1610497e-02   2.2200000e+03
   2.1499382e-02   2.2350000e+03
   2.3256883e-02   2.2500000e+03
   2.7449617e-02   2.2650000e+03
   3.4538332e-02   2.2800000e+03
   4.4331908e-02   2.2950000e+03
   5.5462167e-02   2.3100000e+03
   6.5091617e-02   2.3250000e+03
   6.9065884e-02   2.3400000e+03
   6.2666371e-02   2.3550000e+03
   4.1971698e-02   2.3700000e+03
   5.5817650e-03   2.3850000e+03
  -4.3841366e-02   2.4000000e+03
  -9.8943964e-02   2.4150000e+03
  -1.4857958e-01   2.4300000e+03
  -1.8038610e-01   2.4450000e+03
  -1.8449064e-01   2.4600000e+03
  -1.5713109e-01   2.4750000e+03
  -1.0268638e-01   2.4900000e+03
  -3.2932471e-02   2.5050000e+03
   3.6654573e-02   2.5200000e+03
   9.2343614e-02   2.5350000e+03
   1.2702797e-01   2.5500000e+03
   1.4213425e-01   2.5650000e+03
   1.4540149e-01   2.5800000e+03
   1.4549249e-01   2.5950000e+03
   1.4626411e-01   2.6100000e+03
   1.4396042e-01   2.6250000e+03
   1.2915993e-01   2.6400000e+03
   9.2669010e-02   2.6550000e+03
   3.2199945e-02   2.6700000e+03
  -4.3949425e-02   2.6850000e+03
  -1.1842376e-01   2.7000000e+03
  -1.7090620e-01   2.7150000e+03
  -1.8577276e-01   2.7300000e+03
  -1.5778823e-01   2.7450000e+03
  -9.3724400e-02   2.7600000e+03
  -9.8839113e-03   2.7750000e+03
   7.3031567e-02   2.7900000e+03
   1.3589548e-01   2.8050000e+03
   1.6634780e-01   2.8200000e+03
   1.6177745e-01   2.8350000e+03
   1.2903808e-01   2.8500000e+03
   8.0910400e-02   2.8650000e+03
   3.0957548e-02   2.8800000e+03
  -1.0571226e-02   2.8950000e+03
  -3.7942316e-02   2.9100000e+03
  -4.8703838e-02   2.9250000e+03
  -4.2300060e-02   2.9400000e+03
  -2.0351639e-02   2.9550000e+03
   1.1938423e-02   2.9700000e+03
   4.5575436e-02   2.9850000e+03
   7.0296042e-02   3.0000000e+03
   7.8739032e-02   3.0150000e+03
   6.9479562e-02   3.0300000e+03
   4.7084201e-02   3.0450000e+03
   1.9727141e-02   3.0600000e+03
  -3.8420060e-03   3.0750000e+03
  -1.6923510e-02   3.0900000e+03
  -1.7076232e-02   3.1050000e+03
  -7.5399149e-03   3.1200000e+03
   3.5512205e-03   3.1350000e+03
   7.0964154e-03   3.1500000e+03
  -1.5114349e-03   3.1650000e+03
  -1.9142346e-02   3.1800000e+03
  -3.6652695e-02   3.1950000e+03
  -4.4599548e-02   3.2100000e+03
  -3.8910605e-02   3.2250000e+03
  -2.2813339e-02   3.2400000e+03
  -4.3809963e-03   3.2550000e+03
   8.1061972e-03   3.2700000e+03
   1.0118890e-02   3.2850000e+03
   2.3982173e-03   3.3000000e+03
  -1.0220758e-02   3.3150000e+03
  -2.1778204e-02   3.3300000e+03
  -2.8319366e-02   3.3450000e+03
  -2.9507732e-02   3.3600000e+03
  -2.7956570e-02   3.3750000e+03
  -2.6934283e-02   3.3900000e+03
  -2.7989846e-02   3.4050000e+03
  -2.9864956e-02   3.4200000e+03
  -2.9239297e-02   3.4350000e+03
  -2.3004062e-02   3.4500000e+03
  -1.0953993e-02   3.4650000e+03
   2.9053846e-03   3.4800000e+03
   1.2031420e-02   3.4950000e+03
   1.1715532e-02   3.5100000e+03
   3.2136943e-03   3.5250000e+03
  -6.1466368e-03   3.5400000e+03
  -7.9870643e-03   3.5550000e+03
   3.9461785e-04   3.5700000e+03
   1.3202143e-02   3.5850000e+03
   2.0064326e-02   3.6000000e+03
   1.3825528e-02   3.6150000e+03
  -4.1771233e-03   3.6300000e+03
  -2.5617491e-02   3.6450000e+03
  -4.1840613e-02   3.6600000e+03
  -4.9801163e-02   3.6750000e+03
  -5.2570671e-02   3.6900000e+03
  -5.4869629e-02   3.7050000e+03
  -5.8233269e-02   3.7200000e+03
  -5.9982393e-02   3.7350000e+03
  -5.6203626e-02   3.7500000e+03
  -4.5510862e-02   3.7650000e+03
  -3.0285483e-02   3.7800000e+03
  -1.4709153e-02   3.7950000e+03
  -1.5391922e-03   3.8100000e+03
   9.6785771e-03   3.8250000e+03
   2.1517036e-02   3.8400000e+03
   3.5498198e-02   3.8550000e+03
   4.9475480e-02   3.8700000e+03
   5.8119915e-02   3.8850000e+03
   5.6577172e-02   3.9000000e+03
   4.4231735e-02   3.9150000e+03
   2.4947135e-02   3.9300000e+03
   3.3953551e-03   3.9450000e+03
  -1.8824317e-02   3.9600000e+03
  -4.3211021e-02   3.9750000e+03
  -7.0615679e-02   3.9900000e+03
  -9.7985446e-02   4.0050000e+03
  -1.1928787e-01   4.0200000e+03
  -1.2964799e-01   4.0350000e+03
  -1.2838991e-01   4.0500000e+03
  -1.1826316e-01   4.0650000e+03
  -1.0236769e-01   4.0800000e+03
  -8.2204387e-02   4.0950000e+03
  -5.8263566e-02   4.1100000e+03
  -3.1634770e-02   4.1250000e+03
  -4.5825713e-03   4.1400000e+03
   2.0241451e-02   4.1550000e+03
   4.0776171e-02   4.1700000e+03
   5.5725183e-02   4.1850000e+03
   6.4093508e-02   4.2000000e+03
   6.4994372e-02   4.2150000e+03
   5.8339730e-02   4.2300000e+03
   4.5998711e-02   4.2450000e+03
   3.2137472e-02   4.2600000e+03
   2.1747263e-02   4.2750000e+03
   1.7942568e-02   4.2900000e+03
   2.0067465e-02   4.3050000e+03
   2.4289589e-02   4.3200000e+03
   2.6300168e-02   4.3350000e+03
   2.4021106e-02   4.3500000e+03
   1.8467516e-02   4.3650000e+03
   1.2554621e-02   4.3800000e+03
   8.9671453e-03   4.3950000e+03
   8.4514664e-03   4.4100000e+03
   9.4453283e-03   4.4250000e+03
   9.2232758e-03   4.4400000e+03
   5.8081597e-03   4.4550000e+03
  -7.1453035e-04   4.4700000e+03
  -8.4035611e-03   4.4850000e+03
  -1.4837667e-02   4.5000000e+03
