   3.5972206e-03   0.0000000e+00
   3.5974684e-03   1.5000000e+01
   3.5979613e-03   3.0000000e+01
   3.5978430e-03   4.5000000e+01
   3.5963105e-03   6.0000000e+01
   3.5926597e-03   7.5000000e+01
   3.5864064e-03   9.0000000e+01
   3.5778494e-03   1.0500000e+02
   3.5676714e-03   1.2000000e+02
   3.5559516e-03   1.3500000e+02
   3.5423113e-03   1.5000000e+02
   3.5263922e-03   1.6500000e+02
   3.5076977e-03   1.8000000e+02
   3.4857173e-03   1.9500000e+02
   3.4607123e-03   2.1000000e+02
   3.4341943e-03   2.2500000e+02
   3.4082863e-03   2.4000000e+02
   3.3843506e-03   2.5500000e+02
   3.3621730e-03   2.7000000e+02
   3.3399959e-03   2.8500000e+02
   3.3150127e-03   3.0000000e+02
   3.2847144e-03   3.1500000e+02
   3.2485544e-03   3.3000000e+02
   3.2081385e-03   3.4500000e+02
   3.1657759e-03   3.6000000e+02
   3.1226447e-03   3.7500000e+02
   3.0779995e-03   3.9000000e+02
   3.0308047e-03   4.0500000e+02
   2.9820462e-03   4.2000000e+02
   2.9333800e-03   4.3500000e+02
   2.8828557e-03   4.5000000e+02
   2.8229153e-03   4.6500000e+02
   2.7402439e-03   4.8000000e+02
   2.6131240e-03   4.9500000e+02
   2.4094484e-03   5.1000000e+02
   2.0958756e-03   5.2500000e+02
   1.6632733e-03   5.4000000e+02
   1.1581535e-03   5.5500000e+02
   6.9354754e-04   5.7000000e+02
   4.0992509e-04   5.8500000e+02
   3.8605602e-04   6.0000000e+02
   5.5656448e-04   6.1500000e+02
   7.2498398e-04   6.3000000e+02
   7.0314365e-04   6.4500000e+02
   4.7520906e-04   6.6000000e+02
   2.1680590e-04   6.7500000e+02
   1.2232691e-04   6.9000000e+02
   2.1231431e-04   7.0500000e+02
   3.3888951e-04   7.2000000e+02
   3.7828708e-04   7.3500000e+02
   3.6119422e-04   7.5000000e+02
   3.7529331e-04   7.6500000e+02
   3.9478645e-04   7.8000000e+02
   2.9862550e-04   7.9500000e+02
   5.4192467e-05   8.1000000e+02
  -2.1992504e-04   8.2500000e+02
  -4.1819850e-04   8.4000000e+02
  -5.8294681e-04   8.5500000e+02
  -7.9765212e-04   8.7000000e+02
  -1.0304265e-03   8.8500000e+02
  -1.2069434e-03   9.0000000e+02
  -1.3873136e-03   9.1500000e+02
  -1.7160109e-03   9.3000000e+02
  -2.1994649e-03   9.4500000e+02
  -2.6848961e-03   9.6000000e+02
  -3.0837147e-03   9.7500000e+02
  -3.4753364e-03   9.9000000e+02
  -3.9583277e-03   1.0050000e+03
  -4.5335595e-03   1.0200000e+03
  -5.1665092e-03   1.0350000e+03
  -5.8358409e-03   1.0500000e+03
  -6.4909197e-03   1.0650000e+03
  -7.0770187e-03   1.0800000e+03
  -7.6152412e-03   1.0950000e+03
  -8.1443451e-03   1.1100000e+03
  -8.5716322e-03   1.1250000e+03
  -8.6641097e-03   1.1400000e+03
  -8.1530819e-03   1.1550000e+03
  -6.7040259e-03   1.1700000e+03
  -3.6905312e-03   1.1850000e+03
   2.0756156e-03   1.2000000e+03
   1.2614344e-02   1.2150000e+03
   3.1206805e-02   1.2300000e+03
   6.3103087e-02   1.2450000e+03
   1.1630916e-01   1.2600000e+03
   2.0184611e-01   1.2750000e+03
   3.3252984e-01   1.2900000e+03
   5.1909214e-01   1.3050000e+03
   7.6264191e-01   1.3200000e+03
   1.0438266e+00   1.3350000e+03
   1.3121722e+00   1.3500000e+03
   1.4830537e+00   1.3650000e+03
   1.4516536e+00   1.3800000e+03
   1.1291841e+00   1.3950000e+03
   4.9450135e-01   1.4100000e+03
  -3.6235219e-01   1.4250000e+03
  -1.2378439e+00   1.4400000e+03
  -1.8759409e+00   1.4550000e+03
  -2.0786879e+00   1.4700000e+03
  -1.8100656e+00   1.4850000e+03
  -1.2224108e+00   1.5000000e+03
  -5.7400602e-01   1.5150000e+03
  -8.3706692e-02   1.5300000e+03
   1.7613426e-01   1.5450000e+03
   2.7131557e-01   1.5600000e+03
   3.0103657e-01   1.5750000e+03
   2.9987010e-01   1.5900000e+03
   2.3519139e-01   1.6050000e+03
   8.4489025e-02   1.6200000e+03
  -1.0697663e-01   1.6350000e+03
  -2.5572312e-01   1.6500000e+03
  -3.1409609e-01   1.6650000e+03
  -2.9444444e-01   1.6800000e+03
  -2.2247149e-01   1.6950000e+03
  -9.7922146e-02   1.7100000e+03
   7.5075574e-02   1.7250000e+03
   2.3903000e-01   1.7400000e+03
   3.1028408e-01   1.7550000e+03
   2.7090374e-01   1.7700000e+03
   2.0116949e-01   1.7850000e+03
   1.8786988e-01   1.8000000e+03
   2.1386327e-01   1.8150000e+03
   1.7504328e-01   1.8300000e+03
   8.1140315e-03   1.8450000e+03
  -2.3246934e-01   1.8600000e+03
  -4.3351671e-01   1.8750000e+03
  -5.2163690e-01   1.8900000e+03
  -4.8027897e-01   1.9050000e+03
  -3.0906835e-01   1.9200000e+03
  -2.4137009e-02   1.9350000e+03
   3.0066425e-01   1.9500000e+03
   5.4217994e-01   1.9650000e+03
   6.0625714e-01   1.9800000e+03
   4.8790783e-01   1.9950000e+03
   2.5387725e-01   2.0100000e+03
  -7.9397419e-03   2.0250000e+03
  -2.1672559e-01   2.0400000e+03
  -3.1617808e-01   2.0550000e+03
  -3.0016968e-01   2.0700000e+03
  -2.1552317e-01   2.0850000e+03
  -1.2076747e-01   2.1000000e+03
  -4.4445761e-02   2.1150000e+03
   1.2234262e-02   2.1300000e+03
   4.9898140e-02   2.1450000e+03
   6.3936956e-02   2.1600000e+03
   5.2502282e-02   2.1750000e+03
   1.9695729e-02   2.1900000e+03
  -2.1073790e-02   2.2050000e+03
  -4.3682978e-02   2.2200000e+03
  -2.7445026e-02   2.2350000e+03
   1.3508175e-02   2.2500000e+03
   3.8966313e-02   2.2650000e+03
   3.1019069e-02   2.2800000e+03
   1.3239354e-02   2.2950000e+03
   1.1182006e-02   2.3100000e+03
   1.8418707e-02   2.3250000e+03
   1.8290462e-02   2.3400000e+03
   1.6011592e-02   2.3550000e+03
   2.7020814e-02   2.3700000e+03
   4.9538847e-02   2.3850000e+03
   6.9292620e-02   2.4000000e+03
   8.0378175e-02   2.4150000e+03
   8.5132472e-02   2.4300000e+03
   8.2772605e-02   2.4450000e+03
   7.1560971e-02   2.4600000e+03
   5.5230420e-02   2.4750000e+03
   3.8554031e-02   2.4900000e+03
   2.2844581e-02   2.5050000e+03
   9.6321749e-03   2.5200000e+03
   6.3742249e-04   2.5350000e+03
  -7.7947089e-03   2.5500000e+03
  -2.1203209e-02   2.5650000e+03
  -3.6495712e-02   2.5800000e+03
  -4.2806972e-02   2.5950000e+03
  -3.3350829e-02   2.6100000e+03
  -1.0546954e-02   2.6250000e+03
   1.8337706e-02   2.6400000e+03
   4.4062931e-02   2.6550000e+03
   5.6726877e-02   2.6700000e+03
   5.1761266e-02   2.6850000e+03
   3.4867663e-02   2.7000000e+03
   1.7367983e-02   2.7150000e+03
   7.2610835e-03   2.7300000e+03
   5.9156818e-03   2.7450000e+03
   1.0269390e-02   2.7600000e+03
   1.5670570e-02   2.7750000e+03
   1.8507199e-02   2.7900000e+03
   1.8116776e-02   2.8050000e+03
   1.5516672e-02   2.8200000e+03
   1.0091889e-02   2.8350000e+03
  -1.0599877e-03   2.8500000e+03
  -1.9966165e-02   2.8650000e+03
  -4.4386916e-02   2.8800000e+03
  -6.7205451e-02   2.8950000e+03
  -7.8889824e-02   2.9100000e+03
  -7.2054438e-02   2.9250000e+03
  -4.5925170e-02   2.9400000e+03
  -7.4992655e-03   2.9550000e+03
   3.1950086e-02   2.9700000e+03
   6.2584206e-02   2.9850000e+03
   7.9860181e-02   3.0000000e+03
   8.4500700e-02   3.0150000e+03
   7.9833508e-02   3.0300000e+03
   6.9348775e-02   3.0450000e+03
   5.6129523e-02   3.0600000e+03
   4.3323047e-02   3.0750000e+03
   3.3729807e-02   3.0900000e+03
   2.8005114e-02   3.1050000e+03
   2.3176881e-02   3.1200000e+03
   1.3601367e-02   3.1350000e+03
  -5.4842280e-03   3.1500000e+03
  -3.4118239e-02   3.1650000e+03
  -6.6447549e-02   3.1800000e+03
  -9.3429469e-02   3.1950000e+03
  -1.0770917e-01   3.2100000e+03
  -1.0722274e-01   3.2250000e+03
  -9.5088474e-02   3.2400000e+03
  -7.6506086e-02   3.2550000e+03
  -5.5714097e-02   3.2700000e+03
  -3.5245627e-02   3.2850000e+03
  -1.7000597e-02   3.3000000e+03
  -3.1708719e-03   3.3150000e+03
   4.1162926e-03   3.3300000e+03
   4.0572393e-03   3.3450000e+03
  -1.7242330e-03   3.3600000e+03
  -9.1550592e-03   3.3750000e+03
  -1.3170781e-02   3.3900000e+03
  -1.0133671e-02   3.4050000e+03
   2.5389800e-04   3.4200000e+03
   1.4973644e-02   3.4350000e+03
   2.9650347e-02   3.4500000e+03
   4.0801808e-02   3.4650000e+03
   4.6672326e-02   3.4800000e+03
   4.6603523e-02   3.4950000e+03
   4.0353373e-02   3.5100000e+03
   2.8331075e-02   3.5250000e+03
   1.2117851e-02   3.5400000e+03
  -5.8820401e-03   3.5550000e+03
  -2.3574673e-02   3.5700000e+03
  -3.9819974e-02   3.5850000e+03
  -5.3949885e-02   3.6000000e+03
  -6.5087050e-02   3.6150000e+03
  -7.2316751e-02   3.6300000e+03
  -7.5255714e-02   3.6450000e+03
  -7.3871933e-02   3.6600000e+03
  -6.7802563e-02   3.6750000e+03
  -5.6641124e-02   3.6900000e+03
  -4.1377001e-02   3.7050000e+03
  -2.5056470e-02   3.7200000e+03
  -1.1283779e-02   3.7350000e+03
  -2.0164584e-03   3.7500000e+03
   2.8997073e-03   3.7650000e+03
   4.4154790e-03   3.7800000e+03
   3.3286046e-03   3.7950000e+03
   6.3501514e-04   3.8100000e+03
  -2.2726092e-03   3.8250000e+03
  -4.6399706e-03   3.8400000e+03
  -7.2576636e-03   3.8550000e+03
  -1.1470486e-02   3.8700000e+03
  -1.7056603e-02   3.8850000e+03
  -2.1529881e-02   3.9000000e+03
  -2.1856721e-02   3.9150000e+03
  -1.6823087e-02   3.9300000e+03
  -7.8027681e-03   3.9450000e+03
   2.4135141e-03   3.9600000e+03
   1.1371975e-02   3.9750000e+03
   1.7987030e-02   3.9900000e+03
   2.2511691e-02   4.0050000e+03
   2.5757371e-02   4.0200000e+03
   2.8111359e-02   4.0350000e+03
   2.9044179e-02   4.0500000e+03
   2.7549705e-02   4.0650000e+03
   2.3098959e-02   4.0800000e+03
   1.6097393e-02   4.0950000e+03
   7.4752630e-03   4.1100000e+03
  -1.8458938e-03   4.1250000e+03
  -1.0919357e-02   4.1400000e+03
  -1.8566594e-02   4.1550000e+03
  -2.3702074e-02   4.1700000e+03
  -2.5962256e-02   4.1850000e+03
  -2.5871186e-02   4.2000000e+03
  -2.4460550e-02   4.2150000e+03
  -2.2879595e-02   4.2300000e+03
  -2.2138901e-02   4.2450000e+03
  -2.2705460e-02   4.2600000e+03
  -2.4067122e-02   4.2750000e+03
  -2.4809089e-02   4.2900000e+03
  -2.3348557e-02   4.3050000e+03
  -1.8834798e-02   4.3200000e+03
  -1.1657552e-02   4.3350000e+03
  -3.3275150e-03   4.3500000e+03
   4.2526633e-03   4.3650000e+03
   9.8279146e-03   4.3800000e+03
   1.3494183e-02   4.3950000e+03
   1.6470160e-02   4.4100000e+03
   2.0029215e-02   4.4250000e+03
   2.4420919e-02   4.4400000e+03
   2.8617054e-02   4.4550000e+03
   3.0979848e-02   4.4700000e+03
   3.0233093e-02   4.4850000e+03
   2.6050666e-02   4.5000000e+03
