  -1.2184980e-03   0.0000000e+00
  -1.2184994e-03   1.5000000e+01
  -1.2185215e-03   3.0000000e+01
  -1.2185838e-03   4.5000000e+01
  -1.2186709e-03   6.0000000e+01
  -1.2187224e-03   7.5000000e+01
  -1.2187005e-03   9.0000000e+01
  -1.2186547e-03   1.0500000e+02
  -1.2186931e-03   1.2000000e+02
  -1.2188929e-03   1.3500000e+02
  -1.2191676e-03   1.5000000e+02
  -1.2191607e-03   1.6500000e+02
  -1.2179783e-03   1.8000000e+02
  -1.2127780e-03   1.9500000e+02
  -1.1951718e-03   2.1000000e+02
  -1.1473626e-03   2.2500000e+02
  -1.0460202e-03   2.4000000e+02
  -8.8310946e-04   2.5500000e+02
  -6.9534569e-04   2.7000000e+02
  -5.6504551e-04   2.8500000e+02
  -5.6101271e-04   3.0000000e+02
  -6.5934117e-04   3.1500000e+02
  -7.4643648e-04   3.3000000e+02
  -7.3556491e-04   3.4500000e+02
  -6.6646398e-04   3.6000000e+02
  -6.4481795e-04   3.7500000e+02
  -6.9428497e-04   3.9000000e+02
  -7.3475920e-04   4.0500000e+02
  -7.1410061e-04   4.2000000e+02
  -6.8111793e-04   4.3500000e+02
  -6.9264817e-04   4.5000000e+02
  -7.2337361e-04   4.6500000e+02
  -7.2361482e-04   4.8000000e+02
  -7.0595997e-04   4.9500000e+02
  -7.1079802e-04   5.1000000e+02
  -7.3170633e-04   5.2500000e+02
  -7.3633518e-04   5.4000000e+02
  -7.2738650e-04   5.5500000e+02
  -7.2983227e-04   5.7000000e+02
  -7.4250496e-04   5.8500000e+02
  -7.4615219e-04   6.0000000e+02
  -7.4177777e-04   6.1500000e+02
  -7.4482360e-04   6.3000000e+02
  -7.5436139e-04   6.4500000e+02
  -7.5819291e-04   6.6000000e+02
  -7.5701461e-04   6.7500000e+02
  -7.5833761e-04   6.9000000e+02
  -7.5766805e-04   7.0500000e+02
  -7.4512552e-04   7.2000000e+02
  -7.1960082e-04   7.3500000e+02
  -6.8377203e-04   7.5000000e+02
  -6.3808291e-04   7.6500000e+02
  -5.9048808e-04   7.8000000e+02
  -5.6192855e-04   7.9500000e+02
  -5.7226833e-04   8.1000000e+02
  -6.2282459e-04   8.2500000e+02
  -6.9255027e-04   8.4000000e+02
  -7.4731425e-04   8.5500000e+02
  -7.5969339e-04   8.7000000e+02
  -7.3271384e-04   8.8500000e+02
  -7.0317264e-04   9.0000000e+02
  -7.0899533e-04   9.1500000e+02
  -7.4953359e-04   9.3000000e+02
  -7.8659406e-04   9.4500000e+02
  -7.8916521e-04   9.6000000e+02
  -7.6917268e-04   9.7500000e+02
  -7.6401822e-04   9.9000000e+02
  -7.8824430e-04   1.0050000e+03
  -8.1706664e-04   1.0200000e+03
  -8.2270283e-04   1.0350000e+03
  -8.1215048e-04   1.0500000e+03
  -8.1306900e-04   1.0650000e+03
  -8.3112938e-04   1.0800000e+03
  -8.4456586e-04   1.0950000e+03
  -8.4175309e-04   1.1100000e+03
  -8.3924696e-04   1.1250000e+03
  -8.5252884e-04   1.1400000e+03
  -8.7102328e-04   1.1550000e+03
  -8.7853766e-04   1.1700000e+03
  -8.8106451e-04   1.1850000e+03
  -8.9466374e-04   1.2000000e+03
  -9.1820111e-04   1.2150000e+03
  -9.3858078e-04   1.2300000e+03
  -9.5440081e-04   1.2450000e+03
  -9.7428547e-04   1.2600000e+03
  -9.9729863e-04   1.2750000e+03
  -1.0137932e-03   1.2900000e+03
  -1.0227512e-03   1.3050000e+03
  -1.0322588e-03   1.3200000e+03
  -1.0450035e-03   1.3350000e+03
  -1.0570311e-03   1.3500000e+03
  -1.0685037e-03   1.3650000e+03
  -1.0835576e-03   1.3800000e+03
  -1.1015419e-03   1.3950000e+03
  -1.1185606e-03   1.4100000e+03
  -1.1353251e-03   1.4250000e+03
  -1.1549246e-03   1.4400000e+03
  -1.1755788e-03   1.4550000e+03
  -1.1928224e-03   1.4700000e+03
  -1.2061290e-03   1.4850000e+03
  -1.2180349e-03   1.5000000e+03
  -1.2299985e-03   1.5150000e+03
  -1.2431510e-03   1.5300000e+03
  -1.2593428e-03   1.5450000e+03
  -1.2782238e-03   1.5600000e+03
  -1.2968332e-03   1.5750000e+03
  -1.3140435e-03   1.5900000e+03
  -1.3319433e-03   1.6050000e+03
  -1.3520768e-03   1.6200000e+03
  -1.3737604e-03   1.6350000e+03
  -1.3963047e-03   1.6500000e+03
  -1.4197869e-03   1.6650000e+03
  -1.4436203e-03   1.6800000e+03
  -1.4668715e-03   1.6950000e+03
  -1.4899434e-03   1.7100000e+03
  -1.5143241e-03   1.7250000e+03
  -1.5407412e-03   1.7400000e+03
  -1.5681152e-03   1.7550000e+03
  -1.5939715e-03   1.7700000e+03
  -1.6161263e-03   1.7850000e+03
  -1.6347538e-03   1.8000000e+03
  -1.6523261e-03   1.8150000e+03
  -1.6708153e-03   1.8300000e+03
  -1.6899940e-03   1.8450000e+03
  -1.7092880e-03   1.8600000e+03
  -1.7296140e-03   1.8750000e+03
  -1.7520238e-03   1.8900000e+03
  -1.7758681e-03   1.9050000e+03
  -1.7996560e-03   1.9200000e+03
  -1.8228216e-03   1.9350000e+03
  -1.8455811e-03   1.9500000e+03
  -1.8679798e-03   1.9650000e+03
  -1.8902889e-03   1.9800000e+03
  -1.9137673e-03   1.9950000e+03
  -1.9397747e-03   2.0100000e+03
  -1.9681372e-03   2.0250000e+03
  -1.9972993e-03   2.0400000e+03
  -2.0263398e-03   2.0550000e+03
  -2.0561120e-03   2.0700000e+03
  -2.0879691e-03   2.0850000e+03
  -2.1218767e-03   2.1000000e+03
  -2.1562614e-03   2.1150000e+03
  -2.1894493e-03   2.1300000e+03
  -2.2209205e-03   2.1450000e+03
  -2.2514816e-03   2.1600000e+03
  -2.2826020e-03   2.1750000e+03
  -2.3154006e-03   2.1900000e+03
  -2.3499303e-03   2.2050000e+03
  -2.3854910e-03   2.2200000e+03
  -2.4215740e-03   2.2350000e+03
  -2.4580106e-03   2.2500000e+03
  -2.4942050e-03   2.2650000e+03
  -2.5291129e-03   2.2800000e+03
  -2.5623033e-03   2.2950000e+03
  -2.5944160e-03   2.3100000e+03
  -2.6262051e-03   2.3250000e+03
  -2.6576365e-03   2.3400000e+03
  -2.6882694e-03   2.3550000e+03
  -2.7179902e-03   2.3700000e+03
  -2.7468943e-03   2.3850000e+03
  -2.7747883e-03   2.4000000e+03
  -2.8014483e-03   2.4150000e+03
  -2.8274064e-03   2.4300000e+03
  -2.8539542e-03   2.4450000e+03
  -2.8818210e-03   2.4600000e+03
  -2.9096524e-03   2.4750000e+03
  -2.9339853e-03   2.4900000e+03
  -2.9511293e-03   2.5050000e+03
  -2.9594277e-03   2.5200000e+03
  -2.9597173e-03   2.5350000e+03
  -2.9532267e-03   2.5500000e+03
  -2.9387546e-03   2.5650000e+03
  -2.9115712e-03   2.5800000e+03
  -2.8645680e-03   2.5950000e+03
  -2.7902706e-03   2.6100000e+03
  -2.6818460e-03   2.6250000e+03
  -2.5320274e-03   2.6400000e+03
  -2.3302170e-03   2.6550000e+03
  -2.0595612e-03   2.6700000e+03
  -1.6959421e-03   2.6850000e+03
  -1.2085752e-03   2.7000000e+03
  -5.5926177e-04   2.7150000e+03
   3.0220181e-04   2.7300000e+03
   1.4456352e-03   2.7450000e+03
   2.9681106e-03   2.7600000e+03
   5.0001051e-03   2.7750000e+03
   7.7114836e-03   2.7900000e+03
   1.1318772e-02   2.8050000e+03
   1.6091658e-02   2.8200000e+03
   2.2352772e-02   2.8350000e+03
   3.0464029e-02   2.8500000e+03
   4.0795013e-02   2.8650000e+03
   5.3671367e-02   2.8800000e+03
   6.9302209e-02   2.8950000e+03
   8.7687910e-02   2.9100000e+03
   1.0851726e-01   2.9250000e+03
   1.3107656e-01   2.9400000e+03
   1.5420561e-01   2.9550000e+03
   1.7633860e-01   2.9700000e+03
   1.9565494e-01   2.9850000e+03
   2.1033661e-01   3.0000000e+03
   2.1888971e-01   3.0150000e+03
   2.2044821e-01   3.0300000e+03
   2.1495430e-01   3.0450000e+03
   2.0312236e-01   3.0600000e+03
   1.8615396e-01   3.0750000e+03
   1.6527005e-01   3.0900000e+03
   1.4122505e-01   3.1050000e+03
   1.1401594e-01   3.1200000e+03
   8.2955338e-02   3.1350000e+03
   4.7146145e-02   3.1500000e+03
   6.2204404e-03   3.1650000e+03
  -3.8934708e-02   3.1800000e+03
  -8.5777409e-02   3.1950000e+03
  -1.3025446e-01   3.2100000e+03
  -1.6751020e-01   3.2250000e+03
  -1.9296701e-01   3.2400000e+03
  -2.0343781e-01   3.2550000e+03
  -1.9791195e-01   3.2700000e+03
  -1.7776932e-01   3.2850000e+03
  -1.4637659e-01   3.3000000e+03
  -1.0823432e-01   3.3150000e+03
  -6.7997761e-02   3.3300000e+03
  -2.9722558e-02   3.3450000e+03
   3.4373656e-03   3.3600000e+03
   2.9091090e-02   3.3750000e+03
   4.5286026e-02   3.3900000e+03
   5.0362375e-02   3.4050000e+03
   4.3247860e-02   3.4200000e+03
   2.4174269e-02   3.4350000e+03
  -4.5109354e-03   3.4500000e+03
  -3.7931632e-02   3.4650000e+03
  -6.9090769e-02   3.4800000e+03
  -9.0229005e-02   3.4950000e+03
  -9.4863944e-02   3.5100000e+03
  -7.9883263e-02   3.5250000e+03
  -4.6904031e-02   3.5400000e+03
  -2.2518365e-03   3.5550000e+03
   4.4633016e-02   3.5700000e+03
   8.3929248e-02   3.5850000e+03
   1.0834682e-01   3.6000000e+03
   1.1510653e-01   3.6150000e+03
   1.0622776e-01   3.6300000e+03
   8.7085806e-02   3.6450000e+03
   6.3948385e-02   3.6600000e+03
   4.1606005e-02   3.6750000e+03
   2.2071544e-02   3.6900000e+03
   4.7266316e-03   3.7050000e+03
  -1.2426368e-02   3.7200000e+03
  -3.1190954e-02   3.7350000e+03
  -5.2025992e-02   3.7500000e+03
  -7.3661245e-02   3.7650000e+03
  -9.3400978e-02   3.7800000e+03
  -1.0786760e-01   3.7950000e+03
  -1.1400014e-01   3.8100000e+03
  -1.1017195e-01   3.8250000e+03
  -9.7149491e-02   3.8400000e+03
  -7.8394368e-02   3.8550000e+03
  -5.9239447e-02   3.8700000e+03
  -4.4947822e-02   3.8850000e+03
  -3.8394764e-02   3.9000000e+03
  -3.8576178e-02   3.9150000e+03
  -4.0894095e-02   3.9300000e+03
  -3.9232250e-02   3.9450000e+03
  -2.8787669e-02   3.9600000e+03
  -8.1941681e-03   3.9750000e+03
   2.0025672e-02   3.9900000e+03
   5.0589230e-02   4.0050000e+03
   7.7253990e-02   4.0200000e+03
   9.4361164e-02   4.0350000e+03
   9.7843476e-02   4.0500000e+03
   8.6028405e-02   4.0650000e+03
   6.0504530e-02   4.0800000e+03
   2.6639737e-02   4.0950000e+03
  -7.1861837e-03   4.1100000e+03
  -3.2156598e-02   4.1250000e+03
  -4.2597916e-02   4.1400000e+03
  -3.8556818e-02   4.1550000e+03
  -2.5505785e-02   4.1700000e+03
  -1.1033875e-02   4.1850000e+03
  -5.2138668e-04   4.2000000e+03
   5.3741937e-03   4.2150000e+03
   9.8671401e-03   4.2300000e+03
   1.6726170e-02   4.2450000e+03
   2.7101507e-02   4.2600000e+03
   3.8767461e-02   4.2750000e+03
   4.8028257e-02   4.2900000e+03
   5.2501135e-02   4.3050000e+03
   5.2516215e-02   4.3200000e+03
   5.0200220e-02   4.3350000e+03
   4.7270738e-02   4.3500000e+03
   4.3566193e-02   4.3650000e+03
   3.7606265e-02   4.3800000e+03
   2.8655056e-02   4.3950000e+03
   1.8385468e-02   4.4100000e+03
   1.0516831e-02   4.4250000e+03
   8.5300561e-03   4.4400000e+03
   1.3255605e-02   4.4550000e+03
   2.2259749e-02   4.4700000e+03
   3.1405207e-02   4.4850000e+03
   3.7176080e-02   4.5000000e+03
