   3.2243293e-03   0.0000000e+00
   3.2237133e-03   1.5000000e+01
   3.2217165e-03   3.0000000e+01
   3.2180261e-03   4.5000000e+01
   3.2125011e-03   6.0000000e+01
   3.2050370e-03   7.5000000e+01
   3.1955356e-03   9.0000000e+01
   3.1841847e-03   1.0500000e+02
   3.1712209e-03   1.2000000e+02
   3.1564799e-03   1.3500000e+02
   3.1396872e-03   1.5000000e+02
   3.1208291e-03   1.6500000e+02
   3.0999081e-03   1.8000000e+02
   3.0768034e-03   1.9500000e+02
   3.0515611e-03   2.1000000e+02
   3.0245581e-03   2.2500000e+02
   2.9963078e-03   2.4000000e+02
   2.9670906e-03   2.5500000e+02
   2.9367155e-03   2.7000000e+02
   2.9045795e-03   2.8500000e+02
   2.8699618e-03   3.0000000e+02
   2.8324067e-03   3.1500000e+02
   2.7919228e-03   3.3000000e+02
   2.7488729e-03   3.4500000e+02
   2.7037775e-03   3.6000000e+02
   2.6570733e-03   3.7500000e+02
   2.6087363e-03   3.9000000e+02
   2.5584060e-03   4.0500000e+02
   2.5058570e-03   4.2000000e+02
   2.4506715e-03   4.3500000e+02
   2.3912198e-03   4.5000000e+02
   2.3234643e-03   4.6500000e+02
   2.2386513e-03   4.8000000e+02
   2.1200301e-03   4.9500000e+02
   1.9423827e-03   5.1000000e+02
   1.6799822e-03   5.2500000e+02
   1.3259914e-03   5.4000000e+02
   9.1704651e-04   5.5500000e+02
   5.4284546e-04   5.7000000e+02
   3.1587906e-04   5.8500000e+02
   2.9966567e-04   6.0000000e+02
   4.4117350e-04   6.1500000e+02
   5.8019650e-04   6.3000000e+02
   5.6150596e-04   6.4500000e+02
   3.6810775e-04   6.6000000e+02
   1.3776243e-04   6.7500000e+02
   2.2617269e-05   6.9000000e+02
   3.1499167e-05   7.0500000e+02
   3.7378551e-05   7.2000000e+02
  -5.4634482e-05   7.3500000e+02
  -1.8924975e-04   7.5000000e+02
  -2.4441071e-04   7.6500000e+02
  -1.9590135e-04   7.8000000e+02
  -1.3143345e-04   7.9500000e+02
  -1.0630611e-04   8.1000000e+02
  -6.8686313e-05   8.2500000e+02
   3.5560653e-05   8.4000000e+02
   1.6252279e-04   8.5500000e+02
   2.4947376e-04   8.7000000e+02
   3.3883948e-04   8.8500000e+02
   5.2291859e-04   9.0000000e+02
   7.9045200e-04   9.1500000e+02
   1.0397298e-03   9.3000000e+02
   1.2479681e-03   9.4500000e+02
   1.5185919e-03   9.6000000e+02
   1.9391676e-03   9.7500000e+02
   2.4969182e-03   9.9000000e+02
   3.1672188e-03   1.0050000e+03
   3.9892867e-03   1.0200000e+03
   5.0200731e-03   1.0350000e+03
   6.3035265e-03   1.0500000e+03
   7.9206871e-03   1.0650000e+03
   9.9959541e-03   1.0800000e+03
   1.2635539e-02   1.0950000e+03
   1.5933467e-02   1.1100000e+03
   2.0050131e-02   1.1250000e+03
   2.5212865e-02   1.1400000e+03
   3.1620570e-02   1.1550000e+03
   3.9399106e-02   1.1700000e+03
   4.8660502e-02   1.1850000e+03
   5.9558950e-02   1.2000000e+03
   7.2266527e-02   1.2150000e+03
   8.6919948e-02   1.2300000e+03
   1.0361006e-01   1.2450000e+03
   1.2239651e-01   1.2600000e+03
   1.4328414e-01   1.2750000e+03
   1.6616118e-01   1.2900000e+03
   1.9075420e-01   1.3050000e+03
   2.1660249e-01   1.3200000e+03
   2.4300332e-01   1.3350000e+03
   2.6895726e-01   1.3500000e+03
   2.9323018e-01   1.3650000e+03
   3.1457561e-01   1.3800000e+03
   3.3200091e-01   1.3950000e+03
   3.4491256e-01   1.4100000e+03
   3.5308281e-01   1.4250000e+03
   3.5651490e-01   1.4400000e+03
   3.5532996e-01   1.4550000e+03
   3.4973261e-01   1.4700000e+03
   3.4000847e-01   1.4850000e+03
   3.2650000e-01   1.5000000e+03
   3.0958718e-01   1.5150000e+03
   2.8972939e-01   1.5300000e+03
   2.6753414e-01   1.5450000e+03
   2.4374689e-01   1.5600000e+03
   2.1912843e-01   1.5750000e+03
   1.9432242e-01   1.5900000e+03
   1.6983838e-01   1.6050000e+03
   1.4613761e-01   1.6200000e+03
   1.2367913e-01   1.6350000e+03
   1.0283268e-01   1.6500000e+03
   8.3750732e-02   1.6650000e+03
   6.6362798e-02   1.6800000e+03
   5.0504990e-02   1.6950000e+03
   3.6036033e-02   1.7100000e+03
   2.2845183e-02   1.7250000e+03
   1.0824004e-02   1.7400000e+03
  -1.1294860e-04   1.7550000e+03
  -1.0004043e-02   1.7700000e+03
  -1.8884901e-02   1.7850000e+03
  -2.6847115e-02   1.8000000e+03
  -3.4012549e-02   1.8150000e+03
  -4.0458646e-02   1.8300000e+03
  -4.6220347e-02   1.8450000e+03
  -5.1374961e-02   1.8600000e+03
  -5.6073513e-02   1.8750000e+03
  -6.0452640e-02   1.8900000e+03
  -6.4540207e-02   1.9050000e+03
  -6.8278745e-02   1.9200000e+03
  -7.1623705e-02   1.9350000e+03
  -7.4583828e-02   1.9500000e+03
  -7.7173389e-02   1.9650000e+03
  -7.9364933e-02   1.9800000e+03
  -8.1102490e-02   1.9950000e+03
  -8.2339682e-02   2.0100000e+03
  -8.3055072e-02   2.0250000e+03
  -8.3249658e-02   2.0400000e+03
  -8.2945451e-02   2.0550000e+03
  -8.2178488e-02   2.0700000e+03
  -8.0982313e-02   2.0850000e+03
  -7.9377241e-02   2.1000000e+03
  -7.7369399e-02   2.1150000e+03
  -7.4943498e-02   2.1300000e+03
  -7.2052710e-02   2.1450000e+03
  -6.8635724e-02   2.1600000e+03
  -6.4663313e-02   2.1750000e+03
  -6.0167518e-02   2.1900000e+03
  -5.5221397e-02   2.2050000e+03
  -4.9906068e-02   2.2200000e+03
  -4.4316035e-02   2.2350000e+03
  -3.8586717e-02   2.2500000e+03
  -3.2888900e-02   2.2650000e+03
  -2.7387626e-02   2.2800000e+03
  -2.2213724e-02   2.2950000e+03
  -1.7463107e-02   2.3100000e+03
  -1.3192877e-02   2.3250000e+03
  -9.4088782e-03   2.3400000e+03
  -6.0793608e-03   2.3550000e+03
  -3.1800421e-03   2.3700000e+03
  -7.2563416e-04   2.3850000e+03
   1.2411991e-03   2.4000000e+03
   2.6809522e-03   2.4150000e+03
   3.5781192e-03   2.4300000e+03
   3.9472762e-03   2.4450000e+03
   3.8275549e-03   2.4600000e+03
   3.2663590e-03   2.4750000e+03
   2.3037093e-03   2.4900000e+03
   9.6815865e-04   2.5050000e+03
  -7.2468130e-04   2.5200000e+03
  -2.7807830e-03   2.5350000e+03
  -5.2313036e-03   2.5500000e+03
  -8.1193130e-03   2.5650000e+03
  -1.1482461e-02   2.5800000e+03
  -1.5347020e-02   2.5950000e+03
  -1.9727973e-02   2.6100000e+03
  -2.4626549e-02   2.6250000e+03
  -3.0029124e-02   2.6400000e+03
  -3.5907943e-02   2.6550000e+03
  -4.2215090e-02   2.6700000e+03
  -4.8872847e-02   2.6850000e+03
  -5.5774748e-02   2.7000000e+03
  -6.2796973e-02   2.7150000e+03
  -6.9807038e-02   2.7300000e+03
  -7.6670900e-02   2.7450000e+03
  -8.3268426e-02   2.7600000e+03
  -8.9509040e-02   2.7750000e+03
  -9.5330536e-02   2.7900000e+03
  -1.0068594e-01   2.8050000e+03
  -1.0553537e-01   2.8200000e+03
  -1.0984462e-01   2.8350000e+03
  -1.1358196e-01   2.8500000e+03
  -1.1671560e-01   2.8650000e+03
  -1.1921711e-01   2.8800000e+03
  -1.2106615e-01   2.8950000e+03
  -1.2225120e-01   2.9100000e+03
  -1.2276991e-01   2.9250000e+03
  -1.2263253e-01   2.9400000e+03
  -1.2186445e-01   2.9550000e+03
  -1.2050457e-01   2.9700000e+03
  -1.1860111e-01   2.9850000e+03
  -1.1620760e-01   3.0000000e+03
  -1.1337972e-01   3.0150000e+03
  -1.1017312e-01   3.0300000e+03
  -1.0664085e-01   3.0450000e+03
  -1.0282921e-01   3.0600000e+03
  -9.8773643e-02   3.0750000e+03
  -9.4499312e-02   3.0900000e+03
  -9.0027303e-02   3.1050000e+03
  -8.5382365e-02   3.1200000e+03
  -8.0596529e-02   3.1350000e+03
  -7.5707138e-02   3.1500000e+03
  -7.0752442e-02   3.1650000e+03
  -6.5769039e-02   3.1800000e+03
  -6.0792275e-02   3.1950000e+03
  -5.5856846e-02   3.2100000e+03
  -5.0994836e-02   3.2250000e+03
  -4.6231620e-02   3.2400000e+03
  -4.1582558e-02   3.2550000e+03
  -3.7052047e-02   3.2700000e+03
  -3.2634016e-02   3.2850000e+03
  -2.8312709e-02   3.3000000e+03
  -2.4064392e-02   3.3150000e+03
  -1.9861065e-02   3.3300000e+03
  -1.5675290e-02   3.3450000e+03
  -1.1483460e-02   3.3600000e+03
  -7.2661615e-03   3.3750000e+03
  -3.0075677e-03   3.3900000e+03
   1.3033201e-03   3.4050000e+03
   5.6690346e-03   3.4200000e+03
   1.0080037e-02   3.4350000e+03
   1.4514065e-02   3.4500000e+03
   1.8938940e-02   3.4650000e+03
   2.3316978e-02   3.4800000e+03
   2.7608968e-02   3.4950000e+03
   3.1777047e-02   3.5100000e+03
   3.5786677e-02   3.5250000e+03
   3.9607413e-02   3.5400000e+03
   4.3211710e-02   3.5550000e+03
   4.6572134e-02   3.5700000e+03
   4.9658436e-02   3.5850000e+03
   5.2435741e-02   3.6000000e+03
   5.4864325e-02   3.6150000e+03
   5.6900986e-02   3.6300000e+03
   5.8502395e-02   3.6450000e+03
   5.9630673e-02   3.6600000e+03
   6.0260836e-02   3.6750000e+03
   6.0388204e-02   3.6900000e+03
   6.0033247e-02   3.7050000e+03
   5.9241842e-02   3.7200000e+03
   5.8081295e-02   3.7350000e+03
   5.6634456e-02   3.7500000e+03
   5.4993961e-02   3.7650000e+03
   5.3256162e-02   3.7800000e+03
   5.1513355e-02   3.7950000e+03
   4.9844619e-02   3.8100000e+03
   4.8308294e-02   3.8250000e+03
   4.6939012e-02   3.8400000e+03
   4.5749418e-02   3.8550000e+03
   4.4734247e-02   3.8700000e+03
   4.3874487e-02   3.8850000e+03
   4.3140665e-02   3.9000000e+03
   4.2495441e-02   3.9150000e+03
   4.1895904e-02   3.9300000e+03
   4.1295774e-02   3.9450000e+03
   4.0647361e-02   3.9600000e+03
   3.9902974e-02   3.9750000e+03
   3.9015837e-02   3.9900000e+03
   3.7941284e-02   4.0050000e+03
   3.6638699e-02   4.0200000e+03
   3.5073992e-02   4.0350000e+03
   3.3221599e-02   4.0500000e+03
   3.1065162e-02   4.0650000e+03
   2.8596992e-02   4.0800000e+03
   2.5817389e-02   4.0950000e+03
   2.2735104e-02   4.1100000e+03
   1.9369546e-02   4.1250000e+03
   1.5754130e-02   4.1400000e+03
   1.1939234e-02   4.1550000e+03
   7.9928180e-03   4.1700000e+03
   3.9970390e-03   4.1850000e+03
   4.0509713e-05   4.2000000e+03
  -3.7921001e-03   4.2150000e+03
  -7.4296282e-03   4.2300000e+03
  -1.0819460e-02   4.2450000e+03
  -1.3926167e-02   4.2600000e+03
  -1.6724713e-02   4.2750000e+03
  -1.9192135e-02   4.2900000e+03
  -2.1302739e-02   4.3050000e+03
  -2.3030089e-02   4.3200000e+03
  -2.4354711e-02   4.3350000e+03
  -2.5272768e-02   4.3500000e+03
  -2.5800679e-02   4.3650000e+03
  -2.5973586e-02   4.3800000e+03
  -2.5839120e-02   4.3950000e+03
  -2.5449997e-02   4.4100000e+03
  -2.4858948e-02   4.4250000e+03
  -2.4117639e-02   4.4400000e+03
  -2.3278221e-02   4.4550000e+03
  -2.2394003e-02   4.4700000e+03
  -2.1516377e-02   4.4850000e+03
  -2.0688551e-02   4.5000000e+03
