  -4.1814377e-03   0.0000000e+00
  -4.1807876e-03   1.5000000e+01
  -4.1789589e-03   3.0000000e+01
  -4.1767503e-03   4.5000000e+01
  -4.1759787e-03   6.0000000e+01
  -4.1782907e-03   7.5000000e+01
  -4.1832025e-03   9.0000000e+01
  -4.1887015e-03   1.0500000e+02
  -4.1935137e-03   1.2000000e+02
  -4.1986057e-03   1.3500000e+02
  -4.2065950e-03   1.5000000e+02
  -4.2190989e-03   1.6500000e+02
  -4.2358702e-03   1.8000000e+02
  -4.2568920e-03   1.9500000e+02
  -4.2834557e-03   2.1000000e+02
  -4.3168613e-03   2.2500000e+02
  -4.3562273e-03   2.4000000e+02
  -4.3971809e-03   2.5500000e+02
  -4.4340761e-03   2.7000000e+02
  -4.4644163e-03   2.8500000e+02
  -4.4897660e-03   3.0000000e+02
  -4.5115254e-03   3.1500000e+02
  -4.5265094e-03   3.3000000e+02
  -4.5268578e-03   3.4500000e+02
  -4.5030746e-03   3.6000000e+02
  -4.4471035e-03   3.7500000e+02
  -4.3546702e-03   3.9000000e+02
  -4.2254413e-03   4.0500000e+02
  -4.0593459e-03   4.2000000e+02
  -3.8523946e-03   4.3500000e+02
  -3.5966900e-03   4.5000000e+02
  -3.2837042e-03   4.6500000e+02
  -2.9068815e-03   4.8000000e+02
  -2.4623831e-03   4.9500000e+02
  -1.9475602e-03   5.1000000e+02
  -1.3566368e-03   5.2500000e+02
  -6.7796634e-04   5.4000000e+02
   1.0363701e-04   5.5500000e+02
   1.0059053e-03   5.7000000e+02
   2.0517937e-03   5.8500000e+02
   3.2659613e-03   6.0000000e+02
   4.6663438e-03   6.1500000e+02
   6.2657427e-03   6.3000000e+02
   8.0826711e-03   6.4500000e+02
   1.0149347e-02   6.6000000e+02
   1.2516886e-02   6.7500000e+02
   1.5254471e-02   6.9000000e+02
   1.8432120e-02   7.0500000e+02
   2.2103844e-02   7.2000000e+02
   2.6319839e-02   7.3500000e+02
   3.1157754e-02   7.5000000e+02
   3.6744952e-02   7.6500000e+02
   4.3264303e-02   7.8000000e+02
   5.0933354e-02   7.9500000e+02
   5.9948966e-02   8.1000000e+02
   7.0440978e-02   8.2500000e+02
   8.2491443e-02   8.4000000e+02
   9.6198544e-02   8.5500000e+02
   1.1170203e-01   8.7000000e+02
   1.2913199e-01   8.8500000e+02
   1.4853644e-01   9.0000000e+02
   1.6985425e-01   9.1500000e+02
   1.9291382e-01   9.3000000e+02
   2.1739930e-01   9.4500000e+02
   2.4279208e-01   9.6000000e+02
   2.6834050e-01   9.7500000e+02
   2.9309964e-01   9.9000000e+02
   3.1608355e-01   1.0050000e+03
   3.3649737e-01   1.0200000e+03
   3.5384482e-01   1.0350000e+03
   3.6773220e-01   1.0500000e+03
   3.7750942e-01   1.0650000e+03
   3.8211086e-01   1.0800000e+03
   3.8030988e-01   1.0950000e+03
   3.7128645e-01   1.1100000e+03
   3.5517991e-01   1.1250000e+03
   3.3323386e-01   1.1400000e+03
   3.0733824e-01   1.1550000e+03
   2.7922726e-01   1.1700000e+03
   2.4994248e-01   1.1850000e+03
   2.1997355e-01   1.2000000e+03
   1.8983343e-01   1.2150000e+03
   1.6039588e-01   1.2300000e+03
   1.3263346e-01   1.2450000e+03
   1.0711250e-01   1.2600000e+03
   8.3856121e-02   1.2750000e+03
   6.2678926e-02   1.2900000e+03
   4.3533128e-02   1.3050000e+03
   2.6522687e-02   1.3200000e+03
   1.1745553e-02   1.3350000e+03
  -7.5472798e-04   1.3500000e+03
  -1.0933210e-02   1.3650000e+03
  -1.8722987e-02   1.3800000e+03
  -2.4066905e-02   1.3950000e+03
  -2.6970653e-02   1.4100000e+03
  -2.7584082e-02   1.4250000e+03
  -2.6249191e-02   1.4400000e+03
  -2.3418585e-02   1.4550000e+03
  -1.9502116e-02   1.4700000e+03
  -1.4794214e-02   1.4850000e+03
  -9.5027816e-03   1.5000000e+03
  -3.7935171e-03   1.5150000e+03
   2.1761165e-03   1.5300000e+03
   8.2248719e-03   1.5450000e+03
   1.4150154e-02   1.5600000e+03
   1.9762786e-02   1.5750000e+03
   2.4897272e-02   1.5900000e+03
   2.9400147e-02   1.6050000e+03
   3.3150602e-02   1.6200000e+03
   3.6091410e-02   1.6350000e+03
   3.8198654e-02   1.6500000e+03
   3.9405532e-02   1.6650000e+03
   3.9566260e-02   1.6800000e+03
   3.8494594e-02   1.6950000e+03
   3.6039438e-02   1.7100000e+03
   3.2147691e-02   1.7250000e+03
   2.6879326e-02   1.7400000e+03
   2.0366633e-02   1.7550000e+03
   1.2748681e-02   1.7700000e+03
   4.1250214e-03   1.7850000e+03
  -5.4528820e-03   1.8000000e+03
  -1.5956961e-02   1.8150000e+03
  -2.7336927e-02   1.8300000e+03
  -3.9477400e-02   1.8450000e+03
  -5.2184381e-02   1.8600000e+03
  -6.5204851e-02   1.8750000e+03
  -7.8255430e-02   1.8900000e+03
  -9.1034792e-02   1.9050000e+03
  -1.0322177e-01   1.9200000e+03
  -1.1448798e-01   1.9350000e+03
  -1.2454783e-01   1.9500000e+03
  -1.3322869e-01   1.9650000e+03
  -1.4051239e-01   1.9800000e+03
  -1.4651360e-01   1.9950000e+03
  -1.5140632e-01   2.0100000e+03
  -1.5534168e-01   2.0250000e+03
  -1.5839528e-01   2.0400000e+03
  -1.6055700e-01   2.0550000e+03
  -1.6175692e-01   2.0700000e+03
  -1.6191790e-01   2.0850000e+03
  -1.6102590e-01   2.1000000e+03
  -1.5919486e-01   2.1150000e+03
  -1.5668622e-01   2.1300000e+03
  -1.5385316e-01   2.1450000e+03
  -1.5102771e-01   2.1600000e+03
  -1.4841869e-01   2.1750000e+03
  -1.4608935e-01   2.1900000e+03
  -1.4401850e-01   2.2050000e+03
  -1.4218017e-01   2.2200000e+03
  -1.4057170e-01   2.2350000e+03
  -1.3918382e-01   2.2500000e+03
  -1.3796279e-01   2.2650000e+03
  -1.3680428e-01   2.2800000e+03
  -1.3556950e-01   2.2950000e+03
  -1.3409626e-01   2.3100000e+03
  -1.3220803e-01   2.3250000e+03
  -1.2974618e-01   2.3400000e+03
  -1.2662093e-01   2.3550000e+03
  -1.2283426e-01   2.3700000e+03
  -1.1844204e-01   2.3850000e+03
  -1.1348652e-01   2.4000000e+03
  -1.0796368e-01   2.4150000e+03
  -1.0184744e-01   2.4300000e+03
  -9.5130235e-02   2.4450000e+03
  -8.7836057e-02   2.4600000e+03
  -8.0014542e-02   2.4750000e+03
  -7.1756035e-02   2.4900000e+03
  -6.3237682e-02   2.5050000e+03
  -5.4760646e-02   2.5200000e+03
  -4.6730712e-02   2.5350000e+03
  -3.9570998e-02   2.5500000e+03
  -3.3598382e-02   2.5650000e+03
  -2.8915688e-02   2.5800000e+03
  -2.5371706e-02   2.5950000e+03
  -2.2621484e-02   2.6100000e+03
  -2.0275706e-02   2.6250000e+03
  -1.8074570e-02   2.6400000e+03
  -1.5998628e-02   2.6550000e+03
  -1.4260575e-02   2.6700000e+03
  -1.3183951e-02   2.6850000e+03
  -1.3024624e-02   2.7000000e+03
  -1.3813123e-02   2.7150000e+03
  -1.5294080e-02   2.7300000e+03
  -1.7005119e-02   2.7450000e+03
  -1.8463975e-02   2.7600000e+03
  -1.9356068e-02   2.7750000e+03
  -1.9605825e-02   2.7900000e+03
  -1.9299101e-02   2.8050000e+03
  -1.8534549e-02   2.8200000e+03
  -1.7321546e-02   2.8350000e+03
  -1.5585729e-02   2.8500000e+03
  -1.3251802e-02   2.8650000e+03
  -1.0324758e-02   2.8800000e+03
  -6.9099357e-03   2.8950000e+03
  -3.1702986e-03   2.9100000e+03
   7.3388813e-04   2.9250000e+03
   4.6765539e-03   2.9400000e+03
   8.5597588e-03   2.9550000e+03
   1.2295912e-02   2.9700000e+03
   1.5802570e-02   2.9850000e+03
   1.9009419e-02   3.0000000e+03
   2.1865062e-02   3.0150000e+03
   2.4339300e-02   3.0300000e+03
   2.6423227e-02   3.0450000e+03
   2.8124996e-02   3.0600000e+03
   2.9457495e-02   3.0750000e+03
   3.0423932e-02   3.0900000e+03
   3.1014306e-02   3.1050000e+03
   3.1217206e-02   3.1200000e+03
   3.1034609e-02   3.1350000e+03
   3.0481977e-02   3.1500000e+03
   2.9570088e-02   3.1650000e+03
   2.8285718e-02   3.1800000e+03
   2.6593825e-02   3.1950000e+03
   2.4466341e-02   3.2100000e+03
   2.1919344e-02   3.2250000e+03
   1.9034201e-02   3.2400000e+03
   1.5950814e-02   3.2550000e+03
   1.2837553e-02   3.2700000e+03
   9.8533416e-03   3.2850000e+03
   7.1213725e-03   3.3000000e+03
   4.7266800e-03   3.3150000e+03
   2.7301672e-03   3.3300000e+03
   1.1772935e-03   3.3450000e+03
   8.9427886e-05   3.3600000e+03
  -5.4977147e-04   3.3750000e+03
  -7.9309754e-04   3.3900000e+03
  -7.1226503e-04   3.4050000e+03
  -3.7967984e-04   3.4200000e+03
   1.4124562e-04   3.4350000e+03
   8.0259185e-04   3.4500000e+03
   1.5782466e-03   3.4650000e+03
   2.4600215e-03   3.4800000e+03
   3.4373116e-03   3.4950000e+03
   4.4762786e-03   3.5100000e+03
   5.5231969e-03   3.5250000e+03
   6.5331249e-03   3.5400000e+03
   7.4951407e-03   3.5550000e+03
   8.4271384e-03   3.5700000e+03
   9.3452102e-03   3.5850000e+03
   1.0236846e-02   3.6000000e+03
   1.1058991e-02   3.6150000e+03
   1.1757189e-02   3.6300000e+03
   1.2289370e-02   3.6450000e+03
   1.2641727e-02   3.6600000e+03
   1.2831148e-02   3.6750000e+03
   1.2892667e-02   3.6900000e+03
   1.2857656e-02   3.7050000e+03
   1.2737329e-02   3.7200000e+03
   1.2523743e-02   3.7350000e+03
   1.2204490e-02   3.7500000e+03
   1.1775114e-02   3.7650000e+03
   1.1240062e-02   3.7800000e+03
   1.0609118e-02   3.7950000e+03
   9.9000409e-03   3.8100000e+03
   9.1454638e-03   3.8250000e+03
   8.3915805e-03   3.8400000e+03
   7.6829698e-03   3.8550000e+03
   7.0434161e-03   3.8700000e+03
   6.4671440e-03   3.8850000e+03
   5.9235520e-03   3.9000000e+03
   5.3665936e-03   3.9150000e+03
   4.7413991e-03   3.9300000e+03
   3.9909896e-03   3.9450000e+03
   3.0690846e-03   3.9600000e+03
   1.9563506e-03   3.9750000e+03
   6.6973310e-04   3.9900000e+03
  -7.4102543e-04   4.0050000e+03
  -2.2051020e-03   4.0200000e+03
  -3.6442394e-03   4.0350000e+03
  -4.9890638e-03   4.0500000e+03
  -6.2001566e-03   4.0650000e+03
  -7.2856769e-03   4.0800000e+03
  -8.3000427e-03   4.0950000e+03
  -9.3187699e-03   4.1100000e+03
  -1.0404713e-02   4.1250000e+03
  -1.1586825e-02   4.1400000e+03
  -1.2857200e-02   4.1550000e+03
  -1.4175242e-02   4.1700000e+03
  -1.5468882e-02   4.1850000e+03
  -1.6637057e-02   4.2000000e+03
  -1.7564056e-02   4.2150000e+03
  -1.8146705e-02   4.2300000e+03
  -1.8323004e-02   4.2450000e+03
  -1.8089987e-02   4.2600000e+03
  -1.7506581e-02   4.2750000e+03
  -1.6682168e-02   4.2900000e+03
  -1.5750187e-02   4.3050000e+03
  -1.4828404e-02   4.3200000e+03
  -1.3978607e-02   4.3350000e+03
  -1.3187259e-02   4.3500000e+03
  -1.2381575e-02   4.3650000e+03
  -1.1474255e-02   4.3800000e+03
  -1.0413017e-02   4.3950000e+03
  -9.2117237e-03   4.4100000e+03
  -7.9528615e-03   4.4250000e+03
  -6.7629162e-03   4.4400000e+03
  -5.7691815e-03   4.4550000e+03
  -5.0544860e-03   4.4700000e+03
  -4.6331557e-03   4.4850000e+03
  -4.4643297e-03   4.5000000e+03
