  -5.5421647e-03   0.0000000e+00
  -5.5417605e-03   1.5000000e+01
  -5.5407626e-03   3.0000000e+01
  -5.5400296e-03   4.5000000e+01
  -5.5408422e-03   6.0000000e+01
  -5.5441959e-03   7.5000000e+01
  -5.5500041e-03   9.0000000e+01
  -5.5574430e-03   1.0500000e+02
  -5.5660619e-03   1.2000000e+02
  -5.5765333e-03   1.3500000e+02
  -5.5901078e-03   1.5000000e+02
  -5.6073992e-03   1.6500000e+02
  -5.6283921e-03   1.8000000e+02
  -5.6531038e-03   1.9500000e+02
  -5.6815147e-03   2.1000000e+02
  -5.7135900e-03   2.2500000e+02
  -5.7494324e-03   2.4000000e+02
  -5.7887468e-03   2.5500000e+02
  -5.8305277e-03   2.7000000e+02
  -5.8737732e-03   2.8500000e+02
  -5.9183030e-03   3.0000000e+02
  -5.9645954e-03   3.1500000e+02
  -6.0129436e-03   3.3000000e+02
  -6.0629486e-03   3.4500000e+02
  -6.1132610e-03   3.6000000e+02
  -6.1614532e-03   3.7500000e+02
  -6.2056272e-03   3.9000000e+02
  -6.2469295e-03   4.0500000e+02
  -6.2880027e-03   4.2000000e+02
  -6.3274242e-03   4.3500000e+02
  -6.3589718e-03   4.5000000e+02
  -6.3785501e-03   4.6500000e+02
  -6.3885394e-03   4.8000000e+02
  -6.3939597e-03   4.9500000e+02
  -6.3979672e-03   5.1000000e+02
  -6.4020539e-03   5.2500000e+02
  -6.4071277e-03   5.4000000e+02
  -6.4124800e-03   5.5500000e+02
  -6.4156009e-03   5.7000000e+02
  -6.4152009e-03   5.8500000e+02
  -6.4125326e-03   6.0000000e+02
  -6.4071319e-03   6.1500000e+02
  -6.3948608e-03   6.3000000e+02
  -6.3734544e-03   6.4500000e+02
  -6.3454015e-03   6.6000000e+02
  -6.3132364e-03   6.7500000e+02
  -6.2771649e-03   6.9000000e+02
  -6.2372070e-03   7.0500000e+02
  -6.1929328e-03   7.2000000e+02
  -6.1423886e-03   7.3500000e+02
  -6.0833232e-03   7.5000000e+02
  -6.0136649e-03   7.6500000e+02
  -5.9314622e-03   7.8000000e+02
  -5.8357310e-03   7.9500000e+02
  -5.7254387e-03   8.1000000e+02
  -5.5975216e-03   8.2500000e+02
  -5.4477779e-03   8.4000000e+02
  -5.2729058e-03   8.5500000e+02
  -5.0702877e-03   8.7000000e+02
  -4.8362981e-03   8.8500000e+02
  -4.5647300e-03   9.0000000e+02
  -4.2463681e-03   9.1500000e+02
  -3.8702944e-03   9.3000000e+02
  -3.4243988e-03   9.4500000e+02
  -2.8936060e-03   9.6000000e+02
  -2.2586402e-03   9.7500000e+02
  -1.4955251e-03   9.9000000e+02
  -5.7431299e-04   1.0050000e+03
   5.4111722e-04   1.0200000e+03
   1.8931107e-03   1.0350000e+03
   3.5334930e-03   1.0500000e+03
   5.5282172e-03   1.0650000e+03
   7.9616290e-03   1.0800000e+03
   1.0943044e-02   1.0950000e+03
   1.4615542e-02   1.1100000e+03
   1.9163545e-02   1.1250000e+03
   2.4818221e-02   1.1400000e+03
   3.1861905e-02   1.1550000e+03
   4.0631112e-02   1.1700000e+03
   5.1514197e-02   1.1850000e+03
   6.4936817e-02   1.2000000e+03
   8.1328280e-02   1.2150000e+03
   1.0106488e-01   1.2300000e+03
   1.2439399e-01   1.2450000e+03
   1.5135114e-01   1.2600000e+03
   1.8168233e-01   1.2750000e+03
   2.1477336e-01   1.2900000e+03
   2.4958114e-01   1.3050000e+03
   2.8457224e-01   1.3200000e+03
   3.1769910e-01   1.3350000e+03
   3.4647039e-01   1.3500000e+03
   3.6817250e-01   1.3650000e+03
   3.8026065e-01   1.3800000e+03
   3.8086256e-01   1.3950000e+03
   3.6925614e-01   1.4100000e+03
   3.4613869e-01   1.4250000e+03
   3.1354973e-01   1.4400000e+03
   2.7443790e-01   1.4550000e+03
   2.3202476e-01   1.4700000e+03
   1.8920982e-01   1.4850000e+03
   1.4821954e-01   1.5000000e+03
   1.1054990e-01   1.5150000e+03
   7.7094145e-02   1.5300000e+03
   4.8288032e-02   1.5450000e+03
   2.4171317e-02   1.5600000e+03
   4.3900120e-03   1.5750000e+03
  -1.1759387e-02   1.5900000e+03
  -2.5174305e-02   1.6050000e+03
  -3.6714140e-02   1.6200000e+03
  -4.7003172e-02   1.6350000e+03
  -5.6355678e-02   1.6500000e+03
  -6.4816177e-02   1.6650000e+03
  -7.2242722e-02   1.6800000e+03
  -7.8381389e-02   1.6950000e+03
  -8.2933627e-02   1.7100000e+03
  -8.5622624e-02   1.7250000e+03
  -8.6233102e-02   1.7400000e+03
  -8.4607787e-02   1.7550000e+03
  -8.0641933e-02   1.7700000e+03
  -7.4331485e-02   1.7850000e+03
  -6.5856174e-02   1.8000000e+03
  -5.5607401e-02   1.8150000e+03
  -4.4108864e-02   1.8300000e+03
  -3.1887330e-02   1.8450000e+03
  -1.9394813e-02   1.8600000e+03
  -7.0135118e-03   1.8750000e+03
   4.9138656e-03   1.8900000e+03
   1.6091442e-02   1.9050000e+03
   2.6314573e-02   1.9200000e+03
   3.5502877e-02   1.9350000e+03
   4.3684900e-02   1.9500000e+03
   5.0939400e-02   1.9650000e+03
   5.7324279e-02   1.9800000e+03
   6.2821232e-02   1.9950000e+03
   6.7308672e-02   2.0100000e+03
   7.0569448e-02   2.0250000e+03
   7.2342537e-02   2.0400000e+03
   7.2417684e-02   2.0550000e+03
   7.0737496e-02   2.0700000e+03
   6.7442462e-02   2.0850000e+03
   6.2818617e-02   2.1000000e+03
   5.7182349e-02   2.1150000e+03
   5.0794557e-02   2.1300000e+03
   4.3872640e-02   2.1450000e+03
   3.6678396e-02   2.1600000e+03
   2.9585386e-02   2.1750000e+03
   2.3039021e-02   2.1900000e+03
   1.7410882e-02   2.2050000e+03
   1.2840344e-02   2.2200000e+03
   9.1713620e-03   2.2350000e+03
   6.0150689e-03   2.2500000e+03
   2.8716854e-03   2.2650000e+03
  -7.7806634e-04   2.2800000e+03
  -5.4340702e-03   2.2950000e+03
  -1.1532778e-02   2.3100000e+03
  -1.9338267e-02   2.3250000e+03
  -2.8786803e-02   2.3400000e+03
  -3.9382458e-02   2.3550000e+03
  -5.0246000e-02   2.3700000e+03
  -6.0340807e-02   2.3850000e+03
  -6.8792008e-02   2.4000000e+03
  -7.5154208e-02   2.4150000e+03
  -7.9515018e-02   2.4300000e+03
  -8.2420029e-02   2.4450000e+03
  -8.4684692e-02   2.4600000e+03
  -8.7160349e-02   2.4750000e+03
  -9.0483926e-02   2.4900000e+03
  -9.4844542e-02   2.5050000e+03
  -9.9852182e-02   2.5200000e+03
  -1.0460594e-01   2.5350000e+03
  -1.0797060e-01   2.5500000e+03
  -1.0894307e-01   2.5650000e+03
  -1.0694485e-01   2.5800000e+03
  -1.0194706e-01   2.5950000e+03
  -9.4436646e-02   2.6100000e+03
  -8.5280344e-02   2.6250000e+03
  -7.5534828e-02   2.6400000e+03
  -6.6242233e-02   2.6550000e+03
  -5.8258258e-02   2.6700000e+03
  -5.2156754e-02   2.6850000e+03
  -4.8220098e-02   2.7000000e+03
  -4.6482369e-02   2.7150000e+03
  -4.6779316e-02   2.7300000e+03
  -4.8781350e-02   2.7450000e+03
  -5.2017357e-02   2.7600000e+03
  -5.5907633e-02   2.7750000e+03
  -5.9810277e-02   2.7900000e+03
  -6.3069209e-02   2.8050000e+03
  -6.5057375e-02   2.8200000e+03
  -6.5230377e-02   2.8350000e+03
  -6.3211337e-02   2.8500000e+03
  -5.8898356e-02   2.8650000e+03
  -5.2544564e-02   2.8800000e+03
  -4.4753067e-02   2.8950000e+03
  -3.6372017e-02   2.9100000e+03
  -2.8330240e-02   2.9250000e+03
  -2.1473529e-02   2.9400000e+03
  -1.6438505e-02   2.9550000e+03
  -1.3571718e-02   2.9700000e+03
  -1.2892551e-02   2.9850000e+03
  -1.4100214e-02   3.0000000e+03
  -1.6623985e-02   3.0150000e+03
  -1.9715091e-02   3.0300000e+03
  -2.2578314e-02   3.0450000e+03
  -2.4524709e-02   3.0600000e+03
  -2.5098566e-02   3.0750000e+03
  -2.4130797e-02   3.0900000e+03
  -2.1714486e-02   3.1050000e+03
  -1.8143713e-02   3.1200000e+03
  -1.3855685e-02   3.1350000e+03
  -9.3826838e-03   3.1500000e+03
  -5.3017596e-03   3.1650000e+03
  -2.1763716e-03   3.1800000e+03
  -4.8992352e-04   3.1950000e+03
  -5.7059695e-04   3.2100000e+03
  -2.5187025e-03   3.2250000e+03
  -6.1699506e-03   3.2400000e+03
  -1.1128474e-02   3.2550000e+03
  -1.6866630e-02   3.2700000e+03
  -2.2844797e-02   3.2850000e+03
  -2.8597521e-02   3.3000000e+03
  -3.3768933e-02   3.3150000e+03
  -3.8120199e-02   3.3300000e+03
  -4.1535150e-02   3.3450000e+03
  -4.4021819e-02   3.3600000e+03
  -4.5688026e-02   3.3750000e+03
  -4.6682671e-02   3.3900000e+03
  -4.7121145e-02   3.4050000e+03
  -4.7022425e-02   3.4200000e+03
  -4.6276242e-02   3.4350000e+03
  -4.4651251e-02   3.4500000e+03
  -4.1850518e-02   3.4650000e+03
  -3.7603434e-02   3.4800000e+03
  -3.1756792e-02   3.4950000e+03
  -2.4323020e-02   3.5100000e+03
  -1.5475286e-02   3.5250000e+03
  -5.5168420e-03   3.5400000e+03
   5.1440476e-03   3.5550000e+03
   1.6010035e-02   3.5700000e+03
   2.6519243e-02   3.5850000e+03
   3.6089111e-02   3.6000000e+03
   4.4172302e-02   3.6150000e+03
   5.0313715e-02   3.6300000e+03
   5.4204632e-02   3.6450000e+03
   5.5728950e-02   3.6600000e+03
   5.4985400e-02   3.6750000e+03
   5.2268792e-02   3.6900000e+03
   4.8013095e-02   3.7050000e+03
   4.2721611e-02   3.7200000e+03
   3.6907341e-02   3.7350000e+03
   3.1043537e-02   3.7500000e+03
   2.5510320e-02   3.7650000e+03
   2.0540331e-02   3.7800000e+03
   1.6194707e-02   3.7950000e+03
   1.2399046e-02   3.8100000e+03
   9.0280240e-03   3.8250000e+03
   5.9874877e-03   3.8400000e+03
   3.2495412e-03   3.8550000e+03
   8.4224885e-04   3.8700000e+03
  -1.1719202e-03   3.8850000e+03
  -2.7079470e-03   3.9000000e+03
  -3.6707667e-03   3.9150000e+03
  -3.9821868e-03   3.9300000e+03
  -3.6115488e-03   3.9450000e+03
  -2.5887145e-03   3.9600000e+03
  -9.9921983e-04   3.9750000e+03
   1.0177144e-03   3.9900000e+03
   3.2606684e-03   4.0050000e+03
   5.4680812e-03   4.0200000e+03
   7.3525687e-03   4.0350000e+03
   8.6572627e-03   4.0500000e+03
   9.2007462e-03   4.0650000e+03
   8.8906530e-03   4.0800000e+03
   7.7138287e-03   4.0950000e+03
   5.7180068e-03   4.1100000e+03
   2.9884297e-03   4.1250000e+03
  -3.7861182e-04   4.1400000e+03
  -4.2896457e-03   4.1550000e+03
  -8.6376434e-03   4.1700000e+03
  -1.3261706e-02   4.1850000e+03
  -1.7913779e-02   4.2000000e+03
  -2.2257652e-02   4.2150000e+03
  -2.5897427e-02   4.2300000e+03
  -2.8418876e-02   4.2450000e+03
  -2.9441277e-02   4.2600000e+03
  -2.8690644e-02   4.2750000e+03
  -2.6088858e-02   4.2900000e+03
  -2.1820210e-02   4.3050000e+03
  -1.6329695e-02   4.3200000e+03
  -1.0242263e-02   4.3350000e+03
  -4.2386968e-03   4.3500000e+03
   1.0600117e-03   4.3650000e+03
   5.1698093e-03   4.3800000e+03
   7.7842390e-03   4.3950000e+03
   8.7936344e-03   4.4100000e+03
   8.2890177e-03   4.4250000e+03
   6.5436531e-03   4.4400000e+03
   3.9627012e-03   4.4550000e+03
   1.0020498e-03   4.4700000e+03
  -1.9262340e-03   4.4850000e+03
  -4.5323586e-03   4.5000000e+03
