  -3.1456130e-03   0.0000000e+00
  -3.1454696e-03   1.5000000e+01
  -3.1451199e-03   3.0000000e+01
  -3.1448419e-03   4.5000000e+01
  -3.1449436e-03   6.0000000e+01
  -3.1456247e-03   7.5000000e+01
  -3.1469129e-03   9.0000000e+01
  -3.1487206e-03   1.0500000e+02
  -3.1510217e-03   1.2000000e+02
  -3.1539630e-03   1.3500000e+02
  -3.1577169e-03   1.5000000e+02
  -3.1623149e-03   1.6500000e+02
  -3.1677785e-03   1.8000000e+02
  -3.1741215e-03   1.9500000e+02
  -3.1811141e-03   2.1000000e+02
  -3.1884506e-03   2.2500000e+02
  -3.1961491e-03   2.4000000e+02
  -3.2045231e-03   2.5500000e+02
  -3.2138319e-03   2.7000000e+02
  -3.2239868e-03   2.8500000e+02
  -3.2345855e-03   3.0000000e+02
  -3.2452566e-03   3.1500000e+02
  -3.2559419e-03   3.3000000e+02
  -3.2668253e-03   3.4500000e+02
  -3.2780343e-03   3.6000000e+02
  -3.2894411e-03   3.7500000e+02
  -3.3008417e-03   3.9000000e+02
  -3.3123682e-03   4.0500000e+02
  -3.3242241e-03   4.2000000e+02
  -3.3356657e-03   4.3500000e+02
  -3.3450171e-03   4.5000000e+02
  -3.3513599e-03   4.6500000e+02
  -3.3554116e-03   4.8000000e+02
  -3.3584042e-03   4.9500000e+02
  -3.3611166e-03   5.1000000e+02
  -3.3641991e-03   5.2500000e+02
  -3.3683842e-03   5.4000000e+02
  -3.3738010e-03   5.5500000e+02
  -3.3797182e-03   5.7000000e+02
  -3.3855818e-03   5.8500000e+02
  -3.3915946e-03   6.0000000e+02
  -3.3976031e-03   6.1500000e+02
  -3.4025942e-03   6.3000000e+02
  -3.4061850e-03   6.4500000e+02
  -3.4091843e-03   6.6000000e+02
  -3.4121757e-03   6.7500000e+02
  -3.4150642e-03   6.9000000e+02
  -3.4180034e-03   7.0500000e+02
  -3.4212987e-03   7.2000000e+02
  -3.4248533e-03   7.3500000e+02
  -3.4284750e-03   7.5000000e+02
  -3.4320611e-03   7.6500000e+02
  -3.4354599e-03   7.8000000e+02
  -3.4387177e-03   7.9500000e+02
  -3.4420919e-03   8.1000000e+02
  -3.4456016e-03   8.2500000e+02
  -3.4490325e-03   8.4000000e+02
  -3.4522633e-03   8.5500000e+02
  -3.4553385e-03   8.7000000e+02
  -3.4584950e-03   8.8500000e+02
  -3.4620597e-03   9.0000000e+02
  -3.4660804e-03   9.1500000e+02
  -3.4703768e-03   9.3000000e+02
  -3.4749813e-03   9.4500000e+02
  -3.4801462e-03   9.6000000e+02
  -3.4860228e-03   9.7500000e+02
  -3.4924820e-03   9.9000000e+02
  -3.4991277e-03   1.0050000e+03
  -3.5057280e-03   1.0200000e+03
  -3.5125902e-03   1.0350000e+03
  -3.5201937e-03   1.0500000e+03
  -3.5287263e-03   1.0650000e+03
  -3.5381485e-03   1.0800000e+03
  -3.5483362e-03   1.0950000e+03
  -3.5589575e-03   1.1100000e+03
  -3.5694083e-03   1.1250000e+03
  -3.5790687e-03   1.1400000e+03
  -3.5877794e-03   1.1550000e+03
  -3.5961736e-03   1.1700000e+03
  -3.6054673e-03   1.1850000e+03
  -3.6167079e-03   1.2000000e+03
  -3.6299883e-03   1.2150000e+03
  -3.6443330e-03   1.2300000e+03
  -3.6583450e-03   1.2450000e+03
  -3.6708764e-03   1.2600000e+03
  -3.6811850e-03   1.2750000e+03
  -3.6888965e-03   1.2900000e+03
  -3.6941369e-03   1.3050000e+03
  -3.6975713e-03   1.3200000e+03
  -3.6999800e-03   1.3350000e+03
  -3.7016266e-03   1.3500000e+03
  -3.7020540e-03   1.3650000e+03
  -3.7003902e-03   1.3800000e+03
  -3.6957222e-03   1.3950000e+03
  -3.6871703e-03   1.4100000e+03
  -3.6737982e-03   1.4250000e+03
  -3.6546993e-03   1.4400000e+03
  -3.6292593e-03   1.4550000e+03
  -3.5971000e-03   1.4700000e+03
  -3.5573994e-03   1.4850000e+03
  -3.5081198e-03   1.5000000e+03
  -3.4460877e-03   1.5150000e+03
  -3.3680794e-03   1.5300000e+03
  -3.2721176e-03   1.5450000e+03
  -3.1582022e-03   1.5600000e+03
  -3.0282498e-03   1.5750000e+03
  -2.8854674e-03   1.5900000e+03
  -2.7333687e-03   1.6050000e+03
  -2.5745758e-03   1.6200000e+03
  -2.4093485e-03   1.6350000e+03
  -2.2338477e-03   1.6500000e+03
  -2.0387045e-03   1.6650000e+03
  -1.8086542e-03   1.6800000e+03
  -1.5238629e-03   1.6950000e+03
  -1.1630279e-03   1.7100000e+03
  -7.0751586e-04   1.7250000e+03
  -1.4478328e-04   1.7400000e+03
   5.3129491e-04   1.7550000e+03
   1.3246519e-03   1.7700000e+03
   2.2443181e-03   1.7850000e+03
   3.3105204e-03   1.8000000e+03
   4.5560435e-03   1.8150000e+03
   6.0235988e-03   1.8300000e+03
   7.7637597e-03   1.8450000e+03
   9.8373983e-03   1.8600000e+03
   1.2321736e-02   1.8750000e+03
   1.5314333e-02   1.8900000e+03
   1.8928813e-02   1.9050000e+03
   2.3280332e-02   1.9200000e+03
   2.8465252e-02   1.9350000e+03
   3.4542933e-02   1.9500000e+03
   4.1525219e-02   1.9650000e+03
   4.9373314e-02   1.9800000e+03
   5.7998799e-02   1.9950000e+03
   6.7268565e-02   2.0100000e+03
   7.7017218e-02   2.0250000e+03
   8.7067686e-02   2.0400000e+03
   9.7251408e-02   2.0550000e+03
   1.0741402e-01   2.0700000e+03
   1.1740103e-01   2.0850000e+03
   1.2703465e-01   2.1000000e+03
   1.3610290e-01   2.1150000e+03
   1.4437319e-01   2.1300000e+03
   1.5162443e-01   2.1450000e+03
   1.5767908e-01   2.1600000e+03
   1.6242187e-01   2.1750000e+03
   1.6580470e-01   2.1900000e+03
   1.6784640e-01   2.2050000e+03
   1.6863371e-01   2.2200000e+03
   1.6832124e-01   2.2350000e+03
   1.6712253e-01   2.2500000e+03
   1.6528642e-01   2.2650000e+03
   1.6305861e-01   2.2800000e+03
   1.6063799e-01   2.2950000e+03
   1.5814054e-01   2.3100000e+03
   1.5558013e-01   2.3250000e+03
   1.5286750e-01   2.3400000e+03
   1.4982434e-01   2.3550000e+03
   1.4621459e-01   2.3700000e+03
   1.4179873e-01   2.3850000e+03
   1.3640626e-01   2.4000000e+03
   1.3000061e-01   2.4150000e+03
   1.2270068e-01   2.4300000e+03
   1.1474005e-01   2.4450000e+03
   1.0637874e-01   2.4600000e+03
   9.7806513e-02   2.4750000e+03
   8.9079440e-02   2.4900000e+03
   8.0122061e-02   2.5050000e+03
   7.0812419e-02   2.5200000e+03
   6.1138678e-02   2.5350000e+03
   5.1368095e-02   2.5500000e+03
   4.2128053e-02   2.5650000e+03
   3.4309689e-02   2.5800000e+03
   2.8785717e-02   2.5950000e+03
   2.6048323e-02   2.6100000e+03
   2.5947750e-02   2.6250000e+03
   2.7689928e-02   2.6400000e+03
   3.0127164e-02   2.6550000e+03
   3.2207310e-02   2.6700000e+03
   3.3335149e-02   2.6850000e+03
   3.3438418e-02   2.7000000e+03
   3.2724503e-02   2.7150000e+03
   3.1337954e-02   2.7300000e+03
   2.9200403e-02   2.7450000e+03
   2.6152058e-02   2.7600000e+03
   2.2239083e-02   2.7750000e+03
   1.7846065e-02   2.7900000e+03
   1.3505079e-02   2.8050000e+03
   9.5267836e-03   2.8200000e+03
   5.8116168e-03   2.8350000e+03
   2.0835300e-03   2.8500000e+03
  -1.6001696e-03   2.8650000e+03
  -4.5312853e-03   2.8800000e+03
  -5.6070480e-03   2.8950000e+03
  -4.0557864e-03   2.9100000e+03
  -6.5334461e-05   2.9250000e+03
   5.2256803e-03   2.9400000e+03
   1.0376814e-02   2.9550000e+03
   1.4388290e-02   2.9700000e+03
   1.6961319e-02   2.9850000e+03
   1.8205224e-02   3.0000000e+03
   1.8227300e-02   3.0150000e+03
   1.7044654e-02   3.0300000e+03
   1.4815518e-02   3.0450000e+03
   1.2025307e-02   3.0600000e+03
   9.3563106e-03   3.0750000e+03
   7.3464708e-03   3.0900000e+03
   6.1455183e-03   3.1050000e+03
   5.5250977e-03   3.1200000e+03
   5.0433353e-03   3.1350000e+03
   4.2041261e-03   3.1500000e+03
   2.5728163e-03   3.1650000e+03
  -1.1416723e-04   3.1800000e+03
  -3.8657046e-03   3.1950000e+03
  -8.4500080e-03   3.2100000e+03
  -1.3508191e-02   3.2250000e+03
  -1.8671351e-02   3.2400000e+03
  -2.3610046e-02   3.2550000e+03
  -2.8061554e-02   3.2700000e+03
  -3.1909548e-02   3.2850000e+03
  -3.5272900e-02   3.3000000e+03
  -3.8460013e-02   3.3150000e+03
  -4.1736979e-02   3.3300000e+03
  -4.5072280e-02   3.3450000e+03
  -4.8103273e-02   3.3600000e+03
  -5.0390445e-02   3.3750000e+03
  -5.1751323e-02   3.3900000e+03
  -5.2384637e-02   3.4050000e+03
  -5.2695621e-02   3.4200000e+03
  -5.3008959e-02   3.4350000e+03
  -5.3431977e-02   3.4500000e+03
  -5.3951114e-02   3.4650000e+03
  -5.4612335e-02   3.4800000e+03
  -5.5579927e-02   3.4950000e+03
  -5.7015482e-02   3.5100000e+03
  -5.8901936e-02   3.5250000e+03
  -6.0987681e-02   3.5400000e+03
  -6.2915906e-02   3.5550000e+03
  -6.4438805e-02   3.5700000e+03
  -6.5533109e-02   3.5850000e+03
  -6.6314235e-02   3.6000000e+03
  -6.6839643e-02   3.6150000e+03
  -6.7016073e-02   3.6300000e+03
  -6.6720754e-02   3.6450000e+03
  -6.5997511e-02   3.6600000e+03
  -6.5083042e-02   3.6750000e+03
  -6.4214706e-02   3.6900000e+03
  -6.3447259e-02   3.7050000e+03
  -6.2705360e-02   3.7200000e+03
  -6.2001497e-02   3.7350000e+03
  -6.1535593e-02   3.7500000e+03
  -6.1545681e-02   3.7650000e+03
  -6.2098261e-02   3.7800000e+03
  -6.3068114e-02   3.7950000e+03
  -6.4294353e-02   3.8100000e+03
  -6.5681919e-02   3.8250000e+03
  -6.7134038e-02   3.8400000e+03
  -6.8462409e-02   3.8550000e+03
  -6.9446974e-02   3.8700000e+03
  -6.9979414e-02   3.8850000e+03
  -7.0080914e-02   3.9000000e+03
  -6.9756292e-02   3.9150000e+03
  -6.8891965e-02   3.9300000e+03
  -6.7361861e-02   3.9450000e+03
  -6.5218352e-02   3.9600000e+03
  -6.2716886e-02   3.9750000e+03
  -6.0143959e-02   3.9900000e+03
  -5.7681434e-02   4.0050000e+03
  -5.5475745e-02   4.0200000e+03
  -5.3782355e-02   4.0350000e+03
  -5.2952599e-02   4.0500000e+03
  -5.3261004e-02   4.0650000e+03
  -5.4790288e-02   4.0800000e+03
  -5.7485398e-02   4.0950000e+03
  -6.1236091e-02   4.1100000e+03
  -6.5834656e-02   4.1250000e+03
  -7.0885323e-02   4.1400000e+03
  -7.5843446e-02   4.1550000e+03
  -8.0176644e-02   4.1700000e+03
  -8.3461560e-02   4.1850000e+03
  -8.5339352e-02   4.2000000e+03
  -8.5475363e-02   4.2150000e+03
  -8.3653972e-02   4.2300000e+03
  -7.9914711e-02   4.2450000e+03
  -7.4552432e-02   4.2600000e+03
  -6.7984156e-02   4.2750000e+03
  -6.0644083e-02   4.2900000e+03
  -5.2976023e-02   4.3050000e+03
  -4.5422576e-02   4.3200000e+03
  -3.8334232e-02   4.3350000e+03
  -3.1880174e-02   4.3500000e+03
  -2.6069684e-02   4.3650000e+03
  -2.0851322e-02   4.3800000e+03
  -1.6173277e-02   4.3950000e+03
  -1.1972954e-02   4.4100000e+03
  -8.1604198e-03   4.4250000e+03
  -4.6302937e-03   4.4400000e+03
  -1.2695950e-03   4.4550000e+03
   2.0477741e-03   4.4700000e+03
   5.4338565e-03   4.4850000e+03
   8.9149605e-03   4.5000000e+03
