  -1.0764053e-03   0.0000000e+00
  -1.0764071e-03   1.5000000e+01
  -1.0764295e-03   3.0000000e+01
  -1.0764837e-03   4.5000000e+01
  -1.0765581e-03   6.0000000e+01
  -1.0766048e-03   7.5000000e+01
  -1.0765905e-03   9.0000000e+01
  -1.0765614e-03   1.0500000e+02
  -1.0766053e-03   1.2000000e+02
  -1.0767812e-03   1.3500000e+02
  -1.0770169e-03   1.5000000e+02
  -1.0770168e-03   1.6500000e+02
  -1.0759946e-03   1.8000000e+02
  -1.0714042e-03   1.9500000e+02
  -1.0557072e-03   2.1000000e+02
  -1.0129324e-03   2.2500000e+02
  -9.2215225e-04   2.4000000e+02
  -7.7611912e-04   2.5500000e+02
  -6.0767069e-04   2.7000000e+02
  -4.9053453e-04   2.8500000e+02
  -4.8639640e-04   3.0000000e+02
  -5.7395390e-04   3.1500000e+02
  -6.5153226e-04   3.3000000e+02
  -6.4141257e-04   3.4500000e+02
  -5.7911058e-04   3.6000000e+02
  -5.5927894e-04   3.7500000e+02
  -6.0317799e-04   3.9000000e+02
  -6.3910091e-04   4.0500000e+02
  -6.2030030e-04   4.2000000e+02
  -5.9042929e-04   4.3500000e+02
  -6.0038938e-04   4.5000000e+02
  -6.2754017e-04   4.6500000e+02
  -6.2738755e-04   4.8000000e+02
  -6.1118981e-04   4.9500000e+02
  -6.1511184e-04   5.1000000e+02
  -6.3340529e-04   5.2500000e+02
  -6.3710351e-04   5.4000000e+02
  -6.2862644e-04   5.5500000e+02
  -6.3035730e-04   5.7000000e+02
  -6.4128335e-04   5.8500000e+02
  -6.4417353e-04   6.0000000e+02
  -6.3989335e-04   6.1500000e+02
  -6.4224377e-04   6.3000000e+02
  -6.5038359e-04   6.4500000e+02
  -6.5337447e-04   6.6000000e+02
  -6.5184804e-04   6.7500000e+02
  -6.5248006e-04   6.9000000e+02
  -6.5106625e-04   7.0500000e+02
  -6.3846383e-04   7.2000000e+02
  -6.1330554e-04   7.3500000e+02
  -5.7770760e-04   7.5000000e+02
  -5.3218956e-04   7.6500000e+02
  -4.8463879e-04   7.8000000e+02
  -4.5517762e-04   7.9500000e+02
  -4.6300894e-04   8.1000000e+02
  -5.0980359e-04   8.2500000e+02
  -5.7553162e-04   8.4000000e+02
  -6.2711904e-04   8.5500000e+02
  -6.3787540e-04   8.7000000e+02
  -6.1057601e-04   8.8500000e+02
  -5.8060221e-04   9.0000000e+02
  -5.8450957e-04   9.1500000e+02
  -6.2187563e-04   9.3000000e+02
  -6.5610668e-04   9.4500000e+02
  -6.5727491e-04   9.6000000e+02
  -6.3666073e-04   9.7500000e+02
  -6.3021405e-04   9.9000000e+02
  -6.5202505e-04   1.0050000e+03
  -6.7833654e-04   1.0200000e+03
  -6.8249548e-04   1.0350000e+03
  -6.7129050e-04   1.0500000e+03
  -6.7128794e-04   1.0650000e+03
  -6.8776309e-04   1.0800000e+03
  -6.9967634e-04   1.0950000e+03
  -6.9595443e-04   1.1100000e+03
  -6.9264486e-04   1.1250000e+03
  -7.0455088e-04   1.1400000e+03
  -7.2126469e-04   1.1550000e+03
  -7.2704360e-04   1.1700000e+03
  -7.2764832e-04   1.1850000e+03
  -7.3854654e-04   1.2000000e+03
  -7.5866340e-04   1.2150000e+03
  -7.7555171e-04   1.2300000e+03
  -7.8808487e-04   1.2450000e+03
  -8.0464763e-04   1.2600000e+03
  -8.2419853e-04   1.2750000e+03
  -8.3725643e-04   1.2900000e+03
  -8.4276992e-04   1.3050000e+03
  -8.4860687e-04   1.3200000e+03
  -8.5754937e-04   1.3350000e+03
  -8.6595735e-04   1.3500000e+03
  -8.7396777e-04   1.3650000e+03
  -8.8534324e-04   1.3800000e+03
  -8.9922932e-04   1.3950000e+03
  -9.1183156e-04   1.4100000e+03
  -9.2396478e-04   1.4250000e+03
  -9.3871914e-04   1.4400000e+03
  -9.5436844e-04   1.4550000e+03
  -9.6657197e-04   1.4700000e+03
  -9.7490277e-04   1.4850000e+03
  -9.8189234e-04   1.5000000e+03
  -9.8882371e-04   1.5150000e+03
  -9.9652261e-04   1.5300000e+03
  -1.0066679e-03   1.5450000e+03
  -1.0190866e-03   1.5600000e+03
  -1.0311085e-03   1.5750000e+03
  -1.0415864e-03   1.5900000e+03
  -1.0523334e-03   1.6050000e+03
  -1.0647997e-03   1.6200000e+03
  -1.0785251e-03   1.6350000e+03
  -1.0930615e-03   1.6500000e+03
  -1.1084987e-03   1.6650000e+03
  -1.1241698e-03   1.6800000e+03
  -1.1391183e-03   1.6950000e+03
  -1.1537275e-03   1.7100000e+03
  -1.1693281e-03   1.7250000e+03
  -1.1863388e-03   1.7400000e+03
  -1.2034577e-03   1.7550000e+03
  -1.2183661e-03   1.7700000e+03
  -1.2293793e-03   1.7850000e+03
  -1.2370754e-03   1.8000000e+03
  -1.2438623e-03   1.8150000e+03
  -1.2513691e-03   1.8300000e+03
  -1.2592174e-03   1.8450000e+03
  -1.2669943e-03   1.8600000e+03
  -1.2758238e-03   1.8750000e+03
  -1.2867415e-03   1.8900000e+03
  -1.2988533e-03   1.9050000e+03
  -1.3103801e-03   1.9200000e+03
  -1.3205775e-03   1.9350000e+03
  -1.3296745e-03   1.9500000e+03
  -1.3378306e-03   1.9650000e+03
  -1.3453306e-03   1.9800000e+03
  -1.3532912e-03   1.9950000e+03
  -1.3628764e-03   2.0100000e+03
  -1.3737589e-03   2.0250000e+03
  -1.3842396e-03   2.0400000e+03
  -1.3932858e-03   2.0550000e+03
  -1.4018265e-03   2.0700000e+03
  -1.4115406e-03   2.0850000e+03
  -1.4227676e-03   2.1000000e+03
  -1.4341578e-03   2.1150000e+03
  -1.4441744e-03   2.1300000e+03
  -1.4524661e-03   2.1450000e+03
  -1.4599068e-03   2.1600000e+03
  -1.4676498e-03   2.1750000e+03
  -1.4761128e-03   2.1900000e+03
  -1.4847034e-03   2.2050000e+03
  -1.4925600e-03   2.2200000e+03
  -1.4994266e-03   2.2350000e+03
  -1.5055463e-03   2.2500000e+03
  -1.5108105e-03   2.2650000e+03
  -1.5146401e-03   2.2800000e+03
  -1.5167756e-03   2.2950000e+03
  -1.5175656e-03   2.3100000e+03
  -1.5172882e-03   2.3250000e+03
  -1.5156734e-03   2.3400000e+03
  -1.5123612e-03   2.3550000e+03
  -1.5073887e-03   2.3700000e+03
  -1.5009379e-03   2.3850000e+03
  -1.4928476e-03   2.4000000e+03
  -1.4826893e-03   2.4150000e+03
  -1.4703656e-03   2.4300000e+03
  -1.4564419e-03   2.4450000e+03
  -1.4416680e-03   2.4600000e+03
  -1.4259916e-03   2.4750000e+03
  -1.4081118e-03   2.4900000e+03
  -1.3863045e-03   2.5050000e+03
  -1.3598694e-03   2.5200000e+03
  -1.3296481e-03   2.5350000e+03
  -1.2968995e-03   2.5500000e+03
  -1.2617253e-03   2.5650000e+03
  -1.2226059e-03   2.5800000e+03
  -1.1772490e-03   2.5950000e+03
  -1.1237756e-03   2.6100000e+03
  -1.0613647e-03   2.6250000e+03
  -9.8998519e-04   2.6400000e+03
  -9.0928515e-04   2.6550000e+03
  -8.1746146e-04   2.6700000e+03
  -7.1136112e-04   2.6850000e+03
  -5.8789639e-04   2.7000000e+03
  -4.4524204e-04   2.7150000e+03
  -2.8236845e-04   2.7300000e+03
  -9.7406431e-05   2.7450000e+03
   1.1331576e-04   2.7600000e+03
   3.5462773e-04   2.7750000e+03
   6.3127308e-04   2.7900000e+03
   9.4774831e-04   2.8050000e+03
   1.3094509e-03   2.8200000e+03
   1.7237319e-03   2.8350000e+03
   2.1995904e-03   2.8500000e+03
   2.7463646e-03   2.8650000e+03
   3.3730560e-03   2.8800000e+03
   4.0892395e-03   2.8950000e+03
   4.9066972e-03   2.9100000e+03
   5.8400994e-03   2.9250000e+03
   6.9063408e-03   2.9400000e+03
   8.1237666e-03   2.9550000e+03
   9.5123788e-03   2.9700000e+03
   1.1094798e-02   2.9850000e+03
   1.2896859e-02   3.0000000e+03
   1.4947398e-02   3.0150000e+03
   1.7277787e-02   3.0300000e+03
   1.9921653e-02   3.0450000e+03
   2.2914309e-02   3.0600000e+03
   2.6290769e-02   3.0750000e+03
   3.0082026e-02   3.0900000e+03
   3.4310658e-02   3.1050000e+03
   3.8987409e-02   3.1200000e+03
   4.4109497e-02   3.1350000e+03
   4.9660172e-02   3.1500000e+03
   5.5608589e-02   3.1650000e+03
   6.1909497e-02   3.1800000e+03
   6.8502657e-02   3.1950000e+03
   7.5312115e-02   3.2100000e+03
   8.2245305e-02   3.2250000e+03
   8.9192919e-02   3.2400000e+03
   9.6030958e-02   3.2550000e+03
   1.0262559e-01   3.2700000e+03
   1.0883961e-01   3.2850000e+03
   1.1453834e-01   3.3000000e+03
   1.1959355e-01   3.3150000e+03
   1.2388589e-01   3.3300000e+03
   1.2730753e-01   3.3450000e+03
   1.2976627e-01   3.3600000e+03
   1.3119145e-01   3.3750000e+03
   1.3154155e-01   3.3900000e+03
   1.3081232e-01   3.4050000e+03
   1.2904294e-01   3.4200000e+03
   1.2631771e-01   3.4350000e+03
   1.2276100e-01   3.4500000e+03
   1.1852503e-01   3.4650000e+03
   1.1377245e-01   3.4800000e+03
   1.0865763e-01   3.4950000e+03
   1.0331146e-01   3.5100000e+03
   9.7833239e-02   3.5250000e+03
   9.2290021e-02   3.5400000e+03
   8.6721949e-02   3.5550000e+03
   8.1150763e-02   3.5700000e+03
   7.5589605e-02   3.5850000e+03
   7.0052229e-02   3.6000000e+03
   6.4560153e-02   3.6150000e+03
   5.9147146e-02   3.6300000e+03
   5.3862266e-02   3.6450000e+03
   4.8772547e-02   3.6600000e+03
   4.3964930e-02   3.6750000e+03
   3.9543871e-02   3.6900000e+03
   3.5620615e-02   3.7050000e+03
   3.2293204e-02   3.7200000e+03
   2.9621927e-02   3.7350000e+03
   2.7609484e-02   3.7500000e+03
   2.6195252e-02   3.7650000e+03
   2.5268102e-02   3.7800000e+03
   2.4694003e-02   3.7950000e+03
   2.4347730e-02   3.8100000e+03
   2.4135724e-02   3.8250000e+03
   2.4001317e-02   3.8400000e+03
   2.3911946e-02   3.8550000e+03
   2.3836765e-02   3.8700000e+03
   2.3727536e-02   3.8850000e+03
   2.3513658e-02   3.9000000e+03
   2.3114640e-02   3.9150000e+03
   2.2463994e-02   3.9300000e+03
   2.1532318e-02   3.9450000e+03
   2.0337487e-02   3.9600000e+03
   1.8936399e-02   3.9750000e+03
   1.7402012e-02   3.9900000e+03
   1.5797028e-02   4.0050000e+03
   1.4157197e-02   4.0200000e+03
   1.2491389e-02   4.0350000e+03
   1.0795705e-02   4.0500000e+03
   9.0706181e-03   4.0650000e+03
   7.3298747e-03   4.0800000e+03
   5.5972836e-03   4.0950000e+03
   3.8969417e-03   4.1100000e+03
   2.2462264e-03   4.1250000e+03
   6.5643241e-04   4.1400000e+03
  -8.6161552e-04   4.1550000e+03
  -2.2936997e-03   4.1700000e+03
  -3.6244905e-03   4.1850000e+03
  -4.8448695e-03   4.2000000e+03
  -5.9597362e-03   4.2150000e+03
  -6.9922400e-03   4.2300000e+03
  -7.9825185e-03   4.2450000e+03
  -8.9803422e-03   4.2600000e+03
  -1.0031645e-02   4.2750000e+03
  -1.1161034e-02   4.2900000e+03
  -1.2356878e-02   4.3050000e+03
  -1.3568711e-02   4.3200000e+03
  -1.4723157e-02   4.3350000e+03
  -1.5754014e-02   4.3500000e+03
  -1.6631139e-02   4.3650000e+03
  -1.7371044e-02   4.3800000e+03
  -1.8023340e-02   4.3950000e+03
  -1.8643752e-02   4.4100000e+03
  -1.9272737e-02   4.4250000e+03
  -1.9931650e-02   4.4400000e+03
  -2.0631798e-02   4.4550000e+03
  -2.1381291e-02   4.4700000e+03
  -2.2180263e-02   4.4850000e+03
  -2.3011474e-02   4.5000000e+03
