   3.4578338e-03   0.0000000e+00
   3.4584352e-03   1.5000000e+01
   3.4599863e-03   3.0000000e+01
   3.4615644e-03   4.5000000e+01
   3.4622895e-03   6.0000000e+01
   3.4613966e-03   7.5000000e+01
   3.4583646e-03   9.0000000e+01
   3.4535441e-03   1.0500000e+02
   3.4476933e-03   1.2000000e+02
   3.4408898e-03   1.3500000e+02
   3.4327230e-03   1.5000000e+02
   3.4228056e-03   1.6500000e+02
   3.4105915e-03   1.8000000e+02
   3.3955311e-03   1.9500000e+02
   3.3778979e-03   2.1000000e+02
   3.3593320e-03   2.2500000e+02
   3.3421600e-03   2.4000000e+02
   3.3279120e-03   2.5500000e+02
   3.3164474e-03   2.7000000e+02
   3.3059735e-03   2.8500000e+02
   3.2935285e-03   3.0000000e+02
   3.2763949e-03   3.1500000e+02
   3.2539410e-03   3.3000000e+02
   3.2278993e-03   3.4500000e+02
   3.2008032e-03   3.6000000e+02
   3.1739285e-03   3.7500000e+02
   3.1464426e-03   3.9000000e+02
   3.1173048e-03   4.0500000e+02
   3.0878747e-03   4.2000000e+02
   3.0603514e-03   4.3500000e+02
   3.0329474e-03   4.5000000e+02
   2.9979167e-03   4.6500000e+02
   2.9423009e-03   4.8000000e+02
   2.8458613e-03   4.9500000e+02
   2.6785836e-03   5.1000000e+02
   2.4089410e-03   5.2500000e+02
   2.0282532e-03   5.4000000e+02
   1.5804393e-03   5.5500000e+02
   1.1717188e-03   5.7000000e+02
   9.3350915e-04   5.8500000e+02
   9.3912531e-04   6.0000000e+02
   1.1273621e-03   6.1500000e+02
   1.3154217e-03   6.3000000e+02
   1.3290205e-03   6.4500000e+02
   1.1544538e-03   6.6000000e+02
   9.5544994e-04   6.7500000e+02
   9.1226125e-04   6.9000000e+02
   1.0432694e-03   7.0500000e+02
   1.2109330e-03   7.2000000e+02
   1.3002233e-03   7.3500000e+02
   1.3376749e-03   7.5000000e+02
   1.3998552e-03   7.6500000e+02
   1.4574768e-03   7.8000000e+02
   1.3963355e-03   7.9500000e+02
   1.1890099e-03   8.1000000e+02
   9.4998674e-04   8.2500000e+02
   7.7928259e-04   8.4000000e+02
   6.3701998e-04   8.5500000e+02
   4.4517982e-04   8.7000000e+02
   2.3397588e-04   8.8500000e+02
   7.1943759e-05   9.0000000e+02
  -9.9664161e-05   9.1500000e+02
  -4.1808063e-04   9.3000000e+02
  -8.9031953e-04   9.4500000e+02
  -1.3757851e-03   9.6000000e+02
  -1.7969162e-03   9.7500000e+02
  -2.2337881e-03   9.9000000e+02
  -2.7816694e-03   1.0050000e+03
  -3.4428446e-03   1.0200000e+03
  -4.1884328e-03   1.0350000e+03
  -5.0048023e-03   1.0500000e+03
  -5.8529344e-03   1.0650000e+03
  -6.6916263e-03   1.0800000e+03
  -7.5491145e-03   1.0950000e+03
  -8.4579764e-03   1.1100000e+03
  -9.2945592e-03   1.1250000e+03
  -9.7247297e-03   1.1400000e+03
  -9.1889920e-03   1.1550000e+03
  -6.6244137e-03   1.1700000e+03
   2.2376981e-04   1.1850000e+03
   1.5832113e-02   1.2000000e+03
   4.8159212e-02   1.2150000e+03
   1.0980155e-01   1.2300000e+03
   2.1791363e-01   1.2450000e+03
   3.9059800e-01   1.2600000e+03
   6.3697207e-01   1.2750000e+03
   9.3994963e-01   1.2900000e+03
   1.2362908e+00   1.3050000e+03
   1.4068880e+00   1.3200000e+03
   1.2964849e+00   1.3350000e+03
   7.7671158e-01   1.3500000e+03
  -1.5826471e-01   1.3650000e+03
  -1.3121938e+00   1.3800000e+03
  -2.2963850e+00   1.3950000e+03
  -2.6756768e+00   1.4100000e+03
  -2.2102232e+00   1.4250000e+03
  -1.0503784e+00   1.4400000e+03
   2.8135210e-01   1.4550000e+03
   1.1682791e+00   1.4700000e+03
   1.2784657e+00   1.4850000e+03
   7.6447487e-01   1.5000000e+03
   1.1264228e-01   1.5150000e+03
  -2.4386224e-01   1.5300000e+03
  -2.2382620e-01   1.5450000e+03
  -6.6965774e-02   1.5600000e+03
  -4.2238910e-02   1.5750000e+03
  -1.9462855e-01   1.5900000e+03
  -3.5111752e-01   1.6050000e+03
  -3.2683390e-01   1.6200000e+03
  -1.0018414e-01   1.6350000e+03
   1.8926391e-01   1.6500000e+03
   3.7221506e-01   1.6650000e+03
   3.7459007e-01   1.6800000e+03
   2.5093704e-01   1.6950000e+03
   1.2396408e-01   1.7100000e+03
   8.1584312e-02   1.7250000e+03
   1.1080143e-01   1.7400000e+03
   1.2397145e-01   1.7550000e+03
   4.4204626e-02   1.7700000e+03
  -1.4195247e-01   1.7850000e+03
  -3.9401871e-01   1.8000000e+03
  -6.3021147e-01   1.8150000e+03
  -7.2328877e-01   1.8300000e+03
  -5.5215156e-01   1.8450000e+03
  -1.2223908e-01   1.8600000e+03
   3.8578036e-01   1.8750000e+03
   7.4102259e-01   1.8900000e+03
   8.3041692e-01   1.9050000e+03
   6.7704338e-01   1.9200000e+03
   3.4715265e-01   1.9350000e+03
  -7.1839429e-02   1.9500000e+03
  -4.2506993e-01   1.9650000e+03
  -5.4607755e-01   1.9800000e+03
  -4.0918618e-01   1.9950000e+03
  -1.5975611e-01   2.0100000e+03
   4.1448936e-02   2.0250000e+03
   1.4688559e-01   2.0400000e+03
   1.8225871e-01   2.0550000e+03
   1.6633821e-01   2.0700000e+03
   1.1700962e-01   2.0850000e+03
   6.6771895e-02   2.1000000e+03
   2.1912431e-02   2.1150000e+03
  -3.9465658e-02   2.1300000e+03
  -9.7359471e-02   2.1450000e+03
  -8.7622352e-02   2.1600000e+03
  -5.8746631e-03   2.1750000e+03
   6.2656701e-02   2.1900000e+03
   6.0310494e-02   2.2050000e+03
   2.7155980e-02   2.2200000e+03
   9.4586518e-03   2.2350000e+03
  -1.8019613e-02   2.2500000e+03
  -8.1129350e-02   2.2650000e+03
  -1.3537998e-01   2.2800000e+03
  -1.2955977e-01   2.2950000e+03
  -7.8330182e-02   2.3100000e+03
  -1.9360110e-02   2.3250000e+03
   4.1811686e-02   2.3400000e+03
   1.0013482e-01   2.3550000e+03
   1.2511870e-01   2.3700000e+03
   1.0823115e-01   2.3850000e+03
   8.4568769e-02   2.4000000e+03
   7.7892072e-02   2.4150000e+03
   7.1490809e-02   2.4300000e+03
   4.9963947e-02   2.4450000e+03
   2.2514991e-02   2.4600000e+03
  -4.2180484e-03   2.4750000e+03
  -3.3435874e-02   2.4900000e+03
  -5.6749865e-02   2.5050000e+03
  -6.1768726e-02   2.5200000e+03
  -5.4601867e-02   2.5350000e+03
  -4.5599051e-02   2.5500000e+03
  -2.8012430e-02   2.5650000e+03
   2.9811251e-03   2.5800000e+03
   2.9110564e-02   2.5950000e+03
   3.0282535e-02   2.6100000e+03
   1.0378217e-02   2.6250000e+03
  -1.2981902e-02   2.6400000e+03
  -2.7108226e-02   2.6550000e+03
  -2.4514100e-02   2.6700000e+03
  -3.6017834e-03   2.6850000e+03
   2.3425510e-02   2.7000000e+03
   3.7664473e-02   2.7150000e+03
   3.3224415e-02   2.7300000e+03
   2.1560589e-02   2.7450000e+03
   1.6817795e-02   2.7600000e+03
   2.2927772e-02   2.7750000e+03
   3.2088757e-02   2.7900000e+03
   3.1314086e-02   2.8050000e+03
   1.3844361e-02   2.8200000e+03
  -1.2621315e-02   2.8350000e+03
  -3.1243108e-02   2.8500000e+03
  -3.0913381e-02   2.8650000e+03
  -1.4814243e-02   2.8800000e+03
   4.3975953e-03   2.8950000e+03
   1.5249034e-02   2.9100000e+03
   1.4233529e-02   2.9250000e+03
   5.5631623e-03   2.9400000e+03
  -3.9350111e-03   2.9550000e+03
  -1.0599629e-02   2.9700000e+03
  -1.6276881e-02   2.9850000e+03
  -2.5223048e-02   3.0000000e+03
  -3.7730534e-02   3.0150000e+03
  -4.6527978e-02   3.0300000e+03
  -4.0926609e-02   3.0450000e+03
  -1.6383342e-02   3.0600000e+03
   1.9338641e-02   3.0750000e+03
   4.9894258e-02   3.0900000e+03
   6.1310407e-02   3.1050000e+03
   5.1265791e-02   3.1200000e+03
   2.9974338e-02   3.1350000e+03
   1.3029969e-02   3.1500000e+03
   1.1613464e-02   3.1650000e+03
   2.5772493e-02   3.1800000e+03
   4.4405267e-02   3.1950000e+03
   5.2590039e-02   3.2100000e+03
   4.2010851e-02   3.2250000e+03
   1.6258547e-02   3.2400000e+03
  -1.3744251e-02   3.2550000e+03
  -3.9182395e-02   3.2700000e+03
  -5.7893928e-02   3.2850000e+03
  -7.0854142e-02   3.3000000e+03
  -7.6911949e-02   3.3150000e+03
  -7.2864808e-02   3.3300000e+03
  -5.8326475e-02   3.3450000e+03
  -3.8868535e-02   3.3600000e+03
  -2.3155054e-02   3.3750000e+03
  -1.6692434e-02   3.3900000e+03
  -1.8256232e-02   3.4050000e+03
  -2.1766962e-02   3.4200000e+03
  -2.0882597e-02   3.4350000e+03
  -1.2058332e-02   3.4500000e+03
   5.0925678e-03   3.4650000e+03
   2.8341193e-02   3.4800000e+03
   5.3067833e-02   3.4950000e+03
   7.3062539e-02   3.5100000e+03
   8.2651094e-02   3.5250000e+03
   7.8831747e-02   3.5400000e+03
   6.1811876e-02   3.5550000e+03
   3.4438267e-02   3.5700000e+03
   1.8714558e-03   3.5850000e+03
  -2.8976183e-02   3.6000000e+03
  -5.1645603e-02   3.6150000e+03
  -6.3137464e-02   3.6300000e+03
  -6.4897902e-02   3.6450000e+03
  -6.0768276e-02   3.6600000e+03
  -5.4125402e-02   3.6750000e+03
  -4.6728734e-02   3.6900000e+03
  -3.9302260e-02   3.7050000e+03
  -3.2201719e-02   3.7200000e+03
  -2.5265252e-02   3.7350000e+03
  -1.7625237e-02   3.7500000e+03
  -8.7316353e-03   3.7650000e+03
  -1.7797743e-04   3.7800000e+03
   4.2178724e-03   3.7950000e+03
   1.6443562e-03   3.8100000e+03
  -5.9861867e-03   3.8250000e+03
  -1.2579636e-02   3.8400000e+03
  -1.2773287e-02   3.8550000e+03
  -5.9592170e-03   3.8700000e+03
   4.1566035e-03   3.8850000e+03
   1.2456512e-02   3.9000000e+03
   1.4889921e-02   3.9150000e+03
   1.0472558e-02   3.9300000e+03
   2.3348909e-03   3.9450000e+03
  -4.4357209e-03   3.9600000e+03
  -7.1408460e-03   3.9750000e+03
  -6.8932585e-03   3.9900000e+03
  -5.5872942e-03   4.0050000e+03
  -3.3247971e-03   4.0200000e+03
   3.8124307e-04   4.0350000e+03
   4.7136704e-03   4.0500000e+03
   8.1453705e-03   4.0650000e+03
   9.8373909e-03   4.0800000e+03
   9.6902857e-03   4.0950000e+03
   7.9726046e-03   4.1100000e+03
   5.3021838e-03   4.1250000e+03
   2.0828315e-03   4.1400000e+03
  -2.1798327e-03   4.1550000e+03
  -8.1611993e-03   4.1700000e+03
  -1.5337805e-02   4.1850000e+03
  -2.1906679e-02   4.2000000e+03
  -2.5769489e-02   4.2150000e+03
  -2.5274402e-02   4.2300000e+03
  -1.9890366e-02   4.2450000e+03
  -1.1039564e-02   4.2600000e+03
  -1.9570882e-03   4.2750000e+03
   3.8059836e-03   4.2900000e+03
   4.0083006e-03   4.3050000e+03
  -1.2761046e-03   4.3200000e+03
  -9.2868181e-03   4.3350000e+03
  -1.5550029e-02   4.3500000e+03
  -1.6391531e-02   4.3650000e+03
  -1.1066862e-02   4.3800000e+03
  -1.6553996e-03   4.3950000e+03
   8.6191362e-03   4.4100000e+03
   1.6967406e-02   4.4250000e+03
   2.1934986e-02   4.4400000e+03
   2.3578325e-02   4.4550000e+03
   2.2774080e-02   4.4700000e+03
   2.0224256e-02   4.4850000e+03
   1.6191976e-02   4.5000000e+03
