  -5.2212747e-03   0.0000000e+00
  -5.2209091e-03   1.5000000e+01
  -5.2200137e-03   3.0000000e+01
  -5.2193389e-03   4.5000000e+01
  -5.2199601e-03   6.0000000e+01
  -5.2226936e-03   7.5000000e+01
  -5.2274885e-03   9.0000000e+01
  -5.2337027e-03   1.0500000e+02
  -5.2409903e-03   1.2000000e+02
  -5.2499063e-03   1.3500000e+02
  -5.2614505e-03   1.5000000e+02
  -5.2760821e-03   1.6500000e+02
  -5.2937823e-03   1.8000000e+02
  -5.3145611e-03   1.9500000e+02
  -5.3382968e-03   2.1000000e+02
  -5.3648329e-03   2.2500000e+02
  -5.3942623e-03   2.4000000e+02
  -5.4265247e-03   2.5500000e+02
  -5.4610097e-03   2.7000000e+02
  -5.4969229e-03   2.8500000e+02
  -5.5339150e-03   3.0000000e+02
  -5.5721574e-03   3.1500000e+02
  -5.6118891e-03   3.3000000e+02
  -5.6530111e-03   3.4500000e+02
  -5.6946930e-03   3.6000000e+02
  -5.7351119e-03   3.7500000e+02
  -5.7727168e-03   3.9000000e+02
  -5.8083525e-03   4.0500000e+02
  -5.8440673e-03   4.2000000e+02
  -5.8785561e-03   4.3500000e+02
  -5.9065735e-03   4.5000000e+02
  -5.9247529e-03   4.6500000e+02
  -5.9351837e-03   4.8000000e+02
  -5.9420886e-03   4.9500000e+02
  -5.9480900e-03   5.1000000e+02
  -5.9545715e-03   5.2500000e+02
  -5.9626219e-03   5.4000000e+02
  -5.9719291e-03   5.5500000e+02
  -5.9804656e-03   5.7000000e+02
  -5.9870984e-03   5.8500000e+02
  -5.9928242e-03   6.0000000e+02
  -5.9972322e-03   6.1500000e+02
  -5.9969071e-03   6.3000000e+02
  -5.9901457e-03   6.4500000e+02
  -5.9792632e-03   6.6000000e+02
  -5.9665293e-03   6.7500000e+02
  -5.9522940e-03   6.9000000e+02
  -5.9369351e-03   7.0500000e+02
  -5.9205252e-03   7.2000000e+02
  -5.9018242e-03   7.3500000e+02
  -5.8793738e-03   7.5000000e+02
  -5.8519775e-03   7.6500000e+02
  -5.8186548e-03   7.8000000e+02
  -5.7794540e-03   7.9500000e+02
  -5.7347692e-03   8.1000000e+02
  -5.6836153e-03   8.2500000e+02
  -5.6240694e-03   8.4000000e+02
  -5.5548213e-03   8.5500000e+02
  -5.4752734e-03   8.7000000e+02
  -5.3847060e-03   8.8500000e+02
  -5.2813189e-03   9.0000000e+02
  -5.1617208e-03   9.1500000e+02
  -5.0218031e-03   9.3000000e+02
  -4.8574582e-03   9.4500000e+02
  -4.6636784e-03   9.6000000e+02
  -4.4339406e-03   9.7500000e+02
  -4.1602529e-03   9.9000000e+02
  -3.8328285e-03   1.0050000e+03
  -3.4407233e-03   1.0200000e+03
  -2.9725556e-03   1.0350000e+03
  -2.4147807e-03   1.0500000e+03
  -1.7494151e-03   1.0650000e+03
  -9.5340185e-04   1.0800000e+03
   2.3647772e-06   1.0950000e+03
   1.1551249e-03   1.1100000e+03
   2.5520988e-03   1.1250000e+03
   4.2523304e-03   1.1400000e+03
   6.3297488e-03   1.1550000e+03
   8.8774823e-03   1.1700000e+03
   1.2011872e-02   1.1850000e+03
   1.5875062e-02   1.2000000e+03
   2.0636696e-02   1.2150000e+03
   2.6495581e-02   1.2300000e+03
   3.3681799e-02   1.2450000e+03
   4.2459864e-02   1.2600000e+03
   5.3132247e-02   1.2750000e+03
   6.6038162e-02   1.2900000e+03
   8.1537679e-02   1.3050000e+03
   9.9969685e-02   1.3200000e+03
   1.2157580e-01   1.3350000e+03
   1.4639358e-01   1.3500000e+03
   1.7413712e-01   1.3650000e+03
   2.0409687e-01   1.3800000e+03
   2.3509453e-01   1.3950000e+03
   2.6552054e-01   1.4100000e+03
   2.9345992e-01   1.4250000e+03
   3.1688291e-01   1.4400000e+03
   3.3385980e-01   1.4550000e+03
   3.4276387e-01   1.4700000e+03
   3.4245265e-01   1.4850000e+03
   3.3243540e-01   1.5000000e+03
   3.1302390e-01   1.5150000e+03
   2.8542167e-01   1.5300000e+03
   2.5167033e-01   1.5450000e+03
   2.1438845e-01   1.5600000e+03
   1.7632698e-01   1.5750000e+03
   1.3987970e-01   1.5900000e+03
   1.0673438e-01   1.6050000e+03
   7.7775396e-02   1.6200000e+03
   5.3203102e-02   1.6350000e+03
   3.2735772e-02   1.6500000e+03
   1.5784718e-02   1.6650000e+03
   1.5901595e-03   1.6800000e+03
  -1.0641770e-02   1.6950000e+03
  -2.1594357e-02   1.7100000e+03
  -3.1729791e-02   1.7250000e+03
  -4.1241474e-02   1.7400000e+03
  -5.0052356e-02   1.7550000e+03
  -5.7842754e-02   1.7700000e+03
  -6.4132825e-02   1.7850000e+03
  -6.8440489e-02   1.8000000e+03
  -7.0459247e-02   1.8150000e+03
  -7.0148677e-02   1.8300000e+03
  -6.7693979e-02   1.8450000e+03
  -6.3407354e-02   1.8600000e+03
  -5.7672903e-02   1.8750000e+03
  -5.0945997e-02   1.8900000e+03
  -4.3728903e-02   1.9050000e+03
  -3.6468297e-02   1.9200000e+03
  -2.9421596e-02   1.9350000e+03
  -2.2592880e-02   1.9500000e+03
  -1.5787804e-02   1.9650000e+03
  -8.7454356e-03   1.9800000e+03
  -1.2686508e-03   1.9950000e+03
   6.6890926e-03   2.0100000e+03
   1.4979133e-02   2.0250000e+03
   2.3254663e-02   2.0400000e+03
   3.1028423e-02   2.0550000e+03
   3.7790693e-02   2.0700000e+03
   4.3135423e-02   2.0850000e+03
   4.6828479e-02   2.1000000e+03
   4.8806548e-02   2.1150000e+03
   4.9156122e-02   2.1300000e+03
   4.8113268e-02   2.1450000e+03
   4.6063185e-02   2.1600000e+03
   4.3487698e-02   2.1750000e+03
   4.0853824e-02   2.1900000e+03
   3.8505875e-02   2.2050000e+03
   3.6634475e-02   2.2200000e+03
   3.5327539e-02   2.2350000e+03
   3.4625921e-02   2.2500000e+03
   3.4498390e-02   2.2650000e+03
   3.4735478e-02   2.2800000e+03
   3.4861904e-02   2.2950000e+03
   3.4179602e-02   2.3100000e+03
   3.1957664e-02   2.3250000e+03
   2.7669862e-02   2.3400000e+03
   2.1152845e-02   2.3550000e+03
   1.2634964e-02   2.3700000e+03
   2.6807571e-03   2.3850000e+03
  -7.8850249e-03   2.4000000e+03
  -1.8070597e-02   2.4150000e+03
  -2.6881034e-02   2.4300000e+03
  -3.3577543e-02   2.4450000e+03
  -3.7952397e-02   2.4600000e+03
  -4.0460348e-02   2.4750000e+03
  -4.2091131e-02   2.4900000e+03
  -4.4021960e-02   2.5050000e+03
  -4.7226585e-02   2.5200000e+03
  -5.2217640e-02   2.5350000e+03
  -5.8977123e-02   2.5500000e+03
  -6.7017116e-02   2.5650000e+03
  -7.5502984e-02   2.5800000e+03
  -8.3423451e-02   2.5950000e+03
  -8.9805692e-02   2.6100000e+03
  -9.3928821e-02   2.6250000e+03
  -9.5458806e-02   2.6400000e+03
  -9.4466388e-02   2.6550000e+03
  -9.1355249e-02   2.6700000e+03
  -8.6751357e-02   2.6850000e+03
  -8.1380516e-02   2.7000000e+03
  -7.5943582e-02   2.7150000e+03
  -7.1010977e-02   2.7300000e+03
  -6.6968724e-02   2.7450000e+03
  -6.4023249e-02   2.7600000e+03
  -6.2232297e-02   2.7750000e+03
  -6.1517872e-02   2.7900000e+03
  -6.1648276e-02   2.8050000e+03
  -6.2220287e-02   2.8200000e+03
  -6.2688567e-02   2.8350000e+03
  -6.2462490e-02   2.8500000e+03
  -6.1040536e-02   2.8650000e+03
  -5.8120925e-02   2.8800000e+03
  -5.3644095e-02   2.8950000e+03
  -4.7773030e-02   2.9100000e+03
  -4.0851071e-02   2.9250000e+03
  -3.3362772e-02   2.9400000e+03
  -2.5888259e-02   2.9550000e+03
  -1.9035321e-02   2.9700000e+03
  -1.3358035e-02   2.9850000e+03
  -9.2860358e-03   3.0000000e+03
  -7.0765126e-03   3.0150000e+03
  -6.7893863e-03   3.0300000e+03
  -8.2918704e-03   3.0450000e+03
  -1.1295676e-02   3.0600000e+03
  -1.5405698e-02   3.0750000e+03
  -2.0150490e-02   3.0900000e+03
  -2.4997851e-02   3.1050000e+03
  -2.9391522e-02   3.1200000e+03
  -3.2827638e-02   3.1350000e+03
  -3.4945171e-02   3.1500000e+03
  -3.5592221e-02   3.1650000e+03
  -3.4852292e-02   3.1800000e+03
  -3.3026755e-02   3.1950000e+03
  -3.0563783e-02   3.2100000e+03
  -2.7939903e-02   3.2250000e+03
  -2.5543481e-02   3.2400000e+03
  -2.3624597e-02   3.2550000e+03
  -2.2325685e-02   3.2700000e+03
  -2.1737900e-02   3.2850000e+03
  -2.1917865e-02   3.3000000e+03
  -2.2858696e-02   3.3150000e+03
  -2.4465712e-02   3.3300000e+03
  -2.6577353e-02   3.3450000e+03
  -2.9016437e-02   3.3600000e+03
  -3.1628214e-02   3.3750000e+03
  -3.4285937e-02   3.3900000e+03
  -3.6878012e-02   3.4050000e+03
  -3.9291490e-02   3.4200000e+03
  -4.1391671e-02   3.4350000e+03
  -4.3002859e-02   3.4500000e+03
  -4.3912660e-02   3.4650000e+03
  -4.3912094e-02   3.4800000e+03
  -4.2846531e-02   3.4950000e+03
  -4.0636379e-02   3.5100000e+03
  -3.7259009e-02   3.5250000e+03
  -3.2725606e-02   3.5400000e+03
  -2.7086025e-02   3.5550000e+03
  -2.0456139e-02   3.5700000e+03
  -1.3036652e-02   3.5850000e+03
  -5.1059886e-03   3.6000000e+03
   3.0047656e-03   3.6150000e+03
   1.0942285e-02   3.6300000e+03
   1.8364806e-02   3.6450000e+03
   2.4977779e-02   3.6600000e+03
   3.0558905e-02   3.6750000e+03
   3.4960065e-02   3.6900000e+03
   3.8092792e-02   3.7050000e+03
   3.9918713e-02   3.7200000e+03
   4.0454987e-02   3.7350000e+03
   3.9778512e-02   3.7500000e+03
   3.8006023e-02   3.7650000e+03
   3.5253365e-02   3.7800000e+03
   3.1606838e-02   3.7950000e+03
   2.7135847e-02   3.8100000e+03
   2.1938926e-02   3.8250000e+03
   1.6185291e-02   3.8400000e+03
   1.0124173e-02   3.8550000e+03
   4.0693390e-03   3.8700000e+03
  -1.6173840e-03   3.8850000e+03
  -6.5378752e-03   3.9000000e+03
  -1.0281872e-02   3.9150000e+03
  -1.2475046e-02   3.9300000e+03
  -1.2838261e-02   3.9450000e+03
  -1.1237966e-02   3.9600000e+03
  -7.7246171e-03   3.9750000e+03
  -2.5665069e-03   3.9900000e+03
   3.7301856e-03   4.0050000e+03
   1.0444041e-02   4.0200000e+03
   1.6721636e-02   4.0350000e+03
   2.1704501e-02   4.0500000e+03
   2.4663499e-02   4.0650000e+03
   2.5115112e-02   4.0800000e+03
   2.2908026e-02   4.0950000e+03
   1.8261902e-02   4.1100000e+03
   1.1731651e-02   4.1250000e+03
   4.0916796e-03   4.1400000e+03
  -3.8214403e-03   4.1550000e+03
  -1.1247002e-02   4.1700000e+03
  -1.7581418e-02   4.1850000e+03
  -2.2407213e-02   4.2000000e+03
  -2.5492564e-02   4.2150000e+03
  -2.6773565e-02   4.2300000e+03
  -2.6321419e-02   4.2450000e+03
  -2.4305345e-02   4.2600000e+03
  -2.0971829e-02   4.2750000e+03
  -1.6647631e-02   4.2900000e+03
  -1.1745623e-02   4.3050000e+03
  -6.7408690e-03   4.3200000e+03
  -2.1060677e-03   4.3350000e+03
   1.7694015e-03   4.3500000e+03
   4.6372693e-03   4.3650000e+03
   6.4021368e-03   4.3800000e+03
   7.0959851e-03   4.3950000e+03
   6.8440121e-03   4.4100000e+03
   5.8447537e-03   4.4250000e+03
   4.3644472e-03   4.4400000e+03
   2.7251884e-03   4.4550000e+03
   1.2654060e-03   4.4700000e+03
   2.7048192e-04   4.4850000e+03
  -1.0377371e-04   4.5000000e+03
