   4.2976477e-04   0.0000000e+00
   4.2986020e-04   1.5000000e+01
   4.3021058e-04   3.0000000e+01
   4.3057406e-04   4.5000000e+01
   4.3038954e-04   6.0000000e+01
   4.2916063e-04   7.5000000e+01
   4.2654818e-04   9.0000000e+01
   4.2238011e-04   1.0500000e+02
   4.1689267e-04   1.2000000e+02
   4.1062172e-04   1.3500000e+02
   4.0382016e-04   1.5000000e+02
   3.9614210e-04   1.6500000e+02
   3.8702541e-04   1.8000000e+02
   3.7621363e-04   1.9500000e+02
   3.6398246e-04   2.1000000e+02
   3.5125494e-04   2.2500000e+02
   3.3927255e-04   2.4000000e+02
   3.2878810e-04   2.5500000e+02
   3.1967033e-04   2.7000000e+02
   3.1090889e-04   2.8500000e+02
   3.0075019e-04   3.0000000e+02
   2.8758092e-04   3.1500000e+02
   2.7116243e-04   3.3000000e+02
   2.5271002e-04   3.4500000e+02
   2.3367701e-04   3.6000000e+02
   2.1458013e-04   3.7500000e+02
   1.9493728e-04   3.9000000e+02
   1.7437500e-04   4.0500000e+02
   1.5376099e-04   4.2000000e+02
   1.3450453e-04   4.3500000e+02
   1.1618085e-04   4.5000000e+02
   9.4940697e-05   4.6500000e+02
   6.3334119e-05   4.8000000e+02
   9.7930752e-06   4.9500000e+02
  -8.1539838e-05   5.1000000e+02
  -2.2672993e-04   5.2500000e+02
  -4.3087261e-04   5.4000000e+02
  -6.7312090e-04   5.5500000e+02
  -9.0032909e-04   5.7000000e+02
  -1.0446272e-03   5.8500000e+02
  -1.0656551e-03   6.0000000e+02
  -9.9064689e-04   6.1500000e+02
  -9.0983108e-04   6.3000000e+02
  -9.1092620e-04   6.4500000e+02
  -1.0002725e-03   6.6000000e+02
  -1.0919963e-03   6.7500000e+02
  -1.0880681e-03   6.9000000e+02
  -9.6945744e-04   7.0500000e+02
  -7.9886505e-04   7.2000000e+02
  -6.4016151e-04   7.3500000e+02
  -5.0400436e-04   7.5000000e+02
  -3.8713720e-04   7.6500000e+02
  -3.3168195e-04   7.8000000e+02
  -3.9594847e-04   7.9500000e+02
  -5.6651462e-04   8.1000000e+02
  -7.4869831e-04   8.2500000e+02
  -8.6664944e-04   8.4000000e+02
  -9.3332125e-04   8.5500000e+02
  -9.9291897e-04   8.7000000e+02
  -1.0426745e-03   8.8500000e+02
  -1.0690787e-03   9.0000000e+02
  -1.1235875e-03   9.1500000e+02
  -1.2771519e-03   9.3000000e+02
  -1.5056173e-03   9.4500000e+02
  -1.7036342e-03   9.6000000e+02
  -1.8221138e-03   9.7500000e+02
  -1.9165071e-03   9.9000000e+02
  -2.0498016e-03   1.0050000e+03
  -2.2245406e-03   1.0200000e+03
  -2.4199765e-03   1.0350000e+03
  -2.6198409e-03   1.0500000e+03
  -2.7956667e-03   1.0650000e+03
  -2.9343995e-03   1.0800000e+03
  -3.0837525e-03   1.0950000e+03
  -3.3044778e-03   1.1100000e+03
  -3.5845193e-03   1.1250000e+03
  -3.8606508e-03   1.1400000e+03
  -4.1130772e-03   1.1550000e+03
  -4.3814802e-03   1.1700000e+03
  -4.6930569e-03   1.1850000e+03
  -5.0236457e-03   1.2000000e+03
  -5.3410237e-03   1.2150000e+03
  -5.6590224e-03   1.2300000e+03
  -6.0276962e-03   1.2450000e+03
  -6.4745145e-03   1.2600000e+03
  -6.9729635e-03   1.2750000e+03
  -7.4682632e-03   1.2900000e+03
  -7.9078032e-03   1.3050000e+03
  -8.2381815e-03   1.3200000e+03
  -8.4017012e-03   1.3350000e+03
  -8.3491066e-03   1.3500000e+03
  -8.0147181e-03   1.3650000e+03
  -7.2228964e-03   1.3800000e+03
  -5.5861664e-03   1.3950000e+03
  -2.4543940e-03   1.4100000e+03
   3.1431329e-03   1.4250000e+03
   1.2707367e-02   1.4400000e+03
   2.8717592e-02   1.4550000e+03
   5.5240232e-02   1.4700000e+03
   9.8455876e-02   1.4850000e+03
   1.6672425e-01   1.5000000e+03
   2.6961666e-01   1.5150000e+03
   4.1510224e-01   1.5300000e+03
   6.0410136e-01   1.5450000e+03
   8.2253575e-01   1.5600000e+03
   1.0332509e+00   1.5750000e+03
   1.1732435e+00   1.5900000e+03
   1.1633952e+00   1.6050000e+03
   9.3516815e-01   1.6200000e+03
   4.6947667e-01   1.6350000e+03
  -1.6996028e-01   1.6500000e+03
  -8.3395118e-01   1.6650000e+03
  -1.3321846e+00   1.6800000e+03
  -1.5136199e+00   1.6950000e+03
  -1.3412063e+00   1.7100000e+03
  -9.1179919e-01   1.7250000e+03
  -4.0346223e-01   1.7400000e+03
   1.5959302e-02   1.7550000e+03
   2.5759533e-01   1.7700000e+03
   3.2110524e-01   1.7850000e+03
   2.6088703e-01   1.8000000e+03
   1.4843971e-01   1.8150000e+03
   4.5653105e-02   1.8300000e+03
  -2.2936864e-02   1.8450000e+03
  -9.1595799e-02   1.8600000e+03
  -2.2735493e-01   1.8750000e+03
  -4.4516152e-01   1.8900000e+03
  -6.4145648e-01   1.9050000e+03
  -6.4776093e-01   1.9200000e+03
  -3.8692093e-01   1.9350000e+03
   2.7573353e-02   1.9500000e+03
   3.7434387e-01   1.9650000e+03
   5.1002055e-01   1.9800000e+03
   4.5743865e-01   1.9950000e+03
   3.2260886e-01   2.0100000e+03
   1.7455225e-01   2.0250000e+03
   3.0749567e-02   2.0400000e+03
  -8.6663470e-02   2.0550000e+03
  -1.4546189e-01   2.0700000e+03
  -1.5216938e-01   2.0850000e+03
  -1.5106028e-01   2.1000000e+03
  -1.5536481e-01   2.1150000e+03
  -1.2197781e-01   2.1300000e+03
  -2.3262709e-02   2.1450000e+03
   9.0810426e-02   2.1600000e+03
   1.4230117e-01   2.1750000e+03
   1.1734208e-01   2.1900000e+03
   6.8154134e-02   2.2050000e+03
   3.5040680e-02   2.2200000e+03
   1.0106007e-02   2.2350000e+03
  -2.2218587e-02   2.2500000e+03
  -5.2263279e-02   2.2650000e+03
  -6.5617464e-02   2.2800000e+03
  -6.4549990e-02   2.2950000e+03
  -5.5092268e-02   2.3100000e+03
  -3.7517563e-02   2.3250000e+03
  -2.0293104e-02   2.3400000e+03
  -1.9463165e-02   2.3550000e+03
  -3.2967065e-02   2.3700000e+03
  -3.7094209e-02   2.3850000e+03
  -1.8778374e-02   2.4000000e+03
   8.2590235e-03   2.4150000e+03
   2.7896326e-02   2.4300000e+03
   4.1694418e-02   2.4450000e+03
   5.4811448e-02   2.4600000e+03
   6.0313236e-02   2.4750000e+03
   4.9458712e-02   2.4900000e+03
   2.5767079e-02   2.5050000e+03
   6.0862530e-04   2.5200000e+03
  -1.6610369e-02   2.5350000e+03
  -1.9802237e-02   2.5500000e+03
  -6.3607208e-03   2.5650000e+03
   1.9880531e-02   2.5800000e+03
   5.0531741e-02   2.5950000e+03
   7.8510828e-02   2.6100000e+03
   9.9126518e-02   2.6250000e+03
   1.0791714e-01   2.6400000e+03
   1.0250130e-01   2.6550000e+03
   8.5659161e-02   2.6700000e+03
   6.3167907e-02   2.6850000e+03
   3.9598569e-02   2.7000000e+03
   1.8185234e-02   2.7150000e+03
   2.5560409e-03   2.7300000e+03
  -4.1220388e-03   2.7450000e+03
  -8.8912703e-04   2.7600000e+03
   1.0797849e-02   2.7750000e+03
   2.6795251e-02   2.7900000e+03
   4.0207312e-02   2.8050000e+03
   4.4938538e-02   2.8200000e+03
   4.1276444e-02   2.8350000e+03
   3.6446452e-02   2.8500000e+03
   3.7955411e-02   2.8650000e+03
   4.6245895e-02   2.8800000e+03
   5.3867307e-02   2.8950000e+03
   5.1644921e-02   2.9100000e+03
   3.6320876e-02   2.9250000e+03
   1.3456653e-02   2.9400000e+03
  -6.4740335e-03   2.9550000e+03
  -1.5511256e-02   2.9700000e+03
  -1.3473400e-02   2.9850000e+03
  -7.4158614e-03   3.0000000e+03
  -6.1155399e-03   3.0150000e+03
  -1.3940142e-02   3.0300000e+03
  -2.8549345e-02   3.0450000e+03
  -4.3648150e-02   3.0600000e+03
  -5.4040484e-02   3.0750000e+03
  -5.8545887e-02   3.0900000e+03
  -5.8507424e-02   3.1050000e+03
  -5.4076016e-02   3.1200000e+03
  -4.2752128e-02   3.1350000e+03
  -2.2011943e-02   3.1500000e+03
   6.8152724e-03   3.1650000e+03
   3.7590228e-02   3.1800000e+03
   6.2431406e-02   3.1950000e+03
   7.6189764e-02   3.2100000e+03
   7.8823529e-02   3.2250000e+03
   7.4150018e-02   3.2400000e+03
   6.6241316e-02   3.2550000e+03
   5.6412049e-02   3.2700000e+03
   4.3259948e-02   3.2850000e+03
   2.5628250e-02   3.3000000e+03
   5.4844390e-03   3.3150000e+03
  -1.2555056e-02   3.3300000e+03
  -2.4986882e-02   3.3450000e+03
  -3.2555856e-02   3.3600000e+03
  -3.9099079e-02   3.3750000e+03
  -4.7193512e-02   3.3900000e+03
  -5.5636667e-02   3.4050000e+03
  -6.1796885e-02   3.4200000e+03
  -6.5822892e-02   3.4350000e+03
  -7.0940077e-02   3.4500000e+03
  -7.8571126e-02   3.4650000e+03
  -8.3920866e-02   3.4800000e+03
  -7.8333333e-02   3.4950000e+03
  -5.7317324e-02   3.5100000e+03
  -2.5890252e-02   3.5250000e+03
   5.0370782e-03   3.5400000e+03
   2.7681824e-02   3.5550000e+03
   4.2120930e-02   3.5700000e+03
   5.2179601e-02   3.5850000e+03
   5.8232848e-02   3.6000000e+03
   5.5643786e-02   3.6150000e+03
   4.0053539e-02   3.6300000e+03
   1.2698723e-02   3.6450000e+03
  -1.9936454e-02   3.6600000e+03
  -5.0395139e-02   3.6750000e+03
  -7.3280036e-02   3.6900000e+03
  -8.5616574e-02   3.7050000e+03
  -8.6979896e-02   3.7200000e+03
  -8.0190517e-02   3.7350000e+03
  -7.0254520e-02   3.7500000e+03
  -6.0821604e-02   3.7650000e+03
  -5.1709708e-02   3.7800000e+03
  -4.0789757e-02   3.7950000e+03
  -2.8101677e-02   3.8100000e+03
  -1.7050087e-02   3.8250000e+03
  -1.1366786e-02   3.8400000e+03
  -1.1818919e-02   3.8550000e+03
  -1.6235992e-02   3.8700000e+03
  -2.1748483e-02   3.8850000e+03
  -2.6173253e-02   3.9000000e+03
  -2.8074289e-02   3.9150000e+03
  -2.7131137e-02   3.9300000e+03
  -2.4925131e-02   3.9450000e+03
  -2.4393531e-02   3.9600000e+03
  -2.7550241e-02   3.9750000e+03
  -3.3601966e-02   3.9900000e+03
  -3.9382875e-02   4.0050000e+03
  -4.1518018e-02   4.0200000e+03
  -3.8403414e-02   4.0350000e+03
  -3.0952280e-02   4.0500000e+03
  -2.2081897e-02   4.0650000e+03
  -1.5140054e-02   4.0800000e+03
  -1.1913080e-02   4.0950000e+03
  -1.1556186e-02   4.1100000e+03
  -1.1293375e-02   4.1250000e+03
  -8.0986461e-03   4.1400000e+03
   9.3291557e-05   4.1550000e+03
   1.3978967e-02   4.1700000e+03
   3.2616217e-02   4.1850000e+03
   5.3214248e-02   4.2000000e+03
   7.1747378e-02   4.2150000e+03
   8.4542513e-02   4.2300000e+03
   8.9738108e-02   4.2450000e+03
   8.7540165e-02   4.2600000e+03
   7.9440884e-02   4.2750000e+03
   6.7296952e-02   4.2900000e+03
   5.2771222e-02   4.3050000e+03
   3.7126191e-02   4.3200000e+03
   2.1343624e-02   4.3350000e+03
   6.5081976e-03   4.3500000e+03
  -5.9646443e-03   4.3650000e+03
  -1.4729472e-02   4.3800000e+03
  -1.9372042e-02   4.3950000e+03
  -2.0897798e-02   4.4100000e+03
  -2.1185312e-02   4.4250000e+03
  -2.1676442e-02   4.4400000e+03
  -2.2372756e-02   4.4550000e+03
  -2.2052733e-02   4.4700000e+03
  -1.9546732e-02   4.4850000e+03
  -1.4899970e-02   4.5000000e+03
