  -1.0159401e-03   0.0000000e+00
  -1.0159380e-03   1.5000000e+01
  -1.0159708e-03   3.0000000e+01
  -1.0160307e-03   4.5000000e+01
  -1.0159145e-03   6.0000000e+01
  -1.0153811e-03   7.5000000e+01
  -1.0144982e-03   9.0000000e+01
  -1.0136940e-03   1.0500000e+02
  -1.0134542e-03   1.2000000e+02
  -1.0139042e-03   1.3500000e+02
  -1.0145229e-03   1.5000000e+02
  -1.0142371e-03   1.6500000e+02
  -1.0116465e-03   1.8000000e+02
  -1.0037627e-03   1.9500000e+02
  -9.8170398e-04   2.1000000e+02
  -9.2567591e-04   2.2500000e+02
  -8.0877589e-04   2.4000000e+02
  -6.2051858e-04   2.5500000e+02
  -4.0089418e-04   2.7000000e+02
  -2.4250112e-04   2.8500000e+02
  -2.2449567e-04   3.0000000e+02
  -3.2255676e-04   3.1500000e+02
  -4.1030426e-04   3.3000000e+02
  -3.8918387e-04   3.4500000e+02
  -3.0166857e-04   3.6000000e+02
  -2.6569379e-04   3.7500000e+02
  -3.0939910e-04   3.9000000e+02
  -3.4518563e-04   4.0500000e+02
  -3.1533709e-04   4.2000000e+02
  -2.7352889e-04   4.3500000e+02
  -2.8235055e-04   4.5000000e+02
  -3.1299196e-04   4.6500000e+02
  -3.0869379e-04   4.8000000e+02
  -2.8176783e-04   4.9500000e+02
  -2.7699044e-04   5.1000000e+02
  -2.8820924e-04   5.2500000e+02
  -2.8004588e-04   5.4000000e+02
  -2.5596691e-04   5.5500000e+02
  -2.4486380e-04   5.7000000e+02
  -2.4649972e-04   5.8500000e+02
  -2.3940875e-04   6.0000000e+02
  -2.2383274e-04   6.1500000e+02
  -2.1681900e-04   6.3000000e+02
  -2.1870065e-04   6.4500000e+02
  -2.1762235e-04   6.6000000e+02
  -2.1581500e-04   6.7500000e+02
  -2.2432077e-04   6.9000000e+02
  -2.4349775e-04   7.0500000e+02
  -2.7044743e-04   7.2000000e+02
  -3.1335748e-04   7.3500000e+02
  -3.8141897e-04   7.5000000e+02
  -4.6946562e-04   7.6500000e+02
  -5.5990560e-04   7.8000000e+02
  -6.2950491e-04   7.9500000e+02
  -6.5338035e-04   8.1000000e+02
  -6.1982562e-04   8.2500000e+02
  -5.5098033e-04   8.4000000e+02
  -4.9890269e-04   8.5500000e+02
  -5.0796964e-04   8.7000000e+02
  -5.7679019e-04   8.8500000e+02
  -6.5840385e-04   9.0000000e+02
  -7.0241530e-04   9.1500000e+02
  -7.0215872e-04   9.3000000e+02
  -6.9883355e-04   9.4500000e+02
  -7.3363725e-04   9.6000000e+02
  -8.0035836e-04   9.7500000e+02
  -8.5770688e-04   9.9000000e+02
  -8.8630622e-04   1.0050000e+03
  -9.1209210e-04   1.0200000e+03
  -9.6382835e-04   1.0350000e+03
  -1.0298637e-03   1.0500000e+03
  -1.0795066e-03   1.0650000e+03
  -1.1126801e-03   1.0800000e+03
  -1.1582025e-03   1.0950000e+03
  -1.2266021e-03   1.1100000e+03
  -1.2975610e-03   1.1250000e+03
  -1.3614530e-03   1.1400000e+03
  -1.4420717e-03   1.1550000e+03
  -1.5615912e-03   1.1700000e+03
  -1.7084068e-03   1.1850000e+03
  -1.8599313e-03   1.2000000e+03
  -2.0157758e-03   1.2150000e+03
  -2.1852131e-03   1.2300000e+03
  -2.3590678e-03   1.2450000e+03
  -2.5194366e-03   1.2600000e+03
  -2.6672175e-03   1.2750000e+03
  -2.8190166e-03   1.2900000e+03
  -2.9849862e-03   1.3050000e+03
  -3.1670248e-03   1.3200000e+03
  -3.3701546e-03   1.3350000e+03
  -3.5987154e-03   1.3500000e+03
  -3.8472165e-03   1.3650000e+03
  -4.1084508e-03   1.3800000e+03
  -4.3854895e-03   1.3950000e+03
  -4.6856394e-03   1.4100000e+03
  -5.0093113e-03   1.4250000e+03
  -5.3550256e-03   1.4400000e+03
  -5.7292390e-03   1.4550000e+03
  -6.1407420e-03   1.4700000e+03
  -6.5899645e-03   1.4850000e+03
  -7.0738359e-03   1.5000000e+03
  -7.5962208e-03   1.5150000e+03
  -8.1605325e-03   1.5300000e+03
  -8.7507265e-03   1.5450000e+03
  -9.3237748e-03   1.5600000e+03
  -9.8074563e-03   1.5750000e+03
  -1.0064247e-02   1.5900000e+03
  -9.7802011e-03   1.6050000e+03
  -8.2464507e-03   1.6200000e+03
  -3.9967359e-03   1.6350000e+03
   5.7366025e-03   1.6500000e+03
   2.5724977e-02   1.6650000e+03
   6.3365519e-02   1.6800000e+03
   1.2854685e-01   1.6950000e+03
   2.3152207e-01   1.7100000e+03
   3.7730178e-01   1.7250000e+03
   5.5598271e-01   1.7400000e+03
   7.3136681e-01   1.7550000e+03
   8.3504820e-01   1.7700000e+03
   7.7723116e-01   1.7850000e+03
   4.8343423e-01   1.8000000e+03
  -4.7516800e-02   1.8150000e+03
  -6.9275385e-01   1.8300000e+03
  -1.2094873e+00   1.8450000e+03
  -1.3302604e+00   1.8600000e+03
  -9.2878371e-01   1.8750000e+03
  -1.5731294e-01   1.8900000e+03
   5.7523221e-01   1.9050000e+03
   8.3434683e-01   1.9200000e+03
   4.7562066e-01   1.9350000e+03
  -2.0886162e-01   1.9500000e+03
  -6.8802643e-01   1.9650000e+03
  -6.1934972e-01   1.9800000e+03
  -1.3829659e-01   1.9950000e+03
   2.8355831e-01   2.0100000e+03
   2.9884142e-01   2.0250000e+03
   4.8314356e-03   2.0400000e+03
  -2.0875773e-01   2.0550000e+03
  -1.0580058e-01   2.0700000e+03
   1.6125190e-01   2.0850000e+03
   2.7050063e-01   2.1000000e+03
   1.0639526e-01   2.1150000e+03
  -1.5307422e-01   2.1300000e+03
  -2.7863488e-01   2.1450000e+03
  -2.1293510e-01   2.1600000e+03
  -4.6335973e-02   2.1750000e+03
   1.1429974e-01   2.1900000e+03
   1.8774804e-01   2.2050000e+03
   1.1951841e-01   2.2200000e+03
  -5.2963149e-02   2.2350000e+03
  -1.7616156e-01   2.2500000e+03
  -1.2590031e-01   2.2650000e+03
   3.4090828e-02   2.2800000e+03
   1.2764320e-01   2.2950000e+03
   8.6009711e-02   2.3100000e+03
  -4.1901628e-03   2.3250000e+03
  -5.7867598e-02   2.3400000e+03
  -7.3941499e-02   2.3550000e+03
  -5.1934704e-02   2.3700000e+03
   3.7825376e-02   2.3850000e+03
   1.5503553e-01   2.4000000e+03
   1.8239042e-01   2.4150000e+03
   8.2464933e-02   2.4300000e+03
  -3.7366219e-02   2.4450000e+03
  -7.5925238e-02   2.4600000e+03
  -5.8140360e-02   2.4750000e+03
  -4.4739071e-02   2.4900000e+03
  -2.1495188e-02   2.5050000e+03
   4.4262152e-02   2.5200000e+03
   1.1541024e-01   2.5350000e+03
   1.3279071e-01   2.5500000e+03
   9.8236859e-02   2.5650000e+03
   4.8286051e-02   2.5800000e+03
  -8.4493347e-03   2.5950000e+03
  -7.2961658e-02   2.6100000e+03
  -1.1280885e-01   2.6250000e+03
  -9.0658426e-02   2.6400000e+03
  -1.9855933e-02   2.6550000e+03
   4.3358665e-02   2.6700000e+03
   5.5814706e-02   2.6850000e+03
   1.8360149e-02   2.7000000e+03
  -3.7145752e-02   2.7150000e+03
  -7.4361883e-02   2.7300000e+03
  -7.2218277e-02   2.7450000e+03
  -3.5691101e-02   2.7600000e+03
   6.6147950e-03   2.7750000e+03
   2.1900414e-02   2.7900000e+03
  -1.1358942e-03   2.8050000e+03
  -4.2395789e-02   2.8200000e+03
  -6.7476682e-02   2.8350000e+03
  -5.7021089e-02   2.8500000e+03
  -2.1271434e-02   2.8650000e+03
   1.1869898e-02   2.8800000e+03
   2.2601895e-02   2.8950000e+03
   1.5746243e-02   2.9100000e+03
   1.3161112e-02   2.9250000e+03
   2.8513856e-02   2.9400000e+03
   5.0640721e-02   2.9550000e+03
   5.5414911e-02   2.9700000e+03
   3.3205707e-02   2.9850000e+03
  -1.3076670e-04   3.0000000e+03
  -1.9629415e-02   3.0150000e+03
  -1.4608263e-02   3.0300000e+03
   3.7231781e-03   3.0450000e+03
   1.4088656e-02   3.0600000e+03
   5.1475205e-03   3.0750000e+03
  -1.3174968e-02   3.0900000e+03
  -1.9282311e-02   3.1050000e+03
  -2.5261363e-03   3.1200000e+03
   2.6426312e-02   3.1350000e+03
   4.8848916e-02   3.1500000e+03
   5.5788543e-02   3.1650000e+03
   4.9110495e-02   3.1800000e+03
   3.1908594e-02   3.1950000e+03
   7.0394948e-03   3.2100000e+03
  -1.6250085e-02   3.2250000e+03
  -2.3315771e-02   3.2400000e+03
  -6.7419675e-03   3.2550000e+03
   2.3719732e-02   3.2700000e+03
   4.6807542e-02   3.2850000e+03
   4.7016062e-02   3.3000000e+03
   2.7409891e-02   3.3150000e+03
   5.6356662e-03   3.3300000e+03
  -3.2900542e-03   3.3450000e+03
  -3.6768059e-04   3.3600000e+03
   8.5688254e-04   3.3750000e+03
  -1.0498099e-02   3.3900000e+03
  -3.1748608e-02   3.4050000e+03
  -4.8574340e-02   3.4200000e+03
  -4.5486819e-02   3.4350000e+03
  -1.7106783e-02   3.4500000e+03
   2.5205273e-02   3.4650000e+03
   5.6506317e-02   3.4800000e+03
   5.3245869e-02   3.4950000e+03
   1.1528962e-02   3.5100000e+03
  -4.7249168e-02   3.5250000e+03
  -9.0659820e-02   3.5400000e+03
  -9.8060437e-02   3.5550000e+03
  -7.2356865e-02   3.5700000e+03
  -3.2574758e-02   3.5850000e+03
   2.5247298e-03   3.6000000e+03
   2.4044914e-02   3.6150000e+03
   3.1165658e-02   3.6300000e+03
   2.5975486e-02   3.6450000e+03
   1.2554809e-02   3.6600000e+03
  -1.7387287e-03   3.6750000e+03
  -8.8939304e-03   3.6900000e+03
  -6.2448061e-03   3.7050000e+03
   1.4029004e-03   3.7200000e+03
   7.2709699e-03   3.7350000e+03
   9.9929813e-03   3.7500000e+03
   1.4055685e-02   3.7650000e+03
   2.2273662e-02   3.7800000e+03
   2.9175941e-02   3.7950000e+03
   2.4298351e-02   3.8100000e+03
   3.3822460e-03   3.8250000e+03
  -2.4687024e-02   3.8400000e+03
  -4.4024773e-02   3.8550000e+03
  -4.5322835e-02   3.8700000e+03
  -3.2501958e-02   3.8850000e+03
  -1.6370103e-02   3.9000000e+03
  -4.3546855e-03   3.9150000e+03
   2.0078374e-03   3.9300000e+03
   2.5068850e-03   3.9450000e+03
  -3.4933151e-03   3.9600000e+03
  -1.2889567e-02   3.9750000e+03
  -1.7195035e-02   3.9900000e+03
  -9.6350703e-03   4.0050000e+03
   6.2717097e-03   4.0200000e+03
   1.8381339e-02   4.0350000e+03
   1.7430069e-02   4.0500000e+03
   5.6896196e-03   4.0650000e+03
  -6.0650087e-03   4.0800000e+03
  -8.6032981e-03   4.0950000e+03
  -9.3669258e-04   4.1100000e+03
   1.0663290e-02   4.1250000e+03
   1.8287364e-02   4.1400000e+03
   1.7824084e-02   4.1550000e+03
   1.0848309e-02   4.1700000e+03
   2.0324269e-03   4.1850000e+03
  -5.1117698e-03   4.2000000e+03
  -9.5308824e-03   4.2150000e+03
  -1.0483399e-02   4.2300000e+03
  -6.8267528e-03   4.2450000e+03
  -1.7936372e-04   4.2600000e+03
   3.3097740e-03   4.2750000e+03
  -2.0532692e-03   4.2900000e+03
  -1.4301512e-02   4.3050000e+03
  -2.4208019e-02   4.3200000e+03
  -2.4237158e-02   4.3350000e+03
  -1.5709048e-02   4.3500000e+03
  -6.2218760e-03   4.3650000e+03
  -1.5870543e-03   4.3800000e+03
  -1.5733545e-03   4.3950000e+03
  -1.9938732e-03   4.4100000e+03
   1.1891063e-03   4.4250000e+03
   9.1316001e-03   4.4400000e+03
   1.8921660e-02   4.4550000e+03
   2.4465017e-02   4.4700000e+03
   2.0369042e-02   4.4850000e+03
   6.4461487e-03   4.5000000e+03
