  -3.9136587e-03   0.0000000e+00
  -3.9145593e-03   1.5000000e+01
  -3.9172792e-03   3.0000000e+01
  -3.9232043e-03   4.5000000e+01
  -3.9371937e-03   6.0000000e+01
  -3.9640116e-03   7.5000000e+01
  -4.0015629e-03   9.0000000e+01
  -4.0427372e-03   1.0500000e+02
  -4.0826327e-03   1.2000000e+02
  -4.1234526e-03   1.3500000e+02
  -4.1732672e-03   1.5000000e+02
  -4.2373748e-03   1.6500000e+02
  -4.3145414e-03   1.8000000e+02
  -4.4040284e-03   1.9500000e+02
  -4.5094346e-03   2.1000000e+02
  -4.6326383e-03   2.2500000e+02
  -4.7632903e-03   2.4000000e+02
  -4.8732837e-03   2.5500000e+02
  -4.9278704e-03   2.7000000e+02
  -4.9044113e-03   2.8500000e+02
  -4.7907056e-03   3.0000000e+02
  -4.5578452e-03   3.1500000e+02
  -4.1345060e-03   3.3000000e+02
  -3.4068585e-03   3.4500000e+02
  -2.2395286e-03   3.6000000e+02
  -4.9070641e-04   3.7500000e+02
   2.0056067e-03   3.9000000e+02
   5.4900846e-03   4.0500000e+02
   1.0316547e-02   4.2000000e+02
   1.6948018e-02   4.3500000e+02
   2.5975043e-02   4.5000000e+02
   3.8232990e-02   4.6500000e+02
   5.4961570e-02   4.8000000e+02
   7.7906698e-02   4.9500000e+02
   1.0941767e-01   5.1000000e+02
   1.5264513e-01   5.2500000e+02
   2.1174656e-01   5.4000000e+02
   2.9191908e-01   5.5500000e+02
   3.9917296e-01   5.7000000e+02
   5.3931528e-01   5.8500000e+02
   7.1471268e-01   6.0000000e+02
   9.1784400e-01   6.1500000e+02
   1.1234941e+00   6.3000000e+02
   1.2851808e+00   6.4500000e+02
   1.3430269e+00   6.6000000e+02
   1.2457417e+00   6.7500000e+02
   9.7777754e-01   6.9000000e+02
   5.7386392e-01   7.0500000e+02
   1.0943359e-01   7.2000000e+02
  -3.2762659e-01   7.3500000e+02
  -6.6766912e-01   7.5000000e+02
  -8.7799978e-01   7.6500000e+02
  -9.6422106e-01   7.8000000e+02
  -9.5763004e-01   7.9500000e+02
  -8.9543122e-01   8.1000000e+02
  -8.0298680e-01   8.2500000e+02
  -6.9138074e-01   8.4000000e+02
  -5.7179880e-01   8.5500000e+02
  -4.6356642e-01   8.7000000e+02
  -3.7994874e-01   8.8500000e+02
  -3.1516638e-01   9.0000000e+02
  -2.5751162e-01   9.1500000e+02
  -2.0766972e-01   9.3000000e+02
  -1.7213748e-01   9.4500000e+02
  -1.4756797e-01   9.6000000e+02
  -1.2561443e-01   9.7500000e+02
  -1.0571810e-01   9.9000000e+02
  -9.0796649e-02   1.0050000e+03
  -7.8129575e-02   1.0200000e+03
  -6.3906290e-02   1.0350000e+03
  -4.8464939e-02   1.0500000e+03
  -3.1935062e-02   1.0650000e+03
  -1.3017053e-02   1.0800000e+03
   7.1733971e-03   1.0950000e+03
   2.6906973e-02   1.1100000e+03
   4.7014568e-02   1.1250000e+03
   6.8251558e-02   1.1400000e+03
   8.9556709e-02   1.1550000e+03
   1.1030310e-01   1.1700000e+03
   1.3054475e-01   1.1850000e+03
   1.4934714e-01   1.2000000e+03
   1.6516581e-01   1.2150000e+03
   1.7683277e-01   1.2300000e+03
   1.8325233e-01   1.2450000e+03
   1.8330577e-01   1.2600000e+03
   1.7651710e-01   1.2750000e+03
   1.6332613e-01   1.2900000e+03
   1.4485279e-01   1.3050000e+03
   1.2272338e-01   1.3200000e+03
   9.8868512e-02   1.3350000e+03
   7.5169049e-02   1.3500000e+03
   5.3192474e-02   1.3650000e+03
   3.4019824e-02   1.3800000e+03
   1.8073013e-02   1.3950000e+03
   5.1068305e-03   1.4100000e+03
  -5.5445740e-03   1.4250000e+03
  -1.4555532e-02   1.4400000e+03
  -2.2243714e-02   1.4550000e+03
  -2.8529095e-02   1.4700000e+03
  -3.3180758e-02   1.4850000e+03
  -3.6066525e-02   1.5000000e+03
  -3.7286658e-02   1.5150000e+03
  -3.7162270e-02   1.5300000e+03
  -3.6077857e-02   1.5450000e+03
  -3.4352627e-02   1.5600000e+03
  -3.2306809e-02   1.5750000e+03
  -3.0473357e-02   1.5900000e+03
  -2.9775294e-02   1.6050000e+03
  -3.1489484e-02   1.6200000e+03
  -3.6915530e-02   1.6350000e+03
  -4.6840254e-02   1.6500000e+03
  -6.1048292e-02   1.6650000e+03
  -7.8151889e-02   1.6800000e+03
  -9.5831871e-02   1.6950000e+03
  -1.1134844e-01   1.7100000e+03
  -1.2211390e-01   1.7250000e+03
  -1.2620157e-01   1.7400000e+03
  -1.2273060e-01   1.7550000e+03
  -1.1205504e-01   1.7700000e+03
  -9.5684923e-02   1.7850000e+03
  -7.5955905e-02   1.8000000e+03
  -5.5580080e-02   1.8150000e+03
  -3.7232134e-02   1.8300000e+03
  -2.3250641e-02   1.8450000e+03
  -1.5441339e-02   1.8600000e+03
  -1.4911041e-02   1.8750000e+03
  -2.1864830e-02   1.8900000e+03
  -3.5373807e-02   1.9050000e+03
  -5.3216383e-02   1.9200000e+03
  -7.1938783e-02   1.9350000e+03
  -8.7235957e-02   1.9500000e+03
  -9.4637953e-02   1.9650000e+03
  -9.0352565e-02   1.9800000e+03
  -7.2043456e-02   1.9950000e+03
  -3.9361965e-02   2.0100000e+03
   5.8429474e-03   2.0250000e+03
   5.9640523e-02   2.0400000e+03
   1.1646163e-01   2.0550000e+03
   1.6987152e-01   2.0700000e+03
   2.1359286e-01   2.0850000e+03
   2.4256444e-01   2.1000000e+03
   2.5375733e-01   2.1150000e+03
   2.4655710e-01   2.1300000e+03
   2.2268528e-01   2.1450000e+03
   1.8573466e-01   2.1600000e+03
   1.4040929e-01   2.1750000e+03
   9.1586605e-02   2.1900000e+03
   4.3417234e-02   2.2050000e+03
  -1.2604251e-03   2.2200000e+03
  -4.1027527e-02   2.2350000e+03
  -7.5595647e-02   2.2500000e+03
  -1.0536465e-01   2.2650000e+03
  -1.3101010e-01   2.2800000e+03
  -1.5311427e-01   2.2950000e+03
  -1.7180377e-01   2.3100000e+03
  -1.8647408e-01   2.3250000e+03
  -1.9578780e-01   2.3400000e+03
  -1.9804721e-01   2.3550000e+03
  -1.9180951e-01   2.3700000e+03
  -1.7645477e-01   2.3850000e+03
  -1.5247485e-01   2.4000000e+03
  -1.2144611e-01   2.4150000e+03
  -8.5791372e-02   2.4300000e+03
  -4.8448388e-02   2.4450000e+03
  -1.2503417e-02   2.4600000e+03
   1.9192912e-02   2.4750000e+03
   4.4414081e-02   2.4900000e+03
   6.1907139e-02   2.5050000e+03
   7.1602359e-02   2.5200000e+03
   7.4544743e-02   2.5350000e+03
   7.2477318e-02   2.5500000e+03
   6.7194194e-02   2.5650000e+03
   5.9962291e-02   2.5800000e+03
   5.1318400e-02   2.5950000e+03
   4.1350584e-02   2.6100000e+03
   3.0297594e-02   2.6250000e+03
   1.9112362e-02   2.6400000e+03
   9.6213380e-03   2.6550000e+03
   4.0765894e-03   2.6700000e+03
   4.2049875e-03   2.6850000e+03
   1.0196851e-02   2.7000000e+03
   2.0238278e-02   2.7150000e+03
   3.0986141e-02   2.7300000e+03
   3.8848091e-02   2.7450000e+03
   4.1394476e-02   2.7600000e+03
   3.8106080e-02   2.7750000e+03
   3.0091640e-02   2.7900000e+03
   1.9102132e-02   2.8050000e+03
   6.6045811e-03   2.8200000e+03
  -6.4781308e-03   2.8350000e+03
  -1.9363625e-02   2.8500000e+03
  -3.0895766e-02   2.8650000e+03
  -3.9518308e-02   2.8800000e+03
  -4.3873664e-02   2.8950000e+03
  -4.3612592e-02   2.9100000e+03
  -3.9802298e-02   2.9250000e+03
  -3.4588031e-02   2.9400000e+03
  -3.0260200e-02   2.9550000e+03
  -2.8255422e-02   2.9700000e+03
  -2.8644022e-02   2.9850000e+03
  -3.0328423e-02   3.0000000e+03
  -3.1726681e-02   3.0150000e+03
  -3.1468160e-02   3.0300000e+03
  -2.8751640e-02   3.0450000e+03
  -2.3359200e-02   3.0600000e+03
  -1.5546983e-02   3.0750000e+03
  -5.9676259e-03   3.0900000e+03
   4.4296174e-03   3.1050000e+03
   1.4633291e-02   3.1200000e+03
   2.3874857e-02   3.1350000e+03
   3.1757124e-02   3.1500000e+03
   3.8035467e-02   3.1650000e+03
   4.2193659e-02   3.1800000e+03
   4.3193556e-02   3.1950000e+03
   3.9690867e-02   3.2100000e+03
   3.0674096e-02   3.2250000e+03
   1.6185855e-02   3.2400000e+03
  -2.2815368e-03   3.2550000e+03
  -2.1967990e-02   3.2700000e+03
  -3.9575614e-02   3.2850000e+03
  -5.2232966e-02   3.3000000e+03
  -5.8254324e-02   3.3150000e+03
  -5.7405774e-02   3.3300000e+03
  -5.0717007e-02   3.3450000e+03
  -4.0091071e-02   3.3600000e+03
  -2.7894534e-02   3.3750000e+03
  -1.6519794e-02   3.3900000e+03
  -7.8816926e-03   3.4050000e+03
  -2.9745158e-03   3.4200000e+03
  -1.7190245e-03   3.4350000e+03
  -3.1877698e-03   3.4500000e+03
  -6.0437918e-03   3.4650000e+03
  -8.9355111e-03   3.4800000e+03
  -1.0727081e-02   3.4950000e+03
  -1.0616977e-02   3.5100000e+03
  -8.2208347e-03   3.5250000e+03
  -3.6004381e-03   3.5400000e+03
   2.8236192e-03   3.5550000e+03
   1.0459816e-02   3.5700000e+03
   1.8716397e-02   3.5850000e+03
   2.7043313e-02   3.6000000e+03
   3.4851879e-02   3.6150000e+03
   4.1426484e-02   3.6300000e+03
   4.5936510e-02   3.6450000e+03
   4.7559999e-02   3.6600000e+03
   4.5652054e-02   3.6750000e+03
   3.9894532e-02   3.6900000e+03
   3.0409865e-02   3.7050000e+03
   1.7835459e-02   3.7200000e+03
   3.3241147e-03   3.7350000e+03
  -1.1583718e-02   3.7500000e+03
  -2.5232224e-02   3.7650000e+03
  -3.6208853e-02   3.7800000e+03
  -4.3675981e-02   3.7950000e+03
  -4.7559317e-02   3.8100000e+03
  -4.8521936e-02   3.8250000e+03
  -4.7725815e-02   3.8400000e+03
  -4.6459198e-02   3.8550000e+03
  -4.5753498e-02   3.8700000e+03
  -4.6104036e-02   3.8850000e+03
  -4.7360212e-02   3.9000000e+03
  -4.8803128e-02   3.9150000e+03
  -4.9397480e-02   3.9300000e+03
  -4.8162673e-02   3.9450000e+03
  -4.4545416e-02   3.9600000e+03
  -3.8640305e-02   3.9750000e+03
  -3.1156914e-02   3.9900000e+03
  -2.3160143e-02   4.0050000e+03
  -1.5721641e-02   4.0200000e+03
  -9.6335532e-03   4.0350000e+03
  -5.2619125e-03   4.0500000e+03
  -2.5323862e-03   4.0650000e+03
  -1.0061336e-03   4.0800000e+03
  -1.7870661e-05   4.0950000e+03
   1.1293920e-03   4.1100000e+03
   2.9289424e-03   4.1250000e+03
   5.4622241e-03   4.1400000e+03
   8.3356332e-03   4.1550000e+03
   1.0851977e-02   4.1700000e+03
   1.2370793e-02   4.1850000e+03
   1.2654065e-02   4.2000000e+03
   1.1964977e-02   4.2150000e+03
   1.0848184e-02   4.2300000e+03
   9.7504491e-03   4.2450000e+03
   8.7430393e-03   4.2600000e+03
   7.5064735e-03   4.2750000e+03
   5.5475687e-03   4.2900000e+03
   2.5014628e-03   4.3050000e+03
  -1.6257226e-03   4.3200000e+03
  -6.3673346e-03   4.3350000e+03
  -1.0911977e-02   4.3500000e+03
  -1.4415661e-02   4.3650000e+03
  -1.6388958e-02   4.3800000e+03
  -1.6942089e-02   4.3950000e+03
  -1.6714312e-02   4.4100000e+03
  -1.6516600e-02   4.4250000e+03
  -1.6925564e-02   4.4400000e+03
  -1.8091643e-02   4.4550000e+03
  -1.9835202e-02   4.4700000e+03
  -2.1873945e-02   4.4850000e+03
  -2.3957944e-02   4.5000000e+03
