   1.3569553e-02   0.0000000e+00
   1.3560952e-02   1.5000000e+01
   1.3537011e-02   3.0000000e+01
   1.3503649e-02   4.5000000e+01
   1.3469009e-02   6.0000000e+01
   1.3443574e-02   7.5000000e+01
   1.3440694e-02   9.0000000e+01
   1.3475749e-02   1.0500000e+02
   1.3566523e-02   1.2000000e+02
   1.3736986e-02   1.3500000e+02
   1.4023236e-02   1.5000000e+02
   1.4482995e-02   1.6500000e+02
   1.5204848e-02   1.8000000e+02
   1.6312767e-02   1.9500000e+02
   1.7981527e-02   2.1000000e+02
   2.0474408e-02   2.2500000e+02
   2.4190160e-02   2.4000000e+02
   2.9720275e-02   2.5500000e+02
   3.7955973e-02   2.7000000e+02
   5.0296325e-02   2.8500000e+02
   6.8943828e-02   3.0000000e+02
   9.7159766e-02   3.1500000e+02
   1.3939270e-01   3.3000000e+02
   2.0145656e-01   3.4500000e+02
   2.9103807e-01   3.6000000e+02
   4.1832119e-01   3.7500000e+02
   5.9552878e-01   3.9000000e+02
   8.3330995e-01   4.0500000e+02
   1.1320717e+00   4.2000000e+02
   1.4686458e+00   4.3500000e+02
   1.7836802e+00   4.5000000e+02
   1.9812372e+00   4.6500000e+02
   1.9531384e+00   4.8000000e+02
   1.6285145e+00   4.9500000e+02
   1.0257436e+00   5.1000000e+02
   2.6839501e-01   5.2500000e+02
  -4.5968685e-01   5.4000000e+02
  -1.0019846e+00   5.5500000e+02
  -1.3001007e+00   5.7000000e+02
  -1.3943722e+00   5.8500000e+02
  -1.3627608e+00   6.0000000e+02
  -1.2627163e+00   6.1500000e+02
  -1.1231364e+00   6.3000000e+02
  -9.6599072e-01   6.4500000e+02
  -8.1249142e-01   6.6000000e+02
  -6.7141807e-01   6.7500000e+02
  -5.3922331e-01   6.9000000e+02
  -4.1551873e-01   7.0500000e+02
  -3.0859944e-01   7.2000000e+02
  -2.2392544e-01   7.3500000e+02
  -1.5676087e-01   7.5000000e+02
  -1.0042652e-01   7.6500000e+02
  -5.5329613e-02   7.8000000e+02
  -2.5367148e-02   7.9500000e+02
  -1.0071649e-02   8.1000000e+02
  -4.8449398e-03   8.2500000e+02
  -5.6356303e-03   8.4000000e+02
  -9.2788143e-03   8.5500000e+02
  -1.1670169e-02   8.7000000e+02
  -9.0527879e-03   8.8500000e+02
   1.5470595e-04   9.0000000e+02
   1.6263219e-02   9.1500000e+02
   3.8998403e-02   9.3000000e+02
   6.5809287e-02   9.4500000e+02
   9.1515087e-02   9.6000000e+02
   1.1128242e-01   9.7500000e+02
   1.2267519e-01   9.9000000e+02
   1.2480768e-01   1.0050000e+03
   1.1798716e-01   1.0200000e+03
   1.0444290e-01   1.0350000e+03
   8.7656647e-02   1.0500000e+03
   7.0584625e-02   1.0650000e+03
   5.4654092e-02   1.0800000e+03
   3.9904039e-02   1.0950000e+03
   2.5480621e-02   1.1100000e+03
   1.0129825e-02   1.1250000e+03
  -6.9989334e-03   1.1400000e+03
  -2.5732962e-02   1.1550000e+03
  -4.5049690e-02   1.1700000e+03
  -6.3504130e-02   1.1850000e+03
  -7.9658508e-02   1.2000000e+03
  -9.2648633e-02   1.2150000e+03
  -1.0245115e-01   1.2300000e+03
  -1.0966945e-01   1.2450000e+03
  -1.1508132e-01   1.2600000e+03
  -1.1905287e-01   1.2750000e+03
  -1.2102184e-01   1.2900000e+03
  -1.1942810e-01   1.3050000e+03
  -1.1227900e-01   1.3200000e+03
  -9.8088384e-02   1.3350000e+03
  -7.6677553e-02   1.3500000e+03
  -4.9498681e-02   1.3650000e+03
  -1.9402336e-02   1.3800000e+03
   9.9699562e-03   1.3950000e+03
   3.4813486e-02   1.4100000e+03
   5.1643517e-02   1.4250000e+03
   5.7755698e-02   1.4400000e+03
   5.1768839e-02   1.4550000e+03
   3.4157600e-02   1.4700000e+03
   7.5386600e-03   1.4850000e+03
  -2.3569973e-02   1.5000000e+03
  -5.3664401e-02   1.5150000e+03
  -7.7645279e-02   1.5300000e+03
  -9.2169605e-02   1.5450000e+03
  -9.6424401e-02   1.5600000e+03
  -9.2025153e-02   1.5750000e+03
  -8.2126975e-02   1.5900000e+03
  -7.0184335e-02   1.6050000e+03
  -5.8887124e-02   1.6200000e+03
  -4.9619950e-02   1.6350000e+03
  -4.2512961e-02   1.6500000e+03
  -3.6907639e-02   1.6650000e+03
  -3.1918868e-02   1.6800000e+03
  -2.6815109e-02   1.6950000e+03
  -2.1133473e-02   1.7100000e+03
  -1.4625928e-02   1.7250000e+03
  -7.1814484e-03   1.7400000e+03
   1.1890723e-03   1.7550000e+03
   1.0310892e-02   1.7700000e+03
   1.9806292e-02   1.7850000e+03
   2.9094931e-02   1.8000000e+03
   3.7419554e-02   1.8150000e+03
   4.3880321e-02   1.8300000e+03
   4.7495928e-02   1.8450000e+03
   4.7322296e-02   1.8600000e+03
   4.2646013e-02   1.8750000e+03
   3.3254169e-02   1.8900000e+03
   1.9740639e-02   1.9050000e+03
   3.7208914e-03   1.9200000e+03
  -1.2234909e-02   1.9350000e+03
  -2.5072865e-02   1.9500000e+03
  -3.2055724e-02   1.9650000e+03
  -3.1619254e-02   1.9800000e+03
  -2.3946503e-02   1.9950000e+03
  -1.1021463e-02   2.0100000e+03
   3.8835141e-03   2.0250000e+03
   1.7131282e-02   2.0400000e+03
   2.5744626e-02   2.0550000e+03
   2.8163670e-02   2.0700000e+03
   2.4453716e-02   2.0850000e+03
   1.5909921e-02   2.1000000e+03
   4.2893384e-03   2.1150000e+03
  -8.9055439e-03   2.1300000e+03
  -2.2699025e-02   2.1450000e+03
  -3.6361530e-02   2.1600000e+03
  -4.8850756e-02   2.1750000e+03
  -5.8453932e-02   2.1900000e+03
  -6.2961318e-02   2.2050000e+03
  -6.0320850e-02   2.2200000e+03
  -4.9431548e-02   2.2350000e+03
  -3.0715743e-02   2.2500000e+03
  -6.2651238e-03   2.2650000e+03
   2.0505372e-02   2.2800000e+03
   4.5655876e-02   2.2950000e+03
   6.5767527e-02   2.3100000e+03
   7.8848585e-02   2.3250000e+03
   8.4703855e-02   2.3400000e+03
   8.4624343e-02   2.3550000e+03
   8.0604978e-02   2.3700000e+03
   7.4487962e-02   2.3850000e+03
   6.7368612e-02   2.4000000e+03
   5.9414204e-02   2.4150000e+03
   5.0084874e-02   2.4300000e+03
   3.8642962e-02   2.4450000e+03
   2.4749840e-02   2.4600000e+03
   8.8933576e-03   2.4750000e+03
  -7.5542568e-03   2.4900000e+03
  -2.2665454e-02   2.5050000e+03
  -3.4501251e-02   2.5200000e+03
  -4.1635625e-02   2.5350000e+03
  -4.3490991e-02   2.5500000e+03
  -4.0407848e-02   2.5650000e+03
  -3.3442426e-02   2.5800000e+03
  -2.3969188e-02   2.5950000e+03
  -1.3261341e-02   2.6100000e+03
  -2.2473466e-03   2.6250000e+03
   8.4673045e-03   2.6400000e+03
   1.8394744e-02   2.6550000e+03
   2.6955022e-02   2.6700000e+03
   3.3411432e-02   2.6850000e+03
   3.7000325e-02   2.7000000e+03
   3.7205812e-02   2.7150000e+03
   3.4053855e-02   2.7300000e+03
   2.8261095e-02   2.7450000e+03
   2.1111172e-02   2.7600000e+03
   1.4059260e-02   2.7750000e+03
   8.2157617e-03   2.7900000e+03
   3.9319904e-03   2.8050000e+03
   6.6509156e-04   2.8200000e+03
  -2.8164184e-03   2.8350000e+03
  -7.9445029e-03   2.8500000e+03
  -1.5726177e-02   2.8650000e+03
  -2.6173960e-02   2.8800000e+03
  -3.7991501e-02   2.8950000e+03
  -4.8673596e-02   2.9100000e+03
  -5.5082697e-02   2.9250000e+03
  -5.4406144e-02   2.9400000e+03
  -4.5212433e-02   2.9550000e+03
  -2.8197125e-02   2.9700000e+03
  -6.2399199e-03   2.9850000e+03
   1.6368210e-02   3.0000000e+03
   3.5290211e-02   3.0150000e+03
   4.7528233e-02   3.0300000e+03
   5.2195277e-02   3.0450000e+03
   5.0349686e-02   3.0600000e+03
   4.4085633e-02   3.0750000e+03
   3.5449583e-02   3.0900000e+03
   2.5740130e-02   3.1050000e+03
   1.5401666e-02   3.1200000e+03
   4.3394761e-03   3.1350000e+03
  -7.6637738e-03   3.1500000e+03
  -2.0631842e-02   3.1650000e+03
  -3.4191061e-02   3.1800000e+03
  -4.7435649e-02   3.1950000e+03
  -5.8911718e-02   3.2100000e+03
  -6.6842221e-02   3.2250000e+03
  -6.9625326e-02   3.2400000e+03
  -6.6435210e-02   3.2550000e+03
  -5.7622060e-02   3.2700000e+03
  -4.4675238e-02   3.2850000e+03
  -2.9743815e-02   3.3000000e+03
  -1.4949851e-02   3.3150000e+03
  -1.8296160e-03   3.3300000e+03
   8.8679558e-03   3.3450000e+03
   1.7034983e-02   3.3600000e+03
   2.2911092e-02   3.3750000e+03
   2.6842125e-02   3.3900000e+03
   2.9141530e-02   3.4050000e+03
   2.9999193e-02   3.4200000e+03
   2.9426357e-02   3.4350000e+03
   2.7304813e-02   3.4500000e+03
   2.3559123e-02   3.4650000e+03
   1.8330824e-02   3.4800000e+03
   1.2006043e-02   3.4950000e+03
   5.1042289e-03   3.5100000e+03
  -1.8132727e-03   3.5250000e+03
  -8.1131989e-03   3.5400000e+03
  -1.3036071e-02   3.5550000e+03
  -1.5799694e-02   3.5700000e+03
  -1.5899943e-02   3.5850000e+03
  -1.3437958e-02   3.6000000e+03
  -9.2430357e-03   3.6150000e+03
  -4.6867556e-03   3.6300000e+03
  -1.2650430e-03   3.6450000e+03
  -1.3626013e-04   3.6600000e+03
  -1.8077672e-03   3.6750000e+03
  -6.0771899e-03   3.6900000e+03
  -1.2203343e-02   3.7050000e+03
  -1.9181916e-02   3.7200000e+03
  -2.5993736e-02   3.7350000e+03
  -3.1763017e-02   3.7500000e+03
  -3.5837431e-02   3.7650000e+03
  -3.7833035e-02   3.7800000e+03
  -3.7677649e-02   3.7950000e+03
  -3.5651434e-02   3.8100000e+03
  -3.2381054e-02   3.8250000e+03
  -2.8734049e-02   3.8400000e+03
  -2.5613761e-02   3.8550000e+03
  -2.3733882e-02   3.8700000e+03
  -2.3472402e-02   3.8850000e+03
  -2.4847142e-02   3.9000000e+03
  -2.7588069e-02   3.9150000e+03
  -3.1263359e-02   3.9300000e+03
  -3.5423756e-02   3.9450000e+03
  -3.9719895e-02   3.9600000e+03
  -4.3938059e-02   3.9750000e+03
  -4.7933947e-02   3.9900000e+03
  -5.1507752e-02   4.0050000e+03
  -5.4299694e-02   4.0200000e+03
  -5.5773426e-02   4.0350000e+03
  -5.5323012e-02   4.0500000e+03
  -5.2497789e-02   4.0650000e+03
  -4.7269307e-02   4.0800000e+03
  -4.0188879e-02   4.0950000e+03
  -3.2288037e-02   4.1100000e+03
  -2.4711242e-02   4.1250000e+03
  -1.8263228e-02   4.1400000e+03
  -1.3141034e-02   4.1550000e+03
  -9.0105338e-03   4.1700000e+03
  -5.3568957e-03   4.1850000e+03
  -1.8680146e-03   4.2000000e+03
   1.3780304e-03   4.2150000e+03
   3.9894455e-03   4.2300000e+03
   5.4995562e-03   4.2450000e+03
   5.6036939e-03   4.2600000e+03
   4.2812452e-03   4.2750000e+03
   1.7835631e-03   4.2900000e+03
  -1.4659552e-03   4.3050000e+03
  -4.9966979e-03   4.3200000e+03
  -8.3919065e-03   4.3350000e+03
  -1.1339809e-02   4.3500000e+03
  -1.3630794e-02   4.3650000e+03
  -1.5119728e-02   4.3800000e+03
  -1.5691148e-02   4.3950000e+03
  -1.5261626e-02   4.4100000e+03
  -1.3820936e-02   4.4250000e+03
  -1.1477116e-02   4.4400000e+03
  -8.4654465e-03   4.4550000e+03
  -5.1106894e-03   4.4700000e+03
  -1.7591430e-03   4.4850000e+03
   1.3015827e-03   4.5000000e+03
