  -1.3931228e-03   0.0000000e+00
  -1.3932175e-03   1.5000000e+01
  -1.3933596e-03   3.0000000e+01
  -1.3934155e-03   4.5000000e+01
  -1.3935026e-03   6.0000000e+01
  -1.3937169e-03   7.5000000e+01
  -1.3941285e-03   9.0000000e+01
  -1.3949982e-03   1.0500000e+02
  -1.3964445e-03   1.2000000e+02
  -1.3981172e-03   1.3500000e+02
  -1.3996761e-03   1.5000000e+02
  -1.4012335e-03   1.6500000e+02
  -1.4030025e-03   1.8000000e+02
  -1.4049681e-03   1.9500000e+02
  -1.4070271e-03   2.1000000e+02
  -1.4090805e-03   2.2500000e+02
  -1.4110163e-03   2.4000000e+02
  -1.4127849e-03   2.5500000e+02
  -1.4143828e-03   2.7000000e+02
  -1.4158954e-03   2.8500000e+02
  -1.4176274e-03   3.0000000e+02
  -1.4199370e-03   3.1500000e+02
  -1.4228817e-03   3.3000000e+02
  -1.4261815e-03   3.4500000e+02
  -1.4295841e-03   3.6000000e+02
  -1.4331068e-03   3.7500000e+02
  -1.4368369e-03   3.9000000e+02
  -1.4407060e-03   4.0500000e+02
  -1.4445023e-03   4.2000000e+02
  -1.4478463e-03   4.3500000e+02
  -1.4502808e-03   4.5000000e+02
  -1.4515215e-03   4.6500000e+02
  -1.4513432e-03   4.8000000e+02
  -1.4488960e-03   4.9500000e+02
  -1.4422194e-03   5.1000000e+02
  -1.4291654e-03   5.2500000e+02
  -1.4098049e-03   5.4000000e+02
  -1.3886393e-03   5.5500000e+02
  -1.3746215e-03   5.7000000e+02
  -1.3776316e-03   5.8500000e+02
  -1.4015823e-03   6.0000000e+02
  -1.4385916e-03   6.1500000e+02
  -1.4710370e-03   6.3000000e+02
  -1.4825264e-03   6.4500000e+02
  -1.4693227e-03   6.6000000e+02
  -1.4401954e-03   6.7500000e+02
  -1.4016783e-03   6.9000000e+02
  -1.3435357e-03   7.0500000e+02
  -1.2452299e-03   7.2000000e+02
  -1.1028928e-03   7.3500000e+02
  -9.4836985e-04   7.5000000e+02
  -8.3499629e-04   7.6500000e+02
  -8.0058258e-04   7.8000000e+02
  -8.4390369e-04   7.9500000e+02
  -9.3391642e-04   8.1000000e+02
  -1.0339856e-03   8.2500000e+02
  -1.1153014e-03   8.4000000e+02
  -1.1589964e-03   8.5500000e+02
  -1.1619312e-03   8.7000000e+02
  -1.1445875e-03   8.8500000e+02
  -1.1430841e-03   9.0000000e+02
  -1.1824043e-03   9.1500000e+02
  -1.2550334e-03   9.3000000e+02
  -1.3281504e-03   9.4500000e+02
  -1.3720843e-03   9.6000000e+02
  -1.3815142e-03   9.7500000e+02
  -1.3736797e-03   9.9000000e+02
  -1.3728921e-03   1.0050000e+03
  -1.3953625e-03   1.0200000e+03
  -1.4386959e-03   1.0350000e+03
  -1.4819978e-03   1.0500000e+03
  -1.5049189e-03   1.0650000e+03
  -1.5114733e-03   1.0800000e+03
  -1.5262084e-03   1.0950000e+03
  -1.5622519e-03   1.1100000e+03
  -1.6043115e-03   1.1250000e+03
  -1.6299111e-03   1.1400000e+03
  -1.6365458e-03   1.1550000e+03
  -1.6394077e-03   1.1700000e+03
  -1.6503265e-03   1.1850000e+03
  -1.6681623e-03   1.2000000e+03
  -1.6882397e-03   1.2150000e+03
  -1.7157245e-03   1.2300000e+03
  -1.7660245e-03   1.2450000e+03
  -1.8499952e-03   1.2600000e+03
  -1.9607882e-03   1.2750000e+03
  -2.0779502e-03   1.2900000e+03
  -2.1805677e-03   1.3050000e+03
  -2.2538751e-03   1.3200000e+03
  -2.2936692e-03   1.3350000e+03
  -2.3161431e-03   1.3500000e+03
  -2.3563132e-03   1.3650000e+03
  -2.4391953e-03   1.3800000e+03
  -2.5501489e-03   1.3950000e+03
  -2.6471673e-03   1.4100000e+03
  -2.7085398e-03   1.4250000e+03
  -2.7596781e-03   1.4400000e+03
  -2.8460615e-03   1.4550000e+03
  -2.9845191e-03   1.4700000e+03
  -3.1472805e-03   1.4850000e+03
  -3.2924025e-03   1.5000000e+03
  -3.4056446e-03   1.5150000e+03
  -3.5120305e-03   1.5300000e+03
  -3.6482231e-03   1.5450000e+03
  -3.8255085e-03   1.5600000e+03
  -4.0225987e-03   1.5750000e+03
  -4.2155194e-03   1.5900000e+03
  -4.4082301e-03   1.6050000e+03
  -4.6253856e-03   1.6200000e+03
  -4.8783505e-03   1.6350000e+03
  -5.1532313e-03   1.6500000e+03
  -5.4375357e-03   1.6650000e+03
  -5.7439068e-03   1.6800000e+03
  -6.0945922e-03   1.6950000e+03
  -6.4919768e-03   1.7100000e+03
  -6.9210641e-03   1.7250000e+03
  -7.3775435e-03   1.7400000e+03
  -7.8762993e-03   1.7550000e+03
  -8.4302677e-03   1.7700000e+03
  -9.0355417e-03   1.7850000e+03
  -9.6813543e-03   1.8000000e+03
  -1.0359599e-02   1.8150000e+03
  -1.1050542e-02   1.8300000e+03
  -1.1694221e-02   1.8450000e+03
  -1.2157267e-02   1.8600000e+03
  -1.2171621e-02   1.8750000e+03
  -1.1204640e-02   1.8900000e+03
  -8.2316520e-03   1.9050000e+03
  -1.3968227e-03   1.9200000e+03
   1.2423150e-02   1.9350000e+03
   3.8038693e-02   1.9500000e+03
   8.2037665e-02   1.9650000e+03
   1.5199178e-01   1.9800000e+03
   2.5409243e-01   1.9950000e+03
   3.8876003e-01   2.0100000e+03
   5.4467291e-01   2.0250000e+03
   6.9333005e-01   2.0400000e+03
   7.8813952e-01   2.0550000e+03
   7.7264279e-01   2.0700000e+03
   6.0000145e-01   2.0850000e+03
   2.5960639e-01   2.1000000e+03
  -2.0115203e-01   2.1150000e+03
  -6.7578006e-01   2.1300000e+03
  -1.0281414e+00   2.1450000e+03
  -1.1460347e+00   2.1600000e+03
  -9.9420744e-01   2.1750000e+03
  -6.3617885e-01   2.1900000e+03
  -2.0899621e-01   2.2050000e+03
   1.3714798e-01   2.2200000e+03
   3.0212107e-01   2.2350000e+03
   2.7180958e-01   2.2500000e+03
   1.1598133e-01   2.2650000e+03
  -4.6266921e-02   2.2800000e+03
  -1.0279959e-01   2.2950000e+03
  -1.0091856e-02   2.3100000e+03
   1.7195719e-01   2.3250000e+03
   3.0923155e-01   2.3400000e+03
   2.8643683e-01   2.3550000e+03
   9.9193178e-02   2.3700000e+03
  -1.3930240e-01   2.3850000e+03
  -2.9029518e-01   2.4000000e+03
  -2.9388833e-01   2.4150000e+03
  -1.8941540e-01   2.4300000e+03
  -5.3504538e-02   2.4450000e+03
   5.8395430e-02   2.4600000e+03
   1.1577985e-01   2.4750000e+03
   1.0032044e-01   2.4900000e+03
   2.1594450e-02   2.5050000e+03
  -6.8027012e-02   2.5200000e+03
  -1.0820790e-01   2.5350000e+03
  -8.6280577e-02   2.5500000e+03
  -3.9763253e-02   2.5650000e+03
  -4.4995276e-03   2.5800000e+03
   1.6199829e-02   2.5950000e+03
   3.0115398e-02   2.6100000e+03
   3.5857555e-02   2.6250000e+03
   3.7704311e-02   2.6400000e+03
   5.2213453e-02   2.6550000e+03
   7.8174524e-02   2.6700000e+03
   8.2271598e-02   2.6850000e+03
   4.1306414e-02   2.7000000e+03
  -1.5939776e-02   2.7150000e+03
  -3.6153514e-02   2.7300000e+03
  -3.4461212e-03   2.7450000e+03
   4.8371993e-02   2.7600000e+03
   7.8528456e-02   2.7750000e+03
   7.2585717e-02   2.7900000e+03
   3.8765080e-02   2.8050000e+03
  -4.6346951e-03   2.8200000e+03
  -3.4949638e-02   2.8350000e+03
  -3.5830460e-02   2.8500000e+03
  -9.8785469e-03   2.8650000e+03
   2.4899952e-02   2.8800000e+03
   5.1388927e-02   2.8950000e+03
   6.2104851e-02   2.9100000e+03
   5.6735281e-02   2.9250000e+03
   3.9602768e-02   2.9400000e+03
   1.8933846e-02   2.9550000e+03
   2.8743006e-03   2.9700000e+03
  -4.8559853e-03   2.9850000e+03
  -4.6424968e-03   3.0000000e+03
   1.0025852e-03   3.0150000e+03
   7.8169946e-03   3.0300000e+03
   1.1915382e-02   3.0450000e+03
   1.4127985e-02   3.0600000e+03
   1.9205805e-02   3.0750000e+03
   2.7512725e-02   3.0900000e+03
   2.9808996e-02   3.1050000e+03
   1.5101338e-02   3.1200000e+03
  -1.4997013e-02   3.1350000e+03
  -4.2373706e-02   3.1500000e+03
  -4.5763731e-02   3.1650000e+03
  -1.9336147e-02   3.1800000e+03
   2.1291060e-02   3.1950000e+03
   5.1027123e-02   3.2100000e+03
   5.4148193e-02   3.2250000e+03
   3.4066971e-02   3.2400000e+03
   7.4497736e-03   3.2550000e+03
  -1.0707349e-02   3.2700000e+03
  -1.8388068e-02   3.2850000e+03
  -2.5467029e-02   3.3000000e+03
  -4.1317318e-02   3.3150000e+03
  -6.2063299e-02   3.3300000e+03
  -7.0773356e-02   3.3450000e+03
  -5.3401127e-02   3.3600000e+03
  -1.6286816e-02   3.3750000e+03
   1.4628554e-02   3.3900000e+03
   1.6372386e-02   3.4050000e+03
  -7.8717358e-03   3.4200000e+03
  -3.0983089e-02   3.4350000e+03
  -3.0085597e-02   3.4500000e+03
  -1.0776069e-02   3.4650000e+03
   7.8303996e-04   3.4800000e+03
  -1.0490488e-02   3.4950000e+03
  -3.0759977e-02   3.5100000e+03
  -3.4761451e-02   3.5250000e+03
  -1.6798809e-02   3.5400000e+03
   2.8412926e-03   3.5550000e+03
   2.5309052e-03   3.5700000e+03
  -1.6770985e-02   3.5850000e+03
  -3.6057878e-02   3.6000000e+03
  -4.1058771e-02   3.6150000e+03
  -3.3120610e-02   3.6300000e+03
  -1.9420227e-02   3.6450000e+03
  -1.9169992e-03   3.6600000e+03
   1.9450450e-02   3.6750000e+03
   3.8595080e-02   3.6900000e+03
   4.6121038e-02   3.7050000e+03
   4.0571891e-02   3.7200000e+03
   3.2117777e-02   3.7350000e+03
   3.3252381e-02   3.7500000e+03
   4.7405891e-02   3.7650000e+03
   6.6112235e-02   3.7800000e+03
   7.4197330e-02   3.7950000e+03
   5.8154870e-02   3.8100000e+03
   1.5382537e-02   3.8250000e+03
  -3.9907791e-02   3.8400000e+03
  -8.1716925e-02   3.8550000e+03
  -8.8789836e-02   3.8700000e+03
  -5.9881818e-02   3.8850000e+03
  -1.3844505e-02   3.9000000e+03
   2.4552479e-02   3.9150000e+03
   3.9602675e-02   3.9300000e+03
   3.0212399e-02   3.9450000e+03
   6.4151380e-03   3.9600000e+03
  -1.8054128e-02   3.9750000e+03
  -3.3012547e-02   3.9900000e+03
  -3.5454623e-02   4.0050000e+03
  -2.7722338e-02   4.0200000e+03
  -1.3304893e-02   4.0350000e+03
   4.3100412e-03   4.0500000e+03
   1.9466773e-02   4.0650000e+03
   2.4409445e-02   4.0800000e+03
   1.4562263e-02   4.0950000e+03
  -5.7076216e-03   4.1100000e+03
  -2.3824912e-02   4.1250000e+03
  -2.7346622e-02   4.1400000e+03
  -1.3762943e-02   4.1550000e+03
   6.5947198e-03   4.1700000e+03
   1.8273961e-02   4.1850000e+03
   1.3634788e-02   4.2000000e+03
  -6.4340071e-04   4.2150000e+03
  -1.0271868e-02   4.2300000e+03
  -7.0127733e-03   4.2450000e+03
   3.9828122e-03   4.2600000e+03
   9.3636224e-03   4.2750000e+03
  -6.4906472e-04   4.2900000e+03
  -2.4089605e-02   4.3050000e+03
  -4.8088949e-02   4.3200000e+03
  -5.7439722e-02   4.3350000e+03
  -4.5040432e-02   4.3500000e+03
  -1.6945880e-02   4.3650000e+03
   1.1781998e-02   4.3800000e+03
   2.7073938e-02   4.3950000e+03
   2.4044782e-02   4.4100000e+03
   8.4458459e-03   4.4250000e+03
  -7.7740490e-03   4.4400000e+03
  -1.3134860e-02   4.4550000e+03
  -2.4066495e-03   4.4700000e+03
   2.0625239e-02   4.4850000e+03
   4.4771101e-02   4.5000000e+03
