  -1.0327506e-02   0.0000000e+00
  -1.0324121e-02   1.5000000e+01
  -1.0322242e-02   3.0000000e+01
  -1.0347510e-02   4.5000000e+01
  -1.0430526e-02   6.0000000e+01
  -1.0596168e-02   7.5000000e+01
  -1.0852527e-02   9.0000000e+01
  -1.1192632e-02   1.0500000e+02
  -1.1615964e-02   1.2000000e+02
  -1.2155509e-02   1.3500000e+02
  -1.2869342e-02   1.5000000e+02
  -1.3809526e-02   1.6500000e+02
  -1.5031110e-02   1.8000000e+02
  -1.6613806e-02   1.9500000e+02
  -1.8649204e-02   2.1000000e+02
  -2.1206534e-02   2.2500000e+02
  -2.4247408e-02   2.4000000e+02
  -2.7528467e-02   2.5500000e+02
  -3.0466346e-02   2.7000000e+02
  -3.0607410e-02   2.8500000e+02
  -1.5037208e-02   3.0000000e+02
   6.8130076e-02   3.1500000e+02
   3.6042166e-01   3.3000000e+02
   1.0845592e+00   3.4500000e+02
   2.2836771e+00   3.6000000e+02
   3.3538575e+00   3.7500000e+02
   3.1597645e+00   3.9000000e+02
   1.3175102e+00   4.0500000e+02
  -1.0564063e+00   4.2000000e+02
  -2.9406774e+00   4.3500000e+02
  -4.1748877e+00   4.5000000e+02
  -3.1981525e+00   4.6500000e+02
   1.0103924e+00   4.8000000e+02
   3.3439746e+00   4.9500000e+02
  -5.1987344e-01   5.1000000e+02
  -3.4173250e+00   5.2500000e+02
   4.1839644e-01   5.4000000e+02
   2.5300136e+00   5.5500000e+02
  -1.0784886e+00   5.7000000e+02
  -1.6501429e+00   5.8500000e+02
   1.2027336e+00   6.0000000e+02
   6.2706095e-01   6.1500000e+02
  -9.2379469e-01   6.3000000e+02
  -1.5416308e-01   6.4500000e+02
   4.2999697e-01   6.6000000e+02
   2.0137563e-01   6.7500000e+02
  -2.9122972e-01   6.9000000e+02
  -3.3409560e-01   7.0500000e+02
   5.4841071e-01   7.2000000e+02
   8.2116358e-02   7.3500000e+02
  -7.5397807e-01   7.5000000e+02
   3.7888312e-01   7.6500000e+02
   4.5219958e-01   7.8000000e+02
  -6.2866801e-01   7.9500000e+02
   6.4658619e-02   8.1000000e+02
   3.8314003e-01   8.2500000e+02
  -4.2279181e-01   8.4000000e+02
  -1.6441904e-01   8.5500000e+02
   1.3284500e-01   8.7000000e+02
  -1.6075002e-01   8.8500000e+02
  -3.1168083e-02   9.0000000e+02
   9.8201856e-02   9.1500000e+02
   2.8240794e-02   9.3000000e+02
   2.5815390e-02   9.4500000e+02
  -7.7712894e-03   9.6000000e+02
   5.3300951e-02   9.7500000e+02
   9.6139558e-02   9.9000000e+02
   8.4980227e-02   1.0050000e+03
   1.8053655e-01   1.0200000e+03
   1.5506122e-01   1.0350000e+03
   5.0375994e-02   1.0500000e+03
   5.7377025e-02   1.0650000e+03
   2.6503758e-04   1.0800000e+03
  -1.0762363e-01   1.0950000e+03
  -1.3743243e-01   1.1100000e+03
  -1.5490730e-01   1.1250000e+03
  -1.6653836e-01   1.1400000e+03
  -1.3357458e-01   1.1550000e+03
  -7.9315245e-02   1.1700000e+03
  -2.6908034e-02   1.1850000e+03
   3.1475954e-02   1.2000000e+03
   9.3347460e-02   1.2150000e+03
   1.1146193e-01   1.2300000e+03
   8.9054249e-02   1.2450000e+03
   7.1949296e-02   1.2600000e+03
   5.0932895e-02   1.2750000e+03
   2.7321409e-02   1.2900000e+03
   2.2876177e-02   1.3050000e+03
   2.2729723e-02   1.3200000e+03
   2.0054771e-02   1.3350000e+03
   1.6382400e-02   1.3500000e+03
   2.3112695e-03   1.3650000e+03
  -1.2004717e-02   1.3800000e+03
  -1.5636815e-02   1.3950000e+03
  -1.6143935e-02   1.4100000e+03
  -1.8553205e-02   1.4250000e+03
  -2.3123138e-02   1.4400000e+03
  -2.8308813e-02   1.4550000e+03
  -2.8234947e-02   1.4700000e+03
  -1.9877952e-02   1.4850000e+03
  -9.0648979e-03   1.5000000e+03
  -8.5321730e-03   1.5150000e+03
  -2.6041035e-02   1.5300000e+03
  -5.4549418e-02   1.5450000e+03
  -8.1126295e-02   1.5600000e+03
  -9.9434242e-02   1.5750000e+03
  -1.0869623e-01   1.5900000e+03
  -1.0775573e-01   1.6050000e+03
  -9.5628440e-02   1.6200000e+03
  -7.5556532e-02   1.6350000e+03
  -5.2992020e-02   1.6500000e+03
  -3.0421637e-02   1.6650000e+03
  -7.9368921e-03   1.6800000e+03
   1.3571739e-02   1.6950000e+03
   3.1581353e-02   1.7100000e+03
   4.3336380e-02   1.7250000e+03
   4.9052794e-02   1.7400000e+03
   5.2651793e-02   1.7550000e+03
   5.7445247e-02   1.7700000e+03
   6.2763229e-02   1.7850000e+03
   6.5770172e-02   1.8000000e+03
   6.4061373e-02   1.8150000e+03
   5.5375796e-02   1.8300000e+03
   3.7445005e-02   1.8450000e+03
   9.4305314e-03   1.8600000e+03
  -2.6929231e-02   1.8750000e+03
  -6.5664507e-02   1.8900000e+03
  -9.5998056e-02   1.9050000e+03
  -1.0659209e-01   1.9200000e+03
  -9.0949245e-02   1.9350000e+03
  -4.9780719e-02   1.9500000e+03
   7.5252727e-03   1.9650000e+03
   6.4234033e-02   1.9800000e+03
   1.0426479e-01   1.9950000e+03
   1.1992913e-01   2.0100000e+03
   1.1120725e-01   2.0250000e+03
   8.1743963e-02   2.0400000e+03
   3.9183646e-02   2.0550000e+03
  -3.5142584e-03   2.0700000e+03
  -3.1898174e-02   2.0850000e+03
  -3.7783969e-02   2.1000000e+03
  -2.4765139e-02   2.1150000e+03
  -5.9620822e-03   2.1300000e+03
   5.3193988e-03   2.1450000e+03
   3.8483122e-03   2.1600000e+03
  -6.8915565e-03   2.1750000e+03
  -1.9292697e-02   2.1900000e+03
  -2.6421087e-02   2.2050000e+03
  -2.5831427e-02   2.2200000e+03
  -2.1324078e-02   2.2350000e+03
  -2.0040654e-02   2.2500000e+03
  -2.6289493e-02   2.2650000e+03
  -3.7756048e-02   2.2800000e+03
  -4.7199059e-02   2.2950000e+03
  -4.7435470e-02   2.3100000e+03
  -3.5640761e-02   2.3250000e+03
  -1.4758928e-02   2.3400000e+03
   7.8228302e-03   2.3550000e+03
   2.3421822e-02   2.3700000e+03
   2.6308959e-02   2.3850000e+03
   1.7195212e-02   2.4000000e+03
   2.9943946e-03   2.4150000e+03
  -7.6644211e-03   2.4300000e+03
  -9.6534053e-03   2.4450000e+03
  -3.4503038e-03   2.4600000e+03
   6.2928805e-03   2.4750000e+03
   1.3748865e-02   2.4900000e+03
   1.4853385e-02   2.5050000e+03
   9.1666719e-03   2.5200000e+03
  -4.6223303e-04   2.5350000e+03
  -1.0489341e-02   2.5500000e+03
  -1.9246867e-02   2.5650000e+03
  -2.6872417e-02   2.5800000e+03
  -3.3149160e-02   2.5950000e+03
  -3.6486734e-02   2.6100000e+03
  -3.5355806e-02   2.6250000e+03
  -2.9887844e-02   2.6400000e+03
  -2.1702031e-02   2.6550000e+03
  -1.2994916e-02   2.6700000e+03
  -5.9719500e-03   2.6850000e+03
  -1.6392332e-03   2.7000000e+03
   2.0451979e-03   2.7150000e+03
   9.8822005e-03   2.7300000e+03
   2.5470935e-02   2.7450000e+03
   4.6718199e-02   2.7600000e+03
   6.5415204e-02   2.7750000e+03
   7.1605422e-02   2.7900000e+03
   5.9259769e-02   2.8050000e+03
   2.9472044e-02   2.8200000e+03
  -1.0132699e-02   2.8350000e+03
  -4.8817322e-02   2.8500000e+03
  -7.7089928e-02   2.8650000e+03
  -9.0061478e-02   2.8800000e+03
  -8.8266179e-02   2.8950000e+03
  -7.5583220e-02   2.9100000e+03
  -5.6003243e-02   2.9250000e+03
  -3.2191925e-02   2.9400000e+03
  -6.8613971e-03   2.9550000e+03
   1.5466032e-02   2.9700000e+03
   2.9233014e-02   2.9850000e+03
   3.1175597e-02   3.0000000e+03
   2.3553288e-02   3.0150000e+03
   1.4030760e-02   3.0300000e+03
   1.0315483e-02   3.0450000e+03
   1.2280354e-02   3.0600000e+03
   9.7796824e-03   3.0750000e+03
  -8.4319217e-03   3.0900000e+03
  -4.1886058e-02   3.1050000e+03
  -7.5775132e-02   3.1200000e+03
  -9.1902807e-02   3.1350000e+03
  -8.1637412e-02   3.1500000e+03
  -4.9803302e-02   3.1650000e+03
  -1.0241785e-02   3.1800000e+03
   2.1146540e-02   3.1950000e+03
   3.3373062e-02   3.2100000e+03
   2.5487814e-02   3.2250000e+03
   6.1892709e-03   3.2400000e+03
  -1.2224591e-02   3.2550000e+03
  -2.0382036e-02   3.2700000e+03
  -1.5037504e-02   3.2850000e+03
   2.6228800e-04   3.3000000e+03
   1.6352046e-02   3.3150000e+03
   2.2698307e-02   3.3300000e+03
   1.3462900e-02   3.3450000e+03
  -9.3221730e-03   3.3600000e+03
  -3.7893068e-02   3.3750000e+03
  -6.3114271e-02   3.3900000e+03
  -7.6958746e-02   3.4050000e+03
  -7.3462069e-02   3.4200000e+03
  -5.1139437e-02   3.4350000e+03
  -1.6059209e-02   3.4500000e+03
   1.9397894e-02   3.4650000e+03
   4.3399595e-02   3.4800000e+03
   5.0990146e-02   3.4950000e+03
   4.4072371e-02   3.5100000e+03
   2.7359428e-02   3.5250000e+03
   6.1762035e-03   3.5400000e+03
  -1.3358414e-02   3.5550000e+03
  -2.5544887e-02   3.5700000e+03
  -2.8067045e-02   3.5850000e+03
  -2.2734415e-02   3.6000000e+03
  -1.2614140e-02   3.6150000e+03
   3.4739304e-04   3.6300000e+03
   1.3989548e-02   3.6450000e+03
   2.4276268e-02   3.6600000e+03
   2.8061669e-02   3.6750000e+03
   2.7283307e-02   3.6900000e+03
   2.7000716e-02   3.7050000e+03
   2.8123010e-02   3.7200000e+03
   2.5253495e-02   3.7350000e+03
   1.3963166e-02   3.7500000e+03
  -2.2680231e-03   3.7650000e+03
  -1.4992629e-02   3.7800000e+03
  -1.8862473e-02   3.7950000e+03
  -1.4406688e-02   3.8100000e+03
  -5.1548514e-03   3.8250000e+03
   4.1878982e-03   3.8400000e+03
   7.9107489e-03   3.8550000e+03
   2.2711169e-03   3.8700000e+03
  -1.0242231e-02   3.8850000e+03
  -2.1648517e-02   3.9000000e+03
  -2.4183121e-02   3.9150000e+03
  -1.4655665e-02   3.9300000e+03
   4.7477637e-03   3.9450000e+03
   2.6478626e-02   3.9600000e+03
   3.9406352e-02   3.9750000e+03
   3.5792701e-02   3.9900000e+03
   1.9051064e-02   4.0050000e+03
   2.1975455e-03   4.0200000e+03
  -3.5487167e-03   4.0350000e+03
   2.0628001e-03   4.0500000e+03
   1.0195022e-02   4.0650000e+03
   1.1263163e-02   4.0800000e+03
   1.0818978e-03   4.0950000e+03
  -1.7186953e-02   4.1100000e+03
  -3.4013033e-02   4.1250000e+03
  -3.8514569e-02   4.1400000e+03
  -2.6630152e-02   4.1550000e+03
  -5.4341196e-03   4.1700000e+03
   1.2142878e-02   4.1850000e+03
   1.7910598e-02   4.2000000e+03
   1.4066186e-02   4.2150000e+03
   9.1279717e-03   4.2300000e+03
   9.1327066e-03   4.2450000e+03
   1.2758650e-02   4.2600000e+03
   1.4397710e-02   4.2750000e+03
   1.1151567e-02   4.2900000e+03
   5.7997373e-03   4.3050000e+03
   2.6334659e-03   4.3200000e+03
   1.9292587e-03   4.3350000e+03
   5.3028605e-04   4.3500000e+03
  -2.4940644e-03   4.3650000e+03
  -3.4865458e-03   4.3800000e+03
   8.8378781e-04   4.3950000e+03
   7.7847689e-03   4.4100000e+03
   9.7003281e-03   4.4250000e+03
   2.1992722e-03   4.4400000e+03
  -1.1095023e-02   4.4550000e+03
  -2.2026638e-02   4.4700000e+03
  -2.5598524e-02   4.4850000e+03
  -2.3334563e-02   4.5000000e+03
