   8.3492100e-03   0.0000000e+00
   8.3426032e-03   1.5000000e+01
   8.3241435e-03   3.0000000e+01
   8.2974881e-03   4.5000000e+01
   8.2656080e-03   6.0000000e+01
   8.2324678e-03   7.5000000e+01
   8.2071731e-03   9.0000000e+01
   8.2024140e-03   1.0500000e+02
   8.2306145e-03   1.2000000e+02
   8.3031077e-03   1.3500000e+02
   8.4334984e-03   1.5000000e+02
   8.6482381e-03   1.6500000e+02
   8.9941751e-03   1.8000000e+02
   9.5337303e-03   1.9500000e+02
   1.0346525e-02   2.1000000e+02
   1.1552008e-02   2.2500000e+02
   1.3340119e-02   2.4000000e+02
   1.5994914e-02   2.5500000e+02
   1.9918561e-02   2.7000000e+02
   2.5700372e-02   2.8500000e+02
   3.4259029e-02   3.0000000e+02
   4.6992760e-02   3.1500000e+02
   6.5876469e-02   3.3000000e+02
   9.3613744e-02   3.4500000e+02
   1.3401790e-01   3.6000000e+02
   1.9258702e-01   3.7500000e+02
   2.7696344e-01   3.9000000e+02
   3.9675131e-01   4.0500000e+02
   5.6181377e-01   4.2000000e+02
   7.7786928e-01   4.3500000e+02
   1.0390543e+00   4.5000000e+02
   1.3201901e+00   4.6500000e+02
   1.5746148e+00   4.8000000e+02
   1.7408627e+00   4.9500000e+02
   1.7538823e+00   5.1000000e+02
   1.5566914e+00   5.2500000e+02
   1.1206518e+00   5.4000000e+02
   4.8242253e-01   5.5500000e+02
  -2.2846042e-01   5.7000000e+02
  -8.2668346e-01   5.8500000e+02
  -1.1798743e+00   6.0000000e+02
  -1.2941180e+00   6.1500000e+02
  -1.2755837e+00   6.3000000e+02
  -1.2117033e+00   6.4500000e+02
  -1.1173977e+00   6.6000000e+02
  -9.8596454e-01   6.7500000e+02
  -8.3577377e-01   6.9000000e+02
  -6.8947965e-01   7.0500000e+02
  -5.5191886e-01   7.2000000e+02
  -4.2894304e-01   7.3500000e+02
  -3.3415538e-01   7.5000000e+02
  -2.6395646e-01   7.6500000e+02
  -1.9676407e-01   7.8000000e+02
  -1.2649621e-01   7.9500000e+02
  -7.0598081e-02   8.1000000e+02
  -3.9980821e-02   8.2500000e+02
  -2.5765289e-02   8.4000000e+02
  -1.9207636e-02   8.5500000e+02
  -2.2416119e-02   8.7000000e+02
  -3.5525464e-02   8.8500000e+02
  -5.0019614e-02   9.0000000e+02
  -5.8043703e-02   9.1500000e+02
  -5.7601258e-02   9.3000000e+02
  -4.7728136e-02   9.4500000e+02
  -2.7249642e-02   9.6000000e+02
   1.4548569e-03   9.7500000e+02
   3.3606123e-02   9.9000000e+02
   6.5380163e-02   1.0050000e+03
   9.2937551e-02   1.0200000e+03
   1.1209200e-01   1.0350000e+03
   1.2105041e-01   1.0500000e+03
   1.2087094e-01   1.0650000e+03
   1.1357452e-01   1.0800000e+03
   1.0171471e-01   1.0950000e+03
   8.8655099e-02   1.1100000e+03
   7.7563152e-02   1.1250000e+03
   7.0353791e-02   1.1400000e+03
   6.7672439e-02   1.1550000e+03
   6.8809025e-02   1.1700000e+03
   7.1575843e-02   1.1850000e+03
   7.3124044e-02   1.2000000e+03
   7.0940308e-02   1.2150000e+03
   6.3302465e-02   1.2300000e+03
   4.9594883e-02   1.2450000e+03
   3.0367680e-02   1.2600000e+03
   6.9058603e-03   1.2750000e+03
  -1.9218590e-02   1.2900000e+03
  -4.6245892e-02   1.3050000e+03
  -7.2239615e-02   1.3200000e+03
  -9.5298350e-02   1.3350000e+03
  -1.1375321e-01   1.3500000e+03
  -1.2614353e-01   1.3650000e+03
  -1.3115062e-01   1.3800000e+03
  -1.2763450e-01   1.3950000e+03
  -1.1484950e-01   1.4100000e+03
  -9.2952050e-02   1.4250000e+03
  -6.3587680e-02   1.4400000e+03
  -3.0061634e-02   1.4550000e+03
   3.1335021e-03   1.4700000e+03
   3.1235404e-02   1.4850000e+03
   5.0248701e-02   1.5000000e+03
   5.7807975e-02   1.5150000e+03
   5.3603902e-02   1.5300000e+03
   3.9239705e-02   1.5450000e+03
   1.7612677e-02   1.5600000e+03
  -7.9097599e-03   1.5750000e+03
  -3.4208588e-02   1.5900000e+03
  -5.8829192e-02   1.6050000e+03
  -8.0095008e-02   1.6200000e+03
  -9.7040996e-02   1.6350000e+03
  -1.0927522e-01   1.6500000e+03
  -1.1681122e-01   1.6650000e+03
  -1.1987714e-01   1.6800000e+03
  -1.1871047e-01   1.6950000e+03
  -1.1338352e-01   1.7100000e+03
  -1.0374569e-01   1.7250000e+03
  -8.9542992e-02   1.7400000e+03
  -7.0673943e-02   1.7550000e+03
  -4.7456600e-02   1.7700000e+03
  -2.0790435e-02   1.7850000e+03
   7.8283651e-03   1.8000000e+03
   3.6422253e-02   1.8150000e+03
   6.2749438e-02   1.8300000e+03
   8.4588125e-02   1.8450000e+03
   1.0003665e-01   1.8600000e+03
   1.0777298e-01   1.8750000e+03
   1.0723531e-01   1.8900000e+03
   9.8702326e-02   1.9050000e+03
   8.3251469e-02   1.9200000e+03
   6.2583007e-02   1.9350000e+03
   3.8752299e-02   1.9500000e+03
   1.3919833e-02   1.9650000e+03
  -9.7835427e-03   1.9800000e+03
  -3.0300034e-02   1.9950000e+03
  -4.5743741e-02   2.0100000e+03
  -5.4679152e-02   2.0250000e+03
  -5.6524940e-02   2.0400000e+03
  -5.1851660e-02   2.0550000e+03
  -4.2336598e-02   2.0700000e+03
  -3.0321904e-02   2.0850000e+03
  -1.8153058e-02   2.1000000e+03
  -7.5883167e-03   2.1150000e+03
   4.9555977e-04   2.1300000e+03
   6.0504731e-03   2.1450000e+03
   9.5653692e-03   2.1600000e+03
   1.1714080e-02   2.1750000e+03
   1.3108590e-02   2.1900000e+03
   1.4254821e-02   2.2050000e+03
   1.5684189e-02   2.2200000e+03
   1.8086040e-02   2.2350000e+03
   2.2210117e-02   2.2500000e+03
   2.8458185e-02   2.2650000e+03
   3.6376167e-02   2.2800000e+03
   4.4434104e-02   2.2950000e+03
   5.0332822e-02   2.3100000e+03
   5.1703304e-02   2.3250000e+03
   4.6811219e-02   2.3400000e+03
   3.4968127e-02   2.3550000e+03
   1.6637906e-02   2.3700000e+03
  -6.6154236e-03   2.3850000e+03
  -3.2281358e-02   2.4000000e+03
  -5.7234582e-02   2.4150000e+03
  -7.8276329e-02   2.4300000e+03
  -9.2739999e-02   2.4450000e+03
  -9.8932683e-02   2.4600000e+03
  -9.6291117e-02   2.4750000e+03
  -8.5292362e-02   2.4900000e+03
  -6.7223400e-02   2.5050000e+03
  -4.3894362e-02   2.5200000e+03
  -1.7375797e-02   2.5350000e+03
   1.0153542e-02   2.5500000e+03
   3.6432091e-02   2.5650000e+03
   5.9130311e-02   2.5800000e+03
   7.6019786e-02   2.5950000e+03
   8.5342325e-02   2.6100000e+03
   8.6249471e-02   2.6250000e+03
   7.9118863e-02   2.6400000e+03
   6.5618269e-02   2.6550000e+03
   4.8477180e-02   2.6700000e+03
   3.0984106e-02   2.6850000e+03
   1.6290603e-02   2.7000000e+03
   6.6804308e-03   2.7150000e+03
   2.9962009e-03   2.7300000e+03
   4.3789274e-03   2.7450000e+03
   8.4149130e-03   2.7600000e+03
   1.1730033e-02   2.7750000e+03
   1.0977497e-02   2.7900000e+03
   3.9962651e-03   2.8050000e+03
  -9.2515219e-03   2.8200000e+03
  -2.6383976e-02   2.8350000e+03
  -4.3175653e-02   2.8500000e+03
  -5.4887652e-02   2.8650000e+03
  -5.7875715e-02   2.8800000e+03
  -5.0831031e-02   2.8950000e+03
  -3.5152704e-02   2.9100000e+03
  -1.4353334e-02   2.9250000e+03
   7.1737496e-03   2.9400000e+03
   2.5485115e-02   2.9550000e+03
   3.8043816e-02   2.9700000e+03
   4.4070099e-02   2.9850000e+03
   4.4316705e-02   3.0000000e+03
   4.0486060e-02   3.0150000e+03
   3.4568477e-02   3.0300000e+03
   2.8311202e-02   3.0450000e+03
   2.2888049e-02   3.0600000e+03
   1.8736379e-02   3.0750000e+03
   1.5529905e-02   3.0900000e+03
   1.2317171e-02   3.1050000e+03
   7.8590941e-03   3.1200000e+03
   1.0852639e-03   3.1350000e+03
  -8.5474411e-03   3.1500000e+03
  -2.0989811e-02   3.1650000e+03
  -3.5796143e-02   3.1800000e+03
  -5.2308358e-02   3.1950000e+03
  -6.9578268e-02   3.2100000e+03
  -8.6090356e-02   3.2250000e+03
  -9.9644281e-02   3.2400000e+03
  -1.0770834e-01   3.2550000e+03
  -1.0817605e-01   3.2700000e+03
  -1.0009947e-01   3.2850000e+03
  -8.3962351e-02   3.3000000e+03
  -6.1386146e-02   3.3150000e+03
  -3.4539927e-02   3.3300000e+03
  -5.6562573e-03   3.3450000e+03
   2.3126148e-02   3.3600000e+03
   4.9688525e-02   3.3750000e+03
   7.1912169e-02   3.3900000e+03
   8.7914072e-02   3.4050000e+03
   9.6466780e-02   3.4200000e+03
   9.7317845e-02   3.4350000e+03
   9.1169916e-02   3.4500000e+03
   7.9344891e-02   3.4650000e+03
   6.3385412e-02   3.4800000e+03
   4.4831585e-02   3.4950000e+03
   2.5193162e-02   3.5100000e+03
   5.9566456e-03   3.5250000e+03
  -1.1508406e-02   3.5400000e+03
  -2.6116876e-02   3.5550000e+03
  -3.7181500e-02   3.5700000e+03
  -4.4400312e-02   3.5850000e+03
  -4.7770351e-02   3.6000000e+03
  -4.7529701e-02   3.6150000e+03
  -4.4169217e-02   3.6300000e+03
  -3.8465440e-02   3.6450000e+03
  -3.1456258e-02   3.6600000e+03
  -2.4322545e-02   3.6750000e+03
  -1.8201211e-02   3.6900000e+03
  -1.3990496e-02   3.7050000e+03
  -1.2207774e-02   3.7200000e+03
  -1.2933600e-02   3.7350000e+03
  -1.5835222e-02   3.7500000e+03
  -2.0229243e-02   3.7650000e+03
  -2.5149217e-02   3.7800000e+03
  -2.9438920e-02   3.7950000e+03
  -3.1942155e-02   3.8100000e+03
  -3.1824186e-02   3.8250000e+03
  -2.8931603e-02   3.8400000e+03
  -2.3988467e-02   3.8550000e+03
  -1.8463537e-02   3.8700000e+03
  -1.4122619e-02   3.8850000e+03
  -1.2459098e-02   3.9000000e+03
  -1.4241900e-02   3.9150000e+03
  -1.9333202e-02   3.9300000e+03
  -2.6801473e-02   3.9450000e+03
  -3.5257630e-02   3.9600000e+03
  -4.3279462e-02   3.9750000e+03
  -4.9762726e-02   3.9900000e+03
  -5.4074194e-02   4.0050000e+03
  -5.5988934e-02   4.0200000e+03
  -5.5511650e-02   4.0350000e+03
  -5.2725967e-02   4.0500000e+03
  -4.7761098e-02   4.0650000e+03
  -4.0865775e-02   4.0800000e+03
  -3.2506824e-02   4.0950000e+03
  -2.3395244e-02   4.1100000e+03
  -1.4382217e-02   4.1250000e+03
  -6.2458334e-03   4.1400000e+03
   5.2632205e-04   4.1550000e+03
   5.8230585e-03   4.1700000e+03
   9.7972462e-03   4.1850000e+03
   1.2622789e-02   4.2000000e+03
   1.4283986e-02   4.2150000e+03
   1.4537985e-02   4.2300000e+03
   1.3070664e-02   4.2450000e+03
   9.7402688e-03   4.2600000e+03
   4.7541172e-03   4.2750000e+03
  -1.3255860e-03   4.2900000e+03
  -7.7368915e-03   4.3050000e+03
  -1.3724518e-02   4.3200000e+03
  -1.8678844e-02   4.3350000e+03
  -2.2177666e-02   4.3500000e+03
  -2.3997245e-02   4.3650000e+03
  -2.4157209e-02   4.3800000e+03
  -2.2966944e-02   4.3950000e+03
  -2.0970814e-02   4.4100000e+03
  -1.8747257e-02   4.4250000e+03
  -1.6656309e-02   4.4400000e+03
  -1.4704612e-02   4.4550000e+03
  -1.2622930e-02   4.4700000e+03
  -1.0094744e-02   4.4850000e+03
  -6.9758808e-03   4.5000000e+03
