  -1.2211987e-03   0.0000000e+00
  -1.2211931e-03   1.5000000e+01
  -1.2211978e-03   3.0000000e+01
  -1.2212390e-03   4.5000000e+01
  -1.2212701e-03   6.0000000e+01
  -1.2211812e-03   7.5000000e+01
  -1.2209361e-03   9.0000000e+01
  -1.2206493e-03   1.0500000e+02
  -1.2205305e-03   1.2000000e+02
  -1.2206949e-03   1.3500000e+02
  -1.2209611e-03   1.5000000e+02
  -1.2207803e-03   1.6500000e+02
  -1.2191142e-03   1.8000000e+02
  -1.2131667e-03   1.9500000e+02
  -1.1947569e-03   2.1000000e+02
  -1.1462708e-03   2.2500000e+02
  -1.0444361e-03   2.4000000e+02
  -8.8116841e-04   2.5500000e+02
  -6.9312227e-04   2.7000000e+02
  -5.6257559e-04   2.8500000e+02
  -5.5827841e-04   3.0000000e+02
  -6.5632584e-04   3.1500000e+02
  -7.4318697e-04   3.3000000e+02
  -7.3217624e-04   3.4500000e+02
  -6.6294079e-04   3.6000000e+02
  -6.4093008e-04   3.7500000e+02
  -6.8971829e-04   3.9000000e+02
  -7.2948408e-04   4.0500000e+02
  -7.0847588e-04   4.2000000e+02
  -6.7554595e-04   4.3500000e+02
  -6.8731199e-04   4.5000000e+02
  -7.1833754e-04   4.6500000e+02
  -7.1881869e-04   4.8000000e+02
  -7.0109894e-04   4.9500000e+02
  -7.0547493e-04   5.1000000e+02
  -7.2568120e-04   5.2500000e+02
  -7.2953809e-04   5.4000000e+02
  -7.1980077e-04   5.5500000e+02
  -7.2142447e-04   5.7000000e+02
  -7.3322089e-04   5.8500000e+02
  -7.3592993e-04   6.0000000e+02
  -7.3055469e-04   6.1500000e+02
  -7.3265884e-04   6.3000000e+02
  -7.4159779e-04   6.4500000e+02
  -7.4541842e-04   6.6000000e+02
  -7.4497948e-04   6.7500000e+02
  -7.4841647e-04   6.9000000e+02
  -7.5291045e-04   7.0500000e+02
  -7.5140549e-04   7.2000000e+02
  -7.4617448e-04   7.3500000e+02
  -7.4225065e-04   7.5000000e+02
  -7.3870789e-04   7.6500000e+02
  -7.3579123e-04   7.8000000e+02
  -7.4067828e-04   7.9500000e+02
  -7.5914193e-04   8.1000000e+02
  -7.8798633e-04   8.2500000e+02
  -8.1860001e-04   8.4000000e+02
  -8.4240065e-04   8.5500000e+02
  -8.5361581e-04   8.7000000e+02
  -8.5436052e-04   8.8500000e+02
  -8.5669279e-04   9.0000000e+02
  -8.7224715e-04   9.1500000e+02
  -8.9872919e-04   9.3000000e+02
  -9.2185347e-04   9.4500000e+02
  -9.3199761e-04   9.6000000e+02
  -9.3490700e-04   9.7500000e+02
  -9.4363152e-04   9.9000000e+02
  -9.6244167e-04   1.0050000e+03
  -9.8233053e-04   1.0200000e+03
  -9.9304924e-04   1.0350000e+03
  -9.9612039e-04   1.0500000e+03
  -1.0016785e-03   1.0650000e+03
  -1.0139708e-03   1.0800000e+03
  -1.0266823e-03   1.0950000e+03
  -1.0341995e-03   1.1100000e+03
  -1.0403683e-03   1.1250000e+03
  -1.0515541e-03   1.1400000e+03
  -1.0669983e-03   1.1550000e+03
  -1.0825219e-03   1.1700000e+03
  -1.0996506e-03   1.1850000e+03
  -1.1236053e-03   1.2000000e+03
  -1.1542045e-03   1.2150000e+03
  -1.1857669e-03   1.2300000e+03
  -1.2152871e-03   1.2450000e+03
  -1.2444477e-03   1.2600000e+03
  -1.2740251e-03   1.2750000e+03
  -1.3024139e-03   1.2900000e+03
  -1.3298860e-03   1.3050000e+03
  -1.3587843e-03   1.3200000e+03
  -1.3889760e-03   1.3350000e+03
  -1.4179429e-03   1.3500000e+03
  -1.4457454e-03   1.3650000e+03
  -1.4756105e-03   1.3800000e+03
  -1.5093726e-03   1.3950000e+03
  -1.5460048e-03   1.4100000e+03
  -1.5845653e-03   1.4250000e+03
  -1.6253989e-03   1.4400000e+03
  -1.6685250e-03   1.4550000e+03
  -1.7129923e-03   1.4700000e+03
  -1.7577460e-03   1.4850000e+03
  -1.8025459e-03   1.5000000e+03
  -1.8488583e-03   1.5150000e+03
  -1.8995062e-03   1.5300000e+03
  -1.9558584e-03   1.5450000e+03
  -2.0159446e-03   1.5600000e+03
  -2.0772293e-03   1.5750000e+03
  -2.1406354e-03   1.5900000e+03
  -2.2096629e-03   1.6050000e+03
  -2.2856984e-03   1.6200000e+03
  -2.3663710e-03   1.6350000e+03
  -2.4488396e-03   1.6500000e+03
  -2.5327438e-03   1.6650000e+03
  -2.6194288e-03   1.6800000e+03
  -2.7102267e-03   1.6950000e+03
  -2.8065892e-03   1.7100000e+03
  -2.9110876e-03   1.7250000e+03
  -3.0272370e-03   1.7400000e+03
  -3.1573144e-03   1.7550000e+03
  -3.2998682e-03   1.7700000e+03
  -3.4507427e-03   1.7850000e+03
  -3.6079681e-03   1.8000000e+03
  -3.7746709e-03   1.8150000e+03
  -3.9556953e-03   1.8300000e+03
  -4.1523143e-03   1.8450000e+03
  -4.3620504e-03   1.8600000e+03
  -4.5836442e-03   1.8750000e+03
  -4.8212726e-03   1.8900000e+03
  -5.0842846e-03   1.9050000e+03
  -5.3837099e-03   1.9200000e+03
  -5.7281759e-03   1.9350000e+03
  -6.1214548e-03   1.9500000e+03
  -6.5639382e-03   1.9650000e+03
  -7.0577967e-03   1.9800000e+03
  -7.6113767e-03   1.9950000e+03
  -8.2389815e-03   2.0100000e+03
  -8.9566438e-03   2.0250000e+03
  -9.7748851e-03   2.0400000e+03
  -1.0684970e-02   2.0550000e+03
  -1.1630967e-02   2.0700000e+03
  -1.2455481e-02   2.0850000e+03
  -1.2800884e-02   2.1000000e+03
  -1.1949880e-02   2.1150000e+03
  -8.6136833e-03   2.1300000e+03
  -7.3199690e-04   2.1450000e+03
   1.4567672e-02   2.1600000e+03
   4.0613707e-02   2.1750000e+03
   8.0160849e-02   2.1900000e+03
   1.3353598e-01   2.2050000e+03
   1.9622117e-01   2.2200000e+03
   2.5683713e-01   2.2350000e+03
   2.9718348e-01   2.2500000e+03
   2.9606041e-01   2.2650000e+03
   2.3738387e-01   2.2800000e+03
   1.2049214e-01   2.2950000e+03
  -3.2464791e-02   2.3100000e+03
  -1.7838135e-01   2.3250000e+03
  -2.6779100e-01   2.3400000e+03
  -2.6853859e-01   2.3550000e+03
  -1.8679088e-01   2.3700000e+03
  -7.0785724e-02   2.3850000e+03
   1.0230436e-02   2.4000000e+03
   4.2545111e-03   2.4150000e+03
  -8.9586295e-02   2.4300000e+03
  -2.1453002e-01   2.4450000e+03
  -2.8529173e-01   2.4600000e+03
  -2.3845646e-01   2.4750000e+03
  -7.4734487e-02   2.4900000e+03
   1.3360591e-01   2.5050000e+03
   2.7808639e-01   2.5200000e+03
   2.7603436e-01   2.5350000e+03
   1.2530927e-01   2.5500000e+03
  -8.4568307e-02   2.5650000e+03
  -2.2132994e-01   2.5800000e+03
  -1.9615415e-01   2.5950000e+03
  -2.8940467e-02   2.6100000e+03
   1.6179952e-01   2.6250000e+03
   2.4412730e-01   2.6400000e+03
   1.6737601e-01   2.6550000e+03
  -9.8565072e-03   2.6700000e+03
  -1.7362887e-01   2.6850000e+03
  -2.3476246e-01   2.7000000e+03
  -1.7232698e-01   2.7150000e+03
  -2.9315982e-02   2.7300000e+03
   1.1390884e-01   2.7450000e+03
   1.7636912e-01   2.7600000e+03
   1.2528539e-01   2.7750000e+03
   9.4230706e-03   2.7900000e+03
  -7.2192021e-02   2.8050000e+03
  -5.9469275e-02   2.8200000e+03
   1.1415047e-02   2.8350000e+03
   5.4373290e-02   2.8500000e+03
   3.1364240e-02   2.8650000e+03
  -1.7323188e-02   2.8800000e+03
  -3.7853874e-02   2.8950000e+03
  -2.5622586e-02   2.9100000e+03
  -8.8991439e-03   2.9250000e+03
   1.1692392e-03   2.9400000e+03
   1.4248454e-02   2.9550000e+03
   2.8607316e-02   2.9700000e+03
   2.7716724e-02   2.9850000e+03
   8.2632042e-03   3.0000000e+03
  -1.3905422e-02   3.0150000e+03
  -2.7562637e-02   3.0300000e+03
  -3.3595815e-02   3.0450000e+03
  -2.7949104e-02   3.0600000e+03
  -2.8180049e-03   3.0750000e+03
   2.8903153e-02   3.0900000e+03
   3.6524322e-02   3.1050000e+03
   1.2364049e-02   3.1200000e+03
  -1.2186913e-02   3.1350000e+03
  -9.0420591e-03   3.1500000e+03
   5.7503022e-03   3.1650000e+03
  -3.8231157e-03   3.1800000e+03
  -3.8390707e-02   3.1950000e+03
  -5.7563458e-02   3.2100000e+03
  -3.3359196e-02   3.2250000e+03
   9.0747401e-03   3.2400000e+03
   1.6798319e-02   3.2550000e+03
  -2.8619129e-02   3.2700000e+03
  -8.2950607e-02   3.2850000e+03
  -7.8608274e-02   3.3000000e+03
   6.2481933e-03   3.3150000e+03
   1.1932119e-01   3.3300000e+03
   1.7833938e-01   3.3450000e+03
   1.4503770e-01   3.3600000e+03
   5.4405969e-02   3.3750000e+03
  -2.6481392e-02   3.3900000e+03
  -6.0541864e-02   3.4050000e+03
  -5.9099786e-02   3.4200000e+03
  -4.9718469e-02   3.4350000e+03
  -4.1880131e-02   3.4500000e+03
  -2.7803250e-02   3.4650000e+03
  -4.0455349e-03   3.4800000e+03
   2.0340439e-02   3.4950000e+03
   3.4186039e-02   3.5100000e+03
   3.2268345e-02   3.5250000e+03
   1.3259380e-02   3.5400000e+03
  -1.9234648e-02   3.5550000e+03
  -4.9078304e-02   3.5700000e+03
  -5.0944991e-02   3.5850000e+03
  -1.2516718e-02   3.6000000e+03
   4.6846464e-02   3.6150000e+03
   8.6578541e-02   3.6300000e+03
   7.7401131e-02   3.6450000e+03
   2.4183044e-02   3.6600000e+03
  -3.9328199e-02   3.6750000e+03
  -7.4783228e-02   3.6900000e+03
  -6.3814431e-02   3.7050000e+03
  -2.0073051e-02   3.7200000e+03
   1.9292375e-02   3.7350000e+03
   2.2415824e-02   3.7500000e+03
  -8.2510943e-03   3.7650000e+03
  -3.7021462e-02   3.7800000e+03
  -3.1310473e-02   3.7950000e+03
   3.5509667e-03   3.8100000e+03
   3.2225028e-02   3.8250000e+03
   3.2217730e-02   3.8400000e+03
   1.8450003e-02   3.8550000e+03
   1.7356392e-02   3.8700000e+03
   2.5534822e-02   3.8850000e+03
   1.2644107e-02   3.9000000e+03
  -3.0347794e-02   3.9150000e+03
  -6.4365782e-02   3.9300000e+03
  -4.2671829e-02   3.9450000e+03
   2.7011679e-02   3.9600000e+03
   8.1849411e-02   3.9750000e+03
   7.2055154e-02   3.9900000e+03
   1.4441590e-02   4.0050000e+03
  -3.3066384e-02   4.0200000e+03
  -3.8133640e-02   4.0350000e+03
  -1.8581571e-02   4.0500000e+03
  -6.3111861e-03   4.0650000e+03
  -7.9767024e-03   4.0800000e+03
  -8.3432440e-03   4.0950000e+03
   1.9438763e-03   4.1100000e+03
   1.5178084e-02   4.1250000e+03
   1.9221295e-02   4.1400000e+03
   1.1459044e-02   4.1550000e+03
  -1.0207217e-03   4.1700000e+03
  -1.0304650e-02   4.1850000e+03
  -1.4444760e-02   4.2000000e+03
  -1.6065368e-02   4.2150000e+03
  -1.5436787e-02   4.2300000e+03
  -7.8844754e-03   4.2450000e+03
   8.9146178e-03   4.2600000e+03
   2.7005414e-02   4.2750000e+03
   3.2542672e-02   4.2900000e+03
   1.8961158e-02   4.3050000e+03
  -6.8971282e-03   4.3200000e+03
  -3.0950014e-02   4.3350000e+03
  -4.0990833e-02   4.3500000e+03
  -3.1910729e-02   4.3650000e+03
  -8.1202891e-03   4.3800000e+03
   1.7841643e-02   4.3950000e+03
   3.3125713e-02   4.4100000e+03
   3.3321463e-02   4.4250000e+03
   2.3321444e-02   4.4400000e+03
   1.1166389e-02   4.4550000e+03
   2.5735996e-03   4.4700000e+03
  -9.7578415e-04   4.4850000e+03
  -1.8820803e-03   4.5000000e+03
