  -5.2046747e-04   0.0000000e+00
  -5.2050164e-04   1.5000000e+01
  -5.2049942e-04   3.0000000e+01
  -5.2048301e-04   4.5000000e+01
  -5.2073994e-04   6.0000000e+01
  -5.2151229e-04   7.5000000e+01
  -5.2297476e-04   9.0000000e+01
  -5.2533729e-04   1.0500000e+02
  -5.2856869e-04   1.2000000e+02
  -5.3226901e-04   1.3500000e+02
  -5.3614989e-04   1.5000000e+02
  -5.4040697e-04   1.6500000e+02
  -5.4537755e-04   1.8000000e+02
  -5.5115309e-04   1.9500000e+02
  -5.5757025e-04   2.1000000e+02
  -5.6420907e-04   2.2500000e+02
  -5.7052157e-04   2.4000000e+02
  -5.7618215e-04   2.5500000e+02
  -5.8123405e-04   2.7000000e+02
  -5.8612798e-04   2.8500000e+02
  -5.9172412e-04   3.0000000e+02
  -5.9884868e-04   3.1500000e+02
  -6.0762570e-04   3.3000000e+02
  -6.1742449e-04   3.4500000e+02
  -6.2753109e-04   3.6000000e+02
  -6.3774321e-04   3.7500000e+02
  -6.4828125e-04   3.9000000e+02
  -6.5924803e-04   4.0500000e+02
  -6.7021418e-04   4.2000000e+02
  -6.8047212e-04   4.3500000e+02
  -6.8999454e-04   4.5000000e+02
  -7.0022745e-04   4.6500000e+02
  -7.1420084e-04   4.8000000e+02
  -7.3649327e-04   4.9500000e+02
  -7.7305455e-04   5.1000000e+02
  -8.2983513e-04   5.2500000e+02
  -9.0912229e-04   5.4000000e+02
  -1.0040649e-03   5.5500000e+02
  -1.0958579e-03   5.7000000e+02
  -1.1596506e-03   5.8500000e+02
  -1.1796266e-03   6.0000000e+02
  -1.1637711e-03   6.1500000e+02
  -1.1429306e-03   6.3000000e+02
  -1.1475277e-03   6.4500000e+02
  -1.1785657e-03   6.6000000e+02
  -1.2026838e-03   6.7500000e+02
  -1.1799643e-03   6.9000000e+02
  -1.0968748e-03   7.0500000e+02
  -9.7077084e-04   7.2000000e+02
  -8.2776410e-04   7.3500000e+02
  -6.8800879e-04   7.5000000e+02
  -5.7591777e-04   7.6500000e+02
  -5.2828551e-04   7.8000000e+02
  -5.7027437e-04   7.9500000e+02
  -6.8124523e-04   8.1000000e+02
  -8.0188341e-04   8.2500000e+02
  -8.8438153e-04   8.4000000e+02
  -9.2462270e-04   8.5500000e+02
  -9.4046158e-04   8.7000000e+02
  -9.4128429e-04   8.8500000e+02
  -9.3921466e-04   9.0000000e+02
  -9.6874003e-04   9.1500000e+02
  -1.0567724e-03   9.3000000e+02
  -1.1765029e-03   9.4500000e+02
  -1.2671985e-03   9.6000000e+02
  -1.3043912e-03   9.7500000e+02
  -1.3205681e-03   9.9000000e+02
  -1.3557550e-03   1.0050000e+03
  -1.4198921e-03   1.0200000e+03
  -1.5028949e-03   1.0350000e+03
  -1.5866555e-03   1.0500000e+03
  -1.6477084e-03   1.0650000e+03
  -1.6812679e-03   1.0800000e+03
  -1.7190755e-03   1.0950000e+03
  -1.7929960e-03   1.1100000e+03
  -1.8893781e-03   1.1250000e+03
  -1.9688108e-03   1.1400000e+03
  -2.0207341e-03   1.1550000e+03
  -2.0696889e-03   1.1700000e+03
  -2.1337231e-03   1.1850000e+03
  -2.2023774e-03   1.2000000e+03
  -2.2599504e-03   1.2150000e+03
  -2.3157457e-03   1.2300000e+03
  -2.4000541e-03   1.2450000e+03
  -2.5313650e-03   1.2600000e+03
  -2.6966904e-03   1.2750000e+03
  -2.8656963e-03   1.2900000e+03
  -3.0115820e-03   1.3050000e+03
  -3.1148319e-03   1.3200000e+03
  -3.1675068e-03   1.3350000e+03
  -3.1897835e-03   1.3500000e+03
  -3.2266821e-03   1.3650000e+03
  -3.3045565e-03   1.3800000e+03
  -3.3917942e-03   1.3950000e+03
  -3.4204884e-03   1.4100000e+03
  -3.3533999e-03   1.4250000e+03
  -3.2195791e-03   1.4400000e+03
  -3.0749533e-03   1.4550000e+03
  -2.9301054e-03   1.4700000e+03
  -2.7230436e-03   1.4850000e+03
  -2.3622643e-03   1.5000000e+03
  -1.7890908e-03   1.5150000e+03
  -9.9155435e-04   1.5300000e+03
   4.3919274e-05   1.5450000e+03
   1.3934118e-03   1.5600000e+03
   3.2104577e-03   1.5750000e+03
   5.6915227e-03   1.5900000e+03
   9.0525337e-03   1.6050000e+03
   1.3572924e-02   1.6200000e+03
   1.9685755e-02   1.6350000e+03
   2.8041188e-02   1.6500000e+03
   3.9525118e-02   1.6650000e+03
   5.5298373e-02   1.6800000e+03
   7.6899327e-02   1.6950000e+03
   1.0634113e-01   1.7100000e+03
   1.4607947e-01   1.7250000e+03
   1.9876476e-01   1.7400000e+03
   2.6670599e-01   1.7550000e+03
   3.5092211e-01   1.7700000e+03
   4.4970593e-01   1.7850000e+03
   5.5691111e-01   1.8000000e+03
   6.6058904e-01   1.8150000e+03
   7.4290293e-01   1.8300000e+03
   7.8224331e-01   1.8450000e+03
   7.5800800e-01   1.8600000e+03
   6.5749002e-01   1.8750000e+03
   4.8287904e-01   1.8900000e+03
   2.5519857e-01   1.9050000e+03
   1.2033620e-02   1.9200000e+03
  -2.0219542e-01   1.9350000e+03
  -3.5116893e-01   1.9500000e+03
  -4.2097193e-01   1.9650000e+03
  -4.2647439e-01   1.9800000e+03
  -4.0502778e-01   1.9950000e+03
  -3.9893490e-01   2.0100000e+03
  -4.3487108e-01   2.0250000e+03
  -5.1109695e-01   2.0400000e+03
  -5.9940696e-01   2.0550000e+03
  -6.6034514e-01   2.0700000e+03
  -6.6280001e-01   2.0850000e+03
  -5.9745806e-01   2.1000000e+03
  -4.7826681e-01   2.1150000e+03
  -3.3336565e-01   2.1300000e+03
  -1.9216634e-01   2.1450000e+03
  -7.5697564e-02   2.1600000e+03
   6.4854957e-03   2.1750000e+03
   5.4368641e-02   2.1900000e+03
   7.4194230e-02   2.2050000e+03
   7.5806275e-02   2.2200000e+03
   6.9974281e-02   2.2350000e+03
   6.5059237e-02   2.2500000e+03
   6.4580411e-02   2.2650000e+03
   6.7685314e-02   2.2800000e+03
   7.1848974e-02   2.2950000e+03
   7.5000472e-02   2.3100000e+03
   7.5801529e-02   2.3250000e+03
   7.3485583e-02   2.3400000e+03
   6.8425283e-02   2.3550000e+03
   6.2414519e-02   2.3700000e+03
   5.7579961e-02   2.3850000e+03
   5.4927927e-02   2.4000000e+03
   5.4063700e-02   2.4150000e+03
   5.3864665e-02   2.4300000e+03
   5.3045765e-02   2.4450000e+03
   5.0632056e-02   2.4600000e+03
   4.6703901e-02   2.4750000e+03
   4.2631008e-02   2.4900000e+03
   3.9972119e-02   2.5050000e+03
   3.8988598e-02   2.5200000e+03
   3.8446747e-02   2.5350000e+03
   3.6790770e-02   2.5500000e+03
   3.3311725e-02   2.5650000e+03
   2.8423175e-02   2.5800000e+03
   2.3256989e-02   2.5950000e+03
   1.9049980e-02   2.6100000e+03
   1.6601039e-02   2.6250000e+03
   1.5997773e-02   2.6400000e+03
   1.6648695e-02   2.6550000e+03
   1.7493945e-02   2.6700000e+03
   1.7375557e-02   2.6850000e+03
   1.5597165e-02   2.7000000e+03
   1.2438288e-02   2.7150000e+03
   9.2715370e-03   2.7300000e+03
   8.2050748e-03   2.7450000e+03
   1.1402597e-02   2.7600000e+03
   2.0257872e-02   2.7750000e+03
   3.4716044e-02   2.7900000e+03
   5.3123783e-02   2.8050000e+03
   7.2702073e-02   2.8200000e+03
   9.0339139e-02   2.8350000e+03
   1.0336842e-01   2.8500000e+03
   1.1013761e-01   2.8650000e+03
   1.1017252e-01   2.8800000e+03
   1.0386799e-01   2.8950000e+03
   9.2051171e-02   2.9100000e+03
   7.5876161e-02   2.9250000e+03
   5.7016701e-02   2.9400000e+03
   3.7700061e-02   2.9550000e+03
   2.0328976e-02   2.9700000e+03
   6.8503008e-03   2.9850000e+03
  -1.8480129e-03   3.0000000e+03
  -6.2526031e-03   3.0150000e+03
  -8.0355918e-03   3.0300000e+03
  -9.3932869e-03   3.0450000e+03
  -1.2272251e-02   3.0600000e+03
  -1.7841810e-02   3.0750000e+03
  -2.6295310e-02   3.0900000e+03
  -3.6887277e-02   3.1050000e+03
  -4.8111584e-02   3.1200000e+03
  -5.7961479e-02   3.1350000e+03
  -6.4279124e-02   3.1500000e+03
  -6.5256387e-02   3.1650000e+03
  -6.0043275e-02   3.1800000e+03
  -4.9212258e-02   3.1950000e+03
  -3.4774974e-02   3.2100000e+03
  -1.9647164e-02   3.2250000e+03
  -6.7446851e-03   3.2400000e+03
   1.9207294e-03   3.2550000e+03
   5.7658022e-03   3.2700000e+03
   5.5712038e-03   3.2850000e+03
   2.9242507e-03   3.3000000e+03
  -4.7181611e-04   3.3150000e+03
  -3.2570357e-03   3.3300000e+03
  -4.5371214e-03   3.3450000e+03
  -3.8392062e-03   3.3600000e+03
  -1.1242072e-03   3.3750000e+03
   3.0925735e-03   3.3900000e+03
   7.6701054e-03   3.4050000e+03
   1.1020483e-02   3.4200000e+03
   1.1566031e-02   3.4350000e+03
   8.2744574e-03   3.4500000e+03
   1.0011820e-03   3.4650000e+03
  -9.5049040e-03   3.4800000e+03
  -2.1887885e-02   3.4950000e+03
  -3.4604214e-02   3.5100000e+03
  -4.6303034e-02   3.5250000e+03
  -5.6049179e-02   3.5400000e+03
  -6.3351840e-02   3.5550000e+03
  -6.8040475e-02   3.5700000e+03
  -7.0080690e-02   3.5850000e+03
  -6.9430441e-02   3.6000000e+03
  -6.6006668e-02   3.6150000e+03
  -5.9780259e-02   3.6300000e+03
  -5.0962120e-02   3.6450000e+03
  -4.0196806e-02   3.6600000e+03
  -2.8649410e-02   3.6750000e+03
  -1.7883101e-02   3.6900000e+03
  -9.5130280e-03   3.7050000e+03
  -4.7685970e-03   3.7200000e+03
  -4.1891458e-03   3.7350000e+03
  -7.6068630e-03   3.7500000e+03
  -1.4366393e-02   3.7650000e+03
  -2.3570569e-02   3.7800000e+03
  -3.4178533e-02   3.7950000e+03
  -4.4976275e-02   3.8100000e+03
  -5.4590739e-02   3.8250000e+03
  -6.1677855e-02   3.8400000e+03
  -6.5238096e-02   3.8550000e+03
  -6.4884558e-02   3.8700000e+03
  -6.0915951e-02   3.8850000e+03
  -5.4173268e-02   3.9000000e+03
  -4.5764826e-02   3.9150000e+03
  -3.6775596e-02   3.9300000e+03
  -2.8051075e-02   3.9450000e+03
  -2.0092236e-02   3.9600000e+03
  -1.3043318e-02   3.9750000e+03
  -6.7343554e-03   3.9900000e+03
  -7.7153847e-04   4.0050000e+03
   5.2996385e-03   4.0200000e+03
   1.1767024e-02   4.0350000e+03
   1.8550117e-02   4.0500000e+03
   2.5142930e-02   4.0650000e+03
   3.0744176e-02   4.0800000e+03
   3.4506980e-02   4.0950000e+03
   3.5798423e-02   4.1100000e+03
   3.4392212e-02   4.1250000e+03
   3.0553015e-02   4.1400000e+03
   2.4979178e-02   4.1550000e+03
   1.8598069e-02   4.1700000e+03
   1.2282255e-02   4.1850000e+03
   6.6181985e-03   4.2000000e+03
   1.8375554e-03   4.2150000e+03
  -2.0788775e-03   4.2300000e+03
  -5.2132201e-03   4.2450000e+03
  -7.5583500e-03   4.2600000e+03
  -8.9828279e-03   4.2750000e+03
  -9.3224915e-03   4.2900000e+03
  -8.5390294e-03   4.3050000e+03
  -6.8466440e-03   4.3200000e+03
  -4.7204569e-03   4.3350000e+03
  -2.7640869e-03   4.3500000e+03
  -1.4951939e-03   4.3650000e+03
  -1.1560157e-03   4.3800000e+03
  -1.6396790e-03   4.3950000e+03
  -2.5528367e-03   4.4100000e+03
  -3.3583478e-03   4.4250000e+03
  -3.5113657e-03   4.4400000e+03
  -2.5386459e-03   4.4550000e+03
  -8.0748578e-05   4.4700000e+03
   4.0445463e-03   4.4850000e+03
   9.7313011e-03   4.5000000e+03
