   8.2573714e-04   0.0000000e+00
   8.0698467e-04   1.5000000e+01
   7.5115840e-04   3.0000000e+01
   6.5677380e-04   4.5000000e+01
   5.1460572e-04   6.0000000e+01
   3.1489599e-04   7.5000000e+01
   6.1833634e-05   9.0000000e+01
  -2.3039602e-04   1.0500000e+02
  -5.5284810e-04   1.2000000e+02
  -9.1260637e-04   1.3500000e+02
  -1.3305715e-03   1.5000000e+02
  -1.8217886e-03   1.6500000e+02
  -2.3867029e-03   1.8000000e+02
  -3.0256321e-03   1.9500000e+02
  -3.7428050e-03   2.1000000e+02
  -4.5261849e-03   2.2500000e+02
  -5.3135990e-03   2.4000000e+02
  -5.9671127e-03   2.5500000e+02
  -6.2875506e-03   2.7000000e+02
  -6.0293772e-03   2.8500000e+02
  -4.8148050e-03   3.0000000e+02
  -1.9192818e-03   3.1500000e+02
   4.0285294e-03   3.3000000e+02
   1.5459673e-02   3.4500000e+02
   3.6626432e-02   3.6000000e+02
   7.5282849e-02   3.7500000e+02
   1.4613838e-01   3.9000000e+02
   2.7638009e-01   4.0500000e+02
   5.1049590e-01   4.2000000e+02
   9.0428752e-01   4.3500000e+02
   1.4888419e+00   4.5000000e+02
   2.1913633e+00   4.6500000e+02
   2.7507844e+00   4.8000000e+02
   2.7499781e+00   4.9500000e+02
   1.8769447e+00   5.1000000e+02
   2.8728276e-01   5.2500000e+02
  -1.3430451e+00   5.4000000e+02
  -2.2982051e+00   5.5500000e+02
  -2.3890615e+00   5.7000000e+02
  -1.9544693e+00   5.8500000e+02
  -1.4021075e+00   6.0000000e+02
  -9.4204193e-01   6.1500000e+02
  -6.3609535e-01   6.3000000e+02
  -4.4002739e-01   6.4500000e+02
  -2.6721060e-01   6.6000000e+02
  -1.2434094e-01   6.7500000e+02
  -5.7679005e-02   6.9000000e+02
  -2.3367507e-02   7.0500000e+02
   1.5791718e-02   7.2000000e+02
   2.1385554e-02   7.3500000e+02
  -4.1556475e-03   7.5000000e+02
  -2.5906589e-02   7.6500000e+02
  -6.0195673e-02   7.8000000e+02
  -1.1499661e-01   7.9500000e+02
  -1.6052379e-01   8.1000000e+02
  -1.8342687e-01   8.2500000e+02
  -1.8472816e-01   8.4000000e+02
  -1.6818279e-01   8.5500000e+02
  -1.4083341e-01   8.7000000e+02
  -1.0181683e-01   8.8500000e+02
  -5.7650868e-02   9.0000000e+02
  -1.7360432e-02   9.1500000e+02
   2.5687300e-02   9.3000000e+02
   6.6100918e-02   9.4500000e+02
   8.6087383e-02   9.6000000e+02
   8.4834255e-02   9.7500000e+02
   6.6554226e-02   9.9000000e+02
   3.4429926e-02   1.0050000e+03
   8.3914166e-04   1.0200000e+03
  -2.5518589e-02   1.0350000e+03
  -4.1208226e-02   1.0500000e+03
  -3.9935730e-02   1.0650000e+03
  -2.1715645e-02   1.0800000e+03
   8.1888940e-03   1.0950000e+03
   4.7674399e-02   1.1100000e+03
   9.1413252e-02   1.1250000e+03
   1.2976666e-01   1.1400000e+03
   1.5740959e-01   1.1550000e+03
   1.7248861e-01   1.1700000e+03
   1.7276545e-01   1.1850000e+03
   1.5858293e-01   1.2000000e+03
   1.3337198e-01   1.2150000e+03
   1.0097567e-01   1.2300000e+03
   6.6790804e-02   1.2450000e+03
   3.6785040e-02   1.2600000e+03
   1.2742241e-02   1.2750000e+03
  -6.8159006e-03   1.2900000e+03
  -2.2240138e-02   1.3050000e+03
  -3.2283761e-02   1.3200000e+03
  -3.5017129e-02   1.3350000e+03
  -2.8873537e-02   1.3500000e+03
  -1.5223043e-02   1.3650000e+03
   1.4994100e-03   1.3800000e+03
   1.7252464e-02   1.3950000e+03
   3.0398577e-02   1.4100000e+03
   4.0799491e-02   1.4250000e+03
   4.8515517e-02   1.4400000e+03
   5.2629285e-02   1.4550000e+03
   5.0541818e-02   1.4700000e+03
   3.9408915e-02   1.4850000e+03
   1.8877065e-02   1.5000000e+03
  -7.6700295e-03   1.5150000e+03
  -3.4237683e-02   1.5300000e+03
  -5.4852489e-02   1.5450000e+03
  -6.6281997e-02   1.5600000e+03
  -6.9038466e-02   1.5750000e+03
  -6.6116594e-02   1.5900000e+03
  -6.0957551e-02   1.6050000e+03
  -5.6093328e-02   1.6200000e+03
  -5.2556861e-02   1.6350000e+03
  -4.9850278e-02   1.6500000e+03
  -4.6587732e-02   1.6650000e+03
  -4.1594826e-02   1.6800000e+03
  -3.4825861e-02   1.6950000e+03
  -2.7589465e-02   1.7100000e+03
  -2.1955956e-02   1.7250000e+03
  -1.9696189e-02   1.7400000e+03
  -2.1459505e-02   1.7550000e+03
  -2.6677355e-02   1.7700000e+03
  -3.4047246e-02   1.7850000e+03
  -4.2075198e-02   1.8000000e+03
  -4.9268033e-02   1.8150000e+03
  -5.3973533e-02   1.8300000e+03
  -5.4298606e-02   1.8450000e+03
  -4.8572578e-02   1.8600000e+03
  -3.6261704e-02   1.8750000e+03
  -1.8653478e-02   1.8900000e+03
   1.2799670e-03   1.9050000e+03
   1.9808834e-02   1.9200000e+03
   3.3638671e-02   1.9350000e+03
   4.0781286e-02   1.9500000e+03
   4.0790409e-02   1.9650000e+03
   3.4472656e-02   1.9800000e+03
   2.3458945e-02   1.9950000e+03
   9.8937936e-03   2.0100000e+03
  -3.8724637e-03   2.0250000e+03
  -1.5835948e-02   2.0400000e+03
  -2.5046188e-02   2.0550000e+03
  -3.1946592e-02   2.0700000e+03
  -3.7912380e-02   2.0850000e+03
  -4.4206969e-02   2.1000000e+03
  -5.1084302e-02   2.1150000e+03
  -5.7491045e-02   2.1300000e+03
  -6.1152574e-02   2.1450000e+03
  -5.8706272e-02   2.1600000e+03
  -4.6151996e-02   2.1750000e+03
  -2.0280270e-02   2.1900000e+03
   1.8951185e-02   2.2050000e+03
   6.6444986e-02   2.2200000e+03
   1.1222889e-01   2.2350000e+03
   1.4456096e-01   2.2500000e+03
   1.5441790e-01   2.2650000e+03
   1.3885351e-01   2.2800000e+03
   1.0154859e-01   2.2950000e+03
   5.0741319e-02   2.3100000e+03
  -3.9081499e-03   2.3250000e+03
  -5.3892426e-02   2.3400000e+03
  -9.3145370e-02   2.3550000e+03
  -1.1830934e-01   2.3700000e+03
  -1.2858741e-01   2.3850000e+03
  -1.2539348e-01   2.4000000e+03
  -1.1153648e-01   2.4150000e+03
  -8.9866199e-02   2.4300000e+03
  -6.2095538e-02   2.4450000e+03
  -2.8896360e-02   2.4600000e+03
   8.4640197e-03   2.4750000e+03
   4.6194084e-02   2.4900000e+03
   7.7672362e-02   2.5050000e+03
   9.5589794e-02   2.5200000e+03
   9.5348537e-02   2.5350000e+03
   7.7414811e-02   2.5500000e+03
   4.7125924e-02   2.5650000e+03
   1.2370680e-02   2.5800000e+03
  -1.9152571e-02   2.5950000e+03
  -4.1723192e-02   2.6100000e+03
  -5.2347410e-02   2.6250000e+03
  -5.1168002e-02   2.6400000e+03
  -4.1755557e-02   2.6550000e+03
  -3.0501179e-02   2.6700000e+03
  -2.4226716e-02   2.6850000e+03
  -2.6473900e-02   2.7000000e+03
  -3.4660894e-02   2.7150000e+03
  -4.0592235e-02   2.7300000e+03
  -3.4876503e-02   2.7450000e+03
  -1.2871574e-02   2.7600000e+03
   2.1734057e-02   2.7750000e+03
   5.8201581e-02   2.7900000e+03
   8.4066190e-02   2.8050000e+03
   9.1133840e-02   2.8200000e+03
   7.8850552e-02   2.8350000e+03
   5.3849325e-02   2.8500000e+03
   2.6586208e-02   2.8650000e+03
   6.8884380e-03   2.8800000e+03
   2.7672577e-04   2.8950000e+03
   6.5926686e-03   2.9100000e+03
   2.1472182e-02   2.9250000e+03
   3.9438628e-02   2.9400000e+03
   5.6110360e-02   2.9550000e+03
   6.7940518e-02   2.9700000e+03
   7.0732303e-02   2.9850000e+03
   5.9967160e-02   3.0000000e+03
   3.4154709e-02   3.0150000e+03
  -1.6658397e-03   3.0300000e+03
  -3.6754914e-02   3.0450000e+03
  -6.0725532e-02   3.0600000e+03
  -7.0175193e-02   3.0750000e+03
  -6.9988117e-02   3.0900000e+03
  -6.8280920e-02   3.1050000e+03
  -6.9868565e-02   3.1200000e+03
  -7.3782712e-02   3.1350000e+03
  -7.5679354e-02   3.1500000e+03
  -7.1629830e-02   3.1650000e+03
  -6.0066085e-02   3.1800000e+03
  -4.1773319e-02   3.1950000e+03
  -1.9417800e-02   3.2100000e+03
   2.9117002e-03   3.2250000e+03
   2.0712674e-02   3.2400000e+03
   3.0578621e-02   3.2550000e+03
   3.1233341e-02   3.2700000e+03
   2.3475535e-02   3.2850000e+03
   9.4150193e-03   3.3000000e+03
  -8.3594350e-03   3.3150000e+03
  -2.7314380e-02   3.3300000e+03
  -4.4854999e-02   3.3450000e+03
  -5.7493608e-02   3.3600000e+03
  -6.0442779e-02   3.3750000e+03
  -4.9372181e-02   3.3900000e+03
  -2.4089228e-02   3.4050000e+03
   9.1498317e-03   3.4200000e+03
   3.9901409e-02   3.4350000e+03
   5.9312113e-02   3.4500000e+03
   6.4580970e-02   3.4650000e+03
   5.8658201e-02   3.4800000e+03
   4.6614695e-02   3.4950000e+03
   3.2660235e-02   3.5100000e+03
   1.9651283e-02   3.5250000e+03
   9.6877590e-03   3.5400000e+03
   4.0358077e-03   3.5550000e+03
   2.5563547e-03   3.5700000e+03
   3.8554447e-03   3.5850000e+03
   6.3695270e-03   3.6000000e+03
   9.2940684e-03   3.6150000e+03
   1.2355816e-02   3.6300000e+03
   1.4691524e-02   3.6450000e+03
   1.4153010e-02   3.6600000e+03
   8.1519093e-03   3.6750000e+03
  -4.2594057e-03   3.6900000e+03
  -2.0761076e-02   3.7050000e+03
  -3.6172882e-02   3.7200000e+03
  -4.4817615e-02   3.7350000e+03
  -4.3222588e-02   3.7500000e+03
  -3.1566359e-02   3.7650000e+03
  -1.3427595e-02   3.7800000e+03
   5.7149772e-03   3.7950000e+03
   2.0543499e-02   3.8100000e+03
   2.7720790e-02   3.8250000e+03
   2.6669078e-02   3.8400000e+03
   1.9114822e-02   3.8550000e+03
   8.0667790e-03   3.8700000e+03
  -3.0665551e-03   3.8850000e+03
  -1.1325180e-02   3.9000000e+03
  -1.5418384e-02   3.9150000e+03
  -1.6822360e-02   3.9300000e+03
  -1.9429414e-02   3.9450000e+03
  -2.7209671e-02   3.9600000e+03
  -4.1231133e-02   3.9750000e+03
  -5.8286700e-02   3.9900000e+03
  -7.2260194e-02   4.0050000e+03
  -7.7360466e-02   4.0200000e+03
  -7.1212359e-02   4.0350000e+03
  -5.6073524e-02   4.0500000e+03
  -3.7581462e-02   4.0650000e+03
  -2.1772468e-02   4.0800000e+03
  -1.2145722e-02   4.0950000e+03
  -8.5773878e-03   4.1100000e+03
  -8.5494788e-03   4.1250000e+03
  -9.3670134e-03   4.1400000e+03
  -9.5236870e-03   4.1550000e+03
  -8.6476095e-03   4.1700000e+03
  -6.9276700e-03   4.1850000e+03
  -4.8583928e-03   4.2000000e+03
  -3.0140127e-03   4.2150000e+03
  -1.3209400e-03   4.2300000e+03
   1.5712091e-03   4.2450000e+03
   7.5559625e-03   4.2600000e+03
   1.6991919e-02   4.2750000e+03
   2.7220368e-02   4.2900000e+03
   3.3586904e-02   4.3050000e+03
   3.2516494e-02   4.3200000e+03
   2.4050454e-02   4.3350000e+03
   1.1713585e-02   4.3500000e+03
   5.5355395e-05   4.3650000e+03
  -7.9597719e-03   4.3800000e+03
  -1.1944667e-02   4.3950000e+03
  -1.3401143e-02   4.4100000e+03
  -1.4370422e-02   4.4250000e+03
  -1.6255945e-02   4.4400000e+03
  -1.9093802e-02   4.4550000e+03
  -2.1468828e-02   4.4700000e+03
  -2.1358719e-02   4.4850000e+03
  -1.7685611e-02   4.5000000e+03
