  -1.0148949e-02   0.0000000e+00
  -1.0148796e-02   1.5000000e+01
  -1.0148469e-02   3.0000000e+01
  -1.0149008e-02   4.5000000e+01
  -1.0153212e-02   6.0000000e+01
  -1.0163455e-02   7.5000000e+01
  -1.0178240e-02   9.0000000e+01
  -1.0193634e-02   1.0500000e+02
  -1.0207767e-02   1.2000000e+02
  -1.0223648e-02   1.3500000e+02
  -1.0247181e-02   1.5000000e+02
  -1.0280871e-02   1.6500000e+02
  -1.0322818e-02   1.8000000e+02
  -1.0372770e-02   1.9500000e+02
  -1.0433781e-02   2.1000000e+02
  -1.0507926e-02   2.2500000e+02
  -1.0592679e-02   2.4000000e+02
  -1.0680665e-02   2.5500000e+02
  -1.0764697e-02   2.7000000e+02
  -1.0842001e-02   2.8500000e+02
  -1.0910857e-02   3.0000000e+02
  -1.0969190e-02   3.1500000e+02
  -1.1020046e-02   3.3000000e+02
  -1.1072956e-02   3.4500000e+02
  -1.1139626e-02   3.6000000e+02
  -1.1231355e-02   3.7500000e+02
  -1.1355567e-02   3.9000000e+02
  -1.1510610e-02   4.0500000e+02
  -1.1688733e-02   4.2000000e+02
  -1.1885375e-02   4.3500000e+02
  -1.2100366e-02   4.5000000e+02
  -1.2332774e-02   4.6500000e+02
  -1.2582229e-02   4.8000000e+02
  -1.2854970e-02   4.9500000e+02
  -1.3162593e-02   5.1000000e+02
  -1.3512223e-02   5.2500000e+02
  -1.3904545e-02   5.4000000e+02
  -1.4349462e-02   5.5500000e+02
  -1.4874213e-02   5.7000000e+02
  -1.5501038e-02   5.8500000e+02
  -1.6226530e-02   6.0000000e+02
  -1.7039740e-02   6.1500000e+02
  -1.7947545e-02   6.3000000e+02
  -1.8968584e-02   6.4500000e+02
  -2.0132886e-02   6.6000000e+02
  -2.1509118e-02   6.7500000e+02
  -2.3183290e-02   6.9000000e+02
  -2.5155181e-02   7.0500000e+02
  -2.7203137e-02   7.2000000e+02
  -2.8571131e-02   7.3500000e+02
  -2.6990887e-02   7.5000000e+02
  -1.6506072e-02   7.6500000e+02
   1.5778638e-02   7.8000000e+02
   9.1803439e-02   7.9500000e+02
   2.3763497e-01   8.1000000e+02
   4.6382728e-01   8.2500000e+02
   7.3125321e-01   8.4000000e+02
   9.2537802e-01   8.5500000e+02
   8.8516271e-01   8.7000000e+02
   5.1478362e-01   8.8500000e+02
  -8.1277691e-02   9.0000000e+02
  -5.9254658e-01   9.1500000e+02
  -7.2352004e-01   9.3000000e+02
  -4.8356289e-01   9.4500000e+02
  -1.9775476e-01   9.6000000e+02
  -1.3565435e-01   9.7500000e+02
  -1.8900107e-01   9.9000000e+02
  -8.3806530e-02   1.0050000e+03
   1.3193581e-01   1.0200000e+03
   1.1462574e-01   1.0350000e+03
  -1.8003677e-01   1.0500000e+03
  -3.1810516e-01   1.0650000e+03
  -5.7949379e-02   1.0800000e+03
   2.0956132e-01   1.0950000e+03
   9.5885456e-02   1.1100000e+03
  -1.2639554e-01   1.1250000e+03
  -3.7232988e-02   1.1400000e+03
   1.7389104e-01   1.1550000e+03
   1.0722712e-01   1.1700000e+03
  -9.4741777e-02   1.1850000e+03
  -7.8987494e-02   1.2000000e+03
   3.8770914e-02   1.2150000e+03
  -1.5887946e-02   1.2300000e+03
  -1.1618482e-01   1.2450000e+03
  -5.6905270e-02   1.2600000e+03
   2.5180617e-02   1.2750000e+03
  -6.9447230e-03   1.2900000e+03
  -1.5378472e-02   1.3050000e+03
   6.4906240e-02   1.3200000e+03
   8.4759474e-02   1.3350000e+03
   1.2414908e-02   1.3500000e+03
  -2.1783616e-02   1.3650000e+03
  -2.6995249e-04   1.3800000e+03
  -2.6590340e-03   1.3950000e+03
  -2.3736473e-02   1.4100000e+03
  -2.9222805e-02   1.4250000e+03
  -4.1344948e-02   1.4400000e+03
  -5.8044791e-02   1.4550000e+03
  -3.6869649e-02   1.4700000e+03
   1.5221760e-02   1.4850000e+03
   5.1649731e-02   1.5000000e+03
   5.9996773e-02   1.5150000e+03
   5.3835116e-02   1.5300000e+03
   3.3829316e-02   1.5450000e+03
  -1.9056858e-03   1.5600000e+03
  -3.7629802e-02   1.5750000e+03
  -5.0642151e-02   1.5900000e+03
  -3.6417067e-02   1.6050000e+03
  -1.4035548e-02   1.6200000e+03
   5.5276358e-04   1.6350000e+03
   1.4312014e-02   1.6500000e+03
   3.5725206e-02   1.6650000e+03
   5.2026339e-02   1.6800000e+03
   4.7380868e-02   1.6950000e+03
   2.8534861e-02   1.7100000e+03
   1.4679438e-02   1.7250000e+03
   1.0746915e-02   1.7400000e+03
   6.2233433e-03   1.7550000e+03
  -1.4347095e-03   1.7700000e+03
   4.4059588e-04   1.7850000e+03
   1.5829712e-02   1.8000000e+03
   2.6348809e-02   1.8150000e+03
   1.5787251e-02   1.8300000e+03
  -6.9836937e-03   1.8450000e+03
  -2.4245217e-02   1.8600000e+03
  -3.3222605e-02   1.8750000e+03
  -3.8493428e-02   1.8900000e+03
  -3.4636058e-02   1.9050000e+03
  -1.4008091e-02   1.9200000e+03
   1.5235731e-02   1.9350000e+03
   3.4271639e-02   1.9500000e+03
   3.5396811e-02   1.9650000e+03
   2.7501851e-02   1.9800000e+03
   1.9673344e-02   1.9950000e+03
   1.0540551e-02   2.0100000e+03
  -2.6328694e-03   2.0250000e+03
  -1.5014614e-02   2.0400000e+03
  -2.1054111e-02   2.0550000e+03
  -2.2568036e-02   2.0700000e+03
  -2.4156760e-02   2.0850000e+03
  -2.6461087e-02   2.1000000e+03
  -2.7994426e-02   2.1150000e+03
  -2.8755520e-02   2.1300000e+03
  -2.8588334e-02   2.1450000e+03
  -2.5073949e-02   2.1600000e+03
  -1.6213123e-02   2.1750000e+03
  -3.9090002e-03   2.1900000e+03
   7.5294785e-03   2.2050000e+03
   1.5328456e-02   2.2200000e+03
   1.8954039e-02   2.2350000e+03
   1.8451955e-02   2.2500000e+03
   1.4138167e-02   2.2650000e+03
   7.3155090e-03   2.2800000e+03
   9.7093201e-05   2.2950000e+03
  -5.7083806e-03   2.3100000e+03
  -9.4971247e-03   2.3250000e+03
  -1.1463786e-02   2.3400000e+03
  -1.1262404e-02   2.3550000e+03
  -7.5636334e-03   2.3700000e+03
   7.1789516e-04   2.3850000e+03
   1.2843167e-02   2.4000000e+03
   2.5833491e-02   2.4150000e+03
   3.5345860e-02   2.4300000e+03
   3.7212562e-02   2.4450000e+03
   2.9373260e-02   2.4600000e+03
   1.3573025e-02   2.4750000e+03
  -4.7769113e-03   2.4900000e+03
  -1.9189725e-02   2.5050000e+03
  -2.5371488e-02   2.5200000e+03
  -2.3064045e-02   2.5350000e+03
  -1.5992157e-02   2.5500000e+03
  -1.0150433e-02   2.5650000e+03
  -1.0600739e-02   2.5800000e+03
  -1.8164316e-02   2.5950000e+03
  -2.8611692e-02   2.6100000e+03
  -3.5337072e-02   2.6250000e+03
  -3.3355732e-02   2.6400000e+03
  -2.1757178e-02   2.6550000e+03
  -3.8184358e-03   2.6700000e+03
   1.4439340e-02   2.6850000e+03
   2.6660524e-02   2.7000000e+03
   2.8972223e-02   2.7150000e+03
   2.1701520e-02   2.7300000e+03
   8.5707353e-03   2.7450000e+03
  -5.9429035e-03   2.7600000e+03
  -1.8762350e-02   2.7750000e+03
  -2.8614258e-02   2.7900000e+03
  -3.5364918e-02   2.8050000e+03
  -3.9124455e-02   2.8200000e+03
  -3.9246205e-02   2.8350000e+03
  -3.3944245e-02   2.8500000e+03
  -2.1792058e-02   2.8650000e+03
  -4.4005993e-03   2.8800000e+03
   1.2835497e-02   2.8950000e+03
   2.3641661e-02   2.9100000e+03
   2.4902517e-02   2.9250000e+03
   1.7975871e-02   2.9400000e+03
   6.8340609e-03   2.9550000e+03
  -4.2148875e-03   2.9700000e+03
  -1.1591685e-02   2.9850000e+03
  -1.3289640e-02   3.0000000e+03
  -1.0082927e-02   3.0150000e+03
  -5.4545375e-03   3.0300000e+03
  -3.0982497e-03   3.0450000e+03
  -4.0359152e-03   3.0600000e+03
  -6.4070593e-03   3.0750000e+03
  -7.8925649e-03   3.0900000e+03
  -7.7311499e-03   3.1050000e+03
  -6.4049391e-03   3.1200000e+03
  -4.2918171e-03   3.1350000e+03
  -1.3038977e-03   3.1500000e+03
   2.5329958e-03   3.1650000e+03
   6.7944098e-03   3.1800000e+03
   1.0819773e-02   3.1950000e+03
   1.3642601e-02   3.2100000e+03
   1.3946584e-02   3.2250000e+03
   1.0929340e-02   3.2400000e+03
   5.5841012e-03   3.2550000e+03
   6.0160336e-04   3.2700000e+03
  -1.6415960e-03   3.2850000e+03
  -1.0998896e-03   3.3000000e+03
   6.5449334e-05   3.3150000e+03
  -4.3470380e-04   3.3300000e+03
  -3.1348120e-03   3.3450000e+03
  -6.8191686e-03   3.3600000e+03
  -1.0124584e-02   3.3750000e+03
  -1.2993578e-02   3.3900000e+03
  -1.6448194e-02   3.4050000e+03
  -2.0892229e-02   3.4200000e+03
  -2.4880979e-02   3.4350000e+03
  -2.5971187e-02   3.4500000e+03
  -2.2830743e-02   3.4650000e+03
  -1.6163725e-02   3.4800000e+03
  -7.5551625e-03   3.4950000e+03
   1.8685864e-03   3.5100000e+03
   1.0995128e-02   3.5250000e+03
   1.7426176e-02   3.5400000e+03
   1.7996192e-02   3.5550000e+03
   1.1626954e-02   3.5700000e+03
   1.5659101e-03   3.5850000e+03
  -6.1365552e-03   3.6000000e+03
  -7.2811912e-03   3.6150000e+03
  -3.0460367e-03   3.6300000e+03
   1.1931143e-03   3.6450000e+03
   7.6246052e-04   3.6600000e+03
  -4.4463431e-03   3.6750000e+03
  -1.0795341e-02   3.6900000e+03
  -1.5037855e-02   3.7050000e+03
  -1.6936656e-02   3.7200000e+03
  -1.7681148e-02   3.7350000e+03
  -1.6810330e-02   3.7500000e+03
  -1.2233808e-02   3.7650000e+03
  -3.5917675e-03   3.7800000e+03
   5.7922434e-03   3.7950000e+03
   1.1647973e-02   3.8100000e+03
   1.3091435e-02   3.8250000e+03
   1.2999511e-02   3.8400000e+03
   1.4043475e-02   3.8550000e+03
   1.5674321e-02   3.8700000e+03
   1.5676331e-02   3.8850000e+03
   1.3597195e-02   3.9000000e+03
   1.1345060e-02   3.9150000e+03
   1.0641726e-02   3.9300000e+03
   1.1061186e-02   3.9450000e+03
   1.0940867e-02   3.9600000e+03
   9.5471442e-03   3.9750000e+03
   7.8729661e-03   3.9900000e+03
   7.5991806e-03   4.0050000e+03
   9.5535982e-03   4.0200000e+03
   1.2903545e-02   4.0350000e+03
   1.5597474e-02   4.0500000e+03
   1.5958475e-02   4.0650000e+03
   1.4301247e-02   4.0800000e+03
   1.2752204e-02   4.0950000e+03
   1.2938662e-02   4.1100000e+03
   1.3987626e-02   4.1250000e+03
   1.3419939e-02   4.1400000e+03
   9.9020386e-03   4.1550000e+03
   4.1764635e-03   4.1700000e+03
  -2.8854613e-03   4.1850000e+03
  -1.1696681e-02   4.2000000e+03
  -2.2017362e-02   4.2150000e+03
  -3.0217536e-02   4.2300000e+03
  -3.0464813e-02   4.2450000e+03
  -1.9714108e-02   4.2600000e+03
  -1.0800944e-03   4.2750000e+03
   1.8075880e-02   4.2900000e+03
   3.0861514e-02   4.3050000e+03
   3.3797696e-02   4.3200000e+03
   2.7023727e-02   4.3350000e+03
   1.3675850e-02   4.3500000e+03
  -1.0300699e-03   4.3650000e+03
  -1.2006117e-02   4.3800000e+03
  -1.6958861e-02   4.3950000e+03
  -1.6868390e-02   4.4100000e+03
  -1.3780358e-02   4.4250000e+03
  -8.7481029e-03   4.4400000e+03
  -2.1816383e-03   4.4550000e+03
   4.6811663e-03   4.4700000e+03
   9.6641127e-03   4.4850000e+03
   1.1012402e-02   4.5000000e+03
