  -1.4087758e-03   0.0000000e+00
  -1.4088651e-03   1.5000000e+01
  -1.4090552e-03   3.0000000e+01
  -1.4092310e-03   4.5000000e+01
  -1.4093964e-03   6.0000000e+01
  -1.4095459e-03   7.5000000e+01
  -1.4096772e-03   9.0000000e+01
  -1.4099322e-03   1.0500000e+02
  -1.4104252e-03   1.2000000e+02
  -1.4110260e-03   1.3500000e+02
  -1.4115643e-03   1.5000000e+02
  -1.4120544e-03   1.6500000e+02
  -1.4125363e-03   1.8000000e+02
  -1.4129500e-03   1.9500000e+02
  -1.4132618e-03   2.1000000e+02
  -1.4135368e-03   2.2500000e+02
  -1.4138784e-03   2.4000000e+02
  -1.4143604e-03   2.5500000e+02
  -1.4149616e-03   2.7000000e+02
  -1.4155960e-03   2.8500000e+02
  -1.4162068e-03   3.0000000e+02
  -1.4168200e-03   3.1500000e+02
  -1.4174724e-03   3.3000000e+02
  -1.4181626e-03   3.4500000e+02
  -1.4188985e-03   3.6000000e+02
  -1.4197298e-03   3.7500000e+02
  -1.4206665e-03   3.9000000e+02
  -1.4216601e-03   4.0500000e+02
  -1.4226651e-03   4.2000000e+02
  -1.4235013e-03   4.3500000e+02
  -1.4235552e-03   4.5000000e+02
  -1.4214882e-03   4.6500000e+02
  -1.4146023e-03   4.8000000e+02
  -1.3977805e-03   4.9500000e+02
  -1.3631873e-03   5.1000000e+02
  -1.3027383e-03   5.2500000e+02
  -1.2143956e-03   5.4000000e+02
  -1.1099117e-03   5.5500000e+02
  -1.0176292e-03   5.7000000e+02
  -9.7282900e-04   5.8500000e+02
  -9.9505775e-04   6.0000000e+02
  -1.0667909e-03   6.1500000e+02
  -1.1364549e-03   6.3000000e+02
  -1.1534652e-03   6.4500000e+02
  -1.1094227e-03   6.6000000e+02
  -1.0428036e-03   6.7500000e+02
  -9.9494308e-04   6.9000000e+02
  -9.6153340e-04   7.0500000e+02
  -8.9828525e-04   7.2000000e+02
  -7.7929610e-04   7.3500000e+02
  -6.3812704e-04   7.5000000e+02
  -5.3865957e-04   7.6500000e+02
  -5.1247387e-04   7.8000000e+02
  -5.4139597e-04   7.9500000e+02
  -5.9673341e-04   8.1000000e+02
  -6.6819898e-04   8.2500000e+02
  -7.4414164e-04   8.4000000e+02
  -7.9244853e-04   8.5500000e+02
  -7.9150038e-04   8.7000000e+02
  -7.6826307e-04   8.8500000e+02
  -7.7387883e-04   9.0000000e+02
  -8.2259503e-04   9.1500000e+02
  -8.8206597e-04   9.3000000e+02
  -9.2289312e-04   9.4500000e+02
  -9.4635127e-04   9.6000000e+02
  -9.6011005e-04   9.7500000e+02
  -9.6197403e-04   9.9000000e+02
  -9.5941243e-04   1.0050000e+03
  -9.7337051e-04   1.0200000e+03
  -1.0071039e-03   1.0350000e+03
  -1.0368065e-03   1.0500000e+03
  -1.0465754e-03   1.0650000e+03
  -1.0500406e-03   1.0800000e+03
  -1.0659695e-03   1.0950000e+03
  -1.0926006e-03   1.1100000e+03
  -1.1166815e-03   1.1250000e+03
  -1.1322311e-03   1.1400000e+03
  -1.1412154e-03   1.1550000e+03
  -1.1459853e-03   1.1700000e+03
  -1.1481552e-03   1.1850000e+03
  -1.1500408e-03   1.2000000e+03
  -1.1538860e-03   1.2150000e+03
  -1.1625461e-03   1.2300000e+03
  -1.1818332e-03   1.2450000e+03
  -1.2181890e-03   1.2600000e+03
  -1.2708823e-03   1.2750000e+03
  -1.3282343e-03   1.2900000e+03
  -1.3742771e-03   1.3050000e+03
  -1.3988267e-03   1.3200000e+03
  -1.4023854e-03   1.3350000e+03
  -1.3971603e-03   1.3500000e+03
  -1.4037177e-03   1.3650000e+03
  -1.4364013e-03   1.3800000e+03
  -1.4860618e-03   1.3950000e+03
  -1.5252995e-03   1.4100000e+03
  -1.5380306e-03   1.4250000e+03
  -1.5381932e-03   1.4400000e+03
  -1.5532011e-03   1.4550000e+03
  -1.5936389e-03   1.4700000e+03
  -1.6443976e-03   1.4850000e+03
  -1.6825425e-03   1.5000000e+03
  -1.7000979e-03   1.5150000e+03
  -1.7102110e-03   1.5300000e+03
  -1.7320368e-03   1.5450000e+03
  -1.7697759e-03   1.5600000e+03
  -1.8092857e-03   1.5750000e+03
  -1.8369319e-03   1.5900000e+03
  -1.8569052e-03   1.6050000e+03
  -1.8840153e-03   1.6200000e+03
  -1.9223499e-03   1.6350000e+03
  -1.9602121e-03   1.6500000e+03
  -1.9879281e-03   1.6650000e+03
  -2.0114724e-03   1.6800000e+03
  -2.0420419e-03   1.6950000e+03
  -2.0789339e-03   1.7100000e+03
  -2.1124221e-03   1.7250000e+03
  -2.1403325e-03   1.7400000e+03
  -2.1708698e-03   1.7550000e+03
  -2.2085737e-03   1.7700000e+03
  -2.2475829e-03   1.7850000e+03
  -2.2818674e-03   1.8000000e+03
  -2.3139280e-03   1.8150000e+03
  -2.3490330e-03   1.8300000e+03
  -2.3870328e-03   1.8450000e+03
  -2.4247703e-03   1.8600000e+03
  -2.4623130e-03   1.8750000e+03
  -2.5020249e-03   1.8900000e+03
  -2.5439011e-03   1.9050000e+03
  -2.5859168e-03   1.9200000e+03
  -2.6277502e-03   1.9350000e+03
  -2.6711214e-03   1.9500000e+03
  -2.7171948e-03   1.9650000e+03
  -2.7659179e-03   1.9800000e+03
  -2.8171600e-03   1.9950000e+03
  -2.8704572e-03   2.0100000e+03
  -2.9242032e-03   2.0250000e+03
  -2.9771216e-03   2.0400000e+03
  -3.0303395e-03   2.0550000e+03
  -3.0865544e-03   2.0700000e+03
  -3.1475425e-03   2.0850000e+03
  -3.2135777e-03   2.1000000e+03
  -3.2843631e-03   2.1150000e+03
  -3.3590524e-03   2.1300000e+03
  -3.4359305e-03   2.1450000e+03
  -3.5134957e-03   2.1600000e+03
  -3.5917186e-03   2.1750000e+03
  -3.6715893e-03   2.1900000e+03
  -3.7540824e-03   2.2050000e+03
  -3.8405356e-03   2.2200000e+03
  -3.9334605e-03   2.2350000e+03
  -4.0354161e-03   2.2500000e+03
  -4.1466700e-03   2.2650000e+03
  -4.2647817e-03   2.2800000e+03
  -4.3868329e-03   2.2950000e+03
  -4.5114961e-03   2.3100000e+03
  -4.6388404e-03   2.3250000e+03
  -4.7690398e-03   2.3400000e+03
  -4.9019884e-03   2.3550000e+03
  -5.0381259e-03   2.3700000e+03
  -5.1792143e-03   2.3850000e+03
  -5.3279442e-03   2.4000000e+03
  -5.4863668e-03   2.4150000e+03
  -5.6544864e-03   2.4300000e+03
  -5.8302726e-03   2.4450000e+03
  -6.0107568e-03   2.4600000e+03
  -6.1927158e-03   2.4750000e+03
  -6.3723149e-03   2.4900000e+03
  -6.5443758e-03   2.5050000e+03
  -6.7017986e-03   2.5200000e+03
  -6.8343300e-03   2.5350000e+03
  -6.9254520e-03   2.5500000e+03
  -6.9474457e-03   2.5650000e+03
  -6.8554878e-03   2.5800000e+03
  -6.5801097e-03   2.5950000e+03
  -6.0147676e-03   2.6100000e+03
  -4.9944725e-03   2.6250000e+03
  -3.2632537e-03   2.6400000e+03
  -4.3067656e-04   2.6550000e+03
   4.0799361e-03   2.6700000e+03
   1.1083611e-02   2.6850000e+03
   2.1667112e-02   2.7000000e+03
   3.7168324e-02   2.7150000e+03
   5.9050720e-02   2.7300000e+03
   8.8616580e-02   2.7450000e+03
   1.2652096e-01   2.7600000e+03
   1.7210428e-01   2.7750000e+03
   2.2265968e-01   2.7900000e+03
   2.7287745e-01   2.8050000e+03
   3.1481394e-01   2.8200000e+03
   3.3873984e-01   2.8350000e+03
   3.3505321e-01   2.8500000e+03
   2.9706135e-01   2.8650000e+03
   2.2392437e-01   2.8800000e+03
   1.2262597e-01   2.8950000e+03
   7.7943197e-03   2.9100000e+03
  -1.0124849e-01   2.9250000e+03
  -1.8572117e-01   2.9400000e+03
  -2.3317915e-01   2.9550000e+03
  -2.4146013e-01   2.9700000e+03
  -2.1880493e-01   2.9850000e+03
  -1.7979197e-01   3.0000000e+03
  -1.3882722e-01   3.0150000e+03
  -1.0435800e-01   3.0300000e+03
  -7.6754451e-02   3.0450000e+03
  -5.0847936e-02   3.0600000e+03
  -2.1463379e-02   3.0750000e+03
   1.1477333e-02   3.0900000e+03
   4.1427035e-02   3.1050000e+03
   5.8209144e-02   3.1200000e+03
   5.3729061e-02   3.1350000e+03
   2.7006553e-02   3.1500000e+03
  -1.4330767e-02   3.1650000e+03
  -5.6754414e-02   3.1800000e+03
  -8.6054161e-02   3.1950000e+03
  -9.2362270e-02   3.2100000e+03
  -7.3005468e-02   3.2250000e+03
  -3.2815319e-02   3.2400000e+03
   1.7352073e-02   3.2550000e+03
   6.3178569e-02   3.2700000e+03
   9.0449095e-02   3.2850000e+03
   8.9572437e-02   3.3000000e+03
   5.9966851e-02   3.3150000e+03
   1.1998269e-02   3.3300000e+03
  -3.5700824e-02   3.3450000e+03
  -6.3568816e-02   3.3600000e+03
  -6.0123488e-02   3.3750000e+03
  -2.7888536e-02   3.3900000e+03
   1.7480662e-02   3.4050000e+03
   5.4992527e-02   3.4200000e+03
   6.8997234e-02   3.4350000e+03
   5.6648448e-02   3.4500000e+03
   2.7759869e-02   3.4650000e+03
  -2.5633636e-03   3.4800000e+03
  -2.3417098e-02   3.4950000e+03
  -3.3428673e-02   3.5100000e+03
  -3.8975690e-02   3.5250000e+03
  -4.7569528e-02   3.5400000e+03
  -6.1696477e-02   3.5550000e+03
  -7.7202432e-02   3.5700000e+03
  -8.6445212e-02   3.5850000e+03
  -8.3231516e-02   3.6000000e+03
  -6.6088684e-02   3.6150000e+03
  -3.8327243e-02   3.6300000e+03
  -5.7811039e-03   3.6450000e+03
   2.5640763e-02   3.6600000e+03
   5.0997943e-02   3.6750000e+03
   6.6022731e-02   3.6900000e+03
   6.6878662e-02   3.7050000e+03
   5.1216997e-02   3.7200000e+03
   2.0284582e-02   3.7350000e+03
  -1.9637806e-02   3.7500000e+03
  -5.8267765e-02   3.7650000e+03
  -8.5098244e-02   3.7800000e+03
  -9.4137013e-02   3.7950000e+03
  -8.6755253e-02   3.8100000e+03
  -7.0602022e-02   3.8250000e+03
  -5.4889951e-02   3.8400000e+03
  -4.4779219e-02   3.8550000e+03
  -3.8380280e-02   3.8700000e+03
  -2.8342931e-02   3.8850000e+03
  -7.0234388e-03   3.9000000e+03
   2.8138725e-02   3.9150000e+03
   7.2438397e-02   3.9300000e+03
   1.1598693e-01   3.9450000e+03
   1.4820491e-01   3.9600000e+03
   1.6161785e-01   3.9750000e+03
   1.5310895e-01   3.9900000e+03
   1.2321183e-01   4.0050000e+03
   7.5323500e-02   4.0200000e+03
   1.5835702e-02   4.0350000e+03
  -4.5708735e-02   4.0500000e+03
  -9.8072976e-02   4.0650000e+03
  -1.3167977e-01   4.0800000e+03
  -1.4193001e-01   4.0950000e+03
  -1.2980022e-01   4.1100000e+03
  -9.8922230e-02   4.1250000e+03
  -5.1582199e-02   4.1400000e+03
   1.2293003e-02   4.1550000e+03
   9.1077536e-02   4.1700000e+03
   1.7478856e-01   4.1850000e+03
   2.4177696e-01   4.2000000e+03
   2.6381963e-01   4.2150000e+03
   2.1935816e-01   4.2300000e+03
   1.0834567e-01   4.2450000e+03
  -4.0681712e-02   4.2600000e+03
  -1.7772089e-01   4.2750000e+03
  -2.5138506e-01   4.2900000e+03
  -2.3264997e-01   4.3050000e+03
  -1.2956397e-01   4.3200000e+03
   1.5618834e-02   4.3350000e+03
   1.4569604e-01   4.3500000e+03
   2.1383961e-01   4.3650000e+03
   2.0204122e-01   4.3800000e+03
   1.2475592e-01   4.3950000e+03
   1.8362783e-02   4.4100000e+03
  -7.6348290e-02   4.4250000e+03
  -1.2980340e-01   4.4400000e+03
  -1.3147561e-01   4.4550000e+03
  -8.9120865e-02   4.4700000e+03
  -2.2664741e-02   4.4850000e+03
   4.3368042e-02   4.5000000e+03
