  -1.2398515e-03   0.0000000e+00
  -1.2399409e-03   1.5000000e+01
  -1.2400886e-03   3.0000000e+01
  -1.2401949e-03   4.5000000e+01
  -1.2403753e-03   6.0000000e+01
  -1.2407228e-03   7.5000000e+01
  -1.2413007e-03   9.0000000e+01
  -1.2423308e-03   1.0500000e+02
  -1.2439046e-03   1.2000000e+02
  -1.2457260e-03   1.3500000e+02
  -1.2475168e-03   1.5000000e+02
  -1.2493737e-03   1.6500000e+02
  -1.2514774e-03   1.8000000e+02
  -1.2538165e-03   1.9500000e+02
  -1.2563007e-03   2.1000000e+02
  -1.2588227e-03   2.2500000e+02
  -1.2612536e-03   2.4000000e+02
  -1.2635305e-03   2.5500000e+02
  -1.2656557e-03   2.7000000e+02
  -1.2677221e-03   2.8500000e+02
  -1.2700289e-03   3.0000000e+02
  -1.2729267e-03   3.1500000e+02
  -1.2764828e-03   3.3000000e+02
  -1.2804371e-03   3.4500000e+02
  -1.2845307e-03   3.6000000e+02
  -1.2887440e-03   3.7500000e+02
  -1.2931599e-03   3.9000000e+02
  -1.2977518e-03   4.0500000e+02
  -1.3023221e-03   4.2000000e+02
  -1.3065003e-03   4.3500000e+02
  -1.3098810e-03   4.5000000e+02
  -1.3122037e-03   4.6500000e+02
  -1.3131426e-03   4.8000000e+02
  -1.3116788e-03   4.9500000e+02
  -1.3057305e-03   5.1000000e+02
  -1.2930655e-03   5.2500000e+02
  -1.2736154e-03   5.4000000e+02
  -1.2517371e-03   5.5500000e+02
  -1.2364520e-03   5.7000000e+02
  -1.2380389e-03   5.8500000e+02
  -1.2609696e-03   6.0000000e+02
  -1.2977179e-03   6.1500000e+02
  -1.3305127e-03   6.3000000e+02
  -1.3423996e-03   6.4500000e+02
  -1.3291632e-03   6.6000000e+02
  -1.2995771e-03   6.7500000e+02
  -1.2607233e-03   6.9000000e+02
  -1.2032044e-03   7.0500000e+02
  -1.1070998e-03   7.2000000e+02
  -9.6828962e-04   7.3500000e+02
  -8.1714877e-04   7.5000000e+02
  -7.0486177e-04   7.6500000e+02
  -6.6789577e-04   7.8000000e+02
  -7.0588512e-04   7.9500000e+02
  -7.9054269e-04   8.1000000e+02
  -8.8769145e-04   8.2500000e+02
  -9.6869364e-04   8.4000000e+02
  -1.0130231e-03   8.5500000e+02
  -1.0163055e-03   8.7000000e+02
  -9.9924824e-04   8.8500000e+02
  -9.9825498e-04   9.0000000e+02
  -1.0375481e-03   9.1500000e+02
  -1.1093222e-03   9.3000000e+02
  -1.1826109e-03   9.4500000e+02
  -1.2299223e-03   9.6000000e+02
  -1.2453648e-03   9.7500000e+02
  -1.2436431e-03   9.9000000e+02
  -1.2480672e-03   1.0050000e+03
  -1.2757641e-03   1.0200000e+03
  -1.3244858e-03   1.0350000e+03
  -1.3723456e-03   1.0500000e+03
  -1.3990568e-03   1.0650000e+03
  -1.4098070e-03   1.0800000e+03
  -1.4295314e-03   1.0950000e+03
  -1.4711058e-03   1.1100000e+03
  -1.5197161e-03   1.1250000e+03
  -1.5533920e-03   1.1400000e+03
  -1.5686814e-03   1.1550000e+03
  -1.5788436e-03   1.1700000e+03
  -1.5941084e-03   1.1850000e+03
  -1.6124643e-03   1.2000000e+03
  -1.6291497e-03   1.2150000e+03
  -1.6501156e-03   1.2300000e+03
  -1.6918853e-03   1.2450000e+03
  -1.7660751e-03   1.2600000e+03
  -1.8661993e-03   1.2750000e+03
  -1.9718148e-03   1.2900000e+03
  -2.0617705e-03   1.3050000e+03
  -2.1214553e-03   1.3200000e+03
  -2.1474466e-03   1.3350000e+03
  -2.1563892e-03   1.3500000e+03
  -2.1825917e-03   1.3650000e+03
  -2.2497766e-03   1.3800000e+03
  -2.3422011e-03   1.3950000e+03
  -2.4167355e-03   1.4100000e+03
  -2.4502757e-03   1.4250000e+03
  -2.4671825e-03   1.4400000e+03
  -2.5128608e-03   1.4550000e+03
  -2.6047984e-03   1.4700000e+03
  -2.7158640e-03   1.4850000e+03
  -2.8042023e-03   1.5000000e+03
  -2.8549791e-03   1.5150000e+03
  -2.8918909e-03   1.5300000e+03
  -2.9493819e-03   1.5450000e+03
  -3.0359274e-03   1.5600000e+03
  -3.1281128e-03   1.5750000e+03
  -3.2016870e-03   1.5900000e+03
  -3.2611592e-03   1.6050000e+03
  -3.3298640e-03   1.6200000e+03
  -3.4148556e-03   1.6350000e+03
  -3.4967640e-03   1.6500000e+03
  -3.5586676e-03   1.6650000e+03
  -3.6097525e-03   1.6800000e+03
  -3.6682682e-03   1.6950000e+03
  -3.7316082e-03   1.7100000e+03
  -3.7793599e-03   1.7250000e+03
  -3.8006236e-03   1.7400000e+03
  -3.8002145e-03   1.7550000e+03
  -3.7768581e-03   1.7700000e+03
  -3.7114453e-03   1.7850000e+03
  -3.5818012e-03   1.8000000e+03
  -3.3759694e-03   1.8150000e+03
  -3.0836940e-03   1.8300000e+03
  -2.6837231e-03   1.8450000e+03
  -2.1456026e-03   1.8600000e+03
  -1.4345059e-03   1.8750000e+03
  -5.0233013e-04   1.8900000e+03
   7.2744105e-04   1.9050000e+03
   2.3655021e-03   1.9200000e+03
   4.5571993e-03   1.9350000e+03
   7.4937306e-03   1.9500000e+03
   1.1437845e-02   1.9650000e+03
   1.6756285e-02   1.9800000e+03
   2.3956750e-02   1.9950000e+03
   3.3732478e-02   2.0100000e+03
   4.7008749e-02   2.0250000e+03
   6.4976156e-02   2.0400000e+03
   8.9094095e-02   2.0550000e+03
   1.2103942e-01   2.0700000e+03
   1.6255268e-01   2.0850000e+03
   2.1512043e-01   2.1000000e+03
   2.7944577e-01   2.1150000e+03
   3.5469770e-01   2.1300000e+03
   4.3759897e-01   2.1450000e+03
   5.2153295e-01   2.1600000e+03
   5.9601694e-01   2.1750000e+03
   6.4702308e-01   2.1900000e+03
   6.5861565e-01   2.2050000e+03
   6.1610276e-01   2.2200000e+03
   5.1033586e-01   2.2350000e+03
   3.4205377e-01   2.2500000e+03
   1.2460037e-01   2.2650000e+03
  -1.1661751e-01   2.2800000e+03
  -3.4864584e-01   2.2950000e+03
  -5.3859615e-01   2.3100000e+03
  -6.6192091e-01   2.3250000e+03
  -7.0830828e-01   2.3400000e+03
  -6.8301463e-01   2.3550000e+03
  -6.0345495e-01   2.3700000e+03
  -4.9287057e-01   2.3850000e+03
  -3.7372577e-01   2.4000000e+03
  -2.6288661e-01   2.4150000e+03
  -1.6942367e-01   2.4300000e+03
  -9.5042571e-02   2.4450000e+03
  -3.6785185e-02   2.4600000e+03
   8.9357998e-03   2.4750000e+03
   4.2905960e-02   2.4900000e+03
   6.2547900e-02   2.5050000e+03
   6.4911135e-02   2.5200000e+03
   5.1037993e-02   2.5350000e+03
   2.8017927e-02   2.5500000e+03
   6.7453454e-03   2.5650000e+03
  -3.0543983e-03   2.5800000e+03
   3.0159769e-03   2.5950000e+03
   2.2999147e-02   2.6100000e+03
   5.0367828e-02   2.6250000e+03
   7.6956362e-02   2.6400000e+03
   9.5783241e-02   2.6550000e+03
   1.0318445e-01   2.6700000e+03
   9.9768765e-02   2.6850000e+03
   8.9786142e-02   2.7000000e+03
   7.9078473e-02   2.7150000e+03
   7.2485574e-02   2.7300000e+03
   7.1920946e-02   2.7450000e+03
   7.6122552e-02   2.7600000e+03
   8.2138158e-02   2.7750000e+03
   8.7266192e-02   2.7900000e+03
   8.9836776e-02   2.8050000e+03
   8.8675573e-02   2.8200000e+03
   8.2685575e-02   2.8350000e+03
   7.1493387e-02   2.8500000e+03
   5.6276675e-02   2.8650000e+03
   3.9488621e-02   2.8800000e+03
   2.3647554e-02   2.8950000e+03
   1.0286774e-02   2.9100000e+03
  -4.7482381e-04   2.9250000e+03
  -9.8822219e-03   2.9400000e+03
  -1.9898195e-02   2.9550000e+03
  -3.1954817e-02   2.9700000e+03
  -4.5900945e-02   2.9850000e+03
  -5.9989557e-02   3.0000000e+03
  -7.1717270e-02   3.0150000e+03
  -7.8772724e-02   3.0300000e+03
  -7.9801053e-02   3.0450000e+03
  -7.4939817e-02   3.0600000e+03
  -6.5783955e-02   3.0750000e+03
  -5.4616336e-02   3.0900000e+03
  -4.3454517e-02   3.1050000e+03
  -3.3575732e-02   3.1200000e+03
  -2.5555197e-02   3.1350000e+03
  -1.9504875e-02   3.1500000e+03
  -1.5374737e-02   3.1650000e+03
  -1.3219621e-02   3.1800000e+03
  -1.3197954e-02   3.1950000e+03
  -1.5275256e-02   3.2100000e+03
  -1.9000353e-02   3.2250000e+03
  -2.3669994e-02   3.2400000e+03
  -2.8737418e-02   3.2550000e+03
  -3.4072146e-02   3.2700000e+03
  -3.9851211e-02   3.2850000e+03
  -4.6152018e-02   3.3000000e+03
  -5.2526776e-02   3.3150000e+03
  -5.7940375e-02   3.3300000e+03
  -6.1276991e-02   3.3450000e+03
  -6.2107325e-02   3.3600000e+03
  -6.1024189e-02   3.3750000e+03
  -5.9140664e-02   3.3900000e+03
  -5.7105191e-02   3.4050000e+03
  -5.4432604e-02   3.4200000e+03
  -4.9663071e-02   3.4350000e+03
  -4.1193999e-02   3.4500000e+03
  -2.8176136e-02   3.4650000e+03
  -1.0916262e-02   3.4800000e+03
   9.3127722e-03   3.4950000e+03
   3.0680859e-02   3.5100000e+03
   5.1006716e-02   3.5250000e+03
   6.7769505e-02   3.5400000e+03
   7.8348860e-02   3.5550000e+03
   8.0782503e-02   3.5700000e+03
   7.4718632e-02   3.5850000e+03
   6.1804015e-02   3.6000000e+03
   4.5035824e-02   3.6150000e+03
   2.7439304e-02   3.6300000e+03
   1.1029266e-02   3.6450000e+03
  -3.2540669e-03   3.6600000e+03
  -1.4864348e-02   3.6750000e+03
  -2.3123005e-02   3.6900000e+03
  -2.7470408e-02   3.7050000e+03
  -2.8178597e-02   3.7200000e+03
  -2.6634572e-02   3.7350000e+03
  -2.4735160e-02   3.7500000e+03
  -2.3874415e-02   3.7650000e+03
  -2.4384420e-02   3.7800000e+03
  -2.5743507e-02   3.7950000e+03
  -2.7110538e-02   3.8100000e+03
  -2.7627349e-02   3.8250000e+03
  -2.6427316e-02   3.8400000e+03
  -2.2676868e-02   3.8550000e+03
  -1.5829844e-02   3.8700000e+03
  -5.9140539e-03   3.8850000e+03
   6.3837343e-03   3.9000000e+03
   1.9812224e-02   3.9150000e+03
   3.2672033e-02   3.9300000e+03
   4.2969313e-02   3.9450000e+03
   4.8790783e-02   3.9600000e+03
   4.8930869e-02   3.9750000e+03
   4.3470554e-02   3.9900000e+03
   3.3904638e-02   4.0050000e+03
   2.2671593e-02   4.0200000e+03
   1.2298001e-02   4.0350000e+03
   4.5434935e-03   4.0500000e+03
  -1.0430894e-04   4.0650000e+03
  -2.3806011e-03   4.0800000e+03
  -3.6606742e-03   4.0950000e+03
  -5.1371288e-03   4.1100000e+03
  -7.2009955e-03   4.1250000e+03
  -9.3343528e-03   4.1400000e+03
  -1.0484152e-02   4.1550000e+03
  -9.6309427e-03   4.1700000e+03
  -6.2637115e-03   4.1850000e+03
  -6.2818342e-04   4.2000000e+03
   6.2644663e-03   4.2150000e+03
   1.2861870e-02   4.2300000e+03
   1.7512323e-02   4.2450000e+03
   1.9024190e-02   4.2600000e+03
   1.7119037e-02   4.2750000e+03
   1.2525685e-02   4.2900000e+03
   6.6260900e-03   4.3050000e+03
   8.5104746e-04   4.3200000e+03
  -3.7978599e-03   4.3350000e+03
  -6.8450994e-03   4.3500000e+03
  -8.1441533e-03   4.3650000e+03
  -7.7142618e-03   4.3800000e+03
  -5.8258800e-03   4.3950000e+03
  -3.1902806e-03   4.4100000e+03
  -8.8684808e-04   4.4250000e+03
   1.4801821e-04   4.4400000e+03
  -2.1500455e-04   4.4550000e+03
  -1.0450582e-03   4.4700000e+03
  -8.4059243e-04   4.4850000e+03
   1.4997660e-03   4.5000000e+03
