   3.7386309e-04   0.0000000e+00
   3.7380369e-04   1.5000000e+01
   3.7361015e-04   3.0000000e+01
   3.7337496e-04   4.5000000e+01
   3.7344306e-04   6.0000000e+01
   3.7407491e-04   7.5000000e+01
   3.7498985e-04   9.0000000e+01
   3.7550018e-04   1.0500000e+02
   3.7507617e-04   1.2000000e+02
   3.7378221e-04   1.3500000e+02
   3.7231811e-04   1.5000000e+02
   3.7165463e-04   1.6500000e+02
   3.7258223e-04   1.8000000e+02
   3.7623377e-04   1.9500000e+02
   3.8634788e-04   2.1000000e+02
   4.1212043e-04   2.2500000e+02
   4.6718607e-04   2.4000000e+02
   5.5919652e-04   2.5500000e+02
   6.7317771e-04   2.7000000e+02
   7.6801743e-04   2.8500000e+02
   8.0452912e-04   3.0000000e+02
   7.8754558e-04   3.1500000e+02
   7.6994929e-04   3.3000000e+02
   7.9772744e-04   3.4500000e+02
   8.5675321e-04   3.6000000e+02
   8.9602056e-04   3.7500000e+02
   8.9925062e-04   3.9000000e+02
   9.0085779e-04   4.0500000e+02
   9.2626933e-04   4.2000000e+02
   9.5507893e-04   4.3500000e+02
   9.6176774e-04   4.5000000e+02
   9.5885369e-04   4.6500000e+02
   9.7213261e-04   4.8000000e+02
   9.9852728e-04   4.9500000e+02
   1.0189140e-03   5.1000000e+02
   1.0343881e-03   5.2500000e+02
   1.0595571e-03   5.4000000e+02
   1.0927317e-03   5.5500000e+02
   1.1196636e-03   5.7000000e+02
   1.1380173e-03   5.8500000e+02
   1.1567313e-03   6.0000000e+02
   1.1777034e-03   6.1500000e+02
   1.1947593e-03   6.3000000e+02
   1.2060673e-03   6.4500000e+02
   1.2138409e-03   6.6000000e+02
   1.2146392e-03   6.7500000e+02
   1.2005540e-03   6.9000000e+02
   1.1663629e-03   7.0500000e+02
   1.1064294e-03   7.2000000e+02
   1.0095607e-03   7.3500000e+02
   8.6692563e-04   7.5000000e+02
   6.8665593e-04   7.6500000e+02
   5.0258031e-04   7.8000000e+02
   3.7174168e-04   7.9500000e+02
   3.5256325e-04   8.1000000e+02
   4.6246388e-04   8.2500000e+02
   6.4315338e-04   8.4000000e+02
   7.7762455e-04   8.5500000e+02
   7.6845015e-04   8.7000000e+02
   6.2088063e-04   8.8500000e+02
   4.4609341e-04   9.0000000e+02
   3.6152778e-04   9.1500000e+02
   3.7591753e-04   9.3000000e+02
   3.8417784e-04   9.4500000e+02
   2.8856366e-04   9.6000000e+02
   1.0968779e-04   9.7500000e+02
  -4.9708342e-05   9.9000000e+02
  -1.4246997e-04   1.0050000e+03
  -2.3203093e-04   1.0200000e+03
  -3.9182659e-04   1.0350000e+03
  -5.9874990e-04   1.0500000e+03
  -7.7644060e-04   1.0650000e+03
  -9.1431331e-04   1.0800000e+03
  -1.0754582e-03   1.0950000e+03
  -1.2915520e-03   1.1100000e+03
  -1.5248992e-03   1.1250000e+03
  -1.7560176e-03   1.1400000e+03
  -2.0387112e-03   1.1550000e+03
  -2.4251011e-03   1.1700000e+03
  -2.8914167e-03   1.1850000e+03
  -3.3899220e-03   1.2000000e+03
  -3.9301338e-03   1.2150000e+03
  -4.5505981e-03   1.2300000e+03
  -5.2415216e-03   1.2450000e+03
  -5.9530796e-03   1.2600000e+03
  -6.6611506e-03   1.2750000e+03
  -7.3734359e-03   1.2900000e+03
  -8.0775209e-03   1.3050000e+03
  -8.7036854e-03   1.3200000e+03
  -9.0771485e-03   1.3350000e+03
  -8.7699490e-03   1.3500000e+03
  -6.8104705e-03   1.3650000e+03
  -1.1842656e-03   1.3800000e+03
   1.2054416e-02   1.3950000e+03
   4.0151596e-02   1.4100000e+03
   9.5065482e-02   1.4250000e+03
   1.9352296e-01   1.4400000e+03
   3.5313505e-01   1.4550000e+03
   5.8139026e-01   1.4700000e+03
   8.5638636e-01   1.4850000e+03
   1.1052432e+00   1.5000000e+03
   1.1975257e+00   1.5150000e+03
   9.7845471e-01   1.5300000e+03
   3.5498318e-01   1.5450000e+03
  -5.9298623e-01   1.5600000e+03
  -1.5570364e+00   1.5750000e+03
  -2.0935838e+00   1.5900000e+03
  -1.8772440e+00   1.6050000e+03
  -9.6902162e-01   1.6200000e+03
   1.4103690e-01   1.6350000e+03
   8.3556926e-01   1.6500000e+03
   8.2363820e-01   1.6650000e+03
   3.4384266e-01   1.6800000e+03
  -9.9192649e-02   1.6950000e+03
  -2.0860073e-01   1.7100000e+03
  -8.8567384e-02   1.7250000e+03
   1.7928167e-03   1.7400000e+03
  -2.3681914e-02   1.7550000e+03
  -5.8323737e-02   1.7700000e+03
  -1.5156971e-02   1.7850000e+03
   6.9540553e-02   1.8000000e+03
   1.1348834e-01   1.8150000e+03
   5.3189889e-02   1.8300000e+03
  -1.3323587e-01   1.8450000e+03
  -3.3871663e-01   1.8600000e+03
  -3.2548809e-01   1.8750000e+03
  -3.1173795e-03   1.8900000e+03
   3.4619442e-01   1.9050000e+03
   3.6707166e-01   1.9200000e+03
   1.1285776e-01   1.9350000e+03
  -6.1461721e-02   1.9500000e+03
  -3.1913828e-02   1.9650000e+03
   2.6151180e-02   1.9800000e+03
   4.3286886e-02   1.9950000e+03
   1.0331036e-01   2.0100000e+03
   1.2741213e-01   2.0250000e+03
  -3.5195064e-02   2.0400000e+03
  -2.4224450e-01   2.0550000e+03
  -2.2598743e-01   2.0700000e+03
  -4.6987198e-02   2.0850000e+03
   3.4033217e-02   2.1000000e+03
  -7.7804452e-04   2.1150000e+03
   3.6446142e-03   2.1300000e+03
   4.6490278e-02   2.1450000e+03
   4.6728563e-02   2.1600000e+03
   4.5915212e-02   2.1750000e+03
   8.6346924e-02   2.1900000e+03
   9.0795994e-02   2.2050000e+03
   1.5490475e-02   2.2200000e+03
  -6.3870832e-02   2.2350000e+03
  -8.0030322e-02   2.2500000e+03
  -4.0580690e-02   2.2650000e+03
   2.0776933e-02   2.2800000e+03
   5.8996249e-02   2.2950000e+03
   3.6019687e-02   2.3100000e+03
  -2.4625676e-02   2.3250000e+03
  -6.1255082e-02   2.3400000e+03
  -5.7620429e-02   2.3550000e+03
  -4.6420846e-02   2.3700000e+03
  -4.3756042e-02   2.3850000e+03
  -2.9985860e-02   2.4000000e+03
   6.6333627e-03   2.4150000e+03
   4.0703110e-02   2.4300000e+03
   4.0928241e-02   2.4450000e+03
   1.3813675e-02   2.4600000e+03
  -7.6744435e-03   2.4750000e+03
  -5.0537745e-03   2.4900000e+03
   1.8321741e-02   2.5050000e+03
   5.2543227e-02   2.5200000e+03
   8.4226437e-02   2.5350000e+03
   9.6697435e-02   2.5500000e+03
   7.8719817e-02   2.5650000e+03
   3.6023941e-02   2.5800000e+03
  -4.4292980e-03   2.5950000e+03
  -1.4849754e-02   2.6100000e+03
   2.6482586e-03   2.6250000e+03
   2.2036614e-02   2.6400000e+03
   2.8018113e-02   2.6550000e+03
   2.4172025e-02   2.6700000e+03
   1.5124387e-02   2.6850000e+03
   2.9730445e-03   2.7000000e+03
  -4.6813213e-03   2.7150000e+03
   9.5112133e-05   2.7300000e+03
   1.3417216e-02   2.7450000e+03
   2.0850871e-02   2.7600000e+03
   1.1984385e-02   2.7750000e+03
  -9.4289640e-03   2.7900000e+03
  -2.9713441e-02   2.8050000e+03
  -3.5998553e-02   2.8200000e+03
  -2.3943715e-02   2.8350000e+03
  -8.4345508e-04   2.8500000e+03
   1.7621128e-02   2.8650000e+03
   1.7105771e-02   2.8800000e+03
  -6.0470477e-03   2.8950000e+03
  -4.2094719e-02   2.9100000e+03
  -7.3275931e-02   2.9250000e+03
  -8.5295632e-02   2.9400000e+03
  -7.6195270e-02   2.9550000e+03
  -5.3332515e-02   2.9700000e+03
  -2.3229338e-02   2.9850000e+03
   1.1559847e-02   3.0000000e+03
   4.5748301e-02   3.0150000e+03
   6.7188039e-02   3.0300000e+03
   6.4169474e-02   3.0450000e+03
   3.6778975e-02   3.0600000e+03
  -6.7793735e-04   3.0750000e+03
  -2.8680209e-02   3.0900000e+03
  -3.4768708e-02   3.1050000e+03
  -2.0393413e-02   3.1200000e+03
   1.5249095e-03   3.1350000e+03
   1.6421020e-02   3.1500000e+03
   1.7656615e-02   3.1650000e+03
   8.0377832e-03   3.1800000e+03
  -5.8375653e-03   3.1950000e+03
  -1.8261690e-02   3.2100000e+03
  -2.4661770e-02   3.2250000e+03
  -2.2302592e-02   3.2400000e+03
  -1.4070561e-02   3.2550000e+03
  -9.3756029e-03   3.2700000e+03
  -1.6834188e-02   3.2850000e+03
  -3.4026574e-02   3.3000000e+03
  -4.5616418e-02   3.3150000e+03
  -3.4189373e-02   3.3300000e+03
   4.2955847e-03   3.3450000e+03
   5.4170649e-02   3.3600000e+03
   8.9817226e-02   3.3750000e+03
   9.4270997e-02   3.3900000e+03
   7.0528716e-02   3.4050000e+03
   3.6003638e-02   3.4200000e+03
   7.1064369e-03   3.4350000e+03
  -1.0584190e-02   3.4500000e+03
  -1.9612681e-02   3.4650000e+03
  -2.2471782e-02   3.4800000e+03
  -1.8297900e-02   3.4950000e+03
  -6.4951652e-03   3.5100000e+03
   8.5023623e-03   3.5250000e+03
   1.7093286e-02   3.5400000e+03
   9.9002058e-03   3.5550000e+03
  -1.4779946e-02   3.5700000e+03
  -4.7012754e-02   3.5850000e+03
  -6.9287077e-02   3.6000000e+03
  -6.7829482e-02   3.6150000e+03
  -4.3224253e-02   3.6300000e+03
  -1.0713758e-02   3.6450000e+03
   1.1253102e-02   3.6600000e+03
   1.4404139e-02   3.6750000e+03
   4.2489390e-03   3.6900000e+03
  -7.6259556e-03   3.7050000e+03
  -1.3432928e-02   3.7200000e+03
  -1.2552408e-02   3.7350000e+03
  -8.5389214e-03   3.7500000e+03
  -5.1511968e-03   3.7650000e+03
  -4.1435300e-03   3.7800000e+03
  -4.1571618e-03   3.7950000e+03
  -1.2235082e-03   3.8100000e+03
   7.5923903e-03   3.8250000e+03
   1.9851785e-02   3.8400000e+03
   2.8509628e-02   3.8550000e+03
   2.8670954e-02   3.8700000e+03
   2.2858158e-02   3.8850000e+03
   1.7944112e-02   3.9000000e+03
   1.7262114e-02   3.9150000e+03
   1.7584002e-02   3.9300000e+03
   1.4057202e-02   3.9450000e+03
   6.1731683e-03   3.9600000e+03
  -2.2449344e-03   3.9750000e+03
  -7.6515996e-03   3.9900000e+03
  -9.8563191e-03   4.0050000e+03
  -1.1015781e-02   4.0200000e+03
  -1.2969383e-02   4.0350000e+03
  -1.5727473e-02   4.0500000e+03
  -1.7762290e-02   4.0650000e+03
  -1.7623749e-02   4.0800000e+03
  -1.5775384e-02   4.0950000e+03
  -1.4697202e-02   4.1100000e+03
  -1.6377948e-02   4.1250000e+03
  -1.9595990e-02   4.1400000e+03
  -2.0512836e-02   4.1550000e+03
  -1.6456092e-02   4.1700000e+03
  -8.7226611e-03   4.1850000e+03
  -1.3620647e-03   4.2000000e+03
   2.3387754e-03   4.2150000e+03
   1.8586037e-03   4.2300000e+03
  -1.2979720e-03   4.2450000e+03
  -5.2730339e-03   4.2600000e+03
  -8.7324986e-03   4.2750000e+03
  -1.1029432e-02   4.2900000e+03
  -1.2290134e-02   4.3050000e+03
  -1.3223554e-02   4.3200000e+03
  -1.4210560e-02   4.3350000e+03
  -1.4270270e-02   4.3500000e+03
  -1.1299320e-02   4.3650000e+03
  -4.0010866e-03   4.3800000e+03
   6.1374647e-03   4.3950000e+03
   1.5129535e-02   4.4100000e+03
   1.9312764e-02   4.4250000e+03
   1.8210592e-02   4.4400000e+03
   1.4645600e-02   4.4550000e+03
   1.2059768e-02   4.4700000e+03
   1.1700463e-02   4.4850000e+03
   1.2114670e-02   4.5000000e+03
