  -1.5461203e-03   0.0000000e+00
  -1.5462271e-03   1.5000000e+01
  -1.5464392e-03   3.0000000e+01
  -1.5466217e-03   4.5000000e+01
  -1.5468076e-03   6.0000000e+01
  -1.5470140e-03   7.5000000e+01
  -1.5472552e-03   9.0000000e+01
  -1.5477197e-03   1.0500000e+02
  -1.5485440e-03   1.2000000e+02
  -1.5495253e-03   1.3500000e+02
  -1.5504297e-03   1.5000000e+02
  -1.5512934e-03   1.6500000e+02
  -1.5521985e-03   1.8000000e+02
  -1.5530960e-03   1.9500000e+02
  -1.5539313e-03   2.1000000e+02
  -1.5547326e-03   2.2500000e+02
  -1.5555731e-03   2.4000000e+02
  -1.5565077e-03   2.5500000e+02
  -1.5575103e-03   2.7000000e+02
  -1.5585270e-03   2.8500000e+02
  -1.5595813e-03   3.0000000e+02
  -1.5607810e-03   3.1500000e+02
  -1.5621781e-03   3.3000000e+02
  -1.5637042e-03   3.4500000e+02
  -1.5653017e-03   3.6000000e+02
  -1.5670238e-03   3.7500000e+02
  -1.5688969e-03   3.9000000e+02
  -1.5708607e-03   4.0500000e+02
  -1.5728294e-03   4.2000000e+02
  -1.5745634e-03   4.3500000e+02
  -1.5754483e-03   4.5000000e+02
  -1.5743185e-03   4.6500000e+02
  -1.5689302e-03   4.8000000e+02
  -1.5549578e-03   4.9500000e+02
  -1.5255914e-03   5.1000000e+02
  -1.4737844e-03   5.2500000e+02
  -1.3979709e-03   5.4000000e+02
  -1.3088569e-03   5.5500000e+02
  -1.2316259e-03   5.7000000e+02
  -1.1972274e-03   5.8500000e+02
  -1.2223222e-03   6.0000000e+02
  -1.2906386e-03   6.1500000e+02
  -1.3559989e-03   6.3000000e+02
  -1.3734059e-03   6.4500000e+02
  -1.3351236e-03   6.6000000e+02
  -1.2743002e-03   6.7500000e+02
  -1.2256332e-03   6.9000000e+02
  -1.1826108e-03   7.0500000e+02
  -1.1039522e-03   7.2000000e+02
  -9.6793467e-04   7.3500000e+02
  -8.1056717e-04   7.5000000e+02
  -6.9826544e-04   7.6500000e+02
  -6.6729507e-04   7.8000000e+02
  -7.0304761e-04   7.9500000e+02
  -7.7382254e-04   8.1000000e+02
  -8.6070556e-04   8.2500000e+02
  -9.4573939e-04   8.4000000e+02
  -9.9758676e-04   8.5500000e+02
  -9.9806639e-04   8.7000000e+02
  -9.7473583e-04   8.8500000e+02
  -9.7893958e-04   9.0000000e+02
  -1.0293365e-03   9.1500000e+02
  -1.0980752e-03   9.3000000e+02
  -1.1523090e-03   9.4500000e+02
  -1.1843673e-03   9.6000000e+02
  -1.1985786e-03   9.7500000e+02
  -1.1980986e-03   9.9000000e+02
  -1.1961691e-03   1.0050000e+03
  -1.2145218e-03   1.0200000e+03
  -1.2551092e-03   1.0350000e+03
  -1.2926612e-03   1.0500000e+03
  -1.3084105e-03   1.0650000e+03
  -1.3144539e-03   1.0800000e+03
  -1.3331180e-03   1.0950000e+03
  -1.3669893e-03   1.1100000e+03
  -1.4009569e-03   1.1250000e+03
  -1.4233425e-03   1.1400000e+03
  -1.4345762e-03   1.1550000e+03
  -1.4407166e-03   1.1700000e+03
  -1.4463860e-03   1.1850000e+03
  -1.4530135e-03   1.2000000e+03
  -1.4610541e-03   1.2150000e+03
  -1.4745333e-03   1.2300000e+03
  -1.5029021e-03   1.2450000e+03
  -1.5546202e-03   1.2600000e+03
  -1.6270652e-03   1.2750000e+03
  -1.7048712e-03   1.2900000e+03
  -1.7691901e-03   1.3050000e+03
  -1.8076103e-03   1.3200000e+03
  -1.8192482e-03   1.3350000e+03
  -1.8184173e-03   1.3500000e+03
  -1.8316070e-03   1.3650000e+03
  -1.8775550e-03   1.3800000e+03
  -1.9447440e-03   1.3950000e+03
  -1.9989125e-03   1.4100000e+03
  -2.0204312e-03   1.4250000e+03
  -2.0272357e-03   1.4400000e+03
  -2.0540855e-03   1.4550000e+03
  -2.1143777e-03   1.4700000e+03
  -2.1883475e-03   1.4850000e+03
  -2.2458900e-03   1.5000000e+03
  -2.2766134e-03   1.5150000e+03
  -2.2979679e-03   1.5300000e+03
  -2.3352264e-03   1.5450000e+03
  -2.3942871e-03   1.5600000e+03
  -2.4572408e-03   1.5750000e+03
  -2.5062656e-03   1.5900000e+03
  -2.5460180e-03   1.6050000e+03
  -2.5952156e-03   1.6200000e+03
  -2.6595616e-03   1.6350000e+03
  -2.7246708e-03   1.6500000e+03
  -2.7784628e-03   1.6650000e+03
  -2.8287570e-03   1.6800000e+03
  -2.8900483e-03   1.6950000e+03
  -2.9614249e-03   1.7100000e+03
  -3.0300710e-03   1.7250000e+03
  -3.0926429e-03   1.7400000e+03
  -3.1593682e-03   1.7550000e+03
  -3.2364014e-03   1.7700000e+03
  -3.3168253e-03   1.7850000e+03
  -3.3930219e-03   1.8000000e+03
  -3.4676890e-03   1.8150000e+03
  -3.5472242e-03   1.8300000e+03
  -3.6319268e-03   1.8450000e+03
  -3.7187948e-03   1.8600000e+03
  -3.8087107e-03   1.8750000e+03
  -3.9048644e-03   1.8900000e+03
  -4.0069879e-03   1.9050000e+03
  -4.1121598e-03   1.9200000e+03
  -4.2198445e-03   1.9350000e+03
  -4.3324134e-03   1.9500000e+03
  -4.4517121e-03   1.9650000e+03
  -4.5780912e-03   1.9800000e+03
  -4.7118072e-03   1.9950000e+03
  -4.8525175e-03   2.0100000e+03
  -4.9980269e-03   2.0250000e+03
  -5.1463344e-03   2.0400000e+03
  -5.2988352e-03   2.0550000e+03
  -5.4594679e-03   2.0700000e+03
  -5.6309686e-03   2.0850000e+03
  -5.8133081e-03   2.1000000e+03
  -6.0045738e-03   2.1150000e+03
  -6.2013334e-03   2.1300000e+03
  -6.3988836e-03   2.1450000e+03
  -6.5930123e-03   2.1600000e+03
  -6.7812214e-03   2.1750000e+03
  -6.9609345e-03   2.1900000e+03
  -7.1268147e-03   2.2050000e+03
  -7.2702332e-03   2.2200000e+03
  -7.3786103e-03   2.2350000e+03
  -7.4300854e-03   2.2500000e+03
  -7.3841941e-03   2.2650000e+03
  -7.1731112e-03   2.2800000e+03
  -6.6927718e-03   2.2950000e+03
  -5.7852776e-03   2.3100000e+03
  -4.2033643e-03   2.3250000e+03
  -1.5527917e-03   2.3400000e+03
   2.7879488e-03   2.3550000e+03
   9.7688828e-03   2.3700000e+03
   2.0779802e-02   2.3850000e+03
   3.7737381e-02   2.4000000e+03
   6.3075535e-02   2.4150000e+03
   9.9521950e-02   2.4300000e+03
   1.4951906e-01   2.4450000e+03
   2.1418092e-01   2.4600000e+03
   2.9180869e-01   2.4750000e+03
   3.7623966e-01   2.4900000e+03
   4.5564333e-01   2.5050000e+03
   5.1267523e-01   2.5200000e+03
   5.2691442e-01   2.5350000e+03
   4.7998604e-01   2.5500000e+03
   3.6261985e-01   2.5650000e+03
   1.8141127e-01   2.5800000e+03
  -3.8015664e-02   2.5950000e+03
  -2.5445685e-01   2.6100000e+03
  -4.2200500e-01   2.6250000e+03
  -5.0553483e-01   2.6400000e+03
  -4.9459371e-01   2.6550000e+03
  -4.0862709e-01   2.6700000e+03
  -2.8951535e-01   2.6850000e+03
  -1.8354939e-01   2.7000000e+03
  -1.2107953e-01   2.7150000e+03
  -1.0426198e-01   2.7300000e+03
  -1.0960905e-01   2.7450000e+03
  -1.0402545e-01   2.7600000e+03
  -6.5278493e-02   2.7750000e+03
   4.8108725e-03   2.7900000e+03
   8.1899829e-02   2.8050000e+03
   1.3401899e-01   2.8200000e+03
   1.4043556e-01   2.8350000e+03
   1.0286682e-01   2.8500000e+03
   4.2618554e-02   2.8650000e+03
  -1.3387893e-02   2.8800000e+03
  -4.7548417e-02   2.8950000e+03
  -5.7577800e-02   2.9100000e+03
  -5.1213231e-02   2.9250000e+03
  -3.5991367e-02   2.9400000e+03
  -1.3314367e-02   2.9550000e+03
   1.8943843e-02   2.9700000e+03
   5.8920123e-02   2.9850000e+03
   9.5916554e-02   3.0000000e+03
   1.1325433e-01   3.0150000e+03
   9.7732507e-02   3.0300000e+03
   4.9595315e-02   3.0450000e+03
  -1.4120045e-02   3.0600000e+03
  -6.6487081e-02   3.0750000e+03
  -8.4853172e-02   3.0900000e+03
  -6.3468568e-02   3.1050000e+03
  -1.5923718e-02   3.1200000e+03
   3.3970892e-02   3.1350000e+03
   6.5630883e-02   3.1500000e+03
   7.0272416e-02   3.1650000e+03
   5.1226068e-02   3.1800000e+03
   1.9240363e-02   3.1950000e+03
  -1.2854512e-02   3.2100000e+03
  -3.4699775e-02   3.2250000e+03
  -4.2187661e-02   3.2400000e+03
  -3.9013140e-02   3.2550000e+03
  -3.3979289e-02   3.2700000e+03
  -3.4786720e-02   3.2850000e+03
  -4.2442642e-02   3.3000000e+03
  -5.0539196e-02   3.3150000e+03
  -5.0092861e-02   3.3300000e+03
  -3.6453173e-02   3.3450000e+03
  -1.3201833e-02   3.3600000e+03
   9.8577738e-03   3.3750000e+03
   2.3045501e-02   3.3900000e+03
   2.2589596e-02   3.4050000e+03
   1.1674360e-02   3.4200000e+03
  -3.3086936e-03   3.4350000e+03
  -1.7626163e-02   3.4500000e+03
  -3.0254155e-02   3.4650000e+03
  -4.2085223e-02   3.4800000e+03
  -5.2565672e-02   3.4950000e+03
  -5.8219012e-02   3.5100000e+03
  -5.4751303e-02   3.5250000e+03
  -4.1045867e-02   3.5400000e+03
  -2.1259585e-02   3.5550000e+03
  -2.6705947e-03   3.5700000e+03
   9.1791051e-03   3.5850000e+03
   1.3963229e-02   3.6000000e+03
   1.5929827e-02   3.6150000e+03
   2.0087587e-02   3.6300000e+03
   2.8535385e-02   3.6450000e+03
   3.9475523e-02   3.6600000e+03
   4.8927292e-02   3.6750000e+03
   5.3347807e-02   3.6900000e+03
   5.1325385e-02   3.7050000e+03
   4.3588016e-02   3.7200000e+03
   3.1721029e-02   3.7350000e+03
   1.6711714e-02   3.7500000e+03
  -1.4150216e-03   3.7650000e+03
  -2.2277990e-02   3.7800000e+03
  -4.3041695e-02   3.7950000e+03
  -5.7782520e-02   3.8100000e+03
  -6.0076531e-02   3.8250000e+03
  -4.7764778e-02   3.8400000e+03
  -2.5958918e-02   3.8550000e+03
  -4.7956696e-03   3.8700000e+03
   7.1443939e-03   3.8850000e+03
   8.4995478e-03   3.9000000e+03
   5.2070315e-03   3.9150000e+03
   5.5959239e-03   3.9300000e+03
   1.5250746e-02   3.9450000e+03
   3.5002638e-02   3.9600000e+03
   6.0996950e-02   3.9750000e+03
   8.4577791e-02   3.9900000e+03
   9.3024269e-02   4.0050000e+03
   7.4360944e-02   4.0200000e+03
   2.5909413e-02   4.0350000e+03
  -3.9577242e-02   4.0500000e+03
  -9.6774153e-02   4.0650000e+03
  -1.1947060e-01   4.0800000e+03
  -9.3789116e-02   4.0950000e+03
  -2.5114598e-02   4.1100000e+03
   6.3833542e-02   4.1250000e+03
   1.4145507e-01   4.1400000e+03
   1.7868267e-01   4.1550000e+03
   1.6014364e-01   4.1700000e+03
   9.1329299e-02   4.1850000e+03
  -2.1907075e-03   4.2000000e+03
  -8.4844947e-02   4.2150000e+03
  -1.2670411e-01   4.2300000e+03
  -1.1704876e-01   4.2450000e+03
  -6.8610407e-02   4.2600000e+03
  -1.0001916e-02   4.2750000e+03
   2.9784206e-02   4.2900000e+03
   3.6544953e-02   4.3050000e+03
   1.7387979e-02   4.3200000e+03
  -5.2875034e-03   4.3350000e+03
  -9.2497263e-03   4.3500000e+03
   1.1951939e-02   4.3650000e+03
   4.3795288e-02   4.3800000e+03
   6.0542457e-02   4.3950000e+03
   4.3854270e-02   4.4100000e+03
  -2.9886994e-03   4.4250000e+03
  -5.5592827e-02   4.4400000e+03
  -8.3111502e-02   4.4550000e+03
  -6.6817544e-02   4.4700000e+03
  -1.1021803e-02   4.4850000e+03
   5.9109010e-02   4.5000000e+03
