   3.4374027e-03   0.0000000e+00
   3.4331260e-03   1.5000000e+01
   3.4210994e-03   3.0000000e+01
   3.4028231e-03   4.5000000e+01
   3.3772066e-03   6.0000000e+01
   3.3434201e-03   7.5000000e+01
   3.3073414e-03   9.0000000e+01
   3.2796354e-03   1.0500000e+02
   3.2693478e-03   1.2000000e+02
   3.2802995e-03   1.3500000e+02
   3.3129600e-03   1.5000000e+02
   3.3750823e-03   1.6500000e+02
   3.4880068e-03   1.8000000e+02
   3.6786541e-03   1.9500000e+02
   3.9759236e-03   2.1000000e+02
   4.4247610e-03   2.2500000e+02
   5.1076692e-03   2.4000000e+02
   6.1561200e-03   2.5500000e+02
   7.7439053e-03   2.7000000e+02
   1.0093567e-02   2.8500000e+02
   1.3535766e-02   3.0000000e+02
   1.8592974e-02   3.1500000e+02
   2.6030948e-02   3.3000000e+02
   3.6900163e-02   3.4500000e+02
   5.2645195e-02   3.6000000e+02
   7.5321898e-02   3.7500000e+02
   1.0791800e-01   3.9000000e+02
   1.5469477e-01   4.0500000e+02
   2.2129516e-01   4.2000000e+02
   3.1436595e-01   4.3500000e+02
   4.4077811e-01   4.5000000e+02
   6.0673505e-01   4.6500000e+02
   8.1635189e-01   4.8000000e+02
   1.0673605e+00   4.9500000e+02
   1.3406540e+00   5.1000000e+02
   1.5855751e+00   5.2500000e+02
   1.7148412e+00   5.4000000e+02
   1.6295353e+00   5.5500000e+02
   1.2773924e+00   5.7000000e+02
   7.0807421e-01   5.8500000e+02
   6.8070494e-02   6.0000000e+02
  -4.7927842e-01   6.1500000e+02
  -8.4533060e-01   6.3000000e+02
  -1.0403711e+00   6.4500000e+02
  -1.1251440e+00   6.6000000e+02
  -1.1497455e+00   6.7500000e+02
  -1.1282619e+00   6.9000000e+02
  -1.0540378e+00   7.0500000e+02
  -9.3069702e-01   7.2000000e+02
  -7.8327304e-01   7.3500000e+02
  -6.3993275e-01   7.5000000e+02
  -5.1329195e-01   7.6500000e+02
  -4.0229079e-01   7.8000000e+02
  -3.0423293e-01   7.9500000e+02
  -2.2202176e-01   8.1000000e+02
  -1.6091710e-01   8.2500000e+02
  -1.1983156e-01   8.4000000e+02
  -9.0667523e-02   8.5500000e+02
  -6.7414872e-02   8.7000000e+02
  -5.1003322e-02   8.8500000e+02
  -4.3265402e-02   9.0000000e+02
  -4.0947918e-02   9.1500000e+02
  -3.9631579e-02   9.3000000e+02
  -3.8272813e-02   9.4500000e+02
  -3.5820462e-02   9.6000000e+02
  -2.9770672e-02   9.7500000e+02
  -1.9056385e-02   9.9000000e+02
  -3.3290796e-03   1.0050000e+03
   1.7009500e-02   1.0200000e+03
   3.9028052e-02   1.0350000e+03
   6.0252856e-02   1.0500000e+03
   8.0084428e-02   1.0650000e+03
   9.6922278e-02   1.0800000e+03
   1.0930625e-01   1.0950000e+03
   1.1817288e-01   1.1100000e+03
   1.2520392e-01   1.1250000e+03
   1.3187604e-01   1.1400000e+03
   1.3954660e-01   1.1550000e+03
   1.4855009e-01   1.1700000e+03
   1.5823682e-01   1.1850000e+03
   1.6707797e-01   1.2000000e+03
   1.7225838e-01   1.2150000e+03
   1.7081210e-01   1.2300000e+03
   1.6083217e-01   1.2450000e+03
   1.4127225e-01   1.2600000e+03
   1.1208012e-01   1.2750000e+03
   7.4782886e-02   1.2900000e+03
   3.2426912e-02   1.3050000e+03
  -1.0977277e-02   1.3200000e+03
  -5.1255710e-02   1.3350000e+03
  -8.4837079e-02   1.3500000e+03
  -1.0923417e-01   1.3650000e+03
  -1.2335770e-01   1.3800000e+03
  -1.2740710e-01   1.3950000e+03
  -1.2232159e-01   1.4100000e+03
  -1.0947986e-01   1.4250000e+03
  -9.0815321e-02   1.4400000e+03
  -6.8821348e-02   1.4550000e+03
  -4.6158180e-02   1.4700000e+03
  -2.5100166e-02   1.4850000e+03
  -7.2840634e-03   1.5000000e+03
   6.0963072e-03   1.5150000e+03
   1.4023134e-02   1.5300000e+03
   1.5714062e-02   1.5450000e+03
   1.0952808e-02   1.5600000e+03
   3.3997567e-04   1.5750000e+03
  -1.4748495e-02   1.5900000e+03
  -3.2452270e-02   1.6050000e+03
  -5.0825957e-02   1.6200000e+03
  -6.8192169e-02   1.6350000e+03
  -8.3301075e-02   1.6500000e+03
  -9.5263019e-02   1.6650000e+03
  -1.0341176e-01   1.6800000e+03
  -1.0730018e-01   1.6950000e+03
  -1.0683153e-01   1.7100000e+03
  -1.0233434e-01   1.7250000e+03
  -9.4441988e-02   1.7400000e+03
  -8.3839446e-02   1.7550000e+03
  -7.1049832e-02   1.7700000e+03
  -5.6381382e-02   1.7850000e+03
  -4.0032730e-02   1.8000000e+03
  -2.2257159e-02   1.8150000e+03
  -3.4848819e-03   1.8300000e+03
   1.5613669e-02   1.8450000e+03
   3.4076922e-02   1.8600000e+03
   5.0600257e-02   1.8750000e+03
   6.3553356e-02   1.8900000e+03
   7.1167283e-02   1.9050000e+03
   7.1920276e-02   1.9200000e+03
   6.5019459e-02   1.9350000e+03
   5.0780930e-02   1.9500000e+03
   3.0737039e-02   1.9650000e+03
   7.4369237e-03   1.9800000e+03
  -1.5960990e-02   1.9950000e+03
  -3.6175761e-02   2.0100000e+03
  -5.0293721e-02   2.0250000e+03
  -5.6226511e-02   2.0400000e+03
  -5.3080864e-02   2.0550000e+03
  -4.1337501e-02   2.0700000e+03
  -2.2747669e-02   2.0850000e+03
   4.8043785e-05   2.1000000e+03
   2.4058003e-02   2.1150000e+03
   4.6469051e-02   2.1300000e+03
   6.5041073e-02   2.1450000e+03
   7.8305639e-02   2.1600000e+03
   8.5562401e-02   2.1750000e+03
   8.6730689e-02   2.1900000e+03
   8.2181953e-02   2.2050000e+03
   7.2674155e-02   2.2200000e+03
   5.9376542e-02   2.2350000e+03
   4.3808635e-02   2.2500000e+03
   2.7520390e-02   2.2650000e+03
   1.1581190e-02   2.2800000e+03
  -3.7844770e-03   2.2950000e+03
  -1.9083887e-02   2.3100000e+03
  -3.4975700e-02   2.3250000e+03
  -5.1609270e-02   2.3400000e+03
  -6.8330191e-02   2.3550000e+03
  -8.3898380e-02   2.3700000e+03
  -9.6993737e-02   2.3850000e+03
  -1.0664491e-01   2.4000000e+03
  -1.1235670e-01   2.4150000e+03
  -1.1395416e-01   2.4300000e+03
  -1.1131971e-01   2.4450000e+03
  -1.0421275e-01   2.4600000e+03
  -9.2270844e-02   2.4750000e+03
  -7.5175941e-02   2.4900000e+03
  -5.2902550e-02   2.5050000e+03
  -2.5973400e-02   2.5200000e+03
   4.3188129e-03   2.5350000e+03
   3.5786428e-02   2.5500000e+03
   6.5450899e-02   2.5650000e+03
   9.0001792e-02   2.5800000e+03
   1.0656179e-01   2.5950000e+03
   1.1346386e-01   2.6100000e+03
   1.1066089e-01   2.6250000e+03
   9.9577323e-02   2.6400000e+03
   8.2528695e-02   2.6550000e+03
   6.2026765e-02   2.6700000e+03
   4.0249899e-02   2.6850000e+03
   1.8798061e-02   2.7000000e+03
  -1.2812847e-03   2.7150000e+03
  -1.9272747e-02   2.7300000e+03
  -3.4485172e-02   2.7450000e+03
  -4.5993548e-02   2.7600000e+03
  -5.2584540e-02   2.7750000e+03
  -5.3024374e-02   2.7900000e+03
  -4.6638340e-02   2.8050000e+03
  -3.3975989e-02   2.8200000e+03
  -1.7159173e-02   2.8350000e+03
   4.3954514e-04   2.8500000e+03
   1.5195607e-02   2.8650000e+03
   2.4469832e-02   2.8800000e+03
   2.7439894e-02   2.8950000e+03
   2.5107628e-02   2.9100000e+03
   1.9576749e-02   2.9250000e+03
   1.3114371e-02   2.9400000e+03
   7.5266780e-03   2.9550000e+03
   4.0147854e-03   2.9700000e+03
   3.2641047e-03   2.9850000e+03
   5.4169693e-03   3.0000000e+03
   9.8456554e-03   3.0150000e+03
   1.4996313e-02   3.0300000e+03
   1.8658997e-02   3.0450000e+03
   1.8739142e-02   3.0600000e+03
   1.4188154e-02   3.0750000e+03
   5.5340431e-03   3.0900000e+03
  -5.3725052e-03   3.1050000e+03
  -1.6298961e-02   3.1200000e+03
  -2.5690006e-02   3.1350000e+03
  -3.3178352e-02   3.1500000e+03
  -3.9277639e-02   3.1650000e+03
  -4.4593811e-02   3.1800000e+03
  -4.9203005e-02   3.1950000e+03
  -5.2597612e-02   3.2100000e+03
  -5.4059997e-02   3.2250000e+03
  -5.3028636e-02   3.2400000e+03
  -4.9222007e-02   3.2550000e+03
  -4.2665314e-02   3.2700000e+03
  -3.3829547e-02   3.2850000e+03
  -2.3783349e-02   3.3000000e+03
  -1.4032713e-02   3.3150000e+03
  -5.9569832e-03   3.3300000e+03
  -2.1280212e-04   3.3450000e+03
   3.4042310e-03   3.3600000e+03
   5.5676880e-03   3.3750000e+03
   6.9259657e-03   3.3900000e+03
   7.9643354e-03   3.4050000e+03
   9.2355683e-03   3.4200000e+03
   1.1549978e-02   3.4350000e+03
   1.5746951e-02   3.4500000e+03
   2.2092633e-02   3.4650000e+03
   2.9753223e-02   3.4800000e+03
   3.6829017e-02   3.4950000e+03
   4.1065160e-02   3.5100000e+03
   4.0855221e-02   3.5250000e+03
   3.5916805e-02   3.5400000e+03
   2.7257102e-02   3.5550000e+03
   1.6571382e-02   3.5700000e+03
   5.5674999e-03   3.5850000e+03
  -4.4002123e-03   3.6000000e+03
  -1.2386506e-02   3.6150000e+03
  -1.7829757e-02   3.6300000e+03
  -2.0583263e-02   3.6450000e+03
  -2.0945689e-02   3.6600000e+03
  -1.9598693e-02   3.6750000e+03
  -1.7469674e-02   3.6900000e+03
  -1.5593470e-02   3.7050000e+03
  -1.4977369e-02   3.7200000e+03
  -1.6409034e-02   3.7350000e+03
  -2.0202743e-02   3.7500000e+03
  -2.5996722e-02   3.7650000e+03
  -3.2751203e-02   3.7800000e+03
  -3.9007146e-02   3.7950000e+03
  -4.3329448e-02   3.8100000e+03
  -4.4771798e-02   3.8250000e+03
  -4.3192256e-02   3.8400000e+03
  -3.9300129e-02   3.8550000e+03
  -3.4406707e-02   3.8700000e+03
  -2.9966298e-02   3.8850000e+03
  -2.7088573e-02   3.9000000e+03
  -2.6217749e-02   3.9150000e+03
  -2.7087094e-02   3.9300000e+03
  -2.8924342e-02   3.9450000e+03
  -3.0794496e-02   3.9600000e+03
  -3.1953469e-02   3.9750000e+03
  -3.2103140e-02   3.9900000e+03
  -3.1447738e-02   4.0050000e+03
  -3.0492499e-02   4.0200000e+03
  -2.9648757e-02   4.0350000e+03
  -2.8862471e-02   4.0500000e+03
  -2.7524346e-02   4.0650000e+03
  -2.4769390e-02   4.0800000e+03
  -2.0018386e-02   4.0950000e+03
  -1.3435679e-02   4.1100000e+03
  -6.0053794e-03   4.1250000e+03
   8.5029431e-04   4.1400000e+03
   5.9049153e-03   4.1550000e+03
   8.6442614e-03   4.1700000e+03
   9.3672676e-03   4.1850000e+03
   8.8459812e-03   4.2000000e+03
   7.8030718e-03   4.2150000e+03
   6.5550781e-03   4.2300000e+03
   5.0114649e-03   4.2450000e+03
   2.9552542e-03   4.2600000e+03
   3.6308338e-04   4.2750000e+03
  -2.4542250e-03   4.2900000e+03
  -4.9593933e-03   4.3050000e+03
  -6.6648643e-03   4.3200000e+03
  -7.4246954e-03   4.3350000e+03
  -7.5877323e-03   4.3500000e+03
  -7.9052486e-03   4.3650000e+03
  -9.1880001e-03   4.3800000e+03
  -1.1854176e-02   4.3950000e+03
  -1.5621141e-02   4.4100000e+03
  -1.9556746e-02   4.4250000e+03
  -2.2497261e-02   4.4400000e+03
  -2.3592105e-02   4.4550000e+03
  -2.2645487e-02   4.4700000e+03
  -2.0069795e-02   4.4850000e+03
  -1.6532473e-02   4.5000000e+03
