  -9.7475538e-04   0.0000000e+00
  -9.7480952e-04   1.5000000e+01
  -9.7493298e-04   3.0000000e+01
  -9.7505486e-04   4.5000000e+01
  -9.7516237e-04   6.0000000e+01
  -9.7524014e-04   7.5000000e+01
  -9.7527826e-04   9.0000000e+01
  -9.7534893e-04   1.0500000e+02
  -9.7552303e-04   1.2000000e+02
  -9.7574765e-04   1.3500000e+02
  -9.7593985e-04   1.5000000e+02
  -9.7609300e-04   1.6500000e+02
  -9.7620994e-04   1.8000000e+02
  -9.7624719e-04   1.9500000e+02
  -9.7619381e-04   2.1000000e+02
  -9.7611087e-04   2.2500000e+02
  -9.7608834e-04   2.4000000e+02
  -9.7619183e-04   2.5500000e+02
  -9.7640825e-04   2.7000000e+02
  -9.7665866e-04   2.8500000e+02
  -9.7686425e-04   3.0000000e+02
  -9.7699079e-04   3.1500000e+02
  -9.7706122e-04   3.3000000e+02
  -9.7711082e-04   3.4500000e+02
  -9.7717333e-04   3.6000000e+02
  -9.7728940e-04   3.7500000e+02
  -9.7745424e-04   3.9000000e+02
  -9.7764109e-04   4.0500000e+02
  -9.7784132e-04   4.2000000e+02
  -9.7793946e-04   4.3500000e+02
  -9.7747147e-04   4.5000000e+02
  -9.7531086e-04   4.6500000e+02
  -9.6910051e-04   4.8000000e+02
  -9.5443300e-04   4.9500000e+02
  -9.2465471e-04   5.1000000e+02
  -8.7290100e-04   5.2500000e+02
  -7.9728389e-04   5.4000000e+02
  -7.0743891e-04   5.5500000e+02
  -6.2706153e-04   5.7000000e+02
  -5.8592571e-04   5.8500000e+02
  -6.0086575e-04   6.0000000e+02
  -6.5771095e-04   6.1500000e+02
  -7.1355829e-04   6.3000000e+02
  -7.2612398e-04   6.4500000e+02
  -6.8854587e-04   6.6000000e+02
  -6.3369039e-04   6.7500000e+02
  -5.9749576e-04   6.9000000e+02
  -5.7815661e-04   7.0500000e+02
  -5.3988496e-04   7.2000000e+02
  -4.6014812e-04   7.3500000e+02
  -3.6297273e-04   7.5000000e+02
  -2.9550883e-04   7.6500000e+02
  -2.7878681e-04   7.8000000e+02
  -2.9647836e-04   7.9500000e+02
  -3.2851420e-04   8.1000000e+02
  -3.7267781e-04   8.2500000e+02
  -4.2435195e-04   8.4000000e+02
  -4.5870329e-04   8.5500000e+02
  -4.5701431e-04   8.7000000e+02
  -4.3938917e-04   8.8500000e+02
  -4.4467079e-04   9.0000000e+02
  -4.8084467e-04   9.1500000e+02
  -5.2025332e-04   9.3000000e+02
  -5.4260483e-04   9.4500000e+02
  -5.5469107e-04   9.6000000e+02
  -5.6469342e-04   9.7500000e+02
  -5.6757347e-04   9.9000000e+02
  -5.6517922e-04   1.0050000e+03
  -5.7281012e-04   1.0200000e+03
  -5.9378095e-04   1.0350000e+03
  -6.1101496e-04   1.0500000e+03
  -6.1435474e-04   1.0650000e+03
  -6.1516551e-04   1.0800000e+03
  -6.2533375e-04   1.0950000e+03
  -6.4060075e-04   1.1100000e+03
  -6.5208576e-04   1.1250000e+03
  -6.5907225e-04   1.1400000e+03
  -6.6419796e-04   1.1550000e+03
  -6.6688913e-04   1.1700000e+03
  -6.6640903e-04   1.1850000e+03
  -6.6513015e-04   1.2000000e+03
  -6.6596619e-04   1.2150000e+03
  -6.7028182e-04   1.2300000e+03
  -6.8002497e-04   1.2450000e+03
  -6.9874228e-04   1.2600000e+03
  -7.2712934e-04   1.2750000e+03
  -7.5869454e-04   1.2900000e+03
  -7.8310544e-04   1.3050000e+03
  -7.9399277e-04   1.3200000e+03
  -7.9262786e-04   1.3350000e+03
  -7.8696641e-04   1.3500000e+03
  -7.8884274e-04   1.3650000e+03
  -8.0633169e-04   1.3800000e+03
  -8.3404029e-04   1.3950000e+03
  -8.5566461e-04   1.4100000e+03
  -8.6141354e-04   1.4250000e+03
  -8.5941504e-04   1.4400000e+03
  -8.6579227e-04   1.4550000e+03
  -8.8669470e-04   1.4700000e+03
  -9.1350602e-04   1.4850000e+03
  -9.3332515e-04   1.5000000e+03
  -9.4164431e-04   1.5150000e+03
  -9.4576611e-04   1.5300000e+03
  -9.5642754e-04   1.5450000e+03
  -9.7583031e-04   1.5600000e+03
  -9.9566928e-04   1.5750000e+03
  -1.0081972e-03   1.5900000e+03
  -1.0161912e-03   1.6050000e+03
  -1.0284081e-03   1.6200000e+03
  -1.0470808e-03   1.6350000e+03
  -1.0652122e-03   1.6500000e+03
  -1.0770418e-03   1.6650000e+03
  -1.0858899e-03   1.6800000e+03
  -1.0981590e-03   1.6950000e+03
  -1.1135761e-03   1.7100000e+03
  -1.1268391e-03   1.7250000e+03
  -1.1370174e-03   1.7400000e+03
  -1.1489380e-03   1.7550000e+03
  -1.1649388e-03   1.7700000e+03
  -1.1811998e-03   1.7850000e+03
  -1.1941501e-03   1.8000000e+03
  -1.2056285e-03   1.8150000e+03
  -1.2190783e-03   1.8300000e+03
  -1.2343356e-03   1.8450000e+03
  -1.2491200e-03   1.8600000e+03
  -1.2631133e-03   1.8750000e+03
  -1.2776681e-03   1.8900000e+03
  -1.2929750e-03   1.9050000e+03
  -1.3080159e-03   1.9200000e+03
  -1.3225734e-03   1.9350000e+03
  -1.3374285e-03   1.9500000e+03
  -1.3529870e-03   1.9650000e+03
  -1.3690130e-03   1.9800000e+03
  -1.3853622e-03   1.9950000e+03
  -1.4019035e-03   2.0100000e+03
  -1.4180387e-03   2.0250000e+03
  -1.4333411e-03   2.0400000e+03
  -1.4484299e-03   2.0550000e+03
  -1.4643809e-03   2.0700000e+03
  -1.4816234e-03   2.0850000e+03
  -1.5000937e-03   2.1000000e+03
  -1.5199437e-03   2.1150000e+03
  -1.5413150e-03   2.1300000e+03
  -1.5637892e-03   2.1450000e+03
  -1.5867808e-03   2.1600000e+03
  -1.6102250e-03   2.1750000e+03
  -1.6343661e-03   2.1900000e+03
  -1.6591328e-03   2.2050000e+03
  -1.6842324e-03   2.2200000e+03
  -1.7097364e-03   2.2350000e+03
  -1.7360250e-03   2.2500000e+03
  -1.7631332e-03   2.2650000e+03
  -1.7906494e-03   2.2800000e+03
  -1.8183488e-03   2.2950000e+03
  -1.8465436e-03   2.3100000e+03
  -1.8756841e-03   2.3250000e+03
  -1.9059262e-03   2.3400000e+03
  -1.9371964e-03   2.3550000e+03
  -1.9694462e-03   2.3700000e+03
  -2.0027163e-03   2.3850000e+03
  -2.0370462e-03   2.4000000e+03
  -2.0724691e-03   2.4150000e+03
  -2.1092023e-03   2.4300000e+03
  -2.1478084e-03   2.4450000e+03
  -2.1890546e-03   2.4600000e+03
  -2.2334273e-03   2.4750000e+03
  -2.2807589e-03   2.4900000e+03
  -2.3303374e-03   2.5050000e+03
  -2.3813730e-03   2.5200000e+03
  -2.4333743e-03   2.5350000e+03
  -2.4862322e-03   2.5500000e+03
  -2.5401486e-03   2.5650000e+03
  -2.5955720e-03   2.5800000e+03
  -2.6531038e-03   2.5950000e+03
  -2.7132579e-03   2.6100000e+03
  -2.7761695e-03   2.6250000e+03
  -2.8415320e-03   2.6400000e+03
  -2.9089055e-03   2.6550000e+03
  -2.9781081e-03   2.6700000e+03
  -3.0493478e-03   2.6850000e+03
  -3.1230634e-03   2.7000000e+03
  -3.1996802e-03   2.7150000e+03
  -3.2794364e-03   2.7300000e+03
  -3.3622934e-03   2.7450000e+03
  -3.4479883e-03   2.7600000e+03
  -3.5363794e-03   2.7750000e+03
  -3.6279308e-03   2.7900000e+03
  -3.7238789e-03   2.8050000e+03
  -3.8258526e-03   2.8200000e+03
  -3.9352789e-03   2.8350000e+03
  -4.0530828e-03   2.8500000e+03
  -4.1797091e-03   2.8650000e+03
  -4.3151202e-03   2.8800000e+03
  -4.4586607e-03   2.8950000e+03
  -4.6091536e-03   2.9100000e+03
  -4.7655497e-03   2.9250000e+03
  -4.9277577e-03   2.9400000e+03
  -5.0970088e-03   2.9550000e+03
  -5.2755247e-03   2.9700000e+03
  -5.4657352e-03   2.9850000e+03
  -5.6693391e-03   3.0000000e+03
  -5.8860132e-03   3.0150000e+03
  -6.1114691e-03   3.0300000e+03
  -6.3347318e-03   3.0450000e+03
  -6.5345340e-03   3.0600000e+03
  -6.6740960e-03   3.0750000e+03
  -6.6926018e-03   3.0900000e+03
  -6.4915190e-03   3.1050000e+03
  -5.9152725e-03   3.1200000e+03
  -4.7288733e-03   3.1350000e+03
  -2.5987653e-03   3.1500000e+03
   9.1301696e-04   3.1650000e+03
   6.3278913e-03   3.1800000e+03
   1.4187472e-02   3.1950000e+03
   2.4934851e-02   3.2100000e+03
   3.8738351e-02   3.2250000e+03
   5.5278756e-02   3.2400000e+03
   7.3553368e-02   3.2550000e+03
   9.1781087e-02   3.2700000e+03
   1.0750372e-01   3.2850000e+03
   1.1795092e-01   3.3000000e+03
   1.2065904e-01   3.3150000e+03
   1.1421891e-01   3.3300000e+03
   9.8914549e-02   3.3450000e+03
   7.6966159e-02   3.3600000e+03
   5.2164681e-02   3.3750000e+03
   2.8894778e-02   3.3900000e+03
   1.0823719e-02   3.4050000e+03
  -2.4666474e-04   3.4200000e+03
  -4.8528248e-03   3.4350000e+03
  -5.4070884e-03   3.4500000e+03
  -4.9754446e-03   3.4650000e+03
  -5.8713746e-03   3.4800000e+03
  -8.7648015e-03   3.4950000e+03
  -1.2740869e-02   3.5100000e+03
  -1.6211415e-02   3.5250000e+03
  -1.8089555e-02   3.5400000e+03
  -1.8495543e-02   3.5550000e+03
  -1.8574005e-02   3.5700000e+03
  -1.9579064e-02   3.5850000e+03
  -2.1853907e-02   3.6000000e+03
  -2.4389502e-02   3.6150000e+03
  -2.5261797e-02   3.6300000e+03
  -2.2680942e-02   3.6450000e+03
  -1.6015379e-02   3.6600000e+03
  -6.2083979e-03   3.6750000e+03
   4.5813164e-03   3.6900000e+03
   1.3816327e-02   3.7050000e+03
   1.9394433e-02   3.7200000e+03
   2.0105349e-02   3.7350000e+03
   1.5741194e-02   3.7500000e+03
   7.0864516e-03   3.7650000e+03
  -4.0749130e-03   3.7800000e+03
  -1.5068116e-02   3.7950000e+03
  -2.2832714e-02   3.8100000e+03
  -2.4918795e-02   3.8250000e+03
  -2.0638132e-02   3.8400000e+03
  -1.1697826e-02   3.8550000e+03
  -1.7288700e-03   3.8700000e+03
   5.3135781e-03   3.8850000e+03
   7.1466803e-03   3.9000000e+03
   4.3744878e-03   3.9150000e+03
   1.8365608e-05   3.9300000e+03
  -2.5410547e-03   3.9450000e+03
  -1.9707938e-03   3.9600000e+03
  -8.3224266e-05   3.9750000e+03
  -7.6098344e-04   3.9900000e+03
  -7.3980652e-03   4.0050000e+03
  -2.0665523e-02   4.0200000e+03
  -3.8145334e-02   4.0350000e+03
  -5.5906840e-02   4.0500000e+03
  -7.0637025e-02   4.0650000e+03
  -8.0665283e-02   4.0800000e+03
  -8.5302345e-02   4.0950000e+03
  -8.3411857e-02   4.1100000e+03
  -7.2844207e-02   4.1250000e+03
  -5.1716410e-02   4.1400000e+03
  -2.0953327e-02   4.1550000e+03
   1.3825055e-02   4.1700000e+03
   4.2964876e-02   4.1850000e+03
   5.6316238e-02   4.2000000e+03
   4.7935218e-02   4.2150000e+03
   1.9344479e-02   4.2300000e+03
  -2.0248443e-02   4.2450000e+03
  -5.6411352e-02   4.2600000e+03
  -7.3147394e-02   4.2750000e+03
  -5.6849688e-02   4.2900000e+03
  -7.9130958e-04   4.3050000e+03
   8.9843489e-02   4.3200000e+03
   1.9448468e-01   4.3350000e+03
   2.7927449e-01   4.3500000e+03
   3.0752403e-01   4.3650000e+03
   2.5624546e-01   4.3800000e+03
   1.3074864e-01   4.3950000e+03
  -3.2123044e-02   4.4100000e+03
  -1.7628768e-01   4.4250000e+03
  -2.4943833e-01   4.4400000e+03
  -2.2551130e-01   4.4550000e+03
  -1.1584082e-01   4.4700000e+03
   3.5323281e-02   4.4850000e+03
   1.6787991e-01   4.5000000e+03
