  -7.0722103e-03   0.0000000e+00
  -7.0717097e-03   1.5000000e+01
  -7.0707039e-03   3.0000000e+01
  -7.0711323e-03   4.5000000e+01
  -7.0761386e-03   6.0000000e+01
  -7.0882225e-03   7.5000000e+01
  -7.1068238e-03   9.0000000e+01
  -7.1292967e-03   1.0500000e+02
  -7.1543055e-03   1.2000000e+02
  -7.1843499e-03   1.3500000e+02
  -7.2241984e-03   1.5000000e+02
  -7.2763725e-03   1.6500000e+02
  -7.3410864e-03   1.8000000e+02
  -7.4197296e-03   1.9500000e+02
  -7.5147669e-03   2.1000000e+02
  -7.6275961e-03   2.2500000e+02
  -7.7564372e-03   2.4000000e+02
  -7.8947274e-03   2.5500000e+02
  -8.0352230e-03   2.7000000e+02
  -8.1759952e-03   2.8500000e+02
  -8.3187725e-03   3.0000000e+02
  -8.4641986e-03   3.1500000e+02
  -8.6108735e-03   3.3000000e+02
  -8.7549947e-03   3.4500000e+02
  -8.8900533e-03   3.6000000e+02
  -9.0095336e-03   3.7500000e+02
  -9.1100903e-03   3.9000000e+02
  -9.1929240e-03   4.0500000e+02
  -9.2629800e-03   4.2000000e+02
  -9.3219168e-03   4.3500000e+02
  -9.3582626e-03   4.5000000e+02
  -9.3502365e-03   4.6500000e+02
  -9.2820879e-03   4.8000000e+02
  -9.1515956e-03   4.9500000e+02
  -8.9566391e-03   5.1000000e+02
  -8.6799394e-03   5.2500000e+02
  -8.2948981e-03   5.4000000e+02
  -7.7811703e-03   5.5500000e+02
  -7.1198223e-03   5.7000000e+02
  -6.2726266e-03   5.8500000e+02
  -5.1780706e-03   6.0000000e+02
  -3.7620149e-03   6.1500000e+02
  -1.9295880e-03   6.3000000e+02
   4.6036794e-04   6.4500000e+02
   3.6065616e-03   6.6000000e+02
   7.7659395e-03   6.7500000e+02
   1.3276291e-02   6.9000000e+02
   2.0599341e-02   7.0500000e+02
   3.0367590e-02   7.2000000e+02
   4.3454368e-02   7.3500000e+02
   6.1077565e-02   7.5000000e+02
   8.4906563e-02   7.6500000e+02
   1.1716627e-01   7.8000000e+02
   1.6073538e-01   7.9500000e+02
   2.1910074e-01   8.1000000e+02
   2.9583970e-01   8.2500000e+02
   3.9319372e-01   8.4000000e+02
   5.0945240e-01   8.5500000e+02
   6.3559103e-01   8.7000000e+02
   7.5290996e-01   8.8500000e+02
   8.3441854e-01   9.0000000e+02
   8.5186213e-01   9.1500000e+02
   7.8688902e-01   9.3000000e+02
   6.4070129e-01   9.4500000e+02
   4.3544719e-01   9.6000000e+02
   2.0518711e-01   9.7500000e+02
  -1.7781161e-02   9.9000000e+02
  -2.1140721e-01   1.0050000e+03
  -3.6287382e-01   1.0200000e+03
  -4.6412778e-01   1.0350000e+03
  -5.1232523e-01   1.0500000e+03
  -5.1387304e-01   1.0650000e+03
  -4.8310444e-01   1.0800000e+03
  -4.3408284e-01   1.0950000e+03
  -3.7549603e-01   1.1100000e+03
  -3.1407711e-01   1.1250000e+03
  -2.5796133e-01   1.1400000e+03
  -2.1257122e-01   1.1550000e+03
  -1.7633720e-01   1.1700000e+03
  -1.4482886e-01   1.1850000e+03
  -1.1725864e-01   1.2000000e+03
  -9.5736861e-02   1.2150000e+03
  -8.0570772e-02   1.2300000e+03
  -6.9959365e-02   1.2450000e+03
  -6.2848046e-02   1.2600000e+03
  -5.9198435e-02   1.2750000e+03
  -5.8381036e-02   1.2900000e+03
  -5.9228323e-02   1.3050000e+03
  -6.1022758e-02   1.3200000e+03
  -6.3426994e-02   1.3350000e+03
  -6.6002600e-02   1.3500000e+03
  -6.8169601e-02   1.3650000e+03
  -6.9229528e-02   1.3800000e+03
  -6.8526253e-02   1.3950000e+03
  -6.5876335e-02   1.4100000e+03
  -6.1580155e-02   1.4250000e+03
  -5.5958755e-02   1.4400000e+03
  -4.9177546e-02   1.4550000e+03
  -4.1303001e-02   1.4700000e+03
  -3.2113768e-02   1.4850000e+03
  -2.1016641e-02   1.5000000e+03
  -7.5309258e-03   1.5150000e+03
   7.9822475e-03   1.5300000e+03
   2.4010394e-02   1.5450000e+03
   3.8328115e-02   1.5600000e+03
   4.8864324e-02   1.5750000e+03
   5.4351531e-02   1.5900000e+03
   5.4520290e-02   1.6050000e+03
   5.0007690e-02   1.6200000e+03
   4.2123269e-02   1.6350000e+03
   3.2622628e-02   1.6500000e+03
   2.3522500e-02   1.6650000e+03
   1.6719490e-02   1.6800000e+03
   1.3389125e-02   1.6950000e+03
   1.3524964e-02   1.7100000e+03
   1.5910463e-02   1.7250000e+03
   1.8618394e-02   1.7400000e+03
   1.9879270e-02   1.7550000e+03
   1.8807927e-02   1.7700000e+03
   1.5608167e-02   1.7850000e+03
   1.1351450e-02   1.8000000e+03
   7.5348564e-03   1.8150000e+03
   5.5462820e-03   1.8300000e+03
   6.1993105e-03   1.8450000e+03
   9.4549125e-03   1.8600000e+03
   1.4397385e-02   1.8750000e+03
   1.9517329e-02   1.8900000e+03
   2.3193227e-02   1.9050000e+03
   2.4148799e-02   1.9200000e+03
   2.1744687e-02   1.9350000e+03
   1.6027611e-02   1.9500000e+03
   7.5180749e-03   1.9650000e+03
  -3.1163071e-03   1.9800000e+03
  -1.5253427e-02   1.9950000e+03
  -2.8242787e-02   2.0100000e+03
  -4.1181281e-02   2.0250000e+03
  -5.2810110e-02   2.0400000e+03
  -6.1685327e-02   2.0550000e+03
  -6.6511378e-02   2.0700000e+03
  -6.6422179e-02   2.0850000e+03
  -6.1101899e-02   2.1000000e+03
  -5.0780948e-02   2.1150000e+03
  -3.6191303e-02   2.1300000e+03
  -1.8515667e-02   2.1450000e+03
   7.0496724e-04   2.1600000e+03
   1.9751363e-02   2.1750000e+03
   3.6987599e-02   2.1900000e+03
   5.1140066e-02   2.2050000e+03
   6.1503857e-02   2.2200000e+03
   6.7995563e-02   2.2350000e+03
   7.1020514e-02   2.2500000e+03
   7.1208306e-02   2.2650000e+03
   6.9143854e-02   2.2800000e+03
   6.5222725e-02   2.2950000e+03
   5.9677377e-02   2.3100000e+03
   5.2708074e-02   2.3250000e+03
   4.4597626e-02   2.3400000e+03
   3.5734896e-02   2.3550000e+03
   2.6560010e-02   2.3700000e+03
   1.7486256e-02   2.3850000e+03
   8.8357227e-03   2.4000000e+03
   8.0138905e-04   2.4150000e+03
  -6.5496676e-03   2.4300000e+03
  -1.3220120e-02   2.4450000e+03
  -1.9200262e-02   2.4600000e+03
  -2.4422973e-02   2.4750000e+03
  -2.8789185e-02   2.4900000e+03
  -3.2220140e-02   2.5050000e+03
  -3.4666572e-02   2.5200000e+03
  -3.6075503e-02   2.5350000e+03
  -3.6395561e-02   2.5500000e+03
  -3.5674449e-02   2.5650000e+03
  -3.4183294e-02   2.5800000e+03
  -3.2439496e-02   2.5950000e+03
  -3.1079009e-02   2.6100000e+03
  -3.0661469e-02   2.6250000e+03
  -3.1522434e-02   2.6400000e+03
  -3.3698495e-02   2.6550000e+03
  -3.6875036e-02   2.6700000e+03
  -4.0340267e-02   2.6850000e+03
  -4.3011155e-02   2.7000000e+03
  -4.3603081e-02   2.7150000e+03
  -4.0927086e-02   2.7300000e+03
  -3.4211855e-02   2.7450000e+03
  -2.3338972e-02   2.7600000e+03
  -8.9288745e-03   2.7750000e+03
   7.7379462e-03   2.7900000e+03
   2.4952289e-02   2.8050000e+03
   4.0915020e-02   2.8200000e+03
   5.4088939e-02   2.8350000e+03
   6.3438289e-02   2.8500000e+03
   6.8470769e-02   2.8650000e+03
   6.9111966e-02   2.8800000e+03
   6.5546498e-02   2.8950000e+03
   5.8150873e-02   2.9100000e+03
   4.7525097e-02   2.9250000e+03
   3.4527086e-02   2.9400000e+03
   2.0222088e-02   2.9550000e+03
   5.7383426e-03   2.9700000e+03
  -7.9257227e-03   2.9850000e+03
  -2.0084385e-02   3.0000000e+03
  -3.0465744e-02   3.0150000e+03
  -3.9158795e-02   3.0300000e+03
  -4.6405111e-02   3.0450000e+03
  -5.2353404e-02   3.0600000e+03
  -5.6941509e-02   3.0750000e+03
  -5.9971262e-02   3.0900000e+03
  -6.1283618e-02   3.1050000e+03
  -6.0878117e-02   3.1200000e+03
  -5.8901642e-02   3.1350000e+03
  -5.5556826e-02   3.1500000e+03
  -5.1028337e-02   3.1650000e+03
  -4.5480546e-02   3.1800000e+03
  -3.9119784e-02   3.1950000e+03
  -3.2290865e-02   3.2100000e+03
  -2.5566546e-02   3.2250000e+03
  -1.9765684e-02   3.2400000e+03
  -1.5839508e-02   3.2550000e+03
  -1.4634863e-02   3.2700000e+03
  -1.6631780e-02   3.2850000e+03
  -2.1769574e-02   3.3000000e+03
  -2.9411815e-02   3.3150000e+03
  -3.8436655e-02   3.3300000e+03
  -4.7426689e-02   3.3450000e+03
  -5.4933157e-02   3.3600000e+03
  -5.9758283e-02   3.3750000e+03
  -6.1168991e-02   3.3900000e+03
  -5.8981460e-02   3.4050000e+03
  -5.3524327e-02   3.4200000e+03
  -4.5529239e-02   3.4350000e+03
  -3.5987318e-02   3.4500000e+03
  -2.5993392e-02   3.4650000e+03
  -1.6604528e-02   3.4800000e+03
  -8.7344740e-03   3.4950000e+03
  -3.0700644e-03   3.5100000e+03
   2.4400742e-05   3.5250000e+03
   6.0736545e-04   3.5400000e+03
  -8.0630434e-04   3.5550000e+03
  -3.3485210e-03   3.5700000e+03
  -6.0279127e-03   3.5850000e+03
  -7.9915700e-03   3.6000000e+03
  -8.7055108e-03   3.6150000e+03
  -7.9879612e-03   3.6300000e+03
  -5.9033139e-03   3.6450000e+03
  -2.5954554e-03   3.6600000e+03
   1.8259701e-03   3.6750000e+03
   7.2729378e-03   3.6900000e+03
   1.3572583e-02   3.7050000e+03
   2.0382965e-02   3.7200000e+03
   2.7220408e-02   3.7350000e+03
   3.3574305e-02   3.7500000e+03
   3.9004050e-02   3.7650000e+03
   4.3144982e-02   3.7800000e+03
   4.5654230e-02   3.7950000e+03
   4.6194978e-02   3.8100000e+03
   4.4528563e-02   3.8250000e+03
   4.0686686e-02   3.8400000e+03
   3.5111874e-02   3.8550000e+03
   2.8653182e-02   3.8700000e+03
   2.2393333e-02   3.8850000e+03
   1.7393686e-02   3.9000000e+03
   1.4478665e-02   3.9150000e+03
   1.4119814e-02   3.9300000e+03
   1.6398711e-02   3.9450000e+03
   2.1012854e-02   3.9600000e+03
   2.7328894e-02   3.9750000e+03
   3.4502346e-02   3.9900000e+03
   4.1640557e-02   4.0050000e+03
   4.7945794e-02   4.0200000e+03
   5.2798904e-02   4.0350000e+03
   5.5802267e-02   4.0500000e+03
   5.6815188e-02   4.0650000e+03
   5.5970617e-02   4.0800000e+03
   5.3628001e-02   4.0950000e+03
   5.0249491e-02   4.1100000e+03
   4.6251040e-02   4.1250000e+03
   4.1901678e-02   4.1400000e+03
   3.7305646e-02   4.1550000e+03
   3.2454375e-02   4.1700000e+03
   2.7318615e-02   4.1850000e+03
   2.1952545e-02   4.2000000e+03
   1.6576167e-02   4.2150000e+03
   1.1597935e-02   4.2300000e+03
   7.5567532e-03   4.2450000e+03
   4.9940748e-03   4.2600000e+03
   4.2906851e-03   4.2750000e+03
   5.5150641e-03   4.2900000e+03
   8.3383871e-03   4.3050000e+03
   1.2062789e-02   4.3200000e+03
   1.5766988e-02   4.3350000e+03
   1.8517885e-02   4.3500000e+03
   1.9575682e-02   4.3650000e+03
   1.8544652e-02   4.3800000e+03
   1.5450383e-02   4.3950000e+03
   1.0726058e-02   4.4100000e+03
   5.0910865e-03   4.4250000e+03
  -6.6006550e-04   4.4400000e+03
  -5.8892979e-03   4.4550000e+03
  -1.0278012e-02   4.4700000e+03
  -1.3864943e-02   4.4850000e+03
  -1.6956585e-02   4.5000000e+03
