  -6.6162138e-03   0.0000000e+00
  -6.6162450e-03   1.5000000e+01
  -6.6163051e-03   3.0000000e+01
  -6.6166427e-03   4.5000000e+01
  -6.6183684e-03   6.0000000e+01
  -6.6224942e-03   7.5000000e+01
  -6.6282656e-03   9.0000000e+01
  -6.6338354e-03   1.0500000e+02
  -6.6382820e-03   1.2000000e+02
  -6.6427919e-03   1.3500000e+02
  -6.6498956e-03   1.5000000e+02
  -6.6607441e-03   1.6500000e+02
  -6.6743609e-03   1.8000000e+02
  -6.6904095e-03   1.9500000e+02
  -6.7103426e-03   2.1000000e+02
  -6.7353519e-03   2.2500000e+02
  -6.7643817e-03   2.4000000e+02
  -6.7940960e-03   2.5500000e+02
  -6.8212282e-03   2.7000000e+02
  -6.8446207e-03   2.8500000e+02
  -6.8641300e-03   3.0000000e+02
  -6.8796477e-03   3.1500000e+02
  -6.8926555e-03   3.3000000e+02
  -6.9068093e-03   3.4500000e+02
  -6.9262460e-03   3.6000000e+02
  -6.9541740e-03   3.7500000e+02
  -6.9920351e-03   3.9000000e+02
  -7.0387227e-03   4.0500000e+02
  -7.0919916e-03   4.2000000e+02
  -7.1512265e-03   4.3500000e+02
  -7.2169881e-03   4.5000000e+02
  -7.2883051e-03   4.6500000e+02
  -7.3629273e-03   4.8000000e+02
  -7.4402015e-03   4.9500000e+02
  -7.5218366e-03   5.1000000e+02
  -7.6093758e-03   5.2500000e+02
  -7.7032335e-03   5.4000000e+02
  -7.8065917e-03   5.5500000e+02
  -7.9267388e-03   5.7000000e+02
  -8.0677494e-03   5.8500000e+02
  -8.2253069e-03   6.0000000e+02
  -8.3936173e-03   6.1500000e+02
  -8.5722897e-03   6.3000000e+02
  -8.7618995e-03   6.4500000e+02
  -8.9620734e-03   6.6000000e+02
  -9.1801938e-03   6.7500000e+02
  -9.4298963e-03   6.9000000e+02
  -9.7140409e-03   7.0500000e+02
  -1.0020803e-02   7.2000000e+02
  -1.0338725e-02   7.3500000e+02
  -1.0665766e-02   7.5000000e+02
  -1.1007934e-02   7.6500000e+02
  -1.1376901e-02   7.8000000e+02
  -1.1784833e-02   7.9500000e+02
  -1.2241114e-02   8.1000000e+02
  -1.2754234e-02   8.2500000e+02
  -1.3330540e-02   8.4000000e+02
  -1.3976883e-02   8.5500000e+02
  -1.4712718e-02   8.7000000e+02
  -1.5573464e-02   8.8500000e+02
  -1.6605798e-02   9.0000000e+02
  -1.7868368e-02   9.1500000e+02
  -1.9415800e-02   9.3000000e+02
  -2.1237245e-02   9.4500000e+02
  -2.3117837e-02   9.6000000e+02
  -2.4303999e-02   9.7500000e+02
  -2.2791917e-02   9.9000000e+02
  -1.4235789e-02   1.0050000e+03
   8.9780232e-03   1.0200000e+03
   5.7061065e-02   1.0350000e+03
   1.3848710e-01   1.0500000e+03
   2.5098759e-01   1.0650000e+03
   3.7112355e-01   1.0800000e+03
   4.5185834e-01   1.0950000e+03
   4.3927070e-01   1.1100000e+03
   3.0854517e-01   1.1250000e+03
   9.6966967e-02   1.1400000e+03
  -1.0192584e-01   1.1550000e+03
  -1.9701606e-01   1.1700000e+03
  -1.7147686e-01   1.1850000e+03
  -9.6469775e-02   1.2000000e+03
  -6.0959470e-02   1.2150000e+03
  -8.6019203e-02   1.2300000e+03
  -1.2028732e-01   1.2450000e+03
  -1.1734772e-01   1.2600000e+03
  -8.8532075e-02   1.2750000e+03
  -6.3857138e-02   1.2900000e+03
  -3.5182267e-02   1.3050000e+03
   1.9551860e-02   1.3200000e+03
   7.5120218e-02   1.3350000e+03
   7.8907207e-02   1.3500000e+03
   3.1806149e-02   1.3650000e+03
  -9.1239428e-03   1.3800000e+03
  -1.8590162e-02   1.3950000e+03
  -3.1426985e-02   1.4100000e+03
  -6.4704359e-02   1.4250000e+03
  -7.9425722e-02   1.4400000e+03
  -5.1442735e-02   1.4550000e+03
  -1.5587449e-02   1.4700000e+03
  -2.1922896e-03   1.4850000e+03
   8.2516465e-03   1.5000000e+03
   2.9817339e-02   1.5150000e+03
   3.2934822e-02   1.5300000e+03
   1.5604240e-03   1.5450000e+03
  -2.7101770e-02   1.5600000e+03
  -1.7192472e-02   1.5750000e+03
   1.7144648e-02   1.5900000e+03
   4.3119229e-02   1.6050000e+03
   4.7990788e-02   1.6200000e+03
   3.1521559e-02   1.6350000e+03
  -1.3180876e-03   1.6500000e+03
  -3.0149907e-02   1.6650000e+03
  -3.2475062e-02   1.6800000e+03
  -1.1078814e-02   1.6950000e+03
   1.1797244e-02   1.7100000e+03
   2.1278108e-02   1.7250000e+03
   1.5471872e-02   1.7400000e+03
  -2.8698330e-03   1.7550000e+03
  -2.4782259e-02   1.7700000e+03
  -3.5432011e-02   1.7850000e+03
  -2.7805485e-02   1.8000000e+03
  -1.0548862e-02   1.8150000e+03
   2.2634631e-03   1.8300000e+03
   4.4935429e-03   1.8450000e+03
   9.9357404e-04   1.8600000e+03
   1.8102378e-03   1.8750000e+03
   1.2039609e-02   1.8900000e+03
   2.4605917e-02   1.9050000e+03
   2.6247853e-02   1.9200000e+03
   1.3366253e-02   1.9350000e+03
  -1.8048381e-03   1.9500000e+03
  -4.1992022e-03   1.9650000e+03
   7.4778502e-03   1.9800000e+03
   2.0447221e-02   1.9950000e+03
   2.2943668e-02   2.0100000e+03
   1.6239721e-02   2.0250000e+03
   1.0472122e-02   2.0400000e+03
   1.1021901e-02   2.0550000e+03
   1.3282222e-02   2.0700000e+03
   1.1514195e-02   2.0850000e+03
   7.1294932e-03   2.1000000e+03
   3.7396199e-03   2.1150000e+03
  -5.8992219e-04   2.1300000e+03
  -8.0642682e-03   2.1450000e+03
  -1.1557579e-02   2.1600000e+03
  -1.1572990e-03   2.1750000e+03
   1.9067209e-02   2.1900000e+03
   3.1356830e-02   2.2050000e+03
   2.4875956e-02   2.2200000e+03
   7.7208038e-03   2.2350000e+03
  -5.1740576e-03   2.2500000e+03
  -7.8230780e-03   2.2650000e+03
  -2.6055996e-03   2.2800000e+03
   7.0115202e-03   2.2950000e+03
   1.5286270e-02   2.3100000e+03
   1.1976328e-02   2.3250000e+03
  -8.6067971e-03   2.3400000e+03
  -3.7066408e-02   2.3550000e+03
  -5.4935135e-02   2.3700000e+03
  -5.2809220e-02   2.3850000e+03
  -3.8288187e-02   2.4000000e+03
  -2.5336321e-02   2.4150000e+03
  -1.9985940e-02   2.4300000e+03
  -1.7603204e-02   2.4450000e+03
  -1.0160883e-02   2.4600000e+03
   5.8110678e-03   2.4750000e+03
   2.5339216e-02   2.4900000e+03
   3.7120912e-02   2.5050000e+03
   3.2557428e-02   2.5200000e+03
   1.5040891e-02   2.5350000e+03
  -2.0315263e-03   2.5500000e+03
  -8.4267193e-03   2.5650000e+03
  -6.1510331e-03   2.5800000e+03
  -4.1456595e-03   2.5950000e+03
  -7.1820542e-03   2.6100000e+03
  -1.2515011e-02   2.6250000e+03
  -1.4683391e-02   2.6400000e+03
  -1.0075550e-02   2.6550000e+03
   1.6426611e-03   2.6700000e+03
   1.6628155e-02   2.6850000e+03
   2.7200270e-02   2.7000000e+03
   2.6501566e-02   2.7150000e+03
   1.4901767e-02   2.7300000e+03
   7.0346252e-04   2.7450000e+03
  -7.2165108e-03   2.7600000e+03
  -7.5976374e-03   2.7750000e+03
  -6.7061060e-03   2.7900000e+03
  -9.8701259e-03   2.8050000e+03
  -1.4519789e-02   2.8200000e+03
  -1.3268257e-02   2.8350000e+03
  -3.3657933e-03   2.8500000e+03
   9.2717763e-03   2.8650000e+03
   1.6262420e-02   2.8800000e+03
   1.4990896e-02   2.8950000e+03
   9.2428122e-03   2.9100000e+03
   3.5062283e-03   2.9250000e+03
  -8.4690162e-04   2.9400000e+03
  -4.5670252e-03   2.9550000e+03
  -8.8208411e-03   2.9700000e+03
  -1.5157705e-02   2.9850000e+03
  -2.4512308e-02   3.0000000e+03
  -3.4326334e-02   3.0150000e+03
  -3.8318135e-02   3.0300000e+03
  -3.1804360e-02   3.0450000e+03
  -1.7178196e-02   3.0600000e+03
  -1.9642080e-03   3.0750000e+03
   8.9341570e-03   3.0900000e+03
   1.6885813e-02   3.1050000e+03
   2.4427913e-02   3.1200000e+03
   2.8989265e-02   3.1350000e+03
   2.4865527e-02   3.1500000e+03
   1.1298555e-02   3.1650000e+03
  -4.3047066e-03   3.1800000e+03
  -1.2751825e-02   3.1950000e+03
  -1.1398151e-02   3.2100000e+03
  -4.9925153e-03   3.2250000e+03
   4.9510342e-04   3.2400000e+03
   3.0879893e-03   3.2550000e+03
   4.2979717e-03   3.2700000e+03
   5.3537325e-03   3.2850000e+03
   4.8407763e-03   3.3000000e+03
  -1.7805924e-04   3.3150000e+03
  -1.0591845e-02   3.3300000e+03
  -2.2466594e-02   3.3450000e+03
  -2.8684085e-02   3.3600000e+03
  -2.4813110e-02   3.3750000e+03
  -1.3463161e-02   3.3900000e+03
  -1.7500566e-03   3.4050000e+03
   5.6098332e-03   3.4200000e+03
   9.5392121e-03   3.4350000e+03
   1.3023184e-02   3.4500000e+03
   1.6340826e-02   3.4650000e+03
   1.7279126e-02   3.4800000e+03
   1.4858990e-02   3.4950000e+03
   1.0700590e-02   3.5100000e+03
   6.5185591e-03   3.5250000e+03
   1.9181871e-03   3.5400000e+03
  -4.4079940e-03   3.5550000e+03
  -1.2107321e-02   3.5700000e+03
  -1.8679759e-02   3.5850000e+03
  -2.1261828e-02   3.6000000e+03
  -1.8403469e-02   3.6150000e+03
  -1.0629857e-02   3.6300000e+03
  -2.1957813e-04   3.6450000e+03
   9.5366919e-03   3.6600000e+03
   1.5672645e-02   3.6750000e+03
   1.6703852e-02   3.6900000e+03
   1.2584516e-02   3.7050000e+03
   3.9572036e-03   3.7200000e+03
  -7.8288671e-03   3.7350000e+03
  -1.9921176e-02   3.7500000e+03
  -2.8131168e-02   3.7650000e+03
  -2.8909499e-02   3.7800000e+03
  -2.1561351e-02   3.7950000e+03
  -8.6744679e-03   3.8100000e+03
   5.2954280e-03   3.8250000e+03
   1.5799053e-02   3.8400000e+03
   1.9408852e-02   3.8550000e+03
   1.4707216e-02   3.8700000e+03
   3.0296023e-03   3.8850000e+03
  -1.1519536e-02   3.9000000e+03
  -2.3365766e-02   3.9150000e+03
  -2.7743233e-02   3.9300000e+03
  -2.2813553e-02   3.9450000e+03
  -1.0512714e-02   3.9600000e+03
   4.3235123e-03   3.9750000e+03
   1.6190249e-02   3.9900000e+03
   2.1474028e-02   4.0050000e+03
   2.0049801e-02   4.0200000e+03
   1.4989299e-02   4.0350000e+03
   1.0436833e-02   4.0500000e+03
   8.8346284e-03   4.0650000e+03
   9.2624836e-03   4.0800000e+03
   8.1939520e-03   4.0950000e+03
   2.4609482e-03   4.1100000e+03
  -7.5822007e-03   4.1250000e+03
  -1.7345726e-02   4.1400000e+03
  -2.0803398e-02   4.1550000e+03
  -1.4916486e-02   4.1700000e+03
  -2.1642644e-03   4.1850000e+03
   1.0870882e-02   4.2000000e+03
   1.7713299e-02   4.2150000e+03
   1.5933027e-02   4.2300000e+03
   8.3524100e-03   4.2450000e+03
   9.3092048e-04   4.2600000e+03
  -1.4430779e-03   4.2750000e+03
   1.4526587e-03   4.2900000e+03
   5.1953155e-03   4.3050000e+03
   4.9653528e-03   4.3200000e+03
   4.7368859e-04   4.3350000e+03
  -3.5298266e-03   4.3500000e+03
  -2.2570111e-03   4.3650000e+03
   3.5699187e-03   4.3800000e+03
   7.7234516e-03   4.3950000e+03
   4.4750040e-03   4.4100000e+03
  -5.3709806e-03   4.4250000e+03
  -1.4547519e-02   4.4400000e+03
  -1.5559341e-02   4.4550000e+03
  -7.2783716e-03   4.4700000e+03
   4.0088487e-03   4.4850000e+03
   9.8562110e-03   4.5000000e+03
