  -8.2068006e-04   0.0000000e+00
  -8.2072924e-04   1.5000000e+01
  -8.2083966e-04   3.0000000e+01
  -8.2094909e-04   4.5000000e+01
  -8.2104595e-04   6.0000000e+01
  -8.2111376e-04   7.5000000e+01
  -8.2114153e-04   9.0000000e+01
  -8.2119816e-04   1.0500000e+02
  -8.2134519e-04   1.2000000e+02
  -8.2153408e-04   1.3500000e+02
  -8.2169042e-04   1.5000000e+02
  -8.2181289e-04   1.6500000e+02
  -8.2189980e-04   1.8000000e+02
  -8.2191179e-04   1.9500000e+02
  -8.2184147e-04   2.1000000e+02
  -8.2174444e-04   2.2500000e+02
  -8.2170410e-04   2.4000000e+02
  -8.2177721e-04   2.5500000e+02
  -8.2195568e-04   2.7000000e+02
  -8.2216522e-04   2.8500000e+02
  -8.2233298e-04   3.0000000e+02
  -8.2242768e-04   3.1500000e+02
  -8.2246680e-04   3.3000000e+02
  -8.2248339e-04   3.4500000e+02
  -8.2251028e-04   3.6000000e+02
  -8.2258601e-04   3.7500000e+02
  -8.2270871e-04   3.9000000e+02
  -8.2285039e-04   4.0500000e+02
  -8.2300574e-04   4.2000000e+02
  -8.2308624e-04   4.3500000e+02
  -8.2270801e-04   4.5000000e+02
  -8.2093768e-04   4.6500000e+02
  -8.1584358e-04   4.8000000e+02
  -8.0382440e-04   4.9500000e+02
  -7.7942503e-04   5.1000000e+02
  -7.3702738e-04   5.2500000e+02
  -6.7510916e-04   5.4000000e+02
  -6.0160120e-04   5.5500000e+02
  -5.3594477e-04   5.7000000e+02
  -5.0253764e-04   5.8500000e+02
  -5.1513227e-04   6.0000000e+02
  -5.6205731e-04   6.1500000e+02
  -6.0812529e-04   6.3000000e+02
  -6.1870355e-04   6.4500000e+02
  -5.8822200e-04   6.6000000e+02
  -5.4365321e-04   6.7500000e+02
  -5.1441474e-04   6.9000000e+02
  -4.9894257e-04   7.0500000e+02
  -4.6784239e-04   7.2000000e+02
  -4.0265976e-04   7.3500000e+02
  -3.2317743e-04   7.5000000e+02
  -2.6815932e-04   7.6500000e+02
  -2.5491251e-04   7.8000000e+02
  -2.7003474e-04   7.9500000e+02
  -2.9698291e-04   8.1000000e+02
  -3.3383147e-04   8.2500000e+02
  -3.7672976e-04   8.4000000e+02
  -4.0531394e-04   8.5500000e+02
  -4.0427336e-04   8.7000000e+02
  -3.9011097e-04   8.8500000e+02
  -3.9468092e-04   9.0000000e+02
  -4.2458129e-04   9.1500000e+02
  -4.5719102e-04   9.3000000e+02
  -4.7584545e-04   9.4500000e+02
  -4.8600891e-04   9.6000000e+02
  -4.9432548e-04   9.7500000e+02
  -4.9672124e-04   9.9000000e+02
  -4.9482501e-04   1.0050000e+03
  -5.0125632e-04   1.0200000e+03
  -5.1875733e-04   1.0350000e+03
  -5.3329254e-04   1.0500000e+03
  -5.3644337e-04   1.0650000e+03
  -5.3747860e-04   1.0800000e+03
  -5.4620852e-04   1.0950000e+03
  -5.5922725e-04   1.1100000e+03
  -5.6921056e-04   1.1250000e+03
  -5.7544676e-04   1.1400000e+03
  -5.8007130e-04   1.1550000e+03
  -5.8271410e-04   1.1700000e+03
  -5.8288081e-04   1.1850000e+03
  -5.8253692e-04   1.2000000e+03
  -5.8402645e-04   1.2150000e+03
  -5.8844069e-04   1.2300000e+03
  -5.9738115e-04   1.2450000e+03
  -6.1373372e-04   1.2600000e+03
  -6.3802238e-04   1.2750000e+03
  -6.6491583e-04   1.2900000e+03
  -6.8600097e-04   1.3050000e+03
  -6.9610943e-04   1.3200000e+03
  -6.9625187e-04   1.3350000e+03
  -6.9288665e-04   1.3500000e+03
  -6.9570646e-04   1.3650000e+03
  -7.1135821e-04   1.3800000e+03
  -7.3543907e-04   1.3950000e+03
  -7.5458112e-04   1.4100000e+03
  -7.6077151e-04   1.4250000e+03
  -7.6067337e-04   1.4400000e+03
  -7.6745916e-04   1.4550000e+03
  -7.8612298e-04   1.4700000e+03
  -8.0960343e-04   1.4850000e+03
  -8.2737789e-04   1.5000000e+03
  -8.3579769e-04   1.5150000e+03
  -8.4083556e-04   1.5300000e+03
  -8.5125532e-04   1.5450000e+03
  -8.6887804e-04   1.5600000e+03
  -8.8695507e-04   1.5750000e+03
  -8.9914870e-04   1.5900000e+03
  -9.0768683e-04   1.6050000e+03
  -9.1970235e-04   1.6200000e+03
  -9.3703682e-04   1.6350000e+03
  -9.5400162e-04   1.6500000e+03
  -9.6590625e-04   1.6650000e+03
  -9.7545946e-04   1.6800000e+03
  -9.8786654e-04   1.6950000e+03
  -1.0028615e-03   1.7100000e+03
  -1.0160891e-03   1.7250000e+03
  -1.0267997e-03   1.7400000e+03
  -1.0390006e-03   1.7550000e+03
  -1.0547023e-03   1.7700000e+03
  -1.0708721e-03   1.7850000e+03
  -1.0846053e-03   1.8000000e+03
  -1.0973378e-03   1.8150000e+03
  -1.1117826e-03   1.8300000e+03
  -1.1277134e-03   1.8450000e+03
  -1.1431997e-03   1.8600000e+03
  -1.1579294e-03   1.8750000e+03
  -1.1729915e-03   1.8900000e+03
  -1.1886003e-03   1.9050000e+03
  -1.2040408e-03   1.9200000e+03
  -1.2192721e-03   1.9350000e+03
  -1.2350423e-03   1.9500000e+03
  -1.2517445e-03   1.9650000e+03
  -1.2692130e-03   1.9800000e+03
  -1.2873276e-03   1.9950000e+03
  -1.3059211e-03   2.0100000e+03
  -1.3243974e-03   2.0250000e+03
  -1.3423153e-03   2.0400000e+03
  -1.3601725e-03   2.0550000e+03
  -1.3789519e-03   2.0700000e+03
  -1.3991642e-03   2.0850000e+03
  -1.4208611e-03   2.1000000e+03
  -1.4441371e-03   2.1150000e+03
  -1.4689580e-03   2.1300000e+03
  -1.4947988e-03   2.1450000e+03
  -1.5210391e-03   2.1600000e+03
  -1.5475592e-03   2.1750000e+03
  -1.5745878e-03   2.1900000e+03
  -1.6021990e-03   2.2050000e+03
  -1.6303951e-03   2.2200000e+03
  -1.6595300e-03   2.2350000e+03
  -1.6901488e-03   2.2500000e+03
  -1.7223592e-03   2.2650000e+03
  -1.7557529e-03   2.2800000e+03
  -1.7899893e-03   2.2950000e+03
  -1.8251542e-03   2.3100000e+03
  -1.8614894e-03   2.3250000e+03
  -1.8990753e-03   2.3400000e+03
  -1.9379441e-03   2.3550000e+03
  -1.9783124e-03   2.3700000e+03
  -2.0205805e-03   2.3850000e+03
  -2.0651191e-03   2.4000000e+03
  -2.1121348e-03   2.4150000e+03
  -2.1617385e-03   2.4300000e+03
  -2.2141368e-03   2.4450000e+03
  -2.2696278e-03   2.4600000e+03
  -2.3283537e-03   2.4750000e+03
  -2.3901216e-03   2.4900000e+03
  -2.4545456e-03   2.5050000e+03
  -2.5213661e-03   2.5200000e+03
  -2.5906172e-03   2.5350000e+03
  -2.6625260e-03   2.5500000e+03
  -2.7374034e-03   2.5650000e+03
  -2.8157111e-03   2.5800000e+03
  -2.8981634e-03   2.5950000e+03
  -2.9856327e-03   2.6100000e+03
  -3.0788521e-03   2.6250000e+03
  -3.1781194e-03   2.6400000e+03
  -3.2833524e-03   2.6550000e+03
  -3.3943995e-03   2.6700000e+03
  -3.5113271e-03   2.6850000e+03
  -3.6344957e-03   2.7000000e+03
  -3.7645339e-03   2.7150000e+03
  -3.9022777e-03   2.7300000e+03
  -4.0486753e-03   2.7450000e+03
  -4.2047296e-03   2.7600000e+03
  -4.3716151e-03   2.7750000e+03
  -4.5509185e-03   2.7900000e+03
  -4.7447425e-03   2.8050000e+03
  -4.9555153e-03   2.8200000e+03
  -5.1857256e-03   2.8350000e+03
  -5.4379008e-03   2.8500000e+03
  -5.7146926e-03   2.8650000e+03
  -6.0186684e-03   2.8800000e+03
  -6.3516130e-03   2.8950000e+03
  -6.7134448e-03   2.9100000e+03
  -7.1001528e-03   2.9250000e+03
  -7.4988534e-03   2.9400000e+03
  -7.8772139e-03   2.9550000e+03
  -8.1647830e-03   2.9700000e+03
  -8.2251346e-03   2.9850000e+03
  -7.8201378e-03   3.0000000e+03
  -6.5721753e-03   3.0150000e+03
  -3.9380784e-03   3.0300000e+03
   7.8132446e-04   3.0450000e+03
   8.3644819e-03   3.0600000e+03
   1.9496351e-02   3.0750000e+03
   3.4492556e-02   3.0900000e+03
   5.2958906e-02   3.1050000e+03
   7.3487066e-02   3.1200000e+03
   9.3543001e-02   3.1350000e+03
   1.0971448e-01   3.1500000e+03
   1.1840727e-01   3.1650000e+03
   1.1690316e-01   3.1800000e+03
   1.0446303e-01   3.1950000e+03
   8.2987905e-02   3.2100000e+03
   5.6781814e-02   3.2250000e+03
   3.1271551e-02   3.2400000e+03
   1.1056411e-02   3.2550000e+03
  -1.8685688e-03   3.2700000e+03
  -8.7713385e-03   3.2850000e+03
  -1.3231376e-02   3.3000000e+03
  -1.8945519e-02   3.3150000e+03
  -2.7451143e-02   3.3300000e+03
  -3.7106875e-02   3.3450000e+03
  -4.4012517e-02   3.3600000e+03
  -4.4383403e-02   3.3750000e+03
  -3.6959182e-02   3.3900000e+03
  -2.3975551e-02   3.4050000e+03
  -1.0131580e-02   3.4200000e+03
  -2.4203314e-04   3.4350000e+03
   2.9807219e-03   3.4500000e+03
  -2.0055546e-04   3.4650000e+03
  -7.2555705e-03   3.4800000e+03
  -1.4919450e-02   3.4950000e+03
  -2.0483973e-02   3.5100000e+03
  -2.2281032e-02   3.5250000e+03
  -1.9614086e-02   3.5400000e+03
  -1.2801775e-02   3.5550000e+03
  -3.6078230e-03   3.5700000e+03
   4.5106532e-03   3.5850000e+03
   7.3101781e-03   3.6000000e+03
   2.1020069e-03   3.6150000e+03
  -9.6623329e-03   3.6300000e+03
  -2.1706266e-02   3.6450000e+03
  -2.5551343e-02   3.6600000e+03
  -1.5578543e-02   3.6750000e+03
   6.5352111e-03   3.6900000e+03
   3.1338658e-02   3.7050000e+03
   4.6238512e-02   3.7200000e+03
   4.2999774e-02   3.7350000e+03
   2.3448782e-02   3.7500000e+03
  -8.8825508e-04   3.7650000e+03
  -1.5889781e-02   3.7800000e+03
  -1.4423811e-02   3.7950000e+03
  -1.4704934e-03   3.8100000e+03
   9.6210595e-03   3.8250000e+03
   7.3483917e-03   3.8400000e+03
  -9.3040057e-03   3.8550000e+03
  -3.0866893e-02   3.8700000e+03
  -4.5698326e-02   3.8850000e+03
  -4.9084064e-02   3.9000000e+03
  -4.5403898e-02   3.9150000e+03
  -4.2395689e-02   3.9300000e+03
  -4.3517556e-02   3.9450000e+03
  -4.5211542e-02   3.9600000e+03
  -4.0639956e-02   3.9750000e+03
  -2.5807485e-02   3.9900000e+03
  -2.8665231e-03   4.0050000e+03
   2.1194717e-02   4.0200000e+03
   3.8322877e-02   4.0350000e+03
   4.2541362e-02   4.0500000e+03
   3.1505495e-02   4.0650000e+03
   7.6476163e-03   4.0800000e+03
  -2.0467954e-02   4.0950000e+03
  -3.8445015e-02   4.1100000e+03
  -3.0721316e-02   4.1250000e+03
   1.0685099e-02   4.1400000e+03
   7.8219317e-02   4.1550000e+03
   1.4793178e-01   4.1700000e+03
   1.8820134e-01   4.1850000e+03
   1.7428456e-01   4.2000000e+03
   1.0117430e-01   4.2150000e+03
  -1.1718515e-02   4.2300000e+03
  -1.2629181e-01   4.2450000e+03
  -1.9968227e-01   4.2600000e+03
  -2.0131820e-01   4.2750000e+03
  -1.2677613e-01   4.2900000e+03
  -2.3943756e-03   4.3050000e+03
   1.2297247e-01   4.3200000e+03
   1.9762422e-01   4.3350000e+03
   1.9050284e-01   4.3500000e+03
   1.0715990e-01   4.3650000e+03
  -1.1190052e-02   4.3800000e+03
  -1.0719317e-01   4.3950000e+03
  -1.3706233e-01   4.4100000e+03
  -9.4888166e-02   4.4250000e+03
  -1.6351972e-02   4.4400000e+03
   4.3416221e-02   4.4550000e+03
   4.6792787e-02   4.4700000e+03
   1.3222788e-03   4.4850000e+03
  -4.4273794e-02   4.5000000e+03
