  -4.1746162e-03   0.0000000e+00
  -4.1741855e-03   1.5000000e+01
  -4.1731265e-03   3.0000000e+01
  -4.1723629e-03   4.5000000e+01
  -4.1733556e-03   6.0000000e+01
  -4.1772583e-03   7.5000000e+01
  -4.1838526e-03   9.0000000e+01
  -4.1919658e-03   1.0500000e+02
  -4.2009675e-03   1.2000000e+02
  -4.2118826e-03   1.3500000e+02
  -4.2266981e-03   1.5000000e+02
  -4.2464691e-03   1.6500000e+02
  -4.2712884e-03   1.8000000e+02
  -4.3016295e-03   1.9500000e+02
  -4.3382701e-03   2.1000000e+02
  -4.3815500e-03   2.2500000e+02
  -4.4307136e-03   2.4000000e+02
  -4.4832840e-03   2.5500000e+02
  -4.5365002e-03   2.7000000e+02
  -4.5896103e-03   2.8500000e+02
  -4.6432917e-03   3.0000000e+02
  -4.6975166e-03   3.1500000e+02
  -4.7506969e-03   3.3000000e+02
  -4.7996431e-03   3.4500000e+02
  -4.8400695e-03   3.6000000e+02
  -4.8682624e-03   3.7500000e+02
  -4.8828446e-03   3.9000000e+02
  -4.8852582e-03   4.0500000e+02
  -4.8781992e-03   4.2000000e+02
  -4.8616463e-03   4.3500000e+02
  -4.8298957e-03   4.5000000e+02
  -4.7745863e-03   4.6500000e+02
  -4.6912599e-03   4.8000000e+02
  -4.5812340e-03   4.9500000e+02
  -4.4469517e-03   5.1000000e+02
  -4.2879200e-03   5.2500000e+02
  -4.1025244e-03   5.4000000e+02
  -3.8907528e-03   5.5500000e+02
  -3.6512259e-03   5.7000000e+02
  -3.3776290e-03   5.8500000e+02
  -3.0619823e-03   6.0000000e+02
  -2.6985221e-03   6.1500000e+02
  -2.2809140e-03   6.3000000e+02
  -1.7995907e-03   6.4500000e+02
  -1.2446571e-03   6.6000000e+02
  -6.0740806e-04   6.7500000e+02
   1.2205892e-04   6.9000000e+02
   9.5486600e-04   7.0500000e+02
   1.9016415e-03   7.2000000e+02
   2.9745761e-03   7.3500000e+02
   4.1902754e-03   7.5000000e+02
   5.5693467e-03   7.6500000e+02
   7.1367645e-03   7.8000000e+02
   8.9252563e-03   7.9500000e+02
   1.0976515e-02   8.1000000e+02
   1.3335786e-02   8.2500000e+02
   1.6041957e-02   8.4000000e+02
   1.9119624e-02   8.5500000e+02
   2.2574414e-02   8.7000000e+02
   2.6389644e-02   8.8500000e+02
   3.0537199e-02   9.0000000e+02
   3.5013620e-02   9.1500000e+02
   3.9874882e-02   9.3000000e+02
   4.5234218e-02   9.4500000e+02
   5.1230725e-02   9.6000000e+02
   5.7999935e-02   9.7500000e+02
   6.5657526e-02   9.9000000e+02
   7.4297294e-02   1.0050000e+03
   8.4010474e-02   1.0200000e+03
   9.4909854e-02   1.0350000e+03
   1.0710563e-01   1.0500000e+03
   1.2061419e-01   1.0650000e+03
   1.3528270e-01   1.0800000e+03
   1.5083201e-01   1.0950000e+03
   1.6698416e-01   1.1100000e+03
   1.8351845e-01   1.1250000e+03
   2.0017843e-01   1.1400000e+03
   2.1652827e-01   1.1550000e+03
   2.3190811e-01   1.1700000e+03
   2.4553223e-01   1.1850000e+03
   2.5666240e-01   1.2000000e+03
   2.6476610e-01   1.2150000e+03
   2.6961562e-01   1.2300000e+03
   2.7133122e-01   1.2450000e+03
   2.7035603e-01   1.2600000e+03
   2.6731491e-01   1.2750000e+03
   2.6275957e-01   1.2900000e+03
   2.5693080e-01   1.3050000e+03
   2.4971436e-01   1.3200000e+03
   2.4084078e-01   1.3350000e+03
   2.3017941e-01   1.3500000e+03
   2.1790001e-01   1.3650000e+03
   2.0440671e-01   1.3800000e+03
   1.9014691e-01   1.3950000e+03
   1.7546551e-01   1.4100000e+03
   1.6059630e-01   1.4250000e+03
   1.4576916e-01   1.4400000e+03
   1.3132603e-01   1.4550000e+03
   1.1771375e-01   1.4700000e+03
   1.0532209e-01   1.4850000e+03
   9.4314761e-02   1.5000000e+03
   8.4640935e-02   1.5150000e+03
   7.6208197e-02   1.5300000e+03
   6.8987645e-02   1.5450000e+03
   6.2922426e-02   1.5600000e+03
   5.7803322e-02   1.5750000e+03
   5.3325821e-02   1.5900000e+03
   4.9269877e-02   1.6050000e+03
   4.5567811e-02   1.6200000e+03
   4.2209096e-02   1.6350000e+03
   3.9162137e-02   1.6500000e+03
   3.6411047e-02   1.6650000e+03
   3.3987094e-02   1.6800000e+03
   3.1900648e-02   1.6950000e+03
   3.0077225e-02   1.7100000e+03
   2.8409040e-02   1.7250000e+03
   2.6848923e-02   1.7400000e+03
   2.5418686e-02   1.7550000e+03
   2.4145225e-02   1.7700000e+03
   2.3020778e-02   1.7850000e+03
   2.2007367e-02   1.8000000e+03
   2.1040462e-02   1.8150000e+03
   2.0027619e-02   1.8300000e+03
   1.8870162e-02   1.8450000e+03
   1.7495008e-02   1.8600000e+03
   1.5858676e-02   1.8750000e+03
   1.3925195e-02   1.8900000e+03
   1.1650273e-02   1.9050000e+03
   8.9836270e-03   1.9200000e+03
   5.8774627e-03   1.9350000e+03
   2.2929853e-03   1.9500000e+03
  -1.7954696e-03   1.9650000e+03
  -6.4003067e-03   1.9800000e+03
  -1.1524155e-02   1.9950000e+03
  -1.7162705e-02   2.0100000e+03
  -2.3306459e-02   2.0250000e+03
  -2.9944018e-02   2.0400000e+03
  -3.7062850e-02   2.0550000e+03
  -4.4639423e-02   2.0700000e+03
  -5.2619863e-02   2.0850000e+03
  -6.0905017e-02   2.1000000e+03
  -6.9355711e-02   2.1150000e+03
  -7.7822998e-02   2.1300000e+03
  -8.6188994e-02   2.1450000e+03
  -9.4389632e-02   2.1600000e+03
  -1.0240117e-01   2.1750000e+03
  -1.1020359e-01   2.1900000e+03
  -1.1775176e-01   2.2050000e+03
  -1.2497007e-01   2.2200000e+03
  -1.3176310e-01   2.2350000e+03
  -1.3802953e-01   2.2500000e+03
  -1.4367253e-01   2.2650000e+03
  -1.4860280e-01   2.2800000e+03
  -1.5273397e-01   2.2950000e+03
  -1.5597896e-01   2.3100000e+03
  -1.5826046e-01   2.3250000e+03
  -1.5953360e-01   2.3400000e+03
  -1.5980190e-01   2.3550000e+03
  -1.5911104e-01   2.3700000e+03
  -1.5752956e-01   2.3850000e+03
  -1.5513873e-01   2.4000000e+03
  -1.5203685e-01   2.4150000e+03
  -1.4833963e-01   2.4300000e+03
  -1.4416197e-01   2.4450000e+03
  -1.3959500e-01   2.4600000e+03
  -1.3470407e-01   2.4750000e+03
  -1.2954968e-01   2.4900000e+03
  -1.2420592e-01   2.5050000e+03
  -1.1875540e-01   2.5200000e+03
  -1.1327033e-01   2.5350000e+03
  -1.0780482e-01   2.5500000e+03
  -1.0240540e-01   2.5650000e+03
  -9.7121604e-02   2.5800000e+03
  -9.1998607e-02   2.5950000e+03
  -8.7059021e-02   2.6100000e+03
  -8.2297482e-02   2.6250000e+03
  -7.7698544e-02   2.6400000e+03
  -7.3261045e-02   2.6550000e+03
  -6.9005430e-02   2.6700000e+03
  -6.4959794e-02   2.6850000e+03
  -6.1141837e-02   2.7000000e+03
  -5.7552796e-02   2.7150000e+03
  -5.4183457e-02   2.7300000e+03
  -5.1021885e-02   2.7450000e+03
  -4.8054982e-02   2.7600000e+03
  -4.5262843e-02   2.7750000e+03
  -4.2611428e-02   2.7900000e+03
  -4.0052302e-02   2.8050000e+03
  -3.7533451e-02   2.8200000e+03
  -3.5013728e-02   2.8350000e+03
  -3.2469030e-02   2.8500000e+03
  -2.9888811e-02   2.8650000e+03
  -2.7273051e-02   2.8800000e+03
  -2.4635414e-02   2.8950000e+03
  -2.2005824e-02   2.9100000e+03
  -1.9424526e-02   2.9250000e+03
  -1.6929885e-02   2.9400000e+03
  -1.4548083e-02   2.9550000e+03
  -1.2289059e-02   2.9700000e+03
  -1.0148482e-02   2.9850000e+03
  -8.1137959e-03   3.0000000e+03
  -6.1703655e-03   3.0150000e+03
  -4.3037143e-03   3.0300000e+03
  -2.4993361e-03   3.0450000e+03
  -7.4548653e-04   3.0600000e+03
   9.6056645e-04   3.0750000e+03
   2.6094955e-03   3.0900000e+03
   4.1853725e-03   3.1050000e+03
   5.6772754e-03   3.1200000e+03
   7.0899976e-03   3.1350000e+03
   8.4472941e-03   3.1500000e+03
   9.7845709e-03   3.1650000e+03
   1.1134809e-02   3.1800000e+03
   1.2518349e-02   3.1950000e+03
   1.3944625e-02   3.2100000e+03
   1.5421869e-02   3.2250000e+03
   1.6963433e-02   3.2400000e+03
   1.8584900e-02   3.2550000e+03
   2.0295907e-02   3.2700000e+03
   2.2092968e-02   3.2850000e+03
   2.3955932e-02   3.3000000e+03
   2.5848825e-02   3.3150000e+03
   2.7726177e-02   3.3300000e+03
   2.9543906e-02   3.3450000e+03
   3.1269792e-02   3.3600000e+03
   3.2887910e-02   3.3750000e+03
   3.4396026e-02   3.3900000e+03
   3.5800036e-02   3.4050000e+03
   3.7109137e-02   3.4200000e+03
   3.8332012e-02   3.4350000e+03
   3.9473269e-02   3.4500000e+03
   4.0531214e-02   3.4650000e+03
   4.1497335e-02   3.4800000e+03
   4.2355657e-02   3.4950000e+03
   4.3081742e-02   3.5100000e+03
   4.3645691e-02   3.5250000e+03
   4.4021998e-02   3.5400000e+03
   4.4200357e-02   3.5550000e+03
   4.4187393e-02   3.5700000e+03
   4.3997027e-02   3.5850000e+03
   4.3638274e-02   3.6000000e+03
   4.3110240e-02   3.6150000e+03
   4.2405635e-02   3.6300000e+03
   4.1517075e-02   3.6450000e+03
   4.0440444e-02   3.6600000e+03
   3.9173421e-02   3.6750000e+03
   3.7711222e-02   3.6900000e+03
   3.6043935e-02   3.7050000e+03
   3.4159284e-02   3.7200000e+03
   3.2049488e-02   3.7350000e+03
   2.9716056e-02   3.7500000e+03
   2.7167853e-02   3.7650000e+03
   2.4415232e-02   3.7800000e+03
   2.1467092e-02   3.7950000e+03
   1.8334238e-02   3.8100000e+03
   1.5035979e-02   3.8250000e+03
   1.1604827e-02   3.8400000e+03
   8.0868751e-03   3.8550000e+03
   4.5383233e-03   3.8700000e+03
   1.0199104e-03   3.8850000e+03
  -2.4088426e-03   3.9000000e+03
  -5.6940932e-03   3.9150000e+03
  -8.7905983e-03   3.9300000e+03
  -1.1663832e-02   3.9450000e+03
  -1.4291479e-02   3.9600000e+03
  -1.6663205e-02   3.9750000e+03
  -1.8777886e-02   3.9900000e+03
  -2.0639634e-02   4.0050000e+03
  -2.2255145e-02   4.0200000e+03
  -2.3634022e-02   4.0350000e+03
  -2.4791358e-02   4.0500000e+03
  -2.5749924e-02   4.0650000e+03
  -2.6539326e-02   4.0800000e+03
  -2.7190991e-02   4.0950000e+03
  -2.7730884e-02   4.1100000e+03
  -2.8174294e-02   4.1250000e+03
  -2.8526353e-02   4.1400000e+03
  -2.8787879e-02   4.1550000e+03
  -2.8962240e-02   4.1700000e+03
  -2.9059136e-02   4.1850000e+03
  -2.9094920e-02   4.2000000e+03
  -2.9091619e-02   4.2150000e+03
  -2.9076079e-02   4.2300000e+03
  -2.9078167e-02   4.2450000e+03
  -2.9126776e-02   4.2600000e+03
  -2.9244579e-02   4.2750000e+03
  -2.9444402e-02   4.2900000e+03
  -2.9728949e-02   4.3050000e+03
  -3.0092806e-02   4.3200000e+03
  -3.0524498e-02   4.3350000e+03
  -3.1008344e-02   4.3500000e+03
  -3.1527609e-02   4.3650000e+03
  -3.2069333e-02   4.3800000e+03
  -3.2628398e-02   4.3950000e+03
  -3.3207785e-02   4.4100000e+03
  -3.3814993e-02   4.4250000e+03
  -3.4457400e-02   4.4400000e+03
  -3.5138972e-02   4.4550000e+03
  -3.5858110e-02   4.4700000e+03
  -3.6605433e-02   4.4850000e+03
  -3.7361972e-02   4.5000000e+03
