  -3.4300928e-04   7.6500000e+02
  -3.2508009e-04   7.8000000e+02
  -3.4467847e-04   7.9500000e+02
  -3.8044035e-04   8.1000000e+02
  -4.2890938e-04   8.2500000e+02
  -4.8439228e-04   8.4000000e+02
  -5.2097673e-04   8.5500000e+02
  -5.1953999e-04   8.7000000e+02
  -5.0120539e-04   8.8500000e+02
  -5.0662644e-04   9.0000000e+02
  -5.4473244e-04   9.1500000e+02
  -5.8720377e-04   9.3000000e+02
  -6.1240612e-04   9.4500000e+02
  -6.2627776e-04   9.6000000e+02
  -6.3688500e-04   9.7500000e+02
  -6.3962332e-04   9.9000000e+02
  -6.3722197e-04   1.0050000e+03
  -6.4585649e-04   1.0200000e+03
  -6.6883944e-04   1.0350000e+03
  -6.8808498e-04   1.0500000e+03
  -6.9254485e-04   1.0650000e+03
  -6.9389638e-04   1.0800000e+03
  -7.0507335e-04   1.0950000e+03
  -7.2222453e-04   1.1100000e+03
  -7.3581270e-04   1.1250000e+03
  -7.4428116e-04   1.1400000e+03
  -7.5014896e-04   1.1550000e+03
  -7.5331598e-04   1.1700000e+03
  -7.5344153e-04   1.1850000e+03
  -7.5289299e-04   1.2000000e+03
  -7.5446494e-04   1.2150000e+03
  -7.5973041e-04   1.2300000e+03
  -7.7121583e-04   1.2450000e+03
  -7.9288386e-04   1.2600000e+03
  -8.2519895e-04   1.2750000e+03
  -8.6090283e-04   1.2900000e+03
  -8.8886748e-04   1.3050000e+03
  -9.0219174e-04   1.3200000e+03
  -9.0201548e-04   1.3350000e+03
  -8.9689193e-04   1.3500000e+03
  -8.9993316e-04   1.3650000e+03
  -9.2014612e-04   1.3800000e+03
  -9.5159130e-04   1.3950000e+03
  -9.7633072e-04   1.4100000e+03
  -9.8364206e-04   1.4250000e+03
  -9.8250143e-04   1.4400000e+03
  -9.9067460e-04   1.4550000e+03
  -1.0149439e-03   1.4700000e+03
  -1.0457475e-03   1.4850000e+03
  -1.0687406e-03   1.5000000e+03
  -1.0789257e-03   1.5150000e+03
  -1.0844549e-03   1.5300000e+03
  -1.0972746e-03   1.5450000e+03
  -1.1198837e-03   1.5600000e+03
  -1.1431471e-03   1.5750000e+03
  -1.1584632e-03   1.5900000e+03
  -1.1688044e-03   1.6050000e+03
  -1.1837929e-03   1.6200000e+03
  -1.2059290e-03   1.6350000e+03
  -1.2275371e-03   1.6500000e+03
  -1.2422964e-03   1.6650000e+03
  -1.2539157e-03   1.6800000e+03
