  -3.8366011e-04   7.6500000e+02
  -4.2176002e-04   7.8000000e+02
  -4.1966472e-04   7.9500000e+02
  -4.7209742e-04   8.1000000e+02
  -5.1248708e-04   8.2500000e+02
  -4.6681560e-04   8.4000000e+02
  -4.0489295e-04   8.5500000e+02
  -4.1964071e-04   8.7000000e+02
  -4.3800764e-04   8.8500000e+02
  -3.0631069e-04   9.0000000e+02
  -2.7508668e-05   9.1500000e+02
   2.5624613e-04   9.3000000e+02
   5.2538706e-04   9.4500000e+02
   9.6536637e-04   9.6000000e+02
   1.7612063e-03   9.7500000e+02
   2.9760404e-03   9.9000000e+02
   4.6949964e-03   1.0050000e+03
   7.1611721e-03   1.0200000e+03
   1.0741576e-02   1.0350000e+03
   1.5933750e-02   1.0500000e+03
   2.3521159e-02   1.0650000e+03
   3.4694009e-02   1.0800000e+03
   5.1090859e-02   1.0950000e+03
   7.4949265e-02   1.1100000e+03
   1.0934832e-01   1.1250000e+03
   1.5825740e-01   1.1400000e+03
   2.2624959e-01   1.1550000e+03
   3.1793460e-01   1.1700000e+03
   4.3698901e-01   1.1850000e+03
   5.8442748e-01   1.2000000e+03
   7.5594103e-01   1.2150000e+03
   9.3870902e-01   1.2300000e+03
   1.1087950e+00   1.2450000e+03
   1.2308710e+00   1.2600000e+03
   1.2623019e+00   1.2750000e+03
   1.1629729e+00   1.2900000e+03
   9.1000235e-01   1.3050000e+03
   5.1293975e-01   1.3200000e+03
   2.2000615e-02   1.3350000e+03
  -4.7797430e-01   1.3500000e+03
  -8.9020002e-01   1.3650000e+03
  -1.1389581e+00   1.3800000e+03
  -1.1985025e+00   1.3950000e+03
  -1.1018491e+00   1.4100000e+03
  -9.2212236e-01   1.4250000e+03
  -7.3507953e-01   1.4400000e+03
  -5.8449769e-01   1.4550000e+03
  -4.7141930e-01   1.4700000e+03
  -3.7186283e-01   1.4850000e+03
  -2.6677603e-01   1.5000000e+03
  -1.5983123e-01   1.5150000e+03
  -7.0901982e-02   1.5300000e+03
  -1.5207550e-02   1.5450000e+03
   1.0335458e-02   1.5600000e+03
   2.1600751e-02   1.5750000e+03
   3.0740539e-02   1.5900000e+03
   3.6558665e-02   1.6050000e+03
   3.0079180e-02   1.6200000e+03
   6.9101830e-03   1.6350000e+03
  -2.7282724e-02   1.6500000e+03
  -6.1918292e-02   1.6650000e+03
  -8.9338697e-02   1.6800000e+03
