  -1.6516197e-03   1.5000000e+03
  -1.6762770e-03   1.5150000e+03
  -1.7028823e-03   1.5300000e+03
  -1.7332183e-03   1.5450000e+03
  -1.7660426e-03   1.5600000e+03
  -1.7984706e-03   1.5750000e+03
  -1.8304627e-03   1.5900000e+03
  -1.8649432e-03   1.6050000e+03
  -1.9032496e-03   1.6200000e+03
  -1.9435366e-03   1.6350000e+03
  -1.9838721e-03   1.6500000e+03
  -2.0239875e-03   1.6650000e+03
  -2.0637040e-03   1.6800000e+03
  -2.1021774e-03   1.6950000e+03
  -2.1395697e-03   1.7100000e+03
  -2.1781088e-03   1.7250000e+03
  -2.2206693e-03   1.7400000e+03
  -2.2680075e-03   1.7550000e+03
  -2.3170570e-03   1.7700000e+03
  -2.3628040e-03   1.7850000e+03
  -2.4028805e-03   1.8000000e+03
  -2.4395420e-03   1.8150000e+03
  -2.4763327e-03   1.8300000e+03
  -2.5142371e-03   1.8450000e+03
  -2.5522134e-03   1.8600000e+03
  -2.5899420e-03   1.8750000e+03
  -2.6282219e-03   1.8900000e+03
  -2.6674909e-03   1.9050000e+03
  -2.7074916e-03   1.9200000e+03
  -2.7478163e-03   1.9350000e+03
  -2.7876268e-03   1.9500000e+03
  -2.8255740e-03   1.9650000e+03
  -2.8612264e-03   1.9800000e+03
  -2.8959967e-03   1.9950000e+03
  -2.9316316e-03   2.0100000e+03
  -2.9682927e-03   2.0250000e+03
  -3.0048823e-03   2.0400000e+03
  -3.0404662e-03   2.0550000e+03
  -3.0741217e-03   2.0700000e+03
  -3.1035715e-03   2.0850000e+03
  -3.1251118e-03   2.1000000e+03
  -3.1351831e-03   2.1150000e+03
  -3.1312527e-03   2.1300000e+03
  -3.1108714e-03   2.1450000e+03
  -3.0707393e-03   2.1600000e+03
  -3.0071628e-03   2.1750000e+03
  -2.9163857e-03   2.1900000e+03
