  -4.3972945e-04   7.6500000e+02
  -3.9818132e-04   7.8000000e+02
  -4.4165857e-04   7.9500000e+02
  -5.7845673e-04   8.1000000e+02
  -7.2823546e-04   8.2500000e+02
  -8.2033902e-04   8.4000000e+02
  -8.7250595e-04   8.5500000e+02
  -9.3204196e-04   8.7000000e+02
  -9.8793802e-04   8.8500000e+02
  -1.0090622e-03   9.0000000e+02
  -1.0368666e-03   9.1500000e+02
  -1.1504790e-03   9.3000000e+02
  -1.3416570e-03   9.4500000e+02
  -1.5112736e-03   9.6000000e+02
  -1.6040702e-03   9.7500000e+02
  -1.6683282e-03   9.9000000e+02
  -1.7664793e-03   1.0050000e+03
  -1.9037958e-03   1.0200000e+03
  -2.0611202e-03   1.0350000e+03
  -2.2228884e-03   1.0500000e+03
  -2.3585942e-03   1.0650000e+03
  -2.4452296e-03   1.0800000e+03
  -2.5144911e-03   1.0950000e+03
  -2.6140450e-03   1.1100000e+03
  -2.7231073e-03   1.1250000e+03
  -2.7649482e-03   1.1400000e+03
  -2.6970536e-03   1.1550000e+03
  -2.5334454e-03   1.1700000e+03
  -2.2782185e-03   1.1850000e+03
  -1.8852289e-03   1.2000000e+03
  -1.2982145e-03   1.2150000e+03
  -5.0090539e-04   1.2300000e+03
   5.0035480e-04   1.2450000e+03
   1.7418190e-03   1.2600000e+03
   3.3341243e-03   1.2750000e+03
   5.4355818e-03   1.2900000e+03
   8.2241399e-03   1.3050000e+03
   1.1902378e-02   1.3200000e+03
   1.6698329e-02   1.3350000e+03
   2.2846518e-02   1.3500000e+03
   3.0605206e-02   1.3650000e+03
   4.0340751e-02   1.3800000e+03
   5.2613888e-02   1.3950000e+03
   6.8185419e-02   1.4100000e+03
   8.7946907e-02   1.4250000e+03
   1.1285582e-01   1.4400000e+03
   1.4392644e-01   1.4550000e+03
   1.8223168e-01   1.4700000e+03
   2.2880743e-01   1.4850000e+03
   2.8438511e-01   1.5000000e+03
   3.4896374e-01   1.5150000e+03
   4.2128471e-01   1.5300000e+03
   4.9827364e-01   1.5450000e+03
   5.7454115e-01   1.5600000e+03
   6.4213228e-01   1.5750000e+03
   6.9083202e-01   1.5900000e+03
   7.0935386e-01   1.6050000e+03
   6.8754345e-01   1.6200000e+03
   6.1932510e-01   1.6350000e+03
   5.0565392e-01   1.6500000e+03
   3.5639143e-01   1.6650000e+03
   1.8992139e-01   1.6800000e+03
