  -8.7650499e-04   1.5000000e+03
  -8.8147563e-04   1.5150000e+03
  -8.8711438e-04   1.5300000e+03
  -8.9513371e-04   1.5450000e+03
  -9.0569508e-04   1.5600000e+03
  -9.1593602e-04   1.5750000e+03
  -9.2424487e-04   1.5900000e+03
  -9.3232986e-04   1.6050000e+03
  -9.4191212e-04   1.6200000e+03
  -9.5295953e-04   1.6350000e+03
  -9.6535240e-04   1.6500000e+03
  -9.7913668e-04   1.6650000e+03
  -9.9338766e-04   1.6800000e+03
  -1.0072731e-03   1.6950000e+03
  -1.0216204e-03   1.7100000e+03
  -1.0376127e-03   1.7250000e+03
  -1.0545611e-03   1.7400000e+03
  -1.0700516e-03   1.7550000e+03
  -1.0818491e-03   1.7700000e+03
  -1.0895078e-03   1.7850000e+03
  -1.0948377e-03   1.8000000e+03
  -1.1005226e-03   1.8150000e+03
  -1.1076230e-03   1.8300000e+03
  -1.1152416e-03   1.8450000e+03
  -1.1231239e-03   1.8600000e+03
  -1.1329077e-03   1.8750000e+03
  -1.1456991e-03   1.8900000e+03
  -1.1600123e-03   1.9050000e+03
  -1.1733994e-03   1.9200000e+03
  -1.1849320e-03   1.9350000e+03
  -1.1951036e-03   1.9500000e+03
  -1.2044408e-03   1.9650000e+03
  -1.2134475e-03   1.9800000e+03
  -1.2233356e-03   1.9950000e+03
  -1.2353311e-03   2.0100000e+03
  -1.2489144e-03   2.0250000e+03
  -1.2617956e-03   2.0400000e+03
  -1.2724351e-03   2.0550000e+03
  -1.2820769e-03   2.0700000e+03
  -1.2934546e-03   2.0850000e+03
  -1.3076358e-03   2.1000000e+03
  -1.3229530e-03   2.1150000e+03
  -1.3371429e-03   2.1300000e+03
  -1.3499465e-03   2.1450000e+03
  -1.3632652e-03   2.1600000e+03
  -1.3789384e-03   2.1750000e+03
  -1.3967192e-03   2.1900000e+03
