  -1.3690776e-03   1.5000000e+03
  -1.3847672e-03   1.5150000e+03
  -1.4018933e-03   1.5300000e+03
  -1.4223312e-03   1.5450000e+03
  -1.4454471e-03   1.5600000e+03
  -1.4682660e-03   1.5750000e+03
  -1.4899622e-03   1.5900000e+03
  -1.5128747e-03   1.6050000e+03
  -1.5384756e-03   1.6200000e+03
  -1.5657254e-03   1.6350000e+03
  -1.5935843e-03   1.6500000e+03
  -1.6220778e-03   1.6650000e+03
  -1.6507637e-03   1.6800000e+03
  -1.6786916e-03   1.6950000e+03
  -1.7061209e-03   1.7100000e+03
  -1.7347534e-03   1.7250000e+03
  -1.7660295e-03   1.7400000e+03
  -1.7994988e-03   1.7550000e+03
  -1.8325138e-03   1.7700000e+03
  -1.8619727e-03   1.7850000e+03
  -1.8872286e-03   1.8000000e+03
  -1.9106970e-03   1.8150000e+03
  -1.9348641e-03   1.8300000e+03
  -1.9598890e-03   1.8450000e+03
  -1.9850428e-03   1.8600000e+03
  -2.0108758e-03   1.8750000e+03
  -2.0384099e-03   1.8900000e+03
  -2.0673985e-03   1.9050000e+03
  -2.0968120e-03   1.9200000e+03
  -2.1262178e-03   1.9350000e+03
  -2.1555964e-03   1.9500000e+03
  -2.1846471e-03   1.9650000e+03
  -2.2134753e-03   1.9800000e+03
  -2.2434143e-03   1.9950000e+03
  -2.2759892e-03   2.0100000e+03
  -2.3112502e-03   2.0250000e+03
  -2.3479883e-03   2.0400000e+03
  -2.3855236e-03   2.0550000e+03
  -2.4244133e-03   2.0700000e+03
  -2.4651997e-03   2.0850000e+03
  -2.5071560e-03   2.1000000e+03
  -2.5486536e-03   2.1150000e+03
  -2.5883638e-03   2.1300000e+03
  -2.6258237e-03   2.1450000e+03
  -2.6614147e-03   2.1600000e+03
  -2.6962711e-03   2.1750000e+03
  -2.7317519e-03   2.1900000e+03
