   2.0299302e-03   7.6500000e+02
   2.1267633e-03   7.8000000e+02
   2.1099183e-03   7.9500000e+02
   1.9609069e-03   8.1000000e+02
   1.7822913e-03   8.2500000e+02
   1.6621095e-03   8.4000000e+02
   1.5681435e-03   8.5500000e+02
   1.4353446e-03   8.7000000e+02
   1.2892912e-03   8.8500000e+02
   1.1862939e-03   9.0000000e+02
   1.0746757e-03   9.1500000e+02
   8.3834009e-04   9.3000000e+02
   4.7275843e-04   9.4500000e+02
   9.6013260e-05   9.6000000e+02
  -2.3129478e-04   9.7500000e+02
  -5.8321399e-04   9.9000000e+02
  -1.0443198e-03   1.0050000e+03
  -1.6186722e-03   1.0200000e+03
  -2.2847780e-03   1.0350000e+03
  -3.0358105e-03   1.0500000e+03
  -3.8450381e-03   1.0650000e+03
  -4.6815090e-03   1.0800000e+03
  -5.5471519e-03   1.0950000e+03
  -6.3509177e-03   1.1100000e+03
  -6.6100610e-03   1.1250000e+03
  -5.0697243e-03   1.1400000e+03
   9.0841507e-04   1.1550000e+03
   1.6416965e-02   1.1700000e+03
   5.0238747e-02   1.1850000e+03
   1.1504874e-01   1.2000000e+03
   2.2454557e-01   1.2150000e+03
   3.8529703e-01   1.2300000e+03
   5.8275777e-01   1.2450000e+03
   7.6573479e-01   1.2600000e+03
   8.4082568e-01   1.2750000e+03
   6.9305122e-01   1.2900000e+03
   2.4243926e-01   1.3050000e+03
  -4.7707987e-01   1.3200000e+03
  -1.2629832e+00   1.3350000e+03
  -1.7768999e+00   1.3500000e+03
  -1.6970065e+00   1.3650000e+03
  -9.3709129e-01   1.3800000e+03
   2.1248432e-01   1.3950000e+03
   1.1747538e+00   1.4100000e+03
   1.4234878e+00   1.4250000e+03
   8.6437792e-01   1.4400000e+03
  -5.7087623e-02   1.4550000e+03
  -6.7562377e-01   1.4700000e+03
  -6.3556409e-01   1.4850000e+03
  -1.6352832e-01   1.5000000e+03
   1.9274151e-01   1.5150000e+03
   1.1658631e-01   1.5300000e+03
  -1.9864139e-01   1.5450000e+03
  -3.2640478e-01   1.5600000e+03
  -1.0290537e-01   1.5750000e+03
   2.2914754e-01   1.5900000e+03
   3.5016376e-01   1.6050000e+03
   2.1754628e-01   1.6200000e+03
   3.2181643e-02   1.6350000e+03
  -4.5970954e-02   1.6500000e+03
  -2.2911372e-02   1.6650000e+03
   4.2981565e-02   1.6800000e+03
