  -1.5002998e-03   1.5000000e+03
  -1.5293186e-03   1.5150000e+03
  -1.5611068e-03   1.5300000e+03
  -1.5972523e-03   1.5450000e+03
  -1.6365128e-03   1.5600000e+03
  -1.6762865e-03   1.5750000e+03
  -1.7164988e-03   1.5900000e+03
  -1.7596327e-03   1.6050000e+03
  -1.8068682e-03   1.6200000e+03
  -1.8566663e-03   1.6350000e+03
  -1.9073971e-03   1.6500000e+03
  -1.9591115e-03   1.6650000e+03
  -2.0123131e-03   1.6800000e+03
  -2.0669403e-03   1.6950000e+03
  -2.1232418e-03   1.7100000e+03
  -2.1827242e-03   1.7250000e+03
  -2.2476024e-03   1.7400000e+03
  -2.3189238e-03   1.7550000e+03
  -2.3948641e-03   1.7700000e+03
  -2.4717224e-03   1.7850000e+03
  -2.5476918e-03   1.8000000e+03
  -2.6248833e-03   1.8150000e+03
  -2.7066448e-03   1.8300000e+03
  -2.7938527e-03   1.8450000e+03
  -2.8849754e-03   1.8600000e+03
  -2.9790744e-03   1.8750000e+03
  -3.0775273e-03   1.8900000e+03
  -3.1832776e-03   1.9050000e+03
  -3.2994135e-03   1.9200000e+03
  -3.4279497e-03   1.9350000e+03
  -3.5688498e-03   1.9500000e+03
  -3.7204735e-03   1.9650000e+03
  -3.8819101e-03   1.9800000e+03
  -4.0548658e-03   1.9950000e+03
  -4.2430623e-03   2.0100000e+03
  -4.4504241e-03   2.0250000e+03
  -4.6801325e-03   2.0400000e+03
  -4.9343836e-03   2.0550000e+03
  -5.2142306e-03   2.0700000e+03
  -5.5202399e-03   2.0850000e+03
  -5.8541982e-03   2.1000000e+03
  -6.2203542e-03   2.1150000e+03
  -6.6250362e-03   2.1300000e+03
  -7.0760879e-03   2.1450000e+03
  -7.5839586e-03   2.1600000e+03
  -8.1624808e-03   2.1750000e+03
  -8.8251280e-03   2.1900000e+03
