  -6.7299994e-04   7.6500000e+02
  -6.5062841e-04   7.8000000e+02
  -6.8290858e-04   7.9500000e+02
  -7.4475771e-04   8.1000000e+02
  -8.1597909e-04   8.2500000e+02
  -8.8000018e-04   8.4000000e+02
  -9.1725227e-04   8.5500000e+02
  -9.1861340e-04   8.7000000e+02
  -9.0290565e-04   8.8500000e+02
  -9.0466090e-04   9.0000000e+02
  -9.3995250e-04   9.1500000e+02
  -9.9330849e-04   9.3000000e+02
  -1.0390887e-03   9.4500000e+02
  -1.0645756e-03   9.6000000e+02
  -1.0706952e-03   9.7500000e+02
  -1.0648532e-03   9.9000000e+02
  -1.0606871e-03   1.0050000e+03
  -1.0729549e-03   1.0200000e+03
  -1.1020661e-03   1.0350000e+03
  -1.1305986e-03   1.0500000e+03
  -1.1438633e-03   1.0650000e+03
  -1.1482382e-03   1.0800000e+03
  -1.1610137e-03   1.0950000e+03
  -1.1870762e-03   1.1100000e+03
  -1.2145592e-03   1.1250000e+03
  -1.2311392e-03   1.1400000e+03
  -1.2363822e-03   1.1550000e+03
  -1.2379079e-03   1.1700000e+03
  -1.2417705e-03   1.1850000e+03
  -1.2488652e-03   1.2000000e+03
  -1.2584482e-03   1.2150000e+03
  -1.2737726e-03   1.2300000e+03
  -1.3032306e-03   1.2450000e+03
  -1.3535195e-03   1.2600000e+03
  -1.4212641e-03   1.2750000e+03
  -1.4934104e-03   1.2900000e+03
  -1.5552597e-03   1.3050000e+03
  -1.5966882e-03   1.3200000e+03
  -1.6155156e-03   1.3350000e+03
  -1.6223612e-03   1.3500000e+03
  -1.6394492e-03   1.3650000e+03
  -1.6832623e-03   1.3800000e+03
  -1.7452542e-03   1.3950000e+03
  -1.7983424e-03   1.4100000e+03
  -1.8273928e-03   1.4250000e+03
  -1.8472733e-03   1.4400000e+03
  -1.8859066e-03   1.4550000e+03
  -1.9535937e-03   1.4700000e+03
  -2.0335477e-03   1.4850000e+03
  -2.1007550e-03   1.5000000e+03
  -2.1469535e-03   1.5150000e+03
  -2.1872341e-03   1.5300000e+03
  -2.2432848e-03   1.5450000e+03
  -2.3208798e-03   1.5600000e+03
  -2.4057578e-03   1.5750000e+03
  -2.4826217e-03   1.5900000e+03
  -2.5540688e-03   1.6050000e+03
  -2.6352517e-03   1.6200000e+03
  -2.7322737e-03   1.6350000e+03
  -2.8351631e-03   1.6500000e+03
  -2.9348873e-03   1.6650000e+03
  -3.0378029e-03   1.6800000e+03
