   5.5149319e-03   1.5000000e+02
   5.8260937e-03   1.6500000e+02
   6.2272083e-03   1.8000000e+02
   6.7479061e-03   1.9500000e+02
   7.4311011e-03   2.1000000e+02
   8.3299559e-03   2.2500000e+02
   9.4993562e-03   2.4000000e+02
   1.0991702e-02   2.5500000e+02
   1.2872732e-02   2.7000000e+02
   1.5249285e-02   2.8500000e+02
   1.8280853e-02   3.0000000e+02
   2.2164699e-02   3.1500000e+02
   2.7099669e-02   3.3000000e+02
   3.3238068e-02   3.4500000e+02
   4.0656008e-02   3.6000000e+02
   4.9386308e-02   3.7500000e+02
   5.9533056e-02   3.9000000e+02
   7.1415782e-02   4.0500000e+02
   8.5598163e-02   4.2000000e+02
   1.0268582e-01   4.3500000e+02
   1.2303325e-01   4.5000000e+02
   1.4668880e-01   4.6500000e+02
   1.7363578e-01   4.8000000e+02
   2.0396468e-01   4.9500000e+02
   2.3774484e-01   5.1000000e+02
   2.7486360e-01   5.2500000e+02
   3.1503177e-01   5.4000000e+02
   3.5761264e-01   5.5500000e+02
   4.0109906e-01   5.7000000e+02
   4.4291574e-01   5.8500000e+02
   4.8015139e-01   6.0000000e+02
