  -1.0755977e-03   1.5000000e+03
  -1.0838369e-03   1.5150000e+03
  -1.0930432e-03   1.5300000e+03
  -1.1051095e-03   1.5450000e+03
  -1.1200994e-03   1.5600000e+03
  -1.1348677e-03   1.5750000e+03
  -1.1477231e-03   1.5900000e+03
  -1.1605633e-03   1.6050000e+03
  -1.1752171e-03   1.6200000e+03
  -1.1915258e-03   1.6350000e+03
  -1.2092602e-03   1.6500000e+03
  -1.2284865e-03   1.6650000e+03
  -1.2483073e-03   1.6800000e+03
  -1.2678625e-03   1.6950000e+03
  -1.2879802e-03   1.7100000e+03
  -1.3099547e-03   1.7250000e+03
  -1.3332445e-03   1.7400000e+03
  -1.3554908e-03   1.7550000e+03
  -1.3743239e-03   1.7700000e+03
  -1.3890147e-03   1.7850000e+03
  -1.4012007e-03   1.8000000e+03
  -1.4136721e-03   1.8150000e+03
  -1.4276881e-03   1.8300000e+03
  -1.4423779e-03   1.8450000e+03
  -1.4573722e-03   1.8600000e+03
  -1.4742498e-03   1.8750000e+03
  -1.4941655e-03   1.8900000e+03
  -1.5157119e-03   1.9050000e+03
  -1.5365145e-03   1.9200000e+03
  -1.5557293e-03   1.9350000e+03
  -1.5739125e-03   1.9500000e+03
  -1.5916044e-03   1.9650000e+03
  -1.6093533e-03   1.9800000e+03
  -1.6284731e-03   1.9950000e+03
  -1.6502748e-03   2.0100000e+03
  -1.6742488e-03   2.0250000e+03
  -1.6980967e-03   2.0400000e+03
  -1.7203110e-03   2.0550000e+03
  -1.7421859e-03   2.0700000e+03
  -1.7664297e-03   2.0850000e+03
  -1.7939991e-03   2.1000000e+03
  -1.8230348e-03   2.1150000e+03
  -1.8510143e-03   2.1300000e+03
  -1.8773932e-03   2.1450000e+03
  -1.9039337e-03   2.1600000e+03
  -1.9327062e-03   2.1750000e+03
  -1.9640236e-03   2.1900000e+03
