  -2.4684105e-04   7.6500000e+02
  -2.3406914e-04   7.8000000e+02
  -2.4834904e-04   7.9500000e+02
  -2.7371230e-04   8.1000000e+02
  -3.0871644e-04   8.2500000e+02
  -3.4993960e-04   8.4000000e+02
  -3.7751501e-04   8.5500000e+02
  -3.7635551e-04   8.7000000e+02
  -3.6250235e-04   8.8500000e+02
  -3.6697570e-04   9.0000000e+02
  -3.9598785e-04   9.1500000e+02
  -4.2727025e-04   9.3000000e+02
  -4.4474268e-04   9.4500000e+02
  -4.5417569e-04   9.6000000e+02
  -4.6222904e-04   9.7500000e+02
  -4.6467289e-04   9.9000000e+02
  -4.6278679e-04   1.0050000e+03
  -4.6880328e-04   1.0200000e+03
  -4.8545061e-04   1.0350000e+03
  -4.9913663e-04   1.0500000e+03
  -5.0182024e-04   1.0650000e+03
  -5.0261762e-04   1.0800000e+03
  -5.1089749e-04   1.0950000e+03
  -5.2310631e-04   1.1100000e+03
  -5.3220824e-04   1.1250000e+03
  -5.3782156e-04   1.1400000e+03
  -5.4211199e-04   1.1550000e+03
  -5.4452883e-04   1.1700000e+03
  -5.4442853e-04   1.1850000e+03
  -5.4375880e-04   1.2000000e+03
  -5.4490223e-04   1.2150000e+03
  -5.4886827e-04   1.2300000e+03
  -5.5703515e-04   1.2450000e+03
  -5.7212706e-04   1.2600000e+03
  -5.9475057e-04   1.2750000e+03
  -6.1988307e-04   1.2900000e+03
  -6.3944719e-04   1.3050000e+03
  -6.4849627e-04   1.3200000e+03
  -6.4808078e-04   1.3350000e+03
  -6.4441666e-04   1.3500000e+03
  -6.4667716e-04   1.3650000e+03
  -6.6112290e-04   1.3800000e+03
  -6.8357447e-04   1.3950000e+03
  -7.0133695e-04   1.4100000e+03
  -7.0677901e-04   1.4250000e+03
  -7.0622098e-04   1.4400000e+03
  -7.1216875e-04   1.4550000e+03
  -7.2936004e-04   1.4700000e+03
  -7.5111864e-04   1.4850000e+03
  -7.6750014e-04   1.5000000e+03
  -7.7504804e-04   1.5150000e+03
  -7.7939767e-04   1.5300000e+03
  -7.8882376e-04   1.5450000e+03
  -8.0502377e-04   1.5600000e+03
  -8.2158542e-04   1.5750000e+03
  -8.3251967e-04   1.5900000e+03
  -8.3997322e-04   1.6050000e+03
  -8.5072638e-04   1.6200000e+03
  -8.6651195e-04   1.6350000e+03
  -8.8191946e-04   1.6500000e+03
  -8.9248654e-04   1.6650000e+03
  -9.0076285e-04   1.6800000e+03
