  -3.8205553e-04   7.6500000e+02
  -3.4174608e-04   7.8000000e+02
  -2.6522877e-04   7.9500000e+02
  -2.1523434e-04   8.1000000e+02
  -1.4650359e-04   8.2500000e+02
  -1.0101985e-05   8.4000000e+02
   1.4456314e-04   8.5500000e+02
   2.5256813e-04   8.7000000e+02
   3.6261030e-04   8.8500000e+02
   5.7879701e-04   9.0000000e+02
   8.9730188e-04   9.1500000e+02
   1.2147282e-03   9.3000000e+02
   1.5033768e-03   9.4500000e+02
   1.8664673e-03   9.6000000e+02
   2.3976595e-03   9.7500000e+02
   3.0944424e-03   9.9000000e+02
   3.9456682e-03   1.0050000e+03
   5.0054463e-03   1.0200000e+03
   6.3429917e-03   1.0350000e+03
   8.0115469e-03   1.0500000e+03
   1.0105480e-02   1.0650000e+03
   1.2773003e-02   1.0800000e+03
   1.6151154e-02   1.0950000e+03
   2.0361591e-02   1.1100000e+03
   2.5582559e-02   1.1250000e+03
   3.2049458e-02   1.1400000e+03
   3.9961718e-02   1.1550000e+03
   4.9441725e-02   1.1700000e+03
   6.0601365e-02   1.1850000e+03
   7.3604889e-02   1.2000000e+03
   8.8639066e-02   1.2150000e+03
   1.0583389e-01   1.2300000e+03
   1.2521291e-01   1.2450000e+03
   1.4667864e-01   1.2600000e+03
   1.6999437e-01   1.2750000e+03
   1.9476935e-01   1.2900000e+03
   2.2048292e-01   1.3050000e+03
   2.4651854e-01   1.3200000e+03
   2.7214280e-01   1.3350000e+03
   2.9645699e-01   1.3500000e+03
   3.1843564e-01   1.3650000e+03
   3.3708104e-01   1.3800000e+03
   3.5157588e-01   1.3950000e+03
   3.6131251e-01   1.4100000e+03
   3.6582237e-01   1.4250000e+03
   3.6474383e-01   1.4400000e+03
   3.5793090e-01   1.4550000e+03
   3.4564435e-01   1.4700000e+03
   3.2863912e-01   1.4850000e+03
   3.0802941e-01   1.5000000e+03
   2.8501970e-01   1.5150000e+03
   2.6069155e-01   1.5300000e+03
   2.3592544e-01   1.5450000e+03
   2.1138319e-01   1.5600000e+03
   1.8748577e-01   1.5750000e+03
   1.6442825e-01   1.5900000e+03
   1.4229384e-01   1.6050000e+03
   1.2120837e-01   1.6200000e+03
   1.0138510e-01   1.6350000e+03
   8.3004825e-02   1.6500000e+03
   6.6071257e-02   1.6650000e+03
   5.0423812e-02   1.6800000e+03
