  -4.8759114e-03   1.5000000e+02
  -5.3091766e-03   1.6500000e+02
  -5.8164992e-03   1.8000000e+02
  -6.4077931e-03   1.9500000e+02
  -7.0845955e-03   2.1000000e+02
  -7.8393221e-03   2.2500000e+02
  -8.6498465e-03   2.4000000e+02
  -9.4648115e-03   2.5500000e+02
  -1.0211393e-02   2.7000000e+02
  -1.0817752e-02   2.8500000e+02
  -1.1198820e-02   3.0000000e+02
  -1.1191508e-02   3.1500000e+02
  -1.0471374e-02   3.3000000e+02
  -8.4711490e-03   3.4500000e+02
  -4.2754547e-03   3.6000000e+02
   3.5847211e-03   3.7500000e+02
   1.7589359e-02   3.9000000e+02
   4.2239156e-02   4.0500000e+02
   8.6099356e-02   4.2000000e+02
   1.6532700e-01   4.3500000e+02
   3.0828458e-01   4.5000000e+02
   5.5770904e-01   4.6500000e+02
   9.5981169e-01   4.8000000e+02
   1.5229502e+00   4.9500000e+02
   2.1416442e+00   5.1000000e+02
   2.5371602e+00   5.2500000e+02
   2.3311577e+00   5.4000000e+02
   1.3189738e+00   5.5500000e+02
  -2.3120454e-01   5.7000000e+02
  -1.6241617e+00   5.8500000e+02
  -2.2451832e+00   6.0000000e+02
