  -7.5321444e-03   1.5000000e+02
  -7.5541041e-03   1.6500000e+02
  -7.5815120e-03   1.8000000e+02
  -7.6145222e-03   1.9500000e+02
  -7.6549244e-03   2.1000000e+02
  -7.7040852e-03   2.2500000e+02
  -7.7608991e-03   2.4000000e+02
  -7.8212880e-03   2.5500000e+02
  -7.8809932e-03   2.7000000e+02
  -7.9387194e-03   2.8500000e+02
  -7.9950113e-03   3.0000000e+02
  -8.0502732e-03   3.1500000e+02
  -8.1054578e-03   3.3000000e+02
  -8.1623215e-03   3.4500000e+02
  -8.2221469e-03   3.6000000e+02
  -8.2854992e-03   3.7500000e+02
  -8.3526550e-03   3.9000000e+02
  -8.4236702e-03   4.0500000e+02
  -8.4992107e-03   4.2000000e+02
  -8.5804854e-03   4.3500000e+02
  -8.6662499e-03   4.5000000e+02
  -8.7517612e-03   4.6500000e+02
  -8.8335425e-03   4.8000000e+02
  -8.9135524e-03   4.9500000e+02
  -8.9959837e-03   5.1000000e+02
  -9.0810340e-03   5.2500000e+02
  -9.1659036e-03   5.4000000e+02
  -9.2527056e-03   5.5500000e+02
  -9.3490798e-03   5.7000000e+02
  -9.4576646e-03   5.8500000e+02
  -9.5723821e-03   6.0000000e+02
