  -9.5256389e-04   1.5000000e+03
  -9.6053735e-04   1.5150000e+03
  -9.6943078e-04   1.5300000e+03
  -9.8086463e-04   1.5450000e+03
  -9.9486974e-04   1.5600000e+03
  -1.0087560e-03   1.5750000e+03
  -1.0210883e-03   1.5900000e+03
  -1.0334658e-03   1.6050000e+03
  -1.0474242e-03   1.6200000e+03
  -1.0628188e-03   1.6350000e+03
  -1.0794402e-03   1.6500000e+03
  -1.0973571e-03   1.6650000e+03
  -1.1158533e-03   1.6800000e+03
  -1.1342217e-03   1.6950000e+03
  -1.1531538e-03   1.7100000e+03
  -1.1737249e-03   1.7250000e+03
  -1.1954956e-03   1.7400000e+03
  -1.2165350e-03   1.7550000e+03
  -1.2348808e-03   1.7700000e+03
  -1.2498859e-03   1.7850000e+03
  -1.2628637e-03   1.8000000e+03
  -1.2761302e-03   1.8150000e+03
  -1.2907503e-03   1.8300000e+03
  -1.3059927e-03   1.8450000e+03
  -1.3215112e-03   1.8600000e+03
  -1.3385759e-03   1.8750000e+03
  -1.3581458e-03   1.8900000e+03
  -1.3791014e-03   1.9050000e+03
  -1.3995339e-03   1.9200000e+03
  -1.4187968e-03   1.9350000e+03
  -1.4373930e-03   1.9500000e+03
  -1.4558061e-03   1.9650000e+03
  -1.4745092e-03   1.9800000e+03
  -1.4946103e-03   1.9950000e+03
  -1.5172106e-03   2.0100000e+03
  -1.5418939e-03   2.0250000e+03
  -1.5667665e-03   2.0400000e+03
  -1.5906027e-03   2.0550000e+03
  -1.6144895e-03   2.0700000e+03
  -1.6406655e-03   2.0850000e+03
  -1.6698921e-03   2.1000000e+03
  -1.7005641e-03   2.1150000e+03
  -1.7304620e-03   2.1300000e+03
  -1.7589754e-03   2.1450000e+03
  -1.7874989e-03   2.1600000e+03
  -1.8178740e-03   2.1750000e+03
  -1.8506405e-03   2.1900000e+03
