  -7.8234624e-04   7.6500000e+02
  -7.5201655e-04   7.8000000e+02
  -7.9102564e-04   7.9500000e+02
  -8.6912309e-04   8.1000000e+02
  -9.5915241e-04   8.2500000e+02
  -1.0386083e-03   8.4000000e+02
  -1.0841194e-03   8.5500000e+02
  -1.0860598e-03   8.7000000e+02
  -1.0670886e-03   8.8500000e+02
  -1.0683842e-03   9.0000000e+02
  -1.1108971e-03   9.1500000e+02
  -1.1782784e-03   9.3000000e+02
  -1.2390612e-03   9.4500000e+02
  -1.2747096e-03   9.6000000e+02
  -1.2846220e-03   9.7500000e+02
  -1.2792130e-03   9.9000000e+02
  -1.2768344e-03   1.0050000e+03
  -1.2954200e-03   1.0200000e+03
  -1.3347499e-03   1.0350000e+03
  -1.3731431e-03   1.0500000e+03
  -1.3919330e-03   1.0650000e+03
  -1.3984058e-03   1.0800000e+03
  -1.4148545e-03   1.0950000e+03
  -1.4490181e-03   1.1100000e+03
  -1.4862618e-03   1.1250000e+03
  -1.5098070e-03   1.1400000e+03
  -1.5184584e-03   1.1550000e+03
  -1.5225677e-03   1.1700000e+03
  -1.5302401e-03   1.1850000e+03
  -1.5417424e-03   1.2000000e+03
  -1.5551300e-03   1.2150000e+03
  -1.5748589e-03   1.2300000e+03
  -1.6128228e-03   1.2450000e+03
  -1.6781616e-03   1.2600000e+03
  -1.7662011e-03   1.2750000e+03
  -1.8597819e-03   1.2900000e+03
  -1.9400183e-03   1.3050000e+03
  -1.9939223e-03   1.3200000e+03
  -2.0187302e-03   1.3350000e+03
  -2.0285794e-03   1.3500000e+03
  -2.0526862e-03   1.3650000e+03
  -2.1121665e-03   1.3800000e+03
  -2.1949976e-03   1.3950000e+03
  -2.2651865e-03   1.4100000e+03
  -2.3029828e-03   1.4250000e+03
  -2.3284999e-03   1.4400000e+03
  -2.3792724e-03   1.4550000e+03
  -2.4693687e-03   1.4700000e+03
  -2.5763770e-03   1.4850000e+03
  -2.6664739e-03   1.5000000e+03
  -2.7282087e-03   1.5150000e+03
  -2.7816298e-03   1.5300000e+03
  -2.8557454e-03   1.5450000e+03
  -2.9583203e-03   1.5600000e+03
  -3.0704979e-03   1.5750000e+03
  -3.1722246e-03   1.5900000e+03
  -3.2672810e-03   1.6050000e+03
  -3.3758790e-03   1.6200000e+03
  -3.5057897e-03   1.6350000e+03
  -3.6433113e-03   1.6500000e+03
  -3.7763545e-03   1.6650000e+03
  -3.9138636e-03   1.6800000e+03
