   2.7996480e-01   1.5000000e+03
   2.9031068e-01   1.5150000e+03
   2.9621157e-01   1.5300000e+03
   2.9683152e-01   1.5450000e+03
   2.9184496e-01   1.5600000e+03
   2.8156430e-01   1.5750000e+03
   2.6681861e-01   1.5900000e+03
   2.4866772e-01   1.6050000e+03
   2.2813088e-01   1.6200000e+03
   2.0605178e-01   1.6350000e+03
   1.8306617e-01   1.6500000e+03
   1.5958284e-01   1.6650000e+03
   1.3578138e-01   1.6800000e+03
   1.1169805e-01   1.6950000e+03
   8.7397471e-02   1.7100000e+03
   6.3122712e-02   1.7250000e+03
   3.9331585e-02   1.7400000e+03
   1.6634129e-02   1.7550000e+03
  -4.2938921e-03   1.7700000e+03
  -2.2789629e-02   1.7850000e+03
  -3.8295321e-02   1.8000000e+03
  -5.0463885e-02   1.8150000e+03
  -5.9228253e-02   1.8300000e+03
  -6.4801775e-02   1.8450000e+03
  -6.7637272e-02   1.8600000e+03
  -6.8369240e-02   1.8750000e+03
  -6.7706890e-02   1.8900000e+03
  -6.6263326e-02   1.9050000e+03
  -6.4409323e-02   1.9200000e+03
  -6.2263310e-02   1.9350000e+03
  -5.9805363e-02   1.9500000e+03
  -5.6997798e-02   1.9650000e+03
  -5.3846024e-02   1.9800000e+03
  -5.0434016e-02   1.9950000e+03
  -4.6957366e-02   2.0100000e+03
  -4.3699380e-02   2.0250000e+03
  -4.0914651e-02   2.0400000e+03
  -3.8703859e-02   2.0550000e+03
  -3.7008349e-02   2.0700000e+03
  -3.5734095e-02   2.0850000e+03
  -3.4870483e-02   2.1000000e+03
  -3.4482241e-02   2.1150000e+03
  -3.4603447e-02   2.1300000e+03
  -3.5165723e-02   2.1450000e+03
  -3.6035266e-02   2.1600000e+03
  -3.7100766e-02   2.1750000e+03
  -3.8307328e-02   2.1900000e+03
