  -4.3594468e-04   7.6500000e+02
  -4.1929240e-04   7.8000000e+02
  -4.4104550e-04   7.9500000e+02
  -4.8076373e-04   8.1000000e+02
  -5.3143653e-04   8.2500000e+02
  -5.8527529e-04   8.4000000e+02
  -6.1986665e-04   8.5500000e+02
  -6.1994023e-04   8.7000000e+02
  -6.0438109e-04   8.8500000e+02
  -6.0908508e-04   9.0000000e+02
  -6.4386876e-04   9.1500000e+02
  -6.8575097e-04   9.3000000e+02
  -7.1407773e-04   9.4500000e+02
  -7.3004182e-04   9.6000000e+02
  -7.3930674e-04   9.7500000e+02
  -7.4033806e-04   9.9000000e+02
  -7.3823106e-04   1.0050000e+03
  -7.4766035e-04   1.0200000e+03
  -7.7105378e-04   1.0350000e+03
  -7.9187460e-04   1.0500000e+03
  -7.9903880e-04   1.0650000e+03
  -8.0202980e-04   1.0800000e+03
  -8.1382087e-04   1.0950000e+03
  -8.3299883e-04   1.1100000e+03
  -8.5026037e-04   1.1250000e+03
  -8.6155802e-04   1.1400000e+03
  -8.6839270e-04   1.1550000e+03
  -8.7243598e-04   1.1700000e+03
  -8.7488722e-04   1.1850000e+03
  -8.7757909e-04   1.2000000e+03
  -8.8221289e-04   1.2150000e+03
  -8.9058670e-04   1.2300000e+03
  -9.0636022e-04   1.2450000e+03
  -9.3378278e-04   1.2600000e+03
  -9.7240077e-04   1.2750000e+03
  -1.0143220e-03   1.2900000e+03
  -1.0487385e-03   1.3050000e+03
  -1.0687773e-03   1.3200000e+03
  -1.0747222e-03   1.3350000e+03
  -1.0746970e-03   1.3500000e+03
  -1.0825919e-03   1.3650000e+03
  -1.1082756e-03   1.3800000e+03
  -1.1457348e-03   1.3950000e+03
  -1.1764874e-03   1.4100000e+03
  -1.1896468e-03   1.4250000e+03
  -1.1945531e-03   1.4400000e+03
  -1.2095290e-03   1.4550000e+03
  -1.2415212e-03   1.4700000e+03
  -1.2803585e-03   1.4850000e+03
  -1.3108107e-03   1.5000000e+03
  -1.3276759e-03   1.5150000e+03
  -1.3397845e-03   1.5300000e+03
  -1.3599644e-03   1.5450000e+03
  -1.3911115e-03   1.5600000e+03
  -1.4238278e-03   1.5750000e+03
  -1.4489263e-03   1.5900000e+03
  -1.4690887e-03   1.6050000e+03
  -1.4941978e-03   1.6200000e+03
  -1.5271091e-03   1.6350000e+03
  -1.5601476e-03   1.6500000e+03
  -1.5868843e-03   1.6650000e+03
  -1.6112239e-03   1.6800000e+03
