  -6.6498956e-03   1.5000000e+02
  -6.6607441e-03   1.6500000e+02
  -6.6743609e-03   1.8000000e+02
  -6.6904095e-03   1.9500000e+02
  -6.7103426e-03   2.1000000e+02
  -6.7353519e-03   2.2500000e+02
  -6.7643817e-03   2.4000000e+02
  -6.7940960e-03   2.5500000e+02
  -6.8212282e-03   2.7000000e+02
  -6.8446207e-03   2.8500000e+02
  -6.8641300e-03   3.0000000e+02
  -6.8796477e-03   3.1500000e+02
  -6.8926555e-03   3.3000000e+02
  -6.9068093e-03   3.4500000e+02
  -6.9262460e-03   3.6000000e+02
  -6.9541740e-03   3.7500000e+02
  -6.9920351e-03   3.9000000e+02
  -7.0387227e-03   4.0500000e+02
  -7.0919916e-03   4.2000000e+02
  -7.1512265e-03   4.3500000e+02
  -7.2169881e-03   4.5000000e+02
  -7.2883051e-03   4.6500000e+02
  -7.3629273e-03   4.8000000e+02
  -7.4402015e-03   4.9500000e+02
  -7.5218366e-03   5.1000000e+02
  -7.6093758e-03   5.2500000e+02
  -7.7032335e-03   5.4000000e+02
  -7.8065917e-03   5.5500000e+02
  -7.9267388e-03   5.7000000e+02
  -8.0677494e-03   5.8500000e+02
  -8.2253069e-03   6.0000000e+02
