  -4.3543478e-04   7.6500000e+02
  -3.9980313e-04   7.8000000e+02
  -4.4295003e-04   7.9500000e+02
  -5.8210280e-04   8.1000000e+02
  -7.3447550e-04   8.2500000e+02
  -8.2564913e-04   8.4000000e+02
  -8.7910250e-04   8.5500000e+02
  -9.4891194e-04   8.7000000e+02
  -1.0182513e-03   8.8500000e+02
  -1.0439662e-03   9.0000000e+02
  -1.0674722e-03   9.1500000e+02
  -1.1800632e-03   9.3000000e+02
  -1.3793017e-03   9.4500000e+02
  -1.5582325e-03   9.6000000e+02
  -1.6537999e-03   9.7500000e+02
  -1.7162444e-03   9.9000000e+02
  -1.8118010e-03   1.0050000e+03
  -1.9437439e-03   1.0200000e+03
  -2.0897302e-03   1.0350000e+03
  -2.2332063e-03   1.0500000e+03
  -2.3394865e-03   1.0650000e+03
  -2.3767962e-03   1.0800000e+03
  -2.3700665e-03   1.0950000e+03
  -2.3628748e-03   1.1100000e+03
  -2.3245143e-03   1.1250000e+03
  -2.1591121e-03   1.1400000e+03
  -1.8020568e-03   1.1550000e+03
  -1.2457068e-03   1.1700000e+03
  -4.6736404e-04   1.1850000e+03
   6.1644183e-04   1.2000000e+03
   2.1085402e-03   1.2150000e+03
   4.0795822e-03   1.2300000e+03
   6.5915599e-03   1.2450000e+03
   9.7731352e-03   1.2600000e+03
   1.3857028e-02   1.2750000e+03
   1.9154424e-02   1.2900000e+03
   2.6030907e-02   1.3050000e+03
   3.4919702e-02   1.3200000e+03
   4.6329092e-02   1.3350000e+03
   6.0826752e-02   1.3500000e+03
   7.9060577e-02   1.3650000e+03
   1.0184257e-01   1.3800000e+03
   1.3021050e-01   1.3950000e+03
   1.6535725e-01   1.4100000e+03
   2.0841397e-01   1.4250000e+03
   2.6016572e-01   1.4400000e+03
   3.2077193e-01   1.4550000e+03
   3.8947672e-01   1.4700000e+03
   4.6422985e-01   1.4850000e+03
   5.4119772e-01   1.5000000e+03
   6.1431032e-01   1.5150000e+03
   6.7514998e-01   1.5300000e+03
   7.1352512e-01   1.5450000e+03
   7.1894485e-01   1.5600000e+03
   6.8292934e-01   1.5750000e+03
   6.0171872e-01   1.5900000e+03
   4.7858661e-01   1.6050000e+03
   3.2478353e-01   1.6200000e+03
   1.5830338e-01   1.6350000e+03
   3.2091103e-04   1.6500000e+03
  -1.2983720e-01   1.6650000e+03
  -2.1949010e-01   1.6800000e+03
