  -1.2783442e-03   1.5000000e+03
  -1.2901948e-03   1.5150000e+03
  -1.3032008e-03   1.5300000e+03
  -1.3193123e-03   1.5450000e+03
  -1.3381307e-03   1.5600000e+03
  -1.3565551e-03   1.5750000e+03
  -1.3734581e-03   1.5900000e+03
  -1.3910773e-03   1.6050000e+03
  -1.4110291e-03   1.6200000e+03
  -1.4325486e-03   1.6350000e+03
  -1.4548796e-03   1.6500000e+03
  -1.4781000e-03   1.6650000e+03
  -1.5015656e-03   1.6800000e+03
  -1.5242066e-03   1.6950000e+03
  -1.5463823e-03   1.7100000e+03
  -1.5697272e-03   1.7250000e+03
  -1.5951649e-03   1.7400000e+03
  -1.6216261e-03   1.7550000e+03
  -1.6463894e-03   1.7700000e+03
  -1.6669619e-03   1.7850000e+03
  -1.6834488e-03   1.8000000e+03
  -1.6985243e-03   1.8150000e+03
  -1.7143679e-03   1.8300000e+03
  -1.7307958e-03   1.8450000e+03
  -1.7472154e-03   1.8600000e+03
  -1.7646324e-03   1.8750000e+03
  -1.7841967e-03   1.8900000e+03
  -1.8051813e-03   1.9050000e+03
  -1.8259187e-03   1.9200000e+03
  -1.8457223e-03   1.9350000e+03
  -1.8647567e-03   1.9500000e+03
  -1.8830189e-03   1.9650000e+03
  -1.9007589e-03   1.9800000e+03
  -1.9192833e-03   1.9950000e+03
  -1.9400055e-03   2.0100000e+03
  -1.9626929e-03   2.0250000e+03
  -1.9856545e-03   2.0400000e+03
  -2.0079154e-03   2.0550000e+03
  -2.0303968e-03   2.0700000e+03
  -2.0545137e-03   2.0850000e+03
  -2.0802196e-03   2.1000000e+03
  -2.1059299e-03   2.1150000e+03
  -2.1300360e-03   2.1300000e+03
  -2.1520795e-03   2.1450000e+03
  -2.1727977e-03   2.1600000e+03
  -2.1934696e-03   2.1750000e+03
  -2.2150120e-03   2.1900000e+03
