   4.2320671e-03   7.6500000e+02
   4.1243890e-03   7.8000000e+02
   4.0926021e-03   7.9500000e+02
   3.9835237e-03   8.1000000e+02
   3.8333258e-03   8.2500000e+02
   3.7024738e-03   8.4000000e+02
   3.5167877e-03   8.5500000e+02
   3.2910642e-03   8.7000000e+02
   3.5855880e-03   8.8500000e+02
   5.9308652e-03   9.0000000e+02
   1.3582761e-02   9.1500000e+02
   3.3291068e-02   9.3000000e+02
   7.7888407e-02   9.4500000e+02
   1.6796391e-01   9.6000000e+02
   3.2954425e-01   9.7500000e+02
   5.8379346e-01   9.9000000e+02
   9.2555326e-01   1.0050000e+03
   1.2936141e+00   1.0200000e+03
   1.5487752e+00   1.0350000e+03
   1.4894227e+00   1.0500000e+03
   9.3206310e-01   1.0650000e+03
  -1.5035644e-01   1.0800000e+03
  -1.5024458e+00   1.0950000e+03
  -2.5919619e+00   1.1100000e+03
  -2.8335156e+00   1.1250000e+03
  -1.9688232e+00   1.1400000e+03
  -3.5482314e-01   1.1550000e+03
   1.1339318e+00   1.1700000e+03
   1.6474587e+00   1.1850000e+03
   9.9954993e-01   1.2000000e+03
  -1.5183690e-01   1.2150000e+03
  -8.3433497e-01   1.2300000e+03
  -5.9465039e-01   1.2450000e+03
   1.4452668e-01   1.2600000e+03
   5.7745898e-01   1.2750000e+03
   3.5440814e-01   1.2900000e+03
  -1.3223743e-01   1.3050000e+03
  -2.9580155e-01   1.3200000e+03
  -4.7409121e-02   1.3350000e+03
   1.9590692e-01   1.3500000e+03
   1.1809497e-01   1.3650000e+03
  -1.1868361e-01   1.3800000e+03
  -1.8854609e-01   1.3950000e+03
  -7.9041556e-02   1.4100000e+03
  -2.6353741e-02   1.4250000e+03
  -7.8282334e-02   1.4400000e+03
  -2.6445491e-02   1.4550000e+03
   1.8193990e-01   1.4700000e+03
   2.6962614e-01   1.4850000e+03
   5.1838804e-02   1.5000000e+03
  -2.0815521e-01   1.5150000e+03
  -1.5685725e-01   1.5300000e+03
   8.3440877e-02   1.5450000e+03
   7.4141197e-02   1.5600000e+03
  -2.4033496e-01   1.5750000e+03
  -4.0500182e-01   1.5900000e+03
  -1.5291387e-01   1.6050000e+03
   1.6442761e-01   1.6200000e+03
   1.2597305e-01   1.6350000e+03
  -9.6109919e-02   1.6500000e+03
  -3.2996256e-02   1.6650000e+03
   2.9973304e-01   1.6800000e+03
