  -9.9729570e-03   1.5000000e+02
  -1.0013228e-02   1.6500000e+02
  -1.0060885e-02   1.8000000e+02
  -1.0115213e-02   1.9500000e+02
  -1.0174956e-02   2.1000000e+02
  -1.0239179e-02   2.2500000e+02
  -1.0308747e-02   2.4000000e+02
  -1.0385169e-02   2.5500000e+02
  -1.0467796e-02   2.7000000e+02
  -1.0553392e-02   2.8500000e+02
  -1.0639179e-02   3.0000000e+02
  -1.0725607e-02   3.1500000e+02
  -1.0816510e-02   3.3000000e+02
  -1.0917876e-02   3.4500000e+02
  -1.1033788e-02   3.6000000e+02
  -1.1161041e-02   3.7500000e+02
  -1.1292707e-02   3.9000000e+02
  -1.1430003e-02   4.0500000e+02
  -1.1581716e-02   4.2000000e+02
  -1.1746854e-02   4.3500000e+02
  -1.1910466e-02   4.5000000e+02
  -1.2064721e-02   4.6500000e+02
  -1.2220533e-02   4.8000000e+02
  -1.2391146e-02   4.9500000e+02
  -1.2578882e-02   5.1000000e+02
  -1.2784760e-02   5.2500000e+02
  -1.3017918e-02   5.4000000e+02
  -1.3287866e-02   5.5500000e+02
  -1.3596940e-02   5.7000000e+02
  -1.3946971e-02   5.8500000e+02
  -1.4341618e-02   6.0000000e+02
