  -9.2878304e-03   1.5000000e+03
  -9.7648362e-03   1.5150000e+03
  -9.9976510e-03   1.5300000e+03
  -9.6159047e-03   1.5450000e+03
  -7.8192586e-03   1.5600000e+03
  -3.0032510e-03   1.5750000e+03
   7.8881206e-03   1.5900000e+03
   3.0298539e-02   1.6050000e+03
   7.2986506e-02   1.6200000e+03
   1.4806643e-01   1.6350000e+03
   2.6853642e-01   1.6500000e+03
   4.4125751e-01   1.6650000e+03
   6.5439367e-01   1.6800000e+03
   8.6214590e-01   1.6950000e+03
   9.7629714e-01   1.7100000e+03
   8.8019884e-01   1.7250000e+03
   4.7849286e-01   1.7400000e+03
  -2.2331846e-01   1.7550000e+03
  -1.0498484e+00   1.7700000e+03
  -1.6654538e+00   1.7850000e+03
  -1.7133956e+00   1.8000000e+03
  -1.0509617e+00   1.8150000e+03
   6.7014262e-02   1.8300000e+03
   1.0430610e+00   1.8450000e+03
   1.2870014e+00   1.8600000e+03
   6.5896183e-01   1.8750000e+03
  -3.6489329e-01   1.8900000e+03
  -1.0222778e+00   1.9050000e+03
  -8.7669235e-01   1.9200000e+03
  -1.7390911e-01   1.9350000e+03
   4.1598502e-01   1.9500000e+03
   4.3833888e-01   1.9650000e+03
   3.9109338e-02   1.9800000e+03
  -2.7377507e-01   1.9950000e+03
  -1.8803358e-01   2.0100000e+03
   1.4864188e-01   2.0250000e+03
   3.7060800e-01   2.0400000e+03
   2.8321531e-01   2.0550000e+03
  -1.5727399e-02   2.0700000e+03
  -2.9137081e-01   2.0850000e+03
  -3.6001152e-01   2.1000000e+03
  -1.8782865e-01   2.1150000e+03
   8.7480307e-02   2.1300000e+03
   2.4785191e-01   2.1450000e+03
   1.9331153e-01   2.1600000e+03
   4.1393500e-02   2.1750000e+03
  -3.5292905e-02   2.1900000e+03
