  -8.9706882e-04   1.5000000e+03
  -9.0264814e-04   1.5150000e+03
  -9.0896030e-04   1.5300000e+03
  -9.1772887e-04   1.5450000e+03
  -9.2917582e-04   1.5600000e+03
  -9.4036525e-04   1.5750000e+03
  -9.4956951e-04   1.5900000e+03
  -9.5847901e-04   1.6050000e+03
  -9.6888992e-04   1.6200000e+03
  -9.8085462e-04   1.6350000e+03
  -9.9431665e-04   1.6500000e+03
  -1.0092972e-03   1.6650000e+03
  -1.0248279e-03   1.6800000e+03
  -1.0401439e-03   1.6950000e+03
  -1.0561969e-03   1.7100000e+03
  -1.0741276e-03   1.7250000e+03
  -1.0929578e-03   1.7400000e+03
  -1.1099996e-03   1.7550000e+03
  -1.1230749e-03   1.7700000e+03
  -1.1320531e-03   1.7850000e+03
  -1.1390171e-03   1.8000000e+03
  -1.1466889e-03   1.8150000e+03
  -1.1559860e-03   1.8300000e+03
  -1.1658780e-03   1.8450000e+03
  -1.1761371e-03   1.8600000e+03
  -1.1884924e-03   1.8750000e+03
  -1.2040443e-03   1.8900000e+03
  -1.2211818e-03   1.9050000e+03
  -1.2373411e-03   1.9200000e+03
  -1.2515845e-03   1.9350000e+03
  -1.2644931e-03   1.9500000e+03
  -1.2767029e-03   1.9650000e+03
  -1.2887851e-03   1.9800000e+03
  -1.3019859e-03   1.9950000e+03
  -1.3175375e-03   2.0100000e+03
  -1.3348620e-03   2.0250000e+03
  -1.3515422e-03   2.0400000e+03
  -1.3659263e-03   2.0550000e+03
  -1.3793410e-03   2.0700000e+03
  -1.3947741e-03   2.0850000e+03
  -1.4134466e-03   2.1000000e+03
  -1.4335592e-03   2.1150000e+03
  -1.4525781e-03   2.1300000e+03
  -1.4701786e-03   2.1450000e+03
  -1.4884716e-03   2.1600000e+03
  -1.5095138e-03   2.1750000e+03
  -1.5330270e-03   2.1900000e+03
