  -4.6497872e-04   7.6500000e+02
  -4.4412163e-04   7.8000000e+02
  -4.6860045e-04   7.9500000e+02
  -5.1414815e-04   8.1000000e+02
  -5.7332026e-04   8.2500000e+02
  -6.3725712e-04   8.4000000e+02
  -6.7842967e-04   8.5500000e+02
  -6.7778432e-04   8.7000000e+02
  -6.5828982e-04   8.8500000e+02
  -6.6369155e-04   9.0000000e+02
  -7.0545578e-04   9.1500000e+02
  -7.5511145e-04   9.3000000e+02
  -7.8799017e-04   9.4500000e+02
  -8.0662145e-04   9.6000000e+02
  -8.1819197e-04   9.7500000e+02
  -8.2005066e-04   9.9000000e+02
  -8.1767153e-04   1.0050000e+03
  -8.2884566e-04   1.0200000e+03
  -8.5661816e-04   1.0350000e+03
  -8.8090746e-04   1.0500000e+03
  -8.8855671e-04   1.0650000e+03
  -8.9141453e-04   1.0800000e+03
  -9.0493151e-04   1.0950000e+03
  -9.2688767e-04   1.1100000e+03
  -9.4621337e-04   1.1250000e+03
  -9.5870119e-04   1.1400000e+03
  -9.6633093e-04   1.1550000e+03
  -9.7060343e-04   1.1700000e+03
  -9.7249931e-04   1.1850000e+03
  -9.7422075e-04   1.2000000e+03
  -9.7799941e-04   1.2150000e+03
  -9.8599866e-04   1.2300000e+03
  -1.0024543e-03   1.2450000e+03
  -1.0324550e-03   1.2600000e+03
  -1.0756782e-03   1.2750000e+03
  -1.1228059e-03   1.2900000e+03
  -1.1607846e-03   1.3050000e+03
  -1.1813510e-03   1.3200000e+03
  -1.1851095e-03   1.3350000e+03
  -1.1820052e-03   1.3500000e+03
  -1.1885266e-03   1.3650000e+03
  -1.2162018e-03   1.3800000e+03
  -1.2577225e-03   1.3950000e+03
  -1.2909925e-03   1.4100000e+03
  -1.3029774e-03   1.4250000e+03
  -1.3048509e-03   1.4400000e+03
  -1.3186019e-03   1.4550000e+03
  -1.3526445e-03   1.4700000e+03
  -1.3948963e-03   1.4850000e+03
  -1.4271513e-03   1.5000000e+03
  -1.4431102e-03   1.5150000e+03
  -1.4532290e-03   1.5300000e+03
  -1.4727432e-03   1.5450000e+03
  -1.5049896e-03   1.5600000e+03
  -1.5386736e-03   1.5750000e+03
  -1.5629114e-03   1.5900000e+03
  -1.5810712e-03   1.6050000e+03
  -1.6050210e-03   1.6200000e+03
  -1.6380438e-03   1.6350000e+03
  -1.6707818e-03   1.6500000e+03
  -1.6954816e-03   1.6650000e+03
  -1.7168650e-03   1.6800000e+03
