   1.8027354e-02   1.5000000e+02
   1.8700952e-02   1.6500000e+02
   1.9762063e-02   1.8000000e+02
   2.1400677e-02   1.9500000e+02
   2.3911135e-02   2.1000000e+02
   2.7732888e-02   2.2500000e+02
   3.3494595e-02   2.4000000e+02
   4.2108342e-02   2.5500000e+02
   5.4993924e-02   2.7000000e+02
   7.4448973e-02   2.8500000e+02
   1.0407546e-01   3.0000000e+02
   1.4911643e-01   3.1500000e+02
   2.1653314e-01   3.3000000e+02
   3.1470701e-01   3.4500000e+02
   4.5283744e-01   3.6000000e+02
   6.4011592e-01   3.7500000e+02
   8.8391238e-01   3.9000000e+02
   1.1845109e+00   4.0500000e+02
   1.5236251e+00   4.2000000e+02
   1.8486633e+00   4.3500000e+02
   2.0644901e+00   4.5000000e+02
   2.0508733e+00   4.6500000e+02
   1.7144976e+00   4.8000000e+02
   1.0564697e+00   4.9500000e+02
   2.0765777e-01   5.1000000e+02
  -6.1241567e-01   5.2500000e+02
  -1.2050833e+00   5.4000000e+02
  -1.4948481e+00   5.5500000e+02
  -1.5400332e+00   5.7000000e+02
  -1.4488965e+00   5.8500000e+02
  -1.2920896e+00   6.0000000e+02
