  -2.4925736e-03   1.5000000e+02
  -2.4978949e-03   1.6500000e+02
  -2.5045346e-03   1.8000000e+02
  -2.5118773e-03   1.9500000e+02
  -2.5178012e-03   2.1000000e+02
  -2.5192432e-03   2.2500000e+02
  -2.5132759e-03   2.4000000e+02
  -2.4965422e-03   2.5500000e+02
  -2.4651664e-03   2.7000000e+02
  -2.4156740e-03   2.8500000e+02
  -2.3441538e-03   3.0000000e+02
  -2.2431689e-03   3.1500000e+02
  -2.0993317e-03   3.3000000e+02
  -1.8943513e-03   3.4500000e+02
  -1.6092346e-03   3.6000000e+02
  -1.2286084e-03   3.7500000e+02
  -7.4216357e-04   3.9000000e+02
  -1.4076850e-04   4.0500000e+02
   5.9253431e-04   4.2000000e+02
   1.4882762e-03   4.3500000e+02
   2.5838842e-03   4.5000000e+02
   3.9129029e-03   4.6500000e+02
   5.5070156e-03   4.8000000e+02
   7.4054236e-03   4.9500000e+02
   9.6498448e-03   5.1000000e+02
   1.2268506e-02   5.2500000e+02
   1.5282970e-02   5.4000000e+02
   1.8747676e-02   5.5500000e+02
   2.2773663e-02   5.7000000e+02
   2.7498787e-02   5.8500000e+02
   3.3055745e-02   6.0000000e+02
