  -7.3644181e-04   7.6500000e+02
  -7.1099220e-04   7.8000000e+02
  -7.4726966e-04   7.9500000e+02
  -8.1884634e-04   8.1000000e+02
  -8.9807448e-04   8.2500000e+02
  -9.6363685e-04   8.4000000e+02
  -9.9926454e-04   8.5500000e+02
  -1.0006389e-03   8.7000000e+02
  -9.8522322e-04   8.8500000e+02
  -9.8425499e-04   9.0000000e+02
  -1.0169883e-03   9.1500000e+02
  -1.0741033e-03   9.3000000e+02
  -1.1283197e-03   9.4500000e+02
  -1.1583801e-03   9.6000000e+02
  -1.1619430e-03   9.7500000e+02
  -1.1518837e-03   9.9000000e+02
  -1.1465078e-03   1.0050000e+03
  -1.1594298e-03   1.0200000e+03
  -1.1895498e-03   1.0350000e+03
  -1.2200215e-03   1.0500000e+03
  -1.2347742e-03   1.0650000e+03
  -1.2376423e-03   1.0800000e+03
  -1.2475469e-03   1.0950000e+03
  -1.2732091e-03   1.1100000e+03
  -1.3019554e-03   1.1250000e+03
  -1.3170521e-03   1.1400000e+03
  -1.3172006e-03   1.1550000e+03
  -1.3138735e-03   1.1700000e+03
  -1.3161824e-03   1.1850000e+03
  -1.3243123e-03   1.2000000e+03
  -1.3357280e-03   1.2150000e+03
  -1.3542174e-03   1.2300000e+03
  -1.3906263e-03   1.2450000e+03
  -1.4527430e-03   1.2600000e+03
  -1.5353869e-03   1.2750000e+03
  -1.6227977e-03   1.2900000e+03
  -1.6985034e-03   1.3050000e+03
  -1.7508012e-03   1.3200000e+03
  -1.7761899e-03   1.3350000e+03
  -1.7867662e-03   1.3500000e+03
  -1.8093853e-03   1.3650000e+03
  -1.8639492e-03   1.3800000e+03
  -1.9403341e-03   1.3950000e+03
  -2.0071140e-03   1.4100000e+03
  -2.0477015e-03   1.4250000e+03
  -2.0808417e-03   1.4400000e+03
  -2.1402321e-03   1.4550000e+03
  -2.2380811e-03   1.4700000e+03
  -2.3535779e-03   1.4850000e+03
  -2.4557537e-03   1.5000000e+03
  -2.5344014e-03   1.5150000e+03
  -2.6084173e-03   1.5300000e+03
  -2.7052248e-03   1.5450000e+03
  -2.8332050e-03   1.5600000e+03
  -2.9761354e-03   1.5750000e+03
  -3.1154652e-03   1.5900000e+03
  -3.2536183e-03   1.6050000e+03
  -3.4091237e-03   1.6200000e+03
  -3.5912655e-03   1.6350000e+03
  -3.7905648e-03   1.6500000e+03
  -3.9981077e-03   1.6650000e+03
  -4.2232573e-03   1.6800000e+03
