  -3.3591260e-04   7.6500000e+02
  -3.1547711e-04   7.8000000e+02
  -3.3570942e-04   7.9500000e+02
  -3.7409231e-04   8.1000000e+02
  -4.2592347e-04   8.2500000e+02
  -4.8435639e-04   8.4000000e+02
  -5.2236312e-04   8.5500000e+02
  -5.2041741e-04   8.7000000e+02
  -5.0067436e-04   8.8500000e+02
  -5.0561538e-04   9.0000000e+02
  -5.4514268e-04   9.1500000e+02
  -5.9028616e-04   9.3000000e+02
  -6.1803643e-04   9.4500000e+02
  -6.3345017e-04   9.6000000e+02
  -6.4448884e-04   9.7500000e+02
  -6.4697949e-04   9.9000000e+02
  -6.4446899e-04   1.0050000e+03
  -6.5390079e-04   1.0200000e+03
  -6.7849696e-04   1.0350000e+03
  -6.9915171e-04   1.0500000e+03
  -7.0402044e-04   1.0650000e+03
  -7.0517947e-04   1.0800000e+03
  -7.1659277e-04   1.0950000e+03
  -7.3477312e-04   1.1100000e+03
  -7.4955402e-04   1.1250000e+03
  -7.5862760e-04   1.1400000e+03
  -7.6438655e-04   1.1550000e+03
  -7.6706731e-04   1.1700000e+03
  -7.6656532e-04   1.1850000e+03
  -7.6517515e-04   1.2000000e+03
  -7.6560228e-04   1.2150000e+03
  -7.6974399e-04   1.2300000e+03
  -7.8085321e-04   1.2450000e+03
  -8.0343953e-04   1.2600000e+03
  -8.3777885e-04   1.2750000e+03
  -8.7573560e-04   1.2900000e+03
  -9.0513466e-04   1.3050000e+03
  -9.1834791e-04   1.3200000e+03
  -9.1642502e-04   1.3350000e+03
  -9.0875453e-04   1.3500000e+03
  -9.0996752e-04   1.3650000e+03
  -9.3008595e-04   1.3800000e+03
  -9.6248562e-04   1.3950000e+03
  -9.8730414e-04   1.4100000e+03
  -9.9270581e-04   1.4250000e+03
  -9.8864944e-04   1.4400000e+03
  -9.9492422e-04   1.4550000e+03
  -1.0191941e-03   1.4700000e+03
  -1.0507933e-03   1.4850000e+03
  -1.0735424e-03   1.5000000e+03
  -1.0817603e-03   1.5150000e+03
  -1.0846305e-03   1.5300000e+03
  -1.0955996e-03   1.5450000e+03
  -1.1174671e-03   1.5600000e+03
  -1.1399913e-03   1.5750000e+03
  -1.1535417e-03   1.5900000e+03
  -1.1614321e-03   1.6050000e+03
  -1.1744181e-03   1.6200000e+03
  -1.1952785e-03   1.6350000e+03
  -1.2154046e-03   1.6500000e+03
  -1.2277372e-03   1.6650000e+03
  -1.2364915e-03   1.6800000e+03
