  -1.9361842e-03   1.5000000e+03
  -1.9674348e-03   1.5150000e+03
  -2.0013554e-03   1.5300000e+03
  -2.0400833e-03   1.5450000e+03
  -2.0822459e-03   1.5600000e+03
  -2.1243952e-03   1.5750000e+03
  -2.1662996e-03   1.5900000e+03
  -2.2112678e-03   1.6050000e+03
  -2.2609364e-03   1.6200000e+03
  -2.3133382e-03   1.6350000e+03
  -2.3663775e-03   1.6500000e+03
  -2.4198622e-03   1.6650000e+03
  -2.4737415e-03   1.6800000e+03
  -2.5272900e-03   1.6950000e+03
  -2.5808548e-03   1.7100000e+03
  -2.6368415e-03   1.7250000e+03
  -2.6981838e-03   1.7400000e+03
  -2.7655952e-03   1.7550000e+03
  -2.8358668e-03   1.7700000e+03
  -2.9037821e-03   1.7850000e+03
  -2.9670266e-03   1.8000000e+03
  -3.0283115e-03   1.8150000e+03
  -3.0916806e-03   1.8300000e+03
  -3.1581805e-03   1.8450000e+03
  -3.2265137e-03   1.8600000e+03
  -3.2962845e-03   1.8750000e+03
  -3.3686308e-03   1.8900000e+03
  -3.4446395e-03   1.9050000e+03
  -3.5248115e-03   1.9200000e+03
  -3.6093688e-03   1.9350000e+03
  -3.6977418e-03   1.9500000e+03
  -3.7885709e-03   1.9650000e+03
  -3.8815711e-03   1.9800000e+03
  -3.9788401e-03   1.9950000e+03
  -4.0832781e-03   2.0100000e+03
  -4.1962927e-03   2.0250000e+03
  -4.3178084e-03   2.0400000e+03
  -4.4476395e-03   2.0550000e+03
  -4.5854761e-03   2.0700000e+03
  -4.7297035e-03   2.0850000e+03
  -4.8775044e-03   2.1000000e+03
  -5.0265193e-03   2.1150000e+03
  -5.1758420e-03   2.1300000e+03
  -5.3254063e-03   2.1450000e+03
  -5.4753739e-03   2.1600000e+03
  -5.6263944e-03   2.1750000e+03
  -5.7790405e-03   2.1900000e+03
