  -4.7616786e-04   7.6500000e+02
  -4.4894224e-04   7.8000000e+02
  -4.7560362e-04   7.9500000e+02
  -5.2937929e-04   8.1000000e+02
  -5.9847708e-04   8.2500000e+02
  -6.7014544e-04   8.4000000e+02
  -7.1479671e-04   8.5500000e+02
  -7.1345893e-04   8.7000000e+02
  -6.9118629e-04   8.8500000e+02
  -6.9514802e-04   9.0000000e+02
  -7.3973031e-04   9.1500000e+02
  -7.9654116e-04   9.3000000e+02
  -8.3771755e-04   9.4500000e+02
  -8.6193561e-04   9.6000000e+02
  -8.7510195e-04   9.7500000e+02
  -8.7646366e-04   9.9000000e+02
  -8.7449374e-04   1.0050000e+03
  -8.8877702e-04   1.0200000e+03
  -9.2186104e-04   1.0350000e+03
  -9.5122959e-04   1.0500000e+03
  -9.6142478e-04   1.0650000e+03
  -9.6473016e-04   1.0800000e+03
  -9.7953435e-04   1.0950000e+03
  -1.0054657e-03   1.1100000e+03
  -1.0298545e-03   1.1250000e+03
  -1.0455848e-03   1.1400000e+03
  -1.0538840e-03   1.1550000e+03
  -1.0577602e-03   1.1700000e+03
  -1.0593601e-03   1.1850000e+03
  -1.0603861e-03   1.2000000e+03
  -1.0623500e-03   1.2150000e+03
  -1.0684376e-03   1.2300000e+03
  -1.0853905e-03   1.2450000e+03
  -1.1199524e-03   1.2600000e+03
  -1.1709158e-03   1.2750000e+03
  -1.2262751e-03   1.2900000e+03
  -1.2701940e-03   1.3050000e+03
  -1.2924465e-03   1.3200000e+03
  -1.2932071e-03   1.3350000e+03
  -1.2847000e-03   1.3500000e+03
  -1.2879071e-03   1.3650000e+03
  -1.3173595e-03   1.3800000e+03
  -1.3636381e-03   1.3950000e+03
  -1.3989856e-03   1.4100000e+03
  -1.4071988e-03   1.4250000e+03
  -1.4024551e-03   1.4400000e+03
  -1.4127498e-03   1.4550000e+03
  -1.4490769e-03   1.4700000e+03
  -1.4959945e-03   1.4850000e+03
  -1.5297731e-03   1.5000000e+03
  -1.5420743e-03   1.5150000e+03
  -1.5464582e-03   1.5300000e+03
  -1.5626539e-03   1.5450000e+03
  -1.5949379e-03   1.5600000e+03
  -1.6287727e-03   1.5750000e+03
  -1.6501928e-03   1.5900000e+03
  -1.6635061e-03   1.6050000e+03
  -1.6838709e-03   1.6200000e+03
  -1.7154020e-03   1.6350000e+03
  -1.7460184e-03   1.6500000e+03
  -1.7657995e-03   1.6650000e+03
  -1.7810012e-03   1.6800000e+03
