  -2.2218039e+00   1.5000000e+03
  -1.8967893e+00   1.5150000e+03
  -1.1284269e+00   1.5300000e+03
  -3.4247449e-01   1.5450000e+03
   1.0557368e-01   1.5600000e+03
   1.6653997e-01   1.5750000e+03
   6.8085469e-02   1.5900000e+03
   5.0538473e-02   1.6050000e+03
   1.4215133e-01   1.6200000e+03
   2.0008248e-01   1.6350000e+03
   1.3126920e-01   1.6500000e+03
   4.0142648e-03   1.6650000e+03
  -7.0012964e-02   1.6800000e+03
  -8.9479193e-02   1.6950000e+03
  -1.3373338e-01   1.7100000e+03
  -2.1626231e-01   1.7250000e+03
  -2.5190219e-01   1.7400000e+03
  -1.7731841e-01   1.7550000e+03
  -3.4815256e-02   1.7700000e+03
   8.8634707e-02   1.7850000e+03
   1.5016790e-01   1.8000000e+03
   1.4916092e-01   1.8150000e+03
   9.0117067e-02   1.8300000e+03
  -5.9784357e-03   1.8450000e+03
  -8.5321233e-02   1.8600000e+03
  -1.0105870e-01   1.8750000e+03
  -5.6746013e-02   1.8900000e+03
   1.3570295e-02   1.9050000e+03
   8.8142402e-02   1.9200000e+03
   1.5772572e-01   1.9350000e+03
   2.0452926e-01   1.9500000e+03
   2.0816749e-01   1.9650000e+03
   1.6495751e-01   1.9800000e+03
   8.8551357e-02   1.9950000e+03
   1.8508574e-03   2.0100000e+03
  -6.5274857e-02   2.0250000e+03
  -8.7100461e-02   2.0400000e+03
  -6.3858166e-02   2.0550000e+03
  -2.4664149e-02   2.0700000e+03
  -1.0145394e-03   2.0850000e+03
  -1.6167708e-03   2.1000000e+03
  -1.4807472e-02   2.1150000e+03
  -2.7980290e-02   2.1300000e+03
  -3.8813926e-02   2.1450000e+03
  -4.8923753e-02   2.1600000e+03
  -5.2620281e-02   2.1750000e+03
  -4.0128622e-02   2.1900000e+03
