  -2.6995211e-03   1.5000000e+02
  -3.4931938e-03   1.6500000e+02
  -4.4474369e-03   1.8000000e+02
  -5.5906922e-03   1.9500000e+02
  -6.9292039e-03   2.1000000e+02
  -8.4360987e-03   2.2500000e+02
  -1.0014808e-02   2.4000000e+02
  -1.1440923e-02   2.5500000e+02
  -1.2339643e-02   2.7000000e+02
  -1.2122684e-02   2.8500000e+02
  -9.6096331e-03   3.0000000e+02
  -1.8412917e-03   3.1500000e+02
   1.9145904e-02   3.3000000e+02
   7.4652672e-02   3.4500000e+02
   2.1666308e-01   3.6000000e+02
   5.4737723e-01   3.7500000e+02
   1.1961589e+00   3.9000000e+02
   2.1695182e+00   4.0500000e+02
   3.0793192e+00   4.2000000e+02
   3.0684361e+00   4.3500000e+02
   1.4114294e+00   4.5000000e+02
  -1.4473381e+00   4.6500000e+02
  -3.7613637e+00   4.8000000e+02
  -3.9957449e+00   4.9500000e+02
  -2.3572519e+00   5.1000000e+02
  -3.7600622e-01   5.2500000e+02
   6.5550345e-01   5.4000000e+02
   4.9421790e-01   5.5500000e+02
  -1.3467465e-01   5.7000000e+02
  -2.8744701e-01   5.8500000e+02
   5.4745115e-02   6.0000000e+02
