   1.9892962e-01   1.5000000e+03
   1.7365506e-01   1.5150000e+03
  -9.2356905e-02   1.5300000e+03
  -3.8146466e-01   1.5450000e+03
  -3.9549655e-01   1.5600000e+03
  -1.3487987e-01   1.5750000e+03
   1.3195179e-01   1.5900000e+03
   2.3173840e-01   1.6050000e+03
   2.4236526e-01   1.6200000e+03
   2.6866034e-01   1.6350000e+03
   2.4718644e-01   1.6500000e+03
   8.2175381e-02   1.6650000e+03
  -1.4859928e-01   1.6800000e+03
  -2.6704848e-01   1.6950000e+03
  -2.1691716e-01   1.7100000e+03
  -8.9585893e-02   1.7250000e+03
   3.0265324e-02   1.7400000e+03
   1.1832995e-01   1.7550000e+03
   1.3600472e-01   1.7700000e+03
   4.3423671e-02   1.7850000e+03
  -9.5783390e-02   1.8000000e+03
  -1.4248581e-01   1.8150000e+03
  -5.2837115e-02   1.8300000e+03
   6.8139426e-02   1.8450000e+03
   1.1344336e-01   1.8600000e+03
   8.8225126e-02   1.8750000e+03
   4.3849096e-02   1.8900000e+03
  -9.9727875e-03   1.9050000e+03
  -6.6394322e-02   1.9200000e+03
  -7.0572786e-02   1.9350000e+03
   7.0077931e-03   1.9500000e+03
   8.8638708e-02   1.9650000e+03
   7.1069568e-02   1.9800000e+03
  -2.5190555e-02   1.9950000e+03
  -7.4509956e-02   2.0100000e+03
  -1.8681973e-02   2.0250000e+03
   6.1296314e-02   2.0400000e+03
   6.7104459e-02   2.0550000e+03
   4.8598084e-03   2.0700000e+03
  -4.6331823e-02   2.0850000e+03
  -3.6245555e-02   2.1000000e+03
   1.1835260e-02   2.1150000e+03
   3.2572784e-02   2.1300000e+03
  -6.9809458e-03   2.1450000e+03
  -5.8772519e-02   2.1600000e+03
  -5.2332893e-02   2.1750000e+03
  -1.7966467e-04   2.1900000e+03
