  -5.6224479e-04   7.6500000e+02
  -5.2152661e-04   7.8000000e+02
  -5.6553714e-04   7.9500000e+02
  -6.6893880e-04   8.1000000e+02
  -7.7399734e-04   8.2500000e+02
  -8.3909719e-04   8.4000000e+02
  -8.6511165e-04   8.5500000e+02
  -8.7060087e-04   8.7000000e+02
  -8.6313882e-04   8.8500000e+02
  -8.5300981e-04   9.0000000e+02
  -8.7283395e-04   9.1500000e+02
  -9.4720529e-04   9.3000000e+02
  -1.0485138e-03   9.4500000e+02
  -1.1191119e-03   9.6000000e+02
  -1.1394778e-03   9.7500000e+02
  -1.1427989e-03   9.9000000e+02
  -1.1628418e-03   1.0050000e+03
  -1.2017741e-03   1.0200000e+03
  -1.2475691e-03   1.0350000e+03
  -1.2859290e-03   1.0500000e+03
  -1.2962441e-03   1.0650000e+03
  -1.2712618e-03   1.0800000e+03
  -1.2373496e-03   1.0950000e+03
  -1.2239142e-03   1.1100000e+03
  -1.2218321e-03   1.1250000e+03
  -1.2024578e-03   1.1400000e+03
  -1.1671291e-03   1.1550000e+03
  -1.1489498e-03   1.1700000e+03
  -1.1711171e-03   1.1850000e+03
  -1.2254824e-03   1.2000000e+03
  -1.2929188e-03   1.2150000e+03
  -1.3719780e-03   1.2300000e+03
  -1.4807099e-03   1.2450000e+03
  -1.6326616e-03   1.2600000e+03
  -1.8198020e-03   1.2750000e+03
  -2.0218617e-03   1.2900000e+03
  -2.2211354e-03   1.3050000e+03
  -2.4037850e-03   1.3200000e+03
  -2.5657648e-03   1.3350000e+03
  -2.7323202e-03   1.3500000e+03
  -2.9552905e-03   1.3650000e+03
  -3.2683071e-03   1.3800000e+03
  -3.6489789e-03   1.3950000e+03
  -4.0450324e-03   1.4100000e+03
  -4.4422410e-03   1.4250000e+03
  -4.8943209e-03   1.4400000e+03
  -5.4754335e-03   1.4550000e+03
  -6.2000961e-03   1.4700000e+03
  -6.9814557e-03   1.4850000e+03
  -7.6360046e-03   1.5000000e+03
  -7.8519471e-03   1.5150000e+03
  -7.0018498e-03   1.5300000e+03
  -3.7274605e-03   1.5450000e+03
   4.6595847e-03   1.5600000e+03
   2.2725277e-02   1.5750000e+03
   5.6873031e-02   1.5900000e+03
   1.1383019e-01   1.6050000e+03
   1.9668978e-01   1.6200000e+03
   2.9836845e-01   1.6350000e+03
   3.9474699e-01   1.6500000e+03
   4.4329795e-01   1.6650000e+03
   3.9484549e-01   1.6800000e+03
