   3.0876121e-01   1.5000000e+03
   3.7345114e-01   1.5150000e+03
   4.4137409e-01   1.5300000e+03
   5.0693220e-01   1.5450000e+03
   5.6284720e-01   1.5600000e+03
   6.0127044e-01   1.5750000e+03
   6.1523360e-01   1.5900000e+03
   5.9995478e-01   1.6050000e+03
   5.5360109e-01   1.6200000e+03
   4.7742954e-01   1.6350000e+03
   3.7557840e-01   1.6500000e+03
   2.5491756e-01   1.6650000e+03
   1.2505515e-01   1.6800000e+03
  -2.0923887e-03   1.6950000e+03
  -1.1411390e-01   1.7100000e+03
  -2.0143996e-01   1.7250000e+03
  -2.6064509e-01   1.7400000e+03
  -2.9524881e-01   1.7550000e+03
  -3.1292513e-01   1.7700000e+03
  -3.2093516e-01   1.7850000e+03
  -3.2319281e-01   1.8000000e+03
  -3.2073587e-01   1.8150000e+03
  -3.1408235e-01   1.8300000e+03
  -3.0459023e-01   1.8450000e+03
  -2.9381078e-01   1.8600000e+03
  -2.8234336e-01   1.8750000e+03
  -2.6983523e-01   1.8900000e+03
  -2.5591755e-01   1.9050000e+03
  -2.4078363e-01   1.9200000e+03
  -2.2492412e-01   1.9350000e+03
  -2.0865011e-01   1.9500000e+03
  -1.9199546e-01   1.9650000e+03
  -1.7489240e-01   1.9800000e+03
  -1.5729028e-01   1.9950000e+03
  -1.3915800e-01   2.0100000e+03
  -1.2046719e-01   2.0250000e+03
  -1.0118084e-01   2.0400000e+03
  -8.1238225e-02   2.0550000e+03
  -6.0571693e-02   2.0700000e+03
  -3.9187759e-02   2.0850000e+03
  -1.7286351e-02   2.1000000e+03
   4.6646087e-03   2.1150000e+03
   2.5982231e-02   2.1300000e+03
   4.5925952e-02   2.1450000e+03
   6.3824758e-02   2.1600000e+03
   7.9105370e-02   2.1750000e+03
   9.1319062e-02   2.1900000e+03
