  -3.8547954e-03   1.5000000e+02
  -3.8603593e-03   1.6500000e+02
  -3.8668639e-03   1.8000000e+02
  -3.8743014e-03   1.9500000e+02
  -3.8822570e-03   2.1000000e+02
  -3.8902112e-03   2.2500000e+02
  -3.8982031e-03   2.4000000e+02
  -3.9068563e-03   2.5500000e+02
  -3.9167567e-03   2.7000000e+02
  -3.9278334e-03   2.8500000e+02
  -3.9393688e-03   3.0000000e+02
  -3.9506834e-03   3.1500000e+02
  -3.9617489e-03   3.3000000e+02
  -3.9731371e-03   3.4500000e+02
  -3.9854306e-03   3.6000000e+02
  -3.9987606e-03   3.7500000e+02
  -4.0129190e-03   3.9000000e+02
  -4.0278924e-03   4.0500000e+02
  -4.0437123e-03   4.2000000e+02
  -4.0593119e-03   4.3500000e+02
  -4.0726382e-03   4.5000000e+02
  -4.0827557e-03   4.6500000e+02
  -4.0907408e-03   4.8000000e+02
  -4.0980540e-03   4.9500000e+02
  -4.1054348e-03   5.1000000e+02
  -4.1136402e-03   5.2500000e+02
  -4.1238009e-03   5.4000000e+02
  -4.1362890e-03   5.5500000e+02
  -4.1502528e-03   5.7000000e+02
  -4.1650459e-03   5.8500000e+02
  -4.1809450e-03   6.0000000e+02
