  -4.2021298e-03   1.5000000e+02
  -4.2178147e-03   1.6500000e+02
  -4.2374860e-03   1.8000000e+02
  -4.2614723e-03   1.9500000e+02
  -4.2905905e-03   2.1000000e+02
  -4.3253563e-03   2.2500000e+02
  -4.3652141e-03   2.4000000e+02
  -4.4080638e-03   2.5500000e+02
  -4.4515883e-03   2.7000000e+02
  -4.4951718e-03   2.8500000e+02
  -4.5394120e-03   3.0000000e+02
  -4.5845308e-03   3.1500000e+02
  -4.6299617e-03   3.3000000e+02
  -4.6743071e-03   3.4500000e+02
  -4.7153919e-03   3.6000000e+02
  -4.7511854e-03   3.7500000e+02
  -4.7809696e-03   3.9000000e+02
  -4.8057954e-03   4.0500000e+02
  -4.8277602e-03   4.2000000e+02
  -4.8475564e-03   4.3500000e+02
  -4.8620859e-03   4.5000000e+02
  -4.8660510e-03   4.6500000e+02
  -4.8567560e-03   4.8000000e+02
  -4.8360387e-03   4.9500000e+02
  -4.8068254e-03   5.1000000e+02
  -4.7693811e-03   5.2500000e+02
  -4.7225961e-03   5.4000000e+02
  -4.6674320e-03   5.5500000e+02
  -4.6055880e-03   5.7000000e+02
  -4.5352778e-03   5.8500000e+02
  -4.4523324e-03   6.0000000e+02
