  -4.0099712e-04   7.6500000e+02
  -3.7576869e-04   7.8000000e+02
  -3.9883525e-04   7.9500000e+02
  -4.4668347e-04   8.1000000e+02
  -5.0812942e-04   8.2500000e+02
  -5.7124090e-04   8.4000000e+02
  -6.1013759e-04   8.5500000e+02
  -6.0859381e-04   8.7000000e+02
  -5.8859808e-04   8.8500000e+02
  -5.9141195e-04   9.0000000e+02
  -6.3008763e-04   9.1500000e+02
  -6.8033271e-04   9.3000000e+02
  -7.1749953e-04   9.4500000e+02
  -7.3949271e-04   9.6000000e+02
  -7.5103546e-04   9.7500000e+02
  -7.5193547e-04   9.9000000e+02
  -7.5019291e-04   1.0050000e+03
  -7.6303020e-04   1.0200000e+03
  -7.9248985e-04   1.0350000e+03
  -8.1866339e-04   1.0500000e+03
  -8.2774839e-04   1.0650000e+03
  -8.3039020e-04   1.0800000e+03
  -8.4307487e-04   1.0950000e+03
  -8.6595211e-04   1.1100000e+03
  -8.8777440e-04   1.1250000e+03
  -9.0172241e-04   1.1400000e+03
  -9.0863358e-04   1.1550000e+03
  -9.1142225e-04   1.1700000e+03
  -9.1218879e-04   1.1850000e+03
  -9.1225031e-04   1.2000000e+03
  -9.1272756e-04   1.2150000e+03
  -9.1662625e-04   1.2300000e+03
  -9.3038811e-04   1.2450000e+03
  -9.6022955e-04   1.2600000e+03
  -1.0049044e-03   1.2750000e+03
  -1.0534483e-03   1.2900000e+03
  -1.0915655e-03   1.3050000e+03
  -1.1099781e-03   1.3200000e+03
  -1.1087351e-03   1.3350000e+03
  -1.0989056e-03   1.3500000e+03
  -1.0996150e-03   1.3650000e+03
  -1.1240683e-03   1.3800000e+03
  -1.1636562e-03   1.3950000e+03
  -1.1931461e-03   1.4100000e+03
  -1.1978030e-03   1.4250000e+03
  -1.1905053e-03   1.4400000e+03
  -1.1967744e-03   1.4550000e+03
  -1.2267189e-03   1.4700000e+03
  -1.2662828e-03   1.4850000e+03
  -1.2937329e-03   1.5000000e+03
  -1.3013886e-03   1.5150000e+03
  -1.3016476e-03   1.5300000e+03
  -1.3125404e-03   1.5450000e+03
  -1.3379384e-03   1.5600000e+03
  -1.3645350e-03   1.5750000e+03
  -1.3795955e-03   1.5900000e+03
  -1.3870910e-03   1.6050000e+03
  -1.4008592e-03   1.6200000e+03
  -1.4245962e-03   1.6350000e+03
  -1.4472025e-03   1.6500000e+03
  -1.4596138e-03   1.6650000e+03
  -1.4675923e-03   1.6800000e+03
