  -6.3559855e-04   7.6500000e+02
  -5.8819924e-04   7.8000000e+02
  -6.2995875e-04   7.9500000e+02
  -7.4155093e-04   8.1000000e+02
  -8.6488540e-04   8.2500000e+02
  -9.5162651e-04   8.4000000e+02
  -9.9560479e-04   8.5500000e+02
  -1.0134748e-03   8.7000000e+02
  -1.0156172e-03   8.8500000e+02
  -1.0156073e-03   9.0000000e+02
  -1.0477003e-03   9.1500000e+02
  -1.1377905e-03   9.3000000e+02
  -1.2594063e-03   9.4500000e+02
  -1.3528462e-03   9.6000000e+02
  -1.3931084e-03   9.7500000e+02
  -1.4113314e-03   9.9000000e+02
  -1.4482246e-03   1.0050000e+03
  -1.5160870e-03   1.0200000e+03
  -1.6055735e-03   1.0350000e+03
  -1.6971003e-03   1.0500000e+03
  -1.7662250e-03   1.0650000e+03
  -1.8087215e-03   1.0800000e+03
  -1.8566650e-03   1.0950000e+03
  -1.9411490e-03   1.1100000e+03
  -2.0474230e-03   1.1250000e+03
  -2.1348479e-03   1.1400000e+03
  -2.1912658e-03   1.1550000e+03
  -2.2398599e-03   1.1700000e+03
  -2.2982385e-03   1.1850000e+03
  -2.3562789e-03   1.2000000e+03
  -2.3992003e-03   1.2150000e+03
  -2.4377371e-03   1.2300000e+03
  -2.5034233e-03   1.2450000e+03
  -2.6148183e-03   1.2600000e+03
  -2.7576662e-03   1.2750000e+03
  -2.8996174e-03   1.2900000e+03
  -3.0118439e-03   1.3050000e+03
  -3.0734320e-03   1.3200000e+03
  -3.0759859e-03   1.3350000e+03
  -3.0402134e-03   1.3500000e+03
  -3.0126637e-03   1.3650000e+03
  -3.0217951e-03   1.3800000e+03
  -3.0373945e-03   1.3950000e+03
  -2.9911166e-03   1.4100000e+03
  -2.8440070e-03   1.4250000e+03
  -2.6240943e-03   1.4400000e+03
  -2.3887451e-03   1.4550000e+03
  -2.1531703e-03   1.4700000e+03
  -1.8632256e-03   1.4850000e+03
  -1.4384264e-03   1.5000000e+03
  -8.3460618e-04   1.5150000e+03
  -5.8967635e-05   1.5300000e+03
   8.7571470e-04   1.5450000e+03
   2.0072870e-03   1.5600000e+03
   3.4312739e-03   1.5750000e+03
   5.2551473e-03   1.5900000e+03
   7.5604701e-03   1.6050000e+03
   1.0427351e-02   1.6200000e+03
   1.3995624e-02   1.6350000e+03
   1.8487651e-02   1.6500000e+03
   2.4176165e-02   1.6650000e+03
   3.1365652e-02   1.6800000e+03
