  -3.7084709e-04   7.6500000e+02
  -3.5223333e-04   7.8000000e+02
  -3.7294399e-04   7.9500000e+02
  -4.1090389e-04   8.1000000e+02
  -4.6184758e-04   8.2500000e+02
  -5.1940873e-04   8.4000000e+02
  -5.5717392e-04   8.5500000e+02
  -5.5590400e-04   8.7000000e+02
  -5.3722993e-04   8.8500000e+02
  -5.4269127e-04   9.0000000e+02
  -5.8178196e-04   9.1500000e+02
  -6.2596588e-04   9.3000000e+02
  -6.5287249e-04   9.4500000e+02
  -6.6780631e-04   9.6000000e+02
  -6.7870395e-04   9.7500000e+02
  -6.8130769e-04   9.9000000e+02
  -6.7891210e-04   1.0050000e+03
  -6.8813120e-04   1.0200000e+03
  -7.1225106e-04   1.0350000e+03
  -7.3266012e-04   1.0500000e+03
  -7.3781115e-04   1.0650000e+03
  -7.3949661e-04   1.0800000e+03
  -7.5123779e-04   1.0950000e+03
  -7.6949026e-04   1.1100000e+03
  -7.8434660e-04   1.1250000e+03
  -7.9371064e-04   1.1400000e+03
  -8.0000411e-04   1.1550000e+03
  -8.0344151e-04   1.1700000e+03
  -8.0394576e-04   1.1850000e+03
  -8.0386829e-04   1.2000000e+03
  -8.0590637e-04   1.2150000e+03
  -8.1175932e-04   1.2300000e+03
  -8.2430954e-04   1.2450000e+03
  -8.4777520e-04   1.2600000e+03
  -8.8246580e-04   1.2750000e+03
  -9.2066772e-04   1.2900000e+03
  -9.5079606e-04   1.3050000e+03
  -9.6564181e-04   1.3200000e+03
  -9.6625311e-04   1.3350000e+03
  -9.6151250e-04   1.3500000e+03
  -9.6528704e-04   1.3650000e+03
  -9.8713988e-04   1.3800000e+03
  -1.0208141e-03   1.3950000e+03
  -1.0474224e-03   1.4100000e+03
  -1.0557134e-03   1.4250000e+03
  -1.0551554e-03   1.4400000e+03
  -1.0644664e-03   1.4550000e+03
  -1.0908049e-03   1.4700000e+03
  -1.1240494e-03   1.4850000e+03
  -1.1489978e-03   1.5000000e+03
  -1.1603610e-03   1.5150000e+03
  -1.1667967e-03   1.5300000e+03
  -1.1809757e-03   1.5450000e+03
  -1.2055777e-03   1.5600000e+03
  -1.2309838e-03   1.5750000e+03
  -1.2480862e-03   1.5900000e+03
  -1.2599559e-03   1.6050000e+03
  -1.2767224e-03   1.6200000e+03
  -1.3010533e-03   1.6350000e+03
  -1.3248839e-03   1.6500000e+03
  -1.3415634e-03   1.6650000e+03
  -1.3550293e-03   1.6800000e+03
