  -8.4136333e-04   7.6500000e+02
  -8.0446363e-04   7.8000000e+02
  -8.4985123e-04   7.9500000e+02
  -9.4645540e-04   8.1000000e+02
  -1.0519680e-03   8.2500000e+02
  -1.1337532e-03   8.4000000e+02
  -1.1759979e-03   8.5500000e+02
  -1.1797615e-03   8.7000000e+02
  -1.1638782e-03   8.8500000e+02
  -1.1607986e-03   9.0000000e+02
  -1.1978972e-03   9.1500000e+02
  -1.2735726e-03   9.3000000e+02
  -1.3545962e-03   9.4500000e+02
  -1.4044323e-03   9.6000000e+02
  -1.4146878e-03   9.7500000e+02
  -1.4066900e-03   9.9000000e+02
  -1.4082175e-03   1.0050000e+03
  -1.4340961e-03   1.0200000e+03
  -1.4804219e-03   1.0350000e+03
  -1.5269155e-03   1.0500000e+03
  -1.5523520e-03   1.0650000e+03
  -1.5586616e-03   1.0800000e+03
  -1.5716851e-03   1.0950000e+03
  -1.6080172e-03   1.1100000e+03
  -1.6522678e-03   1.1250000e+03
  -1.6787135e-03   1.1400000e+03
  -1.6842263e-03   1.1550000e+03
  -1.6871166e-03   1.1700000e+03
  -1.7015113e-03   1.1850000e+03
  -1.7252152e-03   1.2000000e+03
  -1.7515694e-03   1.2150000e+03
  -1.7859563e-03   1.2300000e+03
  -1.8458617e-03   1.2450000e+03
  -1.9431965e-03   1.2600000e+03
  -2.0698979e-03   1.2750000e+03
  -2.2037153e-03   1.2900000e+03
  -2.3227348e-03   1.3050000e+03
  -2.4113110e-03   1.3200000e+03
  -2.4645492e-03   1.3350000e+03
  -2.5000819e-03   1.3500000e+03
  -2.5564996e-03   1.3650000e+03
  -2.6609525e-03   1.3800000e+03
  -2.7968516e-03   1.3950000e+03
  -2.9184115e-03   1.4100000e+03
  -3.0030468e-03   1.4250000e+03
  -3.0800393e-03   1.4400000e+03
  -3.2003359e-03   1.4550000e+03
  -3.3826977e-03   1.4700000e+03
  -3.5958386e-03   1.4850000e+03
  -3.7923923e-03   1.5000000e+03
  -3.9562406e-03   1.5150000e+03
  -4.1158502e-03   1.5300000e+03
  -4.3134177e-03   1.5450000e+03
  -4.5633577e-03   1.5600000e+03
  -4.8436271e-03   1.5750000e+03
  -5.1282709e-03   1.5900000e+03
  -5.4216972e-03   1.6050000e+03
  -5.7518007e-03   1.6200000e+03
  -6.1328528e-03   1.6350000e+03
  -6.5515288e-03   1.6500000e+03
  -6.9956095e-03   1.6650000e+03
  -7.4802828e-03   1.6800000e+03
