  -4.0211393e-03   1.5000000e+02
  -4.0276074e-03   1.6500000e+02
  -4.0349383e-03   1.8000000e+02
  -4.0430287e-03   1.9500000e+02
  -4.0511508e-03   2.1000000e+02
  -4.0584728e-03   2.2500000e+02
  -4.0651048e-03   2.4000000e+02
  -4.0721982e-03   2.5500000e+02
  -4.0808772e-03   2.7000000e+02
  -4.0910142e-03   2.8500000e+02
  -4.1012350e-03   3.0000000e+02
  -4.1102991e-03   3.1500000e+02
  -4.1184286e-03   3.3000000e+02
  -4.1272473e-03   3.4500000e+02
  -4.1385088e-03   3.6000000e+02
  -4.1528540e-03   3.7500000e+02
  -4.1697714e-03   3.9000000e+02
  -4.1887253e-03   4.0500000e+02
  -4.2094649e-03   4.2000000e+02
  -4.2307191e-03   4.3500000e+02
  -4.2502326e-03   4.5000000e+02
  -4.2672949e-03   4.6500000e+02
  -4.2835572e-03   4.8000000e+02
  -4.3005748e-03   4.9500000e+02
  -4.3185893e-03   5.1000000e+02
  -4.3383017e-03   5.2500000e+02
  -4.3616574e-03   5.4000000e+02
  -4.3898821e-03   5.5500000e+02
  -4.4223638e-03   5.7000000e+02
  -4.4584009e-03   5.8500000e+02
  -4.4980729e-03   6.0000000e+02
