  -5.8750235e-03   1.5000000e+02
  -5.8952132e-03   1.6500000e+02
  -5.9198071e-03   1.8000000e+02
  -5.9488425e-03   1.9500000e+02
  -5.9824404e-03   2.1000000e+02
  -6.0207308e-03   2.2500000e+02
  -6.0638129e-03   2.4000000e+02
  -6.1110733e-03   2.5500000e+02
  -6.1610211e-03   2.7000000e+02
  -6.2124217e-03   2.8500000e+02
  -6.2653418e-03   3.0000000e+02
  -6.3206572e-03   3.1500000e+02
  -6.3786837e-03   3.3000000e+02
  -6.4385682e-03   3.4500000e+02
  -6.4982572e-03   3.6000000e+02
  -6.5546054e-03   3.7500000e+02
  -6.6053569e-03   3.9000000e+02
  -6.6520330e-03   4.0500000e+02
  -6.6979188e-03   4.2000000e+02
  -6.7414413e-03   4.3500000e+02
  -6.7753079e-03   4.5000000e+02
  -6.7945933e-03   4.6500000e+02
  -6.8019154e-03   4.8000000e+02
  -6.8031191e-03   4.9500000e+02
  -6.8019461e-03   5.1000000e+02
  -6.7999428e-03   5.2500000e+02
  -6.7976429e-03   5.4000000e+02
  -6.7936820e-03   5.5500000e+02
  -6.7848838e-03   5.7000000e+02
  -6.7696902e-03   5.8500000e+02
  -6.7495392e-03   6.0000000e+02
