  -2.6002161e-03   1.5000000e+03
  -2.6840076e-03   1.5150000e+03
  -2.7750290e-03   1.5300000e+03
  -2.8743912e-03   1.5450000e+03
  -2.9789181e-03   1.5600000e+03
  -3.0862452e-03   1.5750000e+03
  -3.1996625e-03   1.5900000e+03
  -3.3254707e-03   1.6050000e+03
  -3.4658976e-03   1.6200000e+03
  -3.6166934e-03   1.6350000e+03
  -3.7720024e-03   1.6500000e+03
  -3.9297426e-03   1.6650000e+03
  -4.0919990e-03   1.6800000e+03
  -4.2626602e-03   1.6950000e+03
  -4.4464529e-03   1.7100000e+03
  -4.6492810e-03   1.7250000e+03
  -4.8774588e-03   1.7400000e+03
  -5.1344852e-03   1.7550000e+03
  -5.4177339e-03   1.7700000e+03
  -5.7205008e-03   1.7850000e+03
  -6.0398448e-03   1.8000000e+03
  -6.3813487e-03   1.8150000e+03
  -6.7540267e-03   1.8300000e+03
  -7.1614310e-03   1.8450000e+03
  -7.5998930e-03   1.8600000e+03
  -8.0649406e-03   1.8750000e+03
  -8.5566705e-03   1.8900000e+03
  -9.0764547e-03   1.9050000e+03
  -9.6143605e-03   1.9200000e+03
  -1.0128785e-02   1.9350000e+03
  -1.0517049e-02   1.9500000e+03
  -1.0570119e-02   1.9650000e+03
  -9.8934993e-03   1.9800000e+03
  -7.7679218e-03   1.9950000e+03
  -2.9373427e-03   2.0100000e+03
   6.6445041e-03   2.0250000e+03
   2.4007654e-02   2.0400000e+03
   5.3100310e-02   2.0550000e+03
   9.8154999e-02   2.0700000e+03
   1.6213976e-01   2.0850000e+03
   2.4413864e-01   2.1000000e+03
   3.3607593e-01   2.1150000e+03
   4.2013541e-01   2.1300000e+03
   4.6916544e-01   2.1450000e+03
   4.5249981e-01   2.1600000e+03
   3.4799993e-01   2.1750000e+03
   1.5739223e-01   2.1900000e+03
