  -7.4031681e-04   7.6500000e+02
  -7.0786348e-04   7.8000000e+02
  -7.4557902e-04   7.9500000e+02
  -8.2109170e-04   8.1000000e+02
  -9.1245642e-04   8.2500000e+02
  -9.9957024e-04   8.4000000e+02
  -1.0518897e-03   8.5500000e+02
  -1.0528434e-03   8.7000000e+02
  -1.0297840e-03   8.8500000e+02
  -1.0333445e-03   9.0000000e+02
  -1.0836129e-03   9.1500000e+02
  -1.1548919e-03   9.3000000e+02
  -1.2134906e-03   9.4500000e+02
  -1.2484021e-03   9.6000000e+02
  -1.2626144e-03   9.7500000e+02
  -1.2613023e-03   9.9000000e+02
  -1.2597094e-03   1.0050000e+03
  -1.2795045e-03   1.0200000e+03
  -1.3220931e-03   1.0350000e+03
  -1.3620371e-03   1.0500000e+03
  -1.3797686e-03   1.0650000e+03
  -1.3866135e-03   1.0800000e+03
  -1.4059219e-03   1.0950000e+03
  -1.4419055e-03   1.1100000e+03
  -1.4789766e-03   1.1250000e+03
  -1.5034796e-03   1.1400000e+03
  -1.5152860e-03   1.1550000e+03
  -1.5218044e-03   1.1700000e+03
  -1.5287432e-03   1.1850000e+03
  -1.5371570e-03   1.2000000e+03
  -1.5467914e-03   1.2150000e+03
  -1.5620589e-03   1.2300000e+03
  -1.5936679e-03   1.2450000e+03
  -1.6507338e-03   1.2600000e+03
  -1.7299476e-03   1.2750000e+03
  -1.8147368e-03   1.2900000e+03
  -1.8853934e-03   1.3050000e+03
  -1.9288079e-03   1.3200000e+03
  -1.9435948e-03   1.3350000e+03
  -1.9447136e-03   1.3500000e+03
  -1.9605814e-03   1.3650000e+03
  -2.0113559e-03   1.3800000e+03
  -2.0847372e-03   1.3950000e+03
  -2.1442983e-03   1.4100000e+03
  -2.1693690e-03   1.4250000e+03
  -2.1792527e-03   1.4400000e+03
  -2.2111200e-03   1.4550000e+03
  -2.2792732e-03   1.4700000e+03
  -2.3623665e-03   1.4850000e+03
  -2.4278655e-03   1.5000000e+03
  -2.4645512e-03   1.5150000e+03
  -2.4913352e-03   1.5300000e+03
  -2.5355779e-03   1.5450000e+03
  -2.6037965e-03   1.5600000e+03
  -2.6768830e-03   1.5750000e+03
  -2.7356124e-03   1.5900000e+03
  -2.7847372e-03   1.6050000e+03
  -2.8442484e-03   1.6200000e+03
  -2.9204467e-03   1.6350000e+03
  -2.9981518e-03   1.6500000e+03
  -3.0645325e-03   1.6650000e+03
  -3.1280362e-03   1.6800000e+03
