  -8.7075699e-03   1.5000000e+02
  -8.7349033e-03   1.6500000e+02
  -8.7690474e-03   1.8000000e+02
  -8.8100852e-03   1.9500000e+02
  -8.8603767e-03   2.1000000e+02
  -8.9216456e-03   2.2500000e+02
  -8.9922510e-03   2.4000000e+02
  -9.0667056e-03   2.5500000e+02
  -9.1394363e-03   2.7000000e+02
  -9.2086419e-03   2.8500000e+02
  -9.2744147e-03   3.0000000e+02
  -9.3366439e-03   3.1500000e+02
  -9.3971081e-03   3.3000000e+02
  -9.4600460e-03   3.4500000e+02
  -9.5298588e-03   3.6000000e+02
  -9.6101044e-03   3.7500000e+02
  -9.7029004e-03   3.9000000e+02
  -9.8077729e-03   4.0500000e+02
  -9.9234311e-03   4.2000000e+02
  -1.0050190e-02   4.3500000e+02
  -1.0187278e-02   4.5000000e+02
  -1.0330225e-02   4.6500000e+02
  -1.0475556e-02   4.8000000e+02
  -1.0626391e-02   4.9500000e+02
  -1.0789208e-02   5.1000000e+02
  -1.0965334e-02   5.2500000e+02
  -1.1151276e-02   5.4000000e+02
  -1.1350229e-02   5.5500000e+02
  -1.1574799e-02   5.7000000e+02
  -1.1831435e-02   5.8500000e+02
  -1.2112240e-02   6.0000000e+02
