  -4.5099645e-03   1.5000000e+02
  -4.5179692e-03   1.6500000e+02
  -4.5270491e-03   1.8000000e+02
  -4.5370492e-03   1.9500000e+02
  -4.5471182e-03   2.1000000e+02
  -4.5563015e-03   2.2500000e+02
  -4.5647551e-03   2.4000000e+02
  -4.5738337e-03   2.5500000e+02
  -4.5848028e-03   2.7000000e+02
  -4.5974231e-03   2.8500000e+02
  -4.6100160e-03   3.0000000e+02
  -4.6211425e-03   3.1500000e+02
  -4.6311817e-03   3.3000000e+02
  -4.6422309e-03   3.4500000e+02
  -4.6564946e-03   3.6000000e+02
  -4.6746377e-03   3.7500000e+02
  -4.6958299e-03   3.9000000e+02
  -4.7193682e-03   4.0500000e+02
  -4.7451314e-03   4.2000000e+02
  -4.7717397e-03   4.3500000e+02
  -4.7964412e-03   4.5000000e+02
  -4.8183366e-03   4.6500000e+02
  -4.8394874e-03   4.8000000e+02
  -4.8618303e-03   4.9500000e+02
  -4.8855823e-03   5.1000000e+02
  -4.9115112e-03   5.2500000e+02
  -4.9420381e-03   5.4000000e+02
  -4.9788216e-03   5.5500000e+02
  -5.0212853e-03   5.7000000e+02
  -5.0686379e-03   5.8500000e+02
  -5.1209102e-03   6.0000000e+02
