   2.9160282e-01   1.5000000e+03
   3.1048146e-01   1.5150000e+03
   3.2486197e-01   1.5300000e+03
   3.3315754e-01   1.5450000e+03
   3.3440030e-01   1.5600000e+03
   3.2856947e-01   1.5750000e+03
   3.1650165e-01   1.5900000e+03
   2.9945537e-01   1.6050000e+03
   2.7865997e-01   1.6200000e+03
   2.5512829e-01   1.6350000e+03
   2.2968635e-01   1.6500000e+03
   2.0296283e-01   1.6650000e+03
   1.7524177e-01   1.6800000e+03
   1.4637850e-01   1.6950000e+03
   1.1600660e-01   1.7100000e+03
   8.3975576e-02   1.7250000e+03
   5.0694544e-02   1.7400000e+03
   1.7120142e-02   1.7550000e+03
  -1.5559335e-02   1.7700000e+03
  -4.6266679e-02   1.7850000e+03
  -7.4183650e-02   1.8000000e+03
  -9.8691240e-02   1.8150000e+03
  -1.1923531e-01   1.8300000e+03
  -1.3526908e-01   1.8450000e+03
  -1.4635338e-01   1.8600000e+03
  -1.5235478e-01   1.8750000e+03
  -1.5355164e-01   1.8900000e+03
  -1.5050903e-01   1.9050000e+03
  -1.4382191e-01   1.9200000e+03
  -1.3397516e-01   1.9350000e+03
  -1.2141453e-01   1.9500000e+03
  -1.0666505e-01   1.9650000e+03
  -9.0319075e-02   1.9800000e+03
  -7.2938621e-02   1.9950000e+03
  -5.5039808e-02   2.0100000e+03
  -3.7178539e-02   2.0250000e+03
  -1.9978538e-02   2.0400000e+03
  -4.0071779e-03   2.0550000e+03
   1.0386167e-02   2.0700000e+03
   2.3101591e-02   2.0850000e+03
   3.4178287e-02   2.1000000e+03
   4.3663096e-02   2.1150000e+03
   5.1547036e-02   2.1300000e+03
   5.7768609e-02   2.1450000e+03
   6.2251013e-02   2.1600000e+03
   6.4941525e-02   2.1750000e+03
   6.5819763e-02   2.1900000e+03
