  -1.0973097e-02   1.5000000e+02
  -1.1073432e-02   1.6500000e+02
  -1.1197061e-02   1.8000000e+02
  -1.1346751e-02   1.9500000e+02
  -1.1527640e-02   2.1000000e+02
  -1.1742981e-02   2.2500000e+02
  -1.1989813e-02   2.4000000e+02
  -1.2255987e-02   2.5500000e+02
  -1.2528109e-02   2.7000000e+02
  -1.2802531e-02   2.8500000e+02
  -1.3082228e-02   3.0000000e+02
  -1.3369458e-02   3.1500000e+02
  -1.3666041e-02   3.3000000e+02
  -1.3972497e-02   3.4500000e+02
  -1.4285265e-02   3.6000000e+02
  -1.4599419e-02   3.7500000e+02
  -1.4912216e-02   3.9000000e+02
  -1.5224963e-02   4.0500000e+02
  -1.5545907e-02   4.2000000e+02
  -1.5883019e-02   4.3500000e+02
  -1.6225081e-02   4.5000000e+02
  -1.6540708e-02   4.6500000e+02
  -1.6805774e-02   4.8000000e+02
  -1.7019214e-02   4.9500000e+02
  -1.7175600e-02   5.1000000e+02
  -1.7226702e-02   5.2500000e+02
  -1.7086571e-02   5.4000000e+02
  -1.6666949e-02   5.5500000e+02
  -1.5867068e-02   5.7000000e+02
  -1.4503167e-02   5.8500000e+02
  -1.2254186e-02   6.0000000e+02
