   3.3646054e-03   1.5000000e+02
   3.5824201e-03   1.6500000e+02
   3.8576589e-03   1.8000000e+02
   4.2081573e-03   1.9500000e+02
   4.6527814e-03   2.1000000e+02
   5.2157436e-03   2.2500000e+02
   5.9319614e-03   2.4000000e+02
   6.8467879e-03   2.5500000e+02
   8.0139488e-03   2.7000000e+02
   9.5013222e-03   2.8500000e+02
   1.1404186e-02   3.0000000e+02
   1.3844646e-02   3.1500000e+02
   1.6942710e-02   3.3000000e+02
   2.0787381e-02   3.4500000e+02
   2.5448704e-02   3.6000000e+02
   3.1025466e-02   3.7500000e+02
   3.7685469e-02   3.9000000e+02
   4.5656994e-02   4.0500000e+02
   5.5148333e-02   4.2000000e+02
   6.6235252e-02   4.3500000e+02
   7.8831866e-02   4.5000000e+02
   9.2831448e-02   4.6500000e+02
   1.0838441e-01   4.8000000e+02
   1.2613134e-01   4.9500000e+02
   1.4708702e-01   5.1000000e+02
   1.7204602e-01   5.2500000e+02
   2.0090121e-01   5.4000000e+02
   2.3257491e-01   5.5500000e+02
   2.6581943e-01   5.7000000e+02
   3.0013821e-01   5.8500000e+02
   3.3567655e-01   6.0000000e+02
