  -6.2858779e-03   1.5000000e+02
  -6.3312147e-03   1.6500000e+02
  -6.3870470e-03   1.8000000e+02
  -6.4538084e-03   1.9500000e+02
  -6.5336945e-03   2.1000000e+02
  -6.6288537e-03   2.2500000e+02
  -6.7383554e-03   2.4000000e+02
  -6.8559269e-03   2.5500000e+02
  -6.9729430e-03   2.7000000e+02
  -7.0855636e-03   2.8500000e+02
  -7.1970238e-03   3.0000000e+02
  -7.3110177e-03   3.1500000e+02
  -7.4233231e-03   3.3000000e+02
  -7.5206943e-03   3.4500000e+02
  -7.5863958e-03   3.6000000e+02
  -7.6061725e-03   3.7500000e+02
  -7.5727198e-03   3.9000000e+02
  -7.4862102e-03   4.0500000e+02
  -7.3463479e-03   4.2000000e+02
  -7.1419696e-03   4.3500000e+02
  -6.8516200e-03   4.5000000e+02
  -6.4544720e-03   4.6500000e+02
  -5.9371968e-03   4.8000000e+02
  -5.2913032e-03   4.9500000e+02
  -4.5059738e-03   5.1000000e+02
  -3.5590329e-03   5.2500000e+02
  -2.4112624e-03   5.4000000e+02
  -1.0090831e-03   5.5500000e+02
   7.1220275e-04   5.7000000e+02
   2.8298788e-03   5.8500000e+02
   5.4322476e-03   6.0000000e+02
