################################################################
#Nicoya all stations with layers determined from CRUST1.0
################################################################
coord geo
smooth 2d
surface free
#kappa 1  1 10 50 100 500 1000                   # k1 k2 k3 ......
#kappa 2  1000 3000 11                   			 # k1 k2 k3 ......
#kappa 2  0 900 5                               # k1 kn N
#kappa 2 3100 35000 7
#kappa 2 3600 20000 20
#kappa 2 22000 28000 4
kappa 2 0 100000 41
lsqlin 20 1e-20
#greensfns  on
#################################################################
#earth  homogeneous     rigidity        poisson
#earth   homogeneous     30e9            0.25
#earth  layered  nl  obsz 	nr 	minr	maxr 	nz 	minz	maxz	srate
earth   layered  22  0.0	1201	0.0	300e3	326	0.0	65e3    12


#layer id    depth  vp [m/s]    vs [m/s]    ro [kg/m^3]
layer  1      0.0e3   5.35e3      3.01e3    2646.291
layer  2      5.0e3   6.12e3      3.44e3    2736.762
layer  3      5.0e3   6.12e3      3.44e3    2736.762
layer  4      9.0e3   6.12e3      3.44e3    2736.762
layer  5      9.0e3   6.12e3      3.44e3    2736.762
layer  6      13.0e3  6.28e3      3.53e3    2754.47
layer  7      13.0e3  6.28e3      3.53e3    2754.47
layer  8      16.0e3  6.46e3      3.63e3    2801.506
layer  9      16.0e3  6.46e3      3.63e3    2801.506
layer  10     20.0e3  6.72e3      3.78e3   2831.253
layer  11     20.0e3  6.72e3      3.78e3   2831.253
layer  12     25.0e3  7.01e3      3.94e3   2868.867
layer  13     25.0e3  7.01e3      3.94e3   2868.867
layer  14     30.0e3  7.39e3      4.15e3   2884.270
layer  15     30.0e3  7.39e3      4.15e3   2884.270
layer  16     35.0e3  7.55e3      4.24e3   2939.039
layer  17     35.0e3  7.55e3      4.24e3   2939.039
layer  18     40.0e3  8.14e3      4.57e3    2939.039
layer  19     40.0e3  8.14e3      4.57e3    2939.039
layer  20      50.0e3  8.14e3      4.57e3   2949.811
layer  21      50.0e3  8.14e3      4.57e3   2949.811
layer  22      65.0e3  8.26e3      4.64e3  2949.811
layer  23      65.0e3  8.26e3      4.64e3  2949.811
#layer  24      90.0e3  8.26e3      4.64e3  3117.156
#layer  25      90.0e3  8.26e3      4.64e3  3117.156
#layer  26      700.0e3 10.3e3      5.79e3  3117.2


#fault  type  name    lon1           lat1          lon2          lat2         z1          z2          dip         ss       ds          ts          ss0         ssX     ds0      dsX     ts0     tsX     Nd  Ns
fault   2     nicoya  -85.54233907   8.74026277    -86.82826920  10.01077299  0.0000e+00  6.1999e+04  25.00       0.00000  -0.01000    0.00000     -1.0000      1.0000  0.00   10.0000  0.0000  0.0000  30  40
#POINT  type  NAME    LON            LAT           ELV           DISP_E         DISP_N      DISP_V         ERR_e       ERR_n       ERR_v        Weight
point   3     BAGA    -85.261200121  10.541353555  123.3862      -0.088985      -0.159787   -0.0758        0.00648228  0.00253357  0.0113871    1.0
point   3     BALL    -85.448445728  10.383409452  118.0286      -0.121931      -0.304072   -0.148559      0.00513687  0.00198933  0.00812632   1.0
point   3     BONG    -85.206943314  9.743755992   21.5749       0.00181857     -0.283026   0.254398       0.00460562  0.00255768  0.00889386   1.0
point   3     CEBA    -85.776096233  10.249130873  90.4377       -0.125579      -0.067871   0.175052       0.00647316  0.00252043  0.0102703    1.0
point   3     CRUZ    -85.633662917  11.054270519  267.1898      0.0183457      -0.0490838  -0.0402452     0.00775398  0.00398063  0.0150917    1.0
point   3     DIRI    -85.610629309  10.271760973  82.0235       -0.050477      -0.199273   -0.0246958     0.00579411  0.00223346  0.00998404   1.0
point   3     GRAN    -85.653033379  10.562223566  122.2378      -0.0122665     -0.162242   -0.0798279     0.00451048  0.00203239  0.00838306   1.0
point   3     GUAR    -85.450096459  10.140135195  136.3063      -0.115063      -0.280968   0.0451224      0.0062258   0.0019276   0.00990522   1.0
point   3     GUIO    -85.658545669  9.923054130   31.4291       -0.412382      -0.467863   0.368078       0.00483094  0.00226911  0.00859012   1.0
point   3     HOJA    -85.382362659  10.079474124  241.0257      -0.13131       -0.249222   0.0554479      0.00746332  0.00233512  0.0106241    1.0
point   3     JICA    -85.135977501  9.975062528   61.3981       -0.102033      -0.156872   -0.0310832     0.00510091  0.00224128  0.00940533   1.0
point   3     LEON    -85.186838912  9.936530809   276.9048      -0.0331918     -0.151272   0.0629816      0.00533566  0.00212256  0.00870254   1.0
point   3     MATA    -85.812898855  10.355273744  77.7866       -0.0345389     -0.0618621  0.0463684      0.00625357  0.00300291  0.0149906    1.0
point   3     PALO    -85.220307278  10.241489228  40.0456       -0.205955      -0.247063   -0.0844538     0.00655458  0.0026625   0.0107133    1.0
point   3     PAQU    -84.955086940  9.832211554   80.2585       -0.0285431     -0.071987   -0.0112616     0.00631004  0.0023808   0.0101339    1.0
point   3     POTR    -85.569050072  10.847381658  155.7458      0.00611117     -0.0905182  -0.066714      0.00632585  0.00248061  0.0100204    1.0
point   3     SAMA    -85.548756099  9.889170813   45.9160       -0.286743      -0.601601   0.531354       0.0045976   0.0020535   0.00797734   1.0
point   3     SJOS    -84.948151541  10.365566085  1062.1155     -0.105709      -0.120299   -0.120652      0.00509326  0.00212028  0.00830123   1.0
point   3     SJUA    -85.756873999  10.063158245  44.5516       -0.373726      -0.271638   0.319404       0.00637     0.00258581  0.0104655    1.0
point   3     TENO    -85.098319252  10.601790755  373.3799      -0.0789742     -0.139254   -0.0578568     0.00516192  0.00227791  0.00913242   1.0
point   3     VENA    -85.791702890  10.161116998  24.9275       -0.25808       -0.137727   0.242893       0.00516094  0.00209494  0.00842537   1.0
point   3     BIJA    -84.576868684  9.749974447   555.6285      -0.00185017    -0.0174756  -0.0612932     0.00440269   0.00514907   0.0156592   1.0
point   3     BON2    -85.202508763  9.764531575   27.9877       -0.0177092     -0.280215   0.230468       0.00170389   0.00155667   0.00658333  1.0
point   3     CABA    -85.343532440  10.237875087  26.9687       -0.19209       -0.302862   -0.112217      0.000848592  0.000707228  0.00282875  1.0
point   3     ELVI    -85.445805474  10.394697161  81.8699       -0.128887      -0.318629   -0.0903929     0.00116984   0.000899939  0.00426456  1.0
point   3     EPZA    -85.568063166  10.140940327  668.3896      -0.094967      -0.192292   0.270877       0.000848599  0.00070725   0.00282871  1.0
point   3     GRZA    -85.635613244  9.915526008   39.2972       -0.431175      -0.524702   0.460728       0.00169727   0.00120455   0.00531552  1.0
point   3     HATI    -85.710061470  10.292198008  58.5951       -0.0676326     -0.105672   0.0995262      0.00128346   0.000925887  0.00414794  1.0
point   3     HUA2    -85.351693162  10.017732311  593.8933      -0.0991028     -0.2306     0.19622        0.000850148  0.00064152   0.00269088  1.0
point   3     IND1    -85.502195507  9.864627976   75.2667       -0.204376      -0.600691   0.50558        0.000997759  0.000857626  0.00400179  1.0
point   3     LAFE    -84.960282992  9.807061720   65.2422       -0.0231904     -0.0654957  0.0122732      0.000848592  0.000707191  0.00381859  1.0
point   3     LEPA    -85.031194004  9.945374157   20.9269       -0.115485      -0.131578   0.0115519      0.00130463   0.000993487  0.00436725  1.0
point   3     LMNL    -85.053331238  10.267508555  102.9807      -0.153488      -0.157487   -0.0691005     0.000848534  0.000640324  0.00261728  1.0
point   3     PNE2    -85.829049456  10.195549304  19.5306       -0.234326      -0.107685   0.185643       0.00191651   0.0017362    0.008208    1.0
point   3     PUJE    -85.272478009  10.113978404  30.1397       -0.169677      -0.241893   -0.0607448     0.000848531  0.000640316  0.00261729  1.0
point   3     PUMO    -84.966713131  10.064498417  17.9561       -0.129363      -0.11244    -0.0488142     0.000848573  0.000707161  0.00318288  1.0
point   3     QSEC    -85.357272067  9.840382007   17.4331       -0.0467305     -0.391666   0.395426       0.000848537  0.000707117  0.00282844  1.0
point   3     SAJU    -85.710554042  10.067124302  73.4179       -0.343029      -0.251864   0.439038       0.000848546  0.000707132  0.0029699   1.0
point   3     VERA    -84.869041173  10.853618744  64.3198       -0.045729      -0.0646251  -0.00568688    0.000989993  0.000781101  0.00346574  1.0
