  -1.0038869e-03   0.0000000e+00
  -1.0038888e-03   1.5000000e+01
  -1.0039061e-03   3.0000000e+01
  -1.0039549e-03   4.5000000e+01
  -1.0040362e-03   6.0000000e+01
  -1.0041127e-03   7.5000000e+01
  -1.0041534e-03   9.0000000e+01
  -1.0041718e-03   1.0500000e+02
  -1.0042255e-03   1.2000000e+02
  -1.0043740e-03   1.3500000e+02
  -1.0045732e-03   1.5000000e+02
  -1.0045895e-03   1.6500000e+02
  -1.0037312e-03   1.8000000e+02
  -9.9968351e-04   1.9500000e+02
  -9.8562427e-04   2.1000000e+02
  -9.4713247e-04   2.2500000e+02
  -8.6537364e-04   2.4000000e+02
  -7.3392305e-04   2.5500000e+02
  -5.8254862e-04   2.7000000e+02
  -4.7783743e-04   2.8500000e+02
  -4.7533767e-04   3.0000000e+02
  -5.5557775e-04   3.1500000e+02
  -6.2660576e-04   3.3000000e+02
  -6.1831152e-04   3.4500000e+02
  -5.6297338e-04   3.6000000e+02
  -5.4614531e-04   3.7500000e+02
  -5.8690156e-04   3.9000000e+02
  -6.2029850e-04   4.0500000e+02
  -6.0408626e-04   4.2000000e+02
  -5.7782361e-04   4.3500000e+02
  -5.8756251e-04   4.5000000e+02
  -6.1281951e-04   4.6500000e+02
  -6.1343162e-04   4.8000000e+02
  -5.9967098e-04   4.9500000e+02
  -6.0423161e-04   5.1000000e+02
  -6.2184047e-04   5.2500000e+02
  -6.2628463e-04   5.4000000e+02
  -6.1976915e-04   5.5500000e+02
  -6.2248611e-04   5.7000000e+02
  -6.3345430e-04   5.8500000e+02
  -6.3710974e-04   6.0000000e+02
  -6.3430105e-04   6.1500000e+02
  -6.3751196e-04   6.3000000e+02
  -6.4588897e-04   6.4500000e+02
  -6.4944144e-04   6.6000000e+02
  -6.4863672e-04   6.7500000e+02
  -6.4930273e-04   6.9000000e+02
  -6.4720080e-04   7.0500000e+02
  -6.3336629e-04   7.2000000e+02
  -6.0575973e-04   7.3500000e+02
  -5.6575821e-04   7.5000000e+02
  -5.1422196e-04   7.6500000e+02
  -4.6032728e-04   7.8000000e+02
  -4.2590580e-04   7.9500000e+02
  -4.3204054e-04   8.1000000e+02
  -4.8139563e-04   8.2500000e+02
  -5.5247865e-04   8.4000000e+02
  -6.0852134e-04   8.5500000e+02
  -6.1961083e-04   8.7000000e+02
  -5.8852683e-04   8.8500000e+02
  -5.5389619e-04   9.0000000e+02
  -5.5581029e-04   9.1500000e+02
  -5.9433031e-04   9.3000000e+02
  -6.2998099e-04   9.4500000e+02
  -6.2996417e-04   9.6000000e+02
  -6.0604850e-04   9.7500000e+02
  -5.9713185e-04   9.9000000e+02
  -6.1863940e-04   1.0050000e+03
  -6.4489903e-04   1.0200000e+03
  -6.4719823e-04   1.0350000e+03
  -6.3319120e-04   1.0500000e+03
  -6.3164870e-04   1.0650000e+03
  -6.4786355e-04   1.0800000e+03
  -6.5881578e-04   1.0950000e+03
  -6.5288576e-04   1.1100000e+03
  -6.4783788e-04   1.1250000e+03
  -6.5936754e-04   1.1400000e+03
  -6.7548279e-04   1.1550000e+03
  -6.7887385e-04   1.1700000e+03
  -6.7604758e-04   1.1850000e+03
  -6.8389316e-04   1.2000000e+03
  -7.0112629e-04   1.2150000e+03
  -7.1444182e-04   1.2300000e+03
  -7.2324526e-04   1.2450000e+03
  -7.3711679e-04   1.2600000e+03
  -7.5492583e-04   1.2750000e+03
  -7.6617033e-04   1.2900000e+03
  -7.6954957e-04   1.3050000e+03
  -7.7345921e-04   1.3200000e+03
  -7.8082620e-04   1.3350000e+03
  -7.8776729e-04   1.3500000e+03
  -7.9447974e-04   1.3650000e+03
  -8.0482085e-04   1.3800000e+03
  -8.1754843e-04   1.3950000e+03
  -8.2855194e-04   1.4100000e+03
  -8.3902659e-04   1.4250000e+03
  -8.5254299e-04   1.4400000e+03
  -8.6717703e-04   1.4550000e+03
  -8.7819260e-04   1.4700000e+03
  -8.8541483e-04   1.4850000e+03
  -8.9190115e-04   1.5000000e+03
  -8.9886627e-04   1.5150000e+03
  -9.0665661e-04   1.5300000e+03
  -9.1684458e-04   1.5450000e+03
  -9.2952035e-04   1.5600000e+03
  -9.4205677e-04   1.5750000e+03
  -9.5299212e-04   1.5900000e+03
  -9.6386392e-04   1.6050000e+03
  -9.7620778e-04   1.6200000e+03
  -9.8995212e-04   1.6350000e+03
  -1.0049543e-03   1.6500000e+03
  -1.0212689e-03   1.6650000e+03
  -1.0381363e-03   1.6800000e+03
  -1.0548781e-03   1.6950000e+03
  -1.0722424e-03   1.7100000e+03
  -1.0912524e-03   1.7250000e+03
  -1.1112976e-03   1.7400000e+03
  -1.1303073e-03   1.7550000e+03
  -1.1463678e-03   1.7700000e+03
  -1.1590607e-03   1.7850000e+03
  -1.1698836e-03   1.8000000e+03
  -1.1811475e-03   1.8150000e+03
  -1.1937945e-03   1.8300000e+03
  -1.2070284e-03   1.8450000e+03
  -1.2205528e-03   1.8600000e+03
  -1.2357197e-03   1.8750000e+03
  -1.2534749e-03   1.8900000e+03
  -1.2725980e-03   1.9050000e+03
  -1.2910744e-03   1.9200000e+03
  -1.3082145e-03   1.9350000e+03
  -1.3245322e-03   1.9500000e+03
  -1.3405426e-03   1.9650000e+03
  -1.3567444e-03   1.9800000e+03
  -1.3742230e-03   1.9950000e+03
  -1.3940504e-03   2.0100000e+03
  -1.4157746e-03   2.0250000e+03
  -1.4374343e-03   2.0400000e+03
  -1.4577347e-03   2.0550000e+03
  -1.4777910e-03   2.0700000e+03
  -1.4999748e-03   2.0850000e+03
  -1.5251680e-03   2.1000000e+03
  -1.5517747e-03   2.1150000e+03
  -1.5775609e-03   2.1300000e+03
  -1.6019996e-03   2.1450000e+03
  -1.6266216e-03   2.1600000e+03
  -1.6532573e-03   2.1750000e+03
  -1.6821825e-03   2.1900000e+03
  -1.7120397e-03   2.2050000e+03
  -1.7414312e-03   2.2200000e+03
  -1.7702525e-03   2.2350000e+03
  -1.7992597e-03   2.2500000e+03
  -1.8287052e-03   2.2650000e+03
  -1.8579990e-03   2.2800000e+03
  -1.8866704e-03   2.2950000e+03
  -1.9150310e-03   2.3100000e+03
  -1.9436887e-03   2.3250000e+03
  -1.9728388e-03   2.3400000e+03
  -2.0023347e-03   2.3550000e+03
  -2.0322332e-03   2.3700000e+03
  -2.0628998e-03   2.3850000e+03
  -2.0945966e-03   2.4000000e+03
  -2.1271624e-03   2.4150000e+03
  -2.1602323e-03   2.4300000e+03
  -2.1937804e-03   2.4450000e+03
  -2.2283280e-03   2.4600000e+03
  -2.2643905e-03   2.4750000e+03
  -2.3017165e-03   2.4900000e+03
  -2.3394316e-03   2.5050000e+03
  -2.3771748e-03   2.5200000e+03
  -2.4159674e-03   2.5350000e+03
  -2.4576816e-03   2.5500000e+03
  -2.5036796e-03   2.5650000e+03
  -2.5540439e-03   2.5800000e+03
  -2.6079160e-03   2.5950000e+03
  -2.6643774e-03   2.6100000e+03
  -2.7232151e-03   2.6250000e+03
  -2.7851034e-03   2.6400000e+03
  -2.8510562e-03   2.6550000e+03
  -2.9215876e-03   2.6700000e+03
  -2.9964368e-03   2.6850000e+03
  -3.0751408e-03   2.7000000e+03
  -3.1576506e-03   2.7150000e+03
  -3.2441488e-03   2.7300000e+03
  -3.3343430e-03   2.7450000e+03
  -3.4272617e-03   2.7600000e+03
  -3.5219688e-03   2.7750000e+03
  -3.6184788e-03   2.7900000e+03
  -3.7179661e-03   2.8050000e+03
  -3.8221250e-03   2.8200000e+03
  -3.9324267e-03   2.8350000e+03
  -4.0500080e-03   2.8500000e+03
  -4.1760975e-03   2.8650000e+03
  -4.3122843e-03   2.8800000e+03
  -4.4601490e-03   2.8950000e+03
  -4.6207299e-03   2.9100000e+03
  -4.7944919e-03   2.9250000e+03
  -4.9818046e-03   2.9400000e+03
  -5.1832255e-03   2.9550000e+03
  -5.3990860e-03   2.9700000e+03
  -5.6287497e-03   2.9850000e+03
  -5.8700396e-03   3.0000000e+03
  -6.1187632e-03   3.0150000e+03
  -6.3672927e-03   3.0300000e+03
  -6.6011222e-03   3.0450000e+03
  -6.7931162e-03   3.0600000e+03
  -6.8958434e-03   3.0750000e+03
  -6.8328124e-03   3.0900000e+03
  -6.4897267e-03   3.1050000e+03
  -5.7077599e-03   3.1200000e+03
  -4.2826333e-03   3.1350000e+03
  -1.9748649e-03   3.1500000e+03
   1.4634626e-03   3.1650000e+03
   6.2426319e-03   3.1800000e+03
   1.2473198e-02   3.1950000e+03
   2.0099955e-02   3.2100000e+03
   2.8853958e-02   3.2250000e+03
   3.8250934e-02   3.2400000e+03
   4.7660004e-02   3.2550000e+03
   5.6446649e-02   3.2700000e+03
   6.4159587e-02   3.2850000e+03
   7.0694938e-02   3.3000000e+03
   7.6352641e-02   3.3150000e+03
   8.1717864e-02   3.3300000e+03
   8.7361552e-02   3.3450000e+03
   9.3442373e-02   3.3600000e+03
   9.9369831e-02   3.3750000e+03
   1.0370689e-01   3.3900000e+03
   1.0442270e-01   3.4050000e+03
   9.9467680e-02   3.4200000e+03
   8.7495230e-02   3.4350000e+03
   6.8474337e-02   3.4500000e+03
   4.3967746e-02   3.4650000e+03
   1.6972806e-02   3.4800000e+03
  -8.6352201e-03   3.4950000e+03
  -2.8925490e-02   3.5100000e+03
  -4.0843539e-02   3.5250000e+03
  -4.3099582e-02   3.5400000e+03
  -3.6837317e-02   3.5550000e+03
  -2.5858704e-02   3.5700000e+03
  -1.6167937e-02   3.5850000e+03
  -1.4694075e-02   3.6000000e+03
  -2.7272867e-02   3.6150000e+03
  -5.6260623e-02   3.6300000e+03
  -9.8437160e-02   3.6450000e+03
  -1.4405598e-01   3.6600000e+03
  -1.7791755e-01   3.6750000e+03
  -1.8301138e-01   3.6900000e+03
  -1.4643854e-01   3.7050000e+03
  -6.6067018e-02   3.7200000e+03
   4.4806235e-02   3.7350000e+03
   1.5778051e-01   3.7500000e+03
   2.3634712e-01   3.7650000e+03
   2.4845619e-01   3.7800000e+03
   1.8040535e-01   3.7950000e+03
   4.5967784e-02   3.8100000e+03
  -1.1448509e-01   3.8250000e+03
  -2.4642840e-01   3.8400000e+03
  -3.0153528e-01   3.8550000e+03
  -2.5786120e-01   3.8700000e+03
  -1.3057907e-01   3.8850000e+03
   3.2790020e-02   3.9000000e+03
   1.7188919e-01   3.9150000e+03
   2.3956819e-01   3.9300000e+03
   2.2208463e-01   3.9450000e+03
   1.4306234e-01   3.9600000e+03
   4.8726890e-02   3.9750000e+03
  -1.7909423e-02   3.9900000e+03
  -3.9554555e-02   4.0050000e+03
  -3.0760309e-02   4.0200000e+03
  -2.4040552e-02   4.0350000e+03
  -4.4901781e-02   4.0500000e+03
  -9.2376292e-02   4.0650000e+03
  -1.3864923e-01   4.0800000e+03
  -1.4864261e-01   4.0950000e+03
  -1.0613668e-01   4.1100000e+03
  -2.7538126e-02   4.1250000e+03
   4.7385089e-02   4.1400000e+03
   8.1782691e-02   4.1550000e+03
   6.6093117e-02   4.1700000e+03
   2.2721164e-02   4.1850000e+03
  -1.1906879e-02   4.2000000e+03
  -1.3662245e-02   4.2150000e+03
   1.4629650e-02   4.2300000e+03
   4.9985889e-02   4.2450000e+03
   6.9709517e-02   4.2600000e+03
   6.7592159e-02   4.2750000e+03
   5.3623214e-02   4.2900000e+03
   4.0579908e-02   4.3050000e+03
   3.2041978e-02   4.3200000e+03
   2.3141654e-02   4.3350000e+03
   1.1435174e-02   4.3500000e+03
   4.4765957e-03   4.3650000e+03
   1.3810924e-02   4.3800000e+03
   3.9578885e-02   4.3950000e+03
   6.1766446e-02   4.4100000e+03
   5.0876036e-02   4.4250000e+03
  -6.4498927e-03   4.4400000e+03
  -8.7762453e-02   4.4550000e+03
  -1.4165018e-01   4.4700000e+03
  -1.2193871e-01   4.4850000e+03
  -2.5809688e-02   4.5000000e+03
