  -6.1402740e-03   0.0000000e+00
  -6.1400314e-03   1.5000000e+01
  -6.1395643e-03   3.0000000e+01
  -6.1403699e-03   4.5000000e+01
  -6.1456189e-03   6.0000000e+01
  -6.1581330e-03   7.5000000e+01
  -6.1772321e-03   9.0000000e+01
  -6.1997529e-03   1.0500000e+02
  -6.2237578e-03   1.2000000e+02
  -6.2509985e-03   1.3500000e+02
  -6.2858779e-03   1.5000000e+02
  -6.3312147e-03   1.6500000e+02
  -6.3870470e-03   1.8000000e+02
  -6.4538084e-03   1.9500000e+02
  -6.5336945e-03   2.1000000e+02
  -6.6288537e-03   2.2500000e+02
  -6.7383554e-03   2.4000000e+02
  -6.8559269e-03   2.5500000e+02
  -6.9729430e-03   2.7000000e+02
  -7.0855636e-03   2.8500000e+02
  -7.1970238e-03   3.0000000e+02
  -7.3110177e-03   3.1500000e+02
  -7.4233231e-03   3.3000000e+02
  -7.5206943e-03   3.4500000e+02
  -7.5863958e-03   3.6000000e+02
  -7.6061725e-03   3.7500000e+02
  -7.5727198e-03   3.9000000e+02
  -7.4862102e-03   4.0500000e+02
  -7.3463479e-03   4.2000000e+02
  -7.1419696e-03   4.3500000e+02
  -6.8516200e-03   4.5000000e+02
  -6.4544720e-03   4.6500000e+02
  -5.9371968e-03   4.8000000e+02
  -5.2913032e-03   4.9500000e+02
  -4.5059738e-03   5.1000000e+02
  -3.5590329e-03   5.2500000e+02
  -2.4112624e-03   5.4000000e+02
  -1.0090831e-03   5.5500000e+02
   7.1220275e-04   5.7000000e+02
   2.8298788e-03   5.8500000e+02
   5.4322476e-03   6.0000000e+02
   8.6159743e-03   6.1500000e+02
   1.2492729e-02   6.3000000e+02
   1.7203249e-02   6.4500000e+02
   2.2938564e-02   6.6000000e+02
   2.9969111e-02   6.7500000e+02
   3.8651738e-02   6.9000000e+02
   4.9392674e-02   7.0500000e+02
   6.2618867e-02   7.2000000e+02
   7.8825898e-02   7.3500000e+02
   9.8686665e-02   7.5000000e+02
   1.2314454e-01   7.6500000e+02
   1.5341131e-01   7.8000000e+02
   1.9078858e-01   7.9500000e+02
   2.3629405e-01   8.1000000e+02
   2.9022133e-01   8.2500000e+02
   3.5179430e-01   8.4000000e+02
   4.1890430e-01   8.5500000e+02
   4.8780081e-01   8.7000000e+02
   5.5279267e-01   8.8500000e+02
   6.0635126e-01   9.0000000e+02
   6.4004612e-01   9.1500000e+02
   6.4632690e-01   9.3000000e+02
   6.2061417e-01   9.4500000e+02
   5.6285024e-01   9.6000000e+02
   4.7775635e-01   9.7500000e+02
   3.7368068e-01   9.9000000e+02
   2.6074663e-01   1.0050000e+03
   1.4910540e-01   1.0200000e+03
   4.7393829e-02   1.0350000e+03
  -3.8688585e-02   1.0500000e+03
  -1.0699308e-01   1.0650000e+03
  -1.5791692e-01   1.0800000e+03
  -1.9245884e-01   1.0950000e+03
  -2.1126346e-01   1.1100000e+03
  -2.1551180e-01   1.1250000e+03
  -2.0818989e-01   1.1400000e+03
  -1.9373523e-01   1.1550000e+03
  -1.7612860e-01   1.1700000e+03
  -1.5746860e-01   1.1850000e+03
  -1.3835491e-01   1.2000000e+03
  -1.1914049e-01   1.2150000e+03
  -1.0045971e-01   1.2300000e+03
  -8.2927532e-02   1.2450000e+03
  -6.6937797e-02   1.2600000e+03
  -5.2759025e-02   1.2750000e+03
  -4.0434103e-02   1.2900000e+03
  -2.9600885e-02   1.3050000e+03
  -1.9796349e-02   1.3200000e+03
  -1.1004665e-02   1.3350000e+03
  -3.6367483e-03   1.3500000e+03
   2.0348029e-03   1.3650000e+03
   6.1117131e-03   1.3800000e+03
   8.6866338e-03   1.3950000e+03
   9.5468787e-03   1.4100000e+03
   8.4715215e-03   1.4250000e+03
   5.6822435e-03   1.4400000e+03
   1.8394992e-03   1.4550000e+03
  -2.3054224e-03   1.4700000e+03
  -6.0945679e-03   1.4850000e+03
  -8.9029875e-03   1.5000000e+03
  -1.0174987e-02   1.5150000e+03
  -9.6386578e-03   1.5300000e+03
  -7.3885093e-03   1.5450000e+03
  -3.7118595e-03   1.5600000e+03
   1.0846156e-03   1.5750000e+03
   6.6859536e-03   1.5900000e+03
   1.2749175e-02   1.6050000e+03
   1.8928276e-02   1.6200000e+03
   2.4841249e-02   1.6350000e+03
   2.9979700e-02   1.6500000e+03
   3.3715293e-02   1.6650000e+03
   3.5439909e-02   1.6800000e+03
   3.4691434e-02   1.6950000e+03
   3.1159496e-02   1.7100000e+03
   2.4635203e-02   1.7250000e+03
   1.5013208e-02   1.7400000e+03
   2.3487720e-03   1.7550000e+03
  -1.3110348e-02   1.7700000e+03
  -3.0947702e-02   1.7850000e+03
  -5.0597835e-02   1.8000000e+03
  -7.1318358e-02   1.8150000e+03
  -9.2168137e-02   1.8300000e+03
  -1.1206876e-01   1.8450000e+03
  -1.2994096e-01   1.8600000e+03
  -1.4483806e-01   1.8750000e+03
  -1.5602213e-01   1.8900000e+03
  -1.6298954e-01   1.9050000e+03
  -1.6548298e-01   1.9200000e+03
  -1.6351378e-01   1.9350000e+03
  -1.5739360e-01   1.9500000e+03
  -1.4775792e-01   1.9650000e+03
  -1.3555191e-01   1.9800000e+03
  -1.2193979e-01   1.9950000e+03
  -1.0811761e-01   2.0100000e+03
  -9.5076390e-02   2.0250000e+03
  -8.3422981e-02   2.0400000e+03
  -7.3354974e-02   2.0550000e+03
  -6.4802639e-02   2.0700000e+03
  -5.7664104e-02   2.0850000e+03
  -5.2021056e-02   2.1000000e+03
  -4.8234027e-02   2.1150000e+03
  -4.6860393e-02   2.1300000e+03
  -4.8413299e-02   2.1450000e+03
  -5.3073056e-02   2.1600000e+03
  -6.0512446e-02   2.1750000e+03
  -6.9936767e-02   2.1900000e+03
  -8.0294602e-02   2.2050000e+03
  -9.0509079e-02   2.2200000e+03
  -9.9605627e-02   2.2350000e+03
  -1.0673114e-01   2.2500000e+03
  -1.1114715e-01   2.2650000e+03
  -1.1226223e-01   2.2800000e+03
  -1.0969239e-01   2.2950000e+03
  -1.0330303e-01   2.3100000e+03
  -9.3216255e-02   2.3250000e+03
  -7.9797938e-02   2.3400000e+03
  -6.3621722e-02   2.3550000e+03
  -4.5386732e-02   2.3700000e+03
  -2.5802845e-02   2.3850000e+03
  -5.5134976e-03   2.4000000e+03
   1.4892069e-02   2.4150000e+03
   3.4821033e-02   2.4300000e+03
   5.3671524e-02   2.4450000e+03
   7.0903018e-02   2.4600000e+03
   8.6083770e-02   2.4750000e+03
   9.8806277e-02   2.4900000e+03
   1.0850388e-01   2.5050000e+03
   1.1434858e-01   2.5200000e+03
   1.1539163e-01   2.5350000e+03
   1.1092266e-01   2.5500000e+03
   1.0083921e-01   2.5650000e+03
   8.5798457e-02   2.5800000e+03
   6.7067504e-02   2.5950000e+03
   4.6173524e-02   2.6100000e+03
   2.4548277e-02   2.6250000e+03
   3.3271604e-03   2.6400000e+03
  -1.6650345e-02   2.6550000e+03
  -3.4699760e-02   2.6700000e+03
  -5.0121404e-02   2.6850000e+03
  -6.2109824e-02   2.7000000e+03
  -6.9819719e-02   2.7150000e+03
  -7.2599210e-02   2.7300000e+03
  -7.0294037e-02   2.7450000e+03
  -6.3433111e-02   2.7600000e+03
  -5.3132873e-02   2.7750000e+03
  -4.0737402e-02   2.7900000e+03
  -2.7412243e-02   2.8050000e+03
  -1.3945373e-02   2.8200000e+03
  -8.3546748e-04   2.8350000e+03
   1.1474129e-02   2.8500000e+03
   2.2437431e-02   2.8650000e+03
   3.1445485e-02   2.8800000e+03
   3.8019136e-02   2.8950000e+03
   4.2005535e-02   2.9100000e+03
   4.3635059e-02   2.9250000e+03
   4.3391187e-02   2.9400000e+03
   4.1768197e-02   2.9550000e+03
   3.9061882e-02   2.9700000e+03
   3.5311695e-02   2.9850000e+03
   3.0413814e-02   3.0000000e+03
   2.4321914e-02   3.0150000e+03
   1.7204715e-02   3.0300000e+03
   9.4616823e-03   3.0450000e+03
   1.6018443e-03   3.0600000e+03
  -5.9018908e-03   3.0750000e+03
  -1.2658942e-02   3.0900000e+03
  -1.8294135e-02   3.1050000e+03
  -2.2377502e-02   3.1200000e+03
  -2.4463501e-02   3.1350000e+03
  -2.4237074e-02   3.1500000e+03
  -2.1663133e-02   3.1650000e+03
  -1.7045518e-02   3.1800000e+03
  -1.0981321e-02   3.1950000e+03
  -4.2531891e-03   3.2100000e+03
   2.2930899e-03   3.2250000e+03
   7.8528458e-03   3.2400000e+03
   1.1732144e-02   3.2550000e+03
   1.3395093e-02   3.2700000e+03
   1.2526017e-02   3.2850000e+03
   9.1183381e-03   3.3000000e+03
   3.5324690e-03   3.3150000e+03
  -3.5607181e-03   3.3300000e+03
  -1.1353868e-02   3.3450000e+03
  -1.9086663e-02   3.3600000e+03
  -2.6128914e-02   3.3750000e+03
  -3.1973243e-02   3.3900000e+03
  -3.6239024e-02   3.4050000e+03
  -3.8734566e-02   3.4200000e+03
  -3.9505135e-02   3.4350000e+03
  -3.8781606e-02   3.4500000e+03
  -3.6859188e-02   3.4650000e+03
  -3.4018837e-02   3.4800000e+03
  -3.0541131e-02   3.4950000e+03
  -2.6742086e-02   3.5100000e+03
  -2.2946319e-02   3.5250000e+03
  -1.9414371e-02   3.5400000e+03
  -1.6311130e-02   3.5550000e+03
  -1.3748998e-02   3.5700000e+03
  -1.1844208e-02   3.5850000e+03
  -1.0715676e-02   3.6000000e+03
  -1.0432281e-02   3.6150000e+03
  -1.0967957e-02   3.6300000e+03
  -1.2198099e-02   3.6450000e+03
  -1.3922229e-02   3.6600000e+03
  -1.5893817e-02   3.6750000e+03
  -1.7862188e-02   3.6900000e+03
  -1.9628815e-02   3.7050000e+03
  -2.1091046e-02   3.7200000e+03
  -2.2240128e-02   3.7350000e+03
  -2.3116181e-02   3.7500000e+03
  -2.3758475e-02   3.7650000e+03
  -2.4184279e-02   3.7800000e+03
  -2.4394909e-02   3.7950000e+03
  -2.4384867e-02   3.8100000e+03
  -2.4136487e-02   3.8250000e+03
  -2.3602679e-02   3.8400000e+03
  -2.2693859e-02   3.8550000e+03
  -2.1286430e-02   3.8700000e+03
  -1.9261453e-02   3.8850000e+03
  -1.6565675e-02   3.9000000e+03
  -1.3267761e-02   3.9150000e+03
  -9.5741861e-03   3.9300000e+03
  -5.7854438e-03   3.9450000e+03
  -2.2117945e-03   3.9600000e+03
   8.9945213e-04   3.9750000e+03
   3.3816225e-03   3.9900000e+03
   5.1183617e-03   4.0050000e+03
   6.0166279e-03   4.0200000e+03
   6.0229278e-03   4.0350000e+03
   5.1668505e-03   4.0500000e+03
   3.5794273e-03   4.0650000e+03
   1.4565693e-03   4.0800000e+03
  -1.0119695e-03   4.0950000e+03
  -3.7055132e-03   4.1100000e+03
  -6.5990179e-03   4.1250000e+03
  -9.7428886e-03   4.1400000e+03
  -1.3193756e-02   4.1550000e+03
  -1.6912900e-02   4.1700000e+03
  -2.0683011e-02   4.1850000e+03
  -2.4104185e-02   4.2000000e+03
  -2.6686115e-02   4.2150000e+03
  -2.7987555e-02   4.2300000e+03
  -2.7730756e-02   4.2450000e+03
  -2.5853451e-02   4.2600000e+03
  -2.2506196e-02   4.2750000e+03
  -1.8012935e-02   4.2900000e+03
  -1.2800321e-02   4.3050000e+03
  -7.3061166e-03   4.3200000e+03
  -1.9000077e-03   4.3350000e+03
   3.1471963e-03   4.3500000e+03
   7.6442286e-03   4.3650000e+03
   1.1444231e-02   4.3800000e+03
   1.4426353e-02   4.3950000e+03
   1.6497398e-02   4.4100000e+03
   1.7601365e-02   4.4250000e+03
   1.7734520e-02   4.4400000e+03
   1.6968288e-02   4.4550000e+03
   1.5464202e-02   4.4700000e+03
   1.3451282e-02   4.4850000e+03
   1.1159299e-02   4.5000000e+03
