  -5.8512427e-03   0.0000000e+00
  -5.8508497e-03   1.5000000e+01
  -5.8498988e-03   3.0000000e+01
  -5.8491523e-03   4.5000000e+01
  -5.8495062e-03   6.0000000e+01
  -5.8515575e-03   7.5000000e+01
  -5.8553563e-03   9.0000000e+01
  -5.8605978e-03   1.0500000e+02
  -5.8671543e-03   1.2000000e+02
  -5.8754436e-03   1.3500000e+02
  -5.8859880e-03   1.5000000e+02
  -5.8988659e-03   1.6500000e+02
  -5.9140408e-03   1.8000000e+02
  -5.9314156e-03   1.9500000e+02
  -5.9503396e-03   2.1000000e+02
  -5.9700701e-03   2.2500000e+02
  -5.9907609e-03   2.4000000e+02
  -6.0133385e-03   2.5500000e+02
  -6.0383948e-03   2.7000000e+02
  -6.0653845e-03   2.8500000e+02
  -6.0930094e-03   3.0000000e+02
  -6.1204070e-03   3.1500000e+02
  -6.1479704e-03   3.3000000e+02
  -6.1770766e-03   3.4500000e+02
  -6.2088035e-03   3.6000000e+02
  -6.2427199e-03   3.7500000e+02
  -6.2775351e-03   3.9000000e+02
  -6.3132723e-03   4.0500000e+02
  -6.3509229e-03   4.2000000e+02
  -6.3888384e-03   4.3500000e+02
  -6.4223809e-03   4.5000000e+02
  -6.4491984e-03   4.6500000e+02
  -6.4718630e-03   4.8000000e+02
  -6.4939475e-03   4.9500000e+02
  -6.5169642e-03   5.1000000e+02
  -6.5421378e-03   5.2500000e+02
  -6.5716947e-03   5.4000000e+02
  -6.6066249e-03   5.5500000e+02
  -6.6455216e-03   5.7000000e+02
  -6.6874106e-03   5.8500000e+02
  -6.7330189e-03   6.0000000e+02
  -6.7812297e-03   6.1500000e+02
  -6.8282504e-03   6.3000000e+02
  -6.8727210e-03   6.4500000e+02
  -6.9172191e-03   6.6000000e+02
  -6.9638463e-03   6.7500000e+02
  -7.0132129e-03   6.9000000e+02
  -7.0665893e-03   7.0500000e+02
  -7.1245907e-03   7.2000000e+02
  -7.1858284e-03   7.3500000e+02
  -7.2488566e-03   7.5000000e+02
  -7.3130387e-03   7.6500000e+02
  -7.3780445e-03   7.8000000e+02
  -7.4447873e-03   7.9500000e+02
  -7.5154188e-03   8.1000000e+02
  -7.5914031e-03   8.2500000e+02
  -7.6728435e-03   8.4000000e+02
  -7.7593722e-03   8.5500000e+02
  -7.8508118e-03   8.7000000e+02
  -7.9477644e-03   8.8500000e+02
  -8.0514988e-03   9.0000000e+02
  -8.1625720e-03   9.1500000e+02
  -8.2805660e-03   9.3000000e+02
  -8.4055113e-03   9.4500000e+02
  -8.5383952e-03   9.6000000e+02
  -8.6804237e-03   9.7500000e+02
  -8.8321762e-03   9.9000000e+02
  -8.9931618e-03   1.0050000e+03
  -9.1626113e-03   1.0200000e+03
  -9.3404585e-03   1.0350000e+03
  -9.5265638e-03   1.0500000e+03
  -9.7197210e-03   1.0650000e+03
  -9.9182017e-03   1.0800000e+03
  -1.0120483e-02   1.0950000e+03
  -1.0324583e-02   1.1100000e+03
  -1.0526250e-02   1.1250000e+03
  -1.0717276e-02   1.1400000e+03
  -1.0884590e-02   1.1550000e+03
  -1.1009100e-02   1.1700000e+03
  -1.1062433e-02   1.1850000e+03
  -1.0999528e-02   1.2000000e+03
  -1.0745004e-02   1.2150000e+03
  -1.0171243e-02   1.2300000e+03
  -9.0653403e-03   1.2450000e+03
  -7.0801522e-03   1.2600000e+03
  -3.6642835e-03   1.2750000e+03
   2.0278986e-03   1.2900000e+03
   1.1227265e-02   1.3050000e+03
   2.5591139e-02   1.3200000e+03
   4.7102835e-02   1.3350000e+03
   7.7707879e-02   1.3500000e+03
   1.1858740e-01   1.3650000e+03
   1.6909023e-01   1.3800000e+03
   2.2558279e-01   1.3950000e+03
   2.8076571e-01   1.4100000e+03
   3.2416648e-01   1.4250000e+03
   3.4431025e-01   1.4400000e+03
   3.3236846e-01   1.4550000e+03
   2.8608102e-01   1.4700000e+03
   2.1202250e-01   1.4850000e+03
   1.2453204e-01   1.5000000e+03
   4.1105766e-02   1.5150000e+03
  -2.3879444e-02   1.5300000e+03
  -6.3964382e-02   1.5450000e+03
  -8.1430405e-02   1.5600000e+03
  -8.4039629e-02   1.5750000e+03
  -8.0076933e-02   1.5900000e+03
  -7.4813843e-02   1.6050000e+03
  -7.0030488e-02   1.6200000e+03
  -6.5869048e-02   1.6350000e+03
  -6.2925942e-02   1.6500000e+03
  -6.2873028e-02   1.6650000e+03
  -6.7306645e-02   1.6800000e+03
  -7.5801395e-02   1.6950000e+03
  -8.4683061e-02   1.7100000e+03
  -8.7728888e-02   1.7250000e+03
  -7.8888886e-02   1.7400000e+03
  -5.5640869e-02   1.7550000e+03
  -2.0862021e-02   1.7700000e+03
   1.7963151e-02   1.7850000e+03
   5.1422324e-02   1.8000000e+03
   7.0904925e-02   1.8150000e+03
   7.0378080e-02   1.8300000e+03
   4.7687974e-02   1.8450000e+03
   6.0478654e-03   1.8600000e+03
  -4.4906382e-02   1.8750000e+03
  -9.0126060e-02   1.8900000e+03
  -1.1322950e-01   1.9050000e+03
  -1.0281444e-01   1.9200000e+03
  -5.8466021e-02   1.9350000e+03
   6.7022610e-03   1.9500000e+03
   6.9310322e-02   1.9650000e+03
   1.0473612e-01   1.9800000e+03
   9.8595031e-02   1.9950000e+03
   5.4993328e-02   2.0100000e+03
  -3.6714785e-03   2.0250000e+03
  -4.6831258e-02   2.0400000e+03
  -5.1742356e-02   2.0550000e+03
  -1.6899493e-02   2.0700000e+03
   3.5911009e-02   2.0850000e+03
   7.4324846e-02   2.1000000e+03
   7.6823927e-02   2.1150000e+03
   4.8918717e-02   2.1300000e+03
   2.0906484e-02   2.1450000e+03
   2.5923079e-02   2.1600000e+03
   7.3048152e-02   2.1750000e+03
   1.3692477e-01   2.1900000e+03
   1.7416465e-01   2.2050000e+03
   1.5461241e-01   2.2200000e+03
   8.1754424e-02   2.2350000e+03
  -1.4316104e-02   2.2500000e+03
  -1.0263643e-01   2.2650000e+03
  -1.6985121e-01   2.2800000e+03
  -2.1462603e-01   2.2950000e+03
  -2.2832830e-01   2.3100000e+03
  -1.8863274e-01   2.3250000e+03
  -7.9146713e-02   2.3400000e+03
   8.2239844e-02   2.3550000e+03
   2.3770042e-01   2.3700000e+03
   3.1874046e-01   2.3850000e+03
   2.8905573e-01   2.4000000e+03
   1.6641763e-01   2.4150000e+03
   8.4895128e-03   2.4300000e+03
  -1.2224631e-01   2.4450000e+03
  -1.8768562e-01   2.4600000e+03
  -1.8316437e-01   2.4750000e+03
  -1.2986469e-01   2.4900000e+03
  -6.0169507e-02   2.5050000e+03
  -2.2953248e-03   2.5200000e+03
   3.1182168e-02   2.5350000e+03
   4.4951480e-02   2.5500000e+03
   5.0369903e-02   2.5650000e+03
   5.0752606e-02   2.5800000e+03
   3.7055995e-02   2.5950000e+03
  -1.8999526e-05   2.6100000e+03
  -5.3258713e-02   2.6250000e+03
  -9.7077854e-02   2.6400000e+03
  -1.0650228e-01   2.6550000e+03
  -7.9969555e-02   2.6700000e+03
  -4.1998457e-02   2.6850000e+03
  -2.1065349e-02   2.7000000e+03
  -2.4252918e-02   2.7150000e+03
  -3.4195423e-02   2.7300000e+03
  -3.0093189e-02   2.7450000e+03
  -9.2925662e-03   2.7600000e+03
   1.2769049e-02   2.7750000e+03
   2.1272702e-02   2.7900000e+03
   1.6893849e-02   2.8050000e+03
   1.1533828e-02   2.8200000e+03
   1.2609118e-02   2.8350000e+03
   1.5105429e-02   2.8500000e+03
   9.3708672e-03   2.8650000e+03
  -5.9497985e-03   2.8800000e+03
  -2.0956129e-02   2.8950000e+03
  -2.4067992e-02   2.9100000e+03
  -1.3051507e-02   2.9250000e+03
   3.5644942e-03   2.9400000e+03
   1.4370688e-02   2.9550000e+03
   1.3323356e-02   2.9700000e+03
   1.8400213e-03   2.9850000e+03
  -1.3960782e-02   3.0000000e+03
  -2.6556324e-02   3.0150000e+03
  -2.9743167e-02   3.0300000e+03
  -2.1948347e-02   3.0450000e+03
  -8.6039286e-03   3.0600000e+03
   3.7569297e-04   3.0750000e+03
  -1.8922504e-03   3.0900000e+03
  -1.3310792e-02   3.1050000e+03
  -2.4943948e-02   3.1200000e+03
  -2.9304065e-02   3.1350000e+03
  -2.5953600e-02   3.1500000e+03
  -1.9198863e-02   3.1650000e+03
  -1.2148133e-02   3.1800000e+03
  -4.5776018e-03   3.1950000e+03
   4.3300916e-03   3.2100000e+03
   1.3637042e-02   3.2250000e+03
   2.1895761e-02   3.2400000e+03
   2.9075092e-02   3.2550000e+03
   3.5614006e-02   3.2700000e+03
   4.0269792e-02   3.2850000e+03
   4.0842243e-02   3.3000000e+03
   3.7434977e-02   3.3150000e+03
   3.3415254e-02   3.3300000e+03
   3.1845134e-02   3.3450000e+03
   3.1545762e-02   3.3600000e+03
   2.8005809e-02   3.3750000e+03
   1.8322954e-02   3.3900000e+03
   4.3227007e-03   3.4050000e+03
  -9.5478389e-03   3.4200000e+03
  -2.0595174e-02   3.4350000e+03
  -2.9474145e-02   3.4500000e+03
  -3.7987042e-02   3.4650000e+03
  -4.6419978e-02   3.4800000e+03
  -5.3374503e-02   3.4950000e+03
  -5.7542197e-02   3.5100000e+03
  -5.8938295e-02   3.5250000e+03
  -5.8334388e-02   3.5400000e+03
  -5.5769365e-02   3.5550000e+03
  -4.9811475e-02   3.5700000e+03
  -3.8478829e-02   3.5850000e+03
  -2.1240544e-02   3.6000000e+03
  -3.6997136e-04   3.6150000e+03
   1.9711351e-02   3.6300000e+03
   3.4521107e-02   3.6450000e+03
   4.1067500e-02   3.6600000e+03
   3.7998911e-02   3.6750000e+03
   2.5545089e-02   3.6900000e+03
   6.1988146e-03   3.7050000e+03
  -1.5156139e-02   3.7200000e+03
  -3.3240706e-02   3.7350000e+03
  -4.5194361e-02   3.7500000e+03
  -5.1149242e-02   3.7650000e+03
  -5.2097552e-02   3.7800000e+03
  -4.8032064e-02   3.7950000e+03
  -3.8501799e-02   3.8100000e+03
  -2.3991317e-02   3.8250000e+03
  -5.6993505e-03   3.8400000e+03
   1.5664818e-02   3.8550000e+03
   3.9685093e-02   3.8700000e+03
   6.4513646e-02   3.8850000e+03
   8.5922830e-02   3.9000000e+03
   9.8324709e-02   3.9150000e+03
   9.6549071e-02   3.9300000e+03
   7.7321202e-02   3.9450000e+03
   4.0987667e-02   3.9600000e+03
  -6.4676190e-03   3.9750000e+03
  -5.3165268e-02   3.9900000e+03
  -8.4722333e-02   4.0050000e+03
  -9.0171851e-02   4.0200000e+03
  -6.7084379e-02   4.0350000e+03
  -2.3366833e-02   4.0500000e+03
   2.4924031e-02   4.0650000e+03
   5.9418648e-02   4.0800000e+03
   6.7413673e-02   4.0950000e+03
   4.8342481e-02   4.1100000e+03
   1.4390789e-02   4.1250000e+03
  -1.5973585e-02   4.1400000e+03
  -2.7885295e-02   4.1550000e+03
  -1.7506881e-02   4.1700000e+03
   6.8525597e-03   4.1850000e+03
   2.9941894e-02   4.2000000e+03
   3.8091317e-02   4.2150000e+03
   2.6562890e-02   4.2300000e+03
   1.6190682e-03   4.2450000e+03
  -2.3950869e-02   4.2600000e+03
  -3.8862392e-02   4.2750000e+03
  -3.9519422e-02   4.2900000e+03
  -3.0595213e-02   4.3050000e+03
  -2.0540139e-02   4.3200000e+03
  -1.5821069e-02   4.3350000e+03
  -1.7749593e-02   4.3500000e+03
  -2.3260936e-02   4.3650000e+03
  -2.8168276e-02   4.3800000e+03
  -3.0138090e-02   4.3950000e+03
  -2.9506339e-02   4.4100000e+03
  -2.8096238e-02   4.4250000e+03
  -2.7560391e-02   4.4400000e+03
  -2.8445423e-02   4.4550000e+03
  -3.0006422e-02   4.4700000e+03
  -3.0331977e-02   4.4850000e+03
  -2.6863663e-02   4.5000000e+03
