  -4.4887830e-03   0.0000000e+00
  -4.4884798e-03   1.5000000e+01
  -4.4877552e-03   3.0000000e+01
  -4.4871699e-03   4.5000000e+01
  -4.4872453e-03   6.0000000e+01
  -4.4882568e-03   7.5000000e+01
  -4.4903043e-03   9.0000000e+01
  -4.4933963e-03   1.0500000e+02
  -4.4975923e-03   1.2000000e+02
  -4.5031006e-03   1.3500000e+02
  -4.5099645e-03   1.5000000e+02
  -4.5179692e-03   1.6500000e+02
  -4.5270491e-03   1.8000000e+02
  -4.5370492e-03   1.9500000e+02
  -4.5471182e-03   2.1000000e+02
  -4.5563015e-03   2.2500000e+02
  -4.5647551e-03   2.4000000e+02
  -4.5738337e-03   2.5500000e+02
  -4.5848028e-03   2.7000000e+02
  -4.5974231e-03   2.8500000e+02
  -4.6100160e-03   3.0000000e+02
  -4.6211425e-03   3.1500000e+02
  -4.6311817e-03   3.3000000e+02
  -4.6422309e-03   3.4500000e+02
  -4.6564946e-03   3.6000000e+02
  -4.6746377e-03   3.7500000e+02
  -4.6958299e-03   3.9000000e+02
  -4.7193682e-03   4.0500000e+02
  -4.7451314e-03   4.2000000e+02
  -4.7717397e-03   4.3500000e+02
  -4.7964412e-03   4.5000000e+02
  -4.8183366e-03   4.6500000e+02
  -4.8394874e-03   4.8000000e+02
  -4.8618303e-03   4.9500000e+02
  -4.8855823e-03   5.1000000e+02
  -4.9115112e-03   5.2500000e+02
  -4.9420381e-03   5.4000000e+02
  -4.9788216e-03   5.5500000e+02
  -5.0212853e-03   5.7000000e+02
  -5.0686379e-03   5.8500000e+02
  -5.1209102e-03   6.0000000e+02
  -5.1767584e-03   6.1500000e+02
  -5.2334508e-03   6.3000000e+02
  -5.2903625e-03   6.4500000e+02
  -5.3491849e-03   6.6000000e+02
  -5.4107341e-03   6.7500000e+02
  -5.4751239e-03   6.9000000e+02
  -5.5436771e-03   7.0500000e+02
  -5.6174370e-03   7.2000000e+02
  -5.6956653e-03   7.3500000e+02
  -5.7773390e-03   7.5000000e+02
  -5.8618709e-03   7.6500000e+02
  -5.9485487e-03   7.8000000e+02
  -6.0374513e-03   7.9500000e+02
  -6.1302516e-03   8.1000000e+02
  -6.2290193e-03   8.2500000e+02
  -6.3348985e-03   8.4000000e+02
  -6.4479755e-03   8.5500000e+02
  -6.5679322e-03   8.7000000e+02
  -6.6952682e-03   8.8500000e+02
  -6.8316483e-03   9.0000000e+02
  -6.9784024e-03   9.1500000e+02
  -7.1360017e-03   9.3000000e+02
  -7.3059942e-03   9.4500000e+02
  -7.4921297e-03   9.6000000e+02
  -7.6988046e-03   9.7500000e+02
  -7.9290755e-03   9.9000000e+02
  -8.1843045e-03   1.0050000e+03
  -8.4653283e-03   1.0200000e+03
  -8.7738074e-03   1.0350000e+03
  -9.1128144e-03   1.0500000e+03
  -9.4872266e-03   1.0650000e+03
  -9.9042486e-03   1.0800000e+03
  -1.0373050e-02   1.0950000e+03
  -1.0902372e-02   1.1100000e+03
  -1.1497647e-02   1.1250000e+03
  -1.2162257e-02   1.1400000e+03
  -1.2905326e-02   1.1550000e+03
  -1.3751703e-02   1.1700000e+03
  -1.4745574e-02   1.1850000e+03
  -1.5940143e-02   1.2000000e+03
  -1.7365091e-02   1.2150000e+03
  -1.8951839e-02   1.2300000e+03
  -2.0378252e-02   1.2450000e+03
  -2.0795610e-02   1.2600000e+03
  -1.8460639e-02   1.2750000e+03
  -1.0434924e-02   1.2900000e+03
   7.3032621e-03   1.3050000e+03
   3.8892440e-02   1.3200000e+03
   8.6523131e-02   1.3350000e+03
   1.4769040e-01   1.3500000e+03
   2.1315178e-01   1.3650000e+03
   2.6758975e-01   1.3800000e+03
   2.9426220e-01   1.3950000e+03
   2.8251418e-01   1.4100000e+03
   2.3412727e-01   1.4250000e+03
   1.6370404e-01   1.4400000e+03
   9.1506943e-02   1.4550000e+03
   3.2914534e-02   1.4700000e+03
  -7.9769120e-03   1.4850000e+03
  -3.6151275e-02   1.5000000e+03
  -5.7991877e-02   1.5150000e+03
  -7.5829402e-02   1.5300000e+03
  -8.8775486e-02   1.5450000e+03
  -9.6152887e-02   1.5600000e+03
  -9.7696401e-02   1.5750000e+03
  -9.0961143e-02   1.5900000e+03
  -7.1901493e-02   1.6050000e+03
  -4.0320326e-02   1.6200000e+03
  -3.2524744e-03   1.6350000e+03
   2.9645624e-02   1.6500000e+03
   5.3034604e-02   1.6650000e+03
   6.4525023e-02   1.6800000e+03
   5.6632008e-02   1.6950000e+03
   1.6945887e-02   1.7100000e+03
  -5.6955341e-02   1.7250000e+03
  -1.4370824e-01   1.7400000e+03
  -2.0532212e-01   1.7550000e+03
  -2.1116473e-01   1.7700000e+03
  -1.5472186e-01   1.7850000e+03
  -5.1273782e-02   1.8000000e+03
   7.0524976e-02   1.8150000e+03
   1.7072360e-01   1.8300000e+03
   2.0395671e-01   1.8450000e+03
   1.4351515e-01   1.8600000e+03
   1.0895132e-02   1.8750000e+03
  -1.2256085e-01   1.8900000e+03
  -1.7589585e-01   1.9050000e+03
  -1.1406055e-01   1.9200000e+03
   2.4939992e-02   1.9350000e+03
   1.5350038e-01   1.9500000e+03
   1.9308880e-01   1.9650000e+03
   1.2754971e-01   1.9800000e+03
   1.2953606e-02   1.9950000e+03
  -6.3904993e-02   2.0100000e+03
  -4.7715489e-02   2.0250000e+03
   4.8285965e-02   2.0400000e+03
   1.5404974e-01   2.0550000e+03
   1.8962874e-01   2.0700000e+03
   1.1479332e-01   2.0850000e+03
  -4.4817958e-02   2.1000000e+03
  -2.0739338e-01   2.1150000e+03
  -2.8061831e-01   2.1300000e+03
  -2.2363229e-01   2.1450000e+03
  -8.0940083e-02   2.1600000e+03
   5.2322041e-02   2.1750000e+03
   1.1711999e-01   2.1900000e+03
   1.4397940e-01   2.2050000e+03
   2.0023219e-01   2.2200000e+03
   2.7635825e-01   2.2350000e+03
   2.5747213e-01   2.2500000e+03
   5.3421326e-02   2.2650000e+03
  -2.4528489e-01   2.2800000e+03
  -4.0167600e-01   2.2950000e+03
  -2.7020600e-01   2.3100000e+03
   2.5311386e-02   2.3250000e+03
   2.1080858e-01   2.3400000e+03
   1.5963809e-01   2.3550000e+03
   9.5051099e-03   2.3700000e+03
  -3.9338037e-02   2.3850000e+03
   3.0050980e-02   2.4000000e+03
   7.6855928e-02   2.4150000e+03
   2.6402324e-02   2.4300000e+03
  -4.1262873e-02   2.4450000e+03
  -3.9206341e-02   2.4600000e+03
  -3.5087725e-03   2.4750000e+03
  -1.0226307e-02   2.4900000e+03
  -3.7782926e-02   2.5050000e+03
  -9.1013806e-03   2.5200000e+03
   6.1088856e-02   2.5350000e+03
   6.7134351e-02   2.5500000e+03
  -2.7284315e-02   2.5650000e+03
  -1.2138761e-01   2.5800000e+03
  -1.1141632e-01   2.5950000e+03
  -2.4661923e-02   2.6100000e+03
   3.5126597e-02   2.6250000e+03
   2.7703477e-02   2.6400000e+03
  -1.9049667e-03   2.6550000e+03
  -1.3441312e-02   2.6700000e+03
  -1.5280415e-02   2.6850000e+03
  -2.1423997e-02   2.7000000e+03
  -2.2780452e-02   2.7150000e+03
  -1.4613130e-02   2.7300000e+03
  -1.1007188e-02   2.7450000e+03
  -1.5947228e-02   2.7600000e+03
  -1.1735682e-02   2.7750000e+03
   7.8125885e-03   2.7900000e+03
   1.9283764e-02   2.8050000e+03
   2.5667441e-03   2.8200000e+03
  -2.8472174e-02   2.8350000e+03
  -4.5585670e-02   2.8500000e+03
  -4.0908795e-02   2.8650000e+03
  -2.6215740e-02   2.8800000e+03
  -1.0600201e-02   2.8950000e+03
   4.2720614e-03   2.9100000e+03
   1.4884608e-02   2.9250000e+03
   1.6779037e-02   2.9400000e+03
   1.0650613e-02   2.9550000e+03
  -1.6239258e-03   2.9700000e+03
  -2.0065414e-02   2.9850000e+03
  -3.7054196e-02   3.0000000e+03
  -3.5384104e-02   3.0150000e+03
  -1.0042694e-02   3.0300000e+03
   1.6184505e-02   3.0450000e+03
   1.6701382e-02   3.0600000e+03
  -2.7698469e-03   3.0750000e+03
  -1.1159527e-02   3.0900000e+03
   3.9485185e-03   3.1050000e+03
   1.9743802e-02   3.1200000e+03
   1.2963977e-02   3.1350000e+03
  -7.8691570e-03   3.1500000e+03
  -1.8952593e-02   3.1650000e+03
  -1.5277307e-02   3.1800000e+03
  -9.6615581e-03   3.1950000e+03
  -6.5954505e-03   3.2100000e+03
   1.6306533e-03   3.2250000e+03
   1.4334952e-02   3.2400000e+03
   1.8736904e-02   3.2550000e+03
   1.1498227e-02   3.2700000e+03
   6.5016076e-03   3.2850000e+03
   1.2907151e-02   3.3000000e+03
   1.9817818e-02   3.3150000e+03
   1.3410672e-02   3.3300000e+03
  -2.2873711e-03   3.3450000e+03
  -1.4399810e-02   3.3600000e+03
  -2.2267193e-02   3.3750000e+03
  -3.4861196e-02   3.3900000e+03
  -5.1568683e-02   3.4050000e+03
  -6.0504433e-02   3.4200000e+03
  -5.6067932e-02   3.4350000e+03
  -4.5301262e-02   3.4500000e+03
  -3.4458287e-02   3.4650000e+03
  -2.0747487e-02   3.4800000e+03
  -2.0221395e-03   3.4950000e+03
   1.4930042e-02   3.5100000e+03
   2.2492614e-02   3.5250000e+03
   2.2362329e-02   3.5400000e+03
   2.1098748e-02   3.5550000e+03
   1.9869205e-02   3.5700000e+03
   1.5098289e-02   3.5850000e+03
   6.8352423e-03   3.6000000e+03
  -4.9596747e-05   3.6150000e+03
  -3.0926750e-03   3.6300000e+03
  -5.5391234e-03   3.6450000e+03
  -1.0628072e-02   3.6600000e+03
  -1.5813302e-02   3.6750000e+03
  -1.5311820e-02   3.6900000e+03
  -6.9731344e-03   3.7050000e+03
   6.2535894e-03   3.7200000e+03
   2.1550173e-02   3.7350000e+03
   3.9262097e-02   3.7500000e+03
   5.8115970e-02   3.7650000e+03
   6.9952615e-02   3.7800000e+03
   6.4189918e-02   3.7950000e+03
   3.8616143e-02   3.8100000e+03
   2.8185656e-03   3.8250000e+03
  -2.9739428e-02   3.8400000e+03
  -4.9828317e-02   3.8550000e+03
  -5.2504942e-02   3.8700000e+03
  -3.5563536e-02   3.8850000e+03
  -3.8994944e-03   3.9000000e+03
   2.6626946e-02   3.9150000e+03
   3.6352765e-02   3.9300000e+03
   1.6236795e-02   3.9450000e+03
  -2.4956251e-02   3.9600000e+03
  -6.6502355e-02   3.9750000e+03
  -8.6797908e-02   3.9900000e+03
  -7.2139248e-02   4.0050000e+03
  -2.3331515e-02   4.0200000e+03
   4.0772770e-02   4.0350000e+03
   8.9632303e-02   4.0500000e+03
   9.9020638e-02   4.0650000e+03
   6.8229489e-02   4.0800000e+03
   2.0586710e-02   4.0950000e+03
  -1.3819737e-02   4.1100000e+03
  -1.8326253e-02   4.1250000e+03
   1.9725575e-03   4.1400000e+03
   2.6404155e-02   4.1550000e+03
   3.2926086e-02   4.1700000e+03
   1.2174521e-02   4.1850000e+03
  -2.6163768e-02   4.2000000e+03
  -5.9620477e-02   4.2150000e+03
  -6.8777286e-02   4.2300000e+03
  -5.0607197e-02   4.2450000e+03
  -1.8425750e-02   4.2600000e+03
   1.0047957e-02   4.2750000e+03
   2.4614457e-02   4.2900000e+03
   2.5226992e-02   4.3050000e+03
   1.6913917e-02   4.3200000e+03
   4.7395392e-03   4.3350000e+03
  -6.8868538e-03   4.3500000e+03
  -1.2987252e-02   4.3650000e+03
  -9.3581872e-03   4.3800000e+03
   3.1611589e-03   4.3950000e+03
   1.6348369e-02   4.4100000e+03
   1.9009370e-02   4.4250000e+03
   6.4353934e-03   4.4400000e+03
  -1.3596343e-02   4.4550000e+03
  -2.5595861e-02   4.4700000e+03
  -1.9394360e-02   4.4850000e+03
   1.6988034e-04   4.5000000e+03
