   1.8191492e-03   0.0000000e+00
   1.8193428e-03   1.5000000e+01
   1.8198753e-03   3.0000000e+01
   1.8202181e-03   4.5000000e+01
   1.8196503e-03   6.0000000e+01
   1.8175517e-03   7.5000000e+01
   1.8134793e-03   9.0000000e+01
   1.8074526e-03   1.0500000e+02
   1.7999322e-03   1.2000000e+02
   1.7912998e-03   1.3500000e+02
   1.7815660e-03   1.5000000e+02
   1.7703499e-03   1.6500000e+02
   1.7570598e-03   1.8000000e+02
   1.7413152e-03   1.9500000e+02
   1.7234118e-03   2.1000000e+02
   1.7046147e-03   2.2500000e+02
   1.6866548e-03   2.4000000e+02
   1.6706059e-03   2.5500000e+02
   1.6562894e-03   2.7000000e+02
   1.6422929e-03   2.8500000e+02
   1.6262773e-03   3.0000000e+02
   1.6061325e-03   3.1500000e+02
   1.5814818e-03   3.3000000e+02
   1.5538197e-03   3.4500000e+02
   1.5250989e-03   3.6000000e+02
   1.4961571e-03   3.7500000e+02
   1.4663305e-03   3.9000000e+02
   1.4349358e-03   4.0500000e+02
   1.4030312e-03   4.2000000e+02
   1.3723505e-03   4.3500000e+02
   1.3418419e-03   4.5000000e+02
   1.3057222e-03   4.6500000e+02
   1.2533999e-03   4.8000000e+02
   1.1681545e-03   4.9500000e+02
   1.0261711e-03   5.1000000e+02
   8.0299162e-04   5.2500000e+02
   4.9150368e-04   5.4000000e+02
   1.2489363e-04   5.5500000e+02
  -2.1469763e-04   5.7000000e+02
  -4.2407456e-04   5.8500000e+02
  -4.4393382e-04   6.0000000e+02
  -3.1952432e-04   6.1500000e+02
  -1.9204235e-04   6.3000000e+02
  -1.9745735e-04   6.4500000e+02
  -3.4650142e-04   6.6000000e+02
  -5.0980615e-04   6.7500000e+02
  -5.4259330e-04   6.9000000e+02
  -4.2470847e-04   7.0500000e+02
  -2.5965832e-04   7.2000000e+02
  -1.4078445e-04   7.3500000e+02
  -6.0881575e-05   7.5000000e+02
   2.0946163e-05   7.6500000e+02
   6.8264490e-05   7.8000000e+02
  -6.9491762e-06   7.9500000e+02
  -2.1039422e-04   8.1000000e+02
  -4.3245844e-04   8.2500000e+02
  -5.8128260e-04   8.4000000e+02
  -6.8393408e-04   8.5500000e+02
  -8.0384454e-04   8.7000000e+02
  -9.2447724e-04   8.8500000e+02
  -1.0040633e-03   9.0000000e+02
  -1.0999175e-03   9.1500000e+02
  -1.3188190e-03   9.3000000e+02
  -1.6494165e-03   9.4500000e+02
  -1.9612522e-03   9.6000000e+02
  -2.1859936e-03   9.7500000e+02
  -2.3915044e-03   9.9000000e+02
  -2.6575134e-03   1.0050000e+03
  -2.9849182e-03   1.0200000e+03
  -3.3481999e-03   1.0350000e+03
  -3.7342324e-03   1.0500000e+03
  -4.1122781e-03   1.0650000e+03
  -4.4612000e-03   1.0800000e+03
  -4.8335181e-03   1.0950000e+03
  -5.3038863e-03   1.1100000e+03
  -5.8561363e-03   1.1250000e+03
  -6.4008445e-03   1.1400000e+03
  -6.8945149e-03   1.1550000e+03
  -7.3654582e-03   1.1700000e+03
  -7.8230640e-03   1.1850000e+03
  -8.2040513e-03   1.2000000e+03
  -8.4221857e-03   1.2150000e+03
  -8.4247664e-03   1.2300000e+03
  -8.1524719e-03   1.2450000e+03
  -7.4211610e-03   1.2600000e+03
  -5.8175819e-03   1.2750000e+03
  -2.6229632e-03   1.2900000e+03
   3.3384024e-03   1.3050000e+03
   1.4014855e-02   1.3200000e+03
   3.2607414e-02   1.3350000e+03
   6.4193986e-02   1.3500000e+03
   1.1642052e-01   1.3650000e+03
   1.9985689e-01   1.3800000e+03
   3.2705083e-01   1.3950000e+03
   5.0884467e-01   1.4100000e+03
   7.4664962e-01   1.4250000e+03
   1.0207822e+00   1.4400000e+03
   1.2782770e+00   1.4550000e+03
   1.4283749e+00   1.4700000e+03
   1.3573134e+00   1.4850000e+03
   9.7078711e-01   1.5000000e+03
   2.5779927e-01   1.5150000e+03
  -6.5384430e-01   1.5300000e+03
  -1.4974247e+00   1.5450000e+03
  -1.9577827e+00   1.5600000e+03
  -1.8348801e+00   1.5750000e+03
  -1.1918920e+00   1.5900000e+03
  -3.6831096e-01   1.6050000e+03
   1.9787502e-01   1.6200000e+03
   2.5087941e-01   1.6350000e+03
  -1.0382517e-01   1.6500000e+03
  -4.8639524e-01   1.6650000e+03
  -5.5061358e-01   1.6800000e+03
  -2.5785738e-01   1.6950000e+03
   1.3004088e-01   1.7100000e+03
   3.2704878e-01   1.7250000e+03
   2.8834465e-01   1.7400000e+03
   2.0053852e-01   1.7550000e+03
   2.3408720e-01   1.7700000e+03
   3.5051200e-01   1.7850000e+03
   3.7015367e-01   1.8000000e+03
   1.8899192e-01   1.8150000e+03
  -1.2106492e-01   1.8300000e+03
  -4.1240144e-01   1.8450000e+03
  -5.9640926e-01   1.8600000e+03
  -6.5595657e-01   1.8750000e+03
  -5.8481020e-01   1.8900000e+03
  -3.8167679e-01   1.9050000e+03
  -9.2908382e-02   1.9200000e+03
   1.9542716e-01   1.9350000e+03
   4.1782525e-01   1.9500000e+03
   5.4672998e-01   1.9650000e+03
   5.5559921e-01   1.9800000e+03
   4.2336744e-01   1.9950000e+03
   1.9605312e-01   2.0100000e+03
  -1.1035171e-02   2.0250000e+03
  -1.1468834e-01   2.0400000e+03
  -1.3522339e-01   2.0550000e+03
  -1.3428819e-01   2.0700000e+03
  -1.2253300e-01   2.0850000e+03
  -7.7180341e-02   2.1000000e+03
  -1.5280963e-02   2.1150000e+03
   1.6473791e-02   2.1300000e+03
   1.1729766e-02   2.1450000e+03
   3.7146520e-03   2.1600000e+03
   8.2277482e-05   2.1750000e+03
  -2.2616431e-02   2.1900000e+03
  -5.8727089e-02   2.2050000e+03
  -6.7177877e-02   2.2200000e+03
  -3.6417574e-02   2.2350000e+03
  -3.5883351e-03   2.2500000e+03
   5.1634395e-03   2.2650000e+03
   5.9835664e-03   2.2800000e+03
   1.3305584e-02   2.2950000e+03
   9.9024586e-03   2.3100000e+03
  -1.8104218e-02   2.3250000e+03
  -5.3214524e-02   2.3400000e+03
  -7.3893502e-02   2.3550000e+03
  -8.0482543e-02   2.3700000e+03
  -7.8304343e-02   2.3850000e+03
  -6.2373146e-02   2.4000000e+03
  -3.3408392e-02   2.4150000e+03
  -5.8869896e-03   2.4300000e+03
   1.2223339e-02   2.4450000e+03
   2.9843833e-02   2.4600000e+03
   5.5784825e-02   2.4750000e+03
   8.7283738e-02   2.4900000e+03
   1.1871651e-01   2.5050000e+03
   1.4633772e-01   2.5200000e+03
   1.6236719e-01   2.5350000e+03
   1.5807177e-01   2.5500000e+03
   1.3480717e-01   2.5650000e+03
   1.0282775e-01   2.5800000e+03
   7.0211530e-02   2.5950000e+03
   4.0409159e-02   2.6100000e+03
   1.7356683e-02   2.6250000e+03
   5.0247749e-03   2.6400000e+03
   3.4135971e-03   2.6550000e+03
   9.3722232e-03   2.6700000e+03
   1.8580396e-02   2.6850000e+03
   2.4141703e-02   2.7000000e+03
   1.7989177e-02   2.7150000e+03
  -1.9840470e-03   2.7300000e+03
  -2.8119203e-02   2.7450000e+03
  -4.8445962e-02   2.7600000e+03
  -5.4999232e-02   2.7750000e+03
  -4.7432933e-02   2.7900000e+03
  -3.1624958e-02   2.8050000e+03
  -1.5618723e-02   2.8200000e+03
  -4.6920385e-03   2.8350000e+03
   1.3496979e-03   2.8500000e+03
   6.2227612e-03   2.8650000e+03
   1.2507655e-02   2.8800000e+03
   1.8639235e-02   2.8950000e+03
   1.9804537e-02   2.9100000e+03
   1.1895132e-02   2.9250000e+03
  -4.2923517e-03   2.9400000e+03
  -2.2031417e-02   2.9550000e+03
  -3.2248084e-02   2.9700000e+03
  -2.9111505e-02   2.9850000e+03
  -1.3192910e-02   3.0000000e+03
   9.6970377e-03   3.0150000e+03
   3.2203510e-02   3.0300000e+03
   4.8820723e-02   3.0450000e+03
   5.7436828e-02   3.0600000e+03
   5.8918472e-02   3.0750000e+03
   5.5462144e-02   3.0900000e+03
   4.8937336e-02   3.1050000e+03
   4.0344976e-02   3.1200000e+03
   3.0477880e-02   3.1350000e+03
   2.0600686e-02   3.1500000e+03
   1.1895390e-02   3.1650000e+03
   3.9762924e-03   3.1800000e+03
  -5.6472076e-03   3.1950000e+03
  -1.9785888e-02   3.2100000e+03
  -3.8507085e-02   3.2250000e+03
  -5.7569321e-02   3.2400000e+03
  -7.0142575e-02   3.2550000e+03
  -7.0745669e-02   3.2700000e+03
  -5.8332507e-02   3.2850000e+03
  -3.6142085e-02   3.3000000e+03
  -8.7259887e-03   3.3150000e+03
   2.0885043e-02   3.3300000e+03
   5.0987598e-02   3.3450000e+03
   7.8155018e-02   3.3600000e+03
   9.4953582e-02   3.3750000e+03
   9.2135899e-02   3.3900000e+03
   6.4809196e-02   3.4050000e+03
   1.7468316e-02   3.4200000e+03
  -3.7049260e-02   3.4350000e+03
  -8.4288530e-02   3.4500000e+03
  -1.1509280e-01   3.4650000e+03
  -1.2763613e-01   3.4800000e+03
  -1.2454943e-01   3.4950000e+03
  -1.0916223e-01   3.5100000e+03
  -8.4214151e-02   3.5250000e+03
  -5.2868422e-02   3.5400000e+03
  -1.9704552e-02   3.5550000e+03
   9.8610269e-03   3.5700000e+03
   3.1378541e-02   3.5850000e+03
   4.3041844e-02   3.6000000e+03
   4.6030656e-02   3.6150000e+03
   4.3072108e-02   3.6300000e+03
   3.6006715e-02   3.6450000e+03
   2.4316408e-02   3.6600000e+03
   6.2306062e-03   3.6750000e+03
  -1.8355886e-02   3.6900000e+03
  -4.6092872e-02   3.7050000e+03
  -7.1488045e-02   3.7200000e+03
  -8.9865774e-02   3.7350000e+03
  -9.8847926e-02   3.7500000e+03
  -9.7553916e-02   3.7650000e+03
  -8.5758746e-02   3.7800000e+03
  -6.4706348e-02   3.7950000e+03
  -3.8164310e-02   3.8100000e+03
  -1.1489785e-02   3.8250000e+03
   1.0757491e-02   3.8400000e+03
   2.6044646e-02   3.8550000e+03
   3.3114661e-02   3.8700000e+03
   3.1236216e-02   3.8850000e+03
   2.0960366e-02   3.9000000e+03
   5.0955345e-03   3.9150000e+03
  -1.2018269e-02   3.9300000e+03
  -2.6449587e-02   3.9450000e+03
  -3.5750590e-02   3.9600000e+03
  -3.8608328e-02   3.9750000e+03
  -3.4534894e-02   3.9900000e+03
  -2.4531879e-02   4.0050000e+03
  -1.1736798e-02   4.0200000e+03
  -7.6382497e-04   4.0350000e+03
   4.0698280e-03   4.0500000e+03
   5.2636029e-04   4.0650000e+03
  -1.0444432e-02   4.0800000e+03
  -2.4628876e-02   4.0950000e+03
  -3.6068182e-02   4.1100000e+03
  -4.0044665e-02   4.1250000e+03
  -3.5672210e-02   4.1400000e+03
  -2.5860524e-02   4.1550000e+03
  -1.4744136e-02   4.1700000e+03
  -5.0952886e-03   4.1850000e+03
   2.3373843e-03   4.2000000e+03
   8.1265103e-03   4.2150000e+03
   1.3521557e-02   4.2300000e+03
   1.9987155e-02   4.2450000e+03
   2.8401693e-02   4.2600000e+03
   3.8376149e-02   4.2750000e+03
   4.8526466e-02   4.2900000e+03
   5.7320930e-02   4.3050000e+03
   6.3458271e-02   4.3200000e+03
   6.5773614e-02   4.3350000e+03
   6.3456669e-02   4.3500000e+03
   5.6557555e-02   4.3650000e+03
   4.6022225e-02   4.3800000e+03
   3.3210479e-02   4.3950000e+03
   1.9590978e-02   4.4100000e+03
   6.7447643e-03   4.4250000e+03
  -3.8813725e-03   4.4400000e+03
  -1.1561195e-02   4.4550000e+03
  -1.6591663e-02   4.4700000e+03
  -1.9962626e-02   4.4850000e+03
  -2.2748735e-02   4.5000000e+03
