   1.1140305e-03   0.0000000e+00
   1.1144766e-03   1.5000000e+01
   1.1157994e-03   3.0000000e+01
   1.1175753e-03   4.5000000e+01
   1.1191247e-03   6.0000000e+01
   1.1198355e-03   7.5000000e+01
   1.1192971e-03   9.0000000e+01
   1.1174893e-03   1.0500000e+02
   1.1148264e-03   1.2000000e+02
   1.1117720e-03   1.3500000e+02
   1.1084192e-03   1.5000000e+02
   1.1043727e-03   1.6500000e+02
   1.0990246e-03   1.8000000e+02
   1.0920246e-03   1.9500000e+02
   1.0836672e-03   2.1000000e+02
   1.0751423e-03   2.2500000e+02
   1.0680747e-03   2.4000000e+02
   1.0634804e-03   2.5500000e+02
   1.0612366e-03   2.7000000e+02
   1.0601081e-03   2.8500000e+02
   1.0579891e-03   3.0000000e+02
   1.0529587e-03   3.1500000e+02
   1.0446958e-03   3.3000000e+02
   1.0346422e-03   3.4500000e+02
   1.0246384e-03   3.6000000e+02
   1.0154016e-03   3.7500000e+02
   1.0062765e-03   3.9000000e+02
   9.9674903e-04   4.0500000e+02
   9.8812429e-04   4.2000000e+02
   9.8248688e-04   4.3500000e+02
   9.7931991e-04   4.5000000e+02
   9.7369269e-04   4.6500000e+02
   9.5683808e-04   4.8000000e+02
   9.1585988e-04   4.9500000e+02
   8.3295512e-04   5.1000000e+02
   6.8984996e-04   5.2500000e+02
   4.8104857e-04   5.4000000e+02
   2.3090234e-04   5.5500000e+02
   1.6552804e-08   5.7000000e+02
  -1.3530994e-04   5.8500000e+02
  -1.3077969e-04   6.0000000e+02
  -1.8481296e-05   6.1500000e+02
   9.9532735e-05   6.3000000e+02
   1.2522696e-04   6.4500000e+02
   5.1842879e-05   6.6000000e+02
  -2.5817144e-05   6.7500000e+02
  -2.2633685e-06   6.9000000e+02
   1.3731611e-04   7.0500000e+02
   3.1775184e-04   7.2000000e+02
   4.6938373e-04   7.3500000e+02
   5.9128378e-04   7.5000000e+02
   7.0342014e-04   7.6500000e+02
   7.7180943e-04   7.8000000e+02
   7.3360751e-04   7.9500000e+02
   5.9420383e-04   8.1000000e+02
   4.4377870e-04   8.2500000e+02
   3.5377016e-04   8.4000000e+02
   3.0404262e-04   8.5500000e+02
   2.4805171e-04   8.7000000e+02
   1.9828331e-04   8.8500000e+02
   1.8207720e-04   9.0000000e+02
   1.5066116e-04   9.1500000e+02
   2.2636686e-05   9.3000000e+02
  -1.8869618e-04   9.4500000e+02
  -3.8026227e-04   9.6000000e+02
  -4.9895415e-04   9.7500000e+02
  -5.9228053e-04   9.9000000e+02
  -7.1010215e-04   1.0050000e+03
  -8.4240153e-04   1.0200000e+03
  -9.6909754e-04   1.0350000e+03
  -1.0913233e-03   1.0500000e+03
  -1.2045460e-03   1.0650000e+03
  -1.3174122e-03   1.0800000e+03
  -1.4986395e-03   1.0950000e+03
  -1.8312025e-03   1.1100000e+03
  -2.3199196e-03   1.1250000e+03
  -2.9040549e-03   1.1400000e+03
  -3.5494899e-03   1.1550000e+03
  -4.2700730e-03   1.1700000e+03
  -5.0650109e-03   1.1850000e+03
  -5.8849659e-03   1.2000000e+03
  -6.6542672e-03   1.2150000e+03
  -7.2385538e-03   1.2300000e+03
  -7.2236811e-03   1.2450000e+03
  -5.4319561e-03   1.2600000e+03
   8.4715936e-04   1.2750000e+03
   1.6860832e-02   1.2900000e+03
   5.1247947e-02   1.3050000e+03
   1.1556873e-01   1.3200000e+03
   2.2040688e-01   1.3350000e+03
   3.6603421e-01   1.3500000e+03
   5.2840167e-01   1.3650000e+03
   6.4755583e-01   1.3800000e+03
   6.3295609e-01   1.3950000e+03
   4.0058434e-01   1.4100000e+03
  -5.9931315e-02   1.4250000e+03
  -6.2400335e-01   1.4400000e+03
  -1.0407661e+00   1.4550000e+03
  -1.0569476e+00   1.4700000e+03
  -6.1299485e-01   1.4850000e+03
   3.9242983e-02   1.5000000e+03
   4.5634174e-01   1.5150000e+03
   3.4631577e-01   1.5300000e+03
  -1.3540265e-01   1.5450000e+03
  -4.7036338e-01   1.5600000e+03
  -2.6283190e-01   1.5750000e+03
   3.1742892e-01   1.5900000e+03
   6.5992874e-01   1.6050000e+03
   3.7348723e-01   1.6200000e+03
  -2.2633086e-01   1.6350000e+03
  -4.3783420e-01   1.6500000e+03
  -1.2988422e-02   1.6650000e+03
   4.9376255e-01   1.6800000e+03
   3.7018862e-01   1.6950000e+03
  -3.6361882e-01   1.7100000e+03
  -9.4858700e-01   1.7250000e+03
  -7.9027283e-01   1.7400000e+03
  -1.2119471e-01   1.7550000e+03
   3.7933597e-01   1.7700000e+03
   4.1604638e-01   1.7850000e+03
   2.6811096e-01   1.8000000e+03
   2.4860506e-01   1.8150000e+03
   3.0385816e-01   1.8300000e+03
   2.2967298e-01   1.8450000e+03
   2.3364168e-02   1.8600000e+03
  -1.5838093e-01   1.8750000e+03
  -2.4094802e-01   1.8900000e+03
  -2.5083256e-01   1.9050000e+03
  -1.8768601e-01   1.9200000e+03
  -4.9293458e-02   1.9350000e+03
   7.4382864e-02   1.9500000e+03
   9.1442578e-02   1.9650000e+03
   5.2783981e-02   1.9800000e+03
   6.4063847e-02   1.9950000e+03
   1.0022946e-01   2.0100000e+03
   6.1226945e-02   2.0250000e+03
  -3.1535380e-02   2.0400000e+03
  -6.4813346e-02   2.0550000e+03
  -3.1349905e-02   2.0700000e+03
  -2.1651655e-02   2.0850000e+03
  -3.5536803e-02   2.1000000e+03
   1.2223427e-02   2.1150000e+03
   1.0163011e-01   2.1300000e+03
   1.1505615e-01   2.1450000e+03
   4.4446513e-02   2.1600000e+03
   6.5301149e-04   2.1750000e+03
   7.8135608e-03   2.1900000e+03
  -1.6836733e-02   2.2050000e+03
  -7.4275836e-02   2.2200000e+03
  -7.4342109e-02   2.2350000e+03
  -1.6945641e-02   2.2500000e+03
   6.9100657e-03   2.2650000e+03
  -1.3532505e-02   2.2800000e+03
  -9.9160299e-03   2.2950000e+03
   1.6644530e-02   2.3100000e+03
   5.7043415e-03   2.3250000e+03
  -3.3975553e-02   2.3400000e+03
  -4.0403452e-02   2.3550000e+03
  -1.0616138e-02   2.3700000e+03
   1.0260932e-02   2.3850000e+03
   1.5779478e-02   2.4000000e+03
   2.6646804e-02   2.4150000e+03
   3.1060904e-02   2.4300000e+03
   1.0630349e-02   2.4450000e+03
  -1.1957525e-02   2.4600000e+03
  -1.1102593e-02   2.4750000e+03
  -3.0931369e-03   2.4900000e+03
  -7.2784158e-03   2.5050000e+03
  -9.6764881e-03   2.5200000e+03
   2.1412747e-03   2.5350000e+03
   1.6745554e-02   2.5500000e+03
   2.8246323e-02   2.5650000e+03
   4.1326068e-02   2.5800000e+03
   4.5186713e-02   2.5950000e+03
   2.3974679e-02   2.6100000e+03
  -1.2428185e-02   2.6250000e+03
  -3.7029784e-02   2.6400000e+03
  -3.5505358e-02   2.6550000e+03
  -1.2687515e-02   2.6700000e+03
   1.7054915e-02   2.6850000e+03
   3.6964163e-02   2.7000000e+03
   3.6247656e-02   2.7150000e+03
   1.8509030e-02   2.7300000e+03
  -9.1336842e-04   2.7450000e+03
  -8.0178706e-03   2.7600000e+03
  -7.5922167e-04   2.7750000e+03
   1.1103306e-02   2.7900000e+03
   1.4549575e-02   2.8050000e+03
   3.7533948e-03   2.8200000e+03
  -1.3978690e-02   2.8350000e+03
  -2.3256989e-02   2.8500000e+03
  -1.5590562e-02   2.8650000e+03
   3.7045119e-04   2.8800000e+03
   6.8213688e-03   2.8950000e+03
  -4.2929193e-03   2.9100000e+03
  -2.2820450e-02   2.9250000e+03
  -3.1666853e-02   2.9400000e+03
  -2.4193078e-02   2.9550000e+03
  -8.6616836e-03   2.9700000e+03
   2.7637759e-03   2.9850000e+03
   6.2446930e-03   3.0000000e+03
   7.1852566e-03   3.0150000e+03
   1.1719047e-02   3.0300000e+03
   1.9746713e-02   3.0450000e+03
   2.5951283e-02   3.0600000e+03
   2.5098002e-02   3.0750000e+03
   1.5241626e-02   3.0900000e+03
  -1.7339262e-03   3.1050000e+03
  -1.9654928e-02   3.1200000e+03
  -2.9204488e-02   3.1350000e+03
  -2.3961185e-02   3.1500000e+03
  -7.5566489e-03   3.1650000e+03
   7.5039687e-03   3.1800000e+03
   1.1292762e-02   3.1950000e+03
   6.5843873e-03   3.2100000e+03
   5.2620019e-03   3.2250000e+03
   1.4176618e-02   3.2400000e+03
   2.6802270e-02   3.2550000e+03
   3.0512385e-02   3.2700000e+03
   2.0635521e-02   3.2850000e+03
   4.8864125e-03   3.3000000e+03
  -5.8802837e-03   3.3150000e+03
  -8.7714847e-03   3.3300000e+03
  -9.6523780e-03   3.3450000e+03
  -1.4645293e-02   3.3600000e+03
  -2.2832256e-02   3.3750000e+03
  -2.7249226e-02   3.3900000e+03
  -2.1810314e-02   3.4050000e+03
  -7.0525217e-03   3.4200000e+03
   9.9062100e-03   3.4350000e+03
   2.0541616e-02   3.4500000e+03
   2.0945167e-02   3.4650000e+03
   1.4057070e-02   3.4800000e+03
   6.4751972e-03   3.4950000e+03
   2.7137706e-03   3.5100000e+03
   1.8890633e-03   3.5250000e+03
  -6.6133920e-04   3.5400000e+03
  -8.6906860e-03   3.5550000e+03
  -2.1279367e-02   3.5700000e+03
  -3.2946471e-02   3.5850000e+03
  -3.7739102e-02   3.6000000e+03
  -3.4025878e-02   3.6150000e+03
  -2.5335211e-02   3.6300000e+03
  -1.6181760e-02   3.6450000e+03
  -7.8702560e-03   3.6600000e+03
   3.9359930e-04   3.6750000e+03
   7.2269919e-03   3.6900000e+03
   8.8934973e-03   3.7050000e+03
   4.5320718e-03   3.7200000e+03
  -9.8535290e-04   3.7350000e+03
  -1.9498373e-03   3.7500000e+03
   1.7569080e-03   3.7650000e+03
   5.8251410e-03   3.7800000e+03
   8.0497023e-03   3.7950000e+03
   9.9232178e-03   3.8100000e+03
   1.1472803e-02   3.8250000e+03
   9.0179360e-03   3.8400000e+03
   7.1361905e-04   3.8550000e+03
  -8.8844448e-03   3.8700000e+03
  -1.3451070e-02   3.8850000e+03
  -1.2380916e-02   3.9000000e+03
  -1.0218658e-02   3.9150000e+03
  -1.0013689e-02   3.9300000e+03
  -1.1136089e-02   3.9450000e+03
  -1.2777921e-02   3.9600000e+03
  -1.4873562e-02   3.9750000e+03
  -1.5132270e-02   3.9900000e+03
  -1.0073717e-02   4.0050000e+03
  -1.0070316e-03   4.0200000e+03
   5.0017447e-03   4.0350000e+03
   2.7904592e-03   4.0500000e+03
  -5.1295199e-03   4.0650000e+03
  -1.2642638e-02   4.0800000e+03
  -1.6768984e-02   4.0950000e+03
  -1.7688142e-02   4.1100000e+03
  -1.5213767e-02   4.1250000e+03
  -9.2746690e-03   4.1400000e+03
  -2.4560757e-03   4.1550000e+03
   1.6100114e-03   4.1700000e+03
   2.1758403e-03   4.1850000e+03
   1.4267674e-03   4.2000000e+03
   1.2125442e-03   4.2150000e+03
   1.7561257e-03   4.2300000e+03
   2.9141863e-03   4.2450000e+03
   4.6132752e-03   4.2600000e+03
   6.2168520e-03   4.2750000e+03
   7.0122643e-03   4.2900000e+03
   7.2646495e-03   4.3050000e+03
   7.7691558e-03   4.3200000e+03
   8.5148020e-03   4.3350000e+03
   8.4684677e-03   4.3500000e+03
   6.5010013e-03   4.3650000e+03
   2.3104767e-03   4.3800000e+03
  -2.9903750e-03   4.3950000e+03
  -6.8905135e-03   4.4100000e+03
  -6.7418949e-03   4.4250000e+03
  -1.7170132e-03   4.4400000e+03
   6.2934784e-03   4.4550000e+03
   1.3661199e-02   4.4700000e+03
   1.7054055e-02   4.4850000e+03
   1.5246012e-02   4.5000000e+03
