   1.0553051e-03   0.0000000e+00
   1.0551800e-03   1.5000000e+01
   1.0547808e-03   3.0000000e+01
   1.0538819e-03   4.5000000e+01
   1.0521648e-03   6.0000000e+01
   1.0493582e-03   7.5000000e+01
   1.0452708e-03   9.0000000e+01
   1.0398837e-03   1.0500000e+02
   1.0333831e-03   1.2000000e+02
   1.0259560e-03   1.3500000e+02
   1.0176267e-03   1.5000000e+02
   1.0082372e-03   1.6500000e+02
   9.9754136e-04   1.8000000e+02
   9.8538445e-04   1.9500000e+02
   9.7191148e-04   2.1000000e+02
   9.5768785e-04   2.2500000e+02
   9.4347587e-04   2.4000000e+02
   9.2974084e-04   2.5500000e+02
   9.1638876e-04   2.7000000e+02
   9.0276601e-04   2.8500000e+02
   8.8780129e-04   3.0000000e+02
   8.7053946e-04   3.1500000e+02
   8.5083145e-04   3.3000000e+02
   8.2936557e-04   3.4500000e+02
   8.0703310e-04   3.6000000e+02
   7.8426057e-04   3.7500000e+02
   7.6081901e-04   3.9000000e+02
   7.3640276e-04   4.0500000e+02
   7.1134267e-04   4.2000000e+02
   6.8617653e-04   4.3500000e+02
   6.6021387e-04   4.5000000e+02
   6.3052017e-04   4.6500000e+02
   5.9131545e-04   4.8000000e+02
   5.3277973e-04   4.9500000e+02
   4.4065496e-04   5.1000000e+02
   3.0030805e-04   5.2500000e+02
   1.0744534e-04   5.4000000e+02
  -1.1804973e-04   5.5500000e+02
  -3.2662734e-04   5.7000000e+02
  -4.5573944e-04   5.8500000e+02
  -4.6925433e-04   6.0000000e+02
  -3.9456467e-04   6.1500000e+02
  -3.1769145e-04   6.3000000e+02
  -3.2179855e-04   6.4500000e+02
  -4.1373965e-04   6.6000000e+02
  -5.1447965e-04   6.7500000e+02
  -5.3511607e-04   6.9000000e+02
  -4.6296668e-04   7.0500000e+02
  -3.6135892e-04   7.2000000e+02
  -2.8687768e-04   7.3500000e+02
  -2.3244206e-04   7.5000000e+02
  -1.6831922e-04   7.6500000e+02
  -1.1319516e-04   7.8000000e+02
  -1.2176106e-04   7.9500000e+02
  -2.0212129e-04   8.1000000e+02
  -2.9098350e-04   8.2500000e+02
  -3.3162182e-04   8.4000000e+02
  -3.3757422e-04   8.5500000e+02
  -3.4651224e-04   8.7000000e+02
  -3.4971072e-04   8.8500000e+02
  -3.2172416e-04   9.0000000e+02
  -2.9462593e-04   9.1500000e+02
  -3.3122755e-04   9.3000000e+02
  -4.2539099e-04   9.4500000e+02
  -4.9787061e-04   9.6000000e+02
  -5.0293509e-04   9.7500000e+02
  -4.7707677e-04   9.9000000e+02
  -4.6920494e-04   1.0050000e+03
  -4.8353005e-04   1.0200000e+03
  -5.0444191e-04   1.0350000e+03
  -5.1852519e-04   1.0500000e+03
  -5.0008134e-04   1.0650000e+03
  -4.2882579e-04   1.0800000e+03
  -3.2737450e-04   1.0950000e+03
  -2.3096558e-04   1.1100000e+03
  -1.2042510e-04   1.1250000e+03
   6.8530469e-05   1.1400000e+03
   3.7348550e-04   1.1550000e+03
   7.8607822e-04   1.1700000e+03
   1.3033439e-03   1.1850000e+03
   1.9593255e-03   1.2000000e+03
   2.7932941e-03   1.2150000e+03
   3.8100595e-03   1.2300000e+03
   4.9935770e-03   1.2450000e+03
   6.3572829e-03   1.2600000e+03
   7.9663182e-03   1.2750000e+03
   9.9126985e-03   1.2900000e+03
   1.2289735e-02   1.3050000e+03
   1.5192090e-02   1.3200000e+03
   1.8710321e-02   1.3350000e+03
   2.2906773e-02   1.3500000e+03
   2.7818020e-02   1.3650000e+03
   3.3510204e-02   1.3800000e+03
   4.0136337e-02   1.3950000e+03
   4.7929201e-02   1.4100000e+03
   5.7134259e-02   1.4250000e+03
   6.7952447e-02   1.4400000e+03
   8.0549173e-02   1.4550000e+03
   9.5112339e-02   1.4700000e+03
   1.1188864e-01   1.4850000e+03
   1.3114980e-01   1.5000000e+03
   1.5310965e-01   1.5150000e+03
   1.7784669e-01   1.5300000e+03
   2.0525438e-01   1.5450000e+03
   2.3499477e-01   1.5600000e+03
   2.6642373e-01   1.5750000e+03
   2.9849994e-01   1.5900000e+03
   3.2973507e-01   1.6050000e+03
   3.5823885e-01   1.6200000e+03
   3.8186282e-01   1.6350000e+03
   3.9843059e-01   1.6500000e+03
   4.0607780e-01   1.6650000e+03
   4.0370035e-01   1.6800000e+03
   3.9134318e-01   1.6950000e+03
   3.7023044e-01   1.7100000e+03
   3.4229869e-01   1.7250000e+03
   3.0950263e-01   1.7400000e+03
   2.7340063e-01   1.7550000e+03
   2.3527968e-01   1.7700000e+03
   1.9654818e-01   1.7850000e+03
   1.5884969e-01   1.8000000e+03
   1.2364747e-01   1.8150000e+03
   9.1637857e-02   1.8300000e+03
   6.2634960e-02   1.8450000e+03
   3.6155295e-02   1.8600000e+03
   1.2183292e-02   1.8750000e+03
  -8.6504193e-03   1.8900000e+03
  -2.5643703e-02   1.9050000e+03
  -3.8714040e-02   1.9200000e+03
  -4.8507683e-02   1.9350000e+03
  -5.5955324e-02   1.9500000e+03
  -6.1888069e-02   1.9650000e+03
  -6.7069724e-02   1.9800000e+03
  -7.2334819e-02   1.9950000e+03
  -7.8388803e-02   2.0100000e+03
  -8.5378967e-02   2.0250000e+03
  -9.2765398e-02   2.0400000e+03
  -9.9691622e-02   2.0550000e+03
  -1.0543150e-01   2.0700000e+03
  -1.0945394e-01   2.0850000e+03
  -1.1124245e-01   2.1000000e+03
  -1.1036126e-01   2.1150000e+03
  -1.0683694e-01   2.1300000e+03
  -1.0134070e-01   2.1450000e+03
  -9.4812512e-02   2.1600000e+03
  -8.7901600e-02   2.1750000e+03
  -8.0853850e-02   2.1900000e+03
  -7.3860280e-02   2.2050000e+03
  -6.7278102e-02   2.2200000e+03
  -6.1406888e-02   2.2350000e+03
  -5.6196876e-02   2.2500000e+03
  -5.1342797e-02   2.2650000e+03
  -4.6628427e-02   2.2800000e+03
  -4.2068575e-02   2.2950000e+03
  -3.7762340e-02   2.3100000e+03
  -3.3766832e-02   2.3250000e+03
  -3.0144826e-02   2.3400000e+03
  -2.7006444e-02   2.3550000e+03
  -2.4422800e-02   2.3700000e+03
  -2.2355020e-02   2.3850000e+03
  -2.0713834e-02   2.4000000e+03
  -1.9433366e-02   2.4150000e+03
  -1.8448401e-02   2.4300000e+03
  -1.7669942e-02   2.4450000e+03
  -1.7056702e-02   2.4600000e+03
  -1.6680751e-02   2.4750000e+03
  -1.6661633e-02   2.4900000e+03
  -1.7041113e-02   2.5050000e+03
  -1.7745927e-02   2.5200000e+03
  -1.8637197e-02   2.5350000e+03
  -1.9548303e-02   2.5500000e+03
  -2.0294053e-02   2.5650000e+03
  -2.0700218e-02   2.5800000e+03
  -2.0647636e-02   2.5950000e+03
  -2.0085959e-02   2.6100000e+03
  -1.9021751e-02   2.6250000e+03
  -1.7514933e-02   2.6400000e+03
  -1.5676968e-02   2.6550000e+03
  -1.3645406e-02   2.6700000e+03
  -1.1546803e-02   2.6850000e+03
  -9.4770044e-03   2.7000000e+03
  -7.5006690e-03   2.7150000e+03
  -5.6599029e-03   2.7300000e+03
  -3.9938227e-03   2.7450000e+03
  -2.5610738e-03   2.7600000e+03
  -1.4383278e-03   2.7750000e+03
  -6.8944198e-04   2.7900000e+03
  -3.4048271e-04   2.8050000e+03
  -3.8953481e-04   2.8200000e+03
  -8.3418505e-04   2.8350000e+03
  -1.6807016e-03   2.8500000e+03
  -2.9262225e-03   2.8650000e+03
  -4.5354599e-03   2.8800000e+03
  -6.4358902e-03   2.8950000e+03
  -8.5376622e-03   2.9100000e+03
  -1.0762938e-02   2.9250000e+03
  -1.3059876e-02   2.9400000e+03
  -1.5390672e-02   2.9550000e+03
  -1.7709322e-02   2.9700000e+03
  -1.9953128e-02   2.9850000e+03
  -2.2055561e-02   3.0000000e+03
  -2.3969831e-02   3.0150000e+03
  -2.5688790e-02   3.0300000e+03
  -2.7251203e-02   3.0450000e+03
  -2.8729647e-02   3.0600000e+03
  -3.0204481e-02   3.0750000e+03
  -3.1738382e-02   3.0900000e+03
  -3.3365849e-02   3.1050000e+03
  -3.5099931e-02   3.1200000e+03
  -3.6945388e-02   3.1350000e+03
  -3.8904000e-02   3.1500000e+03
  -4.0965356e-02   3.1650000e+03
  -4.3090612e-02   3.1800000e+03
  -4.5205403e-02   3.1950000e+03
  -4.7211509e-02   3.2100000e+03
  -4.9009725e-02   3.2250000e+03
  -5.0517213e-02   3.2400000e+03
  -5.1670928e-02   3.2550000e+03
  -5.2423466e-02   3.2700000e+03
  -5.2741524e-02   3.2850000e+03
  -5.2610032e-02   3.3000000e+03
  -5.2038275e-02   3.3150000e+03
  -5.1064283e-02   3.3300000e+03
  -4.9754847e-02   3.3450000e+03
  -4.8198566e-02   3.3600000e+03
  -4.6492279e-02   3.3750000e+03
  -4.4728182e-02   3.3900000e+03
  -4.2990036e-02   3.4050000e+03
  -4.1357495e-02   3.4200000e+03
  -3.9907176e-02   3.4350000e+03
  -3.8702350e-02   3.4500000e+03
  -3.7778243e-02   3.4650000e+03
  -3.7138693e-02   3.4800000e+03
  -3.6770754e-02   3.4950000e+03
  -3.6666535e-02   3.5100000e+03
  -3.6834221e-02   3.5250000e+03
  -3.7289307e-02   3.5400000e+03
  -3.8033027e-02   3.5550000e+03
  -3.9034709e-02   3.5700000e+03
  -4.0231477e-02   3.5850000e+03
  -4.1544199e-02   3.6000000e+03
  -4.2893555e-02   3.6150000e+03
  -4.4199493e-02   3.6300000e+03
  -4.5364555e-02   3.6450000e+03
  -4.6260890e-02   3.6600000e+03
  -4.6740074e-02   3.6750000e+03
  -4.6662536e-02   3.6900000e+03
  -4.5923863e-02   3.7050000e+03
  -4.4460952e-02   3.7200000e+03
  -4.2244017e-02   3.7350000e+03
  -3.9273400e-02   3.7500000e+03
  -3.5589527e-02   3.7650000e+03
  -3.1285834e-02   3.7800000e+03
  -2.6510397e-02   3.7950000e+03
  -2.1453431e-02   3.8100000e+03
  -1.6327817e-02   3.8250000e+03
  -1.1349385e-02   3.8400000e+03
  -6.7189932e-03   3.8550000e+03
  -2.6079055e-03   3.8700000e+03
   8.5129798e-04   3.8850000e+03
   3.5690984e-03   3.9000000e+03
   5.5025322e-03   3.9150000e+03
   6.6583157e-03   3.9300000e+03
   7.0899110e-03   3.9450000e+03
   6.8841763e-03   3.9600000e+03
   6.1424975e-03   3.9750000e+03
   4.9665095e-03   3.9900000e+03
   3.4521217e-03   4.0050000e+03
   1.6864209e-03   4.0200000e+03
  -2.5742955e-04   4.0350000e+03
  -2.3237397e-03   4.0500000e+03
  -4.4701532e-03   4.0650000e+03
  -6.6575180e-03   4.0800000e+03
  -8.8417707e-03   4.0950000e+03
  -1.0971476e-02   4.1100000e+03
  -1.2986857e-02   4.1250000e+03
  -1.4817055e-02   4.1400000e+03
  -1.6379651e-02   4.1550000e+03
  -1.7587775e-02   4.1700000e+03
  -1.8363398e-02   4.1850000e+03
  -1.8650824e-02   4.2000000e+03
  -1.8426972e-02   4.2150000e+03
  -1.7707704e-02   4.2300000e+03
  -1.6548090e-02   4.2450000e+03
  -1.5033874e-02   4.2600000e+03
  -1.3265774e-02   4.2750000e+03
  -1.1342374e-02   4.2900000e+03
  -9.3472153e-03   4.3050000e+03
  -7.3437393e-03   4.3200000e+03
  -5.3797895e-03   4.3350000e+03
  -3.4985899e-03   4.3500000e+03
  -1.7473309e-03   4.3650000e+03
  -1.7523316e-04   4.3800000e+03
   1.1786768e-03   4.3950000e+03
   2.3001451e-03   4.4100000e+03
   3.2081329e-03   4.4250000e+03
   3.9531896e-03   4.4400000e+03
   4.6069985e-03   4.4550000e+03
   5.2484665e-03   4.4700000e+03
   5.9527857e-03   4.4850000e+03
   6.7862957e-03   4.5000000e+03
