  -1.1566491e-02   0.0000000e+00
  -1.1565806e-02   1.5000000e+01
  -1.1564494e-02   3.0000000e+01
  -1.1566262e-02   4.5000000e+01
  -1.1578307e-02   6.0000000e+01
  -1.1607030e-02   7.5000000e+01
  -1.1651573e-02   9.0000000e+01
  -1.1705869e-02   1.0500000e+02
  -1.1766229e-02   1.2000000e+02
  -1.1836392e-02   1.3500000e+02
  -1.1925329e-02   1.5000000e+02
  -1.2039143e-02   1.6500000e+02
  -1.2178944e-02   1.8000000e+02
  -1.2346156e-02   1.9500000e+02
  -1.2544539e-02   2.1000000e+02
  -1.2777947e-02   2.2500000e+02
  -1.3046175e-02   2.4000000e+02
  -1.3340107e-02   2.5500000e+02
  -1.3644760e-02   2.7000000e+02
  -1.3953001e-02   2.8500000e+02
  -1.4275026e-02   3.0000000e+02
  -1.4628261e-02   3.1500000e+02
  -1.5017087e-02   3.3000000e+02
  -1.5427002e-02   3.4500000e+02
  -1.5834771e-02   3.6000000e+02
  -1.6218303e-02   3.7500000e+02
  -1.6567718e-02   3.9000000e+02
  -1.6894996e-02   4.0500000e+02
  -1.7214255e-02   4.2000000e+02
  -1.7499926e-02   4.3500000e+02
  -1.7685803e-02   4.5000000e+02
  -1.7715523e-02   4.6500000e+02
  -1.7564738e-02   4.8000000e+02
  -1.7197926e-02   4.9500000e+02
  -1.6518081e-02   5.1000000e+02
  -1.5346828e-02   5.2500000e+02
  -1.3400890e-02   5.4000000e+02
  -1.0226935e-02   5.5500000e+02
  -5.0899964e-03   5.7000000e+02
   3.2124538e-03   5.8500000e+02
   1.6733008e-02   6.0000000e+02
   3.9105322e-02   6.1500000e+02
   7.6664895e-02   6.3000000e+02
   1.3978557e-01   6.4500000e+02
   2.4360357e-01   6.6000000e+02
   4.0582591e-01   6.7500000e+02
   6.3801813e-01   6.9000000e+02
   9.2837912e-01   7.0500000e+02
   1.2212847e+00   7.2000000e+02
   1.4104503e+00   7.3500000e+02
   1.3679034e+00   7.5000000e+02
   1.0139505e+00   7.6500000e+02
   3.9278519e-01   7.8000000e+02
  -3.1236777e-01   7.9500000e+02
  -8.6346596e-01   8.1000000e+02
  -1.1046727e+00   8.2500000e+02
  -1.0428107e+00   8.4000000e+02
  -8.0712134e-01   8.5500000e+02
  -5.4251200e-01   8.7000000e+02
  -3.4055620e-01   8.8500000e+02
  -2.3586904e-01   9.0000000e+02
  -2.1510512e-01   9.1500000e+02
  -2.1952057e-01   9.3000000e+02
  -1.8326473e-01   9.4500000e+02
  -9.9635907e-02   9.6000000e+02
  -2.7334500e-02   9.7500000e+02
  -1.2936435e-02   9.9000000e+02
  -3.6896881e-02   1.0050000e+03
  -5.7270464e-02   1.0200000e+03
  -6.9990098e-02   1.0350000e+03
  -9.2748225e-02   1.0500000e+03
  -1.1985765e-01   1.0650000e+03
  -1.3047008e-01   1.0800000e+03
  -1.2203738e-01   1.0950000e+03
  -1.0612886e-01   1.1100000e+03
  -8.6737752e-02   1.1250000e+03
  -6.3993245e-02   1.1400000e+03
  -4.4646915e-02   1.1550000e+03
  -3.3263523e-02   1.1700000e+03
  -2.4774183e-02   1.1850000e+03
  -1.4633624e-02   1.2000000e+03
  -6.2142764e-03   1.2150000e+03
  -3.6801496e-03   1.2300000e+03
  -5.3630592e-03   1.2450000e+03
  -5.8221333e-03   1.2600000e+03
   4.7419954e-04   1.2750000e+03
   1.6911656e-02   1.2900000e+03
   4.2649414e-02   1.3050000e+03
   7.2728477e-02   1.3200000e+03
   1.0079584e-01   1.3350000e+03
   1.2154511e-01   1.3500000e+03
   1.3230668e-01   1.3650000e+03
   1.3453558e-01   1.3800000e+03
   1.3338837e-01   1.3950000e+03
   1.3405366e-01   1.4100000e+03
   1.3753152e-01   1.4250000e+03
   1.3963488e-01   1.4400000e+03
   1.3382351e-01   1.4550000e+03
   1.1547443e-01   1.4700000e+03
   8.4772721e-02   1.4850000e+03
   4.6841200e-02   1.5000000e+03
   9.6497433e-03   1.5150000e+03
  -1.8889010e-02   1.5300000e+03
  -3.3574700e-02   1.5450000e+03
  -3.3389904e-02   1.5600000e+03
  -2.1127524e-02   1.5750000e+03
  -1.8352515e-03   1.5900000e+03
   1.8731020e-02   1.6050000e+03
   3.5470858e-02   1.6200000e+03
   4.5214355e-02   1.6350000e+03
   4.7222611e-02   1.6500000e+03
   4.2404793e-02   1.6650000e+03
   3.1842113e-02   1.6800000e+03
   1.5792135e-02   1.6950000e+03
  -6.0197497e-03   1.7100000e+03
  -3.3048246e-02   1.7250000e+03
  -6.2698245e-02   1.7400000e+03
  -9.0371974e-02   1.7550000e+03
  -1.1092851e-01   1.7700000e+03
  -1.2063608e-01   1.7850000e+03
  -1.1849151e-01   1.8000000e+03
  -1.0632078e-01   1.8150000e+03
  -8.7683886e-02   1.8300000e+03
  -6.6160768e-02   1.8450000e+03
  -4.4044200e-02   1.8600000e+03
  -2.2197278e-02   1.8750000e+03
  -9.2625432e-04   1.8900000e+03
   1.8845845e-02   1.9050000e+03
   3.4799777e-02   1.9200000e+03
   4.3407939e-02   1.9350000e+03
   4.1313428e-02   1.9500000e+03
   2.7245780e-02   1.9650000e+03
   3.1165953e-03   1.9800000e+03
  -2.6582858e-02   1.9950000e+03
  -5.6601651e-02   2.0100000e+03
  -8.2609698e-02   2.0250000e+03
  -1.0173643e-01   2.0400000e+03
  -1.1208897e-01   2.0550000e+03
  -1.1223958e-01   2.0700000e+03
  -1.0150454e-01   2.0850000e+03
  -8.0826476e-02   2.1000000e+03
  -5.3319287e-02   2.1150000e+03
  -2.3786472e-02   2.1300000e+03
   2.5990473e-03   2.1450000e+03
   2.1657411e-02   2.1600000e+03
   3.1016637e-02   2.1750000e+03
   3.0530348e-02   2.1900000e+03
   2.2704663e-02   2.2050000e+03
   1.2783874e-02   2.2200000e+03
   7.4289204e-03   2.2350000e+03
   1.1664765e-02   2.2500000e+03
   2.5610825e-02   2.2650000e+03
   4.3508369e-02   2.2800000e+03
   5.6416981e-02   2.2950000e+03
   5.7333685e-02   2.3100000e+03
   4.5481611e-02   2.3250000e+03
   2.6903097e-02   2.3400000e+03
   1.1067022e-02   2.3550000e+03
   5.8205090e-03   2.3700000e+03
   1.3650314e-02   2.3850000e+03
   3.0788172e-02   2.4000000e+03
   4.8823889e-02   2.4150000e+03
   5.7716105e-02   2.4300000e+03
   4.9400050e-02   2.4450000e+03
   2.1352483e-02   2.4600000e+03
  -2.1199016e-02   2.4750000e+03
  -6.6276401e-02   2.4900000e+03
  -1.0008652e-01   2.5050000e+03
  -1.1385377e-01   2.5200000e+03
  -1.0832695e-01   2.5350000e+03
  -9.2554323e-02   2.5500000e+03
  -7.7346094e-02   2.5650000e+03
  -6.7820080e-02   2.5800000e+03
  -6.0284372e-02   2.5950000e+03
  -4.5680795e-02   2.6100000e+03
  -1.7170090e-02   2.6250000e+03
   2.3513617e-02   2.6400000e+03
   6.5606475e-02   2.6550000e+03
   9.5456764e-02   2.6700000e+03
   1.0521875e-01   2.6850000e+03
   9.7846277e-02   2.7000000e+03
   8.4478892e-02   2.7150000e+03
   7.5940967e-02   2.7300000e+03
   7.4746475e-02   2.7450000e+03
   7.3745489e-02   2.7600000e+03
   6.2305372e-02   2.7750000e+03
   3.4965426e-02   2.7900000e+03
  -4.1681738e-03   2.8050000e+03
  -4.4160426e-02   2.8200000e+03
  -7.4179962e-02   2.8350000e+03
  -8.8997602e-02   2.8500000e+03
  -8.9756683e-02   2.8650000e+03
  -8.1220359e-02   2.8800000e+03
  -6.8837099e-02   2.8950000e+03
  -5.7288874e-02   2.9100000e+03
  -4.9615789e-02   2.9250000e+03
  -4.5973610e-02   2.9400000e+03
  -4.3082792e-02   2.9550000e+03
  -3.5921991e-02   2.9700000e+03
  -2.0897724e-02   2.9850000e+03
   2.2318177e-03   3.0000000e+03
   3.0872727e-02   3.0150000e+03
   6.0707804e-02   3.0300000e+03
   8.5599720e-02   3.0450000e+03
   9.7730353e-02   3.0600000e+03
   9.0661973e-02   3.0750000e+03
   6.4294636e-02   3.0900000e+03
   2.6648460e-02   3.1050000e+03
  -1.0612060e-02   3.1200000e+03
  -3.9298479e-02   3.1350000e+03
  -5.7697032e-02   3.1500000e+03
  -6.7398675e-02   3.1650000e+03
  -6.8810321e-02   3.1800000e+03
  -6.0836498e-02   3.1950000e+03
  -4.4289552e-02   3.2100000e+03
  -2.3875788e-02   3.2250000e+03
  -5.7353289e-03   3.2400000e+03
   6.7770048e-03   3.2550000e+03
   1.4361184e-02   3.2700000e+03
   1.9133372e-02   3.2850000e+03
   2.1625964e-02   3.3000000e+03
   2.0840319e-02   3.3150000e+03
   1.6634824e-02   3.3300000e+03
   1.0944310e-02   3.3450000e+03
   6.1674849e-03   3.3600000e+03
   2.8973017e-03   3.3750000e+03
  -4.9085429e-06   3.3900000e+03
  -3.1525169e-03   3.4050000e+03
  -5.2507445e-03   3.4200000e+03
  -4.4335998e-03   3.4350000e+03
  -5.3957448e-04   3.4500000e+03
   4.6123154e-03   3.4650000e+03
   9.1589494e-03   3.4800000e+03
   1.2773295e-02   3.4950000e+03
   1.6086901e-02   3.5100000e+03
   1.9057304e-02   3.5250000e+03
   2.0447664e-02   3.5400000e+03
   1.8864391e-02   3.5550000e+03
   1.4023957e-02   3.5700000e+03
   7.1381917e-03   3.5850000e+03
   4.5952384e-04   3.6000000e+03
  -3.6243212e-03   3.6150000e+03
  -3.7983891e-03   3.6300000e+03
  -9.0474688e-04   3.6450000e+03
   2.0696861e-03   3.6600000e+03
   1.6596819e-03   3.6750000e+03
  -3.6499994e-03   3.6900000e+03
  -1.2126043e-02   3.7050000e+03
  -1.9815074e-02   3.7200000e+03
  -2.3194369e-02   3.7350000e+03
  -2.1349890e-02   3.7500000e+03
  -1.5999483e-02   3.7650000e+03
  -9.5599713e-03   3.7800000e+03
  -3.1104917e-03   3.7950000e+03
   3.9641852e-03   3.8100000e+03
   1.2500844e-02   3.8250000e+03
   2.1705845e-02   3.8400000e+03
   2.8567756e-02   3.8550000e+03
   2.9055517e-02   3.8700000e+03
   2.0319577e-02   3.8850000e+03
   2.5654114e-03   3.9000000e+03
  -2.0422570e-02   3.9150000e+03
  -4.2408243e-02   3.9300000e+03
  -5.7063952e-02   3.9450000e+03
  -6.0573116e-02   3.9600000e+03
  -5.3192493e-02   3.9750000e+03
  -3.8841683e-02   3.9900000e+03
  -2.2947531e-02   4.0050000e+03
  -1.0002179e-02   4.0200000e+03
  -2.3422949e-03   4.0350000e+03
  -3.4290997e-04   4.0500000e+03
  -3.0337134e-03   4.0650000e+03
  -8.4461831e-03   4.0800000e+03
  -1.4071647e-02   4.0950000e+03
  -1.7861133e-02   4.1100000e+03
  -1.9116379e-02   4.1250000e+03
  -1.8269388e-02   4.1400000e+03
  -1.5843900e-02   4.1550000e+03
  -1.2080876e-02   4.1700000e+03
  -7.7931662e-03   4.1850000e+03
  -4.9764891e-03   4.2000000e+03
  -5.5318726e-03   4.2150000e+03
  -8.9036217e-03   4.2300000e+03
  -1.1504513e-02   4.2450000e+03
  -9.4344513e-03   4.2600000e+03
  -2.3096458e-03   4.2750000e+03
   5.7099634e-03   4.2900000e+03
   9.0829348e-03   4.3050000e+03
   5.4364484e-03   4.3200000e+03
  -2.6367637e-03   4.3350000e+03
  -9.8728659e-03   4.3500000e+03
  -1.2282706e-02   4.3650000e+03
  -9.3618426e-03   4.3800000e+03
  -3.4130290e-03   4.3950000e+03
   2.6140420e-03   4.4100000e+03
   6.8725315e-03   4.4250000e+03
   9.1979941e-03   4.4400000e+03
   1.0674426e-02   4.4550000e+03
   1.2480746e-02   4.4700000e+03
   1.4538682e-02   4.4850000e+03
   1.5036850e-02   4.5000000e+03
