   4.8995465e-03   0.0000000e+00
   4.8992471e-03   1.5000000e+01
   4.8979907e-03   3.0000000e+01
   4.8949975e-03   4.5000000e+01
   4.8898673e-03   6.0000000e+01
   4.8822686e-03   7.5000000e+01
   4.8719533e-03   9.0000000e+01
   4.8594060e-03   1.0500000e+02
   4.8452071e-03   1.2000000e+02
   4.8289695e-03   1.3500000e+02
   4.8100329e-03   1.5000000e+02
   4.7883042e-03   1.6500000e+02
   4.7636996e-03   1.8000000e+02
   4.7358335e-03   1.9500000e+02
   4.7047427e-03   2.1000000e+02
   4.6713348e-03   2.2500000e+02
   4.6369233e-03   2.4000000e+02
   4.6023470e-03   2.5500000e+02
   4.5673861e-03   2.7000000e+02
   4.5307758e-03   2.8500000e+02
   4.4907364e-03   3.0000000e+02
   4.4458555e-03   3.1500000e+02
   4.3958360e-03   3.3000000e+02
   4.3414491e-03   3.4500000e+02
   4.2839679e-03   3.6000000e+02
   4.2243502e-03   3.7500000e+02
   4.1624196e-03   3.9000000e+02
   4.0973662e-03   4.0500000e+02
   4.0289802e-03   4.2000000e+02
   3.9569112e-03   4.3500000e+02
   3.8785094e-03   4.5000000e+02
   3.7875311e-03   4.6500000e+02
   3.6720030e-03   4.8000000e+02
   3.5096246e-03   4.9500000e+02
   3.2660959e-03   5.1000000e+02
   2.9059257e-03   5.2500000e+02
   2.4197763e-03   5.4000000e+02
   1.8580416e-03   5.5500000e+02
   1.3428068e-03   5.7000000e+02
   1.0258893e-03   5.8500000e+02
   9.9180453e-04   6.0000000e+02
   1.1674059e-03   6.1500000e+02
   1.3357511e-03   6.3000000e+02
   1.2882097e-03   6.4500000e+02
   1.0040435e-03   6.6000000e+02
   6.7168055e-04   6.7500000e+02
   4.9871963e-04   6.9000000e+02
   4.9970247e-04   7.0500000e+02
   5.0583051e-04   7.2000000e+02
   3.8778604e-04   7.3500000e+02
   2.0991078e-04   7.5000000e+02
   1.1804682e-04   7.6500000e+02
   1.2627347e-04   7.8000000e+02
   1.0889262e-04   7.9500000e+02
  -1.3201770e-06   8.1000000e+02
  -1.1907500e-04   8.2500000e+02
  -1.5808905e-04   8.4000000e+02
  -1.7126277e-04   8.5500000e+02
  -2.4310530e-04   8.7000000e+02
  -3.2257917e-04   8.8500000e+02
  -2.9873330e-04   9.0000000e+02
  -2.0211682e-04   9.1500000e+02
  -1.7455660e-04   9.3000000e+02
  -2.3510538e-04   9.4500000e+02
  -2.2743197e-04   9.6000000e+02
  -2.7281658e-05   9.7500000e+02
   3.4259251e-04   9.9000000e+02
   8.4703905e-04   1.0050000e+03
   1.5586881e-03   1.0200000e+03
   2.6096383e-03   1.0350000e+03
   4.1606971e-03   1.0500000e+03
   6.4779348e-03   1.0650000e+03
   9.9590747e-03   1.0800000e+03
   1.5101274e-02   1.0950000e+03
   2.2604726e-02   1.1100000e+03
   3.3602487e-02   1.1250000e+03
   4.9793977e-02   1.1400000e+03
   7.3454708e-02   1.1550000e+03
   1.0750448e-01   1.1700000e+03
   1.5564339e-01   1.1850000e+03
   2.2230119e-01   1.2000000e+03
   3.1214339e-01   1.2150000e+03
   4.2899621e-01   1.2300000e+03
   5.7405299e-01   1.2450000e+03
   7.4321610e-01   1.2600000e+03
   9.2376125e-01   1.2750000e+03
   1.0913275e+00   1.2900000e+03
   1.2091861e+00   1.3050000e+03
   1.2321754e+00   1.3200000e+03
   1.1170318e+00   1.3350000e+03
   8.3866286e-01   1.3500000e+03
   4.0814754e-01   1.3650000e+03
  -1.1586858e-01   1.3800000e+03
  -6.3223380e-01   1.3950000e+03
  -1.0242163e+00   1.4100000e+03
  -1.2027209e+00   1.4250000e+03
  -1.1473122e+00   1.4400000e+03
  -9.2078936e-01   1.4550000e+03
  -6.4247090e-01   1.4700000e+03
  -4.2898738e-01   1.4850000e+03
  -3.3555430e-01   1.5000000e+03
  -3.3580717e-01   1.5150000e+03
  -3.5484427e-01   1.5300000e+03
  -3.3131897e-01   1.5450000e+03
  -2.6080167e-01   1.5600000e+03
  -1.8740216e-01   1.5750000e+03
  -1.5505332e-01   1.5900000e+03
  -1.6521674e-01   1.6050000e+03
  -1.7960979e-01   1.6200000e+03
  -1.6114305e-01   1.6350000e+03
  -1.0886630e-01   1.6500000e+03
  -5.2309111e-02   1.6650000e+03
  -1.6271226e-02   1.6800000e+03
   2.2613036e-03   1.6950000e+03
   2.1671040e-02   1.7100000e+03
   4.7840852e-02   1.7250000e+03
   6.6688001e-02   1.7400000e+03
   6.3754655e-02   1.7550000e+03
   4.2971302e-02   1.7700000e+03
   2.0879723e-02   1.7850000e+03
   6.7746360e-03   1.8000000e+03
  -4.0213270e-03   1.8150000e+03
  -1.7653801e-02   1.8300000e+03
  -3.0435439e-02   1.8450000e+03
  -3.4295879e-02   1.8600000e+03
  -2.8719094e-02   1.8750000e+03
  -2.0997165e-02   1.8900000e+03
  -1.5738612e-02   1.9050000e+03
  -9.9082477e-03   1.9200000e+03
   4.2302860e-04   1.9350000e+03
   1.2833670e-02   1.9500000e+03
   2.0494420e-02   1.9650000e+03
   1.8241705e-02   1.9800000e+03
   4.0226406e-03   1.9950000e+03
  -2.2808086e-02   2.0100000e+03
  -6.0039889e-02   2.0250000e+03
  -9.9413946e-02   2.0400000e+03
  -1.2823066e-01   2.0550000e+03
  -1.3561510e-01   2.0700000e+03
  -1.1665574e-01   2.0850000e+03
  -7.2010025e-02   2.1000000e+03
  -7.4265129e-03   2.1150000e+03
   6.4872861e-02   2.1300000e+03
   1.2744892e-01   2.1450000e+03
   1.6429175e-01   2.1600000e+03
   1.6809373e-01   2.1750000e+03
   1.4211649e-01   2.1900000e+03
   9.6880928e-02   2.2050000e+03
   4.5805361e-02   2.2200000e+03
   1.6134965e-03   2.2350000e+03
  -2.6919477e-02   2.2500000e+03
  -3.7055086e-02   2.2650000e+03
  -3.1538356e-02   2.2800000e+03
  -1.6141279e-02   2.2950000e+03
   2.6068359e-03   2.3100000e+03
   1.8933555e-02   2.3250000e+03
   2.9186681e-02   2.3400000e+03
   3.2626543e-02   2.3550000e+03
   3.0726975e-02   2.3700000e+03
   2.5602149e-02   2.3850000e+03
   1.9073030e-02   2.4000000e+03
   1.2521249e-02   2.4150000e+03
   6.5462026e-03   2.4300000e+03
   4.5720761e-04   2.4450000e+03
  -7.2617419e-03   2.4600000e+03
  -1.7333781e-02   2.4750000e+03
  -2.8315095e-02   2.4900000e+03
  -3.6744040e-02   2.5050000e+03
  -3.8697116e-02   2.5200000e+03
  -3.1740468e-02   2.5350000e+03
  -1.6222514e-02   2.5500000e+03
   4.8380466e-03   2.5650000e+03
   2.7242305e-02   2.5800000e+03
   4.7390647e-02   2.5950000e+03
   6.3102648e-02   2.6100000e+03
   7.3380493e-02   2.6250000e+03
   7.8023173e-02   2.6400000e+03
   7.7643275e-02   2.6550000e+03
   7.3760994e-02   2.6700000e+03
   6.8539783e-02   2.6850000e+03
   6.4181253e-02   2.7000000e+03
   6.2221594e-02   2.7150000e+03
   6.3001879e-02   2.7300000e+03
   6.5641478e-02   2.7450000e+03
   6.8622008e-02   2.7600000e+03
   7.0596427e-02   2.7750000e+03
   7.0894018e-02   2.7900000e+03
   6.9535181e-02   2.8050000e+03
   6.6874385e-02   2.8200000e+03
   6.3115425e-02   2.8350000e+03
   5.8090229e-02   2.8500000e+03
   5.1584259e-02   2.8650000e+03
   4.3914519e-02   2.8800000e+03
   3.6092777e-02   2.8950000e+03
   2.9335614e-02   2.9100000e+03
   2.4338661e-02   2.9250000e+03
   2.0822490e-02   2.9400000e+03
   1.7550979e-02   2.9550000e+03
   1.2808365e-02   2.9700000e+03
   5.1573836e-03   2.9850000e+03
  -5.8956700e-03   3.0000000e+03
  -1.9662620e-02   3.0150000e+03
  -3.4481715e-02   3.0300000e+03
  -4.8189621e-02   3.0450000e+03
  -5.8723122e-02   3.0600000e+03
  -6.4739697e-02   3.0750000e+03
  -6.6022418e-02   3.0900000e+03
  -6.3406378e-02   3.1050000e+03
  -5.8217559e-02   3.1200000e+03
  -5.1585630e-02   3.1350000e+03
  -4.4114605e-02   3.1500000e+03
  -3.6087427e-02   3.1650000e+03
  -2.7899422e-02   3.1800000e+03
  -2.0253539e-02   3.1950000e+03
  -1.3961905e-02   3.2100000e+03
  -9.6032703e-03   3.2250000e+03
  -7.3487721e-03   3.2400000e+03
  -7.0052473e-03   3.2550000e+03
  -8.1024850e-03   3.2700000e+03
  -9.9086128e-03   3.2850000e+03
  -1.1466008e-02   3.3000000e+03
  -1.1798731e-02   3.3150000e+03
  -1.0257449e-02   3.3300000e+03
  -6.7659523e-03   3.3450000e+03
  -1.7767280e-03   3.3600000e+03
   4.0018605e-03   3.3750000e+03
   9.8632462e-03   3.3900000e+03
   1.5183038e-02   3.4050000e+03
   1.9383073e-02   3.4200000e+03
   2.1939855e-02   3.4350000e+03
   2.2484252e-02   3.4500000e+03
   2.0883482e-02   3.4650000e+03
   1.7199311e-02   3.4800000e+03
   1.1559591e-02   3.4950000e+03
   4.0805223e-03   3.5100000e+03
  -5.0694216e-03   3.5250000e+03
  -1.5499297e-02   3.5400000e+03
  -2.6448626e-02   3.5550000e+03
  -3.6807090e-02   3.5700000e+03
  -4.5371108e-02   3.5850000e+03
  -5.1258150e-02   3.6000000e+03
  -5.4257706e-02   3.6150000e+03
  -5.4901574e-02   3.6300000e+03
  -5.4223284e-02   3.6450000e+03
  -5.3385153e-02   3.6600000e+03
  -5.3372718e-02   3.6750000e+03
  -5.4799441e-02   3.6900000e+03
  -5.7755377e-02   3.7050000e+03
  -6.1707765e-02   3.7200000e+03
  -6.5571755e-02   3.7350000e+03
  -6.8010345e-02   3.7500000e+03
  -6.7839980e-02   3.7650000e+03
  -6.4340688e-02   3.7800000e+03
  -5.7370596e-02   3.7950000e+03
  -4.7305826e-02   3.8100000e+03
  -3.4850564e-02   3.8250000e+03
  -2.0769605e-02   3.8400000e+03
  -5.6689098e-03   3.8550000e+03
   1.0019173e-02   3.8700000e+03
   2.5825562e-02   3.8850000e+03
   4.0990286e-02   3.9000000e+03
   5.4382425e-02   3.9150000e+03
   6.4647302e-02   3.9300000e+03
   7.0472807e-02   3.9450000e+03
   7.0860706e-02   3.9600000e+03
   6.5355286e-02   3.9750000e+03
   5.4183047e-02   3.9900000e+03
   3.8228653e-02   4.0050000e+03
   1.8836902e-02   4.0200000e+03
  -2.4367033e-03   4.0350000e+03
  -2.3975482e-02   4.0500000e+03
  -4.4137344e-02   4.0650000e+03
  -6.1301600e-02   4.0800000e+03
  -7.4018292e-02   4.0950000e+03
  -8.1205286e-02   4.1100000e+03
  -8.2281202e-02   4.1250000e+03
  -7.7212252e-02   4.1400000e+03
  -6.6536076e-02   4.1550000e+03
  -5.1385317e-02   4.1700000e+03
  -3.3440970e-02   4.1850000e+03
  -1.4740616e-02   4.2000000e+03
   2.6447435e-03   4.2150000e+03
   1.6969737e-02   4.2300000e+03
   2.7092904e-02   4.2450000e+03
   3.2582954e-02   4.2600000e+03
   3.3628333e-02   4.2750000e+03
   3.0824542e-02   4.2900000e+03
   2.4971811e-02   4.3050000e+03
   1.6960733e-02   4.3200000e+03
   7.7098398e-03   4.3350000e+03
  -1.9172649e-03   4.3500000e+03
  -1.1216781e-02   4.3650000e+03
  -1.9707529e-02   4.3800000e+03
  -2.7112219e-02   4.3950000e+03
  -3.3281270e-02   4.4100000e+03
  -3.8103681e-02   4.4250000e+03
  -4.1432761e-02   4.4400000e+03
  -4.3050125e-02   4.4550000e+03
  -4.2693079e-02   4.4700000e+03
  -4.0142901e-02   4.4850000e+03
  -3.5329379e-02   4.5000000e+03
