   3.7971840e-04   0.0000000e+00
   3.7963741e-04   1.5000000e+01
   3.7942600e-04   3.0000000e+01
   3.7894625e-04   4.5000000e+01
   3.7790765e-04   6.0000000e+01
   3.7606549e-04   7.5000000e+01
   3.7324848e-04   9.0000000e+01
   3.6936739e-04   1.0500000e+02
   3.6453657e-04   1.2000000e+02
   3.5901193e-04   1.3500000e+02
   3.5291418e-04   1.5000000e+02
   3.4608442e-04   1.6500000e+02
   3.3825537e-04   1.8000000e+02
   3.2930885e-04   1.9500000e+02
   3.1938948e-04   2.1000000e+02
   3.0897287e-04   2.2500000e+02
   2.9869765e-04   2.4000000e+02
   2.8895316e-04   2.5500000e+02
   2.7966721e-04   2.7000000e+02
   2.7031216e-04   2.8500000e+02
   2.5995946e-04   3.0000000e+02
   2.4775404e-04   3.1500000e+02
   2.3356301e-04   3.3000000e+02
   2.1801089e-04   3.4500000e+02
   2.0187157e-04   3.6000000e+02
   1.8547026e-04   3.7500000e+02
   1.6859607e-04   3.9000000e+02
   1.5103296e-04   4.0500000e+02
   1.3313106e-04   4.2000000e+02
   1.1547022e-04   4.3500000e+02
   9.7673001e-05   4.5000000e+02
   7.7552977e-05   4.6500000e+02
   5.0762035e-05   4.8000000e+02
   1.0144413e-05   4.9500000e+02
  -5.4444397e-05   5.1000000e+02
  -1.5337487e-04   5.2500000e+02
  -2.8989898e-04   5.4000000e+02
  -4.5040133e-04   5.5500000e+02
  -6.0030061e-04   5.7000000e+02
  -6.9554965e-04   5.8500000e+02
  -7.1017869e-04   6.0000000e+02
  -6.6239404e-04   6.1500000e+02
  -6.1146682e-04   6.3000000e+02
  -6.1485032e-04   6.4500000e+02
  -6.7653973e-04   6.6000000e+02
  -7.3992321e-04   6.7500000e+02
  -7.4045028e-04   6.9000000e+02
  -6.6582649e-04   7.0500000e+02
  -5.5766705e-04   7.2000000e+02
  -4.5739047e-04   7.3500000e+02
  -3.6923619e-04   7.5000000e+02
  -2.8682098e-04   7.6500000e+02
  -2.3534153e-04   7.8000000e+02
  -2.5522686e-04   7.9500000e+02
  -3.4310529e-04   8.1000000e+02
  -4.4067460e-04   8.2500000e+02
  -4.9721455e-04   8.4000000e+02
  -5.1770371e-04   8.5500000e+02
  -5.2963779e-04   8.7000000e+02
  -5.3249107e-04   8.8500000e+02
  -5.1783986e-04   9.0000000e+02
  -5.1723025e-04   9.1500000e+02
  -5.7578582e-04   9.3000000e+02
  -6.7971827e-04   9.4500000e+02
  -7.6175627e-04   9.6000000e+02
  -7.8704878e-04   9.7500000e+02
  -7.8839611e-04   9.9000000e+02
  -8.0908334e-04   1.0050000e+03
  -8.5643039e-04   1.0200000e+03
  -9.1852975e-04   1.0350000e+03
  -9.8104484e-04   1.0500000e+03
  -1.0213291e-03   1.0650000e+03
  -1.0281383e-03   1.0800000e+03
  -1.0287421e-03   1.0950000e+03
  -1.0573671e-03   1.1100000e+03
  -1.1003501e-03   1.1250000e+03
  -1.1092189e-03   1.1400000e+03
  -1.0619381e-03   1.1550000e+03
  -9.7620767e-04   1.1700000e+03
  -8.6492981e-04   1.1850000e+03
  -7.1030221e-04   1.2000000e+03
  -4.9102824e-04   1.2150000e+03
  -2.1664292e-04   1.2300000e+03
   8.1602819e-05   1.2450000e+03
   3.9188843e-04   1.2600000e+03
   7.4202177e-04   1.2750000e+03
   1.1798437e-03   1.2900000e+03
   1.7501657e-03   1.3050000e+03
   2.4926949e-03   1.3200000e+03
   3.4375084e-03   1.3350000e+03
   4.5859711e-03   1.3500000e+03
   5.9131272e-03   1.3650000e+03
   7.4131591e-03   1.3800000e+03
   9.1438452e-03   1.3950000e+03
   1.1213965e-02   1.4100000e+03
   1.3723713e-02   1.4250000e+03
   1.6725244e-02   1.4400000e+03
   2.0247450e-02   1.4550000e+03
   2.4355862e-02   1.4700000e+03
   2.9180957e-02   1.4850000e+03
   3.4888472e-02   1.5000000e+03
   4.1633159e-02   1.5150000e+03
   4.9552370e-02   1.5300000e+03
   5.8804691e-02   1.5450000e+03
   6.9603354e-02   1.5600000e+03
   8.2194209e-02   1.5750000e+03
   9.6783236e-02   1.5900000e+03
   1.1347016e-01   1.6050000e+03
   1.3223229e-01   1.6200000e+03
   1.5294051e-01   1.6350000e+03
   1.7536925e-01   1.6500000e+03
   1.9921918e-01   1.6650000e+03
   2.2419307e-01   1.6800000e+03
   2.5006032e-01   1.6950000e+03
   2.7653623e-01   1.7100000e+03
   3.0290279e-01   1.7250000e+03
   3.2759094e-01   1.7400000e+03
   3.4812000e-01   1.7550000e+03
   3.6162850e-01   1.7700000e+03
   3.6584532e-01   1.7850000e+03
   3.6004579e-01   1.8000000e+03
   3.4549811e-01   1.8150000e+03
   3.2511646e-01   1.8300000e+03
   3.0238295e-01   1.8450000e+03
   2.7994007e-01   1.8600000e+03
   2.5846455e-01   1.8750000e+03
   2.3643717e-01   1.8900000e+03
   2.1113056e-01   1.9050000e+03
   1.8048534e-01   1.9200000e+03
   1.4478411e-01   1.9350000e+03
   1.0684685e-01   1.9500000e+03
   7.0410483e-02   1.9650000e+03
   3.7914775e-02   1.9800000e+03
   9.6019097e-03   1.9950000e+03
  -1.5337371e-02   2.0100000e+03
  -3.6913637e-02   2.0250000e+03
  -5.3860061e-02   2.0400000e+03
  -6.4985394e-02   2.0550000e+03
  -7.0603274e-02   2.0700000e+03
  -7.2190009e-02   2.0850000e+03
  -7.0733659e-02   2.1000000e+03
  -6.6052966e-02   2.1150000e+03
  -5.8145888e-02   2.1300000e+03
  -4.8788849e-02   2.1450000e+03
  -4.1008219e-02   2.1600000e+03
  -3.6730215e-02   2.1750000e+03
  -3.5352334e-02   2.1900000e+03
  -3.4815229e-02   2.2050000e+03
  -3.3618525e-02   2.2200000e+03
  -3.1423356e-02   2.2350000e+03
  -2.8200060e-02   2.2500000e+03
  -2.3701157e-02   2.2650000e+03
  -1.7967785e-02   2.2800000e+03
  -1.1746886e-02   2.2950000e+03
  -5.9858360e-03   2.3100000e+03
  -1.1571608e-03   2.3250000e+03
   2.6535075e-03   2.3400000e+03
   5.2614720e-03   2.3550000e+03
   6.3644401e-03   2.3700000e+03
   5.9222328e-03   2.3850000e+03
   4.2494582e-03   2.4000000e+03
   1.7367336e-03   2.4150000e+03
  -1.3165285e-03   2.4300000e+03
  -4.6493486e-03   2.4450000e+03
  -8.0854399e-03   2.4600000e+03
  -1.1686992e-02   2.4750000e+03
  -1.5689138e-02   2.4900000e+03
  -2.0225668e-02   2.5050000e+03
  -2.5227614e-02   2.5200000e+03
  -3.0582977e-02   2.5350000e+03
  -3.6228999e-02   2.5500000e+03
  -4.2034276e-02   2.5650000e+03
  -4.7728498e-02   2.5800000e+03
  -5.3042315e-02   2.5950000e+03
  -5.7855044e-02   2.6100000e+03
  -6.2159199e-02   2.6250000e+03
  -6.5954171e-02   2.6400000e+03
  -6.9236480e-02   2.6550000e+03
  -7.2041236e-02   2.6700000e+03
  -7.4418172e-02   2.6850000e+03
  -7.6364450e-02   2.7000000e+03
  -7.7802502e-02   2.7150000e+03
  -7.8610212e-02   2.7300000e+03
  -7.8662224e-02   2.7450000e+03
  -7.7875547e-02   2.7600000e+03
  -7.6256953e-02   2.7750000e+03
  -7.3916726e-02   2.7900000e+03
  -7.1032308e-02   2.8050000e+03
  -6.7798346e-02   2.8200000e+03
  -6.4395592e-02   2.8350000e+03
  -6.0969304e-02   2.8500000e+03
  -5.7609051e-02   2.8650000e+03
  -5.4351900e-02   2.8800000e+03
  -5.1217422e-02   2.8950000e+03
  -4.8242427e-02   2.9100000e+03
  -4.5484755e-02   2.9250000e+03
  -4.3005727e-02   2.9400000e+03
  -4.0859841e-02   2.9550000e+03
  -3.9100483e-02   2.9700000e+03
  -3.7784018e-02   2.9850000e+03
  -3.6948666e-02   3.0000000e+03
  -3.6566909e-02   3.0150000e+03
  -3.6507409e-02   3.0300000e+03
  -3.6555793e-02   3.0450000e+03
  -3.6500532e-02   3.0600000e+03
  -3.6222529e-02   3.0750000e+03
  -3.5711404e-02   3.0900000e+03
  -3.4996506e-02   3.1050000e+03
  -3.4062415e-02   3.1200000e+03
  -3.2830730e-02   3.1350000e+03
  -3.1222371e-02   3.1500000e+03
  -2.9240273e-02   3.1650000e+03
  -2.7001444e-02   3.1800000e+03
  -2.4697863e-02   3.1950000e+03
  -2.2522282e-02   3.2100000e+03
  -2.0611800e-02   3.2250000e+03
  -1.9037336e-02   3.2400000e+03
  -1.7830452e-02   3.2550000e+03
  -1.7017970e-02   3.2700000e+03
  -1.6637914e-02   3.2850000e+03
  -1.6728906e-02   3.3000000e+03
  -1.7305654e-02   3.3150000e+03
  -1.8342027e-02   3.3300000e+03
  -1.9773684e-02   3.3450000e+03
  -2.1512393e-02   3.3600000e+03
  -2.3454838e-02   3.3750000e+03
  -2.5480572e-02   3.3900000e+03
  -2.7451858e-02   3.4050000e+03
  -2.9228525e-02   3.4200000e+03
  -3.0691810e-02   3.4350000e+03
  -3.1757042e-02   3.4500000e+03
  -3.2365564e-02   3.4650000e+03
  -3.2470033e-02   3.4800000e+03
  -3.2035772e-02   3.4950000e+03
  -3.1063197e-02   3.5100000e+03
  -2.9613229e-02   3.5250000e+03
  -2.7813056e-02   3.5400000e+03
  -2.5835665e-02   3.5550000e+03
  -2.3865167e-02   3.5700000e+03
  -2.2066059e-02   3.5850000e+03
  -2.0568026e-02   3.6000000e+03
  -1.9467056e-02   3.6150000e+03
  -1.8835157e-02   3.6300000e+03
  -1.8728398e-02   3.6450000e+03
  -1.9186605e-02   3.6600000e+03
  -2.0224225e-02   3.6750000e+03
  -2.1815848e-02   3.6900000e+03
  -2.3881905e-02   3.7050000e+03
  -2.6283063e-02   3.7200000e+03
  -2.8833812e-02   3.7350000e+03
  -3.1337176e-02   3.7500000e+03
  -3.3624265e-02   3.7650000e+03
  -3.5572447e-02   3.7800000e+03
  -3.7091620e-02   3.7950000e+03
  -3.8098436e-02   3.8100000e+03
  -3.8509388e-02   3.8250000e+03
  -3.8260527e-02   3.8400000e+03
  -3.7330732e-02   3.8550000e+03
  -3.5744689e-02   3.8700000e+03
  -3.3559777e-02   3.8850000e+03
  -3.0859523e-02   3.9000000e+03
  -2.7761072e-02   3.9150000e+03
  -2.4418160e-02   3.9300000e+03
  -2.1002192e-02   3.9450000e+03
  -1.7671179e-02   3.9600000e+03
  -1.4552985e-02   3.9750000e+03
  -1.1752965e-02   3.9900000e+03
  -9.3687698e-03   4.0050000e+03
  -7.4911043e-03   4.0200000e+03
  -6.1898255e-03   4.0350000e+03
  -5.5008954e-03   4.0500000e+03
  -5.4234392e-03   4.0650000e+03
  -5.9216167e-03   4.0800000e+03
  -6.9245566e-03   4.0950000e+03
  -8.3278865e-03   4.1100000e+03
  -1.0004209e-02   4.1250000e+03
  -1.1820938e-02   4.1400000e+03
  -1.3654698e-02   4.1550000e+03
  -1.5394807e-02   4.1700000e+03
  -1.6939668e-02   4.1850000e+03
  -1.8195691e-02   4.2000000e+03
  -1.9083250e-02   4.2150000e+03
  -1.9545322e-02   4.2300000e+03
  -1.9551195e-02   4.2450000e+03
  -1.9092048e-02   4.2600000e+03
  -1.8171651e-02   4.2750000e+03
  -1.6798139e-02   4.2900000e+03
  -1.4980569e-02   4.3050000e+03
  -1.2730416e-02   4.3200000e+03
  -1.0066020e-02   4.3350000e+03
  -7.0177079e-03   4.3500000e+03
  -3.6313597e-03   4.3650000e+03
   3.1210722e-05   4.3800000e+03
   3.8950185e-03   4.3950000e+03
   7.8758048e-03   4.4100000e+03
   1.1882831e-02   4.4250000e+03
   1.5820088e-02   4.4400000e+03
   1.9587493e-02   4.4550000e+03
   2.3084521e-02   4.4700000e+03
   2.6217462e-02   4.4850000e+03
   2.8908713e-02   4.5000000e+03
