  -1.4991323e-03   0.0000000e+00
  -1.4991333e-03   1.5000000e+01
  -1.4991601e-03   3.0000000e+01
  -1.4992388e-03   4.5000000e+01
  -1.4993427e-03   6.0000000e+01
  -1.4993815e-03   7.5000000e+01
  -1.4993116e-03   9.0000000e+01
  -1.4992092e-03   1.0500000e+02
  -1.4992333e-03   1.2000000e+02
  -1.4994926e-03   1.3500000e+02
  -1.4998557e-03   1.5000000e+02
  -1.4998293e-03   1.6500000e+02
  -1.4982775e-03   1.8000000e+02
  -1.4917231e-03   1.9500000e+02
  -1.4699432e-03   2.1000000e+02
  -1.4111754e-03   2.2500000e+02
  -1.2868444e-03   2.4000000e+02
  -1.0870994e-03   2.5500000e+02
  -8.5694809e-04   2.7000000e+02
  -6.9730729e-04   2.8500000e+02
  -6.9249124e-04   3.0000000e+02
  -8.1315893e-04   3.1500000e+02
  -9.2005375e-04   3.3000000e+02
  -9.0685737e-04   3.4500000e+02
  -8.2228199e-04   3.6000000e+02
  -7.9583499e-04   3.7500000e+02
  -8.5647404e-04   3.9000000e+02
  -9.0605620e-04   4.0500000e+02
  -8.8077079e-04   4.2000000e+02
  -8.4047567e-04   4.3500000e+02
  -8.5479778e-04   4.5000000e+02
  -8.9266908e-04   4.6500000e+02
  -8.9315884e-04   4.8000000e+02
  -8.7165652e-04   4.9500000e+02
  -8.7766856e-04   5.1000000e+02
  -9.0335641e-04   5.2500000e+02
  -9.0909359e-04   5.4000000e+02
  -8.9820032e-04   5.5500000e+02
  -9.0126204e-04   5.7000000e+02
  -9.1682567e-04   5.8500000e+02
  -9.2128746e-04   6.0000000e+02
  -9.1588555e-04   6.1500000e+02
  -9.1959391e-04   6.3000000e+02
  -9.3135930e-04   6.4500000e+02
  -9.3629677e-04   6.6000000e+02
  -9.3531469e-04   6.7500000e+02
  -9.3782501e-04   6.9000000e+02
  -9.3885686e-04   7.0500000e+02
  -9.2724001e-04   7.2000000e+02
  -9.0272824e-04   7.3500000e+02
  -8.6937763e-04   7.5000000e+02
  -8.2729710e-04   7.6500000e+02
  -7.8374596e-04   7.8000000e+02
  -7.5993565e-04   7.9500000e+02
  -7.7561970e-04   8.1000000e+02
  -8.3091488e-04   8.2500000e+02
  -9.0402609e-04   8.4000000e+02
  -9.6137176e-04   8.5500000e+02
  -9.7636401e-04   8.7000000e+02
  -9.5244078e-04   8.8500000e+02
  -9.2669926e-04   9.0000000e+02
  -9.3710807e-04   9.1500000e+02
  -9.8234438e-04   9.3000000e+02
  -1.0233789e-03   9.4500000e+02
  -1.0291919e-03   9.6000000e+02
  -1.0124356e-03   9.7500000e+02
  -1.0110505e-03   9.9000000e+02
  -1.0394934e-03   1.0050000e+03
  -1.0724888e-03   1.0200000e+03
  -1.0816890e-03   1.0350000e+03
  -1.0738755e-03   1.0500000e+03
  -1.0771729e-03   1.0650000e+03
  -1.0979529e-03   1.0800000e+03
  -1.1145131e-03   1.0950000e+03
  -1.1146370e-03   1.1100000e+03
  -1.1145792e-03   1.1250000e+03
  -1.1303751e-03   1.1400000e+03
  -1.1522304e-03   1.1550000e+03
  -1.1641915e-03   1.1700000e+03
  -1.1721848e-03   1.1850000e+03
  -1.1923631e-03   1.2000000e+03
  -1.2235980e-03   1.2150000e+03
  -1.2522631e-03   1.2300000e+03
  -1.2761515e-03   1.2450000e+03
  -1.3035530e-03   1.2600000e+03
  -1.3338162e-03   1.2750000e+03
  -1.3577053e-03   1.2900000e+03
  -1.3744185e-03   1.3050000e+03
  -1.3920278e-03   1.3200000e+03
  -1.4129132e-03   1.3350000e+03
  -1.4326960e-03   1.3500000e+03
  -1.4515419e-03   1.3650000e+03
  -1.4741913e-03   1.3800000e+03
  -1.5006313e-03   1.3950000e+03
  -1.5270150e-03   1.4100000e+03
  -1.5536388e-03   1.4250000e+03
  -1.5833041e-03   1.4400000e+03
  -1.6143047e-03   1.4550000e+03
  -1.6422290e-03   1.4700000e+03
  -1.6662403e-03   1.4850000e+03
  -1.6885495e-03   1.5000000e+03
  -1.7109454e-03   1.5150000e+03
  -1.7353955e-03   1.5300000e+03
  -1.7640883e-03   1.5450000e+03
  -1.7961561e-03   1.5600000e+03
  -1.8281223e-03   1.5750000e+03
  -1.8591267e-03   1.5900000e+03
  -1.8919513e-03   1.6050000e+03
  -1.9282883e-03   1.6200000e+03
  -1.9668071e-03   1.6350000e+03
  -2.0061533e-03   1.6500000e+03
  -2.0463588e-03   1.6650000e+03
  -2.0870937e-03   1.6800000e+03
  -2.1274129e-03   1.6950000e+03
  -2.1676407e-03   1.7100000e+03
  -2.2097453e-03   1.7250000e+03
  -2.2555457e-03   1.7400000e+03
  -2.3047966e-03   1.7550000e+03
  -2.3545492e-03   1.7700000e+03
  -2.4010169e-03   1.7850000e+03
  -2.4431455e-03   1.8000000e+03
  -2.4836455e-03   1.8150000e+03
  -2.5255843e-03   1.8300000e+03
  -2.5693057e-03   1.8450000e+03
  -2.6138171e-03   1.8600000e+03
  -2.6594312e-03   1.8750000e+03
  -2.7073135e-03   1.8900000e+03
  -2.7576305e-03   1.9050000e+03
  -2.8098063e-03   1.9200000e+03
  -2.8637005e-03   1.9350000e+03
  -2.9192744e-03   1.9500000e+03
  -2.9759970e-03   1.9650000e+03
  -3.0339046e-03   1.9800000e+03
  -3.0946464e-03   1.9950000e+03
  -3.1602872e-03   2.0100000e+03
  -3.2313489e-03   2.0250000e+03
  -3.3069393e-03   2.0400000e+03
  -3.3865478e-03   2.0550000e+03
  -3.4706376e-03   2.0700000e+03
  -3.5593691e-03   2.0850000e+03
  -3.6515980e-03   2.1000000e+03
  -3.7455030e-03   2.1150000e+03
  -3.8397820e-03   2.1300000e+03
  -3.9341445e-03   2.1450000e+03
  -4.0294351e-03   2.1600000e+03
  -4.1277432e-03   2.1750000e+03
  -4.2315908e-03   2.1900000e+03
  -4.3422678e-03   2.2050000e+03
  -4.4592554e-03   2.2200000e+03
  -4.5814123e-03   2.2350000e+03
  -4.7078566e-03   2.2500000e+03
  -4.8374054e-03   2.2650000e+03
  -4.9685095e-03   2.2800000e+03
  -5.1006232e-03   2.2950000e+03
  -5.2347244e-03   2.3100000e+03
  -5.3715487e-03   2.3250000e+03
  -5.5098669e-03   2.3400000e+03
  -5.6471284e-03   2.3550000e+03
  -5.7809674e-03   2.3700000e+03
  -5.9089274e-03   2.3850000e+03
  -6.0268031e-03   2.4000000e+03
  -6.1277053e-03   2.4150000e+03
  -6.2013767e-03   2.4300000e+03
  -6.2308507e-03   2.4450000e+03
  -6.1852392e-03   2.4600000e+03
  -6.0105622e-03   2.4750000e+03
  -5.6203795e-03   2.4900000e+03
  -4.8843948e-03   2.5050000e+03
  -3.6102494e-03   2.5200000e+03
  -1.5146806e-03   2.5350000e+03
   1.8141683e-03   2.5500000e+03
   6.9528604e-03   2.5650000e+03
   1.4658444e-02   2.5800000e+03
   2.5838990e-02   2.5950000e+03
   4.1450795e-02   2.6100000e+03
   6.2296815e-02   2.6250000e+03
   8.8716909e-02   2.6400000e+03
   1.2019786e-01   2.6550000e+03
   1.5499128e-01   2.6700000e+03
   1.8989652e-01   2.6850000e+03
   2.2041012e-01   2.7000000e+03
   2.4140851e-01   2.7150000e+03
   2.4837637e-01   2.7300000e+03
   2.3892610e-01   2.7450000e+03
   2.1407190e-01   2.7600000e+03
   1.7858300e-01   2.7750000e+03
   1.3990889e-01   2.7900000e+03
   1.0569684e-01   2.8050000e+03
   8.0658734e-02   2.8200000e+03
   6.4137593e-02   2.8350000e+03
   4.9753439e-02   2.8500000e+03
   2.7763408e-02   2.8650000e+03
  -1.0526732e-02   2.8800000e+03
  -6.8160377e-02   2.8950000e+03
  -1.3994919e-01   2.9100000e+03
  -2.1329342e-01   2.9250000e+03
  -2.7215400e-01   2.9400000e+03
  -3.0242544e-01   2.9550000e+03
  -2.9644343e-01   2.9700000e+03
  -2.5502205e-01   2.9850000e+03
  -1.8669772e-01   3.0000000e+03
  -1.0494595e-01   3.0150000e+03
  -2.4584228e-02   3.0300000e+03
   4.1523557e-02   3.0450000e+03
   8.4683515e-02   3.0600000e+03
   1.0117716e-01   3.0750000e+03
   9.1884404e-02   3.0900000e+03
   6.1436877e-02   3.1050000e+03
   1.7584328e-02   3.1200000e+03
  -2.9264051e-02   3.1350000e+03
  -6.7204311e-02   3.1500000e+03
  -8.5554376e-02   3.1650000e+03
  -7.8692913e-02   3.1800000e+03
  -4.9021512e-02   3.1950000e+03
  -6.7651500e-03   3.2100000e+03
   3.4024026e-02   3.2250000e+03
   6.1397351e-02   3.2400000e+03
   7.0122637e-02   3.2550000e+03
   6.2546574e-02   3.2700000e+03
   4.5674536e-02   3.2850000e+03
   2.6706833e-02   3.3000000e+03
   9.9467030e-03   3.3150000e+03
  -3.2749919e-03   3.3300000e+03
  -1.2360106e-02   3.3450000e+03
  -1.5378205e-02   3.3600000e+03
  -9.4462875e-03   3.3750000e+03
   6.4483397e-03   3.3900000e+03
   2.8704328e-02   3.4050000e+03
   4.9373463e-02   3.4200000e+03
   6.0014345e-02   3.4350000e+03
   5.6552358e-02   3.4500000e+03
   4.1479770e-02   3.4650000e+03
   2.1735979e-02   3.4800000e+03
   3.9528934e-03   3.4950000e+03
  -9.3585877e-03   3.5100000e+03
  -2.0049136e-02   3.5250000e+03
  -3.1220896e-02   3.5400000e+03
  -4.3534499e-02   3.5550000e+03
  -5.4107714e-02   3.5700000e+03
  -5.9160843e-02   3.5850000e+03
  -5.8513578e-02   3.6000000e+03
  -5.8143042e-02   3.6150000e+03
  -6.7808703e-02   3.6300000e+03
  -9.4048917e-02   3.6450000e+03
  -1.3271427e-01   3.6600000e+03
  -1.6688421e-01   3.6750000e+03
  -1.7355768e-01   3.6900000e+03
  -1.3651396e-01   3.7050000e+03
  -5.7125125e-02   3.7200000e+03
   4.5173198e-02   3.7350000e+03
   1.4387049e-01   3.7500000e+03
   2.1948387e-01   3.7650000e+03
   2.6533756e-01   3.7800000e+03
   2.8104442e-01   3.7950000e+03
   2.6187986e-01   3.8100000e+03
   1.9734320e-01   3.8250000e+03
   8.3886974e-02   3.8400000e+03
  -5.8417656e-02   3.8550000e+03
  -1.8309538e-01   3.8700000e+03
  -2.3725314e-01   3.8850000e+03
  -1.9394605e-01   3.9000000e+03
  -7.3503077e-02   3.9150000e+03
   6.4093113e-02   3.9300000e+03
   1.5299208e-01   3.9450000e+03
   1.5916601e-01   3.9600000e+03
   9.6878335e-02   3.9750000e+03
   1.4365145e-02   3.9900000e+03
  -3.9345555e-02   4.0050000e+03
  -4.3169096e-02   4.0200000e+03
  -1.0773034e-02   4.0350000e+03
   2.5140712e-02   4.0500000e+03
   3.7022065e-02   4.0650000e+03
   1.8353116e-02   4.0800000e+03
  -1.6717296e-02   4.0950000e+03
  -4.5989282e-02   4.1100000e+03
  -5.3706151e-02   4.1250000e+03
  -3.8239054e-02   4.1400000e+03
  -1.0387994e-02   4.1550000e+03
   1.4722546e-02   4.1700000e+03
   2.6635421e-02   4.1850000e+03
   2.4358017e-02   4.2000000e+03
   1.4652950e-02   4.2150000e+03
   5.6704418e-03   4.2300000e+03
   1.0336108e-03   4.2450000e+03
  -1.0366989e-03   4.2600000e+03
  -3.5984959e-03   4.2750000e+03
  -6.6582249e-03   4.2900000e+03
  -7.3278267e-03   4.3050000e+03
  -3.9776564e-03   4.3200000e+03
   7.4132998e-04   4.3350000e+03
   1.7653788e-03   4.3500000e+03
  -3.7270149e-03   4.3650000e+03
  -1.4172533e-02   4.3800000e+03
  -2.5826581e-02   4.3950000e+03
  -3.5622127e-02   4.4100000e+03
  -4.0880442e-02   4.4250000e+03
  -3.7531953e-02   4.4400000e+03
  -2.1648530e-02   4.4550000e+03
   5.3026062e-03   4.4700000e+03
   3.3595257e-02   4.4850000e+03
   5.0130382e-02   4.5000000e+03
