   6.7682504e-03   0.0000000e+00
   6.7682392e-03   1.5000000e+01
   6.7676255e-03   3.0000000e+01
   6.7651588e-03   4.5000000e+01
   6.7602107e-03   6.0000000e+01
   6.7522568e-03   7.5000000e+01
   6.7409179e-03   9.0000000e+01
   6.7270040e-03   1.0500000e+02
   6.7114197e-03   1.2000000e+02
   6.6934940e-03   1.3500000e+02
   6.6721481e-03   1.5000000e+02
   6.6472394e-03   1.6500000e+02
   6.6186436e-03   1.8000000e+02
   6.5857377e-03   1.9500000e+02
   6.5485332e-03   2.1000000e+02
   6.5084109e-03   2.2500000e+02
   6.4674262e-03   2.4000000e+02
   6.4269612e-03   2.5500000e+02
   6.3867737e-03   2.7000000e+02
   6.3449857e-03   2.8500000e+02
   6.2988275e-03   3.0000000e+02
   6.2459726e-03   3.1500000e+02
   6.1857817e-03   3.3000000e+02
   6.1193630e-03   3.4500000e+02
   6.0486821e-03   3.6000000e+02
   5.9752120e-03   3.7500000e+02
   5.8986205e-03   3.9000000e+02
   5.8176080e-03   4.0500000e+02
   5.7319100e-03   4.2000000e+02
   5.6411461e-03   4.3500000e+02
   5.5415113e-03   4.5000000e+02
   5.4243929e-03   4.6500000e+02
   5.2743424e-03   4.8000000e+02
   5.0629475e-03   4.9500000e+02
   4.7458634e-03   5.1000000e+02
   4.2767753e-03   5.2500000e+02
   3.6435444e-03   5.4000000e+02
   2.9117446e-03   5.5500000e+02
   2.2392801e-03   5.7000000e+02
   1.8214682e-03   5.8500000e+02
   1.7659162e-03   6.0000000e+02
   1.9767350e-03   6.1500000e+02
   2.1732596e-03   6.3000000e+02
   2.0865318e-03   6.4500000e+02
   1.6904580e-03   6.6000000e+02
   1.2284743e-03   6.7500000e+02
   9.6820982e-04   6.9000000e+02
   9.2826824e-04   7.0500000e+02
   8.9104357e-04   7.2000000e+02
   6.8865035e-04   7.3500000e+02
   3.9943730e-04   7.5000000e+02
   2.0299284e-04   7.6500000e+02
   1.0808726e-04   7.8000000e+02
  -5.3652457e-05   7.9500000e+02
  -3.7039889e-04   8.1000000e+02
  -7.3055725e-04   8.2500000e+02
  -1.0213300e-03   8.4000000e+02
  -1.3115248e-03   8.5500000e+02
  -1.7134943e-03   8.7000000e+02
  -2.1684486e-03   8.8500000e+02
  -2.5447239e-03   9.0000000e+02
  -2.8954989e-03   9.1500000e+02
  -3.4153378e-03   9.3000000e+02
  -4.1364008e-03   9.4500000e+02
  -4.8640659e-03   9.6000000e+02
  -5.4488583e-03   9.7500000e+02
  -5.9325164e-03   9.9000000e+02
  -6.3624652e-03   1.0050000e+03
  -6.6154785e-03   1.0200000e+03
  -6.4268885e-03   1.0350000e+03
  -5.3752372e-03   1.0500000e+03
  -2.6817268e-03   1.0650000e+03
   3.0198852e-03   1.0800000e+03
   1.3996146e-02   1.0950000e+03
   3.4110919e-02   1.1100000e+03
   6.9870628e-02   1.1250000e+03
   1.3132213e-01   1.1400000e+03
   2.3219630e-01   1.1550000e+03
   3.8842583e-01   1.1700000e+03
   6.1348200e-01   1.1850000e+03
   9.0886533e-01   1.2000000e+03
   1.2498914e+00   1.2150000e+03
   1.5710644e+00   1.2300000e+03
   1.7607239e+00   1.2450000e+03
   1.6780962e+00   1.2600000e+03
   1.2021416e+00   1.2750000e+03
   3.0616432e-01   1.2900000e+03
  -8.7287581e-01   1.3050000e+03
  -2.0218103e+00   1.3200000e+03
  -2.7394488e+00   1.3350000e+03
  -2.7189679e+00   1.3500000e+03
  -1.9408073e+00   1.3650000e+03
  -7.4329072e-01   1.3800000e+03
   3.2106528e-01   1.3950000e+03
   7.9691982e-01   1.4100000e+03
   6.0804701e-01   1.4250000e+03
   8.8960670e-02   1.4400000e+03
  -2.8517035e-01   1.4550000e+03
  -2.6757464e-01   1.4700000e+03
   3.0310713e-03   1.4850000e+03
   1.9228040e-01   1.5000000e+03
   1.1593653e-01   1.5150000e+03
  -1.0296924e-01   1.5300000e+03
  -2.0977822e-01   1.5450000e+03
  -1.1195403e-01   1.5600000e+03
   4.2985082e-02   1.5750000e+03
   7.3757261e-02   1.5900000e+03
  -1.4843700e-02   1.6050000e+03
  -6.7361176e-02   1.6200000e+03
   5.4169836e-04   1.6350000e+03
   9.7342469e-02   1.6500000e+03
   9.6661985e-02   1.6650000e+03
   1.3303013e-02   1.6800000e+03
  -3.1324580e-02   1.6950000e+03
   9.3171578e-03   1.7100000e+03
   4.7058456e-02   1.7250000e+03
  -1.0258761e-03   1.7400000e+03
  -8.9316688e-02   1.7550000e+03
  -1.1549007e-01   1.7700000e+03
  -6.7087732e-02   1.7850000e+03
  -2.2492386e-02   1.8000000e+03
  -2.2668971e-02   1.8150000e+03
  -2.0694621e-02   1.8300000e+03
   2.6760550e-02   1.8450000e+03
   8.8013165e-02   1.8600000e+03
   1.1491028e-01   1.8750000e+03
   1.1970395e-01   1.8900000e+03
   1.3993336e-01   1.9050000e+03
   1.5862697e-01   1.9200000e+03
   1.1876145e-01   1.9350000e+03
   7.5360322e-03   1.9500000e+03
  -1.2470444e-01   1.9650000e+03
  -2.2799231e-01   1.9800000e+03
  -2.8710261e-01   1.9950000e+03
  -2.8737164e-01   2.0100000e+03
  -1.9774413e-01   2.0250000e+03
  -1.5753657e-02   2.0400000e+03
   1.9940127e-01   2.0550000e+03
   3.6430922e-01   2.0700000e+03
   4.2813343e-01   2.0850000e+03
   3.8377663e-01   2.1000000e+03
   2.5112095e-01   2.1150000e+03
   7.3230408e-02   2.1300000e+03
  -8.8235840e-02   2.1450000e+03
  -1.8283078e-01   2.1600000e+03
  -2.0020783e-01   2.1750000e+03
  -1.6330588e-01   2.1900000e+03
  -1.0134477e-01   2.2050000e+03
  -3.6968600e-02   2.2200000e+03
   1.2811625e-02   2.2350000e+03
   3.9270796e-02   2.2500000e+03
   4.4973023e-02   2.2650000e+03
   3.7773974e-02   2.2800000e+03
   2.4397667e-02   2.2950000e+03
   1.1990094e-02   2.3100000e+03
   8.4524546e-03   2.3250000e+03
   1.5518082e-02   2.3400000e+03
   2.5709406e-02   2.3550000e+03
   2.9575335e-02   2.3700000e+03
   2.2411494e-02   2.3850000e+03
   3.3488187e-03   2.4000000e+03
  -2.5589224e-02   2.4150000e+03
  -5.6436863e-02   2.4300000e+03
  -7.6211259e-02   2.4450000e+03
  -7.5151801e-02   2.4600000e+03
  -5.3668097e-02   2.4750000e+03
  -2.1273848e-02   2.4900000e+03
   9.7578587e-03   2.5050000e+03
   3.0915659e-02   2.5200000e+03
   4.0743105e-02   2.5350000e+03
   4.2564042e-02   2.5500000e+03
   3.8963635e-02   2.5650000e+03
   2.9770853e-02   2.5800000e+03
   1.5341794e-02   2.5950000e+03
  -7.0553162e-04   2.6100000e+03
  -1.3040492e-02   2.6250000e+03
  -1.7625259e-02   2.6400000e+03
  -1.3529315e-02   2.6550000e+03
  -3.7484418e-03   2.6700000e+03
   6.0291430e-03   2.6850000e+03
   1.1554034e-02   2.7000000e+03
   1.3304420e-02   2.7150000e+03
   1.4928564e-02   2.7300000e+03
   1.9054977e-02   2.7450000e+03
   2.5357749e-02   2.7600000e+03
   3.1690441e-02   2.7750000e+03
   3.6112811e-02   2.7900000e+03
   3.8470883e-02   2.8050000e+03
   4.0633406e-02   2.8200000e+03
   4.4738669e-02   2.8350000e+03
   5.1114660e-02   2.8500000e+03
   5.8380991e-02   2.8650000e+03
   6.5071501e-02   2.8800000e+03
   6.9948733e-02   2.8950000e+03
   7.0684738e-02   2.9100000e+03
   6.3457862e-02   2.9250000e+03
   4.5055225e-02   2.9400000e+03
   1.6233621e-02   2.9550000e+03
  -1.6480751e-02   2.9700000e+03
  -4.2917378e-02   2.9850000e+03
  -5.4959171e-02   3.0000000e+03
  -5.1762469e-02   3.0150000e+03
  -3.9874163e-02   3.0300000e+03
  -2.8027048e-02   3.0450000e+03
  -2.1318223e-02   3.0600000e+03
  -1.9458000e-02   3.0750000e+03
  -1.9370761e-02   3.0900000e+03
  -1.8737607e-02   3.1050000e+03
  -1.7359219e-02   3.1200000e+03
  -1.6175177e-02   3.1350000e+03
  -1.5899204e-02   3.1500000e+03
  -1.6671143e-02   3.1650000e+03
  -1.8328998e-02   3.1800000e+03
  -2.0407779e-02   3.1950000e+03
  -2.2012085e-02   3.2100000e+03
  -2.2272298e-02   3.2250000e+03
  -2.1215428e-02   3.2400000e+03
  -2.0025827e-02   3.2550000e+03
  -2.0255875e-02   3.2700000e+03
  -2.2755563e-02   3.2850000e+03
  -2.7268004e-02   3.3000000e+03
  -3.2759909e-02   3.3150000e+03
  -3.7943646e-02   3.3300000e+03
  -4.1628372e-02   3.3450000e+03
  -4.2831775e-02   3.3600000e+03
  -4.0636927e-02   3.3750000e+03
  -3.4002472e-02   3.3900000e+03
  -2.2057386e-02   3.4050000e+03
  -5.0552632e-03   3.4200000e+03
   1.4818081e-02   3.4350000e+03
   3.3870071e-02   3.4500000e+03
   4.8532873e-02   3.4650000e+03
   5.6898251e-02   3.4800000e+03
   5.8979042e-02   3.4950000e+03
   5.5809978e-02   3.5100000e+03
   4.8405383e-02   3.5250000e+03
   3.7360717e-02   3.5400000e+03
   2.3129189e-02   3.5550000e+03
   6.4976928e-03   3.5700000e+03
  -1.1238717e-02   3.5850000e+03
  -2.8494695e-02   3.6000000e+03
  -4.3606784e-02   3.6150000e+03
  -5.4744806e-02   3.6300000e+03
  -5.9922520e-02   3.6450000e+03
  -5.7666138e-02   3.6600000e+03
  -4.7976367e-02   3.6750000e+03
  -3.2594472e-02   3.6900000e+03
  -1.4476095e-02   3.7050000e+03
   2.6042459e-03   3.7200000e+03
   1.4181392e-02   3.7350000e+03
   1.6157495e-02   3.7500000e+03
   7.0669577e-03   3.7650000e+03
  -1.0524646e-02   3.7800000e+03
  -3.1427577e-02   3.7950000e+03
  -5.0830737e-02   3.8100000e+03
  -6.5940894e-02   3.8250000e+03
  -7.5489253e-02   3.8400000e+03
  -7.8980424e-02   3.8550000e+03
  -7.6830208e-02   3.8700000e+03
  -7.0312686e-02   3.8850000e+03
  -6.0486138e-02   3.9000000e+03
  -4.7335263e-02   3.9150000e+03
  -3.0476427e-02   3.9300000e+03
  -1.0591249e-02   3.9450000e+03
   1.0249629e-02   3.9600000e+03
   2.9599193e-02   3.9750000e+03
   4.5585468e-02   3.9900000e+03
   5.6971285e-02   4.0050000e+03
   6.2945880e-02   4.0200000e+03
   6.3382261e-02   4.0350000e+03
   5.9253372e-02   4.0500000e+03
   5.2478340e-02   4.0650000e+03
   4.5152195e-02   4.0800000e+03
   3.8724698e-02   4.0950000e+03
   3.3504102e-02   4.1100000e+03
   2.8545307e-02   4.1250000e+03
   2.2119544e-02   4.1400000e+03
   1.2890199e-02   4.1550000e+03
   1.1109459e-03   4.1700000e+03
  -1.1303881e-02   4.1850000e+03
  -2.1978624e-02   4.2000000e+03
  -2.9298984e-02   4.2150000e+03
  -3.2619108e-02   4.2300000e+03
  -3.1860296e-02   4.2450000e+03
  -2.7397973e-02   4.2600000e+03
  -2.0218575e-02   4.2750000e+03
  -1.1796560e-02   4.2900000e+03
  -3.7358133e-03   4.3050000e+03
   2.4075285e-03   4.3200000e+03
   5.2236537e-03   4.3350000e+03
   3.8300627e-03   4.3500000e+03
  -1.6843841e-03   4.3650000e+03
  -1.0275433e-02   4.3800000e+03
  -2.0364366e-02   4.3950000e+03
  -3.0184006e-02   4.4100000e+03
  -3.7972048e-02   4.4250000e+03
  -4.2299598e-02   4.4400000e+03
  -4.2489424e-02   4.4550000e+03
  -3.8753662e-02   4.4700000e+03
  -3.1980053e-02   4.4850000e+03
  -2.3440363e-02   4.5000000e+03
