   2.9194935e-03   0.0000000e+00
   2.9191449e-03   1.5000000e+01
   2.9179524e-03   3.0000000e+01
   2.9154173e-03   4.5000000e+01
   2.9111106e-03   6.0000000e+01
   2.9046717e-03   7.5000000e+01
   2.8958325e-03   9.0000000e+01
   2.8847673e-03   1.0500000e+02
   2.8718524e-03   1.2000000e+02
   2.8570832e-03   1.3500000e+02
   2.8402179e-03   1.5000000e+02
   2.8210836e-03   1.6500000e+02
   2.7994500e-03   1.8000000e+02
   2.7750586e-03   1.9500000e+02
   2.7480568e-03   2.1000000e+02
   2.7192782e-03   2.2500000e+02
   2.6898752e-03   2.4000000e+02
   2.6605378e-03   2.5500000e+02
   2.6310449e-03   2.7000000e+02
   2.6003101e-03   2.8500000e+02
   2.5667257e-03   3.0000000e+02
   2.5289515e-03   3.1500000e+02
   2.4867645e-03   3.3000000e+02
   2.4410579e-03   3.4500000e+02
   2.3930934e-03   3.6000000e+02
   2.3435829e-03   3.7500000e+02
   2.2921769e-03   3.9000000e+02
   2.2382201e-03   4.0500000e+02
   2.1819458e-03   4.2000000e+02
   2.1237852e-03   4.3500000e+02
   2.0621519e-03   4.5000000e+02
   1.9919472e-03   4.6500000e+02
   1.9032060e-03   4.8000000e+02
   1.7783649e-03   4.9500000e+02
   1.5914001e-03   5.1000000e+02
   1.3156639e-03   5.2500000e+02
   9.4395556e-04   5.4000000e+02
   5.1378575e-04   5.5500000e+02
   1.1682669e-04   5.7000000e+02
  -1.3231789e-04   5.8500000e+02
  -1.6898662e-04   6.0000000e+02
  -4.6582318e-05   6.1500000e+02
   7.3321367e-05   6.3000000e+02
   3.5031961e-05   6.4500000e+02
  -1.7596644e-04   6.6000000e+02
  -4.1637960e-04   6.7500000e+02
  -5.2707962e-04   6.9000000e+02
  -4.9252232e-04   7.0500000e+02
  -4.3610350e-04   7.2000000e+02
  -4.5820794e-04   7.3500000e+02
  -5.2420492e-04   7.5000000e+02
  -5.4528675e-04   7.6500000e+02
  -5.2772893e-04   7.8000000e+02
  -5.6822289e-04   7.9500000e+02
  -7.0391136e-04   8.1000000e+02
  -8.5133337e-04   8.2500000e+02
  -9.3149149e-04   8.4000000e+02
  -9.7945728e-04   8.5500000e+02
  -1.0616698e-03   8.7000000e+02
  -1.1487226e-03   8.8500000e+02
  -1.1718081e-03   9.0000000e+02
  -1.1692083e-03   9.1500000e+02
  -1.2541311e-03   9.3000000e+02
  -1.4363024e-03   9.4500000e+02
  -1.5946263e-03   9.6000000e+02
  -1.6486279e-03   9.7500000e+02
  -1.6468286e-03   9.9000000e+02
  -1.6569361e-03   1.0050000e+03
  -1.6730110e-03   1.0200000e+03
  -1.6600939e-03   1.0350000e+03
  -1.5907632e-03   1.0500000e+03
  -1.4094568e-03   1.0650000e+03
  -1.0478622e-03   1.0800000e+03
  -4.8902555e-04   1.0950000e+03
   2.6928124e-04   1.1100000e+03
   1.3244776e-03   1.1250000e+03
   2.8710915e-03   1.1400000e+03
   5.0975936e-03   1.1550000e+03
   8.1563424e-03   1.1700000e+03
   1.2247604e-02   1.1850000e+03
   1.7680660e-02   1.2000000e+03
   2.4838923e-02   1.2150000e+03
   3.4134641e-02   1.2300000e+03
   4.6047799e-02   1.2450000e+03
   6.1214734e-02   1.2600000e+03
   8.0458000e-02   1.2750000e+03
   1.0473018e-01   1.2900000e+03
   1.3504322e-01   1.3050000e+03
   1.7240667e-01   1.3200000e+03
   2.1769935e-01   1.3350000e+03
   2.7143228e-01   1.3500000e+03
   3.3346009e-01   1.3650000e+03
   4.0267944e-01   1.3800000e+03
   4.7666779e-01   1.3950000e+03
   5.5126137e-01   1.4100000e+03
   6.2026894e-01   1.4250000e+03
   6.7567903e-01   1.4400000e+03
   7.0865238e-01   1.4550000e+03
   7.1125329e-01   1.4700000e+03
   6.7844325e-01   1.4850000e+03
   6.0962528e-01   1.5000000e+03
   5.0918090e-01   1.5150000e+03
   3.8585702e-01   1.5300000e+03
   2.5125897e-01   1.5450000e+03
   1.1788310e-01   1.5600000e+03
  -2.8969557e-03   1.5750000e+03
  -1.0254307e-01   1.5900000e+03
  -1.7644086e-01   1.6050000e+03
  -2.2411630e-01   1.6200000e+03
  -2.4857573e-01   1.6350000e+03
  -2.5506112e-01   1.6500000e+03
  -2.4962416e-01   1.6650000e+03
  -2.3783873e-01   1.6800000e+03
  -2.2389714e-01   1.6950000e+03
  -2.1032611e-01   1.7100000e+03
  -1.9839473e-01   1.7250000e+03
  -1.8888927e-01   1.7400000e+03
  -1.8263067e-01   1.7550000e+03
  -1.8030547e-01   1.7700000e+03
  -1.8179613e-01   1.7850000e+03
  -1.8569241e-01   1.8000000e+03
  -1.8955271e-01   1.8150000e+03
  -1.9083241e-01   1.8300000e+03
  -1.8780503e-01   1.8450000e+03
  -1.7985882e-01   1.8600000e+03
  -1.6719516e-01   1.8750000e+03
  -1.5048127e-01   1.8900000e+03
  -1.3085133e-01   1.9050000e+03
  -1.1006357e-01   1.9200000e+03
  -9.0367332e-02   1.9350000e+03
  -7.4000202e-02   1.9500000e+03
  -6.2691279e-02   1.9650000e+03
  -5.7482217e-02   1.9800000e+03
  -5.8716908e-02   1.9950000e+03
  -6.5860257e-02   2.0100000e+03
  -7.7166416e-02   2.0250000e+03
  -8.9639202e-02   2.0400000e+03
  -9.9620998e-02   2.0550000e+03
  -1.0381197e-01   2.0700000e+03
  -1.0018723e-01   2.0850000e+03
  -8.8461526e-02   2.1000000e+03
  -7.0110179e-02   2.1150000e+03
  -4.8050545e-02   2.1300000e+03
  -2.5975380e-02   2.1450000e+03
  -7.3752645e-03   2.1600000e+03
   5.4438668e-03   2.1750000e+03
   1.1903743e-02   2.1900000e+03
   1.3041491e-02   2.2050000e+03
   1.0901977e-02   2.2200000e+03
   7.7743866e-03   2.2350000e+03
   5.5563650e-03   2.2500000e+03
   5.4004313e-03   2.2650000e+03
   7.6662600e-03   2.2800000e+03
   1.2071951e-02   2.2950000e+03
   1.7893881e-02   2.3100000e+03
   2.4162246e-02   2.3250000e+03
   2.9901935e-02   2.3400000e+03
   3.4417834e-02   2.3550000e+03
   3.7491485e-02   2.3700000e+03
   3.9346106e-02   2.3850000e+03
   4.0393945e-02   2.4000000e+03
   4.0945403e-02   2.4150000e+03
   4.1073553e-02   2.4300000e+03
   4.0679634e-02   2.4450000e+03
   3.9634090e-02   2.4600000e+03
   3.7851300e-02   2.4750000e+03
   3.5304055e-02   2.4900000e+03
   3.2075018e-02   2.5050000e+03
   2.8434003e-02   2.5200000e+03
   2.4808453e-02   2.5350000e+03
   2.1609092e-02   2.5500000e+03
   1.9056547e-02   2.5650000e+03
   1.7147826e-02   2.5800000e+03
   1.5733434e-02   2.5950000e+03
   1.4599090e-02   2.6100000e+03
   1.3514247e-02   2.6250000e+03
   1.2271381e-02   2.6400000e+03
   1.0737557e-02   2.6550000e+03
   8.9244694e-03   2.6700000e+03
   7.0559825e-03   2.6850000e+03
   5.5733402e-03   2.7000000e+03
   5.0398232e-03   2.7150000e+03
   5.9923641e-03   2.7300000e+03
   8.8202469e-03   2.7450000e+03
   1.3687965e-02   2.7600000e+03
   2.0468740e-02   2.7750000e+03
   2.8687924e-02   2.7900000e+03
   3.7526660e-02   2.8050000e+03
   4.5932718e-02   2.8200000e+03
   5.2832857e-02   2.8350000e+03
   5.7374291e-02   2.8500000e+03
   5.9086435e-02   2.8650000e+03
   5.7896283e-02   2.8800000e+03
   5.4031949e-02   2.8950000e+03
   4.7905851e-02   2.9100000e+03
   4.0026877e-02   2.9250000e+03
   3.0924376e-02   2.9400000e+03
   2.1065980e-02   2.9550000e+03
   1.0795612e-02   2.9700000e+03
   3.2881126e-04   2.9850000e+03
  -1.0195389e-02   3.0000000e+03
  -2.0639777e-02   3.0150000e+03
  -3.0799966e-02   3.0300000e+03
  -4.0351249e-02   3.0450000e+03
  -4.8823308e-02   3.0600000e+03
  -5.5626649e-02   3.0750000e+03
  -6.0143895e-02   3.0900000e+03
  -6.1863258e-02   3.1050000e+03
  -6.0507569e-02   3.1200000e+03
  -5.6123246e-02   3.1350000e+03
  -4.9120948e-02   3.1500000e+03
  -4.0269189e-02   3.1650000e+03
  -3.0633446e-02   3.1800000e+03
  -2.1452704e-02   3.1950000e+03
  -1.3966971e-02   3.2100000e+03
  -9.2346501e-03   3.2250000e+03
  -7.9824543e-03   3.2400000e+03
  -1.0512601e-02   3.2550000e+03
  -1.6672801e-02   3.2700000e+03
  -2.5888080e-02   3.2850000e+03
  -3.7252579e-02   3.3000000e+03
  -4.9670387e-02   3.3150000e+03
  -6.2016625e-02   3.3300000e+03
  -7.3280469e-02   3.3450000e+03
  -8.2663007e-02   3.3600000e+03
  -8.9628719e-02   3.3750000e+03
  -9.3926392e-02   3.3900000e+03
  -9.5589608e-02   3.4050000e+03
  -9.4909333e-02   3.4200000e+03
  -9.2365786e-02   3.4350000e+03
  -8.8523813e-02   3.4500000e+03
  -8.3919823e-02   3.4650000e+03
  -7.8975983e-02   3.4800000e+03
  -7.3960967e-02   3.4950000e+03
  -6.8991922e-02   3.5100000e+03
  -6.4059041e-02   3.5250000e+03
  -5.9060123e-02   3.5400000e+03
  -5.3843893e-02   3.5550000e+03
  -4.8262067e-02   3.5700000e+03
  -4.2218272e-02   3.5850000e+03
  -3.5694975e-02   3.6000000e+03
  -2.8750153e-02   3.6150000e+03
  -2.1494264e-02   3.6300000e+03
  -1.4064629e-02   3.6450000e+03
  -6.6034300e-03   3.6600000e+03
   7.6353020e-04   3.6750000e+03
   7.9445373e-03   3.6900000e+03
   1.4884055e-02   3.7050000e+03
   2.1543322e-02   3.7200000e+03
   2.7871771e-02   3.7350000e+03
   3.3788159e-02   3.7500000e+03
   3.9175984e-02   3.7650000e+03
   4.3882288e-02   3.7800000e+03
   4.7713272e-02   3.7950000e+03
   5.0436411e-02   3.8100000e+03
   5.1801357e-02   3.8250000e+03
   5.1575996e-02   3.8400000e+03
   4.9581125e-02   3.8550000e+03
   4.5714706e-02   3.8700000e+03
   3.9971918e-02   3.8850000e+03
   3.2467559e-02   3.9000000e+03
   2.3453461e-02   3.9150000e+03
   1.3316461e-02   3.9300000e+03
   2.5513875e-03   3.9450000e+03
  -8.2841860e-03   3.9600000e+03
  -1.8624892e-02   3.9750000e+03
  -2.7957426e-02   3.9900000e+03
  -3.5877880e-02   4.0050000e+03
  -4.2131986e-02   4.0200000e+03
  -4.6624806e-02   4.0350000e+03
  -4.9399685e-02   4.0500000e+03
  -5.0600678e-02   4.0650000e+03
  -5.0434716e-02   4.0800000e+03
  -4.9140744e-02   4.0950000e+03
  -4.6963807e-02   4.1100000e+03
  -4.4132046e-02   4.1250000e+03
  -4.0839568e-02   4.1400000e+03
  -3.7239850e-02   4.1550000e+03
  -3.3450216e-02   4.1700000e+03
  -2.9564362e-02   4.1850000e+03
  -2.5668910e-02   4.2000000e+03
  -2.1858275e-02   4.2150000e+03
  -1.8240476e-02   4.2300000e+03
  -1.4929658e-02   4.2450000e+03
  -1.2029334e-02   4.2600000e+03
  -9.6141482e-03   4.2750000e+03
  -7.7146110e-03   4.2900000e+03
  -6.3066757e-03   4.3050000e+03
  -5.3106863e-03   4.3200000e+03
  -4.6043084e-03   4.3350000e+03
  -4.0465104e-03   4.3500000e+03
  -3.5023123e-03   4.3650000e+03
  -2.8597624e-03   4.3800000e+03
  -2.0380472e-03   4.3950000e+03
  -9.8977529e-04   4.4100000e+03
   3.0015726e-04   4.4250000e+03
   1.8180985e-03   4.4400000e+03
   3.5270902e-03   4.4550000e+03
   5.3746542e-03   4.4700000e+03
   7.3034149e-03   4.4850000e+03
   9.2629194e-03   4.5000000e+03
