  -1.1220106e-03   0.0000000e+00
  -1.1220123e-03   1.5000000e+01
  -1.1220312e-03   3.0000000e+01
  -1.1220871e-03   4.5000000e+01
  -1.1221732e-03   6.0000000e+01
  -1.1222435e-03   7.5000000e+01
  -1.1222613e-03   9.0000000e+01
  -1.1222489e-03   1.0500000e+02
  -1.1222929e-03   1.2000000e+02
  -1.1224635e-03   1.3500000e+02
  -1.1226988e-03   1.5000000e+02
  -1.1227014e-03   1.6500000e+02
  -1.1216772e-03   1.8000000e+02
  -1.1170525e-03   1.9500000e+02
  -1.1012355e-03   2.1000000e+02
  -1.0581618e-03   2.2500000e+02
  -9.6681522e-04   2.4000000e+02
  -8.2002097e-04   2.5500000e+02
  -6.5100502e-04   2.7000000e+02
  -5.3409324e-04   2.8500000e+02
  -5.3129491e-04   3.0000000e+02
  -6.2086765e-04   3.1500000e+02
  -7.0016138e-04   3.3000000e+02
  -6.9091929e-04   3.4500000e+02
  -6.2915654e-04   3.6000000e+02
  -6.1034877e-04   3.7500000e+02
  -6.5576617e-04   3.9000000e+02
  -6.9295109e-04   4.0500000e+02
  -6.7480979e-04   4.2000000e+02
  -6.4549543e-04   4.3500000e+02
  -6.5638515e-04   4.5000000e+02
  -6.8460422e-04   4.6500000e+02
  -6.8530696e-04   4.8000000e+02
  -6.6993805e-04   4.9500000e+02
  -6.7499303e-04   5.1000000e+02
  -6.9460948e-04   5.2500000e+02
  -6.9954421e-04   5.4000000e+02
  -6.9224642e-04   5.5500000e+02
  -6.9524115e-04   5.7000000e+02
  -7.0743082e-04   5.8500000e+02
  -7.1142794e-04   6.0000000e+02
  -7.0818432e-04   6.1500000e+02
  -7.1165961e-04   6.3000000e+02
  -7.2095281e-04   6.4500000e+02
  -7.2496315e-04   6.6000000e+02
  -7.2425621e-04   6.7500000e+02
  -7.2547974e-04   6.9000000e+02
  -7.2426867e-04   7.0500000e+02
  -7.1124278e-04   7.2000000e+02
  -6.8487186e-04   7.3500000e+02
  -6.4720644e-04   7.5000000e+02
  -5.9892045e-04   7.6500000e+02
  -5.4858136e-04   7.8000000e+02
  -5.1755697e-04   7.9500000e+02
  -5.2628590e-04   8.1000000e+02
  -5.7672797e-04   8.2500000e+02
  -6.4758194e-04   8.4000000e+02
  -7.0336810e-04   8.5500000e+02
  -7.1542215e-04   8.7000000e+02
  -6.8665994e-04   8.8500000e+02
  -6.5481092e-04   9.0000000e+02
  -6.5889180e-04   9.1500000e+02
  -6.9861626e-04   9.3000000e+02
  -7.3517201e-04   9.4500000e+02
  -7.3667441e-04   9.6000000e+02
  -7.1495544e-04   9.7500000e+02
  -7.0810964e-04   9.9000000e+02
  -7.3108642e-04   1.0050000e+03
  -7.5867074e-04   1.0200000e+03
  -7.6265895e-04   1.0350000e+03
  -7.5039186e-04   1.0500000e+03
  -7.5004500e-04   1.0650000e+03
  -7.6709013e-04   1.0800000e+03
  -7.7917002e-04   1.0950000e+03
  -7.7469577e-04   1.1100000e+03
  -7.7080703e-04   1.1250000e+03
  -7.8304450e-04   1.1400000e+03
  -8.0011814e-04   1.1550000e+03
  -8.0532744e-04   1.1700000e+03
  -8.0497167e-04   1.1850000e+03
  -8.1552233e-04   1.2000000e+03
  -8.3573343e-04   1.2150000e+03
  -8.5239299e-04   1.2300000e+03
  -8.6453173e-04   1.2450000e+03
  -8.8129734e-04   1.2600000e+03
  -9.0173207e-04   1.2750000e+03
  -9.1583841e-04   1.2900000e+03
  -9.2245598e-04   1.3050000e+03
  -9.2972087e-04   1.3200000e+03
  -9.4030821e-04   1.3350000e+03
  -9.5023977e-04   1.3500000e+03
  -9.5971988e-04   1.3650000e+03
  -9.7280147e-04   1.3800000e+03
  -9.8859705e-04   1.3950000e+03
  -1.0031230e-03   1.4100000e+03
  -1.0173193e-03   1.4250000e+03
  -1.0345035e-03   1.4400000e+03
  -1.0528355e-03   1.4550000e+03
  -1.0677347e-03   1.4700000e+03
  -1.0788611e-03   1.4850000e+03
  -1.0890076e-03   1.5000000e+03
  -1.0995208e-03   1.5150000e+03
  -1.1111757e-03   1.5300000e+03
  -1.1257078e-03   1.5450000e+03
  -1.1429847e-03   1.5600000e+03
  -1.1601900e-03   1.5750000e+03
  -1.1759750e-03   1.5900000e+03
  -1.1921020e-03   1.6050000e+03
  -1.2100952e-03   1.6200000e+03
  -1.2296038e-03   1.6350000e+03
  -1.2502434e-03   1.6500000e+03
  -1.2721228e-03   1.6650000e+03
  -1.2946321e-03   1.6800000e+03
  -1.3170155e-03   1.6950000e+03
  -1.3398327e-03   1.7100000e+03
  -1.3642735e-03   1.7250000e+03
  -1.3903310e-03   1.7400000e+03
  -1.4164628e-03   1.7550000e+03
  -1.4405907e-03   1.7700000e+03
  -1.4615023e-03   1.7850000e+03
  -1.4800250e-03   1.8000000e+03
  -1.4984541e-03   1.8150000e+03
  -1.5181770e-03   1.8300000e+03
  -1.5386516e-03   1.8450000e+03
  -1.5593921e-03   1.8600000e+03
  -1.5814577e-03   1.8750000e+03
  -1.6058225e-03   1.8900000e+03
  -1.6316351e-03   1.9050000e+03
  -1.6573041e-03   1.9200000e+03
  -1.6823310e-03   1.9350000e+03
  -1.7071648e-03   1.9500000e+03
  -1.7321541e-03   1.9650000e+03
  -1.7577062e-03   1.9800000e+03
  -1.7849670e-03   1.9950000e+03
  -1.8151194e-03   2.0100000e+03
  -1.8478789e-03   2.0250000e+03
  -1.8815781e-03   2.0400000e+03
  -1.9151802e-03   2.0550000e+03
  -1.9496611e-03   2.0700000e+03
  -1.9868552e-03   2.0850000e+03
  -2.0271922e-03   2.1000000e+03
  -2.0690607e-03   2.1150000e+03
  -2.1103488e-03   2.1300000e+03
  -2.1503037e-03   2.1450000e+03
  -2.1900199e-03   2.1600000e+03
  -2.2314140e-03   2.1750000e+03
  -2.2756702e-03   2.1900000e+03
  -2.3225318e-03   2.2050000e+03
  -2.3710474e-03   2.2200000e+03
  -2.4207423e-03   2.2350000e+03
  -2.4716726e-03   2.2500000e+03
  -2.5234437e-03   2.2650000e+03
  -2.5750133e-03   2.2800000e+03
  -2.6257681e-03   2.2950000e+03
  -2.6762756e-03   2.3100000e+03
  -2.7276741e-03   2.3250000e+03
  -2.7806731e-03   2.3400000e+03
  -2.8354439e-03   2.3550000e+03
  -2.8920902e-03   2.3700000e+03
  -2.9507563e-03   2.3850000e+03
  -3.0115154e-03   2.4000000e+03
  -3.0745892e-03   2.4150000e+03
  -3.1408200e-03   2.4300000e+03
  -3.2116368e-03   2.4450000e+03
  -3.2881652e-03   2.4600000e+03
  -3.3701237e-03   2.4750000e+03
  -3.4556808e-03   2.4900000e+03
  -3.5429124e-03   2.5050000e+03
  -3.6319431e-03   2.5200000e+03
  -3.7257636e-03   2.5350000e+03
  -3.8286943e-03   2.5500000e+03
  -3.9437795e-03   2.5650000e+03
  -4.0714494e-03   2.5800000e+03
  -4.2104302e-03   2.5950000e+03
  -4.3598074e-03   2.6100000e+03
  -4.5205420e-03   2.6250000e+03
  -4.6953266e-03   2.6400000e+03
  -4.8869695e-03   2.6550000e+03
  -5.0968388e-03   2.6700000e+03
  -5.3249612e-03   2.6850000e+03
  -5.5716401e-03   2.7000000e+03
  -5.8385418e-03   2.7150000e+03
  -6.1276765e-03   2.7300000e+03
  -6.4391936e-03   2.7450000e+03
  -6.7700185e-03   2.7600000e+03
  -7.1137086e-03   2.7750000e+03
  -7.4591557e-03   2.7900000e+03
  -7.7852840e-03   2.8050000e+03
  -8.0509810e-03   2.8200000e+03
  -8.1816828e-03   2.8350000e+03
  -8.0543319e-03   2.8500000e+03
  -7.4815024e-03   2.8650000e+03
  -6.1963857e-03   2.8800000e+03
  -3.8448460e-03   2.8950000e+03
   3.0959200e-06   2.9100000e+03
   5.8072307e-03   2.9250000e+03
   1.3966475e-02   2.9400000e+03
   2.4686975e-02   2.9550000e+03
   3.7832800e-02   2.9700000e+03
   5.2806411e-02   2.9850000e+03
   6.8524621e-02   3.0000000e+03
   8.3553940e-02   3.0150000e+03
   9.6430391e-02   3.0300000e+03
   1.0610833e-01   3.0450000e+03
   1.1238320e-01   3.0600000e+03
   1.1606676e-01   3.0750000e+03
   1.1872108e-01   3.0900000e+03
   1.2191119e-01   3.1050000e+03
   1.2617984e-01   3.1200000e+03
   1.3017301e-01   3.1350000e+03
   1.3040963e-01   3.1500000e+03
   1.2200292e-01   3.1650000e+03
   1.0024277e-01   3.1800000e+03
   6.2522873e-02   3.1950000e+03
   9.8807793e-03   3.2100000e+03
  -5.2450910e-02   3.2250000e+03
  -1.1568253e-01   3.2400000e+03
  -1.6906667e-01   3.2550000e+03
  -2.0201276e-01   3.2700000e+03
  -2.0630589e-01   3.2850000e+03
  -1.7814308e-01   3.3000000e+03
  -1.1972123e-01   3.3150000e+03
  -4.0004164e-02   3.3300000e+03
   4.5772802e-02   3.3450000e+03
   1.1816863e-01   3.3600000e+03
   1.5716396e-01   3.3750000e+03
   1.4698900e-01   3.3900000e+03
   8.1446283e-02   3.4050000e+03
  -3.1458840e-02   3.4200000e+03
  -1.6742967e-01   3.4350000e+03
  -2.8856882e-01   3.4500000e+03
  -3.5231149e-01   3.4650000e+03
  -3.2559329e-01   3.4800000e+03
  -1.9980457e-01   3.4950000e+03
   2.9393379e-04   3.5100000e+03
   2.1971174e-01   3.5250000e+03
   3.8990498e-01   3.5400000e+03
   4.5398599e-01   3.5550000e+03
   3.9031783e-01   3.5700000e+03
   2.2349934e-01   3.5850000e+03
   1.6239047e-02   3.6000000e+03
  -1.5605165e-01   3.6150000e+03
  -2.3752549e-01   3.6300000e+03
  -2.1606794e-01   3.6450000e+03
  -1.2695509e-01   3.6600000e+03
  -3.3007935e-02   3.6750000e+03
   9.5658703e-03   3.6900000e+03
  -1.8076781e-02   3.7050000e+03
  -8.7328486e-02   3.7200000e+03
  -1.3960055e-01   3.7350000e+03
  -1.2270598e-01   3.7500000e+03
  -2.5377750e-02   3.7650000e+03
   1.1166504e-01   3.7800000e+03
   2.1696380e-01   3.7950000e+03
   2.3075281e-01   3.8100000e+03
   1.4256509e-01   3.8250000e+03
  -8.6845993e-04   3.8400000e+03
  -1.2400895e-01   3.8550000e+03
  -1.6946669e-01   3.8700000e+03
  -1.3235928e-01   3.8850000e+03
  -5.8837812e-02   3.9000000e+03
  -1.0372351e-02   3.9150000e+03
  -1.9653104e-02   3.9300000e+03
  -6.9621816e-02   3.9450000e+03
  -1.0954095e-01   3.9600000e+03
  -9.4336346e-02   3.9750000e+03
  -1.7066851e-02   3.9900000e+03
   8.8275030e-02   4.0050000e+03
   1.7218323e-01   4.0200000e+03
   2.0104675e-01   4.0350000e+03
   1.7139724e-01   4.0500000e+03
   1.0144271e-01   4.0650000e+03
   1.3508695e-02   4.0800000e+03
  -7.4926861e-02   4.0950000e+03
  -1.4671446e-01   4.1100000e+03
  -1.7813963e-01   4.1250000e+03
  -1.4421356e-01   4.1400000e+03
  -3.8120266e-02   4.1550000e+03
   1.1021633e-01   4.1700000e+03
   2.3666959e-01   4.1850000e+03
   2.7348152e-01   4.2000000e+03
   1.9204243e-01   4.2150000e+03
   2.7957547e-02   4.2300000e+03
  -1.3376784e-01   4.2450000e+03
  -2.0878412e-01   4.2600000e+03
  -1.6668545e-01   4.2750000e+03
  -4.9340602e-02   4.2900000e+03
   6.0939766e-02   4.3050000e+03
   1.0115148e-01   4.3200000e+03
   7.0070766e-02   4.3350000e+03
   2.0551611e-02   4.3500000e+03
   9.0931719e-03   4.3650000e+03
   4.5826871e-02   4.3800000e+03
   8.7551586e-02   4.3950000e+03
   7.8663610e-02   4.4100000e+03
   2.8194811e-03   4.4250000e+03
  -1.0014235e-01   4.4400000e+03
  -1.6515890e-01   4.4550000e+03
  -1.5182845e-01   4.4700000e+03
  -7.0995592e-02   4.4850000e+03
   2.9477568e-02   4.5000000e+03
