  -1.3223129e-03   0.0000000e+00
  -1.3223159e-03   1.5000000e+01
  -1.3223448e-03   3.0000000e+01
  -1.3224223e-03   4.5000000e+01
  -1.3225111e-03   6.0000000e+01
  -1.3225261e-03   7.5000000e+01
  -1.3224325e-03   9.0000000e+01
  -1.3223175e-03   1.0500000e+02
  -1.3223441e-03   1.2000000e+02
  -1.3226063e-03   1.3500000e+02
  -1.3229667e-03   1.5000000e+02
  -1.3229551e-03   1.6500000e+02
  -1.3215308e-03   1.8000000e+02
  -1.3155832e-03   1.9500000e+02
  -1.2959393e-03   2.1000000e+02
  -1.2430344e-03   2.2500000e+02
  -1.1311381e-03   2.4000000e+02
  -9.5129624e-04   2.5500000e+02
  -7.4387289e-04   2.7000000e+02
  -5.9957610e-04   2.8500000e+02
  -5.9431134e-04   3.0000000e+02
  -7.0189335e-04   3.1500000e+02
  -7.9725822e-04   3.3000000e+02
  -7.8478060e-04   3.4500000e+02
  -7.0808711e-04   3.6000000e+02
  -6.8351562e-04   3.7500000e+02
  -7.3720340e-04   3.9000000e+02
  -7.8108348e-04   4.0500000e+02
  -7.5783202e-04   4.2000000e+02
  -7.2115310e-04   4.3500000e+02
  -7.3355442e-04   4.5000000e+02
  -7.6712359e-04   4.6500000e+02
  -7.6708139e-04   4.8000000e+02
  -7.4716791e-04   4.9500000e+02
  -7.5185427e-04   5.1000000e+02
  -7.7415805e-04   5.2500000e+02
  -7.7850453e-04   5.4000000e+02
  -7.6787098e-04   5.5500000e+02
  -7.6978165e-04   5.7000000e+02
  -7.8298082e-04   5.8500000e+02
  -7.8625709e-04   6.0000000e+02
  -7.8067259e-04   6.1500000e+02
  -7.8326068e-04   6.3000000e+02
  -7.9314614e-04   6.4500000e+02
  -7.9705159e-04   6.6000000e+02
  -7.9587160e-04   6.7500000e+02
  -7.9821993e-04   6.9000000e+02
  -7.9996837e-04   7.0500000e+02
  -7.9158135e-04   7.2000000e+02
  -7.7342283e-04   7.3500000e+02
  -7.4952940e-04   7.5000000e+02
  -7.1969209e-04   7.6500000e+02
  -6.8887259e-04   7.8000000e+02
  -6.7337352e-04   7.9500000e+02
  -6.8813626e-04   8.1000000e+02
  -7.3242508e-04   8.2500000e+02
  -7.8926358e-04   8.4000000e+02
  -8.3373208e-04   8.5500000e+02
  -8.4635115e-04   8.7000000e+02
  -8.2996814e-04   8.8500000e+02
  -8.1283186e-04   9.0000000e+02
  -8.2368014e-04   9.1500000e+02
  -8.6097815e-04   9.3000000e+02
  -8.9453690e-04   9.4500000e+02
  -9.0086862e-04   9.6000000e+02
  -8.9015928e-04   9.7500000e+02
  -8.9163356e-04   9.9000000e+02
  -9.1623323e-04   1.0050000e+03
  -9.4442628e-04   1.0200000e+03
  -9.5425919e-04   1.0350000e+03
  -9.5067819e-04   1.0500000e+03
  -9.5533644e-04   1.0650000e+03
  -9.7355689e-04   1.0800000e+03
  -9.8888518e-04   1.0950000e+03
  -9.9160068e-04   1.1100000e+03
  -9.9387206e-04   1.1250000e+03
  -1.0083598e-03   1.1400000e+03
  -1.0282079e-03   1.1550000e+03
  -1.0413952e-03   1.1700000e+03
  -1.0522443e-03   1.1850000e+03
  -1.0730549e-03   1.2000000e+03
  -1.1030542e-03   1.2150000e+03
  -1.1315622e-03   1.2300000e+03
  -1.1562624e-03   1.2450000e+03
  -1.1830406e-03   1.2600000e+03
  -1.2113837e-03   1.2750000e+03
  -1.2344110e-03   1.2900000e+03
  -1.2516896e-03   1.3050000e+03
  -1.2695887e-03   1.3200000e+03
  -1.2900495e-03   1.3350000e+03
  -1.3096438e-03   1.3500000e+03
  -1.3284290e-03   1.3650000e+03
  -1.3502513e-03   1.3800000e+03
  -1.3754036e-03   1.3950000e+03
  -1.4009476e-03   1.4100000e+03
  -1.4268263e-03   1.4250000e+03
  -1.4549694e-03   1.4400000e+03
  -1.4840772e-03   1.4550000e+03
  -1.5107710e-03   1.4700000e+03
  -1.5341671e-03   1.4850000e+03
  -1.5557245e-03   1.5000000e+03
  -1.5770266e-03   1.5150000e+03
  -1.6000974e-03   1.5300000e+03
  -1.6267736e-03   1.5450000e+03
  -1.6560298e-03   1.5600000e+03
  -1.6849358e-03   1.5750000e+03
  -1.7131476e-03   1.5900000e+03
  -1.7433712e-03   1.6050000e+03
  -1.7769900e-03   1.6200000e+03
  -1.8124552e-03   1.6350000e+03
  -1.8481765e-03   1.6500000e+03
  -1.8840226e-03   1.6650000e+03
  -1.9197323e-03   1.6800000e+03
  -1.9543988e-03   1.6950000e+03
  -1.9881902e-03   1.7100000e+03
  -2.0231304e-03   1.7250000e+03
  -2.0615961e-03   1.7400000e+03
  -2.1039378e-03   1.7550000e+03
  -2.1472515e-03   1.7700000e+03
  -2.1872069e-03   1.7850000e+03
  -2.2220516e-03   1.8000000e+03
  -2.2541101e-03   1.8150000e+03
  -2.2865627e-03   1.8300000e+03
  -2.3201015e-03   1.8450000e+03
  -2.3538091e-03   1.8600000e+03
  -2.3876915e-03   1.8750000e+03
  -2.4226632e-03   1.8900000e+03
  -2.4589740e-03   1.9050000e+03
  -2.4961568e-03   1.9200000e+03
  -2.5338635e-03   1.9350000e+03
  -2.5716191e-03   1.9500000e+03
  -2.6085286e-03   1.9650000e+03
  -2.6444041e-03   1.9800000e+03
  -2.6806833e-03   1.9950000e+03
  -2.7191229e-03   2.0100000e+03
  -2.7599868e-03   2.0250000e+03
  -2.8023415e-03   2.0400000e+03
  -2.8455849e-03   2.0550000e+03
  -2.8895959e-03   2.0700000e+03
  -2.9334524e-03   2.0850000e+03
  -2.9749919e-03   2.1000000e+03
  -3.0119524e-03   2.1150000e+03
  -3.0429438e-03   2.1300000e+03
  -3.0670855e-03   2.1450000e+03
  -3.0834912e-03   2.1600000e+03
  -3.0916792e-03   2.1750000e+03
  -3.0916731e-03   2.1900000e+03
  -3.0828486e-03   2.2050000e+03
  -3.0629570e-03   2.2200000e+03
  -3.0283525e-03   2.2350000e+03
  -2.9742646e-03   2.2500000e+03
  -2.8943904e-03   2.2650000e+03
  -2.7810826e-03   2.2800000e+03
  -2.6263376e-03   2.2950000e+03
  -2.4212105e-03   2.3100000e+03
  -2.1528692e-03   2.3250000e+03
  -1.8020943e-03   2.3400000e+03
  -1.3431592e-03   2.3550000e+03
  -7.4368226e-04   2.3700000e+03
   3.8609869e-05   2.3850000e+03
   1.0613382e-03   2.4000000e+03
   2.4025280e-03   2.4150000e+03
   4.1658725e-03   2.4300000e+03
   6.4899437e-03   2.4450000e+03
   9.5629496e-03   2.4600000e+03
   1.3639648e-02   2.4750000e+03
   1.9055184e-02   2.4900000e+03
   2.6232114e-02   2.5050000e+03
   3.5677399e-02   2.5200000e+03
   4.7962200e-02   2.5350000e+03
   6.3671038e-02   2.5500000e+03
   8.3303817e-02   2.5650000e+03
   1.0711946e-01   2.5800000e+03
   1.3492562e-01   2.5950000e+03
   1.6584355e-01   2.6100000e+03
   1.9810757e-01   2.6250000e+03
   2.2898680e-01   2.6400000e+03
   2.5492808e-01   2.6550000e+03
   2.7199510e-01   2.6700000e+03
   2.7660525e-01   2.6850000e+03
   2.6644778e-01   2.7000000e+03
   2.4133572e-01   2.7150000e+03
   2.0365433e-01   2.7300000e+03
   1.5810126e-01   2.7450000e+03
   1.1060765e-01   2.7600000e+03
   6.6663206e-02   2.7750000e+03
   2.9602963e-02   2.7900000e+03
  -4.3298231e-04   2.8050000e+03
  -2.6324924e-02   2.8200000e+03
  -5.2519813e-02   2.8350000e+03
  -8.2823142e-02   2.8500000e+03
  -1.1836533e-01   2.8650000e+03
  -1.5665404e-01   2.8800000e+03
  -1.9216000e-01   2.8950000e+03
  -2.1819006e-01   2.9100000e+03
  -2.2922866e-01   2.9250000e+03
  -2.2275625e-01   2.9400000e+03
  -1.9984975e-01   2.9550000e+03
  -1.6445948e-01   2.9700000e+03
  -1.2184526e-01   2.9850000e+03
  -7.6970063e-02   3.0000000e+03
  -3.3569109e-02   3.0150000e+03
   5.8120866e-03   3.0300000e+03
   3.9074957e-02   3.0450000e+03
   6.3789710e-02   3.0600000e+03
   7.7072136e-02   3.0750000e+03
   7.6406963e-02   3.0900000e+03
   6.1101008e-02   3.1050000e+03
   3.3579152e-02   3.1200000e+03
  -3.1918718e-04   3.1350000e+03
  -3.2480635e-02   3.1500000e+03
  -5.4856997e-02   3.1650000e+03
  -6.2130086e-02   3.1800000e+03
  -5.3547524e-02   3.1950000e+03
  -3.3041768e-02   3.2100000e+03
  -7.5176572e-03   3.2250000e+03
   1.5885262e-02   3.2400000e+03
   3.2223996e-02   3.2550000e+03
   3.9784439e-02   3.2700000e+03
   3.9492283e-02   3.2850000e+03
   3.3399124e-02   3.3000000e+03
   2.3318622e-02   3.3150000e+03
   1.0361405e-02   3.3300000e+03
  -4.6024630e-03   3.3450000e+03
  -2.0149561e-02   3.3600000e+03
  -3.3953030e-02   3.3750000e+03
  -4.3306787e-02   3.3900000e+03
  -4.6294361e-02   3.4050000e+03
  -4.2825412e-02   3.4200000e+03
  -3.4751259e-02   3.4350000e+03
  -2.4873322e-02   3.4500000e+03
  -1.5465743e-02   3.4650000e+03
  -7.3288791e-03   3.4800000e+03
  -4.3575710e-05   3.4950000e+03
   6.7729624e-03   3.5100000e+03
   1.2195197e-02   3.5250000e+03
   1.3805834e-02   3.5400000e+03
   8.9773713e-03   3.5550000e+03
  -3.1580895e-03   3.5700000e+03
  -2.0546231e-02   3.5850000e+03
  -3.8942285e-02   3.6000000e+03
  -5.4238167e-02   3.6150000e+03
  -6.4768046e-02   3.6300000e+03
  -7.1852274e-02   3.6450000e+03
  -7.8106344e-02   3.6600000e+03
  -8.4735893e-02   3.6750000e+03
  -8.9829139e-02   3.6900000e+03
  -8.8929065e-02   3.7050000e+03
  -7.7482618e-02   3.7200000e+03
  -5.3423233e-02   3.7350000e+03
  -1.8180575e-02   3.7500000e+03
   2.4225561e-02   3.7650000e+03
   6.8827048e-02   3.7800000e+03
   1.1056143e-01   3.7950000e+03
   1.4396478e-01   3.8100000e+03
   1.6287073e-01   3.8250000e+03
   1.6163218e-01   3.8400000e+03
   1.3800092e-01   3.8550000e+03
   9.5849365e-02   3.8700000e+03
   4.5296807e-02   3.8850000e+03
  -6.4653798e-04   3.9000000e+03
  -3.1224124e-02   3.9150000e+03
  -4.1762210e-02   3.9300000e+03
  -3.4086239e-02   3.9450000e+03
  -1.3969952e-02   3.9600000e+03
   1.2048740e-02   3.9750000e+03
   3.8386561e-02   3.9900000e+03
   6.0413558e-02   4.0050000e+03
   7.4077517e-02   4.0200000e+03
   7.6470554e-02   4.0350000e+03
   6.7254312e-02   4.0500000e+03
   4.9569175e-02   4.0650000e+03
   2.9132515e-02   4.0800000e+03
   1.1635415e-02   4.0950000e+03
   4.2520332e-05   4.1100000e+03
  -6.3392883e-03   4.1250000e+03
  -1.0414041e-02   4.1400000e+03
  -1.4631441e-02   4.1550000e+03
  -1.9098489e-02   4.1700000e+03
  -2.1723894e-02   4.1850000e+03
  -2.0036936e-02   4.2000000e+03
  -1.3191398e-02   4.2150000e+03
  -2.7978434e-03   4.2300000e+03
   7.7481461e-03   4.2450000e+03
   1.4821205e-02   4.2600000e+03
   1.6098971e-02   4.2750000e+03
   1.1430044e-02   4.2900000e+03
   2.7961934e-03   4.3050000e+03
  -6.5427511e-03   4.3200000e+03
  -1.3356646e-02   4.3350000e+03
  -1.5639463e-02   4.3500000e+03
  -1.3151583e-02   4.3650000e+03
  -7.1180197e-03   4.3800000e+03
   6.1208982e-04   4.3950000e+03
   8.3541358e-03   4.4100000e+03
   1.4902724e-02   4.4250000e+03
   1.9423904e-02   4.4400000e+03
   2.1307455e-02   4.4550000e+03
   2.0254744e-02   4.4700000e+03
   1.6522499e-02   4.4850000e+03
   1.1066765e-02   4.5000000e+03
