   7.9515892e-05   0.0000000e+00
   7.9436541e-05   1.5000000e+01
   7.9272329e-05   3.0000000e+01
   7.8902805e-05   4.5000000e+01
   7.7977755e-05   6.0000000e+01
   7.6207565e-05   7.5000000e+01
   7.3380397e-05   9.0000000e+01
   6.9340742e-05   1.0500000e+02
   6.4193140e-05   1.2000000e+02
   5.8300338e-05   1.3500000e+02
   5.1877170e-05   1.5000000e+02
   4.4712171e-05   1.6500000e+02
   3.6455865e-05   1.8000000e+02
   2.6977978e-05   1.9500000e+02
   1.6454851e-05   2.1000000e+02
   5.4407792e-06   2.2500000e+02
  -5.3366875e-06   2.4000000e+02
  -1.5448632e-05   2.5500000e+02
  -2.4975770e-05   2.7000000e+02
  -3.4527831e-05   2.8500000e+02
  -4.5191155e-05   3.0000000e+02
  -5.7973557e-05   3.1500000e+02
  -7.3027921e-05   3.3000000e+02
  -8.9604284e-05   3.4500000e+02
  -1.0680265e-04   3.6000000e+02
  -1.2429728e-04   3.7500000e+02
  -1.4236684e-04   3.9000000e+02
  -1.6123873e-04   4.0500000e+02
  -1.8044820e-04   4.2000000e+02
  -1.9921754e-04   4.3500000e+02
  -2.1780984e-04   4.5000000e+02
  -2.3852922e-04   4.6500000e+02
  -2.6600683e-04   4.8000000e+02
  -3.0762545e-04   4.9500000e+02
  -3.7354833e-04   5.1000000e+02
  -4.7407244e-04   5.2500000e+02
  -6.1257009e-04   5.4000000e+02
  -7.7585509e-04   5.5500000e+02
  -9.2994026e-04   5.7000000e+02
  -1.0312079e-03   5.8500000e+02
  -1.0535074e-03   6.0000000e+02
  -1.0140068e-03   6.1500000e+02
  -9.7043026e-04   6.3000000e+02
  -9.7893295e-04   6.4500000e+02
  -1.0430070e-03   6.6000000e+02
  -1.1060671e-03   6.7500000e+02
  -1.1028597e-03   6.9000000e+02
  -1.0186478e-03   7.0500000e+02
  -8.9223700e-04   7.2000000e+02
  -7.6579652e-04   7.3500000e+02
  -6.5075199e-04   7.5000000e+02
  -5.5210281e-04   7.6500000e+02
  -5.0379243e-04   7.8000000e+02
  -5.4654392e-04   7.9500000e+02
  -6.6926371e-04   8.1000000e+02
  -8.0373650e-04   8.2500000e+02
  -8.9253695e-04   8.4000000e+02
  -9.3830848e-04   8.5500000e+02
  -9.6928986e-04   8.7000000e+02
  -9.8854466e-04   8.8500000e+02
  -9.9426392e-04   9.0000000e+02
  -1.0244520e-03   9.1500000e+02
  -1.1245889e-03   9.3000000e+02
  -1.2735910e-03   9.4500000e+02
  -1.3960776e-03   9.6000000e+02
  -1.4562459e-03   9.7500000e+02
  -1.4927051e-03   9.9000000e+02
  -1.5545599e-03   1.0050000e+03
  -1.6511277e-03   1.0200000e+03
  -1.7694193e-03   1.0350000e+03
  -1.8919441e-03   1.0500000e+03
  -1.9928538e-03   1.0650000e+03
  -2.0624136e-03   1.0800000e+03
  -2.1350035e-03   1.0950000e+03
  -2.2505915e-03   1.1100000e+03
  -2.3946501e-03   1.1250000e+03
  -2.5162145e-03   1.1400000e+03
  -2.5964919e-03   1.1550000e+03
  -2.6611465e-03   1.1700000e+03
  -2.7292487e-03   1.1850000e+03
  -2.7845746e-03   1.2000000e+03
  -2.8058034e-03   1.2150000e+03
  -2.8051252e-03   1.2300000e+03
  -2.8201276e-03   1.2450000e+03
  -2.8696549e-03   1.2600000e+03
  -2.9306246e-03   1.2750000e+03
  -2.9585632e-03   1.2900000e+03
  -2.9134406e-03   1.3050000e+03
  -2.7624252e-03   1.3200000e+03
  -2.4842096e-03   1.3350000e+03
  -2.0888802e-03   1.3500000e+03
  -1.6137527e-03   1.3650000e+03
  -1.0717411e-03   1.3800000e+03
  -4.0412616e-04   1.3950000e+03
   4.9849733e-04   1.4100000e+03
   1.7241414e-03   1.4250000e+03
   3.2995802e-03   1.4400000e+03
   5.2319593e-03   1.4550000e+03
   7.5888112e-03   1.4700000e+03
   1.0532131e-02   1.4850000e+03
   1.4277960e-02   1.5000000e+03
   1.9038454e-02   1.5150000e+03
   2.5021043e-02   1.5300000e+03
   3.2494575e-02   1.5450000e+03
   4.1860364e-02   1.5600000e+03
   5.3660866e-02   1.5750000e+03
   6.8524070e-02   1.5900000e+03
   8.7109081e-02   1.6050000e+03
   1.1010604e-01   1.6200000e+03
   1.3825896e-01   1.6350000e+03
   1.7233616e-01   1.6500000e+03
   2.1303247e-01   1.6650000e+03
   2.6083907e-01   1.6800000e+03
   3.1583443e-01   1.6950000e+03
   3.7723729e-01   1.7100000e+03
   4.4265991e-01   1.7250000e+03
   5.0732255e-01   1.7400000e+03
   5.6375843e-01   1.7550000e+03
   6.0249621e-01   1.7700000e+03
   6.1387849e-01   1.7850000e+03
   5.9070832e-01   1.8000000e+03
   5.3091747e-01   1.8150000e+03
   4.3909651e-01   1.8300000e+03
   3.2585856e-01   1.8450000e+03
   2.0487735e-01   1.8600000e+03
   8.8760048e-02   1.8750000e+03
  -1.4145723e-02   1.8900000e+03
  -1.0026823e-01   1.9050000e+03
  -1.6870028e-01   1.9200000e+03
  -2.1857065e-01   1.9350000e+03
  -2.4845290e-01   1.9500000e+03
  -2.5837800e-01   1.9650000e+03
  -2.5222048e-01   1.9800000e+03
  -2.3756011e-01   1.9950000e+03
  -2.2261743e-01   2.0100000e+03
  -2.1293890e-01   2.0250000e+03
  -2.1053985e-01   2.0400000e+03
  -2.1507633e-01   2.0550000e+03
  -2.2436376e-01   2.0700000e+03
  -2.3340584e-01   2.0850000e+03
  -2.3462565e-01   2.1000000e+03
  -2.2170058e-01   2.1150000e+03
  -1.9452195e-01   2.1300000e+03
  -1.5967439e-01   2.1450000e+03
  -1.2487467e-01   2.1600000e+03
  -9.2967615e-02   2.1750000e+03
  -6.1936550e-02   2.1900000e+03
  -3.0149288e-02   2.2050000e+03
  -7.1963768e-06   2.2200000e+03
   2.3875609e-02   2.2350000e+03
   3.8564172e-02   2.2500000e+03
   4.3920711e-02   2.2650000e+03
   4.1221756e-02   2.2800000e+03
   3.2563031e-02   2.2950000e+03
   2.1334436e-02   2.3100000e+03
   1.1258327e-02   2.3250000e+03
   3.9972146e-03   2.3400000e+03
  -1.4396416e-03   2.3550000e+03
  -6.3251555e-03   2.3700000e+03
  -1.0040781e-02   2.3850000e+03
  -1.0909400e-02   2.4000000e+03
  -8.4658163e-03   2.4150000e+03
  -3.9840490e-03   2.4300000e+03
   9.4777008e-04   2.4450000e+03
   5.5889259e-03   2.4600000e+03
   9.9297436e-03   2.4750000e+03
   1.4170990e-02   2.4900000e+03
   1.8452508e-02   2.5050000e+03
   2.2634123e-02   2.5200000e+03
   2.6215512e-02   2.5350000e+03
   2.8747322e-02   2.5500000e+03
   3.0317433e-02   2.5650000e+03
   3.1343743e-02   2.5800000e+03
   3.1916466e-02   2.5950000e+03
   3.1661499e-02   2.6100000e+03
   3.0262483e-02   2.6250000e+03
   2.7810864e-02   2.6400000e+03
   2.4592256e-02   2.6550000e+03
   2.0826263e-02   2.6700000e+03
   1.6748594e-02   2.6850000e+03
   1.2729108e-02   2.7000000e+03
   9.1168545e-03   2.7150000e+03
   6.0277763e-03   2.7300000e+03
   3.3770043e-03   2.7450000e+03
   1.0830739e-03   2.7600000e+03
  -7.9661328e-04   2.7750000e+03
  -2.0823665e-03   2.7900000e+03
  -2.5977194e-03   2.8050000e+03
  -2.3320224e-03   2.8200000e+03
  -1.5129456e-03   2.8350000e+03
  -4.8792345e-04   2.8500000e+03
   4.9913285e-04   2.8650000e+03
   1.4398935e-03   2.8800000e+03
   2.5322090e-03   2.8950000e+03
   4.0632235e-03   2.9100000e+03
   6.2603881e-03   2.9250000e+03
   9.1262432e-03   2.9400000e+03
   1.2327549e-02   2.9550000e+03
   1.5230899e-02   2.9700000e+03
   1.7088197e-02   2.9850000e+03
   1.7286235e-02   3.0000000e+03
   1.5551781e-02   3.0150000e+03
   1.2011851e-02   3.0300000e+03
   7.0675910e-03   3.0450000e+03
   1.1735974e-03   3.0600000e+03
  -5.2958783e-03   3.0750000e+03
  -1.2002641e-02   3.0900000e+03
  -1.8525859e-02   3.1050000e+03
  -2.4355663e-02   3.1200000e+03
  -2.9067758e-02   3.1350000e+03
  -3.2556776e-02   3.1500000e+03
  -3.5128236e-02   3.1650000e+03
  -3.7348416e-02   3.1800000e+03
  -3.9736088e-02   3.1950000e+03
  -4.2495351e-02   3.2100000e+03
  -4.5446049e-02   3.2250000e+03
  -4.8155189e-02   3.2400000e+03
  -5.0139941e-02   3.2550000e+03
  -5.0998233e-02   3.2700000e+03
  -5.0417569e-02   3.2850000e+03
  -4.8125468e-02   3.3000000e+03
  -4.3883804e-02   3.3150000e+03
  -3.7571400e-02   3.3300000e+03
  -2.9302433e-02   3.3450000e+03
  -1.9483544e-02   3.3600000e+03
  -8.7619890e-03   3.3750000e+03
   2.0908169e-03   3.3900000e+03
   1.2275386e-02   3.4050000e+03
   2.1001235e-02   3.4200000e+03
   2.7501689e-02   3.4350000e+03
   3.1087812e-02   3.4500000e+03
   3.1258859e-02   3.4650000e+03
   2.7824782e-02   3.4800000e+03
   2.0975051e-02   3.4950000e+03
   1.1260000e-02   3.5100000e+03
  -5.0159416e-04   3.5250000e+03
  -1.3354221e-02   3.5400000e+03
  -2.6351618e-02   3.5550000e+03
  -3.8699664e-02   3.5700000e+03
  -4.9863737e-02   3.5850000e+03
  -5.9594549e-02   3.6000000e+03
  -6.7855328e-02   3.6150000e+03
  -7.4697830e-02   3.6300000e+03
  -8.0173522e-02   3.6450000e+03
  -8.4330328e-02   3.6600000e+03
  -8.7261394e-02   3.6750000e+03
  -8.9122795e-02   3.6900000e+03
  -9.0072125e-02   3.7050000e+03
  -9.0166569e-02   3.7200000e+03
  -8.9311123e-02   3.7350000e+03
  -8.7313764e-02   3.7500000e+03
  -8.4016547e-02   3.7650000e+03
  -7.9412371e-02   3.7800000e+03
  -7.3677301e-02   3.7950000e+03
  -6.7120634e-02   3.8100000e+03
  -6.0106467e-02   3.8250000e+03
  -5.2993566e-02   3.8400000e+03
  -4.6101850e-02   3.8550000e+03
  -3.9690692e-02   3.8700000e+03
  -3.3937648e-02   3.8850000e+03
  -2.8913939e-02   3.9000000e+03
  -2.4556061e-02   3.9150000e+03
  -2.0644598e-02   3.9300000e+03
  -1.6821722e-02   3.9450000e+03
  -1.2678253e-02   3.9600000e+03
  -7.9001524e-03   3.9750000e+03
  -2.4132587e-03   3.9900000e+03
   3.5452826e-03   4.0050000e+03
   9.4585484e-03   4.0200000e+03
   1.4640828e-02   4.0350000e+03
   1.8382512e-02   4.0500000e+03
   2.0093139e-02   4.0650000e+03
   1.9421326e-02   4.0800000e+03
   1.6333666e-02   4.0950000e+03
   1.1135264e-02   4.1100000e+03
   4.4262470e-03   4.1250000e+03
  -2.9899378e-03   4.1400000e+03
  -1.0214658e-02   4.1550000e+03
  -1.6351687e-02   4.1700000e+03
  -2.0590337e-02   4.1850000e+03
  -2.2288855e-02   4.2000000e+03
  -2.1063657e-02   4.2150000e+03
  -1.6859928e-02   4.2300000e+03
  -9.9646077e-03   4.2450000e+03
  -9.4967167e-04   4.2600000e+03
   9.4214659e-03   4.2750000e+03
   2.0278631e-02   4.2900000e+03
   3.0708931e-02   4.3050000e+03
   3.9826352e-02   4.3200000e+03
   4.6866585e-02   4.3350000e+03
   5.1285461e-02   4.3500000e+03
   5.2816797e-02   4.3650000e+03
   5.1468678e-02   4.3800000e+03
   4.7476236e-02   4.3950000e+03
   4.1243449e-02   4.4100000e+03
   3.3294175e-02   4.4250000e+03
   2.4236303e-02   4.4400000e+03
   1.4731891e-02   4.4550000e+03
   5.4583480e-03   4.4700000e+03
  -2.9521515e-03   4.4850000e+03
  -9.9863214e-03   4.5000000e+03
