  -3.6275741e-03   0.0000000e+00
  -3.6273638e-03   1.5000000e+01
  -3.6268649e-03   3.0000000e+01
  -3.6264637e-03   4.5000000e+01
  -3.6264940e-03   6.0000000e+01
  -3.6271093e-03   7.5000000e+01
  -3.6284006e-03   9.0000000e+01
  -3.6304230e-03   1.0500000e+02
  -3.6332458e-03   1.2000000e+02
  -3.6369974e-03   1.3500000e+02
  -3.6416543e-03   1.5000000e+02
  -3.6470348e-03   1.6500000e+02
  -3.6531284e-03   1.8000000e+02
  -3.6598612e-03   1.9500000e+02
  -3.6666025e-03   2.1000000e+02
  -3.6726149e-03   2.2500000e+02
  -3.6779789e-03   2.4000000e+02
  -3.6836988e-03   2.5500000e+02
  -3.6907750e-03   2.7000000e+02
  -3.6991576e-03   2.8500000e+02
  -3.7076885e-03   3.0000000e+02
  -3.7152758e-03   3.1500000e+02
  -3.7220498e-03   3.3000000e+02
  -3.7293071e-03   3.4500000e+02
  -3.7384862e-03   3.6000000e+02
  -3.7501934e-03   3.7500000e+02
  -3.7641255e-03   3.9000000e+02
  -3.7798616e-03   4.0500000e+02
  -3.7970876e-03   4.2000000e+02
  -3.8146353e-03   4.3500000e+02
  -3.8306012e-03   4.5000000e+02
  -3.8444097e-03   4.6500000e+02
  -3.8574217e-03   4.8000000e+02
  -3.8709277e-03   4.9500000e+02
  -3.8851765e-03   5.1000000e+02
  -3.9008046e-03   5.2500000e+02
  -3.9194352e-03   5.4000000e+02
  -3.9420123e-03   5.5500000e+02
  -3.9679306e-03   5.7000000e+02
  -3.9965678e-03   5.8500000e+02
  -4.0280288e-03   6.0000000e+02
  -4.0615462e-03   6.1500000e+02
  -4.0953467e-03   6.3000000e+02
  -4.1290121e-03   6.4500000e+02
  -4.1636801e-03   6.6000000e+02
  -4.1998345e-03   6.7500000e+02
  -4.2373352e-03   6.9000000e+02
  -4.2768423e-03   7.0500000e+02
  -4.3189852e-03   7.2000000e+02
  -4.3633422e-03   7.3500000e+02
  -4.4093775e-03   7.5000000e+02
  -4.4569084e-03   7.6500000e+02
  -4.5056371e-03   7.8000000e+02
  -4.5555844e-03   7.9500000e+02
  -4.6075033e-03   8.1000000e+02
  -4.6621733e-03   8.2500000e+02
  -4.7198432e-03   8.4000000e+02
  -4.7803563e-03   8.5500000e+02
  -4.8434660e-03   8.7000000e+02
  -4.9093855e-03   8.8500000e+02
  -4.9789227e-03   9.0000000e+02
  -5.0525782e-03   9.1500000e+02
  -5.1302309e-03   9.3000000e+02
  -5.2122651e-03   9.4500000e+02
  -5.3002164e-03   9.6000000e+02
  -5.3959461e-03   9.7500000e+02
  -5.5005900e-03   9.9000000e+02
  -5.6143822e-03   1.0050000e+03
  -5.7374048e-03   1.0200000e+03
  -5.8703376e-03   1.0350000e+03
  -6.0144137e-03   1.0500000e+03
  -6.1710151e-03   1.0650000e+03
  -6.3414979e-03   1.0800000e+03
  -6.5269354e-03   1.0950000e+03
  -6.7271842e-03   1.1100000e+03
  -6.9398186e-03   1.1250000e+03
  -7.1607726e-03   1.1400000e+03
  -7.3875613e-03   1.1550000e+03
  -7.6227607e-03   1.1700000e+03
  -7.8743147e-03   1.1850000e+03
  -8.1519186e-03   1.2000000e+03
  -8.4627792e-03   1.2150000e+03
  -8.8107074e-03   1.2300000e+03
  -9.1984421e-03   1.2450000e+03
  -9.6294526e-03   1.2600000e+03
  -1.0107265e-02   1.2750000e+03
  -1.0634903e-02   1.2900000e+03
  -1.1218077e-02   1.3050000e+03
  -1.1871210e-02   1.3200000e+03
  -1.2621286e-02   1.3350000e+03
  -1.3503822e-02   1.3500000e+03
  -1.4543796e-02   1.3650000e+03
  -1.5707433e-02   1.3800000e+03
  -1.6803125e-02   1.3950000e+03
  -1.7314339e-02   1.4100000e+03
  -1.6178913e-02   1.4250000e+03
  -1.1594589e-02   1.4400000e+03
  -1.0171471e-03   1.4550000e+03
   1.8427433e-02   1.4700000e+03
   4.8963781e-02   1.4850000e+03
   9.0739936e-02   1.5000000e+03
   1.4050159e-01   1.5150000e+03
   1.9124575e-01   1.5300000e+03
   2.3356877e-01   1.5450000e+03
   2.5858042e-01   1.5600000e+03
   2.6111555e-01   1.5750000e+03
   2.4145745e-01   1.5900000e+03
   2.0461841e-01   1.6050000e+03
   1.5798800e-01   1.6200000e+03
   1.0923677e-01   1.6350000e+03
   6.5439545e-02   1.6500000e+03
   3.2316316e-02   1.6650000e+03
   1.2047900e-02   1.6800000e+03
   7.3926093e-04   1.6950000e+03
  -1.0535832e-02   1.7100000e+03
  -2.8940452e-02   1.7250000e+03
  -5.1822916e-02   1.7400000e+03
  -6.6160478e-02   1.7550000e+03
  -5.8663595e-02   1.7700000e+03
  -2.7932361e-02   1.7850000e+03
   1.3952327e-02   1.8000000e+03
   5.1820092e-02   1.8150000e+03
   7.6829553e-02   1.8300000e+03
   8.3676480e-02   1.8450000e+03
   6.2042721e-02   1.8600000e+03
  -1.1132091e-03   1.8750000e+03
  -1.0549882e-01   1.8900000e+03
  -2.2555086e-01   1.9050000e+03
  -3.1891027e-01   1.9200000e+03
  -3.4805343e-01   1.9350000e+03
  -2.9485148e-01   1.9500000e+03
  -1.6264859e-01   1.9650000e+03
   2.2204224e-02   1.9800000e+03
   2.0643412e-01   1.9950000e+03
   3.2055435e-01   2.0100000e+03
   3.1385252e-01   2.0250000e+03
   1.9069842e-01   2.0400000e+03
   1.3368096e-02   2.0550000e+03
  -1.3265240e-01   2.0700000e+03
  -1.8015534e-01   2.0850000e+03
  -1.0264649e-01   2.1000000e+03
   7.8363761e-02   2.1150000e+03
   2.9016879e-01   2.1300000e+03
   4.2111233e-01   2.1450000e+03
   3.6885759e-01   2.1600000e+03
   1.1374444e-01   2.1750000e+03
  -2.3690167e-01   2.1900000e+03
  -4.8978454e-01   2.2050000e+03
  -4.9042875e-01   2.2200000e+03
  -2.4920847e-01   2.2350000e+03
   4.6322946e-02   2.2500000e+03
   1.7673722e-01   2.2650000e+03
   9.1574378e-02   2.2800000e+03
  -2.8079474e-02   2.2950000e+03
   5.3299081e-02   2.3100000e+03
   3.4911156e-01   2.3250000e+03
   5.7113016e-01   2.3400000e+03
   3.9408273e-01   2.3550000e+03
  -1.6083059e-01   2.3700000e+03
  -6.5213066e-01   2.3850000e+03
  -6.1600125e-01   2.4000000e+03
  -6.7432418e-02   2.4150000e+03
   4.6224567e-01   2.4300000e+03
   4.6313599e-01   2.4450000e+03
   7.5297640e-04   2.4600000e+03
  -3.5896069e-01   2.4750000e+03
  -2.0293289e-01   2.4900000e+03
   2.5225553e-01   2.5050000e+03
   4.3823257e-01   2.5200000e+03
   1.3385798e-01   2.5350000e+03
  -2.7962053e-01   2.5500000e+03
  -3.1729215e-01   2.5650000e+03
   7.9232585e-03   2.5800000e+03
   2.4869359e-01   2.5950000e+03
   1.3066380e-01   2.6100000e+03
  -1.2148146e-01   2.6250000e+03
  -1.4228065e-01   2.6400000e+03
   7.0719615e-02   2.6550000e+03
   1.9878574e-01   2.6700000e+03
   7.5086705e-02   2.6850000e+03
  -1.0864124e-01   2.7000000e+03
  -1.1727540e-01   2.7150000e+03
  -2.9259503e-03   2.7300000e+03
   2.0254698e-02   2.7450000e+03
  -8.2355633e-02   2.7600000e+03
  -1.3513444e-01   2.7750000e+03
  -4.1753378e-02   2.7900000e+03
   7.2823167e-02   2.8050000e+03
   6.4537220e-02   2.8200000e+03
  -2.2410873e-02   2.8350000e+03
  -4.8841070e-02   2.8500000e+03
   5.8605722e-03   2.8650000e+03
   4.0620711e-02   2.8800000e+03
   4.6360842e-03   2.8950000e+03
  -4.3378867e-02   2.9100000e+03
  -5.0229903e-02   2.9250000e+03
  -4.2400770e-02   2.9400000e+03
  -5.4987021e-02   2.9550000e+03
  -6.5382048e-02   2.9700000e+03
  -4.4806883e-02   2.9850000e+03
  -1.9294031e-02   3.0000000e+03
  -2.4964726e-02   3.0150000e+03
  -4.0184408e-02   3.0300000e+03
  -1.9721743e-02   3.0450000e+03
   2.3913009e-02   3.0600000e+03
   3.1391606e-02   3.0750000e+03
  -1.2949064e-02   3.0900000e+03
  -5.3642090e-02   3.1050000e+03
  -4.1695200e-02   3.1200000e+03
   4.2714272e-04   3.1350000e+03
   1.6814217e-02   3.1500000e+03
  -4.1328887e-03   3.1650000e+03
  -2.1065470e-02   3.1800000e+03
  -1.7352088e-03   3.1950000e+03
   3.3927009e-02   3.2100000e+03
   4.1736756e-02   3.2250000e+03
   9.4953394e-03   3.2400000e+03
  -3.0023078e-02   3.2550000e+03
  -4.1350435e-02   3.2700000e+03
  -2.7449751e-02   3.2850000e+03
  -1.8093234e-02   3.3000000e+03
  -2.4986409e-02   3.3150000e+03
  -2.7478581e-02   3.3300000e+03
  -7.2930153e-03   3.3450000e+03
   2.1569904e-02   3.3600000e+03
   3.2910742e-02   3.3750000e+03
   2.5942035e-02   3.3900000e+03
   2.2279726e-02   3.4050000e+03
   3.0028522e-02   3.4200000e+03
   3.3140276e-02   3.4350000e+03
   1.9920038e-02   3.4500000e+03
   1.8822228e-03   3.4650000e+03
  -5.5739423e-03   3.4800000e+03
  -5.8881929e-03   3.4950000e+03
  -1.2047387e-02   3.5100000e+03
  -2.5573324e-02   3.5250000e+03
  -3.9041035e-02   3.5400000e+03
  -5.2599050e-02   3.5550000e+03
  -7.2484247e-02   3.5700000e+03
  -9.4817072e-02   3.5850000e+03
  -1.0499886e-01   3.6000000e+03
  -9.5612466e-02   3.6150000e+03
  -7.4303463e-02   3.6300000e+03
  -5.1139608e-02   3.6450000e+03
  -2.8126996e-02   3.6600000e+03
  -5.5041523e-03   3.6750000e+03
   1.1242577e-02   3.6900000e+03
   1.8299196e-02   3.7050000e+03
   2.1495566e-02   3.7200000e+03
   2.9580643e-02   3.7350000e+03
   4.2749934e-02   3.7500000e+03
   5.4106653e-02   3.7650000e+03
   5.9096105e-02   3.7800000e+03
   5.6195546e-02   3.7950000e+03
   4.0709525e-02   3.8100000e+03
   7.1756556e-03   3.8250000e+03
  -4.0038738e-02   3.8400000e+03
  -8.4544227e-02   3.8550000e+03
  -1.0825030e-01   3.8700000e+03
  -1.0010568e-01   3.8850000e+03
  -5.6633539e-02   3.9000000e+03
   1.6172392e-02   3.9150000e+03
   9.6961915e-02   3.9300000e+03
   1.5287273e-01   3.9450000e+03
   1.5844896e-01   3.9600000e+03
   1.1209501e-01   3.9750000e+03
   3.3794004e-02   3.9900000e+03
  -4.8488427e-02   4.0050000e+03
  -1.0861054e-01   4.0200000e+03
  -1.2837040e-01   4.0350000e+03
  -1.0563344e-01   4.0500000e+03
  -5.7362616e-02   4.0650000e+03
  -8.5798418e-03   4.0800000e+03
   2.3661289e-02   4.0950000e+03
   3.4838110e-02   4.1100000e+03
   2.6866319e-02   4.1250000e+03
   5.1878095e-03   4.1400000e+03
  -1.8510392e-02   4.1550000e+03
  -2.8730933e-02   4.1700000e+03
  -1.6610323e-02   4.1850000e+03
   1.2651152e-02   4.2000000e+03
   4.3245800e-02   4.2150000e+03
   5.8453366e-02   4.2300000e+03
   4.9300719e-02   4.2450000e+03
   1.9830504e-02   4.2600000e+03
  -1.3281555e-02   4.2750000e+03
  -3.0095728e-02   4.2900000e+03
  -2.1770984e-02   4.3050000e+03
   2.4290958e-03   4.3200000e+03
   2.2882463e-02   4.3350000e+03
   2.5015790e-02   4.3500000e+03
   8.8256812e-03   4.3650000e+03
  -1.3576802e-02   4.3800000e+03
  -2.8028365e-02   4.3950000e+03
  -2.7796621e-02   4.4100000e+03
  -1.6411478e-02   4.4250000e+03
  -2.6641018e-03   4.4400000e+03
   7.3116585e-03   4.4550000e+03
   1.3225786e-02   4.4700000e+03
   1.6629461e-02   4.4850000e+03
   1.5687509e-02   4.5000000e+03
