   5.8846124e-03   0.0000000e+00
   5.8853338e-03   1.5000000e+01
   5.8869445e-03   3.0000000e+01
   5.8880835e-03   4.5000000e+01
   5.8878912e-03   6.0000000e+01
   5.8856509e-03   7.5000000e+01
   5.8808820e-03   9.0000000e+01
   5.8743898e-03   1.0500000e+02
   5.8671930e-03   1.2000000e+02
   5.8587645e-03   1.3500000e+02
   5.8480692e-03   1.5000000e+02
   5.8348677e-03   1.6500000e+02
   5.8188806e-03   1.8000000e+02
   5.7994016e-03   1.9500000e+02
   5.7765399e-03   2.1000000e+02
   5.7520270e-03   2.2500000e+02
   5.7284436e-03   2.4000000e+02
   5.7076011e-03   2.5500000e+02
   5.6894305e-03   2.7000000e+02
   5.6719291e-03   2.8500000e+02
   5.6518279e-03   3.0000000e+02
   5.6261430e-03   3.1500000e+02
   5.5939863e-03   3.3000000e+02
   5.5568842e-03   3.4500000e+02
   5.5174711e-03   3.6000000e+02
   5.4774638e-03   3.7500000e+02
   5.4362630e-03   3.9000000e+02
   5.3925207e-03   4.0500000e+02
   5.3469064e-03   4.2000000e+02
   5.3004730e-03   4.3500000e+02
   5.2499268e-03   4.5000000e+02
   5.1862895e-03   4.6500000e+02
   5.0950856e-03   4.8000000e+02
   4.9517541e-03   4.9500000e+02
   4.7176271e-03   5.1000000e+02
   4.3514762e-03   5.2500000e+02
   3.8424239e-03   5.4000000e+02
   3.2488594e-03   5.5500000e+02
   2.7102819e-03   5.7000000e+02
   2.3980173e-03   5.8500000e+02
   2.4057890e-03   6.0000000e+02
   2.6497003e-03   6.1500000e+02
   2.8858855e-03   6.3000000e+02
   2.8821449e-03   6.4500000e+02
   2.6182795e-03   6.6000000e+02
   2.3079850e-03   6.7500000e+02
   2.1853959e-03   6.9000000e+02
   2.2687663e-03   7.0500000e+02
   2.3714940e-03   7.2000000e+02
   2.3463224e-03   7.3500000e+02
   2.2499699e-03   7.5000000e+02
   2.2173366e-03   7.6500000e+02
   2.2358275e-03   7.8000000e+02
   2.1531144e-03   7.9500000e+02
   1.9036763e-03   8.1000000e+02
   1.6025360e-03   8.2500000e+02
   1.3600871e-03   8.4000000e+02
   1.1194688e-03   8.5500000e+02
   7.8054017e-04   8.7000000e+02
   3.8810546e-04   8.8500000e+02
   4.3407181e-05   9.0000000e+02
  -3.1828109e-04   9.1500000e+02
  -8.8001817e-04   9.3000000e+02
  -1.6738847e-03   9.4500000e+02
  -2.5355327e-03   9.6000000e+02
  -3.3556782e-03   9.7500000e+02
  -4.2081140e-03   9.9000000e+02
  -5.1773805e-03   1.0050000e+03
  -6.1957678e-03   1.0200000e+03
  -7.0531950e-03   1.0350000e+03
  -7.3323590e-03   1.0500000e+03
  -6.1074207e-03   1.0650000e+03
  -1.4778145e-03   1.0800000e+03
   1.0198213e-02   1.0950000e+03
   3.5648603e-02   1.1100000e+03
   8.6319596e-02   1.1250000e+03
   1.7907135e-01   1.1400000e+03
   3.3389738e-01   1.1550000e+03
   5.6597573e-01   1.1700000e+03
   8.6983401e-01   1.1850000e+03
   1.1973466e+00   1.2000000e+03
   1.4398782e+00   1.2150000e+03
   1.4346621e+00   1.2300000e+03
   1.0168712e+00   1.2450000e+03
   1.2012224e-01   1.2600000e+03
  -1.1130220e+00   1.2750000e+03
  -2.2919545e+00   1.2900000e+03
  -2.8927767e+00   1.3050000e+03
  -2.5310886e+00   1.3200000e+03
  -1.2588804e+00   1.3350000e+03
   3.4485689e-01   1.3500000e+03
   1.4475554e+00   1.3650000e+03
   1.4957838e+00   1.3800000e+03
   6.2921953e-01   1.3950000e+03
  -4.0357363e-01   1.4100000e+03
  -8.3166397e-01   1.4250000e+03
  -4.7939870e-01   1.4400000e+03
   1.4964476e-01   1.4550000e+03
   4.1263488e-01   1.4700000e+03
   1.5542914e-01   1.4850000e+03
  -2.1067607e-01   1.5000000e+03
  -2.3030041e-01   1.5150000e+03
   8.7492160e-02   1.5300000e+03
   3.4071001e-01   1.5450000e+03
   2.4745603e-01   1.5600000e+03
  -4.6689119e-02   1.5750000e+03
  -2.0440370e-01   1.5900000e+03
  -1.1376832e-01   1.6050000e+03
   4.6574377e-02   1.6200000e+03
   9.9326484e-02   1.6350000e+03
   6.8391964e-02   1.6500000e+03
   5.6193490e-02   1.6650000e+03
   5.9005402e-02   1.6800000e+03
   7.7191889e-03   1.6950000e+03
  -8.0411986e-02   1.7100000e+03
  -1.1156216e-01   1.7250000e+03
  -6.0160339e-02   1.7400000e+03
   5.6904845e-04   1.7550000e+03
   2.2239694e-02   1.7700000e+03
   4.2589072e-02   1.7850000e+03
   9.4500534e-02   1.8000000e+03
   1.3560405e-01   1.8150000e+03
   1.1511063e-01   1.8300000e+03
   4.6931975e-02   1.8450000e+03
  -3.5184290e-02   1.8600000e+03
  -1.3943210e-01   1.8750000e+03
  -2.7006865e-01   1.8900000e+03
  -3.5978153e-01   1.9050000e+03
  -3.1741753e-01   1.9200000e+03
  -1.3067673e-01   1.9350000e+03
   1.2416402e-01   1.9500000e+03
   3.5282323e-01   1.9650000e+03
   4.7917351e-01   1.9800000e+03
   4.4619796e-01   1.9950000e+03
   2.5411648e-01   2.0100000e+03
  -2.9220206e-03   2.0250000e+03
  -1.9400324e-01   2.0400000e+03
  -2.5623831e-01   2.0550000e+03
  -2.1661001e-01   2.0700000e+03
  -1.2788215e-01   2.0850000e+03
  -2.7234502e-02   2.1000000e+03
   5.4627012e-02   2.1150000e+03
   9.6445322e-02   2.1300000e+03
   1.0527059e-01   2.1450000e+03
   1.0032345e-01   2.1600000e+03
   8.0765679e-02   2.1750000e+03
   3.7279204e-02   2.1900000e+03
  -1.4523176e-02   2.2050000e+03
  -4.3219831e-02   2.2200000e+03
  -3.7281081e-02   2.2350000e+03
  -9.1325659e-03   2.2500000e+03
   2.3174860e-02   2.2650000e+03
   3.8631137e-02   2.2800000e+03
   1.8030101e-02   2.2950000e+03
  -3.0382385e-02   2.3100000e+03
  -6.7894168e-02   2.3250000e+03
  -6.7133516e-02   2.3400000e+03
  -3.8672656e-02   2.3550000e+03
  -4.4910740e-03   2.3700000e+03
   2.8499233e-02   2.3850000e+03
   5.5823203e-02   2.4000000e+03
   6.6162117e-02   2.4150000e+03
   6.0291503e-02   2.4300000e+03
   5.3592965e-02   2.4450000e+03
   4.8349064e-02   2.4600000e+03
   2.8842229e-02   2.4750000e+03
  -8.1457077e-03   2.4900000e+03
  -4.3627884e-02   2.5050000e+03
  -6.3129015e-02   2.5200000e+03
  -6.8904594e-02   2.5350000e+03
  -6.2383745e-02   2.5500000e+03
  -3.8907241e-02   2.5650000e+03
  -4.4321422e-03   2.5800000e+03
   2.2491962e-02   2.5950000e+03
   2.9530400e-02   2.6100000e+03
   1.8764047e-02   2.6250000e+03
  -1.8696713e-03   2.6400000e+03
  -2.3884315e-02   2.6550000e+03
  -3.8740765e-02   2.6700000e+03
  -4.2648558e-02   2.6850000e+03
  -3.8159367e-02   2.7000000e+03
  -2.7247446e-02   2.7150000e+03
  -8.6371498e-03   2.7300000e+03
   1.6348686e-02   2.7450000e+03
   4.2510636e-02   2.7600000e+03
   6.5986983e-02   2.7750000e+03
   8.3861500e-02   2.7900000e+03
   8.9373365e-02   2.8050000e+03
   7.4836910e-02   2.8200000e+03
   3.9963257e-02   2.8350000e+03
  -6.3085109e-03   2.8500000e+03
  -5.0485611e-02   2.8650000e+03
  -7.8685038e-02   2.8800000e+03
  -8.0702305e-02   2.8950000e+03
  -5.5598944e-02   2.9100000e+03
  -1.3673936e-02   2.9250000e+03
   2.8229538e-02   2.9400000e+03
   5.3854838e-02   2.9550000e+03
   5.3770471e-02   2.9700000e+03
   3.0374706e-02   2.9850000e+03
  -2.1126450e-03   3.0000000e+03
  -2.6545709e-02   3.0150000e+03
  -3.4791280e-02   3.0300000e+03
  -3.1095114e-02   3.0450000e+03
  -2.4195407e-02   3.0600000e+03
  -1.7747460e-02   3.0750000e+03
  -8.6467601e-03   3.0900000e+03
   7.1414337e-03   3.1050000e+03
   2.8482679e-02   3.1200000e+03
   4.8156731e-02   3.1350000e+03
   5.7151653e-02   3.1500000e+03
   5.0630268e-02   3.1650000e+03
   3.1341087e-02   3.1800000e+03
   7.9622455e-03   3.1950000e+03
  -1.0455903e-02   3.2100000e+03
  -1.9605959e-02   3.2250000e+03
  -2.0922460e-02   3.2400000e+03
  -1.8864181e-02   3.2550000e+03
  -1.7792840e-02   3.2700000e+03
  -2.0631637e-02   3.2850000e+03
  -2.8676236e-02   3.3000000e+03
  -4.1274019e-02   3.3150000e+03
  -5.5646744e-02   3.3300000e+03
  -6.7863017e-02   3.3450000e+03
  -7.4617982e-02   3.3600000e+03
  -7.4251495e-02   3.3750000e+03
  -6.6325955e-02   3.3900000e+03
  -5.0841454e-02   3.4050000e+03
  -2.8398374e-02   3.4200000e+03
  -1.1912847e-03   3.4350000e+03
   2.6557326e-02   3.4500000e+03
   4.9850095e-02   3.4650000e+03
   6.5231852e-02   3.4800000e+03
   7.1987420e-02   3.4950000e+03
   7.0964672e-02   3.5100000e+03
   6.2753282e-02   3.5250000e+03
   4.7871098e-02   3.5400000e+03
   2.8499512e-02   3.5550000e+03
   8.6792866e-03   3.5700000e+03
  -7.8381617e-03   3.5850000e+03
  -1.9257911e-02   3.6000000e+03
  -2.5183609e-02   3.6150000e+03
  -2.5816098e-02   3.6300000e+03
  -2.2533096e-02   3.6450000e+03
  -1.7900210e-02   3.6600000e+03
  -1.3487793e-02   3.6750000e+03
  -8.1769517e-03   3.6900000e+03
  -7.4872063e-05   3.7050000e+03
   1.0030063e-02   3.7200000e+03
   1.8345820e-02   3.7350000e+03
   2.1184575e-02   3.7500000e+03
   1.7291088e-02   3.7650000e+03
   7.1497108e-03   3.7800000e+03
  -8.3598746e-03   3.7950000e+03
  -2.7417755e-02   3.8100000e+03
  -4.6024699e-02   3.8250000e+03
  -5.8908150e-02   3.8400000e+03
  -6.2680170e-02   3.8550000e+03
  -5.8082346e-02   3.8700000e+03
  -4.8811279e-02   3.8850000e+03
  -3.8402956e-02   3.9000000e+03
  -2.8730283e-02   3.9150000e+03
  -2.0920621e-02   3.9300000e+03
  -1.6059650e-02   3.9450000e+03
  -1.4145336e-02   3.9600000e+03
  -1.3215943e-02   3.9750000e+03
  -1.0495806e-02   3.9900000e+03
  -4.2933822e-03   4.0050000e+03
   5.3114761e-03   4.0200000e+03
   1.6824901e-02   4.0350000e+03
   2.7945379e-02   4.0500000e+03
   3.6743041e-02   4.0650000e+03
   4.3143343e-02   4.0800000e+03
   4.8868351e-02   4.0950000e+03
   5.5235490e-02   4.1100000e+03
   6.1220281e-02   4.1250000e+03
   6.4112730e-02   4.1400000e+03
   6.1754934e-02   4.1550000e+03
   5.3666223e-02   4.1700000e+03
   4.0426739e-02   4.1850000e+03
   2.2980243e-02   4.2000000e+03
   2.8599333e-03   4.2150000e+03
  -1.7590849e-02   4.2300000e+03
  -3.5896547e-02   4.2450000e+03
  -5.0281126e-02   4.2600000e+03
  -5.9657127e-02   4.2750000e+03
  -6.3296199e-02   4.2900000e+03
  -6.1164495e-02   4.3050000e+03
  -5.4437075e-02   4.3200000e+03
  -4.5075081e-02   4.3350000e+03
  -3.4819052e-02   4.3500000e+03
  -2.4851086e-02   4.3650000e+03
  -1.6119340e-02   4.3800000e+03
  -9.3285488e-03   4.3950000e+03
  -4.6009547e-03   4.4100000e+03
  -1.6429210e-03   4.4250000e+03
  -2.5800182e-04   4.4400000e+03
  -2.7081463e-04   4.4550000e+03
  -9.9134585e-04   4.4700000e+03
  -1.2624299e-03   4.4850000e+03
  -1.6124977e-04   4.5000000e+03
