  -9.5942686e-04   0.0000000e+00
  -9.5942942e-04   1.5000000e+01
  -9.5944508e-04   3.0000000e+01
  -9.5948862e-04   4.5000000e+01
  -9.5955376e-04   6.0000000e+01
  -9.5960911e-04   7.5000000e+01
  -9.5962675e-04   9.0000000e+01
  -9.5962815e-04   1.0500000e+02
  -9.5967192e-04   1.2000000e+02
  -9.5980539e-04   1.3500000e+02
  -9.5998246e-04   1.5000000e+02
  -9.5997890e-04   1.6500000e+02
  -9.5913047e-04   1.8000000e+02
  -9.5516845e-04   1.9500000e+02
  -9.4138324e-04   2.1000000e+02
  -9.0359891e-04   2.2500000e+02
  -8.2328334e-04   2.4000000e+02
  -6.9404731e-04   2.5500000e+02
  -5.4500997e-04   2.7000000e+02
  -4.4148293e-04   2.8500000e+02
  -4.3807714e-04   3.0000000e+02
  -5.1587238e-04   3.1500000e+02
  -5.8477710e-04   3.3000000e+02
  -5.7595514e-04   3.4500000e+02
  -5.2092352e-04   3.6000000e+02
  -5.0358719e-04   3.7500000e+02
  -5.4276787e-04   3.9000000e+02
  -5.7485269e-04   4.0500000e+02
  -5.5837020e-04   4.2000000e+02
  -5.3201790e-04   4.3500000e+02
  -5.4094545e-04   4.5000000e+02
  -5.6509743e-04   4.6500000e+02
  -5.6506722e-04   4.8000000e+02
  -5.5087195e-04   4.9500000e+02
  -5.5456458e-04   5.1000000e+02
  -5.7100330e-04   5.2500000e+02
  -5.7450106e-04   5.4000000e+02
  -5.6721957e-04   5.5500000e+02
  -5.6899141e-04   5.7000000e+02
  -5.7891494e-04   5.8500000e+02
  -5.8172882e-04   6.0000000e+02
  -5.7821517e-04   6.1500000e+02
  -5.8058923e-04   6.3000000e+02
  -5.8801827e-04   6.4500000e+02
  -5.9074198e-04   6.6000000e+02
  -5.8924797e-04   6.7500000e+02
  -5.8925390e-04   6.9000000e+02
  -5.8658118e-04   7.0500000e+02
  -5.7235768e-04   7.2000000e+02
  -5.4445711e-04   7.3500000e+02
  -5.0413818e-04   7.5000000e+02
  -4.5225114e-04   7.6500000e+02
  -3.9790975e-04   7.8000000e+02
  -3.6275177e-04   7.9500000e+02
  -3.6770169e-04   8.1000000e+02
  -4.1549047e-04   8.2500000e+02
  -4.8489793e-04   8.4000000e+02
  -5.3950615e-04   8.5500000e+02
  -5.4964813e-04   8.7000000e+02
  -5.1804370e-04   8.8500000e+02
  -4.8294550e-04   9.0000000e+02
  -4.8408192e-04   9.1500000e+02
  -5.2153121e-04   9.3000000e+02
  -5.5616221e-04   9.4500000e+02
  -5.5541261e-04   9.6000000e+02
  -5.3092133e-04   9.7500000e+02
  -5.2130554e-04   9.9000000e+02
  -5.4194807e-04   1.0050000e+03
  -5.6740653e-04   1.0200000e+03
  -5.6915416e-04   1.0350000e+03
  -5.5475195e-04   1.0500000e+03
  -5.5277097e-04   1.0650000e+03
  -5.6849612e-04   1.0800000e+03
  -5.7905284e-04   1.0950000e+03
  -5.7281915e-04   1.1100000e+03
  -5.6739629e-04   1.1250000e+03
  -5.7843316e-04   1.1400000e+03
  -5.9408083e-04   1.1550000e+03
  -5.9711700e-04   1.1700000e+03
  -5.9388211e-04   1.1850000e+03
  -6.0110795e-04   1.2000000e+03
  -6.1757735e-04   1.2150000e+03
  -6.3010713e-04   1.2300000e+03
  -6.3808972e-04   1.2450000e+03
  -6.5097545e-04   1.2600000e+03
  -6.6756981e-04   1.2750000e+03
  -6.7738740e-04   1.2900000e+03
  -6.7913759e-04   1.3050000e+03
  -6.8126264e-04   1.3200000e+03
  -6.8682164e-04   1.3350000e+03
  -6.9201499e-04   1.3500000e+03
  -6.9698773e-04   1.3650000e+03
  -7.0549006e-04   1.3800000e+03
  -7.1623363e-04   1.3950000e+03
  -7.2511384e-04   1.4100000e+03
  -7.3331239e-04   1.4250000e+03
  -7.4440311e-04   1.4400000e+03
  -7.5651123e-04   1.4550000e+03
  -7.6494424e-04   1.4700000e+03
  -7.6950458e-04   1.4850000e+03
  -7.7319436e-04   1.5000000e+03
  -7.7716005e-04   1.5150000e+03
  -7.8168453e-04   1.5300000e+03
  -7.8830897e-04   1.5450000e+03
  -7.9716073e-04   1.5600000e+03
  -8.0569118e-04   1.5750000e+03
  -8.1249181e-04   1.5900000e+03
  -8.1910676e-04   1.6050000e+03
  -8.2705717e-04   1.6200000e+03
  -8.3627348e-04   1.6350000e+03
  -8.4662944e-04   1.6500000e+03
  -8.5818255e-04   1.6650000e+03
  -8.7011774e-04   1.6800000e+03
  -8.8164996e-04   1.6950000e+03
  -8.9345610e-04   1.7100000e+03
  -9.0662471e-04   1.7250000e+03
  -9.2066737e-04   1.7400000e+03
  -9.3352754e-04   1.7550000e+03
  -9.4317104e-04   1.7700000e+03
  -9.4905653e-04   1.7850000e+03
  -9.5269142e-04   1.8000000e+03
  -9.5647504e-04   1.8150000e+03
  -9.6142985e-04   1.8300000e+03
  -9.6679502e-04   1.8450000e+03
  -9.7233517e-04   1.8600000e+03
  -9.7949500e-04   1.8750000e+03
  -9.8926807e-04   1.8900000e+03
  -1.0003695e-03   1.9050000e+03
  -1.0106438e-03   1.9200000e+03
  -1.0192499e-03   1.9350000e+03
  -1.0265908e-03   1.9500000e+03
  -1.0330963e-03   1.9650000e+03
  -1.0391941e-03   1.9800000e+03
  -1.0459620e-03   1.9950000e+03
  -1.0544948e-03   2.0100000e+03
  -1.0643462e-03   2.0250000e+03
  -1.0735150e-03   2.0400000e+03
  -1.0806549e-03   2.0550000e+03
  -1.0868508e-03   2.0700000e+03
  -1.0944563e-03   2.0850000e+03
  -1.1043763e-03   2.1000000e+03
  -1.1151715e-03   2.1150000e+03
  -1.1249172e-03   2.1300000e+03
  -1.1334112e-03   2.1450000e+03
  -1.1422518e-03   2.1600000e+03
  -1.1529847e-03   2.1750000e+03
  -1.1654020e-03   2.1900000e+03
  -1.1777671e-03   2.2050000e+03
  -1.1885640e-03   2.2200000e+03
  -1.1977908e-03   2.2350000e+03
  -1.2064284e-03   2.2500000e+03
  -1.2150547e-03   2.2650000e+03
  -1.2234938e-03   2.2800000e+03
  -1.2315530e-03   2.2950000e+03
  -1.2394515e-03   2.3100000e+03
  -1.2473227e-03   2.3250000e+03
  -1.2548232e-03   2.3400000e+03
  -1.2615566e-03   2.3550000e+03
  -1.2676949e-03   2.3700000e+03
  -1.2739185e-03   2.3850000e+03
  -1.2807454e-03   2.4000000e+03
  -1.2879487e-03   2.4150000e+03
  -1.2946996e-03   2.4300000e+03
  -1.3003792e-03   2.4450000e+03
  -1.3052438e-03   2.4600000e+03
  -1.3101351e-03   2.4750000e+03
  -1.3155401e-03   2.4900000e+03
  -1.3211773e-03   2.5050000e+03
  -1.3266301e-03   2.5200000e+03
  -1.3320696e-03   2.5350000e+03
  -1.3381224e-03   2.5500000e+03
  -1.3452248e-03   2.5650000e+03
  -1.3533096e-03   2.5800000e+03
  -1.3619652e-03   2.5950000e+03
  -1.3706493e-03   2.6100000e+03
  -1.3789233e-03   2.6250000e+03
  -1.3867283e-03   2.6400000e+03
  -1.3943480e-03   2.6550000e+03
  -1.4019288e-03   2.6700000e+03
  -1.4091172e-03   2.6850000e+03
  -1.4153053e-03   2.7000000e+03
  -1.4201917e-03   2.7150000e+03
  -1.4239638e-03   2.7300000e+03
  -1.4269305e-03   2.7450000e+03
  -1.4291190e-03   2.7600000e+03
  -1.4302568e-03   2.7750000e+03
  -1.4300506e-03   2.7900000e+03
  -1.4283838e-03   2.8050000e+03
  -1.4252813e-03   2.8200000e+03
  -1.4207154e-03   2.8350000e+03
  -1.4144991e-03   2.8500000e+03
  -1.4063983e-03   2.8650000e+03
  -1.3962381e-03   2.8800000e+03
  -1.3838951e-03   2.8950000e+03
  -1.3691662e-03   2.9100000e+03
  -1.3517240e-03   2.9250000e+03
  -1.3311246e-03   2.9400000e+03
  -1.3067175e-03   2.9550000e+03
  -1.2775972e-03   2.9700000e+03
  -1.2427367e-03   2.9850000e+03
  -1.2012392e-03   3.0000000e+03
  -1.1524599e-03   3.0150000e+03
  -1.0958456e-03   3.0300000e+03
  -1.0307286e-03   3.0450000e+03
  -9.5623202e-04   3.0600000e+03
  -8.7129523e-04   3.0750000e+03
  -7.7471393e-04   3.0900000e+03
  -6.6518376e-04   3.1050000e+03
  -5.4136181e-04   3.1200000e+03
  -4.0186950e-04   3.1350000e+03
  -2.4521834e-04   3.1500000e+03
  -6.9621638e-05   3.1650000e+03
   1.2722667e-04   3.1800000e+03
   3.4826307e-04   3.1950000e+03
   5.9700367e-04   3.2100000e+03
   8.7738561e-04   3.2250000e+03
   1.1936206e-03   3.2400000e+03
   1.5502495e-03   3.2550000e+03
   1.9525458e-03   3.2700000e+03
   2.4070691e-03   3.2850000e+03
   2.9219633e-03   3.3000000e+03
   3.5068693e-03   3.3150000e+03
   4.1727046e-03   3.3300000e+03
   4.9316362e-03   3.3450000e+03
   5.7972474e-03   3.3600000e+03
   6.7846277e-03   3.3750000e+03
   7.9102358e-03   3.3900000e+03
   9.1916518e-03   3.4050000e+03
   1.0647388e-02   3.4200000e+03
   1.2296776e-02   3.4350000e+03
   1.4159780e-02   3.4500000e+03
   1.6256481e-02   3.4650000e+03
   1.8606029e-02   3.4800000e+03
   2.1225091e-02   3.4950000e+03
   2.4126159e-02   3.5100000e+03
   2.7316025e-02   3.5250000e+03
   3.0794453e-02   3.5400000e+03
   3.4553055e-02   3.5550000e+03
   3.8574483e-02   3.5700000e+03
   4.2832196e-02   3.5850000e+03
   4.7290910e-02   3.6000000e+03
   5.1907346e-02   3.6150000e+03
   5.6631021e-02   3.6300000e+03
   6.1405025e-02   3.6450000e+03
   6.6166990e-02   3.6600000e+03
   7.0850424e-02   3.6750000e+03
   7.5386263e-02   3.6900000e+03
   7.9704277e-02   3.7050000e+03
   8.3734185e-02   3.7200000e+03
   8.7406814e-02   3.7350000e+03
   9.0655707e-02   3.7500000e+03
   9.3419828e-02   3.7650000e+03
   9.5647268e-02   3.7800000e+03
   9.7299404e-02   3.7950000e+03
   9.8354332e-02   3.8100000e+03
   9.8808542e-02   3.8250000e+03
   9.8675840e-02   3.8400000e+03
   9.7983450e-02   3.8550000e+03
   9.6765712e-02   3.8700000e+03
   9.5057026e-02   3.8850000e+03
   9.2885695e-02   3.9000000e+03
   9.0270795e-02   3.9150000e+03
   8.7223448e-02   3.9300000e+03
   8.3752491e-02   3.9450000e+03
   7.9873241e-02   3.9600000e+03
   7.5616583e-02   3.9750000e+03
   7.1035318e-02   3.9900000e+03
   6.6205613e-02   4.0050000e+03
   6.1223183e-02   4.0200000e+03
   5.6195416e-02   4.0350000e+03
   5.1231220e-02   4.0500000e+03
   4.6429336e-02   4.0650000e+03
   4.1865189e-02   4.0800000e+03
   3.7577301e-02   4.0950000e+03
   3.3556849e-02   4.1100000e+03
   2.9746367e-02   4.1250000e+03
   2.6052991e-02   4.1400000e+03
   2.2376740e-02   4.1550000e+03
   1.8647105e-02   4.1700000e+03
   1.4855045e-02   4.1850000e+03
   1.1066473e-02   4.2000000e+03
   7.4086478e-03   4.2150000e+03
   4.0311455e-03   4.2300000e+03
   1.0542120e-03   4.2450000e+03
  -1.4754278e-03   4.2600000e+03
  -3.6020495e-03   4.2750000e+03
  -5.4424666e-03   4.2900000e+03
  -7.1388828e-03   4.3050000e+03
  -8.8052684e-03   4.3200000e+03
  -1.0493708e-02   4.3350000e+03
  -1.2196396e-02   4.3500000e+03
  -1.3877977e-02   4.3650000e+03
  -1.5514923e-02   4.3800000e+03
  -1.7115476e-02   4.3950000e+03
  -1.8708097e-02   4.4100000e+03
  -2.0309057e-02   4.4250000e+03
  -2.1894772e-02   4.4400000e+03
  -2.3401212e-02   4.4550000e+03
  -2.4752334e-02   4.4700000e+03
  -2.5896911e-02   4.4850000e+03
  -2.6825495e-02   4.5000000e+03
