   1.4355335e-03   0.0000000e+00
   1.4353626e-03   1.5000000e+01
   1.4348086e-03   3.0000000e+01
   1.4335980e-03   4.5000000e+01
   1.4314078e-03   6.0000000e+01
   1.4279688e-03   7.5000000e+01
   1.4230848e-03   9.0000000e+01
   1.4167813e-03   1.0500000e+02
   1.4092751e-03   1.2000000e+02
   1.4006984e-03   1.3500000e+02
   1.3910256e-03   1.5000000e+02
   1.3801066e-03   1.6500000e+02
   1.3677125e-03   1.8000000e+02
   1.3536819e-03   1.9500000e+02
   1.3381536e-03   2.1000000e+02
   1.3217155e-03   2.2500000e+02
   1.3051701e-03   2.4000000e+02
   1.2890073e-03   2.5500000e+02
   1.2731175e-03   2.7000000e+02
   1.2568022e-03   2.8500000e+02
   1.2389441e-03   3.0000000e+02
   1.2185761e-03   3.1500000e+02
   1.1955495e-03   3.3000000e+02
   1.1705537e-03   3.4500000e+02
   1.1445130e-03   3.6000000e+02
   1.1179007e-03   3.7500000e+02
   1.0904903e-03   3.9000000e+02
   1.0619356e-03   4.0500000e+02
   1.0325274e-03   4.2000000e+02
   1.0027331e-03   4.3500000e+02
   9.7168447e-04   4.5000000e+02
   9.3610928e-04   4.6500000e+02
   8.8955450e-04   4.8000000e+02
   8.2085491e-04   4.9500000e+02
   7.1363786e-04   5.1000000e+02
   5.5109791e-04   5.2500000e+02
   3.2842689e-04   5.4000000e+02
   6.8752204e-05   5.5500000e+02
  -1.7064286e-04   5.7000000e+02
  -3.1766223e-04   5.8500000e+02
  -3.3096861e-04   6.0000000e+02
  -2.4277956e-04   6.1500000e+02
  -1.5305518e-04   6.3000000e+02
  -1.5836905e-04   6.4500000e+02
  -2.6713102e-04   6.6000000e+02
  -3.8875506e-04   6.7500000e+02
  -4.2183642e-04   6.9000000e+02
  -3.5371704e-04   7.0500000e+02
  -2.5919080e-04   7.2000000e+02
  -2.0253060e-04   7.3500000e+02
  -1.6991762e-04   7.5000000e+02
  -1.1812772e-04   7.6500000e+02
  -6.1317405e-05   7.8000000e+02
  -6.1443236e-05   7.9500000e+02
  -1.3348532e-04   8.1000000e+02
  -2.1279311e-04   8.2500000e+02
  -2.4028978e-04   8.4000000e+02
  -2.3408956e-04   8.5500000e+02
  -2.3693533e-04   8.7000000e+02
  -2.3541597e-04   8.8500000e+02
  -1.9447239e-04   9.0000000e+02
  -1.4553375e-04   9.1500000e+02
  -1.6023392e-04   9.3000000e+02
  -2.3689418e-04   9.4500000e+02
  -2.9055524e-04   9.6000000e+02
  -2.6937187e-04   9.7500000e+02
  -2.1048267e-04   9.9000000e+02
  -1.6457748e-04   1.0050000e+03
  -1.3353291e-04   1.0200000e+03
  -9.9075442e-05   1.0350000e+03
  -4.7211463e-05   1.0500000e+03
   5.0870083e-05   1.0650000e+03
   2.2271702e-04   1.0800000e+03
   4.5202256e-04   1.0950000e+03
   7.0758897e-04   1.1100000e+03
   1.0160961e-03   1.1250000e+03
   1.4553097e-03   1.1400000e+03
   2.0775278e-03   1.1550000e+03
   2.8869405e-03   1.1700000e+03
   3.8938213e-03   1.1850000e+03
   5.1492420e-03   1.2000000e+03
   6.7119403e-03   1.2150000e+03
   8.6068083e-03   1.2300000e+03
   1.0840938e-02   1.2450000e+03
   1.3457827e-02   1.2600000e+03
   1.6559329e-02   1.2750000e+03
   2.0277452e-02   1.2900000e+03
   2.4747675e-02   1.3050000e+03
   3.0110560e-02   1.3200000e+03
   3.6505729e-02   1.3350000e+03
   4.4044398e-02   1.3500000e+03
   5.2810710e-02   1.3650000e+03
   6.2919945e-02   1.3800000e+03
   7.4576586e-02   1.3950000e+03
   8.8057354e-02   1.4100000e+03
   1.0362124e-01   1.4250000e+03
   1.2142462e-01   1.4400000e+03
   1.4151339e-01   1.4550000e+03
   1.6388364e-01   1.4700000e+03
   1.8852530e-01   1.4850000e+03
   2.1537094e-01   1.5000000e+03
   2.4415509e-01   1.5150000e+03
   2.7426407e-01   1.5300000e+03
   3.0465546e-01   1.5450000e+03
   3.3387533e-01   1.5600000e+03
   3.6015728e-01   1.5750000e+03
   3.8158393e-01   1.5900000e+03
   3.9630926e-01   1.6050000e+03
   4.0282285e-01   1.6200000e+03
   4.0018249e-01   1.6350000e+03
   3.8813457e-01   1.6500000e+03
   3.6713883e-01   1.6650000e+03
   3.3838922e-01   1.6800000e+03
   3.0383259e-01   1.6950000e+03
   2.6601687e-01   1.7100000e+03
   2.2761983e-01   1.7250000e+03
   1.9079210e-01   1.7400000e+03
   1.5670453e-01   1.7550000e+03
   1.2559967e-01   1.7700000e+03
   9.7250797e-02   1.7850000e+03
   7.1412623e-02   1.8000000e+03
   4.7930557e-02   1.8150000e+03
   2.6588323e-02   1.8300000e+03
   7.0739351e-03   1.8450000e+03
  -1.0734291e-02   1.8600000e+03
  -2.6442934e-02   1.8750000e+03
  -3.9242994e-02   1.8900000e+03
  -4.8476946e-02   1.9050000e+03
  -5.4166272e-02   1.9200000e+03
  -5.7012834e-02   1.9350000e+03
  -5.7973411e-02   1.9500000e+03
  -5.7918832e-02   1.9650000e+03
  -5.7636078e-02   1.9800000e+03
  -5.7918008e-02   1.9950000e+03
  -5.9420861e-02   2.0100000e+03
  -6.2384766e-02   2.0250000e+03
  -6.6566288e-02   2.0400000e+03
  -7.1463265e-02   2.0550000e+03
  -7.6540679e-02   2.0700000e+03
  -8.1241056e-02   2.0850000e+03
  -8.4947258e-02   2.1000000e+03
  -8.7159641e-02   2.1150000e+03
  -8.7797835e-02   2.1300000e+03
  -8.7268725e-02   2.1450000e+03
  -8.6182512e-02   2.1600000e+03
  -8.5024036e-02   2.1750000e+03
  -8.4092923e-02   2.1900000e+03
  -8.3626121e-02   2.2050000e+03
  -8.3806284e-02   2.2200000e+03
  -8.4614590e-02   2.2350000e+03
  -8.5774601e-02   2.2500000e+03
  -8.6915210e-02   2.2650000e+03
  -8.7768741e-02   2.2800000e+03
  -8.8196188e-02   2.2950000e+03
  -8.8094592e-02   2.3100000e+03
  -8.7370828e-02   2.3250000e+03
  -8.6005233e-02   2.3400000e+03
  -8.4075421e-02   2.3550000e+03
  -8.1690677e-02   2.3700000e+03
  -7.8927979e-02   2.3850000e+03
  -7.5834356e-02   2.4000000e+03
  -7.2448276e-02   2.4150000e+03
  -6.8793431e-02   2.4300000e+03
  -6.4878590e-02   2.4450000e+03
  -6.0735479e-02   2.4600000e+03
  -5.6450501e-02   2.4750000e+03
  -5.2139997e-02   2.4900000e+03
  -4.7896121e-02   2.5050000e+03
  -4.3762274e-02   2.5200000e+03
  -3.9741974e-02   2.5350000e+03
  -3.5803922e-02   2.5500000e+03
  -3.1878095e-02   2.5650000e+03
  -2.7873479e-02   2.5800000e+03
  -2.3722801e-02   2.5950000e+03
  -1.9416898e-02   2.6100000e+03
  -1.4998582e-02   2.6250000e+03
  -1.0530962e-02   2.6400000e+03
  -6.0761687e-03   2.6550000e+03
  -1.6969290e-03   2.6700000e+03
   2.5378251e-03   2.6850000e+03
   6.5632444e-03   2.7000000e+03
   1.0338008e-02   2.7150000e+03
   1.3846220e-02   2.7300000e+03
   1.7070690e-02   2.7450000e+03
   1.9963527e-02   2.7600000e+03
   2.2450369e-02   2.7750000e+03
   2.4467330e-02   2.7900000e+03
   2.5989732e-02   2.8050000e+03
   2.7022315e-02   2.8200000e+03
   2.7567303e-02   2.8350000e+03
   2.7607849e-02   2.8500000e+03
   2.7120642e-02   2.8650000e+03
   2.6100200e-02   2.8800000e+03
   2.4572279e-02   2.8950000e+03
   2.2588795e-02   2.9100000e+03
   2.0213755e-02   2.9250000e+03
   1.7516788e-02   2.9400000e+03
   1.4580713e-02   2.9550000e+03
   1.1510164e-02   2.9700000e+03
   8.4237447e-03   2.9850000e+03
   5.4318677e-03   3.0000000e+03
   2.6202104e-03   3.0150000e+03
   4.9807932e-05   3.0300000e+03
  -2.2361469e-03   3.0450000e+03
  -4.2120595e-03   3.0600000e+03
  -5.8753332e-03   3.0750000e+03
  -7.2491574e-03   3.0900000e+03
  -8.3820811e-03   3.1050000e+03
  -9.3500465e-03   3.1200000e+03
  -1.0259778e-02   3.1350000e+03
  -1.1243463e-02   3.1500000e+03
  -1.2439270e-02   3.1650000e+03
  -1.3966688e-02   3.1800000e+03
  -1.5911555e-02   3.1950000e+03
  -1.8325277e-02   3.2100000e+03
  -2.1229688e-02   3.2250000e+03
  -2.4618214e-02   3.2400000e+03
  -2.8452370e-02   3.2550000e+03
  -3.2657329e-02   3.2700000e+03
  -3.7119225e-02   3.2850000e+03
  -4.1687768e-02   3.3000000e+03
  -4.6189565e-02   3.3150000e+03
  -5.0452907e-02   3.3300000e+03
  -5.4334298e-02   3.3450000e+03
  -5.7733119e-02   3.3600000e+03
  -6.0590111e-02   3.3750000e+03
  -6.2877573e-02   3.3900000e+03
  -6.4591467e-02   3.4050000e+03
  -6.5748125e-02   3.4200000e+03
  -6.6381060e-02   3.4350000e+03
  -6.6533536e-02   3.4500000e+03
  -6.6247933e-02   3.4650000e+03
  -6.5557525e-02   3.4800000e+03
  -6.4486690e-02   3.4950000e+03
  -6.3060902e-02   3.5100000e+03
  -6.1320372e-02   3.5250000e+03
  -5.9326973e-02   3.5400000e+03
  -5.7158440e-02   3.5550000e+03
  -5.4894481e-02   3.5700000e+03
  -5.2606262e-02   3.5850000e+03
  -5.0355837e-02   3.6000000e+03
  -4.8200037e-02   3.6150000e+03
  -4.6187721e-02   3.6300000e+03
  -4.4347353e-02   3.6450000e+03
  -4.2675097e-02   3.6600000e+03
  -4.1136444e-02   3.6750000e+03
  -3.9682306e-02   3.6900000e+03
  -3.8266934e-02   3.7050000e+03
  -3.6855139e-02   3.7200000e+03
  -3.5419181e-02   3.7350000e+03
  -3.3934973e-02   3.7500000e+03
  -3.2383129e-02   3.7650000e+03
  -3.0752201e-02   3.7800000e+03
  -2.9040070e-02   3.7950000e+03
  -2.7253412e-02   3.8100000e+03
  -2.5405608e-02   3.8250000e+03
  -2.3511140e-02   3.8400000e+03
  -2.1577690e-02   3.8550000e+03
  -1.9603204e-02   3.8700000e+03
  -1.7582800e-02   3.8850000e+03
  -1.5519430e-02   3.9000000e+03
  -1.3428060e-02   3.9150000e+03
  -1.1332875e-02   3.9300000e+03
  -9.2667276e-03   3.9450000e+03
  -7.2771828e-03   3.9600000e+03
  -5.4317582e-03   3.9750000e+03
  -3.8135946e-03   3.9900000e+03
  -2.5087851e-03   4.0050000e+03
  -1.5934337e-03   4.0200000e+03
  -1.1246076e-03   4.0350000e+03
  -1.1335289e-03   4.0500000e+03
  -1.6198970e-03   4.0650000e+03
  -2.5498958e-03   4.0800000e+03
  -3.8601265e-03   4.0950000e+03
  -5.4654786e-03   4.1100000e+03
  -7.2661475e-03   4.1250000e+03
  -9.1509623e-03   4.1400000e+03
  -1.0998717e-02   4.1550000e+03
  -1.2681847e-02   4.1700000e+03
  -1.4075676e-02   4.1850000e+03
  -1.5072701e-02   4.2000000e+03
  -1.5598155e-02   4.2150000e+03
  -1.5621891e-02   4.2300000e+03
  -1.5161910e-02   4.2450000e+03
  -1.4276721e-02   4.2600000e+03
  -1.3047982e-02   4.2750000e+03
  -1.1559727e-02   4.2900000e+03
  -9.8825265e-03   4.3050000e+03
  -8.0681788e-03   4.3200000e+03
  -6.1547263e-03   4.3350000e+03
  -4.1765166e-03   4.3500000e+03
  -2.1717490e-03   4.3650000e+03
  -1.8179449e-04   4.3800000e+03
   1.7578190e-03   4.3950000e+03
   3.6289166e-03   4.4100000e+03
   5.4368475e-03   4.4250000e+03
   7.2071650e-03   4.4400000e+03
   8.9750513e-03   4.4550000e+03
   1.0773722e-02   4.4700000e+03
   1.2627069e-02   4.4850000e+03
   1.4547596e-02   4.5000000e+03
