   7.0371055e-03   0.0000000e+00
   7.0377844e-03   1.5000000e+01
   7.0391279e-03   3.0000000e+01
   7.0396406e-03   4.5000000e+01
   7.0385742e-03   6.0000000e+01
   7.0353094e-03   7.5000000e+01
   7.0294426e-03   9.0000000e+01
   7.0219920e-03   1.0500000e+02
   7.0140450e-03   1.2000000e+02
   7.0047602e-03   1.3500000e+02
   6.9928267e-03   1.5000000e+02
   6.9781090e-03   1.6500000e+02
   6.9604982e-03   1.8000000e+02
   6.9392426e-03   1.9500000e+02
   6.9143190e-03   2.1000000e+02
   6.8873400e-03   2.2500000e+02
   6.8607852e-03   2.4000000e+02
   6.8364507e-03   2.5500000e+02
   6.8143010e-03   2.7000000e+02
   6.7923688e-03   2.8500000e+02
   6.7674993e-03   3.0000000e+02
   6.7368601e-03   3.1500000e+02
   6.6995271e-03   3.3000000e+02
   6.6567385e-03   3.4500000e+02
   6.6108750e-03   3.6000000e+02
   6.5637738e-03   3.7500000e+02
   6.5151677e-03   3.9000000e+02
   6.4637009e-03   4.0500000e+02
   6.4093140e-03   4.2000000e+02
   6.3518351e-03   4.3500000e+02
   6.2871454e-03   4.5000000e+02
   6.2063639e-03   4.6500000e+02
   6.0950462e-03   4.8000000e+02
   5.9269536e-03   4.9500000e+02
   5.6596766e-03   5.1000000e+02
   5.2479077e-03   5.2500000e+02
   4.6797069e-03   5.4000000e+02
   4.0191002e-03   5.5500000e+02
   3.4191534e-03   5.7000000e+02
   3.0679866e-03   5.8500000e+02
   3.0682958e-03   6.0000000e+02
   3.3268107e-03   6.1500000e+02
   3.5733788e-03   6.3000000e+02
   3.5502177e-03   6.4500000e+02
   3.2333885e-03   6.6000000e+02
   2.8574106e-03   6.7500000e+02
   2.6792323e-03   6.9000000e+02
   2.7164828e-03   7.0500000e+02
   2.7606525e-03   7.2000000e+02
   2.6508498e-03   7.3500000e+02
   2.4598269e-03   7.5000000e+02
   2.3532698e-03   7.6500000e+02
   2.3308382e-03   7.8000000e+02
   2.2245597e-03   7.9500000e+02
   1.9486318e-03   8.1000000e+02
   1.6130272e-03   8.2500000e+02
   1.3293050e-03   8.4000000e+02
   1.0324419e-03   8.5500000e+02
   6.1258359e-04   8.7000000e+02
   1.2019291e-04   8.8500000e+02
  -3.2959864e-04   9.0000000e+02
  -8.0258108e-04   9.1500000e+02
  -1.4977360e-03   9.3000000e+02
  -2.4502382e-03   9.4500000e+02
  -3.4688427e-03   9.6000000e+02
  -4.3943655e-03   9.7500000e+02
  -5.2194120e-03   9.9000000e+02
  -5.8487174e-03   1.0050000e+03
  -5.7887491e-03   1.0200000e+03
  -3.8852855e-03   1.0350000e+03
   2.2364070e-03   1.0500000e+03
   1.7267615e-02   1.0650000e+03
   4.9669106e-02   1.0800000e+03
   1.1307301e-01   1.0950000e+03
   2.2660270e-01   1.1100000e+03
   4.1162241e-01   1.1250000e+03
   6.8142444e-01   1.1400000e+03
   1.0219860e+00   1.1550000e+03
   1.3676534e+00   1.1700000e+03
   1.5852014e+00   1.1850000e+03
   1.4889742e+00   1.2000000e+03
   9.0840137e-01   1.2150000e+03
  -1.9506580e-01   1.2300000e+03
  -1.6117761e+00   1.2450000e+03
  -2.8623445e+00   1.2600000e+03
  -3.3552976e+00   1.2750000e+03
  -2.7100968e+00   1.2900000e+03
  -1.0769502e+00   1.3050000e+03
   8.0638868e-01   1.3200000e+03
   1.9737991e+00   1.3350000e+03
   1.8514942e+00   1.3500000e+03
   6.9493574e-01   1.3650000e+03
  -5.6751549e-01   1.3800000e+03
  -1.0436956e+00   1.3950000e+03
  -5.7376778e-01   1.4100000e+03
   2.1606809e-01   1.4250000e+03
   5.6244844e-01   1.4400000e+03
   2.7883700e-01   1.4550000e+03
  -1.7621578e-01   1.4700000e+03
  -2.9080141e-01   1.4850000e+03
  -4.7736291e-02   1.5000000e+03
   1.7208169e-01   1.5150000e+03
   1.2536462e-01   1.5300000e+03
  -3.1085158e-02   1.5450000e+03
  -3.6923788e-02   1.5600000e+03
   9.2326276e-02   1.5750000e+03
   1.3499470e-01   1.5900000e+03
   2.5753114e-02   1.6050000e+03
  -5.6168415e-02   1.6200000e+03
   1.4538777e-02   1.6350000e+03
   1.1154498e-01   1.6500000e+03
   6.7091338e-02   1.6650000e+03
  -5.9601631e-02   1.6800000e+03
  -8.7267131e-02   1.6950000e+03
  -8.6820880e-03   1.7100000e+03
   8.4602488e-03   1.7250000e+03
  -9.3646459e-02   1.7400000e+03
  -1.6868407e-01   1.7550000e+03
  -1.0747928e-01   1.7700000e+03
  -2.3313707e-03   1.7850000e+03
   2.6378071e-02   1.8000000e+03
   2.5089663e-02   1.8150000e+03
   9.6089266e-02   1.8300000e+03
   1.9670218e-01   1.8450000e+03
   2.0353380e-01   1.8600000e+03
   1.1427981e-01   1.8750000e+03
   2.8296446e-02   1.8900000e+03
  -4.1308988e-02   1.9050000e+03
  -1.7401601e-01   1.9200000e+03
  -3.5568580e-01   1.9350000e+03
  -4.3747404e-01   1.9500000e+03
  -3.2070491e-01   1.9650000e+03
  -6.7001127e-02   1.9800000e+03
   2.1017286e-01   1.9950000e+03
   4.4883978e-01   2.0100000e+03
   5.8855879e-01   2.0250000e+03
   5.3701669e-01   2.0400000e+03
   2.7658418e-01   2.0550000e+03
  -5.9481848e-02   2.0700000e+03
  -2.9141870e-01   2.0850000e+03
  -3.4119290e-01   2.1000000e+03
  -2.4538629e-01   2.1150000e+03
  -8.1115074e-02   2.1300000e+03
   7.2053373e-02   2.1450000e+03
   1.4848967e-01   2.1600000e+03
   1.3660577e-01   2.1750000e+03
   8.5407652e-02   2.1900000e+03
   4.1141398e-02   2.2050000e+03
   1.4193218e-03   2.2200000e+03
  -4.8479140e-02   2.2350000e+03
  -8.8988461e-02   2.2500000e+03
  -8.5756816e-02   2.2650000e+03
  -3.5058137e-02   2.2800000e+03
   3.0956795e-02   2.2950000e+03
   7.0282944e-02   2.3100000e+03
   5.5141661e-02   2.3250000e+03
  -8.9761121e-03   2.3400000e+03
  -7.8762770e-02   2.3550000e+03
  -1.0406508e-01   2.3700000e+03
  -7.1903497e-02   2.3850000e+03
  -1.1597024e-02   2.4000000e+03
   4.1097324e-02   2.4150000e+03
   7.1093813e-02   2.4300000e+03
   7.8135222e-02   2.4450000e+03
   6.3255951e-02   2.4600000e+03
   3.0444562e-02   2.4750000e+03
  -6.4934385e-03   2.4900000e+03
  -2.9522635e-02   2.5050000e+03
  -3.1495873e-02   2.5200000e+03
  -2.2045648e-02   2.5350000e+03
  -1.5244901e-02   2.5500000e+03
  -1.4316149e-02   2.5650000e+03
  -1.3436268e-02   2.5800000e+03
  -1.1112588e-02   2.5950000e+03
  -1.2703973e-02   2.6100000e+03
  -1.9960376e-02   2.6250000e+03
  -2.7046585e-02   2.6400000e+03
  -2.8315514e-02   2.6550000e+03
  -2.2984246e-02   2.6700000e+03
  -1.2064418e-02   2.6850000e+03
   2.3561900e-03   2.7000000e+03
   1.5215900e-02   2.7150000e+03
   2.2292655e-02   2.7300000e+03
   2.5087146e-02   2.7450000e+03
   2.6821649e-02   2.7600000e+03
   2.5794873e-02   2.7750000e+03
   1.7792132e-02   2.7900000e+03
   3.3227461e-03   2.8050000e+03
  -1.0975602e-02   2.8200000e+03
  -1.6420100e-02   2.8350000e+03
  -7.3653213e-03   2.8500000e+03
   1.2993510e-02   2.8650000e+03
   3.0596733e-02   2.8800000e+03
   2.9866112e-02   2.8950000e+03
   8.6806575e-03   2.9100000e+03
  -1.7893193e-02   2.9250000e+03
  -3.0050965e-02   2.9400000e+03
  -1.8698320e-02   2.9550000e+03
   9.2481095e-03   2.9700000e+03
   3.6728472e-02   2.9850000e+03
   4.7483318e-02   3.0000000e+03
   3.5500050e-02   3.0150000e+03
   7.9416381e-03   3.0300000e+03
  -1.9794194e-02   3.0450000e+03
  -3.3655129e-02   3.0600000e+03
  -2.9443270e-02   3.0750000e+03
  -1.4551571e-02   3.0900000e+03
  -8.1454363e-04   3.1050000e+03
   5.8084205e-03   3.1200000e+03
   8.4737856e-03   3.1350000e+03
   1.2579992e-02   3.1500000e+03
   1.7647624e-02   3.1650000e+03
   1.7646000e-02   3.1800000e+03
   8.2267458e-03   3.1950000e+03
  -8.4407870e-03   3.2100000e+03
  -2.5791954e-02   3.2250000e+03
  -3.7808727e-02   3.2400000e+03
  -4.1421432e-02   3.2550000e+03
  -3.6255136e-02   3.2700000e+03
  -2.4465628e-02   3.2850000e+03
  -1.0903810e-02   3.3000000e+03
  -1.4873189e-03   3.3150000e+03
   2.2336267e-04   3.3300000e+03
  -5.0340290e-03   3.3450000e+03
  -1.4030681e-02   3.3600000e+03
  -2.4389138e-02   3.3750000e+03
  -3.5399977e-02   3.3900000e+03
  -4.5760084e-02   3.4050000e+03
  -5.1910188e-02   3.4200000e+03
  -4.9808893e-02   3.4350000e+03
  -3.8200919e-02   3.4500000e+03
  -1.9398769e-02   3.4650000e+03
   2.9467759e-03   3.4800000e+03
   2.5828771e-02   3.4950000e+03
   4.6566274e-02   3.5100000e+03
   6.1953902e-02   3.5250000e+03
   6.9137558e-02   3.5400000e+03
   6.7333616e-02   3.5550000e+03
   5.7939343e-02   3.5700000e+03
   4.2928003e-02   3.5850000e+03
   2.3934653e-02   3.6000000e+03
   3.2724272e-03   3.6150000e+03
  -1.5074261e-02   3.6300000e+03
  -2.6946601e-02   3.6450000e+03
  -3.1114727e-02   3.6600000e+03
  -3.0241940e-02   3.6750000e+03
  -2.7967574e-02   3.6900000e+03
  -2.5181238e-02   3.7050000e+03
  -1.9690935e-02   3.7200000e+03
  -9.2009204e-03   3.7350000e+03
   6.1175763e-03   3.7500000e+03
   2.3393890e-02   3.7650000e+03
   3.7774988e-02   3.7800000e+03
   4.3343365e-02   3.7950000e+03
   3.5576738e-02   3.8100000e+03
   1.4822597e-02   3.8250000e+03
  -1.2983827e-02   3.8400000e+03
  -4.0078100e-02   3.8550000e+03
  -6.1321162e-02   3.8700000e+03
  -7.5033404e-02   3.8850000e+03
  -8.1109352e-02   3.9000000e+03
  -8.0045618e-02   3.9150000e+03
  -7.3385693e-02   3.9300000e+03
  -6.3367359e-02   3.9450000e+03
  -5.1531196e-02   3.9600000e+03
  -3.8307097e-02   3.9750000e+03
  -2.3921434e-02   3.9900000e+03
  -8.6875446e-03   4.0050000e+03
   7.8301700e-03   4.0200000e+03
   2.6686527e-02   4.0350000e+03
   4.7491033e-02   4.0500000e+03
   6.6905752e-02   4.0650000e+03
   8.0253936e-02   4.0800000e+03
   8.4765807e-02   4.0950000e+03
   8.0866322e-02   4.1100000e+03
   7.0842147e-02   4.1250000e+03
   5.7376124e-02   4.1400000e+03
   4.3128043e-02   4.1550000e+03
   3.0055158e-02   4.1700000e+03
   1.8338220e-02   4.1850000e+03
   6.8632187e-03   4.2000000e+03
  -4.7125132e-03   4.2150000e+03
  -1.5234829e-02   4.2300000e+03
  -2.3740578e-02   4.2450000e+03
  -3.0688435e-02   4.2600000e+03
  -3.6779411e-02   4.2750000e+03
  -4.1568678e-02   4.2900000e+03
  -4.4112280e-02   4.3050000e+03
  -4.4154588e-02   4.3200000e+03
  -4.1792724e-02   4.3350000e+03
  -3.6709823e-02   4.3500000e+03
  -2.8764648e-02   4.3650000e+03
  -1.8979236e-02   4.3800000e+03
  -9.1974940e-03   4.3950000e+03
  -1.0586315e-03   4.4100000e+03
   4.2399061e-03   4.4250000e+03
   5.8057909e-03   4.4400000e+03
   3.5935815e-03   4.4550000e+03
  -1.0011340e-03   4.4700000e+03
  -5.6911944e-03   4.4850000e+03
  -8.6126132e-03   4.5000000e+03
