  -9.4535563e-04   0.0000000e+00
  -9.4535656e-04   1.5000000e+01
  -9.4537227e-04   3.0000000e+01
  -9.4541954e-04   4.5000000e+01
  -9.4549562e-04   6.0000000e+01
  -9.4555470e-04   7.5000000e+01
  -9.4556483e-04   9.0000000e+01
  -9.4554789e-04   1.0500000e+02
  -9.4557961e-04   1.2000000e+02
  -9.4572676e-04   1.3500000e+02
  -9.4593095e-04   1.5000000e+02
  -9.4593200e-04   1.6500000e+02
  -9.4505539e-04   1.8000000e+02
  -9.4115030e-04   1.9500000e+02
  -9.2790433e-04   2.1000000e+02
  -8.9193363e-04   2.2500000e+02
  -8.1572117e-04   2.4000000e+02
  -6.9330906e-04   2.5500000e+02
  -5.5244920e-04   2.7000000e+02
  -4.5516118e-04   2.8500000e+02
  -4.5314664e-04   3.0000000e+02
  -5.2819325e-04   3.1500000e+02
  -5.9461553e-04   3.3000000e+02
  -5.8713910e-04   3.4500000e+02
  -5.3585629e-04   3.6000000e+02
  -5.2043021e-04   3.7500000e+02
  -5.5856601e-04   3.9000000e+02
  -5.8978051e-04   4.0500000e+02
  -5.7481084e-04   4.2000000e+02
  -5.5053999e-04   4.3500000e+02
  -5.5983098e-04   4.5000000e+02
  -5.8358401e-04   4.6500000e+02
  -5.8438361e-04   4.8000000e+02
  -5.7178648e-04   4.9500000e+02
  -5.7624886e-04   5.1000000e+02
  -5.9287861e-04   5.2500000e+02
  -5.9727271e-04   5.4000000e+02
  -5.9147261e-04   5.5500000e+02
  -5.9425749e-04   5.7000000e+02
  -6.0468458e-04   5.8500000e+02
  -6.0824165e-04   6.0000000e+02
  -6.0573855e-04   6.1500000e+02
  -6.0885039e-04   6.3000000e+02
  -6.1684020e-04   6.4500000e+02
  -6.2044628e-04   6.6000000e+02
  -6.2013569e-04   6.7500000e+02
  -6.2150159e-04   6.9000000e+02
  -6.2104082e-04   7.0500000e+02
  -6.1117159e-04   7.2000000e+02
  -5.9091818e-04   7.3500000e+02
  -5.6220725e-04   7.5000000e+02
  -5.2550848e-04   7.6500000e+02
  -4.8736547e-04   7.8000000e+02
  -4.6451195e-04   7.9500000e+02
  -4.7287377e-04   8.1000000e+02
  -5.1368482e-04   8.2500000e+02
  -5.7010958e-04   8.4000000e+02
  -6.1452802e-04   8.5500000e+02
  -6.2472263e-04   8.7000000e+02
  -6.0308015e-04   8.8500000e+02
  -5.7916302e-04   9.0000000e+02
  -5.8347004e-04   9.1500000e+02
  -6.1563635e-04   9.3000000e+02
  -6.4517517e-04   9.4500000e+02
  -6.4718141e-04   9.6000000e+02
  -6.3104200e-04   9.7500000e+02
  -6.2660582e-04   9.9000000e+02
  -6.4550643e-04   1.0050000e+03
  -6.6794618e-04   1.0200000e+03
  -6.7179761e-04   1.0350000e+03
  -6.6274707e-04   1.0500000e+03
  -6.6289777e-04   1.0650000e+03
  -6.7665504e-04   1.0800000e+03
  -6.8659126e-04   1.0950000e+03
  -6.8354857e-04   1.1100000e+03
  -6.8082480e-04   1.1250000e+03
  -6.9064653e-04   1.1400000e+03
  -7.0436165e-04   1.1550000e+03
  -7.0901861e-04   1.1700000e+03
  -7.0956221e-04   1.1850000e+03
  -7.1887596e-04   1.2000000e+03
  -7.3597091e-04   1.2150000e+03
  -7.5039873e-04   1.2300000e+03
  -7.6124689e-04   1.2450000e+03
  -7.7563256e-04   1.2600000e+03
  -7.9293724e-04   1.2750000e+03
  -8.0549374e-04   1.2900000e+03
  -8.1243500e-04   1.3050000e+03
  -8.2002534e-04   1.3200000e+03
  -8.3017658e-04   1.3350000e+03
  -8.3962659e-04   1.3500000e+03
  -8.4855885e-04   1.3650000e+03
  -8.6034078e-04   1.3800000e+03
  -8.7445497e-04   1.3950000e+03
  -8.8781078e-04   1.4100000e+03
  -9.0104312e-04   1.4250000e+03
  -9.1666897e-04   1.4400000e+03
  -9.3327562e-04   1.4550000e+03
  -9.4731868e-04   1.4700000e+03
  -9.5846097e-04   1.4850000e+03
  -9.6879824e-04   1.5000000e+03
  -9.7946101e-04   1.5150000e+03
  -9.9126738e-04   1.5300000e+03
  -1.0056852e-03   1.5450000e+03
  -1.0225176e-03   1.5600000e+03
  -1.0394210e-03   1.5750000e+03
  -1.0553309e-03   1.5900000e+03
  -1.0717042e-03   1.6050000e+03
  -1.0897418e-03   1.6200000e+03
  -1.1090605e-03   1.6350000e+03
  -1.1292916e-03   1.6500000e+03
  -1.1505816e-03   1.6650000e+03
  -1.1725565e-03   1.6800000e+03
  -1.1946291e-03   1.6950000e+03
  -1.2171591e-03   1.7100000e+03
  -1.2410834e-03   1.7250000e+03
  -1.2665988e-03   1.7400000e+03
  -1.2927238e-03   1.7550000e+03
  -1.3178308e-03   1.7700000e+03
  -1.3406939e-03   1.7850000e+03
  -1.3616702e-03   1.8000000e+03
  -1.3825330e-03   1.8150000e+03
  -1.4045265e-03   1.8300000e+03
  -1.4273127e-03   1.8450000e+03
  -1.4503845e-03   1.8600000e+03
  -1.4743835e-03   1.8750000e+03
  -1.5000773e-03   1.8900000e+03
  -1.5270425e-03   1.9050000e+03
  -1.5543430e-03   1.9200000e+03
  -1.5817841e-03   1.9350000e+03
  -1.6097559e-03   1.9500000e+03
  -1.6384779e-03   1.9650000e+03
  -1.6682226e-03   1.9800000e+03
  -1.6998823e-03   1.9950000e+03
  -1.7344209e-03   2.0100000e+03
  -1.7717454e-03   2.0250000e+03
  -1.8107623e-03   2.0400000e+03
  -1.8508122e-03   2.0550000e+03
  -1.8925708e-03   2.0700000e+03
  -1.9372095e-03   2.0850000e+03
  -1.9848738e-03   2.1000000e+03
  -2.0342751e-03   2.1150000e+03
  -2.0836967e-03   2.1300000e+03
  -2.1323140e-03   2.1450000e+03
  -2.1808220e-03   2.1600000e+03
  -2.2310603e-03   2.1750000e+03
  -2.2847834e-03   2.1900000e+03
  -2.3425478e-03   2.2050000e+03
  -2.4037627e-03   2.2200000e+03
  -2.4676719e-03   2.2350000e+03
  -2.5337853e-03   2.2500000e+03
  -2.6013381e-03   2.2650000e+03
  -2.6691225e-03   2.2800000e+03
  -2.7364215e-03   2.2950000e+03
  -2.8038344e-03   2.3100000e+03
  -2.8728377e-03   2.3250000e+03
  -2.9447165e-03   2.3400000e+03
  -3.0201254e-03   2.3550000e+03
  -3.0992855e-03   2.3700000e+03
  -3.1822005e-03   2.3850000e+03
  -3.2689413e-03   2.4000000e+03
  -3.3602330e-03   2.4150000e+03
  -3.4578622e-03   2.4300000e+03
  -3.5641305e-03   2.4450000e+03
  -3.6804639e-03   2.4600000e+03
  -3.8063286e-03   2.4750000e+03
  -3.9396277e-03   2.4900000e+03
  -4.0786979e-03   2.5050000e+03
  -4.2247185e-03   2.5200000e+03
  -4.3825712e-03   2.5350000e+03
  -4.5591621e-03   2.5500000e+03
  -4.7604572e-03   2.5650000e+03
  -4.9898415e-03   2.5800000e+03
  -5.2490770e-03   2.5950000e+03
  -5.5408413e-03   2.6100000e+03
  -5.8706785e-03   2.6250000e+03
  -6.2468727e-03   2.6400000e+03
  -6.6782059e-03   2.6550000e+03
  -7.1706516e-03   2.6700000e+03
  -7.7233277e-03   2.6850000e+03
  -8.3211511e-03   2.7000000e+03
  -8.9193555e-03   2.7150000e+03
  -9.4158705e-03   2.7300000e+03
  -9.6119279e-03   2.7450000e+03
  -9.1667986e-03   2.7600000e+03
  -7.5586396e-03   2.7750000e+03
  -4.0717926e-03   2.7900000e+03
   2.1595804e-03   2.8050000e+03
   1.2018260e-02   2.8200000e+03
   2.6163975e-02   2.8350000e+03
   4.4714101e-02   2.8500000e+03
   6.6938914e-02   2.8650000e+03
   9.1124848e-02   2.8800000e+03
   1.1476554e-01   2.8950000e+03
   1.3515125e-01   2.9100000e+03
   1.5023667e-01   2.9250000e+03
   1.5943767e-01   2.9400000e+03
   1.6386935e-01   2.9550000e+03
   1.6563864e-01   2.9700000e+03
   1.6620904e-01   2.9850000e+03
   1.6444188e-01   3.0000000e+03
   1.5538025e-01   3.0150000e+03
   1.3082318e-01   3.0300000e+03
   8.2086265e-02   3.0450000e+03
   4.2867577e-03   3.0600000e+03
  -9.9437997e-02   3.0750000e+03
  -2.1564893e-01   3.0900000e+03
  -3.2160896e-01   3.1050000e+03
  -3.8989282e-01   3.1200000e+03
  -3.9583799e-01   3.1350000e+03
  -3.2615414e-01   3.1500000e+03
  -1.8623397e-01   3.1650000e+03
  -3.1953314e-03   3.1800000e+03
   1.7798147e-01   3.1950000e+03
   3.0595997e-01   3.2100000e+03
   3.3959666e-01   3.2250000e+03
   2.6369810e-01   3.2400000e+03
   9.7255610e-02   3.2550000e+03
  -1.1003024e-01   3.2700000e+03
  -2.9236427e-01   3.2850000e+03
  -3.8876599e-01   3.3000000e+03
  -3.6355186e-01   3.3150000e+03
  -2.2000933e-01   3.3300000e+03
  -2.2812542e-03   3.3450000e+03
   2.1715087e-01   3.3600000e+03
   3.6257198e-01   3.3750000e+03
   3.8464627e-01   3.3900000e+03
   2.8173235e-01   3.4050000e+03
   1.0154222e-01   3.4200000e+03
  -7.9415902e-02   3.4350000e+03
  -1.8962979e-01   3.4500000e+03
  -1.9361761e-01   3.4650000e+03
  -1.0582411e-01   3.4800000e+03
   1.8470831e-02   3.4950000e+03
   1.1065716e-01   3.5100000e+03
   1.2223182e-01   3.5250000e+03
   4.8770569e-02   3.5400000e+03
  -6.7594543e-02   3.5550000e+03
  -1.5976094e-01   3.5700000e+03
  -1.7162412e-01   3.5850000e+03
  -8.9953266e-02   3.6000000e+03
   4.5914408e-02   3.6150000e+03
   1.6391571e-01   3.6300000e+03
   1.9957449e-01   3.6450000e+03
   1.3423234e-01   3.6600000e+03
   7.0107854e-03   3.6750000e+03
  -1.0944641e-01   3.6900000e+03
  -1.5547048e-01   3.7050000e+03
  -1.2161501e-01   3.7200000e+03
  -4.9666449e-02   3.7350000e+03
   3.0080094e-03   3.7500000e+03
   7.4283401e-03   3.7650000e+03
  -1.9344343e-02   3.7800000e+03
  -3.4802601e-02   3.7950000e+03
  -9.7356196e-03   3.8100000e+03
   4.8043046e-02   3.8250000e+03
   1.0204998e-01   3.8400000e+03
   1.1639400e-01   3.8550000e+03
   8.0573224e-02   3.8700000e+03
   1.3652544e-02   3.8850000e+03
  -4.9613278e-02   3.9000000e+03
  -7.8597456e-02   3.9150000e+03
  -6.2999472e-02   3.9300000e+03
  -1.9607088e-02   3.9450000e+03
   1.6426068e-02   3.9600000e+03
   1.6999133e-02   3.9750000e+03
  -1.1850811e-02   3.9900000e+03
  -2.8787753e-02   4.0050000e+03
   5.7546725e-03   4.0200000e+03
   8.2166903e-02   4.0350000e+03
   1.3542983e-01   4.0500000e+03
   1.0047016e-01   4.0650000e+03
  -1.6732085e-02   4.0800000e+03
  -1.2831615e-01   4.0950000e+03
  -1.3823949e-01   4.1100000e+03
  -3.4883693e-02   4.1250000e+03
   9.2601262e-02   4.1400000e+03
   1.3629971e-01   4.1550000e+03
   6.9048367e-02   4.1700000e+03
  -3.8370524e-02   4.1850000e+03
  -9.3906216e-02   4.2000000e+03
  -6.9322899e-02   4.2150000e+03
  -9.5519144e-03   4.2300000e+03
   2.7651524e-02   4.2450000e+03
   2.6089381e-02   4.2600000e+03
   8.3596418e-03   4.2750000e+03
  -1.6831367e-03   4.2900000e+03
  -2.2269032e-04   4.3050000e+03
   4.9751271e-03   4.3200000e+03
   6.9706473e-03   4.3350000e+03
  -4.4922563e-04   4.3500000e+03
  -2.2305347e-02   4.3650000e+03
  -5.0903365e-02   4.3800000e+03
  -6.0665466e-02   4.3950000e+03
  -2.8541645e-02   4.4100000e+03
   3.6238477e-02   4.4250000e+03
   9.0942018e-02   4.4400000e+03
   9.5006131e-02   4.4550000e+03
   4.5918766e-02   4.4700000e+03
  -2.1918200e-02   4.4850000e+03
  -6.8943150e-02   4.5000000e+03
