  -1.4407870e-03   0.0000000e+00
  -1.4407841e-03   1.5000000e+01
  -1.4408004e-03   3.0000000e+01
  -1.4408643e-03   4.5000000e+01
  -1.4409197e-03   6.0000000e+01
  -1.4408443e-03   7.5000000e+01
  -1.4405992e-03   9.0000000e+01
  -1.4403164e-03   1.0500000e+02
  -1.4402306e-03   1.2000000e+02
  -1.4404736e-03   1.3500000e+02
  -1.4408395e-03   1.5000000e+02
  -1.4406950e-03   1.6500000e+02
  -1.4388335e-03   1.8000000e+02
  -1.4319008e-03   1.9500000e+02
  -1.4100721e-03   2.1000000e+02
  -1.3522322e-03   2.2500000e+02
  -1.2304977e-03   2.4000000e+02
  -1.0351422e-03   2.5500000e+02
  -8.0994639e-04   2.7000000e+02
  -6.5331568e-04   2.8500000e+02
  -6.4757897e-04   3.0000000e+02
  -7.6428551e-04   3.1500000e+02
  -8.6772873e-04   3.3000000e+02
  -8.5417833e-04   3.4500000e+02
  -7.7095453e-04   3.6000000e+02
  -7.4417959e-04   3.7500000e+02
  -8.0214115e-04   3.9000000e+02
  -8.4942742e-04   4.0500000e+02
  -8.2406658e-04   4.2000000e+02
  -7.8438123e-04   4.3500000e+02
  -7.9808704e-04   4.5000000e+02
  -8.3480519e-04   4.6500000e+02
  -8.3500473e-04   4.8000000e+02
  -8.1345718e-04   4.9500000e+02
  -8.1835804e-04   5.1000000e+02
  -8.4221381e-04   5.2500000e+02
  -8.4653328e-04   5.4000000e+02
  -8.3458796e-04   5.5500000e+02
  -8.3623466e-04   5.7000000e+02
  -8.5010333e-04   5.8500000e+02
  -8.5317058e-04   6.0000000e+02
  -8.4659870e-04   6.1500000e+02
  -8.4893865e-04   6.3000000e+02
  -8.5940782e-04   6.4500000e+02
  -8.6373504e-04   6.6000000e+02
  -8.6297060e-04   6.7500000e+02
  -8.6681003e-04   6.9000000e+02
  -8.7171467e-04   7.0500000e+02
  -8.6892740e-04   7.2000000e+02
  -8.6076191e-04   7.3500000e+02
  -8.5293240e-04   7.5000000e+02
  -8.4443681e-04   7.6500000e+02
  -8.3631510e-04   7.8000000e+02
  -8.3849893e-04   7.9500000e+02
  -8.5926132e-04   8.1000000e+02
  -8.9526968e-04   8.2500000e+02
  -9.3511498e-04   8.4000000e+02
  -9.6615759e-04   8.5500000e+02
  -9.7945472e-04   8.7000000e+02
  -9.7759021e-04   8.8500000e+02
  -9.7727240e-04   9.0000000e+02
  -9.9485787e-04   9.1500000e+02
  -1.0277517e-03   9.3000000e+02
  -1.0566630e-03   9.4500000e+02
  -1.0681503e-03   9.6000000e+02
  -1.0697721e-03   9.7500000e+02
  -1.0795137e-03   9.9000000e+02
  -1.1034531e-03   1.0050000e+03
  -1.1292781e-03   1.0200000e+03
  -1.1430423e-03   1.0350000e+03
  -1.1470321e-03   1.0500000e+03
  -1.1549100e-03   1.0650000e+03
  -1.1717123e-03   1.0800000e+03
  -1.1883233e-03   1.0950000e+03
  -1.1975706e-03   1.1100000e+03
  -1.2054942e-03   1.1250000e+03
  -1.2207344e-03   1.1400000e+03
  -1.2414523e-03   1.1550000e+03
  -1.2614116e-03   1.1700000e+03
  -1.2827662e-03   1.1850000e+03
  -1.3127112e-03   1.2000000e+03
  -1.3509003e-03   1.2150000e+03
  -1.3898587e-03   1.2300000e+03
  -1.4261201e-03   1.2450000e+03
  -1.4621697e-03   1.2600000e+03
  -1.4984838e-03   1.2750000e+03
  -1.5322100e-03   1.2900000e+03
  -1.5636914e-03   1.3050000e+03
  -1.5966560e-03   1.3200000e+03
  -1.6316096e-03   1.3350000e+03
  -1.6655714e-03   1.3500000e+03
  -1.6984839e-03   1.3650000e+03
  -1.7339936e-03   1.3800000e+03
  -1.7738499e-03   1.3950000e+03
  -1.8165244e-03   1.4100000e+03
  -1.8610539e-03   1.4250000e+03
  -1.9080130e-03   1.4400000e+03
  -1.9570608e-03   1.4550000e+03
  -2.0065836e-03   1.4700000e+03
  -2.0553838e-03   1.4850000e+03
  -2.1035185e-03   1.5000000e+03
  -2.1527568e-03   1.5150000e+03
  -2.2062610e-03   1.5300000e+03
  -2.2656955e-03   1.5450000e+03
  -2.3289451e-03   1.5600000e+03
  -2.3930841e-03   1.5750000e+03
  -2.4591319e-03   1.5900000e+03
  -2.5311480e-03   1.6050000e+03
  -2.6107132e-03   1.6200000e+03
  -2.6950426e-03   1.6350000e+03
  -2.7808144e-03   1.6500000e+03
  -2.8673236e-03   1.6650000e+03
  -2.9554204e-03   1.6800000e+03
  -3.0458458e-03   1.6950000e+03
  -3.1399231e-03   1.7100000e+03
  -3.2407506e-03   1.7250000e+03
  -3.3524304e-03   1.7400000e+03
  -3.4770563e-03   1.7550000e+03
  -3.6118960e-03   1.7700000e+03
  -3.7509918e-03   1.7850000e+03
  -3.8911721e-03   1.8000000e+03
  -4.0355255e-03   1.8150000e+03
  -4.1896165e-03   1.8300000e+03
  -4.3554986e-03   1.8450000e+03
  -4.5311842e-03   1.8600000e+03
  -4.7151223e-03   1.8750000e+03
  -4.9094879e-03   1.8900000e+03
  -5.1194490e-03   1.9050000e+03
  -5.3504850e-03   1.9200000e+03
  -5.6057922e-03   1.9350000e+03
  -5.8848383e-03   1.9500000e+03
  -6.1850073e-03   1.9650000e+03
  -6.5060509e-03   1.9800000e+03
  -6.8526962e-03   1.9950000e+03
  -7.2323927e-03   2.0100000e+03
  -7.6511474e-03   2.0250000e+03
  -8.1111109e-03   2.0400000e+03
  -8.6086579e-03   2.0550000e+03
  -9.1298521e-03   2.0700000e+03
  -9.6420599e-03   2.0850000e+03
  -1.0079363e-02   2.1000000e+03
  -1.0314007e-02   2.1150000e+03
  -1.0102546e-02   2.1300000e+03
  -8.9973602e-03   2.1450000e+03
  -6.2209754e-03   2.1600000e+03
  -5.1490805e-04   2.1750000e+03
   9.9929608e-03   2.1900000e+03
   2.7801393e-02   2.2050000e+03
   5.5764265e-02   2.2200000e+03
   9.6345864e-02   2.2350000e+03
   1.5029073e-01   2.2500000e+03
   2.1483105e-01   2.2650000e+03
   2.8197160e-01   2.2800000e+03
   3.3788556e-01   2.2950000e+03
   3.6470607e-01   2.3100000e+03
   3.4554672e-01   2.3250000e+03
   2.7213830e-01   2.3400000e+03
   1.5232435e-01   2.3550000e+03
   1.2939516e-02   2.3700000e+03
  -1.0605410e-01   2.3850000e+03
  -1.6675700e-01   2.4000000e+03
  -1.5251023e-01   2.4150000e+03
  -8.0737792e-02   2.4300000e+03
   5.2031729e-04   2.4450000e+03
   3.4586065e-02   2.4600000e+03
  -1.3099556e-02   2.4750000e+03
  -1.3325641e-01   2.4900000e+03
  -2.7478543e-01   2.5050000e+03
  -3.7104252e-01   2.5200000e+03
  -3.7502089e-01   2.5350000e+03
  -2.8261623e-01   2.5500000e+03
  -1.3218835e-01   2.5650000e+03
   1.5839502e-02   2.5800000e+03
   1.0621805e-01   2.5950000e+03
   1.1131275e-01   2.6100000e+03
   4.2826310e-02   2.6250000e+03
  -5.1087618e-02   2.6400000e+03
  -1.0670331e-01   2.6550000e+03
  -7.9352610e-02   2.6700000e+03
   2.6603080e-02   2.6850000e+03
   1.5604100e-01   2.7000000e+03
   2.3612174e-01   2.7150000e+03
   2.2192521e-01   2.7300000e+03
   1.2073895e-01   2.7450000e+03
  -1.9550301e-02   2.7600000e+03
  -1.4198619e-01   2.7750000e+03
  -2.0614667e-01   2.7900000e+03
  -1.9777043e-01   2.8050000e+03
  -1.2874754e-01   2.8200000e+03
  -3.2175664e-02   2.8350000e+03
   5.0828524e-02   2.8500000e+03
   9.1069750e-02   2.8650000e+03
   8.4708855e-02   2.8800000e+03
   4.9390141e-02   2.8950000e+03
   9.2132585e-03   2.9100000e+03
  -1.7043499e-02   2.9250000e+03
  -2.0216737e-02   2.9400000e+03
  -2.9570835e-03   2.9550000e+03
   2.0389698e-02   2.9700000e+03
   3.2593142e-02   2.9850000e+03
   2.7594173e-02   3.0000000e+03
   1.4900804e-02   3.0150000e+03
   8.7755928e-03   3.0300000e+03
   1.5793696e-02   3.0450000e+03
   3.3598628e-02   3.0600000e+03
   5.5281330e-02   3.0750000e+03
   6.9426663e-02   3.0900000e+03
   6.1426468e-02   3.1050000e+03
   2.5681378e-02   3.1200000e+03
  -2.1682717e-02   3.1350000e+03
  -5.0701912e-02   3.1500000e+03
  -4.4163968e-02   3.1650000e+03
  -1.4072878e-02   3.1800000e+03
   1.1021564e-02   3.1950000e+03
   1.2439065e-02   3.2100000e+03
  -6.7168935e-03   3.2250000e+03
  -3.1258706e-02   3.2400000e+03
  -4.9256403e-02   3.2550000e+03
  -5.7564966e-02   3.2700000e+03
  -5.7298847e-02   3.2850000e+03
  -4.8980977e-02   3.3000000e+03
  -3.4838587e-02   3.3150000e+03
  -2.5214631e-02   3.3300000e+03
  -3.6954850e-02   3.3450000e+03
  -7.6782137e-02   3.3600000e+03
  -1.2275793e-01   3.3750000e+03
  -1.2901966e-01   3.3900000e+03
  -6.0536146e-02   3.4050000e+03
   7.0341922e-02   3.4200000e+03
   2.0357451e-01   3.4350000e+03
   2.7281478e-01   3.4500000e+03
   2.5219360e-01   3.4650000e+03
   1.6737221e-01   3.4800000e+03
   6.6350527e-02   3.4950000e+03
  -1.7040351e-02   3.5100000e+03
  -7.3934995e-02   3.5250000e+03
  -1.0487095e-01   3.5400000e+03
  -1.0423423e-01   3.5550000e+03
  -6.5417565e-02   3.5700000e+03
   7.9010945e-04   3.5850000e+03
   6.0045984e-02   3.6000000e+03
   7.4369855e-02   3.6150000e+03
   3.3389658e-02   3.6300000e+03
  -3.3174612e-02   3.6450000e+03
  -7.6961540e-02   3.6600000e+03
  -6.9719501e-02   3.6750000e+03
  -2.5232220e-02   3.6900000e+03
   1.4811219e-02   3.7050000e+03
   1.7053140e-02   3.7200000e+03
  -1.7993506e-02   3.7350000e+03
  -6.1001059e-02   3.7500000e+03
  -8.0015056e-02   3.7650000e+03
  -6.2525906e-02   3.7800000e+03
  -1.8183067e-02   3.7950000e+03
   3.2793157e-02   3.8100000e+03
   7.1783572e-02   3.8250000e+03
   8.7741546e-02   3.8400000e+03
   7.9128876e-02   3.8550000e+03
   5.4005429e-02   3.8700000e+03
   2.5995784e-02   3.8850000e+03
   5.5145780e-03   3.9000000e+03
  -6.8513798e-03   3.9150000e+03
  -1.6743522e-02   3.9300000e+03
  -2.5353897e-02   3.9450000e+03
  -2.5449451e-02   3.9600000e+03
  -1.0988419e-02   3.9750000e+03
   1.1599081e-02   3.9900000e+03
   2.7110606e-02   4.0050000e+03
   2.7385602e-02   4.0200000e+03
   1.8426463e-02   4.0350000e+03
   9.4778547e-03   4.0500000e+03
   1.0756174e-03   4.0650000e+03
  -9.8296888e-03   4.0800000e+03
  -1.7703254e-02   4.0950000e+03
  -1.2732001e-02   4.1100000e+03
   1.0148598e-03   4.1250000e+03
   3.0963179e-03   4.1400000e+03
  -1.9386372e-02   4.1550000e+03
  -5.1899161e-02   4.1700000e+03
  -6.6502728e-02   4.1850000e+03
  -5.3084750e-02   4.2000000e+03
  -2.6664255e-02   4.2150000e+03
  -4.6572946e-03   4.2300000e+03
   1.0726656e-02   4.2450000e+03
   2.3366241e-02   4.2600000e+03
   2.8666226e-02   4.2750000e+03
   1.9081708e-02   4.2900000e+03
  -7.8069599e-04   4.3050000e+03
  -1.5249236e-02   4.3200000e+03
  -1.3740538e-02   4.3350000e+03
   9.1635832e-04   4.3500000e+03
   1.9461114e-02   4.3650000e+03
   3.4415085e-02   4.3800000e+03
   4.1122545e-02   4.3950000e+03
   3.8072053e-02   4.4100000e+03
   2.9149884e-02   4.4250000e+03
   2.0739006e-02   4.4400000e+03
   1.3831104e-02   4.4550000e+03
   2.8508315e-03   4.4700000e+03
  -1.4865273e-02   4.4850000e+03
  -3.1521145e-02   4.5000000e+03
