  -4.9030525e-03   0.0000000e+00
  -4.9027274e-03   1.5000000e+01
  -4.9019312e-03   3.0000000e+01
  -4.9013188e-03   4.5000000e+01
  -4.9017989e-03   6.0000000e+01
  -4.9040415e-03   7.5000000e+01
  -4.9080239e-03   9.0000000e+01
  -4.9132397e-03   1.0500000e+02
  -4.9194279e-03   1.2000000e+02
  -4.9270550e-03   1.3500000e+02
  -4.9369093e-03   1.5000000e+02
  -4.9493355e-03   1.6500000e+02
  -4.9643260e-03   1.8000000e+02
  -4.9818805e-03   1.9500000e+02
  -5.0018127e-03   2.1000000e+02
  -5.0238874e-03   2.2500000e+02
  -5.0481893e-03   2.4000000e+02
  -5.0748112e-03   2.5500000e+02
  -5.1034181e-03   2.7000000e+02
  -5.1333932e-03   2.8500000e+02
  -5.1642875e-03   3.0000000e+02
  -5.1960670e-03   3.1500000e+02
  -5.2289055e-03   3.3000000e+02
  -5.2628736e-03   3.4500000e+02
  -5.2974927e-03   3.6000000e+02
  -5.3313994e-03   3.7500000e+02
  -5.3633396e-03   3.9000000e+02
  -5.3939368e-03   4.0500000e+02
  -5.4247668e-03   4.2000000e+02
  -5.4546189e-03   4.3500000e+02
  -5.4790447e-03   4.5000000e+02
  -5.4952535e-03   4.6500000e+02
  -5.5050682e-03   4.8000000e+02
  -5.5120410e-03   4.9500000e+02
  -5.5183554e-03   5.1000000e+02
  -5.5252793e-03   5.2500000e+02
  -5.5339560e-03   5.4000000e+02
  -5.5442965e-03   5.5500000e+02
  -5.5545899e-03   5.7000000e+02
  -5.5638161e-03   5.8500000e+02
  -5.5727568e-03   6.0000000e+02
  -5.5810330e-03   6.1500000e+02
  -5.5857911e-03   6.3000000e+02
  -5.5857012e-03   6.4500000e+02
  -5.5828108e-03   6.6000000e+02
  -5.5790409e-03   6.7500000e+02
  -5.5746920e-03   6.9000000e+02
  -5.5702156e-03   7.0500000e+02
  -5.5659064e-03   7.2000000e+02
  -5.5609266e-03   7.3500000e+02
  -5.5542388e-03   7.5000000e+02
  -5.5450466e-03   7.6500000e+02
  -5.5327285e-03   7.8000000e+02
  -5.5175642e-03   7.9500000e+02
  -5.5003148e-03   8.1000000e+02
  -5.4807449e-03   8.2500000e+02
  -5.4578241e-03   8.4000000e+02
  -5.4309359e-03   8.5500000e+02
  -5.4000574e-03   8.7000000e+02
  -5.3653279e-03   8.8500000e+02
  -5.3264075e-03   9.0000000e+02
  -5.2819047e-03   9.1500000e+02
  -5.2299802e-03   9.3000000e+02
  -5.1691113e-03   9.4500000e+02
  -5.0975680e-03   9.6000000e+02
  -5.0129206e-03   9.7500000e+02
  -4.9120728e-03   9.9000000e+02
  -4.7911732e-03   1.0050000e+03
  -4.6463828e-03   1.0200000e+03
  -4.4746604e-03   1.0350000e+03
  -4.2725350e-03   1.0500000e+03
  -4.0346431e-03   1.0650000e+03
  -3.7539105e-03   1.0800000e+03
  -3.4218496e-03   1.0950000e+03
  -3.0280731e-03   1.1100000e+03
  -2.5598535e-03   1.1250000e+03
  -2.0017137e-03   1.1400000e+03
  -1.3344017e-03   1.1550000e+03
  -5.3326820e-04   1.1700000e+03
   4.3301107e-04   1.1850000e+03
   1.6030798e-03   1.2000000e+03
   3.0238372e-03   1.2150000e+03
   4.7524180e-03   1.2300000e+03
   6.8590604e-03   1.2450000e+03
   9.4307279e-03   1.2600000e+03
   1.2575733e-02   1.2750000e+03
   1.6429221e-02   1.2900000e+03
   2.1158630e-02   1.3050000e+03
   2.6967345e-02   1.3200000e+03
   3.4094024e-02   1.3350000e+03
   4.2805746e-02   1.3500000e+03
   5.3385112e-02   1.3650000e+03
   6.6112928e-02   1.3800000e+03
   8.1246905e-02   1.3950000e+03
   9.8994017e-02   1.4100000e+03
   1.1947007e-01   1.4250000e+03
   1.4263690e-01   1.4400000e+03
   1.6821219e-01   1.4550000e+03
   1.9556300e-01   1.4700000e+03
   2.2361739e-01   1.4850000e+03
   2.5084409e-01   1.5000000e+03
   2.7534449e-01   1.5150000e+03
   2.9507199e-01   1.5300000e+03
   3.0814561e-01   1.5450000e+03
   3.1318322e-01   1.5600000e+03
   3.0956203e-01   1.5750000e+03
   2.9753777e-01   1.5900000e+03
   2.7819929e-01   1.6050000e+03
   2.5327900e-01   1.6200000e+03
   2.2486366e-01   1.6350000e+03
   1.9505958e-01   1.6500000e+03
   1.6567701e-01   1.6650000e+03
   1.3800678e-01   1.6800000e+03
   1.1274465e-01   1.6950000e+03
   9.0065643e-02   1.7100000e+03
   6.9792211e-02   1.7250000e+03
   5.1577918e-02   1.7400000e+03
   3.5053551e-02   1.7550000e+03
   1.9922340e-02   1.7700000e+03
   6.0111727e-03   1.7850000e+03
  -6.7146928e-03   1.8000000e+03
  -1.8164309e-02   1.8150000e+03
  -2.8147748e-02   1.8300000e+03
  -3.6411695e-02   1.8450000e+03
  -4.2697050e-02   1.8600000e+03
  -4.6831928e-02   1.8750000e+03
  -4.8840452e-02   1.8900000e+03
  -4.9010709e-02   1.9050000e+03
  -4.7868975e-02   1.9200000e+03
  -4.6058659e-02   1.9350000e+03
  -4.4177059e-02   1.9500000e+03
  -4.2633839e-02   1.9650000e+03
  -4.1564260e-02   1.9800000e+03
  -4.0801391e-02   1.9950000e+03
  -3.9912660e-02   2.0100000e+03
  -3.8313836e-02   2.0250000e+03
  -3.5450850e-02   2.0400000e+03
  -3.0992955e-02   2.0550000e+03
  -2.4959100e-02   2.0700000e+03
  -1.7728483e-02   2.0850000e+03
  -9.9374661e-03   2.1000000e+03
  -2.2979791e-03   2.1150000e+03
   4.6119615e-03   2.1300000e+03
   1.0516020e-02   2.1450000e+03
   1.5486719e-02   2.1600000e+03
   1.9834796e-02   2.1750000e+03
   2.3897680e-02   2.1900000e+03
   2.7861623e-02   2.2050000e+03
   3.1732969e-02   2.2200000e+03
   3.5456836e-02   2.2350000e+03
   3.9059170e-02   2.2500000e+03
   4.2669538e-02   2.2650000e+03
   4.6389136e-02   2.2800000e+03
   5.0108947e-02   2.2950000e+03
   5.3428739e-02   2.3100000e+03
   5.5737440e-02   2.3250000e+03
   5.6381710e-02   2.3400000e+03
   5.4806970e-02   2.3550000e+03
   5.0637536e-02   2.3700000e+03
   4.3763980e-02   2.3850000e+03
   3.4496609e-02   2.4000000e+03
   2.3719046e-02   2.4150000e+03
   1.2867703e-02   2.4300000e+03
   3.6104245e-03   2.4450000e+03
  -2.7024013e-03   2.4600000e+03
  -5.5467715e-03   2.4750000e+03
  -5.4162233e-03   2.4900000e+03
  -3.6142312e-03   2.5050000e+03
  -1.8033622e-03   2.5200000e+03
  -1.5449724e-03   2.5350000e+03
  -3.9593107e-03   2.5500000e+03
  -9.5120221e-03   2.5650000e+03
  -1.7927848e-02   2.5800000e+03
  -2.8288526e-02   2.5950000e+03
  -3.9336290e-02   2.6100000e+03
  -4.9864907e-02   2.6250000e+03
  -5.9003439e-02   2.6400000e+03
  -6.6297360e-02   2.6550000e+03
  -7.1656980e-02   2.6700000e+03
  -7.5283334e-02   2.6850000e+03
  -7.7585071e-02   2.7000000e+03
  -7.9034746e-02   2.7150000e+03
  -7.9980955e-02   2.7300000e+03
  -8.0528535e-02   2.7450000e+03
  -8.0574274e-02   2.7600000e+03
  -7.9956874e-02   2.7750000e+03
  -7.8594573e-02   2.7900000e+03
  -7.6523036e-02   2.8050000e+03
  -7.3845580e-02   2.8200000e+03
  -7.0667140e-02   2.8350000e+03
  -6.7071289e-02   2.8500000e+03
  -6.3147672e-02   2.8650000e+03
  -5.9028562e-02   2.8800000e+03
  -5.4886609e-02   2.8950000e+03
  -5.0893288e-02   2.9100000e+03
  -4.7188688e-02   2.9250000e+03
  -4.3898322e-02   2.9400000e+03
  -4.1162096e-02   2.9550000e+03
  -3.9112426e-02   2.9700000e+03
  -3.7800394e-02   2.9850000e+03
  -3.7140202e-02   3.0000000e+03
  -3.6928795e-02   3.0150000e+03
  -3.6925830e-02   3.0300000e+03
  -3.6942776e-02   3.0450000e+03
  -3.6906846e-02   3.0600000e+03
  -3.6881711e-02   3.0750000e+03
  -3.7028581e-02   3.0900000e+03
  -3.7515879e-02   3.1050000e+03
  -3.8429148e-02   3.1200000e+03
  -3.9736960e-02   3.1350000e+03
  -4.1319840e-02   3.1500000e+03
  -4.3025319e-02   3.1650000e+03
  -4.4715326e-02   3.1800000e+03
  -4.6292000e-02   3.1950000e+03
  -4.7691077e-02   3.2100000e+03
  -4.8837800e-02   3.2250000e+03
  -4.9592894e-02   3.2400000e+03
  -4.9743168e-02   3.2550000e+03
  -4.9060937e-02   3.2700000e+03
  -4.7388375e-02   3.2850000e+03
  -4.4677310e-02   3.3000000e+03
  -4.0966980e-02   3.3150000e+03
  -3.6348484e-02   3.3300000e+03
  -3.0965146e-02   3.3450000e+03
  -2.5040595e-02   3.3600000e+03
  -1.8890429e-02   3.3750000e+03
  -1.2896669e-02   3.3900000e+03
  -7.4620671e-03   3.4050000e+03
  -2.9630258e-03   3.4200000e+03
   2.9814075e-04   3.4350000e+03
   2.1369320e-03   3.4500000e+03
   2.5039003e-03   3.4650000e+03
   1.4633476e-03   3.4800000e+03
  -8.4104942e-04   3.4950000e+03
  -4.1962466e-03   3.5100000e+03
  -8.3052721e-03   3.5250000e+03
  -1.2787327e-02   3.5400000e+03
  -1.7220724e-02   3.5550000e+03
  -2.1210657e-02   3.5700000e+03
  -2.4441656e-02   3.5850000e+03
  -2.6696818e-02   3.6000000e+03
  -2.7855877e-02   3.6150000e+03
  -2.7886637e-02   3.6300000e+03
  -2.6830137e-02   3.6450000e+03
  -2.4778161e-02   3.6600000e+03
  -2.1853616e-02   3.6750000e+03
  -1.8206576e-02   3.6900000e+03
  -1.4022873e-02   3.7050000e+03
  -9.5278444e-03   3.7200000e+03
  -4.9749711e-03   3.7350000e+03
  -6.2854786e-04   3.7500000e+03
   3.2451819e-03   3.7650000e+03
   6.3813892e-03   3.7800000e+03
   8.5355993e-03   3.7950000e+03
   9.5317475e-03   3.8100000e+03
   9.3228547e-03   3.8250000e+03
   8.0273924e-03   3.8400000e+03
   5.9171095e-03   3.8550000e+03
   3.3654864e-03   3.8700000e+03
   7.8623515e-04   3.8850000e+03
  -1.4165731e-03   3.9000000e+03
  -2.8841938e-03   3.9150000e+03
  -3.3290507e-03   3.9300000e+03
  -2.5500550e-03   3.9450000e+03
  -4.3708770e-04   3.9600000e+03
   3.0248580e-03   3.9750000e+03
   7.7372068e-03   3.9900000e+03
   1.3455555e-02   4.0050000e+03
   1.9766033e-02   4.0200000e+03
   2.6097208e-02   4.0350000e+03
   3.1778160e-02   4.0500000e+03
   3.6135174e-02   4.0650000e+03
   3.8612816e-02   4.0800000e+03
   3.8900010e-02   4.0950000e+03
   3.7025727e-02   4.1100000e+03
   3.3376094e-02   4.1250000e+03
   2.8602568e-02   4.1400000e+03
   2.3442572e-02   4.1550000e+03
   1.8523190e-02   4.1700000e+03
   1.4224923e-02   4.1850000e+03
   1.0645009e-02   4.2000000e+03
   7.6526920e-03   4.2150000e+03
   5.0014565e-03   4.2300000e+03
   2.4555339e-03   4.2450000e+03
  -1.1203356e-04   4.2600000e+03
  -2.6837047e-03   4.2750000e+03
  -5.1313303e-03   4.2900000e+03
  -7.2907512e-03   4.3050000e+03
  -9.0299062e-03   4.3200000e+03
  -1.0278589e-02   4.3350000e+03
  -1.1021804e-02   4.3500000e+03
  -1.1280849e-02   4.3650000e+03
  -1.1103576e-02   4.3800000e+03
  -1.0568443e-02   4.3950000e+03
  -9.7926827e-03   4.4100000e+03
  -8.9302659e-03   4.4250000e+03
  -8.1495484e-03   4.4400000e+03
  -7.5923204e-03   4.4550000e+03
  -7.3308093e-03   4.4700000e+03
  -7.3467093e-03   4.4850000e+03
  -7.5469650e-03   4.5000000e+03
