  -2.9591101e-03   0.0000000e+00
  -2.9589622e-03   1.5000000e+01
  -2.9586116e-03   3.0000000e+01
  -2.9583306e-03   4.5000000e+01
  -2.9583361e-03   6.0000000e+01
  -2.9587212e-03   7.5000000e+01
  -2.9595576e-03   9.0000000e+01
  -2.9609164e-03   1.0500000e+02
  -2.9628659e-03   1.2000000e+02
  -2.9654850e-03   1.3500000e+02
  -2.9687225e-03   1.5000000e+02
  -2.9724338e-03   1.6500000e+02
  -2.9766341e-03   1.8000000e+02
  -2.9812888e-03   1.9500000e+02
  -2.9859294e-03   2.1000000e+02
  -2.9899916e-03   2.2500000e+02
  -2.9935157e-03   2.4000000e+02
  -2.9972468e-03   2.5500000e+02
  -3.0019728e-03   2.7000000e+02
  -3.0077216e-03   2.8500000e+02
  -3.0136839e-03   3.0000000e+02
  -3.0190402e-03   3.1500000e+02
  -3.0237939e-03   3.3000000e+02
  -3.0287583e-03   3.4500000e+02
  -3.0348911e-03   3.6000000e+02
  -3.0427049e-03   3.7500000e+02
  -3.0521466e-03   3.9000000e+02
  -3.0629702e-03   4.0500000e+02
  -3.0748392e-03   4.2000000e+02
  -3.0868091e-03   4.3500000e+02
  -3.0975181e-03   4.5000000e+02
  -3.1065703e-03   4.6500000e+02
  -3.1148940e-03   4.8000000e+02
  -3.1233830e-03   4.9500000e+02
  -3.1322762e-03   5.1000000e+02
  -3.1420917e-03   5.2500000e+02
  -3.1539521e-03   5.4000000e+02
  -3.1684153e-03   5.5500000e+02
  -3.1849416e-03   5.7000000e+02
  -3.2030521e-03   5.8500000e+02
  -3.2228723e-03   6.0000000e+02
  -3.2439542e-03   6.1500000e+02
  -3.2651003e-03   6.3000000e+02
  -3.2860078e-03   6.4500000e+02
  -3.3074885e-03   6.6000000e+02
  -3.3298845e-03   6.7500000e+02
  -3.3530032e-03   6.9000000e+02
  -3.3771885e-03   7.0500000e+02
  -3.4028389e-03   7.2000000e+02
  -3.4296983e-03   7.3500000e+02
  -3.4574636e-03   7.5000000e+02
  -3.4861076e-03   7.6500000e+02
  -3.5155143e-03   7.8000000e+02
  -3.5456924e-03   7.9500000e+02
  -3.5770172e-03   8.1000000e+02
  -3.6097730e-03   8.2500000e+02
  -3.6439192e-03   8.4000000e+02
  -3.6792876e-03   8.5500000e+02
  -3.7157170e-03   8.7000000e+02
  -3.7533287e-03   8.8500000e+02
  -3.7926105e-03   9.0000000e+02
  -3.8338369e-03   9.1500000e+02
  -3.8768605e-03   9.3000000e+02
  -3.9218012e-03   9.4500000e+02
  -3.9694267e-03   9.6000000e+02
  -4.0206602e-03   9.7500000e+02
  -4.0759863e-03   9.9000000e+02
  -4.1353735e-03   1.0050000e+03
  -4.1987761e-03   1.0200000e+03
  -4.2666038e-03   1.0350000e+03
  -4.3395679e-03   1.0500000e+03
  -4.4182194e-03   1.0650000e+03
  -4.5027770e-03   1.0800000e+03
  -4.5930487e-03   1.0950000e+03
  -4.6881200e-03   1.1100000e+03
  -4.7860364e-03   1.1250000e+03
  -4.8843282e-03   1.1400000e+03
  -4.9816836e-03   1.1550000e+03
  -5.0796014e-03   1.1700000e+03
  -5.1821945e-03   1.1850000e+03
  -5.2939006e-03   1.2000000e+03
  -5.4171123e-03   1.2150000e+03
  -5.5519794e-03   1.2300000e+03
  -5.6981416e-03   1.2450000e+03
  -5.8560618e-03   1.2600000e+03
  -6.0264766e-03   1.2750000e+03
  -6.2092203e-03   1.2900000e+03
  -6.4032855e-03   1.3050000e+03
  -6.6079604e-03   1.3200000e+03
  -6.8234866e-03   1.3350000e+03
  -7.0509566e-03   1.3500000e+03
  -7.2923168e-03   1.3650000e+03
  -7.5508319e-03   1.3800000e+03
  -7.8311758e-03   1.3950000e+03
  -8.1388960e-03   1.4100000e+03
  -8.4802248e-03   1.4250000e+03
  -8.8629574e-03   1.4400000e+03
  -9.2974752e-03   1.4550000e+03
  -9.7963093e-03   1.4700000e+03
  -1.0372088e-02   1.4850000e+03
  -1.1033981e-02   1.5000000e+03
  -1.1779112e-02   1.5150000e+03
  -1.2568786e-02   1.5300000e+03
  -1.3275187e-02   1.5450000e+03
  -1.3587191e-02   1.5600000e+03
  -1.2877269e-02   1.5750000e+03
  -1.0057988e-02   1.5900000e+03
  -3.4965421e-03   1.6050000e+03
   8.9056371e-03   1.6200000e+03
   2.9356059e-02   1.6350000e+03
   5.9490729e-02   1.6500000e+03
   9.9470571e-02   1.6650000e+03
   1.4713629e-01   1.6800000e+03
   1.9761668e-01   1.6950000e+03
   2.4373317e-01   1.7100000e+03
   2.7731848e-01   1.7250000e+03
   2.9127315e-01   1.7400000e+03
   2.8192696e-01   1.7550000e+03
   2.5104380e-01   1.7700000e+03
   2.0652935e-01   1.7850000e+03
   1.6075850e-01   1.8000000e+03
   1.2603174e-01   1.8150000e+03
   1.0848361e-01   1.8300000e+03
   1.0403707e-01   1.8450000e+03
   1.0040262e-01   1.8600000e+03
   8.5639849e-02   1.8750000e+03
   5.7874355e-02   1.8900000e+03
   2.7858365e-02   1.9050000e+03
   1.0904333e-02   1.9200000e+03
   1.4667592e-02   1.9350000e+03
   3.4331467e-02   1.9500000e+03
   5.9721783e-02   1.9650000e+03
   8.5646182e-02   1.9800000e+03
   1.1248456e-01   1.9950000e+03
   1.3549663e-01   2.0100000e+03
   1.3602968e-01   2.0250000e+03
   8.7453246e-02   2.0400000e+03
  -2.7255645e-02   2.0550000e+03
  -2.0117599e-01   2.0700000e+03
  -4.0112427e-01   2.0850000e+03
  -5.7329613e-01   2.1000000e+03
  -6.5270060e-01   2.1150000e+03
  -5.8184791e-01   2.1300000e+03
  -3.4159341e-01   2.1450000e+03
   2.2214223e-02   2.1600000e+03
   4.0245575e-01   2.1750000e+03
   6.7115533e-01   2.1900000e+03
   7.3309124e-01   2.2050000e+03
   5.6430072e-01   2.2200000e+03
   2.2678888e-01   2.2350000e+03
  -1.3932635e-01   2.2500000e+03
  -3.5664970e-01   2.2650000e+03
  -2.9469210e-01   2.2800000e+03
   3.1142322e-02   2.2950000e+03
   4.2072046e-01   2.3100000e+03
   5.7627046e-01   2.3250000e+03
   2.9730767e-01   2.3400000e+03
  -3.3703476e-01   2.3550000e+03
  -9.5144939e-01   2.3700000e+03
  -1.0895169e+00   2.3850000e+03
  -5.5236495e-01   2.4000000e+03
   3.8799202e-01   2.4150000e+03
   1.1166145e+00   2.4300000e+03
   1.1175987e+00   2.4450000e+03
   4.0793723e-01   2.4600000e+03
  -4.2971855e-01   2.4750000e+03
  -7.1377641e-01   2.4900000e+03
  -2.6538342e-01   2.5050000e+03
   4.1530618e-01   2.5200000e+03
   6.1881852e-01   2.5350000e+03
   1.3152398e-01   2.5500000e+03
  -5.3248870e-01   2.5650000e+03
  -6.5660340e-01   2.5800000e+03
  -9.0869121e-02   2.5950000e+03
   5.6854701e-01   2.6100000e+03
   6.2793845e-01   2.6250000e+03
   7.5317599e-02   2.6400000e+03
  -4.1008806e-01   2.6550000e+03
  -2.6033729e-01   2.6700000e+03
   3.0219153e-01   2.6850000e+03
   5.4031402e-01   2.7000000e+03
   1.1712673e-01   2.7150000e+03
  -4.7673285e-01   2.7300000e+03
  -5.2891576e-01   2.7450000e+03
   1.1541510e-02   2.7600000e+03
   4.9084577e-01   2.7750000e+03
   3.8498223e-01   2.7900000e+03
  -7.8058116e-02   2.8050000e+03
  -2.8805318e-01   2.8200000e+03
  -6.7982182e-02   2.8350000e+03
   1.6223127e-01   2.8500000e+03
   3.1244066e-02   2.8650000e+03
  -2.6897368e-01   2.8800000e+03
  -2.9144204e-01   2.8950000e+03
   2.0641284e-02   2.9100000e+03
   2.6574770e-01   2.9250000e+03
   1.4516793e-01   2.9400000e+03
  -1.5637353e-01   2.9550000e+03
  -2.5749743e-01   2.9700000e+03
  -7.6978624e-02   2.9850000e+03
   1.2593015e-01   3.0000000e+03
   1.3142960e-01   3.0150000e+03
  -3.1820021e-03   3.0300000e+03
  -9.8183863e-02   3.0450000e+03
  -9.2115737e-02   3.0600000e+03
  -5.1568825e-02   3.0750000e+03
  -3.1532634e-02   3.0900000e+03
  -2.4947839e-02   3.1050000e+03
  -2.3184964e-02   3.1200000e+03
  -4.2684142e-02   3.1350000e+03
  -7.8774825e-02   3.1500000e+03
  -8.5966997e-02   3.1650000e+03
  -3.3296984e-02   3.1800000e+03
   4.2538039e-02   3.1950000e+03
   6.7199834e-02   3.2100000e+03
   1.4073917e-02   3.2250000e+03
  -5.6663215e-02   3.2400000e+03
  -6.1291263e-02   3.2550000e+03
   5.9711621e-03   3.2700000e+03
   6.0000934e-02   3.2850000e+03
   3.2095723e-02   3.3000000e+03
  -3.5727967e-02   3.3150000e+03
  -4.7466304e-02   3.3300000e+03
   6.8659326e-03   3.3450000e+03
   3.2033052e-02   3.3600000e+03
  -3.1005932e-02   3.3750000e+03
  -1.1020163e-01   3.3900000e+03
  -1.0443939e-01   3.4050000e+03
  -3.3424694e-02   3.4200000e+03
  -4.7293808e-03   3.4350000e+03
  -4.6770066e-02   3.4500000e+03
  -6.7535438e-02   3.4650000e+03
  -3.7724799e-03   3.4800000e+03
   7.4468769e-02   3.4950000e+03
   6.9638550e-02   3.5100000e+03
   7.3675206e-03   3.5250000e+03
  -4.2699366e-03   3.5400000e+03
   5.6847181e-02   3.5550000e+03
   9.2859112e-02   3.5700000e+03
   3.7114561e-02   3.5850000e+03
  -4.4598419e-02   3.6000000e+03
  -5.5860616e-02   3.6150000e+03
  -1.3770965e-02   3.6300000e+03
  -1.6688516e-02   3.6450000e+03
  -9.2712782e-02   3.6600000e+03
  -1.6217655e-01   3.6750000e+03
  -1.6231342e-01   3.6900000e+03
  -1.3577282e-01   3.7050000e+03
  -1.5283504e-01   3.7200000e+03
  -1.9742802e-01   3.7350000e+03
  -1.9334927e-01   3.7500000e+03
  -1.2290199e-01   3.7650000e+03
  -5.2538086e-02   3.7800000e+03
  -3.2163948e-02   3.7950000e+03
  -2.7382199e-02   3.8100000e+03
   1.7020367e-02   3.8250000e+03
   8.8445239e-02   3.8400000e+03
   1.2695077e-01   3.8550000e+03
   1.1258206e-01   3.8700000e+03
   8.1737354e-02   3.8850000e+03
   5.8850162e-02   3.9000000e+03
   2.2190897e-02   3.9150000e+03
  -4.4192128e-02   3.9300000e+03
  -1.0510906e-01   3.9450000e+03
  -1.1382506e-01   3.9600000e+03
  -7.3908128e-02   3.9750000e+03
  -2.7187418e-02   3.9900000e+03
   6.5756883e-03   4.0050000e+03
   4.1258488e-02   4.0200000e+03
   7.9300068e-02   4.0350000e+03
   9.4128758e-02   4.0500000e+03
   6.9579937e-02   4.0650000e+03
   2.7276834e-02   4.0800000e+03
  -3.2650747e-03   4.0950000e+03
  -2.0899385e-02   4.1100000e+03
  -4.0289599e-02   4.1250000e+03
  -5.9317872e-02   4.1400000e+03
  -6.0652662e-02   4.1550000e+03
  -3.7697930e-02   4.1700000e+03
  -7.9065055e-04   4.1850000e+03
   3.6704876e-02   4.2000000e+03
   6.1536394e-02   4.2150000e+03
   5.4860584e-02   4.2300000e+03
   4.6317256e-03   4.2450000e+03
  -7.0488907e-02   4.2600000e+03
  -1.2289552e-01   4.2750000e+03
  -1.1156517e-01   4.2900000e+03
  -3.6149263e-02   4.3050000e+03
   6.1005533e-02   4.3200000e+03
   1.2163591e-01   4.3350000e+03
   1.0792673e-01   4.3500000e+03
   2.9605044e-02   4.3650000e+03
  -5.8257211e-02   4.3800000e+03
  -9.3994223e-02   4.3950000e+03
  -5.7370506e-02   4.4100000e+03
   1.7104197e-02   4.4250000e+03
   7.3328048e-02   4.4400000e+03
   7.8793041e-02   4.4550000e+03
   4.1625053e-02   4.4700000e+03
  -6.4872270e-03   4.4850000e+03
  -3.7387624e-02   4.5000000e+03
