  -5.6580393e-05   0.0000000e+00
  -5.6746376e-05   1.5000000e+01
  -5.7262969e-05   3.0000000e+01
  -5.8096248e-05   4.5000000e+01
  -5.9073227e-05   6.0000000e+01
  -6.0046841e-05   7.5000000e+01
  -6.1126135e-05   9.0000000e+01
  -6.2646999e-05   1.0500000e+02
  -6.4889355e-05   1.2000000e+02
  -6.7855493e-05   1.3500000e+02
  -7.1205977e-05   1.5000000e+02
  -7.4406038e-05   1.6500000e+02
  -7.6876495e-05   1.8000000e+02
  -7.7465942e-05   1.9500000e+02
  -7.2620154e-05   2.1000000e+02
  -5.4190969e-05   2.2500000e+02
  -1.0720305e-05   2.4000000e+02
   6.3278552e-05   2.5500000e+02
   1.5321239e-04   2.7000000e+02
   2.2243294e-04   2.8500000e+02
   2.3776010e-04   3.0000000e+02
   2.0607594e-04   3.1500000e+02
   1.7591329e-04   3.3000000e+02
   1.8730543e-04   3.4500000e+02
   2.2562644e-04   3.6000000e+02
   2.4485972e-04   3.7500000e+02
   2.3229877e-04   3.9000000e+02
   2.2091618e-04   4.0500000e+02
   2.3382826e-04   4.2000000e+02
   2.5141609e-04   4.3500000e+02
   2.4959346e-04   4.5000000e+02
   2.3903284e-04   4.6500000e+02
   2.4184883e-04   4.8000000e+02
   2.5377149e-04   4.9500000e+02
   2.5718918e-04   5.1000000e+02
   2.5388045e-04   5.2500000e+02
   2.5771844e-04   5.4000000e+02
   2.6783065e-04   5.5500000e+02
   2.7276884e-04   5.7000000e+02
   2.7203059e-04   5.8500000e+02
   2.7401804e-04   6.0000000e+02
   2.7936086e-04   6.1500000e+02
   2.8172252e-04   6.3000000e+02
   2.8027379e-04   6.4500000e+02
   2.7864872e-04   6.6000000e+02
   2.7517698e-04   6.7500000e+02
   2.6416502e-04   6.9000000e+02
   2.4269275e-04   7.0500000e+02
   2.0775842e-04   7.2000000e+02
   1.5146552e-04   7.3500000e+02
   6.7108704e-05   7.5000000e+02
  -4.0774285e-05   7.6500000e+02
  -1.5265642e-04   7.8000000e+02
  -2.3659095e-04   7.9500000e+02
  -2.5930195e-04   8.1000000e+02
  -2.0894267e-04   8.2500000e+02
  -1.1557103e-04   8.4000000e+02
  -4.2928787e-05   8.5500000e+02
  -4.5020988e-05   8.7000000e+02
  -1.1993307e-04   8.8500000e+02
  -2.0778652e-04   9.0000000e+02
  -2.4465035e-04   9.1500000e+02
  -2.2487502e-04   9.3000000e+02
  -2.0435828e-04   9.4500000e+02
  -2.3526291e-04   9.6000000e+02
  -3.0585780e-04   9.7500000e+02
  -3.6045350e-04   9.9000000e+02
  -3.7459313e-04   1.0050000e+03
  -3.8399902e-04   1.0200000e+03
  -4.2810480e-04   1.0350000e+03
  -4.9223355e-04   1.0500000e+03
  -5.3364947e-04   1.0650000e+03
  -5.4753601e-04   1.0800000e+03
  -5.6857482e-04   1.0950000e+03
  -6.0989015e-04   1.1100000e+03
  -6.4211700e-04   1.1250000e+03
  -6.4479699e-04   1.1400000e+03
  -6.4025418e-04   1.1550000e+03
  -6.5387256e-04   1.1700000e+03
  -6.7221781e-04   1.1850000e+03
  -6.6878583e-04   1.2000000e+03
  -6.4612884e-04   1.2150000e+03
  -6.2078406e-04   1.2300000e+03
  -5.8479718e-04   1.2450000e+03
  -5.1426643e-04   1.2600000e+03
  -4.0387403e-04   1.2750000e+03
  -2.6376185e-04   1.2900000e+03
  -9.0635331e-05   1.3050000e+03
   1.3268464e-04   1.3200000e+03
   4.1581507e-04   1.3350000e+03
   7.6074863e-04   1.3500000e+03
   1.1774390e-03   1.3650000e+03
   1.6819432e-03   1.3800000e+03
   2.2856535e-03   1.3950000e+03
   3.0019684e-03   1.4100000e+03
   3.8575805e-03   1.4250000e+03
   4.8842267e-03   1.4400000e+03
   6.1062542e-03   1.4550000e+03
   7.5495015e-03   1.4700000e+03
   9.2576109e-03   1.4850000e+03
   1.1289212e-02   1.5000000e+03
   1.3704292e-02   1.5150000e+03
   1.6562371e-02   1.5300000e+03
   1.9930102e-02   1.5450000e+03
   2.3887290e-02   1.5600000e+03
   2.8535899e-02   1.5750000e+03
   3.4011502e-02   1.5900000e+03
   4.0478036e-02   1.6050000e+03
   4.8096377e-02   1.6200000e+03
   5.6984033e-02   1.6350000e+03
   6.7193285e-02   1.6500000e+03
   7.8726530e-02   1.6650000e+03
   9.1584712e-02   1.6800000e+03
   1.0581037e-01   1.6950000e+03
   1.2147566e-01   1.7100000e+03
   1.3860375e-01   1.7250000e+03
   1.5705991e-01   1.7400000e+03
   1.7645364e-01   1.7550000e+03
   1.9607767e-01   1.7700000e+03
   2.1491803e-01   1.7850000e+03
   2.3178253e-01   1.8000000e+03
   2.4554893e-01   1.8150000e+03
   2.5543740e-01   1.8300000e+03
   2.6115495e-01   1.8450000e+03
   2.6282030e-01   1.8600000e+03
   2.6072896e-01   1.8750000e+03
   2.5514671e-01   1.8900000e+03
   2.4629417e-01   1.9050000e+03
   2.3449454e-01   1.9200000e+03
   2.2027963e-01   1.9350000e+03
   2.0429274e-01   1.9500000e+03
   1.8705919e-01   1.9650000e+03
   1.6885756e-01   1.9800000e+03
   1.4982496e-01   1.9950000e+03
   1.3018924e-01   2.0100000e+03
   1.1040755e-01   2.0250000e+03
   9.1103598e-02   2.0400000e+03
   7.2874695e-02   2.0550000e+03
   5.6107491e-02   2.0700000e+03
   4.0891979e-02   2.0850000e+03
   2.7051445e-02   2.1000000e+03
   1.4253586e-02   2.1150000e+03
   2.1402645e-03   2.1300000e+03
  -9.5671061e-03   2.1450000e+03
  -2.0986386e-02   2.1600000e+03
  -3.2031871e-02   2.1750000e+03
  -4.2469643e-02   2.1900000e+03
  -5.2076850e-02   2.2050000e+03
  -6.0787681e-02   2.2200000e+03
  -6.8707667e-02   2.2350000e+03
  -7.6006018e-02   2.2500000e+03
  -8.2771912e-02   2.2650000e+03
  -8.8916808e-02   2.2800000e+03
  -9.4201550e-02   2.2950000e+03
  -9.8391049e-02   2.3100000e+03
  -1.0138427e-01   2.3250000e+03
  -1.0318591e-01   2.3400000e+03
  -1.0381716e-01   2.3550000e+03
  -1.0332695e-01   2.3700000e+03
  -1.0184281e-01   2.3850000e+03
  -9.9512160e-02   2.4000000e+03
  -9.6403152e-02   2.4150000e+03
  -9.2539772e-02   2.4300000e+03
  -8.8019386e-02   2.4450000e+03
  -8.3011262e-02   2.4600000e+03
  -7.7636600e-02   2.4750000e+03
  -7.1924776e-02   2.4900000e+03
  -6.5895356e-02   2.5050000e+03
  -5.9615970e-02   2.5200000e+03
  -5.3174801e-02   2.5350000e+03
  -4.6671443e-02   2.5500000e+03
  -4.0255733e-02   2.5650000e+03
  -3.4112878e-02   2.5800000e+03
  -2.8377805e-02   2.5950000e+03
  -2.3090979e-02   2.6100000e+03
  -1.8239586e-02   2.6250000e+03
  -1.3808739e-02   2.6400000e+03
  -9.7894855e-03   2.6550000e+03
  -6.1601163e-03   2.6700000e+03
  -2.8660113e-03   2.6850000e+03
   1.8071596e-04   2.7000000e+03
   3.0694555e-03   2.7150000e+03
   5.8559948e-03   2.7300000e+03
   8.5586235e-03   2.7450000e+03
   1.1168892e-02   2.7600000e+03
   1.3652086e-02   2.7750000e+03
   1.5956135e-02   2.7900000e+03
   1.8042149e-02   2.8050000e+03
   1.9905291e-02   2.8200000e+03
   2.1564500e-02   2.8350000e+03
   2.3042779e-02   2.8500000e+03
   2.4357954e-02   2.8650000e+03
   2.5518782e-02   2.8800000e+03
   2.6525231e-02   2.8950000e+03
   2.7380386e-02   2.9100000e+03
   2.8105082e-02   2.9250000e+03
   2.8736275e-02   2.9400000e+03
   2.9308891e-02   2.9550000e+03
   2.9839063e-02   2.9700000e+03
   3.0320860e-02   2.9850000e+03
   3.0734573e-02   3.0000000e+03
   3.1059707e-02   3.0150000e+03
   3.1286757e-02   3.0300000e+03
   3.1421930e-02   3.0450000e+03
   3.1480126e-02   3.0600000e+03
   3.1468056e-02   3.0750000e+03
   3.1367671e-02   3.0900000e+03
   3.1131154e-02   3.1050000e+03
   3.0689579e-02   3.1200000e+03
   2.9967891e-02   3.1350000e+03
   2.8898118e-02   3.1500000e+03
   2.7428228e-02   3.1650000e+03
   2.5528807e-02   3.1800000e+03
   2.3199026e-02   3.1950000e+03
   2.0470532e-02   3.2100000e+03
   1.7406968e-02   3.2250000e+03
   1.4097661e-02   3.2400000e+03
   1.0644947e-02   3.2550000e+03
   7.1471832e-03   3.2700000e+03
   3.6818408e-03   3.2850000e+03
   2.9317371e-04   3.3000000e+03
  -3.0119808e-03   3.3150000e+03
  -6.2580369e-03   3.3300000e+03
  -9.4856359e-03   3.3450000e+03
  -1.2733358e-02   3.3600000e+03
  -1.6022878e-02   3.3750000e+03
  -1.9352561e-02   3.3900000e+03
  -2.2701681e-02   3.4050000e+03
  -2.6043389e-02   3.4200000e+03
  -2.9359303e-02   3.4350000e+03
  -3.2645721e-02   3.4500000e+03
  -3.5905965e-02   3.4650000e+03
  -3.9133444e-02   3.4800000e+03
  -4.2297445e-02   3.4950000e+03
  -4.5341570e-02   3.5100000e+03
  -4.8195109e-02   3.5250000e+03
  -5.0789241e-02   3.5400000e+03
  -5.3068664e-02   3.5550000e+03
  -5.4995526e-02   3.5700000e+03
  -5.6549173e-02   3.5850000e+03
  -5.7725631e-02   3.6000000e+03
  -5.8536466e-02   3.6150000e+03
  -5.9004709e-02   3.6300000e+03
  -5.9158508e-02   3.6450000e+03
  -5.9025839e-02   3.6600000e+03
  -5.8632426e-02   3.6750000e+03
  -5.8001235e-02   3.6900000e+03
  -5.7151768e-02   3.7050000e+03
  -5.6100294e-02   3.7200000e+03
  -5.4863159e-02   3.7350000e+03
  -5.3461045e-02   3.7500000e+03
  -5.1918142e-02   3.7650000e+03
  -5.0253514e-02   3.7800000e+03
  -4.8471622e-02   3.7950000e+03
  -4.6564341e-02   3.8100000e+03
  -4.4529296e-02   3.8250000e+03
  -4.2393491e-02   3.8400000e+03
  -4.0222619e-02   3.8550000e+03
  -3.8105857e-02   3.8700000e+03
  -3.6125440e-02   3.8850000e+03
  -3.4332842e-02   3.9000000e+03
  -3.2747634e-02   3.9150000e+03
  -3.1376448e-02   3.9300000e+03
  -3.0233748e-02   3.9450000e+03
  -2.9346036e-02   3.9600000e+03
  -2.8735448e-02   3.9750000e+03
  -2.8395375e-02   3.9900000e+03
  -2.8276620e-02   4.0050000e+03
  -2.8294096e-02   4.0200000e+03
  -2.8349189e-02   4.0350000e+03
  -2.8353756e-02   4.0500000e+03
  -2.8244143e-02   4.0650000e+03
  -2.7983112e-02   4.0800000e+03
  -2.7555289e-02   4.0950000e+03
  -2.6962291e-02   4.1100000e+03
  -2.6219433e-02   4.1250000e+03
  -2.5352214e-02   4.1400000e+03
  -2.4391389e-02   4.1550000e+03
  -2.3367841e-02   4.1700000e+03
  -2.2309095e-02   4.1850000e+03
  -2.1237170e-02   4.2000000e+03
  -2.0165440e-02   4.2150000e+03
  -1.9093921e-02   4.2300000e+03
  -1.8007040e-02   4.2450000e+03
  -1.6879566e-02   4.2600000e+03
  -1.5691070e-02   4.2750000e+03
  -1.4440998e-02   4.2900000e+03
  -1.3153732e-02   4.3050000e+03
  -1.1869943e-02   4.3200000e+03
  -1.0630767e-02   4.3350000e+03
  -9.4653191e-03   4.3500000e+03
  -8.3873356e-03   4.3650000e+03
  -7.3993872e-03   4.3800000e+03
  -6.4997561e-03   4.3950000e+03
  -5.6880354e-03   4.4100000e+03
  -4.9674613e-03   4.4250000e+03
  -4.3434864e-03   4.4400000e+03
  -3.8197399e-03   4.4550000e+03
  -3.3941234e-03   4.4700000e+03
  -3.0575637e-03   4.4850000e+03
  -2.7957924e-03   4.5000000e+03
