  -3.4070357e-03   0.0000000e+00
  -3.4211301e-03   1.5000000e+01
  -3.4631467e-03   3.0000000e+01
  -3.5371874e-03   4.5000000e+01
  -3.6615955e-03   6.0000000e+01
  -3.8572969e-03   7.5000000e+01
  -4.1220775e-03   9.0000000e+01
  -4.4351919e-03   1.0500000e+02
  -4.7820560e-03   1.2000000e+02
  -5.1740399e-03   1.3500000e+02
  -5.6496714e-03   1.5000000e+02
  -6.2475801e-03   1.6500000e+02
  -6.9916840e-03   1.8000000e+02
  -7.9073664e-03   1.9500000e+02
  -9.0252822e-03   2.1000000e+02
  -1.0356979e-02   2.2500000e+02
  -1.1848361e-02   2.4000000e+02
  -1.3332413e-02   2.5500000e+02
  -1.4535050e-02   2.7000000e+02
  -1.5090915e-02   2.8500000e+02
  -1.4368154e-02   3.0000000e+02
  -1.0816882e-02   3.1500000e+02
  -2.9737322e-04   3.3000000e+02
   2.8194746e-02   3.4500000e+02
   1.0313974e-01   3.6000000e+02
   2.9067931e-01   3.7500000e+02
   7.0984000e-01   3.9000000e+02
   1.4796512e+00   4.0500000e+02
   2.5112164e+00   4.2000000e+02
   3.2293508e+00   4.3500000e+02
   2.6848674e+00   4.5000000e+02
   4.6008271e-01   4.6500000e+02
  -2.3766103e+00   4.8000000e+02
  -3.8965461e+00   4.9500000e+02
  -3.3302891e+00   5.1000000e+02
  -1.7051815e+00   5.2500000e+02
  -2.1783370e-01   5.4000000e+02
   6.8678254e-01   5.5500000e+02
   6.5587002e-01   5.7000000e+02
  -1.3998590e-01   5.8500000e+02
  -4.6068311e-01   6.0000000e+02
   8.8531256e-02   6.1500000e+02
   2.8082585e-01   6.3000000e+02
  -1.9344951e-01   6.4500000e+02
  -2.7741423e-01   6.6000000e+02
   6.8876043e-02   6.7500000e+02
   9.7000353e-02   6.9000000e+02
  -4.9305934e-02   7.0500000e+02
   1.8500820e-02   7.2000000e+02
   1.2219783e-01   7.3500000e+02
   8.7291941e-02   7.5000000e+02
   4.8528356e-04   7.6500000e+02
  -2.1947412e-02   7.8000000e+02
   1.9572236e-02   7.9500000e+02
   2.2375811e-02   8.1000000e+02
  -8.8002076e-03   8.2500000e+02
  -2.6960482e-03   8.4000000e+02
  -1.1347512e-02   8.5500000e+02
  -6.6250928e-02   8.7000000e+02
  -9.3657829e-02   8.8500000e+02
  -8.4338836e-02   9.0000000e+02
  -8.0928482e-02   9.1500000e+02
  -5.9438404e-02   9.3000000e+02
  -2.1605998e-02   9.4500000e+02
  -2.2754712e-02   9.6000000e+02
  -2.6731515e-02   9.7500000e+02
   6.0038185e-03   9.9000000e+02
   1.7577089e-02   1.0050000e+03
   1.6732192e-02   1.0200000e+03
   4.0913675e-02   1.0350000e+03
   4.0771645e-02   1.0500000e+03
   2.1163661e-02   1.0650000e+03
   2.5668919e-02   1.0800000e+03
   2.6243160e-02   1.0950000e+03
   1.5895136e-02   1.1100000e+03
   1.6624026e-02   1.1250000e+03
   1.3408683e-02   1.1400000e+03
   2.6108085e-03   1.1550000e+03
   5.7905115e-04   1.1700000e+03
   6.2864148e-03   1.1850000e+03
   1.3857742e-02   1.2000000e+03
   2.3984700e-02   1.2150000e+03
   3.3990487e-02   1.2300000e+03
   3.7615672e-02   1.2450000e+03
   3.7903849e-02   1.2600000e+03
   4.2827070e-02   1.2750000e+03
   4.9039748e-02   1.2900000e+03
   4.9237203e-02   1.3050000e+03
   4.0025182e-02   1.3200000e+03
   1.8975155e-02   1.3350000e+03
  -7.3469239e-03   1.3500000e+03
  -2.3437351e-02   1.3650000e+03
  -1.9185781e-02   1.3800000e+03
   4.1475650e-03   1.3950000e+03
   3.6300186e-02   1.4100000e+03
   6.2485337e-02   1.4250000e+03
   7.1023345e-02   1.4400000e+03
   6.0217787e-02   1.4550000e+03
   3.7186574e-02   1.4700000e+03
   1.0066895e-02   1.4850000e+03
  -1.6040668e-02   1.5000000e+03
  -3.8255069e-02   1.5150000e+03
  -5.5560034e-02   1.5300000e+03
  -6.7798056e-02   1.5450000e+03
  -7.4017495e-02   1.5600000e+03
  -7.3094875e-02   1.5750000e+03
  -6.5470397e-02   1.5900000e+03
  -5.3014997e-02   1.6050000e+03
  -3.7033364e-02   1.6200000e+03
  -1.7322712e-02   1.6350000e+03
   5.8114943e-03   1.6500000e+03
   2.8371055e-02   1.6650000e+03
   4.2291936e-02   1.6800000e+03
   3.9843086e-02   1.6950000e+03
   1.9391730e-02   1.7100000e+03
  -1.2821350e-02   1.7250000e+03
  -4.5880169e-02   1.7400000e+03
  -6.9237284e-02   1.7550000e+03
  -7.6701708e-02   1.7700000e+03
  -6.8010755e-02   1.7850000e+03
  -4.7566570e-02   1.8000000e+03
  -2.1585736e-02   1.8150000e+03
   3.8246433e-03   1.8300000e+03
   2.2919448e-02   1.8450000e+03
   3.0722225e-02   1.8600000e+03
   2.4768541e-02   1.8750000e+03
   6.8161804e-03   1.8900000e+03
  -1.7320687e-02   1.9050000e+03
  -3.9849252e-02   1.9200000e+03
  -5.3739823e-02   1.9350000e+03
  -5.5061787e-02   1.9500000e+03
  -4.4233963e-02   1.9650000e+03
  -2.5623547e-02   1.9800000e+03
  -5.3944704e-03   1.9950000e+03
   1.1500352e-02   2.0100000e+03
   2.3445921e-02   2.0250000e+03
   3.1823795e-02   2.0400000e+03
   3.8160216e-02   2.0550000e+03
   4.1024979e-02   2.0700000e+03
   3.5880528e-02   2.0850000e+03
   1.8815983e-02   2.1000000e+03
  -8.7960027e-03   2.1150000e+03
  -3.9064366e-02   2.1300000e+03
  -6.1322641e-02   2.1450000e+03
  -6.8316966e-02   2.1600000e+03
  -6.0509697e-02   2.1750000e+03
  -4.5489609e-02   2.1900000e+03
  -3.2713104e-02   2.2050000e+03
  -2.7116075e-02   2.2200000e+03
  -2.6197420e-02   2.2350000e+03
  -2.2610851e-02   2.2500000e+03
  -9.9410061e-03   2.2650000e+03
   1.2884610e-02   2.2800000e+03
   4.1273560e-02   2.2950000e+03
   6.7753352e-02   2.3100000e+03
   8.5038163e-02   2.3250000e+03
   8.7867253e-02   2.3400000e+03
   7.4232854e-02   2.3550000e+03
   4.6675406e-02   2.3700000e+03
   1.2637462e-02   2.3850000e+03
  -1.7644947e-02   2.4000000e+03
  -3.5311267e-02   2.4150000e+03
  -3.6557838e-02   2.4300000e+03
  -2.3521105e-02   2.4450000e+03
  -2.3687319e-03   2.4600000e+03
   1.9485768e-02   2.4750000e+03
   3.5297070e-02   2.4900000e+03
   3.9922461e-02   2.5050000e+03
   3.0858746e-02   2.5200000e+03
   9.8946365e-03   2.5350000e+03
  -1.5849765e-02   2.5500000e+03
  -3.5593215e-02   2.5650000e+03
  -3.9911199e-02   2.5800000e+03
  -2.6798362e-02   2.5950000e+03
  -4.6227663e-03   2.6100000e+03
   1.0990315e-02   2.6250000e+03
   5.5176867e-03   2.6400000e+03
  -2.5495166e-02   2.6550000e+03
  -7.2422355e-02   2.6700000e+03
  -1.1513498e-01   2.6850000e+03
  -1.3212401e-01   2.7000000e+03
  -1.1029169e-01   2.7150000e+03
  -5.1134173e-02   2.7300000e+03
   2.8700562e-02   2.7450000e+03
   1.0284899e-01   2.7600000e+03
   1.4569332e-01   2.7750000e+03
   1.4429595e-01   2.7900000e+03
   1.0543440e-01   2.8050000e+03
   5.2117441e-02   2.8200000e+03
   1.0263999e-02   2.8350000e+03
  -5.8923983e-03   2.8500000e+03
   7.7037886e-04   2.8650000e+03
   1.7060395e-02   2.8800000e+03
   3.1090423e-02   2.8950000e+03
   3.8255095e-02   2.9100000e+03
   3.8527362e-02   2.9250000e+03
   3.1431772e-02   2.9400000e+03
   1.5938129e-02   2.9550000e+03
  -5.2122190e-03   2.9700000e+03
  -2.3618901e-02   2.9850000e+03
  -3.0031243e-02   3.0000000e+03
  -2.2045368e-02   3.0150000e+03
  -7.0469393e-03   3.0300000e+03
   2.8092063e-03   3.0450000e+03
  -5.0723273e-04   3.0600000e+03
  -1.5085083e-02   3.0750000e+03
  -3.0377829e-02   3.0900000e+03
  -3.4631129e-02   3.1050000e+03
  -2.3428829e-02   3.1200000e+03
  -3.0864251e-03   3.1350000e+03
   1.4218285e-02   3.1500000e+03
   1.9814221e-02   3.1650000e+03
   1.4062163e-02   3.1800000e+03
   3.3922710e-03   3.1950000e+03
  -6.9041592e-03   3.2100000e+03
  -1.6167132e-02   3.2250000e+03
  -2.5908284e-02   3.2400000e+03
  -3.6294706e-02   3.2550000e+03
  -4.5851573e-02   3.2700000e+03
  -5.2808017e-02   3.2850000e+03
  -5.4906394e-02   3.3000000e+03
  -4.8788223e-02   3.3150000e+03
  -3.2197546e-02   3.3300000e+03
  -7.9265945e-03   3.3450000e+03
   1.5698584e-02   3.3600000e+03
   2.9882105e-02   3.3750000e+03
   3.1435393e-02   3.3900000e+03
   2.4115346e-02   3.4050000e+03
   1.4803766e-02   3.4200000e+03
   8.7824436e-03   3.4350000e+03
   7.6562343e-03   3.4500000e+03
   1.0084015e-02   3.4650000e+03
   1.3588489e-02   3.4800000e+03
   1.5915737e-02   3.4950000e+03
   1.5467349e-02   3.5100000e+03
   1.1470663e-02   3.5250000e+03
   4.7170096e-03   3.5400000e+03
  -1.8345430e-03   3.5550000e+03
  -4.5000063e-03   3.5700000e+03
  -2.3520626e-03   3.5850000e+03
   7.0521783e-04   3.6000000e+03
  -1.4833487e-03   3.6150000e+03
  -1.1693346e-02   3.6300000e+03
  -2.6014293e-02   3.6450000e+03
  -3.6085073e-02   3.6600000e+03
  -3.4747586e-02   3.6750000e+03
  -2.0572420e-02   3.6900000e+03
   1.3823817e-03   3.7050000e+03
   2.2344582e-02   3.7200000e+03
   3.4356248e-02   3.7350000e+03
   3.4112558e-02   3.7500000e+03
   2.3834907e-02   3.7650000e+03
   8.8623753e-03   3.7800000e+03
  -5.6567471e-03   3.7950000e+03
  -1.6202418e-02   3.8100000e+03
  -2.0337926e-02   3.8250000e+03
  -1.6488256e-02   3.8400000e+03
  -5.3891768e-03   3.8550000e+03
   8.4742503e-03   3.8700000e+03
   1.8147420e-02   3.8850000e+03
   1.8338174e-02   3.9000000e+03
   9.2114797e-03   3.9150000e+03
  -3.5922071e-03   3.9300000e+03
  -1.2947808e-02   3.9450000e+03
  -1.5082628e-02   3.9600000e+03
  -1.1635356e-02   3.9750000e+03
  -7.7562663e-03   3.9900000e+03
  -8.0398973e-03   4.0050000e+03
  -1.3447394e-02   4.0200000e+03
  -2.1401230e-02   4.0350000e+03
  -2.8541958e-02   4.0500000e+03
  -3.3298995e-02   4.0650000e+03
  -3.5902143e-02   4.0800000e+03
  -3.6591787e-02   4.0950000e+03
  -3.4868825e-02   4.1100000e+03
  -3.0766644e-02   4.1250000e+03
  -2.5791015e-02   4.1400000e+03
  -2.1348225e-02   4.1550000e+03
  -1.6342903e-02   4.1700000e+03
  -7.6588364e-03   4.1850000e+03
   5.9939260e-03   4.2000000e+03
   2.0947602e-02   4.2150000e+03
   3.0072043e-02   4.2300000e+03
   2.7936209e-02   4.2450000e+03
   1.4943029e-02   4.2600000e+03
  -2.9204106e-03   4.2750000e+03
  -1.7897561e-02   4.2900000e+03
  -2.4584686e-02   4.3050000e+03
  -2.1939203e-02   4.3200000e+03
  -1.2880632e-02   4.3350000e+03
  -2.4023433e-03   4.3500000e+03
   4.8530530e-03   4.3650000e+03
   6.7536589e-03   4.3800000e+03
   4.6205763e-03   4.3950000e+03
   2.1728682e-03   4.4100000e+03
   2.8526131e-03   4.4250000e+03
   7.3542483e-03   4.4400000e+03
   1.3265280e-02   4.4550000e+03
   1.6959962e-02   4.4700000e+03
   1.5987393e-02   4.4850000e+03
   1.0155885e-02   4.5000000e+03
