   3.6861528e-02   0.0000000e+00
   3.6769543e-02   1.5000000e+01
   3.6496937e-02   3.0000000e+01
   3.6055658e-02   4.5000000e+01
   3.5455771e-02   6.0000000e+01
   3.4704696e-02   7.5000000e+01
   3.3810135e-02   9.0000000e+01
   3.2774959e-02   1.0500000e+02
   3.1592101e-02   1.2000000e+02
   3.0245973e-02   1.3500000e+02
   2.8730014e-02   1.5000000e+02
   2.7099669e-02   1.6500000e+02
   2.5532629e-02   1.8000000e+02
   2.4403861e-02   1.9500000e+02
   2.4562905e-02   2.1000000e+02
   2.8225306e-02   2.2500000e+02
   4.1641343e-02   2.4000000e+02
   8.3214916e-02   2.5500000e+02
   2.0508617e-01   2.7000000e+02
   5.3141749e-01   2.8500000e+02
   1.2691331e+00   3.0000000e+02
   2.5516796e+00   3.1500000e+02
   4.0109940e+00   3.3000000e+02
   4.4339480e+00   3.4500000e+02
   2.4145653e+00   3.6000000e+02
  -1.8189425e+00   3.7500000e+02
  -5.4877281e+00   3.9000000e+02
  -5.6591892e+00   4.0500000e+02
  -2.8813770e+00   4.2000000e+02
  -5.3704447e-01   4.3500000e+02
  -1.0716370e-01   4.5000000e+02
   6.3946776e-02   4.6500000e+02
   7.0807040e-01   4.8000000e+02
   4.8506412e-01   4.9500000e+02
  -4.1546151e-01   5.1000000e+02
  -2.7679804e-01   5.2500000e+02
   4.9983215e-01   5.4000000e+02
   3.1026113e-01   5.5500000e+02
  -3.1246296e-01   5.7000000e+02
  -1.0076443e-01   5.8500000e+02
   3.1888303e-01   6.0000000e+02
   2.6606148e-02   6.1500000e+02
  -2.7589083e-01   6.3000000e+02
   4.4493131e-02   6.4500000e+02
   2.3403421e-01   6.6000000e+02
  -4.6237521e-02   6.7500000e+02
  -7.0866279e-02   6.9000000e+02
   1.4797086e-01   7.0500000e+02
   7.6977438e-03   7.2000000e+02
  -2.1954872e-01   7.3500000e+02
  -1.4503069e-01   7.5000000e+02
  -7.7321239e-02   7.6500000e+02
  -1.3252142e-01   7.8000000e+02
  -6.7412242e-02   7.9500000e+02
   5.7640068e-02   8.1000000e+02
   6.3629173e-02   8.2500000e+02
   3.8880758e-02   8.4000000e+02
   7.4435502e-02   8.5500000e+02
   7.0999853e-02   8.7000000e+02
   2.0693566e-03   8.8500000e+02
  -2.7405476e-02   9.0000000e+02
  -2.0153651e-02   9.1500000e+02
  -3.8099021e-02   9.3000000e+02
  -4.3076854e-02   9.4500000e+02
  -1.1226080e-02   9.6000000e+02
   8.3710020e-03   9.7500000e+02
   1.0219879e-02   9.9000000e+02
   2.4715146e-02   1.0050000e+03
   4.2290967e-02   1.0200000e+03
   4.7861457e-02   1.0350000e+03
   5.2302692e-02   1.0500000e+03
   5.5762786e-02   1.0650000e+03
   5.0799236e-02   1.0800000e+03
   4.8640117e-02   1.0950000e+03
   5.4223619e-02   1.1100000e+03
   5.3046163e-02   1.1250000e+03
   3.9806385e-02   1.1400000e+03
   2.2945598e-02   1.1550000e+03
   7.8606820e-03   1.1700000e+03
  -2.1844874e-03   1.1850000e+03
  -4.1480064e-03   1.2000000e+03
  -1.9311558e-03   1.2150000e+03
  -7.1028143e-04   1.2300000e+03
   2.8604658e-03   1.2450000e+03
   1.3726993e-02   1.2600000e+03
   2.9489098e-02   1.2750000e+03
   4.4114828e-02   1.2900000e+03
   5.1308356e-02   1.3050000e+03
   4.3989789e-02   1.3200000e+03
   1.9866513e-02   1.3350000e+03
  -1.2653448e-02   1.3500000e+03
  -3.9262425e-02   1.3650000e+03
  -4.9745005e-02   1.3800000e+03
  -4.3361805e-02   1.3950000e+03
  -2.9217646e-02   1.4100000e+03
  -2.1717226e-02   1.4250000e+03
  -3.0901853e-02   1.4400000e+03
  -5.5327665e-02   1.4550000e+03
  -8.3987050e-02   1.4700000e+03
  -1.0321029e-01   1.4850000e+03
  -1.0280684e-01   1.5000000e+03
  -8.0302685e-02   1.5150000e+03
  -4.1805103e-02   1.5300000e+03
   1.6573201e-03   1.5450000e+03
   3.9083894e-02   1.5600000e+03
   6.2599592e-02   1.5750000e+03
   6.9073550e-02   1.5900000e+03
   6.0168564e-02   1.6050000e+03
   4.0153418e-02   1.6200000e+03
   1.3460334e-02   1.6350000e+03
  -1.5800480e-02   1.6500000e+03
  -4.3107081e-02   1.6650000e+03
  -6.3250564e-02   1.6800000e+03
  -7.1108349e-02   1.6950000e+03
  -6.3642964e-02   1.7100000e+03
  -4.2532157e-02   1.7250000e+03
  -1.5280015e-02   1.7400000e+03
   7.0337583e-03   1.7550000e+03
   1.4733522e-02   1.7700000e+03
   4.6666446e-03   1.7850000e+03
  -1.7323216e-02   1.8000000e+03
  -3.8293324e-02   1.8150000e+03
  -4.4166923e-02   1.8300000e+03
  -2.7101062e-02   1.8450000e+03
   9.5975408e-03   1.8600000e+03
   5.1982991e-02   1.8750000e+03
   8.1763647e-02   1.8900000e+03
   8.5438967e-02   1.9050000e+03
   6.1338164e-02   1.9200000e+03
   2.0673860e-02   1.9350000e+03
  -1.7922904e-02   1.9500000e+03
  -3.7712194e-02   1.9650000e+03
  -3.2499459e-02   1.9800000e+03
  -9.8864315e-03   1.9950000e+03
   1.3408714e-02   2.0100000e+03
   2.1903479e-02   2.0250000e+03
   1.0823354e-02   2.0400000e+03
  -1.1659891e-02   2.0550000e+03
  -3.0717995e-02   2.0700000e+03
  -3.4970440e-02   2.0850000e+03
  -2.3278713e-02   2.1000000e+03
  -3.9451402e-03   2.1150000e+03
   1.2096482e-02   2.1300000e+03
   1.8277794e-02   2.1450000e+03
   1.4683036e-02   2.1600000e+03
   5.5049015e-03   2.1750000e+03
  -4.8816395e-03   2.1900000e+03
  -1.4316643e-02   2.2050000e+03
  -2.3199392e-02   2.2200000e+03
  -3.3277255e-02   2.2350000e+03
  -4.5348730e-02   2.2500000e+03
  -5.7068184e-02   2.2650000e+03
  -6.2845550e-02   2.2800000e+03
  -5.6745771e-02   2.2950000e+03
  -3.6647983e-02   2.3100000e+03
  -6.3943183e-03   2.3250000e+03
   2.5960179e-02   2.3400000e+03
   5.2477550e-02   2.3550000e+03
   6.8868190e-02   2.3700000e+03
   7.4896716e-02   2.3850000e+03
   7.2291687e-02   2.4000000e+03
   6.2565088e-02   2.4150000e+03
   4.6406966e-02   2.4300000e+03
   2.4574710e-02   2.4450000e+03
  -8.0125610e-04   2.4600000e+03
  -2.5656544e-02   2.4750000e+03
  -4.4840887e-02   2.4900000e+03
  -5.4012138e-02   2.5050000e+03
  -5.1320516e-02   2.5200000e+03
  -3.7886757e-02   2.5350000e+03
  -1.7159374e-02   2.5500000e+03
   6.2317159e-03   2.5650000e+03
   2.7725244e-02   2.5800000e+03
   4.3758407e-02   2.5950000e+03
   5.1768206e-02   2.6100000e+03
   4.9456101e-02   2.6250000e+03
   3.4816843e-02   2.6400000e+03
   8.0123954e-03   2.6550000e+03
  -2.6303820e-02   2.6700000e+03
  -5.9073571e-02   2.6850000e+03
  -8.0234282e-02   2.7000000e+03
  -8.3030201e-02   2.7150000e+03
  -6.6223517e-02   2.7300000e+03
  -3.3772241e-02   2.7450000e+03
   6.3194903e-03   2.7600000e+03
   4.3175559e-02   2.7750000e+03
   6.5491624e-02   2.7900000e+03
   6.6118576e-02   2.8050000e+03
   4.6672955e-02   2.8200000e+03
   1.8178347e-02   2.8350000e+03
  -4.0648342e-03   2.8500000e+03
  -8.5651288e-03   2.8650000e+03
   6.5757716e-03   2.8800000e+03
   3.3402022e-02   2.8950000e+03
   5.8535252e-02   2.9100000e+03
   6.9344968e-02   2.9250000e+03
   5.9463557e-02   2.9400000e+03
   3.2054525e-02   2.9550000e+03
  -1.0014619e-03   2.9700000e+03
  -2.5090247e-02   2.9850000e+03
  -3.1559389e-02   3.0000000e+03
  -2.3014901e-02   3.0150000e+03
  -1.0439181e-02   3.0300000e+03
  -4.1727736e-03   3.0450000e+03
  -6.6495906e-03   3.0600000e+03
  -1.3017908e-02   3.0750000e+03
  -1.7885564e-02   3.0900000e+03
  -2.0805974e-02   3.1050000e+03
  -2.5445962e-02   3.1200000e+03
  -3.4369476e-02   3.1350000e+03
  -4.5327228e-02   3.1500000e+03
  -5.2538343e-02   3.1650000e+03
  -5.1249947e-02   3.1800000e+03
  -4.1202422e-02   3.1950000e+03
  -2.6248777e-02   3.2100000e+03
  -1.1011509e-02   3.2250000e+03
   2.1923245e-03   3.2400000e+03
   1.3597778e-02   3.2550000e+03
   2.3750274e-02   3.2700000e+03
   3.1527136e-02   3.2850000e+03
   3.4653876e-02   3.3000000e+03
   3.1952500e-02   3.3150000e+03
   2.4481751e-02   3.3300000e+03
   1.4174640e-02   3.3450000e+03
   1.8583861e-03   3.3600000e+03
  -1.2596158e-02   3.3750000e+03
  -2.8090764e-02   3.3900000e+03
  -4.1048791e-02   3.4050000e+03
  -4.7109425e-02   3.4200000e+03
  -4.4202447e-02   3.4350000e+03
  -3.3855710e-02   3.4500000e+03
  -1.9793691e-02   3.4650000e+03
  -5.7488405e-03   3.4800000e+03
   5.5533457e-03   3.4950000e+03
   1.2407411e-02   3.5100000e+03
   1.4360589e-02   3.5250000e+03
   1.2681166e-02   3.5400000e+03
   9.8098116e-03   3.5550000e+03
   7.4254028e-03   3.5700000e+03
   4.8697423e-03   3.5850000e+03
   2.8783234e-05   3.6000000e+03
  -7.7250972e-03   3.6150000e+03
  -1.5572043e-02   3.6300000e+03
  -1.8651051e-02   3.6450000e+03
  -1.3639304e-02   3.6600000e+03
  -1.0257228e-03   3.6750000e+03
   1.5645368e-02   3.6900000e+03
   3.1936161e-02   3.7050000e+03
   4.3799553e-02   3.7200000e+03
   4.7963742e-02   3.7350000e+03
   4.2809710e-02   3.7500000e+03
   2.9708013e-02   3.7650000e+03
   1.3060772e-02   3.7800000e+03
  -1.8021000e-03   3.7950000e+03
  -1.1343325e-02   3.8100000e+03
  -1.5056036e-02   3.8250000e+03
  -1.4871158e-02   3.8400000e+03
  -1.3829563e-02   3.8550000e+03
  -1.4702518e-02   3.8700000e+03
  -1.8527698e-02   3.8850000e+03
  -2.3638047e-02   3.9000000e+03
  -2.6506104e-02   3.9150000e+03
  -2.4531424e-02   3.9300000e+03
  -1.8546985e-02   3.9450000e+03
  -1.2437060e-02   3.9600000e+03
  -9.9038146e-03   3.9750000e+03
  -1.1270558e-02   3.9900000e+03
  -1.3140311e-02   4.0050000e+03
  -1.1116504e-02   4.0200000e+03
  -3.4248857e-03   4.0350000e+03
   7.2067599e-03   4.0500000e+03
   1.4921504e-02   4.0650000e+03
   1.4723426e-02   4.0800000e+03
   6.2010144e-03   4.0950000e+03
  -6.2053669e-03   4.1100000e+03
  -1.6707592e-02   4.1250000e+03
  -2.2151479e-02   4.1400000e+03
  -2.2999704e-02   4.1550000e+03
  -2.1371061e-02   4.1700000e+03
  -1.8984951e-02   4.1850000e+03
  -1.6773898e-02   4.2000000e+03
  -1.5291886e-02   4.2150000e+03
  -1.4689852e-02   4.2300000e+03
  -1.4612474e-02   4.2450000e+03
  -1.4729549e-02   4.2600000e+03
  -1.5228146e-02   4.2750000e+03
  -1.6140006e-02   4.2900000e+03
  -1.6043371e-02   4.3050000e+03
  -1.2107220e-02   4.3200000e+03
  -2.3363489e-03   4.3350000e+03
   1.1693508e-02   4.3500000e+03
   2.4407269e-02   4.3650000e+03
   2.9240906e-02   4.3800000e+03
   2.3250885e-02   4.3950000e+03
   9.7397985e-03   4.4100000e+03
  -3.5690193e-03   4.4250000e+03
  -9.8345298e-03   4.4400000e+03
  -7.8302650e-03   4.4550000e+03
  -2.2294167e-03   4.4700000e+03
   7.8515557e-04   4.4850000e+03
  -1.2003297e-03   4.5000000e+03
