  -1.4856358e-03   0.0000000e+00
  -1.4857335e-03   1.5000000e+01
  -1.4859373e-03   3.0000000e+01
  -1.4861212e-03   4.5000000e+01
  -1.4862973e-03   6.0000000e+01
  -1.4864731e-03   7.5000000e+01
  -1.4866507e-03   9.0000000e+01
  -1.4869962e-03   1.0500000e+02
  -1.4876360e-03   1.2000000e+02
  -1.4884032e-03   1.3500000e+02
  -1.4891018e-03   1.5000000e+02
  -1.4897534e-03   1.6500000e+02
  -1.4904153e-03   1.8000000e+02
  -1.4910348e-03   1.9500000e+02
  -1.4915622e-03   2.1000000e+02
  -1.4920550e-03   2.2500000e+02
  -1.4926054e-03   2.4000000e+02
  -1.4932775e-03   2.5500000e+02
  -1.4940574e-03   2.7000000e+02
  -1.4948590e-03   2.8500000e+02
  -1.4956576e-03   3.0000000e+02
  -1.4965225e-03   3.1500000e+02
  -1.4974937e-03   3.3000000e+02
  -1.4985367e-03   3.4500000e+02
  -1.4996357e-03   3.6000000e+02
  -1.5008472e-03   3.7500000e+02
  -1.5021859e-03   3.9000000e+02
  -1.5035943e-03   4.0500000e+02
  -1.5050139e-03   4.2000000e+02
  -1.5062371e-03   4.3500000e+02
  -1.5066450e-03   4.5000000e+02
  -1.5049592e-03   4.6500000e+02
  -1.4986505e-03   4.8000000e+02
  -1.4828974e-03   4.9500000e+02
  -1.4502400e-03   5.1000000e+02
  -1.3929736e-03   5.2500000e+02
  -1.3092476e-03   5.4000000e+02
  -1.2104767e-03   5.5500000e+02
  -1.1239040e-03   5.7000000e+02
  -1.0832518e-03   5.8500000e+02
  -1.1069871e-03   6.0000000e+02
  -1.1779582e-03   6.1500000e+02
  -1.2464476e-03   6.3000000e+02
  -1.2638401e-03   6.4500000e+02
  -1.2219565e-03   6.6000000e+02
  -1.1573185e-03   6.7500000e+02
  -1.1087591e-03   6.9000000e+02
  -1.0709522e-03   7.0500000e+02
  -1.0004953e-03   7.2000000e+02
  -8.7306189e-04   7.3500000e+02
  -7.2359666e-04   7.5000000e+02
  -6.1767962e-04   7.6500000e+02
  -5.8922247e-04   7.8000000e+02
  -6.2144309e-04   7.9500000e+02
  -6.8407966e-04   8.1000000e+02
  -7.6299382e-04   8.2500000e+02
  -8.4366987e-04   8.4000000e+02
  -8.9402299e-04   8.5500000e+02
  -8.9373009e-04   8.7000000e+02
  -8.7026763e-04   8.8500000e+02
  -8.7534066e-04   9.0000000e+02
  -9.2524546e-04   9.1500000e+02
  -9.8929706e-04   9.3000000e+02
  -1.0363358e-03   9.4500000e+02
  -1.0637629e-03   9.6000000e+02
  -1.0778497e-03   9.7500000e+02
  -1.0787019e-03   9.9000000e+02
  -1.0763798e-03   1.0050000e+03
  -1.0923863e-03   1.0200000e+03
  -1.1294509e-03   1.0350000e+03
  -1.1628984e-03   1.0500000e+03
  -1.1754165e-03   1.0650000e+03
  -1.1800928e-03   1.0800000e+03
  -1.1974291e-03   1.0950000e+03
  -1.2275488e-03   1.1100000e+03
  -1.2562657e-03   1.1250000e+03
  -1.2750397e-03   1.1400000e+03
  -1.2851631e-03   1.1550000e+03
  -1.2906202e-03   1.1700000e+03
  -1.2943544e-03   1.1850000e+03
  -1.2983140e-03   1.2000000e+03
  -1.3039882e-03   1.2150000e+03
  -1.3147703e-03   1.2300000e+03
  -1.3381126e-03   1.2450000e+03
  -1.3813942e-03   1.2600000e+03
  -1.4430486e-03   1.2750000e+03
  -1.5096954e-03   1.2900000e+03
  -1.5639913e-03   1.3050000e+03
  -1.5947022e-03   1.3200000e+03
  -1.6017264e-03   1.3350000e+03
  -1.5982783e-03   1.3500000e+03
  -1.6076681e-03   1.3650000e+03
  -1.6462759e-03   1.3800000e+03
  -1.7038520e-03   1.3950000e+03
  -1.7497739e-03   1.4100000e+03
  -1.7662472e-03   1.4250000e+03
  -1.7690352e-03   1.4400000e+03
  -1.7889584e-03   1.4550000e+03
  -1.8379157e-03   1.4700000e+03
  -1.8986756e-03   1.4850000e+03
  -1.9450221e-03   1.5000000e+03
  -1.9678769e-03   1.5150000e+03
  -1.9823543e-03   1.5300000e+03
  -2.0103925e-03   1.5450000e+03
  -2.0569421e-03   1.5600000e+03
  -2.1061087e-03   1.5750000e+03
  -2.1423383e-03   1.5900000e+03
  -2.1700710e-03   1.6050000e+03
  -2.2059288e-03   1.6200000e+03
  -2.2547115e-03   1.6350000e+03
  -2.3034285e-03   1.6500000e+03
  -2.3412707e-03   1.6650000e+03
  -2.3750663e-03   1.6800000e+03
  -2.4175106e-03   1.6950000e+03
  -2.4677613e-03   1.7100000e+03
  -2.5146517e-03   1.7250000e+03
  -2.5554970e-03   1.7400000e+03
  -2.5994827e-03   1.7550000e+03
  -2.6519161e-03   1.7700000e+03
  -2.7064474e-03   1.7850000e+03
  -2.7563013e-03   1.8000000e+03
  -2.8040644e-03   1.8150000e+03
  -2.8555009e-03   1.8300000e+03
  -2.9106028e-03   1.8450000e+03
  -2.9661998e-03   1.8600000e+03
  -3.0226789e-03   1.8750000e+03
  -3.0827532e-03   1.8900000e+03
  -3.1463029e-03   1.9050000e+03
  -3.2109292e-03   1.9200000e+03
  -3.2762622e-03   1.9350000e+03
  -3.3443633e-03   1.9500000e+03
  -3.4167236e-03   1.9650000e+03
  -3.4934441e-03   1.9800000e+03
  -3.5745106e-03   1.9950000e+03
  -3.6594502e-03   2.0100000e+03
  -3.7463617e-03   2.0250000e+03
  -3.8336872e-03   2.0400000e+03
  -3.9228047e-03   2.0550000e+03
  -4.0171640e-03   2.0700000e+03
  -4.1192337e-03   2.0850000e+03
  -4.2294869e-03   2.1000000e+03
  -4.3473453e-03   2.1150000e+03
  -4.4713826e-03   2.1300000e+03
  -4.5992848e-03   2.1450000e+03
  -4.7292928e-03   2.1600000e+03
  -4.8616370e-03   2.1750000e+03
  -4.9978215e-03   2.1900000e+03
  -5.1392927e-03   2.2050000e+03
  -5.2879388e-03   2.2200000e+03
  -5.4470003e-03   2.2350000e+03
  -5.6193704e-03   2.2500000e+03
  -5.8043180e-03   2.2650000e+03
  -5.9968922e-03   2.2800000e+03
  -6.1909654e-03   2.2950000e+03
  -6.3821031e-03   2.3100000e+03
  -6.5671937e-03   2.3250000e+03
  -6.7420960e-03   2.3400000e+03
  -6.9001284e-03   2.3550000e+03
  -7.0320186e-03   2.3700000e+03
  -7.1254615e-03   2.3850000e+03
  -7.1618510e-03   2.4000000e+03
  -7.1091531e-03   2.4150000e+03
  -6.9115423e-03   2.4300000e+03
  -6.4759748e-03   2.4450000e+03
  -5.6525506e-03   2.4600000e+03
  -4.2029344e-03   2.4750000e+03
  -1.7520423e-03   2.4900000e+03
   2.2774485e-03   2.5050000e+03
   8.7421602e-03   2.5200000e+03
   1.8851388e-02   2.5350000e+03
   3.4203064e-02   2.5500000e+03
   5.6721661e-02   2.5650000e+03
   8.8412911e-02   2.5800000e+03
   1.3084884e-01   2.5950000e+03
   1.8434179e-01   2.6100000e+03
   2.4687718e-01   2.6250000e+03
   3.1305370e-01   2.6400000e+03
   3.7348899e-01   2.6550000e+03
   4.1528723e-01   2.6700000e+03
   4.2408210e-01   2.6850000e+03
   3.8773635e-01   2.7000000e+03
   3.0100688e-01   2.7150000e+03
   1.6961791e-01   2.7300000e+03
   1.1697722e-02   2.7450000e+03
  -1.4505906e-01   2.7600000e+03
  -2.7063763e-01   2.7750000e+03
  -3.4230784e-01   2.7900000e+03
  -3.5273960e-01   2.8050000e+03
  -3.1260979e-01   2.8200000e+03
  -2.4575232e-01   2.8350000e+03
  -1.7853852e-01   2.8500000e+03
  -1.2847961e-01   2.8650000e+03
  -9.7904772e-02   2.8800000e+03
  -7.6074660e-02   2.8950000e+03
  -4.8399176e-02   2.9100000e+03
  -7.2732046e-03   2.9250000e+03
   4.1932821e-02   2.9400000e+03
   8.3242163e-02   2.9550000e+03
   9.9196434e-02   2.9700000e+03
   8.1051730e-02   2.9850000e+03
   3.3919834e-02   3.0000000e+03
  -2.5828889e-02   3.0150000e+03
  -7.8605533e-02   3.0300000e+03
  -1.0970512e-01   3.0450000e+03
  -1.1298406e-01   3.0600000e+03
  -8.9581445e-02   3.0750000e+03
  -4.4837847e-02   3.0900000e+03
   1.3074918e-02   3.1050000e+03
   7.2334640e-02   3.1200000e+03
   1.1734382e-01   3.1350000e+03
   1.3246818e-01   3.1500000e+03
   1.0947319e-01   3.1650000e+03
   5.4368399e-02   3.1800000e+03
  -1.1898313e-02   3.1950000e+03
  -6.1436262e-02   3.2100000e+03
  -7.3066331e-02   3.2250000e+03
  -4.4085596e-02   3.2400000e+03
   7.5392388e-03   3.2550000e+03
   5.3001061e-02   3.2700000e+03
   6.9088265e-02   3.2850000e+03
   5.0836395e-02   3.3000000e+03
   1.2276948e-02   3.3150000e+03
  -2.4464009e-02   3.3300000e+03
  -4.3483526e-02   3.3450000e+03
  -4.3218631e-02   3.3600000e+03
  -3.4285862e-02   3.3750000e+03
  -3.0238813e-02   3.3900000e+03
  -3.8128607e-02   3.4050000e+03
  -5.4536939e-02   3.4200000e+03
  -6.8664156e-02   3.4350000e+03
  -6.9778480e-02   3.4500000e+03
  -5.3964134e-02   3.4650000e+03
  -2.5963098e-02   3.4800000e+03
   4.3997020e-03   3.4950000e+03
   2.7879450e-02   3.5100000e+03
   3.9395485e-02   3.5250000e+03
   3.8017496e-02   3.5400000e+03
   2.5172049e-02   3.5550000e+03
   3.7230947e-03   3.5700000e+03
  -2.1458166e-02   3.5850000e+03
  -4.3202791e-02   3.6000000e+03
  -5.3917255e-02   3.6150000e+03
  -4.9280375e-02   3.6300000e+03
  -3.1228840e-02   3.6450000e+03
  -7.7890814e-03   3.6600000e+03
   1.0452996e-02   3.6750000e+03
   1.5251084e-02   3.6900000e+03
   4.5036529e-03   3.7050000e+03
  -1.6565904e-02   3.7200000e+03
  -3.7319951e-02   3.7350000e+03
  -4.6302840e-02   3.7500000e+03
  -3.6903687e-02   3.7650000e+03
  -1.1180429e-02   3.7800000e+03
   2.0888638e-02   3.7950000e+03
   4.6881936e-02   3.8100000e+03
   5.8782835e-02   3.8250000e+03
   5.6481060e-02   3.8400000e+03
   4.5696869e-02   3.8550000e+03
   3.2622322e-02   3.8700000e+03
   2.0092715e-02   3.8850000e+03
   8.1622694e-03   3.9000000e+03
  -2.6101077e-03   3.9150000e+03
  -9.4619971e-03   3.9300000e+03
  -9.5514534e-03   3.9450000e+03
  -3.6258770e-03   3.9600000e+03
   3.0998033e-03   3.9750000e+03
   4.5117489e-03   3.9900000e+03
  -1.2815564e-03   4.0050000e+03
  -9.7996704e-03   4.0200000e+03
  -1.2773691e-02   4.0350000e+03
  -3.1880836e-03   4.0500000e+03
   2.0896437e-02   4.0650000e+03
   5.5577964e-02   4.0800000e+03
   9.2726909e-02   4.0950000e+03
   1.2244053e-01   4.1100000e+03
   1.3549189e-01   4.1250000e+03
   1.2562247e-01   4.1400000e+03
   9.1448262e-02   4.1550000e+03
   3.7448097e-02   4.1700000e+03
  -2.6327610e-02   4.1850000e+03
  -8.5752226e-02   4.2000000e+03
  -1.2524250e-01   4.2150000e+03
  -1.3181342e-01   4.2300000e+03
  -1.0053599e-01   4.2450000e+03
  -3.9473362e-02   4.2600000e+03
   2.9912479e-02   4.2750000e+03
   8.0098197e-02   4.2900000e+03
   9.0823993e-02   4.3050000e+03
   6.0807161e-02   4.3200000e+03
   9.3042925e-03   4.3350000e+03
  -3.4794293e-02   4.3500000e+03
  -4.9685080e-02   4.3650000e+03
  -3.2194212e-02   4.3800000e+03
   3.0125172e-03   4.3950000e+03
   3.4849610e-02   4.4100000e+03
   4.9093500e-02   4.4250000e+03
   4.4581268e-02   4.4400000e+03
   2.9826956e-02   4.4550000e+03
   1.5075658e-02   4.4700000e+03
   6.9074067e-03   4.4850000e+03
   7.8169396e-03   4.5000000e+03
