  -1.2519401e-03   0.0000000e+00
  -1.2520150e-03   1.5000000e+01
  -1.2521712e-03   3.0000000e+01
  -1.2523198e-03   4.5000000e+01
  -1.2524679e-03   6.0000000e+01
  -1.2526187e-03   7.5000000e+01
  -1.2527753e-03   9.0000000e+01
  -1.2530612e-03   1.0500000e+02
  -1.2535694e-03   1.2000000e+02
  -1.2541813e-03   1.3500000e+02
  -1.2547530e-03   1.5000000e+02
  -1.2552983e-03   1.6500000e+02
  -1.2558564e-03   1.8000000e+02
  -1.2563828e-03   1.9500000e+02
  -1.2568465e-03   2.1000000e+02
  -1.2572858e-03   2.2500000e+02
  -1.2577700e-03   2.4000000e+02
  -1.2583525e-03   2.5500000e+02
  -1.2590175e-03   2.7000000e+02
  -1.2596997e-03   2.8500000e+02
  -1.2603817e-03   3.0000000e+02
  -1.2611097e-03   3.1500000e+02
  -1.2619180e-03   3.3000000e+02
  -1.2627892e-03   3.4500000e+02
  -1.2637082e-03   3.6000000e+02
  -1.2647060e-03   3.7500000e+02
  -1.2657968e-03   3.9000000e+02
  -1.2669408e-03   4.0500000e+02
  -1.2680899e-03   4.2000000e+02
  -1.2690672e-03   4.3500000e+02
  -1.2693205e-03   4.5000000e+02
  -1.2676665e-03   4.6500000e+02
  -1.2616903e-03   4.8000000e+02
  -1.2467849e-03   4.9500000e+02
  -1.2158984e-03   5.1000000e+02
  -1.1617593e-03   5.2500000e+02
  -1.0825105e-03   5.4000000e+02
  -9.8867703e-04   5.5500000e+02
  -9.0572709e-04   5.7000000e+02
  -8.6542143e-04   5.8500000e+02
  -8.8539207e-04   6.0000000e+02
  -9.4990787e-04   6.1500000e+02
  -1.0125238e-03   6.3000000e+02
  -1.0275878e-03   6.4500000e+02
  -9.8732067e-04   6.6000000e+02
  -9.2611660e-04   6.7500000e+02
  -8.8098634e-04   6.9000000e+02
  -8.4790902e-04   7.0500000e+02
  -7.8695081e-04   7.2000000e+02
  -6.7496923e-04   7.3500000e+02
  -5.4278079e-04   7.5000000e+02
  -4.4888307e-04   7.6500000e+02
  -4.2267921e-04   7.8000000e+02
  -4.4821194e-04   7.9500000e+02
  -4.9922161e-04   8.1000000e+02
  -5.6543056e-04   8.2500000e+02
  -6.3527137e-04   8.4000000e+02
  -6.7915948e-04   8.5500000e+02
  -6.7758525e-04   8.7000000e+02
  -6.5541628e-04   8.8500000e+02
  -6.5964885e-04   9.0000000e+02
  -7.0385257e-04   9.1500000e+02
  -7.5890357e-04   9.3000000e+02
  -7.9757103e-04   9.4500000e+02
  -8.2008797e-04   9.6000000e+02
  -8.3298265e-04   9.7500000e+02
  -8.3462708e-04   9.9000000e+02
  -8.3245034e-04   1.0050000e+03
  -8.4579980e-04   1.0200000e+03
  -8.7744062e-04   1.0350000e+03
  -9.0521999e-04   1.0500000e+03
  -9.1425632e-04   1.0650000e+03
  -9.1704266e-04   1.0800000e+03
  -9.3125959e-04   1.0950000e+03
  -9.5575518e-04   1.1100000e+03
  -9.7821443e-04   1.1250000e+03
  -9.9256530e-04   1.1400000e+03
  -1.0003380e-03   1.1550000e+03
  -1.0039035e-03   1.1700000e+03
  -1.0048883e-03   1.1850000e+03
  -1.0051726e-03   1.2000000e+03
  -1.0065978e-03   1.2150000e+03
  -1.0121064e-03   1.2300000e+03
  -1.0277305e-03   1.2450000e+03
  -1.0598092e-03   1.2600000e+03
  -1.1074828e-03   1.2750000e+03
  -1.1594469e-03   1.2900000e+03
  -1.2004317e-03   1.3050000e+03
  -1.2206364e-03   1.3200000e+03
  -1.2204589e-03   1.3350000e+03
  -1.2116830e-03   1.3500000e+03
  -1.2141687e-03   1.3650000e+03
  -1.2416366e-03   1.3800000e+03
  -1.2851576e-03   1.3950000e+03
  -1.3183352e-03   1.4100000e+03
  -1.3256826e-03   1.4250000e+03
  -1.3206291e-03   1.4400000e+03
  -1.3297334e-03   1.4550000e+03
  -1.3634110e-03   1.4700000e+03
  -1.4070903e-03   1.4850000e+03
  -1.4384056e-03   1.5000000e+03
  -1.4494980e-03   1.5150000e+03
  -1.4531272e-03   1.5300000e+03
  -1.4678811e-03   1.5450000e+03
  -1.4977552e-03   1.5600000e+03
  -1.5289595e-03   1.5750000e+03
  -1.5483063e-03   1.5900000e+03
  -1.5599688e-03   1.6050000e+03
  -1.5783428e-03   1.6200000e+03
  -1.6072867e-03   1.6350000e+03
  -1.6353086e-03   1.6500000e+03
  -1.6529814e-03   1.6650000e+03
  -1.6661945e-03   1.6800000e+03
  -1.6859384e-03   1.6950000e+03
  -1.7116201e-03   1.7100000e+03
  -1.7338104e-03   1.7250000e+03
  -1.7502767e-03   1.7400000e+03
  -1.7687039e-03   1.7550000e+03
  -1.7931790e-03   1.7700000e+03
  -1.8178254e-03   1.7850000e+03
  -1.8367949e-03   1.8000000e+03
  -1.8526533e-03   1.8150000e+03
  -1.8706984e-03   1.8300000e+03
  -1.8909939e-03   1.8450000e+03
  -1.9107083e-03   1.8600000e+03
  -1.9301078e-03   1.8750000e+03
  -1.9515152e-03   1.8900000e+03
  -1.9746814e-03   1.9050000e+03
  -1.9971679e-03   1.9200000e+03
  -2.0181667e-03   1.9350000e+03
  -2.0390153e-03   1.9500000e+03
  -2.0606855e-03   1.9650000e+03
  -2.0830573e-03   1.9800000e+03
  -2.1059890e-03   1.9950000e+03
  -2.1290940e-03   2.0100000e+03
  -2.1509777e-03   2.0250000e+03
  -2.1705278e-03   2.0400000e+03
  -2.1887207e-03   2.0550000e+03
  -2.2077339e-03   2.0700000e+03
  -2.2287087e-03   2.0850000e+03
  -2.2515082e-03   2.1000000e+03
  -2.2758504e-03   2.1150000e+03
  -2.3012641e-03   2.1300000e+03
  -2.3265081e-03   2.1450000e+03
  -2.3502985e-03   2.1600000e+03
  -2.3724099e-03   2.1750000e+03
  -2.3933186e-03   2.1900000e+03
  -2.4132715e-03   2.2050000e+03
  -2.4326672e-03   2.2200000e+03
  -2.4529456e-03   2.2350000e+03
  -2.4757448e-03   2.2500000e+03
  -2.5008386e-03   2.2650000e+03
  -2.5256695e-03   2.2800000e+03
  -2.5472662e-03   2.2950000e+03
  -2.5640824e-03   2.3100000e+03
  -2.5758168e-03   2.3250000e+03
  -2.5821570e-03   2.3400000e+03
  -2.5822737e-03   2.3550000e+03
  -2.5754510e-03   2.3700000e+03
  -2.5618938e-03   2.3850000e+03
  -2.5426175e-03   2.4000000e+03
  -2.5182238e-03   2.4150000e+03
  -2.4877591e-03   2.4300000e+03
  -2.4488647e-03   2.4450000e+03
  -2.3988448e-03   2.4600000e+03
  -2.3351908e-03   2.4750000e+03
  -2.2550100e-03   2.4900000e+03
  -2.1543691e-03   2.5050000e+03
  -2.0285195e-03   2.5200000e+03
  -1.8724657e-03   2.5350000e+03
  -1.6806835e-03   2.5500000e+03
  -1.4459726e-03   2.5650000e+03
  -1.1588121e-03   2.5800000e+03
  -8.0791960e-04   2.5950000e+03
  -3.8102936e-04   2.6100000e+03
   1.3553795e-04   2.6250000e+03
   7.5847853e-04   2.6400000e+03
   1.5090591e-03   2.6550000e+03
   2.4140622e-03   2.6700000e+03
   3.5069000e-03   2.6850000e+03
   4.8299143e-03   2.7000000e+03
   6.4377906e-03   2.7150000e+03
   8.4011769e-03   2.7300000e+03
   1.0809651e-02   2.7450000e+03
   1.3773949e-02   2.7600000e+03
   1.7428219e-02   2.7750000e+03
   2.1932926e-02   2.7900000e+03
   2.7477829e-02   2.8050000e+03
   3.4282677e-02   2.8200000e+03
   4.2592242e-02   2.8350000e+03
   5.2662730e-02   2.8500000e+03
   6.4737178e-02   2.8650000e+03
   7.9007573e-02   2.8800000e+03
   9.5562160e-02   2.8950000e+03
   1.1431942e-01   2.9100000e+03
   1.3495588e-01   2.9250000e+03
   1.5684202e-01   2.9400000e+03
   1.7900582e-01   2.9550000e+03
   2.0014451e-01   2.9700000e+03
   2.1870108e-01   2.9850000e+03
   2.3301026e-01   3.0000000e+03
   2.4150343e-01   3.0150000e+03
   2.4294184e-01   3.0300000e+03
   2.3663220e-01   3.0450000e+03
   2.2257161e-01   3.0600000e+03
   2.0147926e-01   3.0750000e+03
   1.7469946e-01   3.0900000e+03
   1.4399892e-01   3.1050000e+03
   1.1131108e-01   3.1200000e+03
   7.8493014e-02   3.1350000e+03
   4.7146924e-02   3.1500000e+03
   1.8529193e-02   3.1650000e+03
  -6.4645577e-03   3.1800000e+03
  -2.7273998e-02   3.1950000e+03
  -4.3647319e-02   3.2100000e+03
  -5.5633437e-02   3.2250000e+03
  -6.3582890e-02   3.2400000e+03
  -6.8123683e-02   3.2550000e+03
  -7.0078492e-02   3.2700000e+03
  -7.0316039e-02   3.2850000e+03
  -6.9568798e-02   3.3000000e+03
  -6.8277434e-02   3.3150000e+03
  -6.6521637e-02   3.3300000e+03
  -6.4065546e-02   3.3450000e+03
  -6.0500663e-02   3.3600000e+03
  -5.5433031e-02   3.3750000e+03
  -4.8650507e-02   3.3900000e+03
  -4.0220499e-02   3.4050000e+03
  -3.0497508e-02   3.4200000e+03
  -2.0050069e-02   3.4350000e+03
  -9.5372507e-03   3.4500000e+03
   4.2689667e-04   3.4650000e+03
   9.3855886e-03   3.4800000e+03
   1.7102016e-02   3.4950000e+03
   2.3557940e-02   3.5100000e+03
   2.8888585e-02   3.5250000e+03
   3.3274598e-02   3.5400000e+03
   3.6832374e-02   3.5550000e+03
   3.9550599e-02   3.5700000e+03
   4.1300144e-02   3.5850000e+03
   4.1903455e-02   3.6000000e+03
   4.1215863e-02   3.6150000e+03
   3.9170474e-02   3.6300000e+03
   3.5770848e-02   3.6450000e+03
   3.1055002e-02   3.6600000e+03
   2.5072623e-02   3.6750000e+03
   1.7905338e-02   3.6900000e+03
   9.7273104e-03   3.7050000e+03
   8.6974836e-04   3.7200000e+03
  -8.1620049e-03   3.7350000e+03
  -1.6751498e-02   3.7500000e+03
  -2.4301384e-02   3.7650000e+03
  -3.0375794e-02   3.7800000e+03
  -3.4793984e-02   3.7950000e+03
  -3.7647620e-02   3.8100000e+03
  -3.9255612e-02   3.8250000e+03
  -4.0088408e-02   3.8400000e+03
  -4.0684875e-02   3.8550000e+03
  -4.1569188e-02   3.8700000e+03
  -4.3169830e-02   3.8850000e+03
  -4.5748241e-02   3.9000000e+03
  -4.9351200e-02   3.9150000e+03
  -5.3800900e-02   3.9300000e+03
  -5.8727350e-02   3.9450000e+03
  -6.3631907e-02   3.9600000e+03
  -6.7958675e-02   3.9750000e+03
  -7.1152613e-02   3.9900000e+03
  -7.2699144e-02   4.0050000e+03
  -7.2156824e-02   4.0200000e+03
  -6.9197126e-02   4.0350000e+03
  -6.3652836e-02   4.0500000e+03
  -5.5561546e-02   4.0650000e+03
  -4.5185909e-02   4.0800000e+03
  -3.3001497e-02   4.0950000e+03
  -1.9656513e-02   4.1100000e+03
  -5.9157112e-03   4.1250000e+03
   7.4008517e-03   4.1400000e+03
   1.9480186e-02   4.1550000e+03
   2.9580643e-02   4.1700000e+03
   3.7099592e-02   4.1850000e+03
   4.1644007e-02   4.2000000e+03
   4.3099418e-02   4.2150000e+03
   4.1685127e-02   4.2300000e+03
   3.7974436e-02   4.2450000e+03
   3.2854997e-02   4.2600000e+03
   2.7413165e-02   4.2750000e+03
   2.2747554e-02   4.2900000e+03
   1.9743549e-02   4.3050000e+03
   1.8862374e-02   4.3200000e+03
   2.0006923e-02   4.3350000e+03
   2.2516057e-02   4.3500000e+03
   2.5308652e-02   4.3650000e+03
   2.7154760e-02   4.3800000e+03
   2.7006524e-02   4.3950000e+03
   2.4292441e-02   4.4100000e+03
   1.9080533e-02   4.4250000e+03
   1.2056384e-02   4.4400000e+03
   4.3290402e-03   4.4550000e+03
  -2.8608786e-03   4.4700000e+03
  -8.4346998e-03   4.4850000e+03
  -1.1697617e-02   4.5000000e+03
