   6.4280583e-03   0.0000000e+00
   6.4369221e-03   1.5000000e+01
   6.4643454e-03   3.0000000e+01
   6.5131877e-03   4.5000000e+01
   6.5881195e-03   6.0000000e+01
   6.6947215e-03   7.5000000e+01
   6.8383408e-03   9.0000000e+01
   7.0244577e-03   1.0500000e+02
   7.2608031e-03   1.2000000e+02
   7.5603891e-03   1.3500000e+02
   7.9424875e-03   1.5000000e+02
   8.4322831e-03   1.6500000e+02
   9.0638725e-03   1.8000000e+02
   9.8839514e-03   1.9500000e+02
   1.0953865e-02   2.1000000e+02
   1.2352583e-02   2.2500000e+02
   1.4175504e-02   2.4000000e+02
   1.6531983e-02   2.5500000e+02
   1.9561667e-02   2.7000000e+02
   2.3469580e-02   2.8500000e+02
   2.8544148e-02   3.0000000e+02
   3.5118386e-02   3.1500000e+02
   4.3470766e-02   3.3000000e+02
   5.3728368e-02   3.4500000e+02
   6.5871187e-02   3.6000000e+02
   7.9878628e-02   3.7500000e+02
   9.5942788e-02   3.9000000e+02
   1.1458107e-01   4.0500000e+02
   1.3649474e-01   4.2000000e+02
   1.6220789e-01   4.3500000e+02
   1.9175623e-01   4.5000000e+02
   2.2468957e-01   4.6500000e+02
   2.6037860e-01   4.8000000e+02
   2.9837790e-01   4.9500000e+02
   3.3861333e-01   5.1000000e+02
   3.8128981e-01   5.2500000e+02
   4.2638376e-01   5.4000000e+02
   4.7266543e-01   5.5500000e+02
   5.1685882e-01   5.7000000e+02
   5.5408210e-01   5.8500000e+02
   5.7981890e-01   6.0000000e+02
   5.9194684e-01   6.1500000e+02
   5.9104472e-01   6.3000000e+02
   5.7889366e-01   6.4500000e+02
   5.5675787e-01   6.6000000e+02
   5.2493596e-01   6.7500000e+02
   4.8362982e-01   6.9000000e+02
   4.3397743e-01   7.0500000e+02
   3.7832746e-01   7.2000000e+02
   3.1996229e-01   7.3500000e+02
   2.6264200e-01   7.5000000e+02
   2.0958328e-01   7.6500000e+02
   1.6200800e-01   7.8000000e+02
   1.1881964e-01   7.9500000e+02
   7.8168303e-02   8.1000000e+02
   3.9135978e-02   8.2500000e+02
   1.7349111e-03   8.4000000e+02
  -3.3940315e-02   8.5500000e+02
  -6.7745954e-02   8.7000000e+02
  -9.9093162e-02   8.8500000e+02
  -1.2738436e-01   9.0000000e+02
  -1.5279108e-01   9.1500000e+02
  -1.7600243e-01   9.3000000e+02
  -1.9725655e-01   9.4500000e+02
  -2.1614026e-01   9.6000000e+02
  -2.3231912e-01   9.7500000e+02
  -2.4598776e-01   9.9000000e+02
  -2.5752562e-01   1.0050000e+03
  -2.6705140e-01   1.0200000e+03
  -2.7443510e-01   1.0350000e+03
  -2.7953053e-01   1.0500000e+03
  -2.8225899e-01   1.0650000e+03
  -2.8257522e-01   1.0800000e+03
  -2.8048167e-01   1.0950000e+03
  -2.7607185e-01   1.1100000e+03
  -2.6951686e-01   1.1250000e+03
  -2.6102287e-01   1.1400000e+03
  -2.5084352e-01   1.1550000e+03
  -2.3932846e-01   1.1700000e+03
  -2.2690198e-01   1.1850000e+03
  -2.1396777e-01   1.2000000e+03
  -2.0085920e-01   1.2150000e+03
  -1.8786758e-01   1.2300000e+03
  -1.7525582e-01   1.2450000e+03
  -1.6321832e-01   1.2600000e+03
  -1.5184230e-01   1.2750000e+03
  -1.4109981e-01   1.2900000e+03
  -1.3085075e-01   1.3050000e+03
  -1.2086198e-01   1.3200000e+03
  -1.1085949e-01   1.3350000e+03
  -1.0059232e-01   1.3500000e+03
  -8.9877419e-02   1.3650000e+03
  -7.8624234e-02   1.3800000e+03
  -6.6848814e-02   1.3950000e+03
  -5.4679152e-02   1.4100000e+03
  -4.2346030e-02   1.4250000e+03
  -3.0149829e-02   1.4400000e+03
  -1.8408073e-02   1.4550000e+03
  -7.4098227e-03   1.4700000e+03
   2.6032389e-03   1.4850000e+03
   1.1435880e-02   1.5000000e+03
   1.8934844e-02   1.5150000e+03
   2.4988815e-02   1.5300000e+03
   2.9535532e-02   1.5450000e+03
   3.2574106e-02   1.5600000e+03
   3.4173567e-02   1.5750000e+03
   3.4470554e-02   1.5900000e+03
   3.3657245e-02   1.6050000e+03
   3.1961679e-02   1.6200000e+03
   2.9620044e-02   1.6350000e+03
   2.6844319e-02   1.6500000e+03
   2.3796178e-02   1.6650000e+03
   2.0580025e-02   1.6800000e+03
   1.7261446e-02   1.6950000e+03
   1.3903843e-02   1.7100000e+03
   1.0603988e-02   1.7250000e+03
   7.5059324e-03   1.7400000e+03
   4.7834232e-03   1.7550000e+03
   2.5969427e-03   1.7700000e+03
   1.0465888e-03   1.7850000e+03
   1.4780179e-04   1.8000000e+03
  -1.5478444e-04   1.8150000e+03
   5.4833254e-05   1.8300000e+03
   7.0528040e-04   1.8450000e+03
   1.7515080e-03   1.8600000e+03
   3.1578031e-03   1.8750000e+03
   4.8718341e-03   1.8900000e+03
   6.8151066e-03   1.9050000e+03
   8.8928854e-03   1.9200000e+03
   1.1002263e-02   1.9350000e+03
   1.3019921e-02   1.9500000e+03
   1.4781589e-02   1.9650000e+03
   1.6088698e-02   1.9800000e+03
   1.6761672e-02   1.9950000e+03
   1.6712589e-02   2.0100000e+03
   1.5980219e-02   2.0250000e+03
   1.4693965e-02   2.0400000e+03
   1.2992735e-02   2.0550000e+03
   1.0961206e-02   2.0700000e+03
   8.6238300e-03   2.0850000e+03
   5.9825699e-03   2.1000000e+03
   3.0551499e-03   2.1150000e+03
  -1.0998738e-04   2.1300000e+03
  -3.4332150e-03   2.1450000e+03
  -6.8066814e-03   2.1600000e+03
  -1.0111921e-02   2.1750000e+03
  -1.3263052e-02   2.1900000e+03
  -1.6247641e-02   2.2050000e+03
  -1.9112147e-02   2.2200000e+03
  -2.1882268e-02   2.2350000e+03
  -2.4488054e-02   2.2500000e+03
  -2.6779076e-02   2.2650000e+03
  -2.8626405e-02   2.2800000e+03
  -3.0009234e-02   2.2950000e+03
  -3.0996125e-02   2.3100000e+03
  -3.1647380e-02   2.3250000e+03
  -3.1947874e-02   2.3400000e+03
  -3.1832878e-02   2.3550000e+03
  -3.1259604e-02   2.3700000e+03
  -3.0240890e-02   2.3850000e+03
  -2.8824363e-02   2.4000000e+03
  -2.7068425e-02   2.4150000e+03
  -2.5050361e-02   2.4300000e+03
  -2.2883065e-02   2.4450000e+03
  -2.0706395e-02   2.4600000e+03
  -1.8663161e-02   2.4750000e+03
  -1.6893042e-02   2.4900000e+03
  -1.5544536e-02   2.5050000e+03
  -1.4771242e-02   2.5200000e+03
  -1.4700905e-02   2.5350000e+03
  -1.5410587e-02   2.5500000e+03
  -1.6937790e-02   2.5650000e+03
  -1.9307215e-02   2.5800000e+03
  -2.2530209e-02   2.5950000e+03
  -2.6574031e-02   2.6100000e+03
  -3.1342819e-02   2.6250000e+03
  -3.6697678e-02   2.6400000e+03
  -4.2491961e-02   2.6550000e+03
  -4.8583679e-02   2.6700000e+03
  -5.4824162e-02   2.6850000e+03
  -6.1052114e-02   2.7000000e+03
  -6.7103885e-02   2.7150000e+03
  -7.2820432e-02   2.7300000e+03
  -7.8037791e-02   2.7450000e+03
  -8.2579143e-02   2.7600000e+03
  -8.6272322e-02   2.7750000e+03
  -8.8987641e-02   2.7900000e+03
  -9.0665653e-02   2.8050000e+03
  -9.1313735e-02   2.8200000e+03
  -9.0979733e-02   2.8350000e+03
  -8.9728177e-02   2.8500000e+03
  -8.7636612e-02   2.8650000e+03
  -8.4805764e-02   2.8800000e+03
  -8.1361987e-02   2.8950000e+03
  -7.7440321e-02   2.9100000e+03
  -7.3161170e-02   2.9250000e+03
  -6.8622008e-02   2.9400000e+03
  -6.3906617e-02   2.9550000e+03
  -5.9094716e-02   2.9700000e+03
  -5.4260660e-02   2.9850000e+03
  -4.9467769e-02   3.0000000e+03
  -4.4766963e-02   3.0150000e+03
  -4.0197067e-02   3.0300000e+03
  -3.5780016e-02   3.0450000e+03
  -3.1513289e-02   3.0600000e+03
  -2.7368557e-02   3.0750000e+03
  -2.3301996e-02   3.0900000e+03
  -1.9272732e-02   3.1050000e+03
  -1.5260492e-02   3.1200000e+03
  -1.1274847e-02   3.1350000e+03
  -7.3554004e-03   3.1500000e+03
  -3.5673126e-03   3.1650000e+03
   7.0693204e-06   3.1800000e+03
   3.2843645e-03   3.1950000e+03
   6.2017092e-03   3.2100000e+03
   8.7300744e-03   3.2250000e+03
   1.0867878e-02   3.2400000e+03
   1.2620059e-02   3.2550000e+03
   1.3978984e-02   3.2700000e+03
   1.4918396e-02   3.2850000e+03
   1.5400301e-02   3.3000000e+03
   1.5389608e-02   3.3150000e+03
   1.4870066e-02   3.3300000e+03
   1.3853149e-02   3.3450000e+03
   1.2374395e-02   3.3600000e+03
   1.0481674e-02   3.3750000e+03
   8.2265586e-03   3.3900000e+03
   5.6638909e-03   3.4050000e+03
   2.8531512e-03   3.4200000e+03
  -1.4570105e-04   3.4350000e+03
  -3.2788317e-03   3.4500000e+03
  -6.4984164e-03   3.4650000e+03
  -9.7539928e-03   3.4800000e+03
  -1.2984196e-02   3.4950000e+03
  -1.6118268e-02   3.5100000e+03
  -1.9087741e-02   3.5250000e+03
  -2.1840619e-02   3.5400000e+03
  -2.4349561e-02   3.5550000e+03
  -2.6609488e-02   3.5700000e+03
  -2.8625982e-02   3.5850000e+03
  -3.0401580e-02   3.6000000e+03
  -3.1928029e-02   3.6150000e+03
  -3.3186663e-02   3.6300000e+03
  -3.4151919e-02   3.6450000e+03
  -3.4793910e-02   3.6600000e+03
  -3.5083149e-02   3.6750000e+03
  -3.5001386e-02   3.6900000e+03
  -3.4553226e-02   3.7050000e+03
  -3.3766154e-02   3.7200000e+03
  -3.2676350e-02   3.7350000e+03
  -3.1314846e-02   3.7500000e+03
  -2.9710924e-02   3.7650000e+03
  -2.7910216e-02   3.7800000e+03
  -2.5985565e-02   3.7950000e+03
  -2.4023902e-02   3.8100000e+03
  -2.2096839e-02   3.8250000e+03
  -2.0239413e-02   3.8400000e+03
  -1.8452644e-02   3.8550000e+03
  -1.6723303e-02   3.8700000e+03
  -1.5042191e-02   3.8850000e+03
  -1.3409192e-02   3.9000000e+03
  -1.1827582e-02   3.9150000e+03
  -1.0296459e-02   3.9300000e+03
  -8.8068265e-03   3.9450000e+03
  -7.3419358e-03   3.9600000e+03
  -5.8815479e-03   3.9750000e+03
  -4.4092922e-03   3.9900000e+03
  -2.9195079e-03   4.0050000e+03
  -1.4182320e-03   4.0200000e+03
   8.2741644e-05   4.0350000e+03
   1.5732422e-03   4.0500000e+03
   3.0474192e-03   4.0650000e+03
   4.5019346e-03   4.0800000e+03
   5.9342915e-03   4.0950000e+03
   7.3427586e-03   4.1100000e+03
   8.7246131e-03   4.1250000e+03
   1.0071622e-02   4.1400000e+03
   1.1368231e-02   4.1550000e+03
   1.2598127e-02   4.1700000e+03
   1.3755897e-02   4.1850000e+03
   1.4853038e-02   4.2000000e+03
   1.5911926e-02   4.2150000e+03
   1.6953103e-02   4.2300000e+03
   1.7986633e-02   4.2450000e+03
   1.9012654e-02   4.2600000e+03
   2.0027308e-02   4.2750000e+03
   2.1027936e-02   4.2900000e+03
   2.2015205e-02   4.3050000e+03
   2.2992795e-02   4.3200000e+03
   2.3964828e-02   4.3350000e+03
   2.4930893e-02   4.3500000e+03
   2.5881160e-02   4.3650000e+03
   2.6796369e-02   4.3800000e+03
   2.7654268e-02   4.3950000e+03
   2.8438041e-02   4.4100000e+03
   2.9140061e-02   4.4250000e+03
   2.9759126e-02   4.4400000e+03
   3.0295918e-02   4.4550000e+03
   3.0752253e-02   4.4700000e+03
   3.1134389e-02   4.4850000e+03
   3.1455576e-02   4.5000000e+03
