  -5.5313525e-03   0.0000000e+00
  -5.5310908e-03   1.5000000e+01
  -5.5308784e-03   3.0000000e+01
  -5.5327713e-03   4.5000000e+01
  -5.5397511e-03   6.0000000e+01
  -5.5541117e-03   7.5000000e+01
  -5.5755577e-03   9.0000000e+01
  -5.6019938e-03   1.0500000e+02
  -5.6322860e-03   1.2000000e+02
  -5.6684338e-03   1.3500000e+02
  -5.7142098e-03   1.5000000e+02
  -5.7716374e-03   1.6500000e+02
  -5.8412794e-03   1.8000000e+02
  -5.9244814e-03   1.9500000e+02
  -6.0226326e-03   2.1000000e+02
  -6.1360402e-03   2.2500000e+02
  -6.2628947e-03   2.4000000e+02
  -6.3976441e-03   2.5500000e+02
  -6.5338849e-03   2.7000000e+02
  -6.6694682e-03   2.8500000e+02
  -6.8053924e-03   3.0000000e+02
  -6.9406643e-03   3.1500000e+02
  -7.0694429e-03   3.3000000e+02
  -7.1805203e-03   3.4500000e+02
  -7.2592241e-03   3.6000000e+02
  -7.2922544e-03   3.7500000e+02
  -7.2721927e-03   3.9000000e+02
  -7.1985242e-03   4.0500000e+02
  -7.0730010e-03   4.2000000e+02
  -6.8888417e-03   4.3500000e+02
  -6.6230772e-03   4.5000000e+02
  -6.2437295e-03   4.6500000e+02
  -5.7244967e-03   4.8000000e+02
  -5.0474289e-03   4.9500000e+02
  -4.1917972e-03   5.1000000e+02
  -3.1274839e-03   5.2500000e+02
  -1.8203596e-03   5.4000000e+02
  -2.3246894e-04   5.5500000e+02
   1.6920505e-03   5.7000000e+02
   4.0356764e-03   5.8500000e+02
   6.9050184e-03   6.0000000e+02
   1.0441836e-02   6.1500000e+02
   1.4840756e-02   6.3000000e+02
   2.0337122e-02   6.4500000e+02
   2.7186599e-02   6.6000000e+02
   3.5689767e-02   6.7500000e+02
   4.6242949e-02   6.9000000e+02
   5.9371438e-02   7.0500000e+02
   7.5751916e-02   7.2000000e+02
   9.6215449e-02   7.3500000e+02
   1.2170923e-01   7.5000000e+02
   1.5326433e-01   7.6500000e+02
   1.9198221e-01   7.8000000e+02
   2.3890410e-01   7.9500000e+02
   2.9460779e-01   8.1000000e+02
   3.5851356e-01   8.2500000e+02
   4.2811242e-01   8.4000000e+02
   4.9855629e-01   8.5500000e+02
   5.6294918e-01   8.7000000e+02
   6.1333543e-01   8.8500000e+02
   6.4226961e-01   9.0000000e+02
   6.4468163e-01   9.1500000e+02
   6.1918122e-01   9.3000000e+02
   5.6796378e-01   9.4500000e+02
   4.9569979e-01   9.6000000e+02
   4.0858757e-01   9.7500000e+02
   3.1370357e-01   9.9000000e+02
   2.1773495e-01   1.0050000e+03
   1.2543909e-01   1.0200000e+03
   3.9641794e-02   1.0350000e+03
  -3.7196003e-02   1.0500000e+03
  -1.0241836e-01   1.0650000e+03
  -1.5460676e-01   1.0800000e+03
  -1.9447328e-01   1.0950000e+03
  -2.2362308e-01   1.1100000e+03
  -2.4337557e-01   1.1250000e+03
  -2.5534946e-01   1.1400000e+03
  -2.6182491e-01   1.1550000e+03
  -2.6436180e-01   1.1700000e+03
  -2.6288414e-01   1.1850000e+03
  -2.5697875e-01   1.2000000e+03
  -2.4731487e-01   1.2150000e+03
  -2.3509440e-01   1.2300000e+03
  -2.2089665e-01   1.2450000e+03
  -2.0485601e-01   1.2600000e+03
  -1.8749043e-01   1.2750000e+03
  -1.6962326e-01   1.2900000e+03
  -1.5172842e-01   1.3050000e+03
  -1.3393885e-01   1.3200000e+03
  -1.1648850e-01   1.3350000e+03
  -9.9642791e-02   1.3500000e+03
  -8.3427668e-02   1.3650000e+03
  -6.7774393e-02   1.3800000e+03
  -5.2650489e-02   1.3950000e+03
  -3.7929628e-02   1.4100000e+03
  -2.3448439e-02   1.4250000e+03
  -9.1531938e-03   1.4400000e+03
   4.9914178e-03   1.4550000e+03
   1.9020362e-02   1.4700000e+03
   3.2792475e-02   1.4850000e+03
   4.5986295e-02   1.5000000e+03
   5.8224816e-02   1.5150000e+03
   6.9059394e-02   1.5300000e+03
   7.7947833e-02   1.5450000e+03
   8.4375821e-02   1.5600000e+03
   8.7974124e-02   1.5750000e+03
   8.8538654e-02   1.5900000e+03
   8.6021148e-02   1.6050000e+03
   8.0526553e-02   1.6200000e+03
   7.2303951e-02   1.6350000e+03
   6.1725784e-02   1.6500000e+03
   4.9247522e-02   1.6650000e+03
   3.5357051e-02   1.6800000e+03
   2.0550171e-02   1.6950000e+03
   5.3314273e-03   1.7100000e+03
  -9.7970273e-03   1.7250000e+03
  -2.4356833e-02   1.7400000e+03
  -3.7912719e-02   1.7550000e+03
  -5.0114371e-02   1.7700000e+03
  -6.0756661e-02   1.7850000e+03
  -6.9810323e-02   1.8000000e+03
  -7.7401094e-02   1.8150000e+03
  -8.3745368e-02   1.8300000e+03
  -8.9061171e-02   1.8450000e+03
  -9.3490325e-02   1.8600000e+03
  -9.7054288e-02   1.8750000e+03
  -9.9639282e-02   1.8900000e+03
  -1.0101440e-01   1.9050000e+03
  -1.0088809e-01   1.9200000e+03
  -9.8985322e-02   1.9350000e+03
  -9.5121957e-02   1.9500000e+03
  -8.9264944e-02   1.9650000e+03
  -8.1564665e-02   1.9800000e+03
  -7.2339185e-02   1.9950000e+03
  -6.2007032e-02   2.0100000e+03
  -5.1002506e-02   2.0250000e+03
  -3.9723765e-02   2.0400000e+03
  -2.8529944e-02   2.0550000e+03
  -1.7753096e-02   2.0700000e+03
  -7.6844241e-03   2.0850000e+03
   1.4629583e-03   2.1000000e+03
   9.5789982e-03   2.1150000e+03
   1.6646909e-02   2.1300000e+03
   2.2708366e-02   2.1450000e+03
   2.7820425e-02   2.1600000e+03
   3.2006778e-02   2.1750000e+03
   3.5209537e-02   2.1900000e+03
   3.7273727e-02   2.2050000e+03
   3.7997328e-02   2.2200000e+03
   3.7226707e-02   2.2350000e+03
   3.4922160e-02   2.2500000e+03
   3.1140057e-02   2.2650000e+03
   2.5968151e-02   2.2800000e+03
   1.9504987e-02   2.2950000e+03
   1.1919685e-02   2.3100000e+03
   3.5249968e-03   2.3250000e+03
  -5.2296803e-03   2.3400000e+03
  -1.3854397e-02   2.3550000e+03
  -2.1920655e-02   2.3700000e+03
  -2.9094774e-02   2.3850000e+03
  -3.5116505e-02   2.4000000e+03
  -3.9789274e-02   2.4150000e+03
  -4.3008368e-02   2.4300000e+03
  -4.4788279e-02   2.4450000e+03
  -4.5250211e-02   2.4600000e+03
  -4.4584252e-02   2.4750000e+03
  -4.3024275e-02   2.4900000e+03
  -4.0837184e-02   2.5050000e+03
  -3.8294077e-02   2.5200000e+03
  -3.5616808e-02   2.5350000e+03
  -3.2942306e-02   2.5500000e+03
  -3.0340817e-02   2.5650000e+03
  -2.7862821e-02   2.5800000e+03
  -2.5558680e-02   2.5950000e+03
  -2.3462173e-02   2.6100000e+03
  -2.1587417e-02   2.6250000e+03
  -1.9971287e-02   2.6400000e+03
  -1.8721275e-02   2.6550000e+03
  -1.8006092e-02   2.6700000e+03
  -1.7989820e-02   2.6850000e+03
  -1.8774332e-02   2.7000000e+03
  -2.0394234e-02   2.7150000e+03
  -2.2838242e-02   2.7300000e+03
  -2.6047127e-02   2.7450000e+03
  -2.9882364e-02   2.7600000e+03
  -3.4102619e-02   2.7750000e+03
  -3.8376100e-02   2.7900000e+03
  -4.2321529e-02   2.8050000e+03
  -4.5556188e-02   2.8200000e+03
  -4.7741141e-02   2.8350000e+03
  -4.8625827e-02   2.8500000e+03
  -4.8091885e-02   2.8650000e+03
  -4.6185143e-02   2.8800000e+03
  -4.3120097e-02   2.8950000e+03
  -3.9251741e-02   2.9100000e+03
  -3.5027619e-02   2.9250000e+03
  -3.0937299e-02   2.9400000e+03
  -2.7462805e-02   2.9550000e+03
  -2.5024340e-02   2.9700000e+03
  -2.3926521e-02   2.9850000e+03
  -2.4322422e-02   3.0000000e+03
  -2.6203429e-02   3.0150000e+03
  -2.9404856e-02   3.0300000e+03
  -3.3617415e-02   3.0450000e+03
  -3.8409363e-02   3.0600000e+03
  -4.3269232e-02   3.0750000e+03
  -4.7667574e-02   3.0900000e+03
  -5.1123504e-02   3.1050000e+03
  -5.3259291e-02   3.1200000e+03
  -5.3833652e-02   3.1350000e+03
  -5.2756403e-02   3.1500000e+03
  -5.0093908e-02   3.1650000e+03
  -4.6067223e-02   3.1800000e+03
  -4.1032277e-02   3.1950000e+03
  -3.5434920e-02   3.2100000e+03
  -2.9752856e-02   3.2250000e+03
  -2.4445256e-02   3.2400000e+03
  -1.9916436e-02   3.2550000e+03
  -1.6482990e-02   3.2700000e+03
  -1.4336000e-02   3.2850000e+03
  -1.3504033e-02   3.3000000e+03
  -1.3829724e-02   3.3150000e+03
  -1.4969966e-02   3.3300000e+03
  -1.6426690e-02   3.3450000e+03
  -1.7611837e-02   3.3600000e+03
  -1.7938407e-02   3.3750000e+03
  -1.6913816e-02   3.3900000e+03
  -1.4209040e-02   3.4050000e+03
  -9.6925246e-03   3.4200000e+03
  -3.4350597e-03   3.4350000e+03
   4.3056151e-03   3.4500000e+03
   1.3117258e-02   3.4650000e+03
   2.2478182e-02   3.4800000e+03
   3.1804681e-02   3.4950000e+03
   4.0494304e-02   3.5100000e+03
   4.7969528e-02   3.5250000e+03
   5.3726427e-02   3.5400000e+03
   5.7379574e-02   3.5550000e+03
   5.8687177e-02   3.5700000e+03
   5.7552245e-02   3.5850000e+03
   5.4012183e-02   3.6000000e+03
   4.8231758e-02   3.6150000e+03
   4.0503334e-02   3.6300000e+03
   3.1248268e-02   3.6450000e+03
   2.1009618e-02   3.6600000e+03
   1.0426613e-02   3.6750000e+03
   1.8628989e-04   3.6900000e+03
  -9.0402309e-03   3.7050000e+03
  -1.6658675e-02   3.7200000e+03
  -2.2194741e-02   3.7350000e+03
  -2.5319386e-02   3.7500000e+03
  -2.5865506e-02   3.7650000e+03
  -2.3839006e-02   3.7800000e+03
  -1.9416440e-02   3.7950000e+03
  -1.2921647e-02   3.8100000e+03
  -4.7841305e-03   3.8250000e+03
   4.5100674e-03   3.8400000e+03
   1.4464650e-02   3.8550000e+03
   2.4610223e-02   3.8700000e+03
   3.4529168e-02   3.8850000e+03
   4.3868225e-02   3.9000000e+03
   5.2342363e-02   3.9150000e+03
   5.9733618e-02   3.9300000e+03
   6.5884404e-02   3.9450000e+03
   7.0682950e-02   3.9600000e+03
   7.4044183e-02   3.9750000e+03
   7.5897157e-02   3.9900000e+03
   7.6189645e-02   4.0050000e+03
   7.4908890e-02   4.0200000e+03
   7.2106451e-02   4.0350000e+03
   6.7914806e-02   4.0500000e+03
   6.2551856e-02   4.0650000e+03
   5.6315251e-02   4.0800000e+03
   4.9565952e-02   4.0950000e+03
   4.2696539e-02   4.1100000e+03
   3.6084175e-02   4.1250000e+03
   3.0038731e-02   4.1400000e+03
   2.4762711e-02   4.1550000e+03
   2.0335495e-02   4.1700000e+03
   1.6724730e-02   4.1850000e+03
   1.3818894e-02   4.2000000e+03
   1.1469360e-02   4.2150000e+03
   9.5282337e-03   4.2300000e+03
   7.8720897e-03   4.2450000e+03
   6.4103981e-03   4.2600000e+03
   5.0830580e-03   4.2750000e+03
   3.8506235e-03   4.2900000e+03
   2.6791361e-03   4.3050000e+03
   1.5249891e-03   4.3200000e+03
   3.2820291e-04   4.3350000e+03
  -9.8326069e-04   4.3500000e+03
  -2.4847626e-03   4.3650000e+03
  -4.2484365e-03   4.3800000e+03
  -6.3369470e-03   4.3950000e+03
  -8.7926779e-03   4.4100000e+03
  -1.1625471e-02   4.4250000e+03
  -1.4808008e-02   4.4400000e+03
  -1.8281199e-02   4.4550000e+03
  -2.1961657e-02   4.4700000e+03
  -2.5744444e-02   4.4850000e+03
  -2.9504631e-02   4.5000000e+03
