  -1.4282643e-03   0.0000000e+00
  -1.4283675e-03   1.5000000e+01
  -1.4285366e-03   3.0000000e+01
  -1.4286331e-03   4.5000000e+01
  -1.4287495e-03   6.0000000e+01
  -1.4289550e-03   7.5000000e+01
  -1.4293019e-03   9.0000000e+01
  -1.4300360e-03   1.0500000e+02
  -1.4312842e-03   1.2000000e+02
  -1.4327341e-03   1.3500000e+02
  -1.4340719e-03   1.5000000e+02
  -1.4353890e-03   1.6500000e+02
  -1.4368616e-03   1.8000000e+02
  -1.4384581e-03   1.9500000e+02
  -1.4400940e-03   2.1000000e+02
  -1.4417154e-03   2.2500000e+02
  -1.4432681e-03   2.4000000e+02
  -1.4447395e-03   2.5500000e+02
  -1.4461183e-03   2.7000000e+02
  -1.4474426e-03   2.8500000e+02
  -1.4489288e-03   3.0000000e+02
  -1.4508549e-03   3.1500000e+02
  -1.4532747e-03   3.3000000e+02
  -1.4559765e-03   3.4500000e+02
  -1.4587698e-03   3.6000000e+02
  -1.4616896e-03   3.7500000e+02
  -1.4648037e-03   3.9000000e+02
  -1.4680412e-03   4.0500000e+02
  -1.4712311e-03   4.2000000e+02
  -1.4740464e-03   4.3500000e+02
  -1.4759946e-03   4.5000000e+02
  -1.4765653e-03   4.6500000e+02
  -1.4750316e-03   4.8000000e+02
  -1.4696987e-03   4.9500000e+02
  -1.4574511e-03   5.1000000e+02
  -1.4349809e-03   5.2500000e+02
  -1.4019815e-03   5.4000000e+02
  -1.3644415e-03   5.5500000e+02
  -1.3351834e-03   5.7000000e+02
  -1.3290930e-03   5.8500000e+02
  -1.3530949e-03   6.0000000e+02
  -1.3973265e-03   6.1500000e+02
  -1.4374472e-03   6.3000000e+02
  -1.4503826e-03   6.4500000e+02
  -1.4315809e-03   6.6000000e+02
  -1.3957287e-03   6.7500000e+02
  -1.3561676e-03   6.9000000e+02
  -1.3036821e-03   7.0500000e+02
  -1.2129017e-03   7.2000000e+02
  -1.0755684e-03   7.3500000e+02
  -9.2397770e-04   7.5000000e+02
  -8.1371790e-04   7.6500000e+02
  -7.8148098e-04   7.8000000e+02
  -8.2266063e-04   7.9500000e+02
  -9.0651127e-04   8.1000000e+02
  -1.0014384e-03   8.2500000e+02
  -1.0819895e-03   8.4000000e+02
  -1.1267932e-03   8.5500000e+02
  -1.1291666e-03   8.7000000e+02
  -1.1108521e-03   8.8500000e+02
  -1.1108421e-03   9.0000000e+02
  -1.1519835e-03   9.1500000e+02
  -1.2219014e-03   9.3000000e+02
  -1.2883916e-03   9.4500000e+02
  -1.3277500e-03   9.6000000e+02
  -1.3372299e-03   9.7500000e+02
  -1.3304340e-03   9.9000000e+02
  -1.3285304e-03   1.0050000e+03
  -1.3487410e-03   1.0200000e+03
  -1.3898702e-03   1.0350000e+03
  -1.4305570e-03   1.0500000e+03
  -1.4513084e-03   1.0650000e+03
  -1.4579194e-03   1.0800000e+03
  -1.4737686e-03   1.0950000e+03
  -1.5090622e-03   1.1100000e+03
  -1.5487896e-03   1.1250000e+03
  -1.5734637e-03   1.1400000e+03
  -1.5812442e-03   1.1550000e+03
  -1.5846940e-03   1.1700000e+03
  -1.5936425e-03   1.1850000e+03
  -1.6077417e-03   1.2000000e+03
  -1.6238458e-03   1.2150000e+03
  -1.6467893e-03   1.2300000e+03
  -1.6901229e-03   1.2450000e+03
  -1.7637913e-03   1.2600000e+03
  -1.8620887e-03   1.2750000e+03
  -1.9662783e-03   1.2900000e+03
  -2.0564746e-03   1.3050000e+03
  -2.1188152e-03   1.3200000e+03
  -2.1498273e-03   1.3350000e+03
  -2.1645660e-03   1.3500000e+03
  -2.1949471e-03   1.3650000e+03
  -2.2639637e-03   1.3800000e+03
  -2.3584524e-03   1.3950000e+03
  -2.4396216e-03   1.4100000e+03
  -2.4867305e-03   1.4250000e+03
  -2.5222201e-03   1.4400000e+03
  -2.5871946e-03   1.4550000e+03
  -2.6969661e-03   1.4700000e+03
  -2.8266823e-03   1.4850000e+03
  -2.9388347e-03   1.5000000e+03
  -3.0207222e-03   1.5150000e+03
  -3.0946434e-03   1.5300000e+03
  -3.1929996e-03   1.5450000e+03
  -3.3250058e-03   1.5600000e+03
  -3.4705314e-03   1.5750000e+03
  -3.6076121e-03   1.5900000e+03
  -3.7400434e-03   1.6050000e+03
  -3.8899865e-03   1.6200000e+03
  -4.0666973e-03   1.6350000e+03
  -4.2561674e-03   1.6500000e+03
  -4.4459016e-03   1.6650000e+03
  -4.6463055e-03   1.6800000e+03
  -4.8762113e-03   1.6950000e+03
  -5.1364270e-03   1.7100000e+03
  -5.4127066e-03   1.7250000e+03
  -5.7012569e-03   1.7400000e+03
  -6.0155499e-03   1.7550000e+03
  -6.3667079e-03   1.7700000e+03
  -6.7514298e-03   1.7850000e+03
  -7.1640625e-03   1.8000000e+03
  -7.6092314e-03   1.8150000e+03
  -8.0956817e-03   1.8300000e+03
  -8.6252475e-03   1.8450000e+03
  -9.1942623e-03   1.8600000e+03
  -9.7995745e-03   1.8750000e+03
  -1.0434150e-02   1.8900000e+03
  -1.1073731e-02   1.9050000e+03
  -1.1660746e-02   1.9200000e+03
  -1.2074680e-02   1.9350000e+03
  -1.2065768e-02   1.9500000e+03
  -1.1131282e-02   1.9650000e+03
  -8.3132572e-03   1.9800000e+03
  -1.8940897e-03   1.9950000e+03
   1.1000175e-02   2.0100000e+03
   3.4775086e-02   2.0250000e+03
   7.5437248e-02   2.0400000e+03
   1.3987935e-01   2.0550000e+03
   2.3378766e-01   2.0700000e+03
   3.5776231e-01   2.0850000e+03
   5.0200385e-01   2.1000000e+03
   6.4135277e-01   2.1150000e+03
   7.3411173e-01   2.1300000e+03
   7.2874570e-01   2.1450000e+03
   5.8069611e-01   2.1600000e+03
   2.7636603e-01   2.1750000e+03
  -1.4566319e-01   2.1900000e+03
  -5.9052098e-01   2.2050000e+03
  -9.3076926e-01   2.2200000e+03
  -1.0551715e+00   2.2350000e+03
  -9.2202121e-01   2.2500000e+03
  -5.8690464e-01   2.2650000e+03
  -1.8375896e-01   2.2800000e+03
   1.3585609e-01   2.2950000e+03
   2.7356249e-01   2.3100000e+03
   2.2576195e-01   2.3250000e+03
   7.4745730e-02   2.3400000e+03
  -6.2156383e-02   2.3550000e+03
  -9.6200056e-02   2.3700000e+03
  -1.2111032e-02   2.3850000e+03
   1.2702501e-01   2.4000000e+03
   2.1975902e-01   2.4150000e+03
   1.9309860e-01   2.4300000e+03
   5.4619327e-02   2.4450000e+03
  -1.1213893e-01   2.4600000e+03
  -2.1109386e-01   2.4750000e+03
  -2.0398249e-01   2.4900000e+03
  -1.2617725e-01   2.5050000e+03
  -4.1421004e-02   2.5200000e+03
   1.0216283e-02   2.5350000e+03
   2.2735847e-02   2.5500000e+03
   4.6479972e-03   2.5650000e+03
  -2.9585319e-02   2.5800000e+03
  -5.3061828e-02   2.5950000e+03
  -3.6666688e-02   2.6100000e+03
   2.0236153e-02   2.6250000e+03
   8.0255345e-02   2.6400000e+03
   1.0188846e-01   2.6550000e+03
   7.7938102e-02   2.6700000e+03
   3.3015873e-02   2.6850000e+03
  -6.3612959e-03   2.7000000e+03
  -2.6211126e-02   2.7150000e+03
  -2.0723835e-02   2.7300000e+03
   4.7475528e-03   2.7450000e+03
   2.8071428e-02   2.7600000e+03
   2.8839128e-02   2.7750000e+03
   1.6375292e-02   2.7900000e+03
   2.0764656e-02   2.8050000e+03
   4.9736727e-02   2.8200000e+03
   7.2649337e-02   2.8350000e+03
   5.8501679e-02   2.8500000e+03
   1.6055914e-02   2.8650000e+03
  -1.6910302e-02   2.8800000e+03
  -1.5611694e-02   2.8950000e+03
   1.1900910e-02   2.9100000e+03
   4.0375777e-02   2.9250000e+03
   5.1551480e-02   2.9400000e+03
   4.5118626e-02   2.9550000e+03
   3.4011874e-02   2.9700000e+03
   2.9716959e-02   2.9850000e+03
   3.0069558e-02   3.0000000e+03
   2.3629071e-02   3.0150000e+03
   6.5557580e-03   3.0300000e+03
  -1.0242695e-02   3.0450000e+03
  -1.3706940e-02   3.0600000e+03
  -3.8641621e-03   3.0750000e+03
   7.6476247e-03   3.0900000e+03
   1.1798230e-02   3.1050000e+03
   1.0570504e-02   3.1200000e+03
   1.0865007e-02   3.1350000e+03
   1.2821547e-02   3.1500000e+03
   7.1482565e-03   3.1650000e+03
  -1.4000228e-02   3.1800000e+03
  -4.3857127e-02   3.1950000e+03
  -6.1952308e-02   3.2100000e+03
  -5.1495258e-02   3.2250000e+03
  -1.6236033e-02   3.2400000e+03
   2.1487564e-02   3.2550000e+03
   3.9799634e-02   3.2700000e+03
   3.3741154e-02   3.2850000e+03
   1.4136381e-02   3.3000000e+03
  -6.1177551e-03   3.3150000e+03
  -2.2126408e-02   3.3300000e+03
  -3.5320781e-02   3.3450000e+03
  -4.6163775e-02   3.3600000e+03
  -5.0778296e-02   3.3750000e+03
  -4.3652911e-02   3.3900000e+03
  -2.2684289e-02   3.4050000e+03
   6.7431764e-03   3.4200000e+03
   3.1321827e-02   3.4350000e+03
   3.6500286e-02   3.4500000e+03
   1.8531773e-02   3.4650000e+03
  -9.8711085e-03   3.4800000e+03
  -3.0489994e-02   3.4950000e+03
  -3.8143136e-02   3.5100000e+03
  -4.4001516e-02   3.5250000e+03
  -5.6826279e-02   3.5400000e+03
  -6.5514706e-02   3.5550000e+03
  -4.8951320e-02   3.5700000e+03
  -4.7625662e-03   3.5850000e+03
   3.9571080e-02   3.6000000e+03
   5.1284172e-02   3.6150000e+03
   2.5958376e-02   3.6300000e+03
  -9.1955727e-03   3.6450000e+03
  -2.4905458e-02   3.6600000e+03
  -1.6053813e-02   3.6750000e+03
   2.7821611e-03   3.6900000e+03
   1.8963514e-02   3.7050000e+03
   3.0652497e-02   3.7200000e+03
   3.8286507e-02   3.7350000e+03
   3.9069526e-02   3.7500000e+03
   3.3961795e-02   3.7650000e+03
   3.2087915e-02   3.7800000e+03
   4.0463164e-02   3.7950000e+03
   5.1892396e-02   3.8100000e+03
   4.9677618e-02   3.8250000e+03
   2.4726732e-02   3.8400000e+03
  -1.5482629e-02   3.8550000e+03
  -5.3467866e-02   3.8700000e+03
  -7.2542362e-02   3.8850000e+03
  -6.3081503e-02   3.9000000e+03
  -2.7073219e-02   3.9150000e+03
   1.8780068e-02   3.9300000e+03
   4.9558386e-02   3.9450000e+03
   4.8838362e-02   3.9600000e+03
   2.0442167e-02   3.9750000e+03
  -1.7395694e-02   3.9900000e+03
  -4.7662616e-02   4.0050000e+03
  -6.2823392e-02   4.0200000e+03
  -6.1637379e-02   4.0350000e+03
  -4.4613261e-02   4.0500000e+03
  -1.4971863e-02   4.0650000e+03
   1.8818930e-02   4.0800000e+03
   4.4804234e-02   4.0950000e+03
   5.3540647e-02   4.1100000e+03
   4.4063535e-02   4.1250000e+03
   2.5173757e-02   4.1400000e+03
   9.4735501e-03   4.1550000e+03
   3.2997055e-03   4.1700000e+03
   1.6603750e-03   4.1850000e+03
  -5.5088233e-03   4.2000000e+03
  -2.1243962e-02   4.2150000e+03
  -3.6547396e-02   4.2300000e+03
  -3.8595799e-02   4.2450000e+03
  -2.4298629e-02   4.2600000e+03
  -5.3497446e-03   4.2750000e+03
   1.1060622e-03   4.2900000e+03
  -1.1972005e-02   4.3050000e+03
  -3.4476396e-02   4.3200000e+03
  -4.7516629e-02   4.3350000e+03
  -3.9147552e-02   4.3500000e+03
  -1.2889805e-02   4.3650000e+03
   1.7066404e-02   4.3800000e+03
   3.7143849e-02   4.3950000e+03
   4.1945551e-02   4.4100000e+03
   3.4578186e-02   4.4250000e+03
   2.2627339e-02   4.4400000e+03
   1.3350163e-02   4.4550000e+03
   1.0053564e-02   4.4700000e+03
   1.1044601e-02   4.4850000e+03
   1.1643153e-02   4.5000000e+03
