  -1.2876848e-03   0.0000000e+00
  -1.2877755e-03   1.5000000e+01
  -1.2879358e-03   3.0000000e+01
  -1.2880588e-03   4.5000000e+01
  -1.2882359e-03   6.0000000e+01
  -1.2885411e-03   7.5000000e+01
  -1.2890268e-03   9.0000000e+01
  -1.2899000e-03   1.0500000e+02
  -1.2912647e-03   1.2000000e+02
  -1.2928527e-03   1.3500000e+02
  -1.2943954e-03   1.5000000e+02
  -1.2959759e-03   1.6500000e+02
  -1.2977527e-03   1.8000000e+02
  -1.2997009e-03   1.9500000e+02
  -1.3017403e-03   2.1000000e+02
  -1.3037978e-03   2.2500000e+02
  -1.3057991e-03   2.4000000e+02
  -1.3077087e-03   2.5500000e+02
  -1.3095182e-03   2.7000000e+02
  -1.3112857e-03   2.8500000e+02
  -1.3132428e-03   3.0000000e+02
  -1.3156739e-03   3.1500000e+02
  -1.3186405e-03   3.3000000e+02
  -1.3219332e-03   3.4500000e+02
  -1.3253458e-03   3.6000000e+02
  -1.3288782e-03   3.7500000e+02
  -1.3325979e-03   3.9000000e+02
  -1.3364663e-03   4.0500000e+02
  -1.3403195e-03   4.2000000e+02
  -1.3438276e-03   4.3500000e+02
  -1.3465461e-03   4.5000000e+02
  -1.3480121e-03   4.6500000e+02
  -1.3474743e-03   4.8000000e+02
  -1.3431867e-03   4.9500000e+02
  -1.3320477e-03   5.1000000e+02
  -1.3107989e-03   5.2500000e+02
  -1.2790443e-03   5.4000000e+02
  -1.2424790e-03   5.5500000e+02
  -1.2135758e-03   5.7000000e+02
  -1.2070385e-03   5.8500000e+02
  -1.2299701e-03   6.0000000e+02
  -1.2730280e-03   6.1500000e+02
  -1.3124233e-03   6.3000000e+02
  -1.3252624e-03   6.4500000e+02
  -1.3066299e-03   6.6000000e+02
  -1.2705867e-03   6.7500000e+02
  -1.2302460e-03   6.9000000e+02
  -1.1770126e-03   7.0500000e+02
  -1.0865555e-03   7.2000000e+02
  -9.5089519e-04   7.3500000e+02
  -8.0109196e-04   7.5000000e+02
  -6.9077342e-04   7.6500000e+02
  -6.5568427e-04   7.8000000e+02
  -6.9228985e-04   7.9500000e+02
  -7.7207788e-04   8.1000000e+02
  -8.6492317e-04   8.2500000e+02
  -9.4509334e-04   8.4000000e+02
  -9.9002710e-04   8.5500000e+02
  -9.9236402e-04   8.7000000e+02
  -9.7396277e-04   8.8500000e+02
  -9.7387942e-04   9.0000000e+02
  -1.0146141e-03   9.1500000e+02
  -1.0840150e-03   9.3000000e+02
  -1.1512802e-03   9.4500000e+02
  -1.1938612e-03   9.6000000e+02
  -1.2082574e-03   9.7500000e+02
  -1.2063268e-03   9.9000000e+02
  -1.2087165e-03   1.0050000e+03
  -1.2332952e-03   1.0200000e+03
  -1.2788235e-03   1.0350000e+03
  -1.3230811e-03   1.0500000e+03
  -1.3465002e-03   1.0650000e+03
  -1.3556995e-03   1.0800000e+03
  -1.3745348e-03   1.0950000e+03
  -1.4133101e-03   1.1100000e+03
  -1.4573906e-03   1.1250000e+03
  -1.4874722e-03   1.1400000e+03
  -1.5009837e-03   1.1550000e+03
  -1.5092773e-03   1.1700000e+03
  -1.5211321e-03   1.1850000e+03
  -1.5353905e-03   1.2000000e+03
  -1.5486104e-03   1.2150000e+03
  -1.5662496e-03   1.2300000e+03
  -1.6029592e-03   1.2450000e+03
  -1.6694234e-03   1.2600000e+03
  -1.7601229e-03   1.2750000e+03
  -1.8561151e-03   1.2900000e+03
  -1.9371450e-03   1.3050000e+03
  -1.9893416e-03   1.3200000e+03
  -2.0098747e-03   1.3350000e+03
  -2.0145131e-03   1.3500000e+03
  -2.0351778e-03   1.3650000e+03
  -2.0941112e-03   1.3800000e+03
  -2.1769383e-03   1.3950000e+03
  -2.2434061e-03   1.4100000e+03
  -2.2715791e-03   1.4250000e+03
  -2.2837797e-03   1.4400000e+03
  -2.3220619e-03   1.4550000e+03
  -2.4026940e-03   1.4700000e+03
  -2.5008724e-03   1.4850000e+03
  -2.5783652e-03   1.5000000e+03
  -2.6217434e-03   1.5150000e+03
  -2.6528849e-03   1.5300000e+03
  -2.7035158e-03   1.5450000e+03
  -2.7813900e-03   1.5600000e+03
  -2.8648770e-03   1.5750000e+03
  -2.9318123e-03   1.5900000e+03
  -2.9868830e-03   1.6050000e+03
  -3.0522023e-03   1.6200000e+03
  -3.1346944e-03   1.6350000e+03
  -3.2169183e-03   1.6500000e+03
  -3.2839442e-03   1.6650000e+03
  -3.3451505e-03   1.6800000e+03
  -3.4183559e-03   1.6950000e+03
  -3.5023626e-03   1.7100000e+03
  -3.5802280e-03   1.7250000e+03
  -3.6448559e-03   1.7400000e+03
  -3.7046955e-03   1.7550000e+03
  -3.7633781e-03   1.7700000e+03
  -3.8089980e-03   1.7850000e+03
  -3.8283179e-03   1.8000000e+03
  -3.8196265e-03   1.8150000e+03
  -3.7852777e-03   1.8300000e+03
  -3.7205028e-03   1.8450000e+03
  -3.6163072e-03   1.8600000e+03
  -3.4662632e-03   1.8750000e+03
  -3.2618304e-03   1.8900000e+03
  -2.9829349e-03   1.9050000e+03
  -2.5981010e-03   1.9200000e+03
  -2.0711429e-03   1.9350000e+03
  -1.3615781e-03   1.9500000e+03
  -4.1722402e-04   1.9650000e+03
   8.3345850e-04   1.9800000e+03
   2.4884513e-03   1.9950000e+03
   4.6840301e-03   2.0100000e+03
   7.6111006e-03   2.0250000e+03
   1.1532358e-02   2.0400000e+03
   1.6804338e-02   2.0550000e+03
   2.3912378e-02   2.0700000e+03
   3.3517621e-02   2.0850000e+03
   4.6507277e-02   2.1000000e+03
   6.4039499e-02   2.1150000e+03
   8.7566867e-02   2.1300000e+03
   1.1879928e-01   2.1450000e+03
   1.5954401e-01   2.1600000e+03
   2.1135239e-01   2.1750000e+03
   2.7491590e-01   2.1900000e+03
   3.4920415e-01   2.2050000e+03
   4.3045059e-01   2.2200000e+03
   5.1126111e-01   2.2350000e+03
   5.8028668e-01   2.2500000e+03
   6.2296677e-01   2.2650000e+03
   6.2371778e-01   2.2800000e+03
   5.6954437e-01   2.2950000e+03
   4.5441264e-01   2.3100000e+03
   2.8304955e-01   2.3250000e+03
   7.2486736e-02   2.3400000e+03
  -1.4996281e-01   2.3550000e+03
  -3.5242170e-01   2.3700000e+03
  -5.0636077e-01   2.3850000e+03
  -5.9395397e-01   2.4000000e+03
  -6.1205214e-01   2.4150000e+03
  -5.7131737e-01   2.4300000e+03
  -4.9119624e-01   2.4450000e+03
  -3.9311248e-01   2.4600000e+03
  -2.9461575e-01   2.4750000e+03
  -2.0629548e-01   2.4900000e+03
  -1.3186957e-01   2.5050000e+03
  -7.0723869e-02   2.5200000e+03
  -2.1439636e-02   2.5350000e+03
   1.5565511e-02   2.5500000e+03
   3.7883781e-02   2.5650000e+03
   4.3620318e-02   2.5800000e+03
   3.4666032e-02   2.5950000e+03
   1.7913526e-02   2.6100000e+03
   3.0406960e-03   2.6250000e+03
  -1.7079015e-03   2.6400000e+03
   7.1897991e-03   2.6550000e+03
   2.7955661e-02   2.6700000e+03
   5.5153586e-02   2.6850000e+03
   8.2056470e-02   2.7000000e+03
   1.0284378e-01   2.7150000e+03
   1.1435583e-01   2.7300000e+03
   1.1693052e-01   2.7450000e+03
   1.1375554e-01   2.7600000e+03
   1.0896815e-01   2.7750000e+03
   1.0562737e-01   2.7900000e+03
   1.0460529e-01   2.8050000e+03
   1.0467433e-01   2.8200000e+03
   1.0349972e-01   2.8350000e+03
   9.8984614e-02   2.8500000e+03
   9.0212025e-02   2.8650000e+03
   7.7431493e-02   2.8800000e+03
   6.1366290e-02   2.8950000e+03
   4.2705748e-02   2.9100000e+03
   2.2178655e-02   2.9250000e+03
   7.5796095e-04   2.9400000e+03
  -2.0484714e-02   2.9550000e+03
  -4.0726122e-02   2.9700000e+03
  -5.9531484e-02   2.9850000e+03
  -7.6667830e-02   3.0000000e+03
  -9.1710724e-02   3.0150000e+03
  -1.0364235e-01   3.0300000e+03
  -1.1079313e-01   3.0450000e+03
  -1.1142898e-01   3.0600000e+03
  -1.0473452e-01   3.0750000e+03
  -9.1452025e-02   3.0900000e+03
  -7.3702812e-02   3.1050000e+03
  -5.4220013e-02   3.1200000e+03
  -3.5555176e-02   3.1350000e+03
  -1.9634971e-02   3.1500000e+03
  -7.7154166e-03   3.1650000e+03
  -5.1786180e-04   3.1800000e+03
   1.7531241e-03   3.1950000e+03
  -4.4550680e-04   3.2100000e+03
  -6.0065589e-03   3.2250000e+03
  -1.3580005e-02   3.2400000e+03
  -2.2117089e-02   3.2550000e+03
  -3.1084051e-02   3.2700000e+03
  -4.0272288e-02   3.2850000e+03
  -4.9538665e-02   3.3000000e+03
  -5.8690067e-02   3.3150000e+03
  -6.7376696e-02   3.3300000e+03
  -7.4848510e-02   3.3450000e+03
  -7.9755642e-02   3.3600000e+03
  -8.0353916e-02   3.3750000e+03
  -7.5216338e-02   3.3900000e+03
  -6.4061008e-02   3.4050000e+03
  -4.8079431e-02   3.4200000e+03
  -2.9488316e-02   3.4350000e+03
  -1.0662036e-02   3.4500000e+03
   6.5182527e-03   3.4650000e+03
   2.0825842e-02   3.4800000e+03
   3.1626530e-02   3.4950000e+03
   3.8934559e-02   3.5100000e+03
   4.3529507e-02   3.5250000e+03
   4.6776358e-02   3.5400000e+03
   4.9975093e-02   3.5550000e+03
   5.3530727e-02   3.5700000e+03
   5.6507625e-02   3.5850000e+03
   5.6966431e-02   3.6000000e+03
   5.2989852e-02   3.6150000e+03
   4.3809168e-02   3.6300000e+03
   3.0304983e-02   3.6450000e+03
   1.4561282e-02   3.6600000e+03
  -1.1278007e-03   3.6750000e+03
  -1.4993404e-02   3.6900000e+03
  -2.5835013e-02   3.7050000e+03
  -3.2742035e-02   3.7200000e+03
  -3.5181060e-02   3.7350000e+03
  -3.3538792e-02   3.7500000e+03
  -2.9415330e-02   3.7650000e+03
  -2.5026433e-02   3.7800000e+03
  -2.2028165e-02   3.7950000e+03
  -2.0787437e-02   3.8100000e+03
  -2.0683059e-02   3.8250000e+03
  -2.0942826e-02   3.8400000e+03
  -2.1091906e-02   3.8550000e+03
  -2.0731369e-02   3.8700000e+03
  -1.9176509e-02   3.8850000e+03
  -1.5501973e-02   3.9000000e+03
  -8.9513278e-03   3.9150000e+03
   6.5619731e-04   3.9300000e+03
   1.2678949e-02   3.9450000e+03
   2.5523907e-02   3.9600000e+03
   3.6766209e-02   3.9750000e+03
   4.3795247e-02   3.9900000e+03
   4.4925336e-02   4.0050000e+03
   4.0356126e-02   4.0200000e+03
   3.2276765e-02   4.0350000e+03
   2.3937225e-02   4.0500000e+03
   1.8160369e-02   4.0650000e+03
   1.6061096e-02   4.0800000e+03
   1.6623184e-02   4.0950000e+03
   1.7386351e-02   4.1100000e+03
   1.5910486e-02   4.1250000e+03
   1.1174492e-02   4.1400000e+03
   4.0765638e-03   4.1550000e+03
  -3.1557910e-03   4.1700000e+03
  -8.1005618e-03   4.1850000e+03
  -9.0997033e-03   4.2000000e+03
  -5.7221330e-03   4.2150000e+03
   1.1763279e-03   4.2300000e+03
   9.6661504e-03   4.2450000e+03
   1.7241852e-02   4.2600000e+03
   2.1581333e-02   4.2750000e+03
   2.1326646e-02   4.2900000e+03
   1.6521072e-02   4.3050000e+03
   8.4781423e-03   4.3200000e+03
  -8.2305016e-04   4.3350000e+03
  -9.4560245e-03   4.3500000e+03
  -1.6005335e-02   4.3650000e+03
  -1.9653158e-02   4.3800000e+03
  -2.0089190e-02   4.3950000e+03
  -1.7488969e-02   4.4100000e+03
  -1.2559391e-02   4.4250000e+03
  -6.4184042e-03   4.4400000e+03
  -1.6753697e-04   4.4550000e+03
   5.6394534e-03   4.4700000e+03
   1.1208896e-02   4.4850000e+03
   1.7150035e-02   4.5000000e+03
