   4.2163160e-02   0.0000000e+00
   4.2083491e-02   1.5000000e+01
   4.1840844e-02   3.0000000e+01
   4.1426007e-02   4.5000000e+01
   4.0837955e-02   6.0000000e+01
   4.0076975e-02   7.5000000e+01
   3.9122049e-02   9.0000000e+01
   3.7940394e-02   1.0500000e+02
   3.6521733e-02   1.2000000e+02
   3.4903478e-02   1.3500000e+02
   3.3171020e-02   1.5000000e+02
   3.1436138e-02   1.6500000e+02
   2.9902877e-02   1.8000000e+02
   2.9142305e-02   1.9500000e+02
   3.0659037e-02   2.1000000e+02
   3.8380139e-02   2.2500000e+02
   6.3309342e-02   2.4000000e+02
   1.3619258e-01   2.5500000e+02
   3.3248797e-01   2.7000000e+02
   7.9494750e-01   2.8500000e+02
   1.6871775e+00   3.0000000e+02
   2.9759400e+00   3.1500000e+02
   4.0838866e+00   3.3000000e+02
   3.8464100e+00   3.4500000e+02
   1.3545355e+00   3.6000000e+02
  -2.6469383e+00   3.7500000e+02
  -5.5779819e+00   3.9000000e+02
  -5.2688532e+00   4.0500000e+02
  -2.5056939e+00   4.2000000e+02
  -2.0251475e-01   4.3500000e+02
   2.0573956e-01   4.5000000e+02
  -1.2430897e-03   4.6500000e+02
   3.6168256e-01   4.8000000e+02
   5.3974169e-01   4.9500000e+02
  -9.6643515e-02   5.1000000e+02
  -4.9950901e-01   5.2500000e+02
   2.0714540e-02   5.4000000e+02
   4.2016664e-01   5.5500000e+02
   1.0209355e-02   5.7000000e+02
  -2.7080625e-01   5.8500000e+02
   1.3905431e-01   6.0000000e+02
   3.6832115e-01   6.1500000e+02
  -5.5866442e-03   6.3000000e+02
  -2.0826472e-01   6.4500000e+02
   1.3888454e-02   6.6000000e+02
   2.7476331e-02   6.7500000e+02
  -2.1130227e-01   6.9000000e+02
  -1.7174755e-01   7.0500000e+02
   6.5009043e-02   7.2000000e+02
   7.7521659e-02   7.3500000e+02
  -1.3207349e-02   7.5000000e+02
   5.9033670e-02   7.6500000e+02
   1.1371849e-01   7.8000000e+02
  -1.9476756e-04   7.9500000e+02
  -6.8307281e-02   8.1000000e+02
  -1.1279521e-02   8.2500000e+02
   1.1113432e-03   8.4000000e+02
  -3.2832649e-02   8.5500000e+02
  -7.8476453e-03   8.7000000e+02
   1.9329501e-02   8.8500000e+02
  -1.6009619e-02   9.0000000e+02
  -4.1569196e-02   9.1500000e+02
  -1.6401226e-02   9.3000000e+02
  -2.2218528e-04   9.4500000e+02
  -6.8722633e-03   9.6000000e+02
   7.0073213e-03   9.7500000e+02
   2.8893283e-02   9.9000000e+02
   3.1904045e-02   1.0050000e+03
   4.5518026e-02   1.0200000e+03
   8.2781121e-02   1.0350000e+03
   1.0780094e-01   1.0500000e+03
   1.0541327e-01   1.0650000e+03
   8.9957207e-02   1.0800000e+03
   6.3000023e-02   1.0950000e+03
   2.5015622e-02   1.1100000e+03
  -4.5981342e-03   1.1250000e+03
  -1.3705941e-02   1.1400000e+03
  -8.4562860e-03   1.1550000e+03
   7.9691848e-03   1.1700000e+03
   3.1809703e-02   1.1850000e+03
   4.6176735e-02   1.2000000e+03
   3.9590769e-02   1.2150000e+03
   1.9753270e-02   1.2300000e+03
  -1.6348410e-03   1.2450000e+03
  -1.8851168e-02   1.2600000e+03
  -2.6707608e-02   1.2750000e+03
  -2.1949606e-02   1.2900000e+03
  -9.0572387e-03   1.3050000e+03
   3.5868636e-03   1.3200000e+03
   1.0287506e-02   1.3350000e+03
   9.4225463e-03   1.3500000e+03
   2.5606672e-03   1.3650000e+03
  -8.5430108e-03   1.3800000e+03
  -2.5552129e-02   1.3950000e+03
  -5.1008694e-02   1.4100000e+03
  -8.1828453e-02   1.4250000e+03
  -1.0887303e-01   1.4400000e+03
  -1.2330028e-01   1.4550000e+03
  -1.2176614e-01   1.4700000e+03
  -1.0724435e-01   1.4850000e+03
  -8.6616457e-02   1.5000000e+03
  -6.5645948e-02   1.5150000e+03
  -4.5013625e-02   1.5300000e+03
  -2.2284701e-02   1.5450000e+03
   2.8417453e-03   1.5600000e+03
   2.7107956e-02   1.5750000e+03
   4.6608228e-02   1.5900000e+03
   5.8859345e-02   1.6050000e+03
   6.2433720e-02   1.6200000e+03
   5.6821253e-02   1.6350000e+03
   4.3471321e-02   1.6500000e+03
   2.6051451e-02   1.6650000e+03
   8.5884361e-03   1.6800000e+03
  -7.0090895e-03   1.6950000e+03
  -2.1168033e-02   1.7100000e+03
  -3.4050733e-02   1.7250000e+03
  -4.3338776e-02   1.7400000e+03
  -4.5361571e-02   1.7550000e+03
  -3.8126342e-02   1.7700000e+03
  -2.2906914e-02   1.7850000e+03
  -3.8896503e-03   1.8000000e+03
   1.2856863e-02   1.8150000e+03
   2.1498507e-02   1.8300000e+03
   2.0125011e-02   1.8450000e+03
   1.3324293e-02   1.8600000e+03
   1.0172421e-02   1.8750000e+03
   1.8388100e-02   1.8900000e+03
   3.9241638e-02   1.9050000e+03
   6.6654786e-02   1.9200000e+03
   9.0218365e-02   1.9350000e+03
   9.9857435e-02   1.9500000e+03
   8.9957312e-02   1.9650000e+03
   6.1291259e-02   1.9800000e+03
   1.9938009e-02   1.9950000e+03
  -2.5889182e-02   2.0100000e+03
  -6.8669252e-02   2.0250000e+03
  -1.0229773e-01   2.0400000e+03
  -1.2146609e-01   2.0550000e+03
  -1.2181225e-01   2.0700000e+03
  -1.0153183e-01   2.0850000e+03
  -6.3080847e-02   2.1000000e+03
  -1.3488201e-02   2.1150000e+03
   3.6997400e-02   2.1300000e+03
   7.7551924e-02   2.1450000e+03
   1.0006592e-01   2.1600000e+03
   1.0171552e-01   2.1750000e+03
   8.5356265e-02   2.1900000e+03
   5.7775263e-02   2.2050000e+03
   2.7250234e-02   2.2200000e+03
   1.4452544e-03   2.2350000e+03
  -1.4388531e-02   2.2500000e+03
  -1.8808071e-02   2.2650000e+03
  -1.4432820e-02   2.2800000e+03
  -6.7025758e-03   2.2950000e+03
  -1.7666583e-03   2.3100000e+03
  -4.4377716e-03   2.3250000e+03
  -1.6764170e-02   2.3400000e+03
  -3.7455734e-02   2.3550000e+03
  -6.2286850e-02   2.3700000e+03
  -8.5385807e-02   2.3850000e+03
  -1.0093649e-01   2.4000000e+03
  -1.0458511e-01   2.4150000e+03
  -9.4179496e-02   2.4300000e+03
  -7.0153810e-02   2.4450000e+03
  -3.5891443e-02   2.4600000e+03
   2.5232316e-03   2.4750000e+03
   3.8100038e-02   2.4900000e+03
   6.5776058e-02   2.5050000e+03
   8.4100448e-02   2.5200000e+03
   9.4220452e-02   2.5350000e+03
   9.7244971e-02   2.5500000e+03
   9.2658028e-02   2.5650000e+03
   7.9285592e-02   2.5800000e+03
   5.7805829e-02   2.5950000e+03
   3.2328371e-02   2.6100000e+03
   9.1842683e-03   2.6250000e+03
  -6.7237159e-03   2.6400000e+03
  -1.5352036e-02   2.6550000e+03
  -2.1649189e-02   2.6700000e+03
  -3.1677499e-02   2.6850000e+03
  -4.7440521e-02   2.7000000e+03
  -6.4478964e-02   2.7150000e+03
  -7.4216858e-02   2.7300000e+03
  -6.9354862e-02   2.7450000e+03
  -4.8393019e-02   2.7600000e+03
  -1.6255809e-02   2.7750000e+03
   1.8891787e-02   2.7900000e+03
   4.9793687e-02   2.8050000e+03
   7.2211735e-02   2.8200000e+03
   8.4281914e-02   2.8350000e+03
   8.4797144e-02   2.8500000e+03
   7.2535351e-02   2.8650000e+03
   4.7411811e-02   2.8800000e+03
   1.2583512e-02   2.8950000e+03
  -2.4378525e-02   2.9100000e+03
  -5.3079333e-02   2.9250000e+03
  -6.4849496e-02   2.9400000e+03
  -5.7737455e-02   2.9550000e+03
  -3.8121264e-02   2.9700000e+03
  -1.7322270e-02   2.9850000e+03
  -5.6470912e-03   3.0000000e+03
  -7.9455590e-03   3.0150000e+03
  -2.2578891e-02   3.0300000e+03
  -4.2801745e-02   3.0450000e+03
  -5.9196912e-02   3.0600000e+03
  -6.2969118e-02   3.0750000e+03
  -4.9716797e-02   3.0900000e+03
  -2.1854121e-02   3.1050000e+03
   1.2136941e-02   3.1200000e+03
   4.1291617e-02   3.1350000e+03
   5.6441423e-02   3.1500000e+03
   5.3335816e-02   3.1650000e+03
   3.3902172e-02   3.1800000e+03
   5.3852070e-03   3.1950000e+03
  -2.2559440e-02   3.2100000e+03
  -4.1630380e-02   3.2250000e+03
  -4.7517147e-02   3.2400000e+03
  -4.0362559e-02   3.2550000e+03
  -2.3795040e-02   3.2700000e+03
  -3.7635898e-03   3.2850000e+03
   1.2679437e-02   3.3000000e+03
   1.9305380e-02   3.3150000e+03
   1.3278659e-02   3.3300000e+03
  -3.0324750e-03   3.3450000e+03
  -2.2655632e-02   3.3600000e+03
  -3.7315868e-02   3.3750000e+03
  -4.1716609e-02   3.3900000e+03
  -3.5996474e-02   3.4050000e+03
  -2.4563922e-02   3.4200000e+03
  -1.2265076e-02   3.4350000e+03
  -1.1620991e-03   3.4500000e+03
   9.3455827e-03   3.4650000e+03
   1.9645374e-02   3.4800000e+03
   2.7692052e-02   3.4950000e+03
   3.0021876e-02   3.5100000e+03
   2.4926405e-02   3.5250000e+03
   1.4391860e-02   3.5400000e+03
   2.9194984e-03   3.5550000e+03
  -5.3931172e-03   3.5700000e+03
  -8.8468157e-03   3.5850000e+03
  -8.0554374e-03   3.6000000e+03
  -4.6180943e-03   3.6150000e+03
   3.7493646e-05   3.6300000e+03
   4.8433212e-03   3.6450000e+03
   8.4606800e-03   3.6600000e+03
   8.8401791e-03   3.6750000e+03
   4.0683672e-03   3.6900000e+03
  -5.7386914e-03   3.7050000e+03
  -1.7380208e-02   3.7200000e+03
  -2.5892504e-02   3.7350000e+03
  -2.7333425e-02   3.7500000e+03
  -2.0534219e-02   3.7650000e+03
  -6.7390506e-03   3.7800000e+03
   1.1472031e-02   3.7950000e+03
   3.0378779e-02   3.8100000e+03
   4.4931553e-02   3.8250000e+03
   4.9916234e-02   3.8400000e+03
   4.2763941e-02   3.8550000e+03
   2.5945265e-02   3.8700000e+03
   6.5297158e-03   3.8850000e+03
  -7.3481635e-03   3.9000000e+03
  -1.0846517e-02   3.9150000e+03
  -4.7652991e-03   3.9300000e+03
   5.3062625e-03   3.9450000e+03
   1.2140946e-02   3.9600000e+03
   1.0510435e-02   3.9750000e+03
  -2.5564595e-04   3.9900000e+03
  -1.5860774e-02   4.0050000e+03
  -2.9237578e-02   4.0200000e+03
  -3.4519356e-02   4.0350000e+03
  -3.0474020e-02   4.0500000e+03
  -2.1010604e-02   4.0650000e+03
  -1.2348553e-02   4.0800000e+03
  -8.9263627e-03   4.0950000e+03
  -1.0931017e-02   4.1100000e+03
  -1.4902581e-02   4.1250000e+03
  -1.6561240e-02   4.1400000e+03
  -1.3605087e-02   4.1550000e+03
  -6.6242237e-03   4.1700000e+03
   2.0014278e-03   4.1850000e+03
   9.8014306e-03   4.2000000e+03
   1.5045621e-02   4.2150000e+03
   1.6548652e-02   4.2300000e+03
   1.3416685e-02   4.2450000e+03
   5.4776156e-03   4.2600000e+03
  -5.9387791e-03   4.2750000e+03
  -1.7768810e-02   4.2900000e+03
  -2.6013397e-02   4.3050000e+03
  -2.7346747e-02   4.3200000e+03
  -2.0910555e-02   4.3350000e+03
  -9.3974387e-03   4.3500000e+03
   1.6429921e-03   4.3650000e+03
   6.6860160e-03   4.3800000e+03
   3.9189868e-03   4.3950000e+03
  -3.1308257e-03   4.4100000e+03
  -7.9593640e-03   4.4250000e+03
  -6.0885316e-03   4.4400000e+03
   1.3141732e-03   4.4550000e+03
   8.3914213e-03   4.4700000e+03
   9.4853844e-03   4.4850000e+03
   3.9706365e-03   4.5000000e+03
