  -1.2961301e-03   0.0000000e+00
  -1.2962235e-03   1.5000000e+01
  -1.2963992e-03   3.0000000e+01
  -1.2965569e-03   4.5000000e+01
  -1.2967807e-03   6.0000000e+01
  -1.2971330e-03   7.5000000e+01
  -1.2976617e-03   9.0000000e+01
  -1.2985633e-03   1.0500000e+02
  -1.2999354e-03   1.2000000e+02
  -1.3015341e-03   1.3500000e+02
  -1.3031140e-03   1.5000000e+02
  -1.3047447e-03   1.6500000e+02
  -1.3065654e-03   1.8000000e+02
  -1.3085522e-03   1.9500000e+02
  -1.3106277e-03   2.1000000e+02
  -1.3127333e-03   2.2500000e+02
  -1.3148056e-03   2.4000000e+02
  -1.3168170e-03   2.5500000e+02
  -1.3187600e-03   2.7000000e+02
  -1.3206811e-03   2.8500000e+02
  -1.3227831e-03   3.0000000e+02
  -1.3253269e-03   3.1500000e+02
  -1.3283759e-03   3.3000000e+02
  -1.3317444e-03   3.4500000e+02
  -1.3352428e-03   3.6000000e+02
  -1.3388651e-03   3.7500000e+02
  -1.3426727e-03   3.9000000e+02
  -1.3466335e-03   4.0500000e+02
  -1.3506021e-03   4.2000000e+02
  -1.3542634e-03   4.3500000e+02
  -1.3571500e-03   4.5000000e+02
  -1.3586894e-03   4.6500000e+02
  -1.3578611e-03   4.8000000e+02
  -1.3524342e-03   4.9500000e+02
  -1.3386412e-03   5.1000000e+02
  -1.3125530e-03   5.2500000e+02
  -1.2735382e-03   5.4000000e+02
  -1.2281040e-03   5.5500000e+02
  -1.1909038e-03   5.7000000e+02
  -1.1795212e-03   5.8500000e+02
  -1.2028380e-03   6.0000000e+02
  -1.2504158e-03   6.1500000e+02
  -1.2945705e-03   6.3000000e+02
  -1.3084274e-03   6.4500000e+02
  -1.2863732e-03   6.6000000e+02
  -1.2456136e-03   6.7500000e+02
  -1.2029588e-03   6.9000000e+02
  -1.1502573e-03   7.0500000e+02
  -1.0603726e-03   7.2000000e+02
  -9.2302286e-04   7.3500000e+02
  -7.7012629e-04   7.5000000e+02
  -6.5754668e-04   7.6500000e+02
  -6.2133203e-04   7.8000000e+02
  -6.5649621e-04   7.9500000e+02
  -7.3442812e-04   8.1000000e+02
  -8.2693103e-04   8.2500000e+02
  -9.0898009e-04   8.4000000e+02
  -9.5567777e-04   8.5500000e+02
  -9.5748983e-04   8.7000000e+02
  -9.3768514e-04   8.8500000e+02
  -9.3806419e-04   9.0000000e+02
  -9.8071096e-04   9.1500000e+02
  -1.0507039e-03   9.3000000e+02
  -1.1168991e-03   9.4500000e+02
  -1.1592743e-03   9.6000000e+02
  -1.1752624e-03   9.7500000e+02
  -1.1748042e-03   9.9000000e+02
  -1.1775374e-03   1.0050000e+03
  -1.2026305e-03   1.0200000e+03
  -1.2493884e-03   1.0350000e+03
  -1.2943725e-03   1.0500000e+03
  -1.3177567e-03   1.0650000e+03
  -1.3274651e-03   1.0800000e+03
  -1.3476275e-03   1.0950000e+03
  -1.3873838e-03   1.1100000e+03
  -1.4318365e-03   1.1250000e+03
  -1.4626264e-03   1.1400000e+03
  -1.4773019e-03   1.1550000e+03
  -1.4860712e-03   1.1700000e+03
  -1.4968461e-03   1.1850000e+03
  -1.5086776e-03   1.2000000e+03
  -1.5187159e-03   1.2150000e+03
  -1.5326072e-03   1.2300000e+03
  -1.5648421e-03   1.2450000e+03
  -1.6261732e-03   1.2600000e+03
  -1.7114570e-03   1.2750000e+03
  -1.8018417e-03   1.2900000e+03
  -1.8767199e-03   1.3050000e+03
  -1.9221245e-03   1.3200000e+03
  -1.9356865e-03   1.3350000e+03
  -1.9335130e-03   1.3500000e+03
  -1.9473343e-03   1.3650000e+03
  -1.9991207e-03   1.3800000e+03
  -2.0744277e-03   1.3950000e+03
  -2.1327822e-03   1.4100000e+03
  -2.1517279e-03   1.4250000e+03
  -2.1531205e-03   1.4400000e+03
  -2.1788958e-03   1.4550000e+03
  -2.2455929e-03   1.4700000e+03
  -2.3289670e-03   1.4850000e+03
  -2.3913193e-03   1.5000000e+03
  -2.4193418e-03   1.5150000e+03
  -2.4345547e-03   1.5300000e+03
  -2.4680744e-03   1.5450000e+03
  -2.5270681e-03   1.5600000e+03
  -2.5896614e-03   1.5750000e+03
  -2.6340391e-03   1.5900000e+03
  -2.6655162e-03   1.6050000e+03
  -2.7063859e-03   1.6200000e+03
  -2.7631421e-03   1.6350000e+03
  -2.8178543e-03   1.6500000e+03
  -2.8555288e-03   1.6650000e+03
  -2.8857351e-03   1.6800000e+03
  -2.9263783e-03   1.6950000e+03
  -2.9763654e-03   1.7100000e+03
  -3.0193096e-03   1.7250000e+03
  -3.0491729e-03   1.7400000e+03
  -3.0755419e-03   1.7550000e+03
  -3.1030742e-03   1.7700000e+03
  -3.1212312e-03   1.7850000e+03
  -3.1191134e-03   1.8000000e+03
  -3.0983614e-03   1.8150000e+03
  -3.0652313e-03   1.8300000e+03
  -3.0191678e-03   1.8450000e+03
  -2.9560975e-03   1.8600000e+03
  -2.8760796e-03   1.8750000e+03
  -2.7797322e-03   1.8900000e+03
  -2.6601409e-03   1.9050000e+03
  -2.5043346e-03   1.9200000e+03
  -2.3011924e-03   1.9350000e+03
  -2.0433818e-03   1.9500000e+03
  -1.7226394e-03   1.9650000e+03
  -1.3268038e-03   1.9800000e+03
  -8.4019167e-04   1.9950000e+03
  -2.4252755e-04   2.0100000e+03
   4.9289950e-04   2.0250000e+03
   1.3977985e-03   2.0400000e+03
   2.5068389e-03   2.0550000e+03
   3.8608115e-03   2.0700000e+03
   5.5131563e-03   2.0850000e+03
   7.5339889e-03   2.1000000e+03
   1.0012679e-02   2.1150000e+03
   1.3064084e-02   2.1300000e+03
   1.6837645e-02   2.1450000e+03
   2.1524852e-02   2.1600000e+03
   2.7364811e-02   2.1750000e+03
   3.4650091e-02   2.1900000e+03
   4.3730583e-02   2.2050000e+03
   5.5011015e-02   2.2200000e+03
   6.8940803e-02   2.2350000e+03
   8.5995100e-02   2.2500000e+03
   1.0663898e-01   2.2650000e+03
   1.3126363e-01   2.2800000e+03
   1.6009288e-01   2.2950000e+03
   1.9307058e-01   2.3100000e+03
   2.2974239e-01   2.3250000e+03
   2.6914105e-01   2.3400000e+03
   3.0968535e-01   2.3550000e+03
   3.4911484e-01   2.3700000e+03
   3.8449886e-01   2.3850000e+03
   4.1237515e-01   2.4000000e+03
   4.2906889e-01   2.4150000e+03
   4.3120667e-01   2.4300000e+03
   4.1636911e-01   2.4450000e+03
   3.8374969e-01   2.4600000e+03
   3.3463907e-01   2.4750000e+03
   2.7256447e-01   2.4900000e+03
   2.0298016e-01   2.5050000e+03
   1.3251200e-01   2.5200000e+03
   6.7884549e-02   2.5350000e+03
   1.4773358e-02   2.5500000e+03
  -2.3119941e-02   2.5650000e+03
  -4.4529010e-02   2.5800000e+03
  -5.0546058e-02   2.5950000e+03
  -4.4118516e-02   2.6100000e+03
  -2.9325224e-02   2.6250000e+03
  -1.0618173e-02   2.6400000e+03
   7.8413831e-03   2.6550000e+03
   2.2658313e-02   2.6700000e+03
   3.1441368e-02   2.6850000e+03
   3.2847248e-02   2.7000000e+03
   2.6545906e-02   2.7150000e+03
   1.3170915e-02   2.7300000e+03
  -5.8066994e-03   2.7450000e+03
  -2.8367575e-02   2.7600000e+03
  -5.2350301e-02   2.7750000e+03
  -7.5805284e-02   2.7900000e+03
  -9.7176395e-02   2.8050000e+03
  -1.1534393e-01   2.8200000e+03
  -1.2962466e-01   2.8350000e+03
  -1.3975537e-01   2.8500000e+03
  -1.4582446e-01   2.8650000e+03
  -1.4815439e-01   2.8800000e+03
  -1.4719681e-01   2.8950000e+03
  -1.4348592e-01   2.9100000e+03
  -1.3762197e-01   2.9250000e+03
  -1.3022487e-01   2.9400000e+03
  -1.2184285e-01   2.9550000e+03
  -1.1286820e-01   2.9700000e+03
  -1.0352043e-01   2.9850000e+03
  -9.3903624e-02   3.0000000e+03
  -8.4098831e-02   3.0150000e+03
  -7.4260078e-02   3.0300000e+03
  -6.4698078e-02   3.0450000e+03
  -5.5912562e-02   3.0600000e+03
  -4.8521888e-02   3.0750000e+03
  -4.3104727e-02   3.0900000e+03
  -4.0052094e-02   3.1050000e+03
  -3.9510004e-02   3.1200000e+03
  -4.1389614e-02   3.1350000e+03
  -4.5370843e-02   3.1500000e+03
  -5.0880358e-02   3.1650000e+03
  -5.7091009e-02   3.1800000e+03
  -6.2985875e-02   3.1950000e+03
  -6.7488380e-02   3.2100000e+03
  -6.9635577e-02   3.2250000e+03
  -6.8757966e-02   3.2400000e+03
  -6.4609222e-02   3.2550000e+03
  -5.7393245e-02   3.2700000e+03
  -4.7688514e-02   3.2850000e+03
  -3.6328640e-02   3.3000000e+03
  -2.4295127e-02   3.3150000e+03
  -1.2621416e-02   3.3300000e+03
  -2.2763386e-03   3.3450000e+03
   5.9682084e-03   3.3600000e+03
   1.1630943e-02   3.3750000e+03
   1.4530874e-02   3.3900000e+03
   1.4728334e-02   3.4050000e+03
   1.2457176e-02   3.4200000e+03
   8.0929883e-03   3.4350000e+03
   2.1486145e-03   3.4500000e+03
  -4.7476869e-03   3.4650000e+03
  -1.1917365e-02   3.4800000e+03
  -1.8717045e-02   3.4950000e+03
  -2.4604702e-02   3.5100000e+03
  -2.9179590e-02   3.5250000e+03
  -3.2217212e-02   3.5400000e+03
  -3.3700857e-02   3.5550000e+03
  -3.3817004e-02   3.5700000e+03
  -3.2888632e-02   3.5850000e+03
  -3.1263344e-02   3.6000000e+03
  -2.9202174e-02   3.6150000e+03
  -2.6807141e-02   3.6300000e+03
  -2.4003398e-02   3.6450000e+03
  -2.0579159e-02   3.6600000e+03
  -1.6280090e-02   3.6750000e+03
  -1.0936901e-02   3.6900000e+03
  -4.5779874e-03   3.7050000e+03
   2.5277073e-03   3.7200000e+03
   9.9179596e-03   3.7350000e+03
   1.7041663e-02   3.7500000e+03
   2.3364458e-02   3.7650000e+03
   2.8444555e-02   3.7800000e+03
   3.1983763e-02   3.7950000e+03
   3.3864453e-02   3.8100000e+03
   3.4165502e-02   3.8250000e+03
   3.3144716e-02   3.8400000e+03
   3.1190153e-02   3.8550000e+03
   2.8752416e-02   3.8700000e+03
   2.6265852e-02   3.8850000e+03
   2.4071308e-02   3.9000000e+03
   2.2373889e-02   3.9150000e+03
   2.1268150e-02   3.9300000e+03
   2.0812102e-02   3.9450000e+03
   2.1074081e-02   3.9600000e+03
   2.2091134e-02   3.9750000e+03
   2.3770174e-02   3.9900000e+03
   2.5834337e-02   4.0050000e+03
   2.7877692e-02   4.0200000e+03
   2.9483194e-02   4.0350000e+03
   3.0308379e-02   4.0500000e+03
   3.0101122e-02   4.0650000e+03
   2.8689405e-02   4.0800000e+03
   2.5997346e-02   4.0950000e+03
   2.2087848e-02   4.1100000e+03
   1.7199077e-02   4.1250000e+03
   1.1751793e-02   4.1400000e+03
   6.3152527e-03   4.1550000e+03
   1.5152496e-03   4.1700000e+03
  -2.1128370e-03   4.1850000e+03
  -4.2684865e-03   4.2000000e+03
  -4.9400786e-03   4.2150000e+03
  -4.3287263e-03   4.2300000e+03
  -2.6946787e-03   4.2450000e+03
  -2.3006437e-04   4.2600000e+03
   2.9678131e-03   4.2750000e+03
   6.8224273e-03   4.2900000e+03
   1.1164910e-02   4.3050000e+03
   1.5662078e-02   4.3200000e+03
   1.9836377e-02   4.3350000e+03
   2.3168448e-02   4.3500000e+03
   2.5222182e-02   4.3650000e+03
   2.5729889e-02   4.3800000e+03
   2.4617966e-02   4.3950000e+03
   2.1994149e-02   4.4100000e+03
   1.8118223e-02   4.4250000e+03
   1.3353026e-02   4.4400000e+03
   8.0849566e-03   4.4550000e+03
   2.6289532e-03   4.4700000e+03
  -2.8374824e-03   4.4850000e+03
  -8.2709147e-03   4.5000000e+03
