  -2.3032962e-03   0.0000000e+00
  -2.3038611e-03   1.5000000e+01
  -2.3063726e-03   3.0000000e+01
  -2.3136216e-03   4.5000000e+01
  -2.3288166e-03   6.0000000e+01
  -2.3540105e-03   7.5000000e+01
  -2.3890682e-03   9.0000000e+01
  -2.4321801e-03   1.0500000e+02
  -2.4817712e-03   1.2000000e+02
  -2.5382019e-03   1.3500000e+02
  -2.6024387e-03   1.5000000e+02
  -2.6740271e-03   1.6500000e+02
  -2.7521120e-03   1.8000000e+02
  -2.8348968e-03   1.9500000e+02
  -2.9166962e-03   2.1000000e+02
  -2.9889587e-03   2.2500000e+02
  -3.0422774e-03   2.4000000e+02
  -3.0645514e-03   2.5500000e+02
  -3.0402241e-03   2.7000000e+02
  -2.9519056e-03   2.8500000e+02
  -2.7778943e-03   3.0000000e+02
  -2.4836548e-03   3.1500000e+02
  -2.0137595e-03   3.3000000e+02
  -1.2925562e-03   3.4500000e+02
  -2.3435678e-04   3.6000000e+02
   1.2461946e-03   3.7500000e+02
   3.2361737e-03   3.9000000e+02
   5.8467803e-03   4.0500000e+02
   9.2473552e-03   4.2000000e+02
   1.3680193e-02   4.3500000e+02
   1.9440431e-02   4.5000000e+02
   2.6862847e-02   4.6500000e+02
   3.6360089e-02   4.8000000e+02
   4.8465684e-02   4.9500000e+02
   6.3800201e-02   5.1000000e+02
   8.3010577e-02   5.2500000e+02
   1.0685782e-01   5.4000000e+02
   1.3648622e-01   5.5500000e+02
   1.7360413e-01   5.7000000e+02
   2.2030619e-01   5.8500000e+02
   2.7861601e-01   6.0000000e+02
   3.4988269e-01   6.1500000e+02
   4.3381947e-01   6.3000000e+02
   5.2718765e-01   6.4500000e+02
   6.2302631e-01   6.6000000e+02
   7.1143377e-01   6.7500000e+02
   7.8182393e-01   6.9000000e+02
   8.2569551e-01   7.0500000e+02
   8.3852345e-01   7.2000000e+02
   8.1926578e-01   7.3500000e+02
   7.6777393e-01   7.5000000e+02
   6.8340153e-01   7.6500000e+02
   5.6746382e-01   7.8000000e+02
   4.2712748e-01   7.9500000e+02
   2.7551949e-01   8.1000000e+02
   1.2695597e-01   8.2500000e+02
  -7.8860447e-03   8.4000000e+02
  -1.2279201e-01   8.5500000e+02
  -2.1487966e-01   8.7000000e+02
  -2.8470844e-01   8.8500000e+02
  -3.3595118e-01   9.0000000e+02
  -3.7264481e-01   9.1500000e+02
  -3.9692354e-01   9.3000000e+02
  -4.0983728e-01   9.4500000e+02
  -4.1291133e-01   9.6000000e+02
  -4.0796119e-01   9.7500000e+02
  -3.9647570e-01   9.9000000e+02
  -3.7999403e-01   1.0050000e+03
  -3.6021245e-01   1.0200000e+03
  -3.3816338e-01   1.0350000e+03
  -3.1415701e-01   1.0500000e+03
  -2.8877014e-01   1.0650000e+03
  -2.6295677e-01   1.0800000e+03
  -2.3728214e-01   1.0950000e+03
  -2.1196279e-01   1.1100000e+03
  -1.8739189e-01   1.1250000e+03
  -1.6400200e-01   1.1400000e+03
  -1.4194666e-01   1.1550000e+03
  -1.2118763e-01   1.1700000e+03
  -1.0159600e-01   1.1850000e+03
  -8.2915574e-02   1.2000000e+03
  -6.4804375e-02   1.2150000e+03
  -4.6882808e-02   1.2300000e+03
  -2.8727913e-02   1.2450000e+03
  -9.9636475e-03   1.2600000e+03
   9.5733609e-03   1.2750000e+03
   2.9742956e-02   1.2900000e+03
   5.0085340e-02   1.3050000e+03
   6.9850981e-02   1.3200000e+03
   8.8087372e-02   1.3350000e+03
   1.0372722e-01   1.3500000e+03
   1.1566498e-01   1.3650000e+03
   1.2287449e-01   1.3800000e+03
   1.2455201e-01   1.3950000e+03
   1.2023953e-01   1.4100000e+03
   1.0990958e-01   1.4250000e+03
   9.3986094e-02   1.4400000e+03
   7.3290877e-02   1.4550000e+03
   4.8942346e-02   1.4700000e+03
   2.2241678e-02   1.4850000e+03
  -5.4495931e-03   1.5000000e+03
  -3.2849655e-02   1.5150000e+03
  -5.8883149e-02   1.5300000e+03
  -8.2749099e-02   1.5450000e+03
  -1.0390940e-01   1.5600000e+03
  -1.2200819e-01   1.5750000e+03
  -1.3677818e-01   1.5900000e+03
  -1.4798614e-01   1.6050000e+03
  -1.5540962e-01   1.6200000e+03
  -1.5882894e-01   1.6350000e+03
  -1.5804771e-01   1.6500000e+03
  -1.5295087e-01   1.6650000e+03
  -1.4358212e-01   1.6800000e+03
  -1.3020100e-01   1.6950000e+03
  -1.1329404e-01   1.7100000e+03
  -9.3546614e-02   1.7250000e+03
  -7.1795203e-02   1.7400000e+03
  -4.8976377e-02   1.7550000e+03
  -2.6083708e-02   1.7700000e+03
  -4.1331700e-03   1.7850000e+03
   1.5879957e-02   1.8000000e+03
   3.3059377e-02   1.8150000e+03
   4.6725199e-02   1.8300000e+03
   5.6528773e-02   1.8450000e+03
   6.2502481e-02   1.8600000e+03
   6.5010123e-02   1.8750000e+03
   6.4618342e-02   1.8900000e+03
   6.1950486e-02   1.9050000e+03
   5.7580385e-02   1.9200000e+03
   5.1983390e-02   1.9350000e+03
   4.5524705e-02   1.9500000e+03
   3.8465578e-02   1.9650000e+03
   3.0992508e-02   1.9800000e+03
   2.3278616e-02   1.9950000e+03
   1.5555237e-02   2.0100000e+03
   8.1453826e-03   2.0250000e+03
   1.4290835e-03   2.0400000e+03
  -4.2366665e-03   2.0550000e+03
  -8.5858880e-03   2.0700000e+03
  -1.1459501e-02   2.0850000e+03
  -1.2777824e-02   2.1000000e+03
  -1.2508360e-02   2.1150000e+03
  -1.0655324e-02   2.1300000e+03
  -7.2691180e-03   2.1450000e+03
  -2.4661298e-03   2.1600000e+03
   3.5419203e-03   2.1750000e+03
   1.0418667e-02   2.1900000e+03
   1.7711924e-02   2.2050000e+03
   2.4935588e-02   2.2200000e+03
   3.1692814e-02   2.2350000e+03
   3.7739426e-02   2.2500000e+03
   4.2916067e-02   2.2650000e+03
   4.7006503e-02   2.2800000e+03
   4.9670868e-02   2.2950000e+03
   5.0536480e-02   2.3100000e+03
   4.9362715e-02   2.3250000e+03
   4.6117790e-02   2.3400000e+03
   4.0906377e-02   2.3550000e+03
   3.3847306e-02   2.3700000e+03
   2.5035262e-02   2.3850000e+03
   1.4606652e-02   2.4000000e+03
   2.8190077e-03   2.4150000e+03
  -9.9320123e-03   2.4300000e+03
  -2.3143250e-02   2.4450000e+03
  -3.6228985e-02   2.4600000e+03
  -4.8531905e-02   2.4750000e+03
  -5.9354786e-02   2.4900000e+03
  -6.8024948e-02   2.5050000e+03
  -7.3960669e-02   2.5200000e+03
  -7.6715551e-02   2.5350000e+03
  -7.6018758e-02   2.5500000e+03
  -7.1831837e-02   2.5650000e+03
  -6.4395942e-02   2.5800000e+03
  -5.4220844e-02   2.5950000e+03
  -4.2015210e-02   2.6100000e+03
  -2.8613737e-02   2.6250000e+03
  -1.4938587e-02   2.6400000e+03
  -1.9638138e-03   2.6550000e+03
   9.3661500e-03   2.6700000e+03
   1.8250465e-02   2.6850000e+03
   2.4111582e-02   2.7000000e+03
   2.6606198e-02   2.7150000e+03
   2.5604112e-02   2.7300000e+03
   2.1184662e-02   2.7450000e+03
   1.3647946e-02   2.7600000e+03
   3.5003198e-03   2.7750000e+03
  -8.6028250e-03   2.7900000e+03
  -2.1930872e-02   2.8050000e+03
  -3.5735928e-02   2.8200000e+03
  -4.9291845e-02   2.8350000e+03
  -6.1935425e-02   2.8500000e+03
  -7.3124163e-02   2.8650000e+03
  -8.2497358e-02   2.8800000e+03
  -8.9909725e-02   2.8950000e+03
  -9.5419899e-02   2.9100000e+03
  -9.9247009e-02   2.9250000e+03
  -1.0171973e-01   2.9400000e+03
  -1.0322174e-01   2.9550000e+03
  -1.0412141e-01   2.9700000e+03
  -1.0468963e-01   2.9850000e+03
  -1.0503589e-01   3.0000000e+03
  -1.0509040e-01   3.0150000e+03
  -1.0463203e-01   3.0300000e+03
  -1.0334469e-01   3.0450000e+03
  -1.0088970e-01   3.0600000e+03
  -9.6987203e-02   3.0750000e+03
  -9.1493264e-02   3.0900000e+03
  -8.4448971e-02   3.1050000e+03
  -7.6083280e-02   3.1200000e+03
  -6.6771746e-02   3.1350000e+03
  -5.6974404e-02   3.1500000e+03
  -4.7176328e-02   3.1650000e+03
  -3.7833538e-02   3.1800000e+03
  -2.9313363e-02   3.1950000e+03
  -2.1835823e-02   3.2100000e+03
  -1.5448991e-02   3.2250000e+03
  -1.0064279e-02   3.2400000e+03
  -5.5355844e-03   3.2550000e+03
  -1.7365877e-03   3.2700000e+03
   1.3970955e-03   3.2850000e+03
   3.8625482e-03   3.3000000e+03
   5.6085619e-03   3.3150000e+03
   6.5711215e-03   3.3300000e+03
   6.7182584e-03   3.3450000e+03
   6.0897116e-03   3.3600000e+03
   4.8169666e-03   3.3750000e+03
   3.1218240e-03   3.3900000e+03
   1.3002823e-03   3.4050000e+03
  -3.0692000e-04   3.4200000e+03
  -1.3623855e-03   3.4350000e+03
  -1.5958509e-03   3.4500000e+03
  -8.6434901e-04   3.4650000e+03
   8.1621821e-04   3.4800000e+03
   3.2827756e-03   3.4950000e+03
   6.2782867e-03   3.5100000e+03
   9.5283054e-03   3.5250000e+03
   1.2809079e-02   3.5400000e+03
   1.5976271e-02   3.5550000e+03
   1.8948505e-02   3.5700000e+03
   2.1673348e-02   3.5850000e+03
   2.4111906e-02   3.6000000e+03
   2.6253322e-02   3.6150000e+03
   2.8140273e-02   3.6300000e+03
   2.9879365e-02   3.6450000e+03
   3.1623695e-02   3.6600000e+03
   3.3529963e-02   3.6750000e+03
   3.5703681e-02   3.6900000e+03
   3.8155567e-02   3.7050000e+03
   4.0791553e-02   3.7200000e+03
   4.3438185e-02   3.7350000e+03
   4.5879729e-02   3.7500000e+03
   4.7882527e-02   3.7650000e+03
   4.9208503e-02   3.7800000e+03
   4.9639910e-02   3.7950000e+03
   4.9024027e-02   3.8100000e+03
   4.7316372e-02   3.8250000e+03
   4.4592299e-02   3.8400000e+03
   4.1019920e-02   3.8550000e+03
   3.6815729e-02   3.8700000e+03
   3.2209694e-02   3.8850000e+03
   2.7430018e-02   3.9000000e+03
   2.2699103e-02   3.9150000e+03
   1.8226607e-02   3.9300000e+03
   1.4192193e-02   3.9450000e+03
   1.0722377e-02   3.9600000e+03
   7.8728683e-03   3.9750000e+03
   5.6244861e-03   3.9900000e+03
   3.8906902e-03   4.0050000e+03
   2.5294791e-03   4.0200000e+03
   1.3589108e-03   4.0350000e+03
   1.8404126e-04   4.0500000e+03
  -1.1611305e-03   4.0650000e+03
  -2.7688744e-03   4.0800000e+03
  -4.6318499e-03   4.0950000e+03
  -6.6490490e-03   4.1100000e+03
  -8.6566983e-03   4.1250000e+03
  -1.0464975e-02   4.1400000e+03
  -1.1885232e-02   4.1550000e+03
  -1.2746174e-02   4.1700000e+03
  -1.2908308e-02   4.1850000e+03
  -1.2285075e-02   4.2000000e+03
  -1.0867469e-02   4.2150000e+03
  -8.7373890e-03   4.2300000e+03
  -6.0561877e-03   4.2450000e+03
  -3.0296298e-03   4.2600000e+03
   1.3397238e-04   4.2750000e+03
   3.2530122e-03   4.2900000e+03
   6.1806384e-03   4.3050000e+03
   8.7970495e-03   4.3200000e+03
   1.0999525e-02   4.3350000e+03
   1.2702748e-02   4.3500000e+03
   1.3853482e-02   4.3650000e+03
   1.4451787e-02   4.3800000e+03
   1.4563086e-02   4.3950000e+03
   1.4308766e-02   4.4100000e+03
   1.3836854e-02   4.4250000e+03
   1.3287743e-02   4.4400000e+03
   1.2771520e-02   4.4550000e+03
   1.2362025e-02   4.4700000e+03
   1.2098981e-02   4.4850000e+03
   1.1986172e-02   4.5000000e+03
