  -5.9946388e-04   0.0000000e+00
  -5.9762713e-04   1.5000000e+01
  -5.9188117e-04   3.0000000e+01
  -5.8195554e-04   4.5000000e+01
  -5.6863989e-04   6.0000000e+01
  -5.5268785e-04   7.5000000e+01
  -5.3240830e-04   9.0000000e+01
  -5.0432538e-04   1.0500000e+02
  -4.6565157e-04   1.2000000e+02
  -4.1576350e-04   1.3500000e+02
  -3.5570230e-04   1.5000000e+02
  -2.8463337e-04   1.6500000e+02
  -1.9777690e-04   1.8000000e+02
  -8.9835434e-05   1.9500000e+02
   4.2386182e-05   2.1000000e+02
   2.0335065e-04   2.2500000e+02
   4.0409269e-04   2.4000000e+02
   6.6333706e-04   2.5500000e+02
   1.0022463e-03   2.7000000e+02
   1.4399410e-03   2.8500000e+02
   1.9986148e-03   3.0000000e+02
   2.7113671e-03   3.1500000e+02
   3.6196776e-03   3.3000000e+02
   4.7642794e-03   3.4500000e+02
   6.1829663e-03   3.6000000e+02
   7.9173828e-03   3.7500000e+02
   1.0022996e-02   3.9000000e+02
   1.2574561e-02   4.0500000e+02
   1.5649509e-02   4.2000000e+02
   1.9292081e-02   4.3500000e+02
   2.3508798e-02   4.5000000e+02
   2.8326429e-02   4.6500000e+02
   3.3866663e-02   4.8000000e+02
   4.0369496e-02   4.9500000e+02
   4.8136637e-02   5.1000000e+02
   5.7414643e-02   5.2500000e+02
   6.8286568e-02   5.4000000e+02
   8.0676422e-02   5.5500000e+02
   9.4528198e-02   5.7000000e+02
   1.1001470e-01   5.8500000e+02
   1.2746669e-01   6.0000000e+02
   1.4702900e-01   6.1500000e+02
   1.6852772e-01   6.3000000e+02
   1.9176608e-01   6.4500000e+02
   2.1680574e-01   6.6000000e+02
   2.4393170e-01   6.7500000e+02
   2.7355897e-01   6.9000000e+02
   3.0621409e-01   7.0500000e+02
   3.4236139e-01   7.2000000e+02
   3.8189206e-01   7.3500000e+02
   4.2335802e-01   7.5000000e+02
   4.6364808e-01   7.6500000e+02
   4.9894714e-01   7.8000000e+02
   5.2622068e-01   7.9500000e+02
   5.4341632e-01   8.1000000e+02
   5.4856926e-01   8.2500000e+02
   5.3985941e-01   8.4000000e+02
   5.1705909e-01   8.5500000e+02
   4.8233598e-01   8.7000000e+02
   4.3899953e-01   8.8500000e+02
   3.8995895e-01   9.0000000e+02
   3.3827609e-01   9.1500000e+02
   2.8817904e-01   9.3000000e+02
   2.4349439e-01   9.4500000e+02
   2.0545372e-01   9.6000000e+02
   1.7343938e-01   9.7500000e+02
   1.4687620e-01   9.9000000e+02
   1.2530987e-01   1.0050000e+03
   1.0794496e-01   1.0200000e+03
   9.3793340e-02   1.0350000e+03
   8.1503779e-02   1.0500000e+03
   6.9525093e-02   1.0650000e+03
   5.7171352e-02   1.0800000e+03
   4.4839974e-02   1.0950000e+03
   3.3019759e-02   1.1100000e+03
   2.1824330e-02   1.1250000e+03
   1.1321035e-02   1.1400000e+03
   1.6800548e-03   1.1550000e+03
  -6.9469376e-03   1.1700000e+03
  -1.4459239e-02   1.1850000e+03
  -2.0809248e-02   1.2000000e+03
  -2.6151972e-02   1.2150000e+03
  -3.0971009e-02   1.2300000e+03
  -3.5890408e-02   1.2450000e+03
  -4.1349545e-02   1.2600000e+03
  -4.7512509e-02   1.2750000e+03
  -5.4370079e-02   1.2900000e+03
  -6.1827809e-02   1.3050000e+03
  -6.9758400e-02   1.3200000e+03
  -7.8052126e-02   1.3350000e+03
  -8.6656421e-02   1.3500000e+03
  -9.5574506e-02   1.3650000e+03
  -1.0483183e-01   1.3800000e+03
  -1.1446811e-01   1.3950000e+03
  -1.2454301e-01   1.4100000e+03
  -1.3510352e-01   1.4250000e+03
  -1.4614810e-01   1.4400000e+03
  -1.5763275e-01   1.4550000e+03
  -1.6948786e-01   1.4700000e+03
  -1.8161491e-01   1.4850000e+03
  -1.9387749e-01   1.5000000e+03
  -2.0609862e-01   1.5150000e+03
  -2.1805570e-01   1.5300000e+03
  -2.2946942e-01   1.5450000e+03
  -2.3999685e-01   1.5600000e+03
  -2.4924281e-01   1.5750000e+03
  -2.5679976e-01   1.5900000e+03
  -2.6231048e-01   1.6050000e+03
  -2.6553154e-01   1.6200000e+03
  -2.6637459e-01   1.6350000e+03
  -2.6491874e-01   1.6500000e+03
  -2.6139364e-01   1.6650000e+03
  -2.5613052e-01   1.6800000e+03
  -2.4948597e-01   1.6950000e+03
  -2.4176419e-01   1.7100000e+03
  -2.3317091e-01   1.7250000e+03
  -2.2381258e-01   1.7400000e+03
  -2.1373013e-01   1.7550000e+03
  -2.0295016e-01   1.7700000e+03
  -1.9153900e-01   1.7850000e+03
  -1.7963949e-01   1.8000000e+03
  -1.6747175e-01   1.8150000e+03
  -1.5529901e-01   1.8300000e+03
  -1.4338423e-01   1.8450000e+03
  -1.3196523e-01   1.8600000e+03
  -1.2125397e-01   1.8750000e+03
  -1.1144040e-01   1.8900000e+03
  -1.0267916e-01   1.9050000e+03
  -9.5060527e-02   1.9200000e+03
  -8.8592239e-02   1.9350000e+03
  -8.3215050e-02   1.9500000e+03
  -7.8840151e-02   1.9650000e+03
  -7.5368524e-02   1.9800000e+03
  -7.2667398e-02   1.9950000e+03
  -7.0526086e-02   2.0100000e+03
  -6.8643890e-02   2.0250000e+03
  -6.6680543e-02   2.0400000e+03
  -6.4343706e-02   2.0550000e+03
  -6.1455403e-02   2.0700000e+03
  -5.7961408e-02   2.0850000e+03
  -5.3898219e-02   2.1000000e+03
  -4.9355648e-02   2.1150000e+03
  -4.4451583e-02   2.1300000e+03
  -3.9305221e-02   2.1450000e+03
  -3.4000471e-02   2.1600000e+03
  -2.8562043e-02   2.1750000e+03
  -2.2972450e-02   2.1900000e+03
  -1.7217830e-02   2.2050000e+03
  -1.1312662e-02   2.2200000e+03
  -5.2753310e-03   2.2350000e+03
   9.0879883e-04   2.2500000e+03
   7.2752316e-03   2.2650000e+03
   1.3814180e-02   2.2800000e+03
   2.0418460e-02   2.2950000e+03
   2.6906852e-02   2.3100000e+03
   3.3099640e-02   2.3250000e+03
   3.8865138e-02   2.3400000e+03
   4.4097718e-02   2.3550000e+03
   4.8673294e-02   2.3700000e+03
   5.2448634e-02   2.3850000e+03
   5.5309039e-02   2.4000000e+03
   5.7213254e-02   2.4150000e+03
   5.8202378e-02   2.4300000e+03
   5.8390856e-02   2.4450000e+03
   5.7964969e-02   2.4600000e+03
   5.7177704e-02   2.4750000e+03
   5.6314886e-02   2.4900000e+03
   5.5640701e-02   2.5050000e+03
   5.5358842e-02   2.5200000e+03
   5.5603251e-02   2.5350000e+03
   5.6434199e-02   2.5500000e+03
   5.7820402e-02   2.5650000e+03
   5.9626888e-02   2.5800000e+03
   6.1637785e-02   2.5950000e+03
   6.3605510e-02   2.6100000e+03
   6.5288536e-02   2.6250000e+03
   6.6462353e-02   2.6400000e+03
   6.6927537e-02   2.6550000e+03
   6.6536568e-02   2.6700000e+03
   6.5224007e-02   2.6850000e+03
   6.3011006e-02   2.7000000e+03
   5.9984058e-02   2.7150000e+03
   5.6275796e-02   2.7300000e+03
   5.2062217e-02   2.7450000e+03
   4.7560923e-02   2.7600000e+03
   4.3012068e-02   2.7750000e+03
   3.8647968e-02   2.7900000e+03
   3.4671120e-02   2.8050000e+03
   3.1246927e-02   2.8200000e+03
   2.8499667e-02   2.8350000e+03
   2.6500747e-02   2.8500000e+03
   2.5254291e-02   2.8650000e+03
   2.4695586e-02   2.8800000e+03
   2.4710469e-02   2.8950000e+03
   2.5163606e-02   2.9100000e+03
   2.5912831e-02   2.9250000e+03
   2.6802287e-02   2.9400000e+03
   2.7655795e-02   2.9550000e+03
   2.8297056e-02   2.9700000e+03
   2.8593384e-02   2.9850000e+03
   2.8489603e-02   3.0000000e+03
   2.8005859e-02   3.0150000e+03
   2.7206626e-02   3.0300000e+03
   2.6167529e-02   3.0450000e+03
   2.4956066e-02   3.0600000e+03
   2.3622653e-02   3.0750000e+03
   2.2191970e-02   3.0900000e+03
   2.0653373e-02   3.1050000e+03
   1.8959599e-02   3.1200000e+03
   1.7042276e-02   3.1350000e+03
   1.4837950e-02   3.1500000e+03
   1.2304615e-02   3.1650000e+03
   9.4152093e-03   3.1800000e+03
   6.1377366e-03   3.1950000e+03
   2.4259938e-03   3.2100000e+03
  -1.7660429e-03   3.2250000e+03
  -6.4560766e-03   3.2400000e+03
  -1.1614162e-02   3.2550000e+03
  -1.7168792e-02   3.2700000e+03
  -2.3036767e-02   3.2850000e+03
  -2.9156830e-02   3.3000000e+03
  -3.5502329e-02   3.3150000e+03
  -4.2063504e-02   3.3300000e+03
  -4.8814185e-02   3.3450000e+03
  -5.5688705e-02   3.3600000e+03
  -6.2583454e-02   3.3750000e+03
  -6.9376722e-02   3.3900000e+03
  -7.5948879e-02   3.4050000e+03
  -8.2189299e-02   3.4200000e+03
  -8.7989815e-02   3.4350000e+03
  -9.3236633e-02   3.4500000e+03
  -9.7814493e-02   3.4650000e+03
  -1.0162572e-01   3.4800000e+03
  -1.0461257e-01   3.4950000e+03
  -1.0676729e-01   3.5100000e+03
  -1.0812540e-01   3.5250000e+03
  -1.0875182e-01   3.5400000e+03
  -1.0873143e-01   3.5550000e+03
  -1.0816425e-01   3.5700000e+03
  -1.0715630e-01   3.5850000e+03
  -1.0580001e-01   3.6000000e+03
  -1.0415033e-01   3.6150000e+03
  -1.0220984e-01   3.6300000e+03
  -9.9933237e-02   3.6450000e+03
  -9.7250700e-02   3.6600000e+03
  -9.4101422e-02   3.6750000e+03
  -9.0465367e-02   3.6900000e+03
  -8.6382248e-02   3.7050000e+03
  -8.1951186e-02   3.7200000e+03
  -7.7312849e-02   3.7350000e+03
  -7.2623514e-02   3.7500000e+03
  -6.8032317e-02   3.7650000e+03
  -6.3665166e-02   3.7800000e+03
  -5.9610762e-02   3.7950000e+03
  -5.5905197e-02   3.8100000e+03
  -5.2521102e-02   3.8250000e+03
  -4.9371768e-02   3.8400000e+03
  -4.6333976e-02   3.8550000e+03
  -4.3280281e-02   3.8700000e+03
  -4.0106311e-02   3.8850000e+03
  -3.6744874e-02   3.9000000e+03
  -3.3168919e-02   3.9150000e+03
  -2.9388687e-02   3.9300000e+03
  -2.5444983e-02   3.9450000e+03
  -2.1398580e-02   3.9600000e+03
  -1.7319022e-02   3.9750000e+03
  -1.3278573e-02   3.9900000e+03
  -9.3522221e-03   4.0050000e+03
  -5.6167603e-03   4.0200000e+03
  -2.1420063e-03   4.0350000e+03
   1.0232282e-03   4.0500000e+03
   3.8609696e-03   4.0650000e+03
   6.3846936e-03   4.0800000e+03
   8.6345989e-03   4.0950000e+03
   1.0671764e-02   4.1100000e+03
   1.2567837e-02   4.1250000e+03
   1.4385168e-02   4.1400000e+03
   1.6152130e-02   4.1550000e+03
   1.7848330e-02   4.1700000e+03
   1.9410241e-02   4.1850000e+03
   2.0752763e-02   4.2000000e+03
   2.1792894e-02   4.2150000e+03
   2.2466350e-02   4.2300000e+03
   2.2738062e-02   4.2450000e+03
   2.2610314e-02   4.2600000e+03
   2.2127502e-02   4.2750000e+03
   2.1373162e-02   4.2900000e+03
   2.0458402e-02   4.3050000e+03
   1.9506019e-02   4.3200000e+03
   1.8635083e-02   4.3350000e+03
   1.7947940e-02   4.3500000e+03
   1.7520420e-02   4.3650000e+03
   1.7396845e-02   4.3800000e+03
   1.7590616e-02   4.3950000e+03
   1.8088311e-02   4.4100000e+03
   1.8854737e-02   4.4250000e+03
   1.9839495e-02   4.4400000e+03
   2.0986918e-02   4.4550000e+03
   2.2247089e-02   4.4700000e+03
   2.3581134e-02   4.4850000e+03
   2.4957281e-02   4.5000000e+03
