  -1.0011352e-03   0.0000000e+00
  -1.0012035e-03   1.5000000e+01
  -1.0013501e-03   3.0000000e+01
  -1.0014887e-03   4.5000000e+01
  -1.0016118e-03   6.0000000e+01
  -1.0017055e-03   7.5000000e+01
  -1.0017642e-03   9.0000000e+01
  -1.0018890e-03   1.0500000e+02
  -1.0021678e-03   1.2000000e+02
  -1.0025138e-03   1.3500000e+02
  -1.0028052e-03   1.5000000e+02
  -1.0030486e-03   1.6500000e+02
  -1.0032647e-03   1.8000000e+02
  -1.0034007e-03   1.9500000e+02
  -1.0034416e-03   2.1000000e+02
  -1.0034494e-03   2.2500000e+02
  -1.0035186e-03   2.4000000e+02
  -1.0037195e-03   2.5500000e+02
  -1.0040350e-03   2.7000000e+02
  -1.0043837e-03   2.8500000e+02
  -1.0046968e-03   3.0000000e+02
  -1.0049640e-03   3.1500000e+02
  -1.0052093e-03   3.3000000e+02
  -1.0054486e-03   3.4500000e+02
  -1.0057125e-03   3.6000000e+02
  -1.0060510e-03   3.7500000e+02
  -1.0064653e-03   3.9000000e+02
  -1.0069124e-03   4.0500000e+02
  -1.0073768e-03   4.2000000e+02
  -1.0077490e-03   4.3500000e+02
  -1.0075957e-03   4.5000000e+02
  -1.0059329e-03   4.6500000e+02
  -1.0007987e-03   4.8000000e+02
  -9.8851253e-04   4.9500000e+02
  -9.6344319e-04   5.1000000e+02
  -9.1978320e-04   5.2500000e+02
  -8.5607381e-04   5.4000000e+02
  -7.8076014e-04   5.5500000e+02
  -7.1419153e-04   5.7000000e+02
  -6.8169209e-04   5.8500000e+02
  -6.9728796e-04   6.0000000e+02
  -7.4843795e-04   6.1500000e+02
  -7.9822453e-04   6.3000000e+02
  -8.1050768e-04   6.4500000e+02
  -7.7947497e-04   6.6000000e+02
  -7.3297136e-04   6.7500000e+02
  -7.0093136e-04   6.9000000e+02
  -6.8059663e-04   7.0500000e+02
  -6.4042519e-04   7.2000000e+02
  -5.6160602e-04   7.3500000e+02
  -4.6720347e-04   7.5000000e+02
  -4.0142363e-04   7.6500000e+02
  -3.8545232e-04   7.8000000e+02
  -4.0582323e-04   7.9500000e+02
  -4.4283160e-04   8.1000000e+02
  -4.9071229e-04   8.2500000e+02
  -5.4258533e-04   8.4000000e+02
  -5.7620322e-04   8.5500000e+02
  -5.7603547e-04   8.7000000e+02
  -5.6064216e-04   8.8500000e+02
  -5.6542119e-04   9.0000000e+02
  -5.9948687e-04   9.1500000e+02
  -6.3959567e-04   9.3000000e+02
  -6.6584622e-04   9.4500000e+02
  -6.8059482e-04   9.6000000e+02
  -6.8983820e-04   9.7500000e+02
  -6.9131731e-04   9.9000000e+02
  -6.8929425e-04   1.0050000e+03
  -6.9815281e-04   1.0200000e+03
  -7.2044862e-04   1.0350000e+03
  -7.4003043e-04   1.0500000e+03
  -7.4632862e-04   1.0650000e+03
  -7.4892252e-04   1.0800000e+03
  -7.6016859e-04   1.0950000e+03
  -7.7811530e-04   1.1100000e+03
  -7.9383515e-04   1.1250000e+03
  -8.0408982e-04   1.1400000e+03
  -8.1056065e-04   1.1550000e+03
  -8.1440265e-04   1.1700000e+03
  -8.1638730e-04   1.1850000e+03
  -8.1840705e-04   1.2000000e+03
  -8.2235003e-04   1.2150000e+03
  -8.2985428e-04   1.2300000e+03
  -8.4409822e-04   1.2450000e+03
  -8.6903817e-04   1.2600000e+03
  -9.0447051e-04   1.2750000e+03
  -9.4306399e-04   1.2900000e+03
  -9.7449136e-04   1.3050000e+03
  -9.9223794e-04   1.3200000e+03
  -9.9679490e-04   1.3350000e+03
  -9.9597010e-04   1.3500000e+03
  -1.0027464e-03   1.3650000e+03
  -1.0262777e-03   1.3800000e+03
  -1.0608706e-03   1.3950000e+03
  -1.0891063e-03   1.4100000e+03
  -1.1006730e-03   1.4250000e+03
  -1.1043403e-03   1.4400000e+03
  -1.1173619e-03   1.4550000e+03
  -1.1462773e-03   1.4700000e+03
  -1.1815920e-03   1.4850000e+03
  -1.2090988e-03   1.5000000e+03
  -1.2239256e-03   1.5150000e+03
  -1.2342712e-03   1.5300000e+03
  -1.2520674e-03   1.5450000e+03
  -1.2799600e-03   1.5600000e+03
  -1.3091174e-03   1.5750000e+03
  -1.3309841e-03   1.5900000e+03
  -1.3481667e-03   1.6050000e+03
  -1.3699657e-03   1.6200000e+03
  -1.3989904e-03   1.6350000e+03
  -1.4279549e-03   1.6500000e+03
  -1.4507902e-03   1.6650000e+03
  -1.4711563e-03   1.6800000e+03
  -1.4959193e-03   1.6950000e+03
  -1.5245116e-03   1.7100000e+03
  -1.5508342e-03   1.7250000e+03
  -1.5737121e-03   1.7400000e+03
  -1.5986378e-03   1.7550000e+03
  -1.6288027e-03   1.7700000e+03
  -1.6607140e-03   1.7850000e+03
  -1.6906009e-03   1.8000000e+03
  -1.7199444e-03   1.8150000e+03
  -1.7518705e-03   1.8300000e+03
  -1.7859918e-03   1.8450000e+03
  -1.8199513e-03   1.8600000e+03
  -1.8534755e-03   1.8750000e+03
  -1.8879614e-03   1.8900000e+03
  -1.9236928e-03   1.9050000e+03
  -1.9599779e-03   1.9200000e+03
  -1.9972099e-03   1.9350000e+03
  -2.0368388e-03   1.9500000e+03
  -2.0797055e-03   1.9650000e+03
  -2.1257387e-03   1.9800000e+03
  -2.1747460e-03   1.9950000e+03
  -2.2262603e-03   2.0100000e+03
  -2.2790644e-03   2.0250000e+03
  -2.3322455e-03   2.0400000e+03
  -2.3866447e-03   2.0550000e+03
  -2.4443716e-03   2.0700000e+03
  -2.5070868e-03   2.0850000e+03
  -2.5753540e-03   2.1000000e+03
  -2.6490244e-03   2.1150000e+03
  -2.7272592e-03   2.1300000e+03
  -2.8085585e-03   2.1450000e+03
  -2.8916763e-03   2.1600000e+03
  -2.9765663e-03   2.1750000e+03
  -3.0641714e-03   2.1900000e+03
  -3.1557714e-03   2.2050000e+03
  -3.2531014e-03   2.2200000e+03
  -3.3586740e-03   2.2350000e+03
  -3.4749897e-03   2.2500000e+03
  -3.6031615e-03   2.2650000e+03
  -3.7427738e-03   2.2800000e+03
  -3.8931726e-03   2.2950000e+03
  -4.0544742e-03   2.3100000e+03
  -4.2273216e-03   2.3250000e+03
  -4.4123358e-03   2.3400000e+03
  -4.6103774e-03   2.3550000e+03
  -4.8233094e-03   2.3700000e+03
  -5.0542718e-03   2.3850000e+03
  -5.3069997e-03   2.4000000e+03
  -5.5846083e-03   2.4150000e+03
  -5.8887596e-03   2.4300000e+03
  -6.2198336e-03   2.4450000e+03
  -6.5779914e-03   2.4600000e+03
  -6.9646887e-03   2.4750000e+03
  -7.3842048e-03   2.4900000e+03
  -7.8445310e-03   2.5050000e+03
  -8.3563337e-03   2.5200000e+03
  -8.9282375e-03   2.5350000e+03
  -9.5565347e-03   2.5500000e+03
  -1.0206220e-02   2.5650000e+03
  -1.0777102e-02   2.5800000e+03
  -1.1044594e-02   2.5950000e+03
  -1.0563637e-02   2.6100000e+03
  -8.5318098e-03   2.6250000e+03
  -3.6294716e-03   2.6400000e+03
   6.1059976e-03   2.6550000e+03
   2.3261173e-02   2.6700000e+03
   5.0722070e-02   2.6850000e+03
   9.0877540e-02   2.7000000e+03
   1.4428082e-01   2.7150000e+03
   2.0794691e-01   2.7300000e+03
   2.7384299e-01   2.7450000e+03
   3.2850146e-01   2.7600000e+03
   3.5477972e-01   2.7750000e+03
   3.3630389e-01   2.7900000e+03
   2.6394793e-01   2.8050000e+03
   1.4213340e-01   2.8200000e+03
  -8.3675608e-03   2.8350000e+03
  -1.5403756e-01   2.8500000e+03
  -2.5907242e-01   2.8650000e+03
  -2.9931197e-01   2.8800000e+03
  -2.7313840e-01   2.8950000e+03
  -2.0285781e-01   2.9100000e+03
  -1.2429962e-01   2.9250000e+03
  -6.9067568e-02   2.9400000e+03
  -4.9000941e-02   2.9550000e+03
  -5.2071273e-02   2.9700000e+03
  -5.2500699e-02   2.9850000e+03
  -2.9043779e-02   3.0000000e+03
   2.0025510e-02   3.0150000e+03
   7.4790291e-02   3.0300000e+03
   1.0586683e-01   3.0450000e+03
   9.3200192e-02   3.0600000e+03
   3.9552629e-02   3.0750000e+03
  -2.9944215e-02   3.0900000e+03
  -8.1982367e-02   3.1050000e+03
  -9.3994066e-02   3.1200000e+03
  -6.5776281e-02   3.1350000e+03
  -1.7010439e-02   3.1500000e+03
   2.6231166e-02   3.1650000e+03
   4.5850053e-02   3.1800000e+03
   3.8142808e-02   3.1950000e+03
   1.1232807e-02   3.2100000e+03
  -2.1118797e-02   3.2250000e+03
  -4.4378687e-02   3.2400000e+03
  -4.6555229e-02   3.2550000e+03
  -2.2035370e-02   3.2700000e+03
   2.4367105e-02   3.2850000e+03
   7.6416239e-02   3.3000000e+03
   1.1126433e-01   3.3150000e+03
   1.0964624e-01   3.3300000e+03
   6.7636505e-02   3.3450000e+03
   3.0835345e-03   3.3600000e+03
  -5.0938904e-02   3.3750000e+03
  -6.6559158e-02   3.3900000e+03
  -4.2442627e-02   3.4050000e+03
  -6.0026571e-03   3.4200000e+03
   9.5892455e-03   3.4350000e+03
  -6.1274781e-03   3.4500000e+03
  -3.4729823e-02   3.4650000e+03
  -4.9678471e-02   3.4800000e+03
  -3.9911024e-02   3.4950000e+03
  -1.2788438e-02   3.5100000e+03
   1.9462032e-02   3.5250000e+03
   4.8364151e-02   3.5400000e+03
   6.5182120e-02   3.5550000e+03
   5.8090579e-02   3.5700000e+03
   2.1650679e-02   3.5850000e+03
  -3.1929586e-02   3.6000000e+03
  -7.7869087e-02   3.6150000e+03
  -9.9073894e-02   3.6300000e+03
  -9.9438585e-02   3.6450000e+03
  -9.4081879e-02   3.6600000e+03
  -8.7941967e-02   3.6750000e+03
  -6.9514550e-02   3.6900000e+03
  -2.8867101e-02   3.7050000e+03
   2.2376340e-02   3.7200000e+03
   5.7123978e-02   3.7350000e+03
   6.1788015e-02   3.7500000e+03
   5.3401452e-02   3.7650000e+03
   6.0957517e-02   3.7800000e+03
   9.0978868e-02   3.7950000e+03
   1.1887716e-01   3.8100000e+03
   1.1668824e-01   3.8250000e+03
   8.2822755e-02   3.8400000e+03
   3.8757421e-02   3.8550000e+03
   1.0550097e-03   3.8700000e+03
  -3.3126157e-02   3.8850000e+03
  -7.0456937e-02   3.9000000e+03
  -1.0090824e-01   3.9150000e+03
  -1.0312177e-01   3.9300000e+03
  -7.0025168e-02   3.9450000e+03
  -2.0134991e-02   3.9600000e+03
   2.2267388e-02   3.9750000e+03
   5.3590856e-02   3.9900000e+03
   8.9323483e-02   4.0050000e+03
   1.3498397e-01   4.0200000e+03
   1.6607356e-01   4.0350000e+03
   1.4399566e-01   4.0500000e+03
   5.2664947e-02   4.0650000e+03
  -8.1974611e-02   4.0800000e+03
  -2.0609672e-01   4.0950000e+03
  -2.6835236e-01   4.1100000e+03
  -2.4183725e-01   4.1250000e+03
  -1.3136046e-01   4.1400000e+03
   2.7446393e-02   4.1550000e+03
   1.7630194e-01   4.1700000e+03
   2.5512144e-01   4.1850000e+03
   2.3166108e-01   4.2000000e+03
   1.2171741e-01   4.2150000e+03
  -1.7477972e-02   4.2300000e+03
  -1.1968347e-01   4.2450000e+03
  -1.4739579e-01   4.2600000e+03
  -1.0920191e-01   4.2750000e+03
  -4.4504918e-02   4.2900000e+03
   1.1061705e-02   4.3050000e+03
   4.7986448e-02   4.3200000e+03
   7.2936840e-02   4.3350000e+03
   8.3160117e-02   4.3500000e+03
   6.2171388e-02   4.3650000e+03
   5.9311902e-03   4.3800000e+03
  -5.6116730e-02   4.3950000e+03
  -8.0023170e-02   4.4100000e+03
  -4.9959730e-02   4.4250000e+03
   5.1975870e-03   4.4400000e+03
   4.0098149e-02   4.4550000e+03
   3.2839403e-02   4.4700000e+03
  -2.2405188e-03   4.4850000e+03
  -3.1776186e-02   4.5000000e+03
