  -1.2049607e-03   0.0000000e+00
  -1.2050339e-03   1.5000000e+01
  -1.2051886e-03   3.0000000e+01
  -1.2053333e-03   4.5000000e+01
  -1.2054715e-03   6.0000000e+01
  -1.2056021e-03   7.5000000e+01
  -1.2057228e-03   9.0000000e+01
  -1.2059521e-03   1.0500000e+02
  -1.2063830e-03   1.2000000e+02
  -1.2069046e-03   1.3500000e+02
  -1.2073822e-03   1.5000000e+02
  -1.2078250e-03   1.6500000e+02
  -1.2082665e-03   1.8000000e+02
  -1.2086580e-03   1.9500000e+02
  -1.2089707e-03   2.1000000e+02
  -1.2092565e-03   2.2500000e+02
  -1.2095956e-03   2.4000000e+02
  -1.2100415e-03   2.5500000e+02
  -1.2105823e-03   2.7000000e+02
  -1.2111462e-03   2.8500000e+02
  -1.2116960e-03   3.0000000e+02
  -1.2122556e-03   3.1500000e+02
  -1.2128606e-03   3.3000000e+02
  -1.2135098e-03   3.4500000e+02
  -1.2141939e-03   3.6000000e+02
  -1.2149576e-03   3.7500000e+02
  -1.2158079e-03   3.9000000e+02
  -1.2167037e-03   4.0500000e+02
  -1.2176075e-03   4.2000000e+02
  -1.2183571e-03   4.3500000e+02
  -1.2184179e-03   4.5000000e+02
  -1.2166305e-03   4.6500000e+02
  -1.2106233e-03   4.8000000e+02
  -1.1958955e-03   4.9500000e+02
  -1.1655685e-03   5.1000000e+02
  -1.1125479e-03   5.2500000e+02
  -1.0350164e-03   5.4000000e+02
  -9.4323064e-04   5.5500000e+02
  -8.6201233e-04   5.7000000e+02
  -8.2232093e-04   5.8500000e+02
  -8.4136124e-04   6.0000000e+02
  -9.0384658e-04   6.1500000e+02
  -9.6457661e-04   6.3000000e+02
  -9.7915519e-04   6.4500000e+02
  -9.4013929e-04   6.6000000e+02
  -8.8122004e-04   6.7500000e+02
  -8.3868898e-04   6.9000000e+02
  -8.0890284e-04   7.0500000e+02
  -7.5314258e-04   7.2000000e+02
  -6.4868521e-04   7.3500000e+02
  -5.2479154e-04   7.5000000e+02
  -4.3724116e-04   7.6500000e+02
  -4.1358854e-04   7.8000000e+02
  -4.3796300e-04   7.9500000e+02
  -4.8543783e-04   8.1000000e+02
  -5.4721674e-04   8.2500000e+02
  -6.1314384e-04   8.4000000e+02
  -6.5497617e-04   8.5500000e+02
  -6.5367355e-04   8.7000000e+02
  -6.3287932e-04   8.8500000e+02
  -6.3744473e-04   9.0000000e+02
  -6.7977706e-04   9.1500000e+02
  -7.3144928e-04   9.3000000e+02
  -7.6680334e-04   9.4500000e+02
  -7.8715576e-04   9.6000000e+02
  -7.9925166e-04   9.7500000e+02
  -8.0097979e-04   9.9000000e+02
  -7.9873065e-04   1.0050000e+03
  -8.1084541e-04   1.0200000e+03
  -8.4016239e-04   1.0350000e+03
  -8.6578930e-04   1.0500000e+03
  -8.7387243e-04   1.0650000e+03
  -8.7645551e-04   1.0800000e+03
  -8.8993990e-04   1.0950000e+03
  -9.1268041e-04   1.1100000e+03
  -9.3312631e-04   1.1250000e+03
  -9.4618765e-04   1.1400000e+03
  -9.5357938e-04   1.1550000e+03
  -9.5720403e-04   1.1700000e+03
  -9.5832517e-04   1.1850000e+03
  -9.5892180e-04   1.2000000e+03
  -9.6099020e-04   1.2150000e+03
  -9.6709334e-04   1.2300000e+03
  -9.8238047e-04   1.2450000e+03
  -1.0125472e-03   1.2600000e+03
  -1.0570033e-03   1.2750000e+03
  -1.1055057e-03   1.2900000e+03
  -1.1439746e-03   1.3050000e+03
  -1.1634182e-03   1.3200000e+03
  -1.1643476e-03   1.3350000e+03
  -1.1575858e-03   1.3500000e+03
  -1.1611975e-03   1.3650000e+03
  -1.1877011e-03   1.3800000e+03
  -1.2289978e-03   1.3950000e+03
  -1.2609933e-03   1.4100000e+03
  -1.2695226e-03   1.4250000e+03
  -1.2668183e-03   1.4400000e+03
  -1.2770446e-03   1.4550000e+03
  -1.3096009e-03   1.4700000e+03
  -1.3512244e-03   1.4850000e+03
  -1.3817023e-03   1.5000000e+03
  -1.3939658e-03   1.5150000e+03
  -1.3995625e-03   1.5300000e+03
  -1.4153220e-03   1.5450000e+03
  -1.4448810e-03   1.5600000e+03
  -1.4757395e-03   1.5750000e+03
  -1.4959230e-03   1.5900000e+03
  -1.5092117e-03   1.6050000e+03
  -1.5286842e-03   1.6200000e+03
  -1.5578703e-03   1.6350000e+03
  -1.5863706e-03   1.6500000e+03
  -1.6056286e-03   1.6650000e+03
  -1.6209384e-03   1.6800000e+03
  -1.6422127e-03   1.6950000e+03
  -1.6688906e-03   1.7100000e+03
  -1.6924455e-03   1.7250000e+03
  -1.7109367e-03   1.7400000e+03
  -1.7314623e-03   1.7550000e+03
  -1.7578370e-03   1.7700000e+03
  -1.7847538e-03   1.7850000e+03
  -1.8068833e-03   1.8000000e+03
  -1.8265351e-03   1.8150000e+03
  -1.8484772e-03   1.8300000e+03
  -1.8726714e-03   1.8450000e+03
  -1.8963997e-03   1.8600000e+03
  -1.9197783e-03   1.8750000e+03
  -1.9449001e-03   1.8900000e+03
  -1.9716597e-03   1.9050000e+03
  -1.9980490e-03   1.9200000e+03
  -2.0235286e-03   1.9350000e+03
  -2.0494214e-03   1.9500000e+03
  -2.0766521e-03   1.9650000e+03
  -2.1051187e-03   1.9800000e+03
  -2.1346894e-03   1.9950000e+03
  -2.1649969e-03   2.0100000e+03
  -2.1947327e-03   2.0250000e+03
  -2.2228598e-03   2.0400000e+03
  -2.2502916e-03   2.0550000e+03
  -2.2791186e-03   2.0700000e+03
  -2.3105484e-03   2.0850000e+03
  -2.3445822e-03   2.1000000e+03
  -2.3809795e-03   2.1150000e+03
  -2.4192205e-03   2.1300000e+03
  -2.4580443e-03   2.1450000e+03
  -2.4962267e-03   2.1600000e+03
  -2.5336170e-03   2.1750000e+03
  -2.5707791e-03   2.1900000e+03
  -2.6081344e-03   2.2050000e+03
  -2.6462886e-03   2.2200000e+03
  -2.6867930e-03   2.2350000e+03
  -2.7313398e-03   2.2500000e+03
  -2.7798498e-03   2.2650000e+03
  -2.8300898e-03   2.2800000e+03
  -2.8794562e-03   2.2950000e+03
  -2.9266507e-03   2.3100000e+03
  -2.9715041e-03   2.3250000e+03
  -3.0138600e-03   2.3400000e+03
  -3.0531893e-03   2.3550000e+03
  -3.0891965e-03   2.3700000e+03
  -3.1224890e-03   2.3850000e+03
  -3.1543737e-03   2.4000000e+03
  -3.1857190e-03   2.4150000e+03
  -3.2159288e-03   2.4300000e+03
  -3.2430508e-03   2.4450000e+03
  -3.2647061e-03   2.4600000e+03
  -3.2785679e-03   2.4750000e+03
  -3.2819291e-03   2.4900000e+03
  -3.2711963e-03   2.5050000e+03
  -3.2420368e-03   2.5200000e+03
  -3.1896273e-03   2.5350000e+03
  -3.1080781e-03   2.5500000e+03
  -2.9891336e-03   2.5650000e+03
  -2.8213852e-03   2.5800000e+03
  -2.5905238e-03   2.5950000e+03
  -2.2794860e-03   2.6100000e+03
  -1.8671002e-03   2.6250000e+03
  -1.3251201e-03   2.6400000e+03
  -6.1463285e-04   2.6550000e+03
   3.1784925e-04   2.6700000e+03
   1.5455774e-03   2.6850000e+03
   3.1691594e-03   2.7000000e+03
   5.3267325e-03   2.7150000e+03
   8.2059614e-03   2.7300000e+03
   1.2056923e-02   2.7450000e+03
   1.7204795e-02   2.7600000e+03
   2.4060501e-02   2.7750000e+03
   3.3125091e-02   2.7900000e+03
   4.4979524e-02   2.8050000e+03
   6.0246844e-02   2.8200000e+03
   7.9511143e-02   2.8350000e+03
   1.0318003e-01   2.8500000e+03
   1.3128652e-01   2.8650000e+03
   1.6324416e-01   2.8800000e+03
   1.9759554e-01   2.8950000e+03
   2.3182663e-01   2.9100000e+03
   2.6234689e-01   2.9250000e+03
   2.8473821e-01   2.9400000e+03
   2.9433793e-01   2.9550000e+03
   2.8713095e-01   2.9700000e+03
   2.6079908e-01   2.9850000e+03
   2.1565093e-01   3.0000000e+03
   1.5509272e-01   3.0150000e+03
   8.5358277e-02   3.0300000e+03
   1.4417590e-02   3.0450000e+03
  -4.9719837e-02   3.0600000e+03
  -1.0080647e-01   3.0750000e+03
  -1.3564210e-01   3.0900000e+03
  -1.5436395e-01   3.1050000e+03
  -1.5965390e-01   3.1200000e+03
  -1.5525234e-01   3.1350000e+03
  -1.4448601e-01   3.1500000e+03
  -1.2948100e-01   3.1650000e+03
  -1.1133462e-01   3.1800000e+03
  -9.0969920e-02   3.1950000e+03
  -7.0012532e-02   3.2100000e+03
  -5.1043831e-02   3.2250000e+03
  -3.6990844e-02   3.2400000e+03
  -2.9961145e-02   3.2550000e+03
  -3.0181888e-02   3.2700000e+03
  -3.5650991e-02   3.2850000e+03
  -4.2710822e-02   3.3000000e+03
  -4.7277607e-02   3.3150000e+03
  -4.6186939e-02   3.3300000e+03
  -3.8160805e-02   3.3450000e+03
  -2.4153801e-02   3.3600000e+03
  -7.0826616e-03   3.3750000e+03
   8.9482283e-03   3.3900000e+03
   1.9797137e-02   3.4050000e+03
   2.2618074e-02   3.4200000e+03
   1.7009145e-02   3.4350000e+03
   5.4567582e-03   3.4500000e+03
  -7.3398761e-03   3.4650000e+03
  -1.6217452e-02   3.4800000e+03
  -1.7700490e-02   3.4950000e+03
  -1.1514710e-02   3.5100000e+03
  -6.2997232e-04   3.5250000e+03
   1.0243896e-02   3.5400000e+03
   1.6914811e-02   3.5550000e+03
   1.7494397e-02   3.5700000e+03
   1.2791909e-02   3.5850000e+03
   5.2607940e-03   3.6000000e+03
  -2.6870358e-03   3.6150000e+03
  -9.8794950e-03   3.6300000e+03
  -1.6424498e-02   3.6450000e+03
  -2.2783104e-02   3.6600000e+03
  -2.8713038e-02   3.6750000e+03
  -3.2906827e-02   3.6900000e+03
  -3.3550590e-02   3.7050000e+03
  -2.9352048e-02   3.7200000e+03
  -2.0334883e-02   3.7350000e+03
  -7.9814950e-03   3.7500000e+03
   5.1927669e-03   3.7650000e+03
   1.6259141e-02   3.7800000e+03
   2.2400117e-02   3.7950000e+03
   2.1329748e-02   3.8100000e+03
   1.1753408e-02   3.8250000e+03
  -6.1098444e-03   3.8400000e+03
  -3.0173887e-02   3.8550000e+03
  -5.6647889e-02   3.8700000e+03
  -8.0883540e-02   3.8850000e+03
  -9.8697305e-02   3.9000000e+03
  -1.0762849e-01   3.9150000e+03
  -1.0753778e-01   3.9300000e+03
  -1.0023085e-01   3.9450000e+03
  -8.8279895e-02   3.9600000e+03
  -7.3653542e-02   3.9750000e+03
  -5.6888193e-02   3.9900000e+03
  -3.7236143e-02   4.0050000e+03
  -1.3660222e-02   4.0200000e+03
   1.3942306e-02   4.0350000e+03
   4.3999817e-02   4.0500000e+03
   7.3379062e-02   4.0650000e+03
   9.8193303e-02   4.0800000e+03
   1.1481503e-01   4.0950000e+03
   1.2065908e-01   4.1100000e+03
   1.1461875e-01   4.1250000e+03
   9.7288735e-02   4.1400000e+03
   7.1081012e-02   4.1550000e+03
   4.0126450e-02   4.1700000e+03
   9.7511839e-03   4.1850000e+03
  -1.4503144e-02   4.2000000e+03
  -2.8025931e-02   4.2150000e+03
  -2.8027657e-02   4.2300000e+03
  -1.3969366e-02   4.2450000e+03
   1.2302254e-02   4.2600000e+03
   4.6430472e-02   4.2750000e+03
   8.1482433e-02   4.2900000e+03
   1.0849588e-01   4.3050000e+03
   1.1830809e-01   4.3200000e+03
   1.0470717e-01   4.3350000e+03
   6.7834787e-02   4.3500000e+03
   1.5965728e-02   4.3650000e+03
  -3.5954144e-02   4.3800000e+03
  -7.1193174e-02   4.3950000e+03
  -7.7806935e-02   4.4100000e+03
  -5.3899966e-02   4.4250000e+03
  -8.8491766e-03   4.4400000e+03
   4.0392064e-02   4.4550000e+03
   7.6294586e-02   4.4700000e+03
   8.7718226e-02   4.4850000e+03
   7.3595107e-02   4.5000000e+03
