   9.8275840e-03   0.0000000e+00
   9.8243318e-03   1.5000000e+01
   9.8140743e-03   3.0000000e+01
   9.7957607e-03   4.5000000e+01
   9.7715082e-03   6.0000000e+01
   9.7462200e-03   7.5000000e+01
   9.7239660e-03   9.0000000e+01
   9.7091477e-03   1.0500000e+02
   9.7115748e-03   1.2000000e+02
   9.7511280e-03   1.3500000e+02
   9.8594110e-03   1.5000000e+02
   1.0074843e-02   1.6500000e+02
   1.0444322e-02   1.8000000e+02
   1.1043838e-02   1.9500000e+02
   1.1998033e-02   2.1000000e+02
   1.3480262e-02   2.2500000e+02
   1.5706155e-02   2.4000000e+02
   1.8952610e-02   2.5500000e+02
   2.3632491e-02   2.7000000e+02
   3.0417245e-02   2.8500000e+02
   4.0380381e-02   3.0000000e+02
   5.5167973e-02   3.1500000e+02
   7.7186249e-02   3.3000000e+02
   1.0975009e-01   3.4500000e+02
   1.5720797e-01   3.6000000e+02
   2.2522494e-01   3.7500000e+02
   3.2142028e-01   3.9000000e+02
   4.5600417e-01   4.0500000e+02
   6.4082080e-01   4.2000000e+02
   8.8441461e-01   4.3500000e+02
   1.1820654e+00   4.5000000e+02
   1.5029914e+00   4.6500000e+02
   1.7805244e+00   4.8000000e+02
   1.9149576e+00   4.9500000e+02
   1.8009154e+00   5.1000000e+02
   1.3814547e+00   5.2500000e+02
   7.0353448e-01   5.4000000e+02
  -7.4085757e-02   5.5500000e+02
  -7.4876893e-01   5.7000000e+02
  -1.1801375e+00   5.8500000e+02
  -1.3514091e+00   6.0000000e+02
  -1.3396134e+00   6.1500000e+02
  -1.2348748e+00   6.3000000e+02
  -1.0878541e+00   6.4500000e+02
  -9.1685390e-01   6.6000000e+02
  -7.3838300e-01   6.7500000e+02
  -5.7582843e-01   6.9000000e+02
  -4.4442225e-01   7.0500000e+02
  -3.4155634e-01   7.2000000e+02
  -2.5677431e-01   7.3500000e+02
  -1.8618068e-01   7.5000000e+02
  -1.3318881e-01   7.6500000e+02
  -9.9304542e-02   7.8000000e+02
  -8.0485836e-02   7.9500000e+02
  -7.2297186e-02   8.1000000e+02
  -7.3309794e-02   8.2500000e+02
  -8.1756391e-02   8.4000000e+02
  -9.2711441e-02   8.5500000e+02
  -1.0072910e-01   8.7000000e+02
  -1.0286951e-01   8.8500000e+02
  -9.8039396e-02   9.0000000e+02
  -8.5746333e-02   9.1500000e+02
  -6.6686131e-02   9.3000000e+02
  -4.3207821e-02   9.4500000e+02
  -1.8448034e-02   9.6000000e+02
   4.6282886e-03   9.7500000e+02
   2.3611946e-02   9.9000000e+02
   3.6977343e-02   1.0050000e+03
   4.4437200e-02   1.0200000e+03
   4.6982553e-02   1.0350000e+03
   4.6649873e-02   1.0500000e+03
   4.5943614e-02   1.0650000e+03
   4.6702113e-02   1.0800000e+03
   4.9085993e-02   1.0950000e+03
   5.1606752e-02   1.1100000e+03
   5.1918473e-02   1.1250000e+03
   4.7623619e-02   1.1400000e+03
   3.7022296e-02   1.1550000e+03
   1.9821208e-02   1.1700000e+03
  -2.6917059e-03   1.1850000e+03
  -2.8297896e-02   1.2000000e+03
  -5.4848123e-02   1.2150000e+03
  -8.0938980e-02   1.2300000e+03
  -1.0595468e-01   1.2450000e+03
  -1.2948924e-01   1.2600000e+03
  -1.5058035e-01   1.2750000e+03
  -1.6743344e-01   1.2900000e+03
  -1.7785858e-01   1.3050000e+03
  -1.8005566e-01   1.3200000e+03
  -1.7330913e-01   1.3350000e+03
  -1.5832634e-01   1.3500000e+03
  -1.3706937e-01   1.3650000e+03
  -1.1208864e-01   1.3800000e+03
  -8.5681565e-02   1.3950000e+03
  -5.9361916e-02   1.4100000e+03
  -3.3858240e-02   1.4250000e+03
  -9.4682937e-03   1.4400000e+03
   1.3571886e-02   1.4550000e+03
   3.4940872e-02   1.4700000e+03
   5.4253943e-02   1.4850000e+03
   7.1045049e-02   1.5000000e+03
   8.4649637e-02   1.5150000e+03
   9.4126709e-02   1.5300000e+03
   9.8374039e-02   1.5450000e+03
   9.6469462e-02   1.5600000e+03
   8.8131756e-02   1.5750000e+03
   7.4107662e-02   1.5900000e+03
   5.6281049e-02   1.6050000e+03
   3.7376523e-02   1.6200000e+03
   2.0285476e-02   1.6350000e+03
   7.2431150e-03   1.6500000e+03
  -7.7952730e-04   1.6650000e+03
  -4.1868933e-03   1.6800000e+03
  -4.3807612e-03   1.6950000e+03
  -3.1632604e-03   1.7100000e+03
  -2.2203217e-03   1.7250000e+03
  -2.8048044e-03   1.7400000e+03
  -5.5600582e-03   1.7550000e+03
  -1.0414552e-02   1.7700000e+03
  -1.6583595e-02   1.7850000e+03
  -2.2750653e-02   1.8000000e+03
  -2.7404891e-02   1.8150000e+03
  -2.9212117e-02   1.8300000e+03
  -2.7313646e-02   1.8450000e+03
  -2.1530254e-02   1.8600000e+03
  -1.2469825e-02   1.8750000e+03
  -1.4848943e-03   1.8900000e+03
   9.5906453e-03   1.9050000e+03
   1.8905496e-02   1.9200000e+03
   2.5102956e-02   1.9350000e+03
   2.7684143e-02   1.9500000e+03
   2.7109431e-02   1.9650000e+03
   2.4642523e-02   1.9800000e+03
   2.1987570e-02   1.9950000e+03
   2.0761756e-02   2.0100000e+03
   2.1884400e-02   2.0250000e+03
   2.5071032e-02   2.0400000e+03
   2.8686736e-02   2.0550000e+03
   3.0121747e-02   2.0700000e+03
   2.6621757e-02   2.0850000e+03
   1.6276931e-02   2.1000000e+03
  -1.2078986e-03   2.1150000e+03
  -2.4234036e-02   2.1300000e+03
  -4.9580205e-02   2.1450000e+03
  -7.3094510e-02   2.1600000e+03
  -9.0590484e-02   2.1750000e+03
  -9.8730132e-02   2.1900000e+03
  -9.5703520e-02   2.2050000e+03
  -8.1552960e-02   2.2200000e+03
  -5.8071084e-02   2.2350000e+03
  -2.8328573e-02   2.2500000e+03
   4.0118638e-03   2.2650000e+03
   3.5424452e-02   2.2800000e+03
   6.3157290e-02   2.2950000e+03
   8.5647486e-02   2.3100000e+03
   1.0257217e-01   2.3250000e+03
   1.1447413e-01   2.3400000e+03
   1.2210982e-01   2.3550000e+03
   1.2584879e-01   2.3700000e+03
   1.2541999e-01   2.3850000e+03
   1.2006488e-01   2.4000000e+03
   1.0893841e-01   2.4150000e+03
   9.1557823e-02   2.4300000e+03
   6.8175882e-02   2.4450000e+03
   4.0000580e-02   2.4600000e+03
   9.1810897e-03   2.4750000e+03
  -2.1470411e-02   2.4900000e+03
  -4.8924927e-02   2.5050000e+03
  -7.0375845e-02   2.5200000e+03
  -8.3563209e-02   2.5350000e+03
  -8.7006308e-02   2.5500000e+03
  -8.0202945e-02   2.5650000e+03
  -6.3769966e-02   2.5800000e+03
  -3.9431754e-02   2.5950000e+03
  -9.8091103e-03   2.6100000e+03
   2.1944862e-02   2.6250000e+03
   5.2580241e-02   2.6400000e+03
   7.9192795e-02   2.6550000e+03
   9.9594228e-02   2.6700000e+03
   1.1248881e-01   2.6850000e+03
   1.1737435e-01   2.7000000e+03
   1.1424233e-01   2.7150000e+03
   1.0329529e-01   2.7300000e+03
   8.4875077e-02   2.7450000e+03
   5.9617043e-02   2.7600000e+03
   2.8676845e-02   2.7750000e+03
  -6.1533921e-03   2.7900000e+03
  -4.2524152e-02   2.8050000e+03
  -7.7754796e-02   2.8200000e+03
  -1.0908436e-01   2.8350000e+03
  -1.3385344e-01   2.8500000e+03
  -1.4963503e-01   2.8650000e+03
  -1.5442578e-01   2.8800000e+03
  -1.4698195e-01   2.8950000e+03
  -1.2724102e-01   2.9100000e+03
  -9.6632876e-02   2.9250000e+03
  -5.8084436e-02   2.9400000e+03
  -1.5669568e-02   2.9550000e+03
   2.5962260e-02   2.9700000e+03
   6.2175475e-02   2.9850000e+03
   8.8839486e-02   3.0000000e+03
   1.0275061e-01   3.0150000e+03
   1.0206625e-01   3.0300000e+03
   8.6732075e-02   3.0450000e+03
   5.8722567e-02   3.0600000e+03
   2.1853548e-02   3.0750000e+03
  -1.8943828e-02   3.0900000e+03
  -5.8720853e-02   3.1050000e+03
  -9.3560115e-02   3.1200000e+03
  -1.2112761e-01   3.1350000e+03
  -1.4054781e-01   3.1500000e+03
  -1.5180999e-01   3.1650000e+03
  -1.5513030e-01   3.1800000e+03
  -1.5060595e-01   3.1950000e+03
  -1.3824683e-01   3.2100000e+03
  -1.1828967e-01   3.2250000e+03
  -9.1647841e-02   3.2400000e+03
  -6.0317069e-02   3.2550000e+03
  -2.7488839e-02   3.2700000e+03
   2.8651129e-03   3.2850000e+03
   2.6948096e-02   3.3000000e+03
   4.2285424e-02   3.3150000e+03
   4.8502766e-02   3.3300000e+03
   4.7325965e-02   3.3450000e+03
   4.1822977e-02   3.3600000e+03
   3.5302714e-02   3.3750000e+03
   3.0377904e-02   3.3900000e+03
   2.8488856e-02   3.4050000e+03
   2.9883439e-02   3.4200000e+03
   3.3863660e-02   3.4350000e+03
   3.9101467e-02   3.4500000e+03
   4.3930154e-02   3.4650000e+03
   4.6632014e-02   3.4800000e+03
   4.5784362e-02   3.4950000e+03
   4.0655028e-02   3.5100000e+03
   3.1504884e-02   3.5250000e+03
   1.9599104e-02   3.5400000e+03
   6.8562431e-03   3.5550000e+03
  -4.7051064e-03   3.5700000e+03
  -1.3448187e-02   3.5850000e+03
  -1.8369442e-02   3.6000000e+03
  -1.9161256e-02   3.6150000e+03
  -1.6190831e-02   3.6300000e+03
  -1.0403151e-02   3.6450000e+03
  -3.0876892e-03   3.6600000e+03
   4.4679078e-03   3.6750000e+03
   1.1288488e-02   3.6900000e+03
   1.6842132e-02   3.7050000e+03
   2.0975756e-02   3.7200000e+03
   2.3743937e-02   3.7350000e+03
   2.5222616e-02   3.7500000e+03
   2.5368553e-02   3.7650000e+03
   2.3979099e-02   3.7800000e+03
   2.0785250e-02   3.7950000e+03
   1.5638849e-02   3.8100000e+03
   8.6908294e-03   3.8250000e+03
   4.7015829e-04   3.8400000e+03
  -8.1632948e-03   3.8550000e+03
  -1.6174000e-02   3.8700000e+03
  -2.2576176e-02   3.8850000e+03
  -2.6663905e-02   3.9000000e+03
  -2.8165437e-02   3.9150000e+03
  -2.7283795e-02   3.9300000e+03
  -2.4654450e-02   3.9450000e+03
  -2.1258321e-02   3.9600000e+03
  -1.8270617e-02   3.9750000e+03
  -1.6805092e-02   3.9900000e+03
  -1.7592696e-02   4.0050000e+03
  -2.0736562e-02   4.0200000e+03
  -2.5689611e-02   4.0350000e+03
  -3.1488556e-02   4.0500000e+03
  -3.7138622e-02   4.0650000e+03
  -4.1967522e-02   4.0800000e+03
  -4.5784283e-02   4.0950000e+03
  -4.8775304e-02   4.1100000e+03
  -5.1209044e-02   4.1250000e+03
  -5.3131882e-02   4.1400000e+03
  -5.4245822e-02   4.1550000e+03
  -5.4045018e-02   4.1700000e+03
  -5.2121852e-02   4.1850000e+03
  -4.8443433e-02   4.2000000e+03
  -4.3420881e-02   4.2150000e+03
  -3.7734102e-02   4.2300000e+03
  -3.2037441e-02   4.2450000e+03
  -2.6738381e-02   4.2600000e+03
  -2.1963913e-02   4.2750000e+03
  -1.7675567e-02   4.2900000e+03
  -1.3794938e-02   4.3050000e+03
  -1.0234988e-02   4.3200000e+03
  -6.8551875e-03   4.3350000e+03
  -3.4486111e-03   4.3500000e+03
   1.6248332e-04   4.3650000e+03
   3.9717518e-03   4.3800000e+03
   7.7209775e-03   4.3950000e+03
   1.1027245e-02   4.4100000e+03
   1.3654458e-02   4.4250000e+03
   1.5736714e-02   4.4400000e+03
   1.7770056e-02   4.4550000e+03
   2.0352166e-02   4.4700000e+03
   2.3831634e-02   4.4850000e+03
   2.8083162e-02   4.5000000e+03
