   2.7573635e-03   0.0000000e+00
   2.7343053e-03   1.5000000e+01
   2.6669856e-03   3.0000000e+01
   2.5520076e-03   4.5000000e+01
   2.3558009e-03   6.0000000e+01
   2.0315184e-03   7.5000000e+01
   1.5705123e-03   9.0000000e+01
   1.0018836e-03   1.0500000e+02
   3.5286430e-04   1.2000000e+02
  -3.9720690e-04   1.3500000e+02
  -1.3451292e-03   1.5000000e+02
  -2.6326964e-03   1.6500000e+02
  -4.4173216e-03   1.8000000e+02
  -6.8811816e-03   1.9500000e+02
  -1.0214522e-02   2.1000000e+02
  -1.4473387e-02   2.2500000e+02
  -1.8557172e-02   2.4000000e+02
  -1.4909335e-02   2.5500000e+02
   2.8411338e-02   2.7000000e+02
   1.9996050e-01   2.8500000e+02
   6.3963896e-01   3.0000000e+02
   1.3826714e+00   3.1500000e+02
   2.0937798e+00   3.3000000e+02
   2.0934985e+00   3.4500000e+02
   8.9900953e-01   3.6000000e+02
  -1.2668692e+00   3.7500000e+02
  -3.3262434e+00   3.9000000e+02
  -3.5019114e+00   4.0500000e+02
  -1.0115849e+00   4.2000000e+02
   1.6676627e+00   4.3500000e+02
   1.3847071e+00   4.5000000e+02
  -5.3976643e-01   4.6500000e+02
  -7.8766805e-01   4.8000000e+02
   2.2177047e-01   4.9500000e+02
   4.6981239e-01   5.1000000e+02
  -2.9887350e-02   5.2500000e+02
  -3.9150849e-01   5.4000000e+02
  -8.0022505e-03   5.5500000e+02
   4.4612023e-01   5.7000000e+02
  -3.3792086e-02   5.8500000e+02
  -2.1620068e-01   6.0000000e+02
   3.3369175e-01   6.1500000e+02
   7.8491211e-02   6.3000000e+02
  -2.8297046e-01   6.4500000e+02
   6.8561509e-02   6.6000000e+02
  -2.1489387e-02   6.7500000e+02
  -2.2830252e-01   6.9000000e+02
  -1.4011872e-02   7.0500000e+02
  -3.2321621e-02   7.2000000e+02
  -1.2706262e-02   7.3500000e+02
   1.2821676e-01   7.5000000e+02
   1.1299341e-02   7.6500000e+02
   1.0243968e-02   7.8000000e+02
   6.9322437e-02   7.9500000e+02
  -5.1462516e-02   8.1000000e+02
  -4.7020104e-02   8.2500000e+02
   3.4787271e-02   8.4000000e+02
   2.1583179e-02   8.5500000e+02
   1.2864569e-02   8.7000000e+02
   1.5030169e-02   8.8500000e+02
  -7.4518593e-03   9.0000000e+02
  -4.9362801e-02   9.1500000e+02
  -7.0861243e-02   9.3000000e+02
  -4.7643997e-02   9.4500000e+02
  -2.2870451e-02   9.6000000e+02
   1.1681315e-02   9.7500000e+02
   5.2770220e-02   9.9000000e+02
   5.8807526e-02   1.0050000e+03
   5.2226104e-02   1.0200000e+03
   3.9417181e-02   1.0350000e+03
   4.7361855e-03   1.0500000e+03
  -2.7496610e-02   1.0650000e+03
  -4.4853836e-02   1.0800000e+03
  -5.2725971e-02   1.0950000e+03
  -4.8773158e-02   1.1100000e+03
  -3.3534359e-02   1.1250000e+03
  -1.8515322e-02   1.1400000e+03
  -1.4827454e-02   1.1550000e+03
  -1.3873248e-02   1.1700000e+03
  -4.8204334e-03   1.1850000e+03
   7.7624256e-03   1.2000000e+03
   2.0079520e-02   1.2150000e+03
   3.1413767e-02   1.2300000e+03
   3.8315572e-02   1.2450000e+03
   4.1377619e-02   1.2600000e+03
   4.5654450e-02   1.2750000e+03
   5.1728971e-02   1.2900000e+03
   5.4253299e-02   1.3050000e+03
   4.9712531e-02   1.3200000e+03
   3.5863906e-02   1.3350000e+03
   1.0262494e-02   1.3500000e+03
  -2.0765031e-02   1.3650000e+03
  -4.4473611e-02   1.3800000e+03
  -5.5074148e-02   1.3950000e+03
  -5.4703567e-02   1.4100000e+03
  -4.7187578e-02   1.4250000e+03
  -3.6694642e-02   1.4400000e+03
  -2.6089875e-02   1.4550000e+03
  -1.4761943e-02   1.4700000e+03
  -2.4343887e-03   1.4850000e+03
   6.9921948e-03   1.5000000e+03
   9.0867095e-03   1.5150000e+03
   3.5255186e-03   1.5300000e+03
  -6.1224070e-03   1.5450000e+03
  -1.4977555e-02   1.5600000e+03
  -1.9694779e-02   1.5750000e+03
  -2.0036694e-02   1.5900000e+03
  -1.7741414e-02   1.6050000e+03
  -1.4270513e-02   1.6200000e+03
  -9.9523049e-03   1.6350000e+03
  -4.6503637e-03   1.6500000e+03
   1.5585395e-03   1.6650000e+03
   8.1096664e-03   1.6800000e+03
   1.3537779e-02   1.6950000e+03
   1.5237601e-02   1.7100000e+03
   1.0308176e-02   1.7250000e+03
  -2.4248261e-03   1.7400000e+03
  -2.0655839e-02   1.7550000e+03
  -3.8893495e-02   1.7700000e+03
  -5.0944865e-02   1.7850000e+03
  -5.2932989e-02   1.8000000e+03
  -4.4870608e-02   1.8150000e+03
  -2.9966192e-02   1.8300000e+03
  -1.2264382e-02   1.8450000e+03
   5.5989497e-03   1.8600000e+03
   2.2293067e-02   1.8750000e+03
   3.5460606e-02   1.8900000e+03
   4.0907044e-02   1.9050000e+03
   3.5963912e-02   1.9200000e+03
   2.3714816e-02   1.9350000e+03
   1.2105443e-02   1.9500000e+03
   7.3177009e-03   1.9650000e+03
   7.9633407e-03   1.9800000e+03
   6.4513162e-03   1.9950000e+03
  -3.6291676e-03   2.0100000e+03
  -2.1208555e-02   2.0250000e+03
  -3.7983693e-02   2.0400000e+03
  -4.4460006e-02   2.0550000e+03
  -3.6595482e-02   2.0700000e+03
  -1.8106082e-02   2.0850000e+03
   2.6822740e-03   2.1000000e+03
   1.8348608e-02   2.1150000e+03
   2.5911894e-02   2.1300000e+03
   2.6472917e-02   2.1450000e+03
   2.2501830e-02   2.1600000e+03
   1.5653947e-02   2.1750000e+03
   6.6760997e-03   2.1900000e+03
  -3.3342228e-03   2.2050000e+03
  -1.2267287e-02   2.2200000e+03
  -1.7976036e-02   2.2350000e+03
  -1.9886026e-02   2.2500000e+03
  -1.9408869e-02   2.2650000e+03
  -1.8632622e-02   2.2800000e+03
  -1.8502776e-02   2.2950000e+03
  -1.8000010e-02   2.3100000e+03
  -1.4872261e-02   2.3250000e+03
  -7.4539627e-03   2.3400000e+03
   3.6074603e-03   2.3550000e+03
   1.5118021e-02   2.3700000e+03
   2.3094315e-02   2.3850000e+03
   2.5239112e-02   2.4000000e+03
   2.2055540e-02   2.4150000e+03
   1.5876856e-02   2.4300000e+03
   9.1204476e-03   2.4450000e+03
   3.3631048e-03   2.4600000e+03
  -6.1419944e-04   2.4750000e+03
  -2.6210148e-03   2.4900000e+03
  -2.9711965e-03   2.5050000e+03
  -2.1974458e-03   2.5200000e+03
  -6.5176620e-04   2.5350000e+03
   1.5239686e-03   2.5500000e+03
   4.1014645e-03   2.5650000e+03
   6.6941385e-03   2.5800000e+03
   9.0083405e-03   2.5950000e+03
   1.0979647e-02   2.6100000e+03
   1.2680837e-02   2.6250000e+03
   1.4269680e-02   2.6400000e+03
   1.5802402e-02   2.6550000e+03
   1.6464526e-02   2.6700000e+03
   1.3802670e-02   2.6850000e+03
   4.5806025e-03   2.7000000e+03
  -1.2323814e-02   2.7150000e+03
  -3.3313118e-02   2.7300000e+03
  -5.0744571e-02   2.7450000e+03
  -5.6882929e-02   2.7600000e+03
  -4.7888812e-02   2.7750000e+03
  -2.5125368e-02   2.7900000e+03
   5.7325740e-03   2.8050000e+03
   3.6027849e-02   2.8200000e+03
   5.6019180e-02   2.8350000e+03
   5.8639802e-02   2.8500000e+03
   4.3986712e-02   2.8650000e+03
   2.0452037e-02   2.8800000e+03
  -6.2102205e-05   2.8950000e+03
  -9.7684385e-03   2.9100000e+03
  -8.9302752e-03   2.9250000e+03
  -2.9588556e-03   2.9400000e+03
   3.4869877e-03   2.9550000e+03
   8.9265024e-03   2.9700000e+03
   1.2514064e-02   2.9850000e+03
   1.1553282e-02   3.0000000e+03
   3.7204486e-03   3.0150000e+03
  -8.3843740e-03   3.0300000e+03
  -1.7041275e-02   3.0450000e+03
  -1.5520814e-02   3.0600000e+03
  -4.4492958e-03   3.0750000e+03
   8.5165193e-03   3.0900000e+03
   1.5365198e-02   3.1050000e+03
   1.4044055e-02   3.1200000e+03
   8.9699458e-03   3.1350000e+03
   6.2043052e-03   3.1500000e+03
   7.8170700e-03   3.1650000e+03
   1.0043433e-02   3.1800000e+03
   7.0770807e-03   3.1950000e+03
  -2.3074548e-03   3.2100000e+03
  -1.1946964e-02   3.2250000e+03
  -1.3691364e-02   3.2400000e+03
  -6.5545985e-03   3.2550000e+03
   8.5958635e-04   3.2700000e+03
  -1.1649970e-03   3.2850000e+03
  -1.3008747e-02   3.3000000e+03
  -2.5503287e-02   3.3150000e+03
  -2.9974947e-02   3.3300000e+03
  -2.6171964e-02   3.3450000e+03
  -1.9476827e-02   3.3600000e+03
  -1.3136536e-02   3.3750000e+03
  -6.2766038e-03   3.3900000e+03
   1.5125507e-03   3.4050000e+03
   7.5097824e-03   3.4200000e+03
   9.2234155e-03   3.4350000e+03
   8.0574853e-03   3.4500000e+03
   7.4804085e-03   3.4650000e+03
   8.5494611e-03   3.4800000e+03
   9.2126215e-03   3.4950000e+03
   7.6536271e-03   3.5100000e+03
   4.2960732e-03   3.5250000e+03
   3.1967102e-05   3.5400000e+03
  -5.7145925e-03   3.5550000e+03
  -1.3528809e-02   3.5700000e+03
  -2.1062886e-02   3.5850000e+03
  -2.3249017e-02   3.6000000e+03
  -1.6594265e-02   3.6150000e+03
  -3.1952045e-03   3.6300000e+03
   1.0206619e-02   3.6450000e+03
   1.7561292e-02   3.6600000e+03
   1.7726433e-02   3.6750000e+03
   1.3364242e-02   3.6900000e+03
   6.7720558e-03   3.7050000e+03
  -1.4981847e-03   3.7200000e+03
  -9.7815106e-03   3.7350000e+03
  -1.3510088e-02   3.7500000e+03
  -8.9430530e-03   3.7650000e+03
   1.3658541e-03   3.7800000e+03
   9.1052577e-03   3.7950000e+03
   7.5549358e-03   3.8100000e+03
  -2.2620398e-03   3.8250000e+03
  -1.3148959e-02   3.8400000e+03
  -1.8183235e-02   3.8550000e+03
  -1.4915715e-02   3.8700000e+03
  -5.1878714e-03   3.8850000e+03
   6.4532054e-03   3.9000000e+03
   1.4247991e-02   3.9150000e+03
   1.3973702e-02   3.9300000e+03
   6.2098713e-03   3.9450000e+03
  -3.6983581e-03   3.9600000e+03
  -1.0080897e-02   3.9750000e+03
  -1.1263089e-02   3.9900000e+03
  -9.2556374e-03   4.0050000e+03
  -6.2986254e-03   4.0200000e+03
  -3.0952876e-03   4.0350000e+03
  -3.0320280e-05   4.0500000e+03
   1.7286957e-03   4.0650000e+03
   1.2785946e-03   4.0800000e+03
  -7.1965612e-04   4.0950000e+03
  -2.8116168e-03   4.1100000e+03
  -4.6012006e-03   4.1250000e+03
  -6.9767628e-03   4.1400000e+03
  -1.0332053e-02   4.1550000e+03
  -1.3267199e-02   4.1700000e+03
  -1.3696202e-02   4.1850000e+03
  -1.1129837e-02   4.2000000e+03
  -7.2603943e-03   4.2150000e+03
  -3.9934637e-03   4.2300000e+03
  -1.3487805e-03   4.2450000e+03
   1.9739904e-03   4.2600000e+03
   5.8948561e-03   4.2750000e+03
   7.6758047e-03   4.2900000e+03
   4.2681452e-03   4.3050000e+03
  -3.9610481e-03   4.3200000e+03
  -1.2449232e-02   4.3350000e+03
  -1.5881965e-02   4.3500000e+03
  -1.2512013e-02   4.3650000e+03
  -5.2025211e-03   4.3800000e+03
   1.3319763e-03   4.3950000e+03
   4.0269764e-03   4.4100000e+03
   2.8166324e-03   4.4250000e+03
  -2.8899431e-04   4.4400000e+03
  -2.7658069e-03   4.4550000e+03
  -2.7404625e-03   4.4700000e+03
   2.1039596e-04   4.4850000e+03
   4.7381734e-03   4.5000000e+03
