  -1.3171702e-04   0.0000000e+00
  -1.3178274e-04   1.5000000e+01
  -1.3191930e-04   3.0000000e+01
  -1.3219033e-04   4.5000000e+01
  -1.3283834e-04   6.0000000e+01
  -1.3407026e-04   7.5000000e+01
  -1.3603062e-04   9.0000000e+01
  -1.3885119e-04   1.0500000e+02
  -1.4248058e-04   1.2000000e+02
  -1.4663792e-04   1.3500000e+02
  -1.5114193e-04   1.5000000e+02
  -1.5614051e-04   1.6500000e+02
  -1.6188569e-04   1.8000000e+02
  -1.6846093e-04   1.9500000e+02
  -1.7573430e-04   2.1000000e+02
  -1.8333130e-04   2.2500000e+02
  -1.9075406e-04   2.4000000e+02
  -1.9770677e-04   2.5500000e+02
  -2.0423476e-04   2.7000000e+02
  -2.1074298e-04   2.8500000e+02
  -2.1798469e-04   3.0000000e+02
  -2.2668045e-04   3.1500000e+02
  -2.3694179e-04   3.3000000e+02
  -2.4823984e-04   3.4500000e+02
  -2.5994336e-04   3.6000000e+02
  -2.7182171e-04   3.7500000e+02
  -2.8405030e-04   3.9000000e+02
  -2.9676725e-04   4.0500000e+02
  -3.0964764e-04   4.2000000e+02
  -3.2215289e-04   4.3500000e+02
  -3.3442094e-04   4.5000000e+02
  -3.4792919e-04   4.6500000e+02
  -3.6568727e-04   4.8000000e+02
  -3.9246943e-04   4.9500000e+02
  -4.3482613e-04   5.1000000e+02
  -4.9942412e-04   5.2500000e+02
  -5.8856641e-04   5.4000000e+02
  -6.9398445e-04   5.5500000e+02
  -7.9399516e-04   5.7000000e+02
  -8.6056232e-04   5.8500000e+02
  -8.7661872e-04   6.0000000e+02
  -8.5265312e-04   6.1500000e+02
  -8.2507916e-04   6.3000000e+02
  -8.2933641e-04   6.4500000e+02
  -8.6702692e-04   6.6000000e+02
  -9.0092001e-04   6.7500000e+02
  -8.8764349e-04   6.9000000e+02
  -8.1566646e-04   7.0500000e+02
  -7.0831814e-04   7.2000000e+02
  -5.9366651e-04   7.3500000e+02
  -4.8414286e-04   7.5000000e+02
  -3.9104215e-04   7.6500000e+02
  -3.4329150e-04   7.8000000e+02
  -3.6903139e-04   7.9500000e+02
  -4.5681582e-04   8.1000000e+02
  -5.5485935e-04   8.2500000e+02
  -6.1884860e-04   8.4000000e+02
  -6.4648845e-04   8.5500000e+02
  -6.5612042e-04   8.7000000e+02
  -6.5362017e-04   8.8500000e+02
  -6.4399932e-04   9.0000000e+02
  -6.5691635e-04   9.1500000e+02
  -7.2188239e-04   9.3000000e+02
  -8.1970100e-04   9.4500000e+02
  -8.9466869e-04   9.6000000e+02
  -9.2086126e-04   9.7500000e+02
  -9.2621124e-04   9.9000000e+02
  -9.4798295e-04   1.0050000e+03
  -9.9590851e-04   1.0200000e+03
  -1.0609030e-03   1.0350000e+03
  -1.1269782e-03   1.0500000e+03
  -1.1728422e-03   1.0650000e+03
  -1.1926816e-03   1.0800000e+03
  -1.2138470e-03   1.0950000e+03
  -1.2653185e-03   1.1100000e+03
  -1.3343769e-03   1.1250000e+03
  -1.3820162e-03   1.1400000e+03
  -1.3937579e-03   1.1550000e+03
  -1.3881887e-03   1.1700000e+03
  -1.3794571e-03   1.1850000e+03
  -1.3563057e-03   1.2000000e+03
  -1.3041594e-03   1.2150000e+03
  -1.2335177e-03   1.2300000e+03
  -1.1740661e-03   1.2450000e+03
  -1.1417245e-03   1.2600000e+03
  -1.1207366e-03   1.2750000e+03
  -1.0786392e-03   1.2900000e+03
  -9.8625396e-04   1.3050000e+03
  -8.2105602e-04   1.3200000e+03
  -5.7134422e-04   1.3350000e+03
  -2.5178675e-04   1.3500000e+03
   9.9135148e-05   1.3650000e+03
   4.5847718e-04   1.3800000e+03
   8.5604488e-04   1.3950000e+03
   1.3586554e-03   1.4100000e+03
   2.0123511e-03   1.4250000e+03
   2.8077613e-03   1.4400000e+03
   3.7090299e-03   1.4550000e+03
   4.7136568e-03   1.4700000e+03
   5.8769528e-03   1.4850000e+03
   7.2775767e-03   1.5000000e+03
   8.9666164e-03   1.5150000e+03
   1.0957250e-02   1.5300000e+03
   1.3264422e-02   1.5450000e+03
   1.5949355e-02   1.5600000e+03
   1.9118968e-02   1.5750000e+03
   2.2881273e-02   1.5900000e+03
   2.7311303e-02   1.6050000e+03
   3.2471266e-02   1.6200000e+03
   3.8458548e-02   1.6350000e+03
   4.5419514e-02   1.6500000e+03
   5.3523351e-02   1.6650000e+03
   6.2954962e-02   1.6800000e+03
   7.3947579e-02   1.6950000e+03
   8.6783186e-02   1.7100000e+03
   1.0169244e-01   1.7250000e+03
   1.1870027e-01   1.7400000e+03
   1.3753316e-01   1.7550000e+03
   1.5764251e-01   1.7700000e+03
   1.7831209e-01   1.7850000e+03
   1.9881685e-01   1.8000000e+03
   2.1862675e-01   1.8150000e+03
   2.3760436e-01   1.8300000e+03
   2.5606716e-01   1.8450000e+03
   2.7459216e-01   1.8600000e+03
   2.9356793e-01   1.8750000e+03
   3.1267449e-01   1.8900000e+03
   3.3058783e-01   1.9050000e+03
   3.4514332e-01   1.9200000e+03
   3.5393369e-01   1.9350000e+03
   3.5501811e-01   1.9500000e+03
   3.4736824e-01   1.9650000e+03
   3.3094835e-01   1.9800000e+03
   3.0663553e-01   1.9950000e+03
   2.7618155e-01   2.0100000e+03
   2.4212773e-01   2.0250000e+03
   2.0742366e-01   2.0400000e+03
   1.7473960e-01   2.0550000e+03
   1.4584322e-01   2.0700000e+03
   1.2142139e-01   2.0850000e+03
   1.0129040e-01   2.1000000e+03
   8.4592514e-02   2.1150000e+03
   6.9808371e-02   2.1300000e+03
   5.4925781e-02   2.1450000e+03
   3.8120035e-02   2.1600000e+03
   1.8670192e-02   2.1750000e+03
  -2.6277364e-03   2.1900000e+03
  -2.3903016e-02   2.2050000e+03
  -4.3075107e-02   2.2200000e+03
  -5.8491066e-02   2.2350000e+03
  -6.9161408e-02   2.2500000e+03
  -7.4826039e-02   2.2650000e+03
  -7.5972378e-02   2.2800000e+03
  -7.3699676e-02   2.2950000e+03
  -6.9400772e-02   2.3100000e+03
  -6.4420737e-02   2.3250000e+03
  -5.9818666e-02   2.3400000e+03
  -5.6219958e-02   2.3550000e+03
  -5.3756759e-02   2.3700000e+03
  -5.2159343e-02   2.3850000e+03
  -5.0974574e-02   2.4000000e+03
  -4.9764264e-02   2.4150000e+03
  -4.8195533e-02   2.4300000e+03
  -4.6080600e-02   2.4450000e+03
  -4.3421168e-02   2.4600000e+03
  -4.0411204e-02   2.4750000e+03
  -3.7359141e-02   2.4900000e+03
  -3.4586158e-02   2.5050000e+03
  -3.2365043e-02   2.5200000e+03
  -3.0890040e-02   2.5350000e+03
  -3.0254940e-02   2.5500000e+03
  -3.0463116e-02   2.5650000e+03
  -3.1482279e-02   2.5800000e+03
  -3.3292923e-02   2.5950000e+03
  -3.5876870e-02   2.6100000e+03
  -3.9165843e-02   2.6250000e+03
  -4.3014534e-02   2.6400000e+03
  -4.7223017e-02   2.6550000e+03
  -5.1571183e-02   2.6700000e+03
  -5.5822935e-02   2.6850000e+03
  -5.9710145e-02   2.7000000e+03
  -6.2944755e-02   2.7150000e+03
  -6.5280318e-02   2.7300000e+03
  -6.6586643e-02   2.7450000e+03
  -6.6888310e-02   2.7600000e+03
  -6.6355690e-02   2.7750000e+03
  -6.5265149e-02   2.7900000e+03
  -6.3940480e-02   2.8050000e+03
  -6.2686563e-02   2.8200000e+03
  -6.1737716e-02   2.8350000e+03
  -6.1234839e-02   2.8500000e+03
  -6.1217938e-02   2.8650000e+03
  -6.1614856e-02   2.8800000e+03
  -6.2232371e-02   2.8950000e+03
  -6.2776275e-02   2.9100000e+03
  -6.2916070e-02   2.9250000e+03
  -6.2378328e-02   2.9400000e+03
  -6.1030217e-02   2.9550000e+03
  -5.8919106e-02   2.9700000e+03
  -5.6258298e-02   2.9850000e+03
  -5.3370122e-02   3.0000000e+03
  -5.0603691e-02   3.0150000e+03
  -4.8246529e-02   3.0300000e+03
  -4.6456166e-02   3.0450000e+03
  -4.5237813e-02   3.0600000e+03
  -4.4472102e-02   3.0750000e+03
  -4.3968633e-02   3.0900000e+03
  -4.3515824e-02   3.1050000e+03
  -4.2918056e-02   3.1200000e+03
  -4.2028997e-02   3.1350000e+03
  -4.0783677e-02   3.1500000e+03
  -3.9213214e-02   3.1650000e+03
  -3.7423491e-02   3.1800000e+03
  -3.5543177e-02   3.1950000e+03
  -3.3673026e-02   3.2100000e+03
  -3.1867605e-02   3.2250000e+03
  -3.0154062e-02   3.2400000e+03
  -2.8566575e-02   3.2550000e+03
  -2.7168611e-02   3.2700000e+03
  -2.6046928e-02   3.2850000e+03
  -2.5280794e-02   3.3000000e+03
  -2.4905466e-02   3.3150000e+03
  -2.4892045e-02   3.3300000e+03
  -2.5154283e-02   3.3450000e+03
  -2.5574997e-02   3.3600000e+03
  -2.6035687e-02   3.3750000e+03
  -2.6439132e-02   3.3900000e+03
  -2.6725614e-02   3.4050000e+03
  -2.6884565e-02   3.4200000e+03
  -2.6955826e-02   3.4350000e+03
  -2.7012525e-02   3.4500000e+03
  -2.7127860e-02   3.4650000e+03
  -2.7340973e-02   3.4800000e+03
  -2.7637213e-02   3.4950000e+03
  -2.7946478e-02   3.5100000e+03
  -2.8154317e-02   3.5250000e+03
  -2.8122280e-02   3.5400000e+03
  -2.7718261e-02   3.5550000e+03
  -2.6853142e-02   3.5700000e+03
  -2.5509629e-02   3.5850000e+03
  -2.3746837e-02   3.6000000e+03
  -2.1677064e-02   3.6150000e+03
  -1.9429302e-02   3.6300000e+03
  -1.7120520e-02   3.6450000e+03
  -1.4845552e-02   3.6600000e+03
  -1.2680892e-02   3.6750000e+03
  -1.0691212e-02   3.6900000e+03
  -8.9322804e-03   3.7050000e+03
  -7.4518556e-03   3.7200000e+03
  -6.2924442e-03   3.7350000e+03
  -5.4955152e-03   3.7500000e+03
  -5.1020049e-03   3.7650000e+03
  -5.1451656e-03   3.7800000e+03
  -5.6388029e-03   3.7950000e+03
  -6.5693017e-03   3.8100000e+03
  -7.8967754e-03   3.8250000e+03
  -9.5615452e-03   3.8400000e+03
  -1.1487918e-02   3.8550000e+03
  -1.3583326e-02   3.8700000e+03
  -1.5739571e-02   3.8850000e+03
  -1.7842306e-02   3.9000000e+03
  -1.9785557e-02   3.9150000e+03
  -2.1482212e-02   3.9300000e+03
  -2.2866961e-02   3.9450000e+03
  -2.3897065e-02   3.9600000e+03
  -2.4556395e-02   3.9750000e+03
  -2.4860423e-02   3.9900000e+03
  -2.4854703e-02   4.0050000e+03
  -2.4603652e-02   4.0200000e+03
  -2.4174089e-02   4.0350000e+03
  -2.3620505e-02   4.0500000e+03
  -2.2975953e-02   4.0650000e+03
  -2.2248985e-02   4.0800000e+03
  -2.1426819e-02   4.0950000e+03
  -2.0485332e-02   4.1100000e+03
  -1.9404409e-02   4.1250000e+03
  -1.8182851e-02   4.1400000e+03
  -1.6844157e-02   4.1550000e+03
  -1.5427942e-02   4.1700000e+03
  -1.3970714e-02   4.1850000e+03
  -1.2487887e-02   4.2000000e+03
  -1.0968396e-02   4.2150000e+03
  -9.3840063e-03   4.2300000e+03
  -7.7059250e-03   4.2450000e+03
  -5.9190243e-03   4.2600000e+03
  -4.0287902e-03   4.2750000e+03
  -2.0615121e-03   4.2900000e+03
  -6.0296632e-05   4.3050000e+03
   1.9211953e-03   4.3200000e+03
   3.8262932e-03   4.3350000e+03
   5.6030774e-03   4.3500000e+03
   7.2105397e-03   4.3650000e+03
   8.6207874e-03   4.3800000e+03
   9.8159900e-03   4.3950000e+03
   1.0781992e-02   4.4100000e+03
   1.1503342e-02   4.4250000e+03
   1.1963657e-02   4.4400000e+03
   1.2151139e-02   4.4550000e+03
   1.2065602e-02   4.4700000e+03
   1.1723714e-02   4.4850000e+03
   1.1161135e-02   4.5000000e+03
