  -1.1254718e-03   0.0000000e+00
  -1.1255438e-03   1.5000000e+01
  -1.1256847e-03   3.0000000e+01
  -1.1258122e-03   4.5000000e+01
  -1.1259688e-03   6.0000000e+01
  -1.1261912e-03   7.5000000e+01
  -1.1264995e-03   9.0000000e+01
  -1.1270336e-03   1.0500000e+02
  -1.1278813e-03   1.2000000e+02
  -1.1288786e-03   1.3500000e+02
  -1.1298510e-03   1.5000000e+02
  -1.1308381e-03   1.6500000e+02
  -1.1319236e-03   1.8000000e+02
  -1.1330739e-03   1.9500000e+02
  -1.1342444e-03   2.1000000e+02
  -1.1354166e-03   2.2500000e+02
  -1.1365900e-03   2.4000000e+02
  -1.1377663e-03   2.5500000e+02
  -1.1389363e-03   2.7000000e+02
  -1.1400955e-03   2.8500000e+02
  -1.1413366e-03   3.0000000e+02
  -1.1428077e-03   3.1500000e+02
  -1.1445547e-03   3.3000000e+02
  -1.1464820e-03   3.4500000e+02
  -1.1484892e-03   3.6000000e+02
  -1.1505833e-03   3.7500000e+02
  -1.1527948e-03   3.9000000e+02
  -1.1550940e-03   4.0500000e+02
  -1.1573931e-03   4.2000000e+02
  -1.1594695e-03   4.3500000e+02
  -1.1608810e-03   4.5000000e+02
  -1.1608702e-03   4.6500000e+02
  -1.1579585e-03   4.8000000e+02
  -1.1491905e-03   4.9500000e+02
  -1.1298758e-03   5.1000000e+02
  -1.0951816e-03   5.2500000e+02
  -1.0440538e-03   5.4000000e+02
  -9.8388642e-04   5.5500000e+02
  -9.3207054e-04   5.7000000e+02
  -9.0997538e-04   5.8500000e+02
  -9.2906103e-04   6.0000000e+02
  -9.7792549e-04   6.1500000e+02
  -1.0243622e-03   6.3000000e+02
  -1.0368383e-03   6.4500000e+02
  -1.0094193e-03   6.6000000e+02
  -9.6428045e-04   6.7500000e+02
  -9.2448777e-04   6.9000000e+02
  -8.8444992e-04   7.0500000e+02
  -8.1488380e-04   7.2000000e+02
  -7.0149050e-04   7.3500000e+02
  -5.7228596e-04   7.5000000e+02
  -4.7814418e-04   7.6500000e+02
  -4.4862449e-04   7.8000000e+02
  -4.7504599e-04   7.9500000e+02
  -5.3298625e-04   8.1000000e+02
  -6.0446025e-04   8.2500000e+02
  -6.7231641e-04   8.4000000e+02
  -7.1222120e-04   8.5500000e+02
  -7.1160821e-04   8.7000000e+02
  -6.9202069e-04   8.8500000e+02
  -6.9300144e-04   9.0000000e+02
  -7.3087541e-04   9.1500000e+02
  -7.8660814e-04   9.3000000e+02
  -8.3400263e-04   9.4500000e+02
  -8.6332217e-04   9.6000000e+02
  -8.7580224e-04   9.7500000e+02
  -8.7553874e-04   9.9000000e+02
  -8.7520760e-04   1.0050000e+03
  -8.9213916e-04   1.0200000e+03
  -9.2708936e-04   1.0350000e+03
  -9.5949852e-04   1.0500000e+03
  -9.7358489e-04   1.0650000e+03
  -9.7834214e-04   1.0800000e+03
  -9.9282595e-04   1.0950000e+03
  -1.0210937e-03   1.1100000e+03
  -1.0508456e-03   1.1250000e+03
  -1.0705247e-03   1.1400000e+03
  -1.0793824e-03   1.1550000e+03
  -1.0832413e-03   1.1700000e+03
  -1.0865576e-03   1.1850000e+03
  -1.0895684e-03   1.2000000e+03
  -1.0916304e-03   1.2150000e+03
  -1.0968475e-03   1.2300000e+03
  -1.1149730e-03   1.2450000e+03
  -1.1539693e-03   1.2600000e+03
  -1.2109587e-03   1.2750000e+03
  -1.2720255e-03   1.2900000e+03
  -1.3207515e-03   1.3050000e+03
  -1.3462200e-03   1.3200000e+03
  -1.3474250e-03   1.3350000e+03
  -1.3371288e-03   1.3500000e+03
  -1.3390643e-03   1.3650000e+03
  -1.3696735e-03   1.3800000e+03
  -1.4182299e-03   1.3950000e+03
  -1.4539808e-03   1.4100000e+03
  -1.4593573e-03   1.4250000e+03
  -1.4503850e-03   1.4400000e+03
  -1.4585083e-03   1.4550000e+03
  -1.4962718e-03   1.4700000e+03
  -1.5459862e-03   1.4850000e+03
  -1.5800727e-03   1.5000000e+03
  -1.5887737e-03   1.5150000e+03
  -1.5878229e-03   1.5300000e+03
  -1.6000043e-03   1.5450000e+03
  -1.6303164e-03   1.5600000e+03
  -1.6622830e-03   1.5750000e+03
  -1.6798982e-03   1.5900000e+03
  -1.6877026e-03   1.6050000e+03
  -1.7026431e-03   1.6200000e+03
  -1.7293737e-03   1.6350000e+03
  -1.7542314e-03   1.6500000e+03
  -1.7660168e-03   1.6650000e+03
  -1.7720043e-03   1.6800000e+03
  -1.7855874e-03   1.6950000e+03
  -1.8059852e-03   1.7100000e+03
  -1.8213845e-03   1.7250000e+03
  -1.8282413e-03   1.7400000e+03
  -1.8348978e-03   1.7550000e+03
  -1.8458187e-03   1.7700000e+03
  -1.8539304e-03   1.7850000e+03
  -1.8520727e-03   1.8000000e+03
  -1.8427842e-03   1.8150000e+03
  -1.8319767e-03   1.8300000e+03
  -1.8200242e-03   1.8450000e+03
  -1.8044043e-03   1.8600000e+03
  -1.7860746e-03   1.8750000e+03
  -1.7675355e-03   1.8900000e+03
  -1.7471802e-03   1.9050000e+03
  -1.7202416e-03   1.9200000e+03
  -1.6840931e-03   1.9350000e+03
  -1.6392925e-03   1.9500000e+03
  -1.5863881e-03   1.9650000e+03
  -1.5245503e-03   1.9800000e+03
  -1.4525939e-03   1.9950000e+03
  -1.3687297e-03   2.0100000e+03
  -1.2696888e-03   2.0250000e+03
  -1.1523401e-03   2.0400000e+03
  -1.0159292e-03   2.0550000e+03
  -8.6092530e-04   2.0700000e+03
  -6.8607298e-04   2.0850000e+03
  -4.8795392e-04   2.1000000e+03
  -2.6243561e-04   2.1150000e+03
  -4.6723471e-06   2.1300000e+03
   2.9185595e-04   2.1450000e+03
   6.3488027e-04   2.1600000e+03
   1.0321621e-03   2.1750000e+03
   1.4917441e-03   2.1900000e+03
   2.0227793e-03   2.2050000e+03
   2.6349812e-03   2.2200000e+03
   3.3378941e-03   2.2350000e+03
   4.1426984e-03   2.2500000e+03
   5.0656875e-03   2.2650000e+03
   6.1294436e-03   2.2800000e+03
   7.3605506e-03   2.2950000e+03
   8.7873358e-03   2.3100000e+03
   1.0440714e-02   2.3250000e+03
   1.2357017e-02   2.3400000e+03
   1.4579785e-02   2.3550000e+03
   1.7159162e-02   2.3700000e+03
   2.0150239e-02   2.3850000e+03
   2.3612713e-02   2.4000000e+03
   2.7612684e-02   2.4150000e+03
   3.2224212e-02   2.4300000e+03
   3.7527129e-02   2.4450000e+03
   4.3600146e-02   2.4600000e+03
   5.0511684e-02   2.4750000e+03
   5.8310851e-02   2.4900000e+03
   6.7019254e-02   2.5050000e+03
   7.6623984e-02   2.5200000e+03
   8.7074064e-02   2.5350000e+03
   9.8282993e-02   2.5500000e+03
   1.1013681e-01   2.5650000e+03
   1.2250163e-01   2.5800000e+03
   1.3522226e-01   2.5950000e+03
   1.4810625e-01   2.6100000e+03
   1.6089457e-01   2.6250000e+03
   1.7322713e-01   2.6400000e+03
   1.8461846e-01   2.6550000e+03
   1.9446295e-01   2.6700000e+03
   2.0208721e-01   2.6850000e+03
   2.0685339e-01   2.7000000e+03
   2.0829503e-01   2.7150000e+03
   2.0624124e-01   2.7300000e+03
   2.0087650e-01   2.7450000e+03
   1.9270240e-01   2.7600000e+03
   1.8240832e-01   2.7750000e+03
   1.7069991e-01   2.7900000e+03
   1.5815012e-01   2.8050000e+03
   1.4512514e-01   2.8200000e+03
   1.3180308e-01   2.8350000e+03
   1.1826497e-01   2.8500000e+03
   1.0460700e-01   2.8650000e+03
   9.1016032e-02   2.8800000e+03
   7.7771299e-02   2.8950000e+03
   6.5178715e-02   2.9100000e+03
   5.3484011e-02   2.9250000e+03
   4.2820808e-02   2.9400000e+03
   3.3221215e-02   2.9550000e+03
   2.4669262e-02   2.9700000e+03
   1.7150113e-02   2.9850000e+03
   1.0661384e-02   3.0000000e+03
   5.1906602e-03   3.0150000e+03
   6.8811385e-04   3.0300000e+03
  -2.9427402e-03   3.0450000e+03
  -5.8334991e-03   3.0600000e+03
  -8.1284652e-03   3.0750000e+03
  -9.9629471e-03   3.0900000e+03
  -1.1453257e-02   3.1050000e+03
  -1.2705341e-02   3.1200000e+03
  -1.3835292e-02   3.1350000e+03
  -1.4979453e-02   3.1500000e+03
  -1.6274417e-02   3.1650000e+03
  -1.7811732e-02   3.1800000e+03
  -1.9596633e-02   3.1950000e+03
  -2.1540539e-02   3.2100000e+03
  -2.3493377e-02   3.2250000e+03
  -2.5296036e-02   3.2400000e+03
  -2.6825858e-02   3.2550000e+03
  -2.8020581e-02   3.2700000e+03
  -2.8882710e-02   3.2850000e+03
  -2.9470634e-02   3.3000000e+03
  -2.9875815e-02   3.3150000e+03
  -3.0185195e-02   3.3300000e+03
  -3.0443376e-02   3.3450000e+03
  -3.0640781e-02   3.3600000e+03
  -3.0737244e-02   3.3750000e+03
  -3.0696806e-02   3.3900000e+03
  -3.0500412e-02   3.4050000e+03
  -3.0133387e-02   3.4200000e+03
  -2.9576251e-02   3.4350000e+03
  -2.8819105e-02   3.4500000e+03
  -2.7884774e-02   3.4650000e+03
  -2.6832214e-02   3.4800000e+03
  -2.5735576e-02   3.4950000e+03
  -2.4661912e-02   3.5100000e+03
  -2.3667410e-02   3.5250000e+03
  -2.2806516e-02   3.5400000e+03
  -2.2133362e-02   3.5550000e+03
  -2.1686178e-02   3.5700000e+03
  -2.1466509e-02   3.5850000e+03
  -2.1432055e-02   3.6000000e+03
  -2.1508947e-02   3.6150000e+03
  -2.1611560e-02   3.6300000e+03
  -2.1654939e-02   3.6450000e+03
  -2.1558350e-02   3.6600000e+03
  -2.1250708e-02   3.6750000e+03
  -2.0684259e-02   3.6900000e+03
  -1.9848408e-02   3.7050000e+03
  -1.8771023e-02   3.7200000e+03
  -1.7505448e-02   3.7350000e+03
  -1.6112937e-02   3.7500000e+03
  -1.4648817e-02   3.7650000e+03
  -1.3152380e-02   3.7800000e+03
  -1.1639036e-02   3.7950000e+03
  -1.0099344e-02   3.8100000e+03
  -8.5108066e-03   3.8250000e+03
  -6.8594981e-03   3.8400000e+03
  -5.1590581e-03   3.8550000e+03
  -3.4562487e-03   3.8700000e+03
  -1.8229951e-03   3.8850000e+03
  -3.4279251e-04   3.9000000e+03
   9.0268505e-04   3.9150000e+03
   1.8469371e-03   3.9300000e+03
   2.4523714e-03   3.9450000e+03
   2.7195320e-03   3.9600000e+03
   2.6847632e-03   3.9750000e+03
   2.4057534e-03   3.9900000e+03
   1.9437404e-03   4.0050000e+03
   1.3526365e-03   4.0200000e+03
   6.7768147e-04   4.0350000e+03
  -4.1128667e-05   4.0500000e+03
  -7.6497422e-04   4.0650000e+03
  -1.4517580e-03   4.0800000e+03
  -2.0531476e-03   4.0950000e+03
  -2.5201505e-03   4.1100000e+03
  -2.8218657e-03   4.1250000e+03
  -2.9691013e-03   4.1400000e+03
  -3.0247306e-03   4.1550000e+03
  -3.0895602e-03   4.1700000e+03
  -3.2700463e-03   4.1850000e+03
  -3.6439381e-03   4.2000000e+03
  -4.2349710e-03   4.2150000e+03
  -5.0003733e-03   4.2300000e+03
  -5.8360887e-03   4.2450000e+03
  -6.6072550e-03   4.2600000e+03
  -7.2017969e-03   4.2750000e+03
  -7.5861150e-03   4.2900000e+03
  -7.8332052e-03   4.3050000e+03
  -8.1070997e-03   4.3200000e+03
  -8.6116334e-03   4.3350000e+03
  -9.5261168e-03   4.3500000e+03
  -1.0949699e-02   4.3650000e+03
  -1.2870443e-02   4.3800000e+03
  -1.5170288e-02   4.3950000e+03
  -1.7667085e-02   4.4100000e+03
  -2.0176891e-02   4.4250000e+03
  -2.2566456e-02   4.4400000e+03
  -2.4772041e-02   4.4550000e+03
  -2.6782738e-02   4.4700000e+03
  -2.8605642e-02   4.4850000e+03
  -3.0234847e-02   4.5000000e+03
