   2.6679300e-03   0.0000000e+00
   2.6719933e-03   1.5000000e+01
   2.6847355e-03   3.0000000e+01
   2.7077105e-03   4.5000000e+01
   2.7423163e-03   6.0000000e+01
   2.7901477e-03   7.5000000e+01
   2.8543968e-03   9.0000000e+01
   2.9394617e-03   1.0500000e+02
   3.0498055e-03   1.2000000e+02
   3.1898532e-03   1.3500000e+02
   3.3646054e-03   1.5000000e+02
   3.5824201e-03   1.6500000e+02
   3.8576589e-03   1.8000000e+02
   4.2081573e-03   1.9500000e+02
   4.6527814e-03   2.1000000e+02
   5.2157436e-03   2.2500000e+02
   5.9319614e-03   2.4000000e+02
   6.8467879e-03   2.5500000e+02
   8.0139488e-03   2.7000000e+02
   9.5013222e-03   2.8500000e+02
   1.1404186e-02   3.0000000e+02
   1.3844646e-02   3.1500000e+02
   1.6942710e-02   3.3000000e+02
   2.0787381e-02   3.4500000e+02
   2.5448704e-02   3.6000000e+02
   3.1025466e-02   3.7500000e+02
   3.7685469e-02   3.9000000e+02
   4.5656994e-02   4.0500000e+02
   5.5148333e-02   4.2000000e+02
   6.6235252e-02   4.3500000e+02
   7.8831866e-02   4.5000000e+02
   9.2831448e-02   4.6500000e+02
   1.0838441e-01   4.8000000e+02
   1.2613134e-01   4.9500000e+02
   1.4708702e-01   5.1000000e+02
   1.7204602e-01   5.2500000e+02
   2.0090121e-01   5.4000000e+02
   2.3257491e-01   5.5500000e+02
   2.6581943e-01   5.7000000e+02
   3.0013821e-01   5.8500000e+02
   3.3567655e-01   6.0000000e+02
   3.7222543e-01   6.1500000e+02
   4.0900627e-01   6.3000000e+02
   4.4575194e-01   6.4500000e+02
   4.8300916e-01   6.6000000e+02
   5.2029502e-01   6.7500000e+02
   5.5429262e-01   6.9000000e+02
   5.7979089e-01   7.0500000e+02
   5.9259742e-01   7.2000000e+02
   5.9133488e-01   7.3500000e+02
   5.7650441e-01   7.5000000e+02
   5.4845798e-01   7.6500000e+02
   5.0724316e-01   7.8000000e+02
   4.5451298e-01   7.9500000e+02
   3.9458013e-01   8.1000000e+02
   3.3304572e-01   8.2500000e+02
   2.7456239e-01   8.4000000e+02
   2.2178616e-01   8.5500000e+02
   1.7604823e-01   8.7000000e+02
   1.3843074e-01   8.8500000e+02
   1.0958412e-01   9.0000000e+02
   8.8882633e-02   9.1500000e+02
   7.4672192e-02   9.3000000e+02
   6.5251566e-02   9.4500000e+02
   5.9207216e-02   9.6000000e+02
   5.5196334e-02   9.7500000e+02
   5.1735435e-02   9.9000000e+02
   4.7175966e-02   1.0050000e+03
   4.0191133e-02   1.0200000e+03
   3.0367242e-02   1.0350000e+03
   1.8045273e-02   1.0500000e+03
   3.7969071e-03   1.0650000e+03
  -1.1794006e-02   1.0800000e+03
  -2.8259046e-02   1.0950000e+03
  -4.5312215e-02   1.1100000e+03
  -6.2696293e-02   1.1250000e+03
  -8.0074891e-02   1.1400000e+03
  -9.7051345e-02   1.1550000e+03
  -1.1322505e-01   1.1700000e+03
  -1.2831055e-01   1.1850000e+03
  -1.4216712e-01   1.2000000e+03
  -1.5473460e-01   1.2150000e+03
  -1.6607620e-01   1.2300000e+03
  -1.7639852e-01   1.2450000e+03
  -1.8591775e-01   1.2600000e+03
  -1.9476727e-01   1.2750000e+03
  -2.0302829e-01   1.2900000e+03
  -2.1076314e-01   1.3050000e+03
  -2.1799532e-01   1.3200000e+03
  -2.2468819e-01   1.3350000e+03
  -2.3078674e-01   1.3500000e+03
  -2.3628551e-01   1.3650000e+03
  -2.4123152e-01   1.3800000e+03
  -2.4567913e-01   1.3950000e+03
  -2.4966934e-01   1.4100000e+03
  -2.5323009e-01   1.4250000e+03
  -2.5635394e-01   1.4400000e+03
  -2.5895494e-01   1.4550000e+03
  -2.6085407e-01   1.4700000e+03
  -2.6181984e-01   1.4850000e+03
  -2.6162627e-01   1.5000000e+03
  -2.6007742e-01   1.5150000e+03
  -2.5700238e-01   1.5300000e+03
  -2.5226039e-01   1.5450000e+03
  -2.4576591e-01   1.5600000e+03
  -2.3750634e-01   1.5750000e+03
  -2.2753859e-01   1.5900000e+03
  -2.1598543e-01   1.6050000e+03
  -2.0305058e-01   1.6200000e+03
  -1.8903990e-01   1.6350000e+03
  -1.7436531e-01   1.6500000e+03
  -1.5952133e-01   1.6650000e+03
  -1.4503846e-01   1.6800000e+03
  -1.3141844e-01   1.6950000e+03
  -1.1906148e-01   1.7100000e+03
  -1.0820700e-01   1.7250000e+03
  -9.8909289e-02   1.7400000e+03
  -9.1055684e-02   1.7550000e+03
  -8.4417678e-02   1.7700000e+03
  -7.8712590e-02   1.7850000e+03
  -7.3650382e-02   1.8000000e+03
  -6.8951868e-02   1.8150000e+03
  -6.4345263e-02   1.8300000e+03
  -5.9561715e-02   1.8450000e+03
  -5.4346111e-02   1.8600000e+03
  -4.8484102e-02   1.8750000e+03
  -4.1831046e-02   1.8900000e+03
  -3.4326501e-02   1.9050000e+03
  -2.5992496e-02   1.9200000e+03
  -1.6932255e-02   1.9350000e+03
  -7.3439465e-03   1.9500000e+03
   2.4630148e-03   1.9650000e+03
   1.2085145e-02   1.9800000e+03
   2.1096312e-02   1.9950000e+03
   2.9146237e-02   2.0100000e+03
   3.6025204e-02   2.0250000e+03
   4.1654881e-02   2.0400000e+03
   4.6025280e-02   2.0550000e+03
   4.9137309e-02   2.0700000e+03
   5.0990127e-02   2.0850000e+03
   5.1599801e-02   2.1000000e+03
   5.1012170e-02   2.1150000e+03
   4.9299274e-02   2.1300000e+03
   4.6561815e-02   2.1450000e+03
   4.2950425e-02   2.1600000e+03
   3.8680870e-02   2.1750000e+03
   3.4011513e-02   2.1900000e+03
   2.9195957e-02   2.2050000e+03
   2.4461996e-02   2.2200000e+03
   2.0038389e-02   2.2350000e+03
   1.6180318e-02   2.2500000e+03
   1.3127985e-02   2.2650000e+03
   1.1007407e-02   2.2800000e+03
   9.7636934e-03   2.2950000e+03
   9.1983257e-03   2.3100000e+03
   9.0764062e-03   2.3250000e+03
   9.2033586e-03   2.3400000e+03
   9.4217723e-03   2.3550000e+03
   9.5782671e-03   2.3700000e+03
   9.5315296e-03   2.3850000e+03
   9.1993138e-03   2.4000000e+03
   8.5807107e-03   2.4150000e+03
   7.7204276e-03   2.4300000e+03
   6.6543575e-03   2.4450000e+03
   5.3912466e-03   2.4600000e+03
   3.9333692e-03   2.4750000e+03
   2.2997588e-03   2.4900000e+03
   5.3476641e-04   2.5050000e+03
  -1.2835867e-03   2.5200000e+03
  -3.0304710e-03   2.5350000e+03
  -4.5389617e-03   2.5500000e+03
  -5.6349938e-03   2.5650000e+03
  -6.1746649e-03   2.5800000e+03
  -6.0482649e-03   2.5950000e+03
  -5.1587094e-03   2.6100000e+03
  -3.4163645e-03   2.6250000e+03
  -7.6816475e-04   2.6400000e+03
   2.7683787e-03   2.6550000e+03
   7.0992978e-03   2.6700000e+03
   1.2069192e-02   2.6850000e+03
   1.7468300e-02   2.7000000e+03
   2.3028588e-02   2.7150000e+03
   2.8435487e-02   2.7300000e+03
   3.3369441e-02   2.7450000e+03
   3.7555713e-02   2.7600000e+03
   4.0791865e-02   2.7750000e+03
   4.2947903e-02   2.7900000e+03
   4.3957703e-02   2.8050000e+03
   4.3816291e-02   2.8200000e+03
   4.2579748e-02   2.8350000e+03
   4.0356774e-02   2.8500000e+03
   3.7289843e-02   2.8650000e+03
   3.3537239e-02   2.8800000e+03
   2.9269110e-02   2.8950000e+03
   2.4674771e-02   2.9100000e+03
   1.9960873e-02   2.9250000e+03
   1.5325673e-02   2.9400000e+03
   1.0922482e-02   2.9550000e+03
   6.8404609e-03   2.9700000e+03
   3.1117203e-03   2.9850000e+03
  -2.7448678e-04   3.0000000e+03
  -3.3688955e-03   3.0150000e+03
  -6.2625050e-03   3.0300000e+03
  -9.0669021e-03   3.0450000e+03
  -1.1868299e-02   3.0600000e+03
  -1.4679307e-02   3.0750000e+03
  -1.7424932e-02   3.0900000e+03
  -1.9979423e-02   3.1050000e+03
  -2.2232072e-02   3.1200000e+03
  -2.4136480e-02   3.1350000e+03
  -2.5713565e-02   3.1500000e+03
  -2.7019933e-02   3.1650000e+03
  -2.8118774e-02   3.1800000e+03
  -2.9078472e-02   3.1950000e+03
  -2.9992299e-02   3.2100000e+03
  -3.0991932e-02   3.2250000e+03
  -3.2230761e-02   3.2400000e+03
  -3.3835221e-02   3.2550000e+03
  -3.5850134e-02   3.2700000e+03
  -3.8216889e-02   3.2850000e+03
  -4.0805142e-02   3.3000000e+03
  -4.3479256e-02   3.3150000e+03
  -4.6153888e-02   3.3300000e+03
  -4.8803255e-02   3.3450000e+03
  -5.1426079e-02   3.3600000e+03
  -5.4000407e-02   3.3750000e+03
  -5.6464683e-02   3.3900000e+03
  -5.8735374e-02   3.4050000e+03
  -6.0740557e-02   3.4200000e+03
  -6.2439207e-02   3.4350000e+03
  -6.3815042e-02   3.4500000e+03
  -6.4861678e-02   3.4650000e+03
  -6.5582536e-02   3.4800000e+03
  -6.6008247e-02   3.4950000e+03
  -6.6210315e-02   3.5100000e+03
  -6.6291429e-02   3.5250000e+03
  -6.6356607e-02   3.5400000e+03
  -6.6486299e-02   3.5550000e+03
  -6.6725083e-02   3.5700000e+03
  -6.7081228e-02   3.5850000e+03
  -6.7527212e-02   3.6000000e+03
  -6.8001054e-02   3.6150000e+03
  -6.8415582e-02   3.6300000e+03
  -6.8676516e-02   3.6450000e+03
  -6.8701163e-02   3.6600000e+03
  -6.8429857e-02   3.6750000e+03
  -6.7829274e-02   3.6900000e+03
  -6.6888392e-02   3.7050000e+03
  -6.5604761e-02   3.7200000e+03
  -6.3963629e-02   3.7350000e+03
  -6.1923970e-02   3.7500000e+03
  -5.9427533e-02   3.7650000e+03
  -5.6428693e-02   3.7800000e+03
  -5.2922186e-02   3.7950000e+03
  -4.8948009e-02   3.8100000e+03
  -4.4576768e-02   3.8250000e+03
  -3.9896734e-02   3.8400000e+03
  -3.5015970e-02   3.8550000e+03
  -3.0071242e-02   3.8700000e+03
  -2.5226738e-02   3.8850000e+03
  -2.0656707e-02   3.9000000e+03
  -1.6520446e-02   3.9150000e+03
  -1.2940075e-02   3.9300000e+03
  -9.9846218e-03   3.9450000e+03
  -7.6611410e-03   3.9600000e+03
  -5.9171626e-03   3.9750000e+03
  -4.6585039e-03   3.9900000e+03
  -3.7779766e-03   4.0050000e+03
  -3.1822193e-03   4.0200000e+03
  -2.8063317e-03   4.0350000e+03
  -2.6156553e-03   4.0500000e+03
  -2.5989932e-03   4.0650000e+03
  -2.7549723e-03   4.0800000e+03
  -3.0725629e-03   4.0950000e+03
  -3.5136212e-03   4.1100000e+03
  -4.0103346e-03   4.1250000e+03
  -4.4823983e-03   4.1400000e+03
  -4.8623746e-03   4.1550000e+03
  -5.1103788e-03   4.1700000e+03
  -5.2091097e-03   4.1850000e+03
  -5.1465570e-03   4.2000000e+03
  -4.9003363e-03   4.2150000e+03
  -4.4319918e-03   4.2300000e+03
  -3.6913271e-03   4.2450000e+03
  -2.6273215e-03   4.2600000e+03
  -1.2021858e-03   4.2750000e+03
   5.9562351e-04   4.2900000e+03
   2.7445927e-03   4.3050000e+03
   5.1926523e-03   4.3200000e+03
   7.8672888e-03   4.3350000e+03
   1.0688121e-02   4.3500000e+03
   1.3577825e-02   4.3650000e+03
   1.6470511e-02   4.3800000e+03
   1.9317944e-02   4.3950000e+03
   2.2092856e-02   4.4100000e+03
   2.4788136e-02   4.4250000e+03
   2.7412266e-02   4.4400000e+03
   2.9982654e-02   4.4550000e+03
   3.2517448e-02   4.4700000e+03
   3.5025392e-02   4.4850000e+03
   3.7495442e-02   4.5000000e+03
