  -8.6271251e-03   0.0000000e+00
  -8.6269919e-03   1.5000000e+01
  -8.6267199e-03   3.0000000e+01
  -8.6271539e-03   4.5000000e+01
  -8.6304210e-03   6.0000000e+01
  -8.6383466e-03   7.5000000e+01
  -8.6499359e-03   9.0000000e+01
  -8.6624175e-03   1.0500000e+02
  -8.6744307e-03   1.2000000e+02
  -8.6880736e-03   1.3500000e+02
  -8.7075699e-03   1.5000000e+02
  -8.7349033e-03   1.6500000e+02
  -8.7690474e-03   1.8000000e+02
  -8.8100852e-03   1.9500000e+02
  -8.8603767e-03   2.1000000e+02
  -8.9216456e-03   2.2500000e+02
  -8.9922510e-03   2.4000000e+02
  -9.0667056e-03   2.5500000e+02
  -9.1394363e-03   2.7000000e+02
  -9.2086419e-03   2.8500000e+02
  -9.2744147e-03   3.0000000e+02
  -9.3366439e-03   3.1500000e+02
  -9.3971081e-03   3.3000000e+02
  -9.4600460e-03   3.4500000e+02
  -9.5298588e-03   3.6000000e+02
  -9.6101044e-03   3.7500000e+02
  -9.7029004e-03   3.9000000e+02
  -9.8077729e-03   4.0500000e+02
  -9.9234311e-03   4.2000000e+02
  -1.0050190e-02   4.3500000e+02
  -1.0187278e-02   4.5000000e+02
  -1.0330225e-02   4.6500000e+02
  -1.0475556e-02   4.8000000e+02
  -1.0626391e-02   4.9500000e+02
  -1.0789208e-02   5.1000000e+02
  -1.0965334e-02   5.2500000e+02
  -1.1151276e-02   5.4000000e+02
  -1.1350229e-02   5.5500000e+02
  -1.1574799e-02   5.7000000e+02
  -1.1831435e-02   5.8500000e+02
  -1.2112240e-02   6.0000000e+02
  -1.2410909e-02   6.1500000e+02
  -1.2733652e-02   6.3000000e+02
  -1.3084630e-02   6.4500000e+02
  -1.3459805e-02   6.6000000e+02
  -1.3867077e-02   6.7500000e+02
  -1.4328220e-02   6.9000000e+02
  -1.4850321e-02   7.0500000e+02
  -1.5420114e-02   7.2000000e+02
  -1.6026668e-02   7.3500000e+02
  -1.6667109e-02   7.5000000e+02
  -1.7340787e-02   7.6500000e+02
  -1.8049764e-02   7.8000000e+02
  -1.8787108e-02   7.9500000e+02
  -1.9520283e-02   8.1000000e+02
  -2.0177606e-02   8.2500000e+02
  -2.0596083e-02   8.4000000e+02
  -2.0394163e-02   8.5500000e+02
  -1.8708298e-02   8.7000000e+02
  -1.3655477e-02   8.8500000e+02
  -1.4543702e-03   9.0000000e+02
   2.4590069e-02   9.1500000e+02
   7.4493773e-02   9.3000000e+02
   1.5974663e-01   9.4500000e+02
   2.8706062e-01   9.6000000e+02
   4.4725055e-01   9.7500000e+02
   6.0394645e-01   9.9000000e+02
   6.9343281e-01   1.0050000e+03
   6.4756161e-01   1.0200000e+03
   4.3790451e-01   1.0350000e+03
   1.1419392e-01   1.0500000e+03
  -2.0296212e-01   1.0650000e+03
  -3.8890237e-01   1.0800000e+03
  -3.9770073e-01   1.0950000e+03
  -2.8674912e-01   1.1100000e+03
  -1.5673515e-01   1.1250000e+03
  -6.9773026e-02   1.1400000e+03
  -3.0143587e-02   1.1550000e+03
  -2.7300052e-02   1.1700000e+03
  -6.1638832e-02   1.1850000e+03
  -1.1831604e-01   1.2000000e+03
  -1.5301681e-01   1.2150000e+03
  -1.3710412e-01   1.2300000e+03
  -9.6226133e-02   1.2450000e+03
  -6.9094814e-02   1.2600000e+03
  -4.6987824e-02   1.2750000e+03
   1.4434126e-03   1.2900000e+03
   5.9584823e-02   1.3050000e+03
   7.3239170e-02   1.3200000e+03
   3.1789511e-02   1.3350000e+03
  -1.5998323e-02   1.3500000e+03
  -3.5494119e-02   1.3650000e+03
  -4.3742336e-02   1.3800000e+03
  -6.1000567e-02   1.3950000e+03
  -7.3292196e-02   1.4100000e+03
  -6.1445598e-02   1.4250000e+03
  -2.9654887e-02   1.4400000e+03
   9.7617982e-03   1.4550000e+03
   4.9492523e-02   1.4700000e+03
   7.5466111e-02   1.4850000e+03
   6.9414467e-02   1.5000000e+03
   3.3392332e-02   1.5150000e+03
  -5.9426026e-03   1.5300000e+03
  -2.3113148e-02   1.5450000e+03
  -1.4339862e-02   1.5600000e+03
   5.1246826e-03   1.5750000e+03
   1.5053450e-02   1.5900000e+03
   5.9433477e-03   1.6050000e+03
  -1.1309028e-02   1.6200000e+03
  -1.4674802e-02   1.6350000e+03
   4.9745571e-03   1.6500000e+03
   3.1999946e-02   1.6650000e+03
   4.0941406e-02   1.6800000e+03
   2.0705419e-02   1.6950000e+03
  -1.6956216e-02   1.7100000e+03
  -4.9193211e-02   1.7250000e+03
  -6.0001727e-02   1.7400000e+03
  -4.8892044e-02   1.7550000e+03
  -2.5892729e-02   1.7700000e+03
  -1.4139741e-03   1.7850000e+03
   1.8474149e-02   1.8000000e+03
   3.1098818e-02   1.8150000e+03
   3.6462203e-02   1.8300000e+03
   3.6645271e-02   1.8450000e+03
   3.2571863e-02   1.8600000e+03
   2.2596447e-02   1.8750000e+03
   7.1633495e-03   1.8900000e+03
  -7.4582621e-03   1.9050000e+03
  -1.3827143e-02   1.9200000e+03
  -1.0215181e-02   1.9350000e+03
  -3.0687344e-04   1.9500000e+03
   1.1319605e-02   1.9650000e+03
   2.0022495e-02   1.9800000e+03
   2.0006299e-02   1.9950000e+03
   7.9021296e-03   2.0100000e+03
  -1.1310405e-02   2.0250000e+03
  -2.5340132e-02   2.0400000e+03
  -2.4181010e-02   2.0550000e+03
  -7.8601586e-03   2.0700000e+03
   1.6234608e-02   2.0850000e+03
   4.1001108e-02   2.1000000e+03
   6.1600592e-02   2.1150000e+03
   7.2550841e-02   2.1300000e+03
   6.9192648e-02   2.1450000e+03
   5.3817667e-02   2.1600000e+03
   3.6244672e-02   2.1750000e+03
   2.5271252e-02   2.1900000e+03
   2.0771338e-02   2.2050000e+03
   1.5438244e-02   2.2200000e+03
   2.6576589e-03   2.2350000e+03
  -1.8503316e-02   2.2500000e+03
  -4.3506116e-02   2.2650000e+03
  -6.4037882e-02   2.2800000e+03
  -7.0206575e-02   2.2950000e+03
  -5.5561289e-02   2.3100000e+03
  -2.3101227e-02   2.3250000e+03
   1.4398348e-02   2.3400000e+03
   4.2088769e-02   2.3550000e+03
   5.2138478e-02   2.3700000e+03
   4.6126906e-02   2.3850000e+03
   3.0220196e-02   2.4000000e+03
   9.1877664e-03   2.4150000e+03
  -1.5530379e-02   2.4300000e+03
  -4.3374453e-02   2.4450000e+03
  -7.0965089e-02   2.4600000e+03
  -9.0871952e-02   2.4750000e+03
  -9.4702490e-02   2.4900000e+03
  -7.8749254e-02   2.5050000e+03
  -4.7594115e-02   2.5200000e+03
  -1.2085643e-02   2.5350000e+03
   1.7235704e-02   2.5500000e+03
   3.6052670e-02   2.5650000e+03
   4.6801168e-02   2.5800000e+03
   5.3935364e-02   2.5950000e+03
   5.8644142e-02   2.6100000e+03
   5.7701379e-02   2.6250000e+03
   4.6842698e-02   2.6400000e+03
   2.5196172e-02   2.6550000e+03
  -2.5480716e-03   2.6700000e+03
  -2.6950032e-02   2.6850000e+03
  -3.7123989e-02   2.7000000e+03
  -2.6239241e-02   2.7150000e+03
   2.6799934e-03   2.7300000e+03
   3.5468113e-02   2.7450000e+03
   5.3653054e-02   2.7600000e+03
   4.5967031e-02   2.7750000e+03
   1.5502154e-02   2.7900000e+03
  -2.3075322e-02   2.8050000e+03
  -5.2859709e-02   2.8200000e+03
  -6.3058868e-02   2.8350000e+03
  -5.2510254e-02   2.8500000e+03
  -2.8959876e-02   2.8650000e+03
  -5.0147334e-03   2.8800000e+03
   8.5196588e-03   2.8950000e+03
   8.5052606e-03   2.9100000e+03
  -2.5027103e-04   2.9250000e+03
  -1.0611170e-02   2.9400000e+03
  -1.8931504e-02   2.9550000e+03
  -2.5736826e-02   2.9700000e+03
  -3.2194655e-02   2.9850000e+03
  -3.7209667e-02   3.0000000e+03
  -3.7526708e-02   3.0150000e+03
  -2.9483261e-02   3.0300000e+03
  -1.1163849e-02   3.0450000e+03
   1.4896307e-02   3.0600000e+03
   4.0079895e-02   3.0750000e+03
   5.2868269e-02   3.0900000e+03
   4.6912074e-02   3.1050000e+03
   2.6980286e-02   3.1200000e+03
   5.5051022e-03   3.1350000e+03
  -7.9573132e-03   3.1500000e+03
  -1.3659578e-02   3.1650000e+03
  -1.8316280e-02   3.1800000e+03
  -2.6431875e-02   3.1950000e+03
  -3.5928480e-02   3.2100000e+03
  -4.0966365e-02   3.2250000e+03
  -3.7073266e-02   3.2400000e+03
  -2.3930037e-02   3.2550000e+03
  -5.6359274e-03   3.2700000e+03
   1.0627558e-02   3.2850000e+03
   1.8008575e-02   3.3000000e+03
   1.4469870e-02   3.3150000e+03
   4.3410850e-03   3.3300000e+03
  -5.4568183e-03   3.3450000e+03
  -1.1086596e-02   3.3600000e+03
  -1.3606781e-02   3.3750000e+03
  -1.5738498e-02   3.3900000e+03
  -1.7868510e-02   3.4050000e+03
  -1.7408475e-02   3.4200000e+03
  -1.1366335e-02   3.4350000e+03
   7.2083023e-04   3.4500000e+03
   1.5736947e-02   3.4650000e+03
   2.8389560e-02   3.4800000e+03
   3.4237143e-02   3.4950000e+03
   3.2248709e-02   3.5100000e+03
   2.4690066e-02   3.5250000e+03
   1.4377639e-02   3.5400000e+03
   2.1352144e-03   3.5550000e+03
  -1.2849348e-02   3.5700000e+03
  -3.0352689e-02   3.5850000e+03
  -4.7307950e-02   3.6000000e+03
  -5.8980815e-02   3.6150000e+03
  -6.2012743e-02   3.6300000e+03
  -5.6445211e-02   3.6450000e+03
  -4.5089908e-02   3.6600000e+03
  -3.1222921e-02   3.6750000e+03
  -1.6888909e-02   3.6900000e+03
  -3.0312540e-03   3.7050000e+03
   9.3974974e-03   3.7200000e+03
   1.8930482e-02   3.7350000e+03
   2.4110738e-02   3.7500000e+03
   2.4205828e-02   3.7650000e+03
   1.9501364e-02   3.7800000e+03
   1.1418981e-02   3.7950000e+03
   2.5388130e-03   3.8100000e+03
  -4.1039865e-03   3.8250000e+03
  -6.5825703e-03   3.8400000e+03
  -5.2371500e-03   3.8550000e+03
  -2.1385583e-03   3.8700000e+03
   6.0990039e-04   3.8850000e+03
   1.9655263e-03   3.9000000e+03
   1.7124256e-03   3.9150000e+03
  -1.1637757e-04   3.9300000e+03
  -3.1257381e-03   3.9450000e+03
  -5.9935506e-03   3.9600000e+03
  -6.3793678e-03   3.9750000e+03
  -1.7820843e-03   3.9900000e+03
   8.8996179e-03   4.0050000e+03
   2.3933997e-02   4.0200000e+03
   3.8722295e-02   4.0350000e+03
   4.7994949e-02   4.0500000e+03
   4.9228255e-02   4.0650000e+03
   4.4549819e-02   4.0800000e+03
   3.9125122e-02   4.0950000e+03
   3.7038647e-02   4.1100000e+03
   3.8016178e-02   4.1250000e+03
   3.7635956e-02   4.1400000e+03
   3.0802265e-02   4.1550000e+03
   1.5847987e-02   4.1700000e+03
  -3.6789635e-03   4.1850000e+03
  -2.0861501e-02   4.2000000e+03
  -2.9724170e-02   4.2150000e+03
  -2.8973270e-02   4.2300000e+03
  -2.2342069e-02   4.2450000e+03
  -1.5278390e-02   4.2600000e+03
  -1.0769791e-02   4.2750000e+03
  -7.8704488e-03   4.2900000e+03
  -4.0036305e-03   4.3050000e+03
   1.4449629e-03   4.3200000e+03
   5.9003686e-03   4.3350000e+03
   5.9427470e-03   4.3500000e+03
   7.7418238e-04   4.3650000e+03
  -6.7492719e-03   4.3800000e+03
  -1.2493198e-02   4.3950000e+03
  -1.4286125e-02   4.4100000e+03
  -1.2792071e-02   4.4250000e+03
  -9.5643457e-03   4.4400000e+03
  -4.9370844e-03   4.4550000e+03
   1.6234537e-03   4.4700000e+03
   9.1953417e-03   4.4850000e+03
   1.4240667e-02   4.5000000e+03
