   5.5724848e-03   0.0000000e+00
   5.5713058e-03   1.5000000e+01
   5.5678394e-03   3.0000000e+01
   5.5622323e-03   4.5000000e+01
   5.5544716e-03   6.0000000e+01
   5.5442839e-03   7.5000000e+01
   5.5314130e-03   9.0000000e+01
   5.5159926e-03   1.0500000e+02
   5.4985913e-03   1.2000000e+02
   5.4796641e-03   1.3500000e+02
   5.4586763e-03   1.5000000e+02
   5.4336693e-03   1.6500000e+02
   5.4007019e-03   1.8000000e+02
   5.3490466e-03   1.9500000e+02
   5.2476036e-03   2.1000000e+02
   5.0299959e-03   2.2500000e+02
   4.6097250e-03   2.4000000e+02
   3.9600809e-03   2.5500000e+02
   3.2255168e-03   2.7000000e+02
   2.7215222e-03   2.8500000e+02
   2.7058683e-03   3.0000000e+02
   3.0780968e-03   3.1500000e+02
   3.3981807e-03   3.3000000e+02
   3.3371125e-03   3.4500000e+02
   3.0538852e-03   3.6000000e+02
   2.9551098e-03   3.7500000e+02
   3.1269479e-03   3.9000000e+02
   3.2592167e-03   4.0500000e+02
   3.1549432e-03   4.2000000e+02
   3.0054140e-03   4.3500000e+02
   3.0277206e-03   4.5000000e+02
   3.1204529e-03   4.6500000e+02
   3.0910047e-03   4.8000000e+02
   2.9883902e-03   4.9500000e+02
   2.9671714e-03   5.1000000e+02
   3.0010326e-03   5.2500000e+02
   2.9662934e-03   5.4000000e+02
   2.8758007e-03   5.5500000e+02
   2.8268916e-03   5.7000000e+02
   2.8154266e-03   5.8500000e+02
   2.7685876e-03   6.0000000e+02
   2.6917006e-03   6.1500000e+02
   2.6438609e-03   6.3000000e+02
   2.6195988e-03   6.4500000e+02
   2.5702869e-03   6.6000000e+02
   2.4970081e-03   6.7500000e+02
   2.4254099e-03   6.9000000e+02
   2.3326906e-03   7.0500000e+02
   2.1736254e-03   7.2000000e+02
   1.9358360e-03   7.3500000e+02
   1.6237739e-03   7.5000000e+02
   1.2424925e-03   7.6500000e+02
   8.4241549e-04   7.8000000e+02
   5.4023811e-04   7.9500000e+02
   4.5033885e-04   8.1000000e+02
   5.9211388e-04   8.2500000e+02
   8.5590262e-04   8.4000000e+02
   1.0477749e-03   8.5500000e+02
   1.0092315e-03   8.7000000e+02
   7.5691694e-04   8.8500000e+02
   5.0015567e-04   9.0000000e+02
   4.6008016e-04   9.1500000e+02
   6.5106963e-04   9.3000000e+02
   8.8196073e-04   9.4500000e+02
   9.9881343e-04   9.6000000e+02
   1.0885199e-03   9.7500000e+02
   1.3958649e-03   9.9000000e+02
   2.0674258e-03   1.0050000e+03
   3.0681307e-03   1.0200000e+03
   4.3911543e-03   1.0350000e+03
   6.2781870e-03   1.0500000e+03
   9.1573810e-03   1.0650000e+03
   1.3431967e-02   1.0800000e+03
   1.9479910e-02   1.0950000e+03
   2.7886052e-02   1.1100000e+03
   3.9557327e-02   1.1250000e+03
   5.5579159e-02   1.1400000e+03
   7.7111922e-02   1.1550000e+03
   1.0555452e-01   1.1700000e+03
   1.4274053e-01   1.1850000e+03
   1.9084470e-01   1.2000000e+03
   2.5202751e-01   1.2150000e+03
   3.2793775e-01   1.2300000e+03
   4.1889083e-01   1.2450000e+03
   5.2252340e-01   1.2600000e+03
   6.3224459e-01   1.2750000e+03
   7.3624134e-01   1.2900000e+03
   8.1776559e-01   1.3050000e+03
   8.5723680e-01   1.3200000e+03
   8.3642393e-01   1.3350000e+03
   7.4417007e-01   1.3500000e+03
   5.8182317e-01   1.3650000e+03
   3.6572966e-01   1.3800000e+03
   1.2475754e-01   1.3950000e+03
  -1.0724593e-01   1.4100000e+03
  -3.0172053e-01   1.4250000e+03
  -4.4425231e-01   1.4400000e+03
  -5.3793943e-01   1.4550000e+03
  -5.9952044e-01   1.4700000e+03
  -6.5002954e-01   1.4850000e+03
  -7.0430553e-01   1.5000000e+03
  -7.6397884e-01   1.5150000e+03
  -8.1680202e-01   1.5300000e+03
  -8.4237045e-01   1.5450000e+03
  -8.2142866e-01   1.5600000e+03
  -7.4424285e-01   1.5750000e+03
  -6.1413991e-01   1.5900000e+03
  -4.4536161e-01   1.6050000e+03
  -2.5796473e-01   1.6200000e+03
  -7.3655836e-02   1.6350000e+03
   8.6064607e-02   1.6500000e+03
   2.0177191e-01   1.6650000e+03
   2.6082399e-01   1.6800000e+03
   2.6371396e-01   1.6950000e+03
   2.2656670e-01   1.7100000e+03
   1.7530082e-01   1.7250000e+03
   1.3353193e-01   1.7400000e+03
   1.1209022e-01   1.7550000e+03
   1.0703387e-01   1.7700000e+03
   1.0626699e-01   1.7850000e+03
   9.8948419e-02   1.8000000e+03
   8.1527509e-02   1.8150000e+03
   5.8035091e-02   1.8300000e+03
   3.5984930e-02   1.8450000e+03
   2.1003125e-02   1.8600000e+03
   1.3572906e-02   1.8750000e+03
   9.9889925e-03   1.8900000e+03
   6.4247632e-03   1.9050000e+03
   2.1246311e-03   1.9200000e+03
  -1.2946031e-03   1.9350000e+03
  -2.9760681e-03   1.9500000e+03
  -4.2405035e-03   1.9650000e+03
  -6.7494512e-03   1.9800000e+03
  -1.0253839e-02   1.9950000e+03
  -1.3004936e-02   2.0100000e+03
  -1.4037430e-02   2.0250000e+03
  -1.4205191e-02   2.0400000e+03
  -1.4937242e-02   2.0550000e+03
  -1.6649032e-02   2.0700000e+03
  -1.8578237e-02   2.0850000e+03
  -1.9634422e-02   2.1000000e+03
  -1.9083906e-02   2.1150000e+03
  -1.6838744e-02   2.1300000e+03
  -1.3599613e-02   2.1450000e+03
  -1.0643465e-02   2.1600000e+03
  -9.0801306e-03   2.1750000e+03
  -9.1297273e-03   2.1900000e+03
  -1.0070795e-02   2.2050000e+03
  -1.0740468e-02   2.2200000e+03
  -1.0052751e-02   2.2350000e+03
  -7.3487964e-03   2.2500000e+03
  -2.6219455e-03   2.2650000e+03
   3.5306253e-03   2.2800000e+03
   1.0294349e-02   2.2950000e+03
   1.6997155e-02   2.3100000e+03
   2.3102317e-02   2.3250000e+03
   2.8041113e-02   2.3400000e+03
   3.1260647e-02   2.3550000e+03
   3.2413419e-02   2.3700000e+03
   3.1379864e-02   2.3850000e+03
   2.8161015e-02   2.4000000e+03
   2.2917788e-02   2.4150000e+03
   1.6139248e-02   2.4300000e+03
   8.6442214e-03   2.4450000e+03
   1.3353195e-03   2.4600000e+03
  -5.0496794e-03   2.4750000e+03
  -9.9996207e-03   2.4900000e+03
  -1.3183950e-02   2.5050000e+03
  -1.4449286e-02   2.5200000e+03
  -1.3876659e-02   2.5350000e+03
  -1.1821539e-02   2.5500000e+03
  -8.8665942e-03   2.5650000e+03
  -5.6590186e-03   2.5800000e+03
  -2.6728457e-03   2.5950000e+03
  -2.3477241e-05   2.6100000e+03
   2.5329201e-03   2.6250000e+03
   5.4112631e-03   2.6400000e+03
   8.9581599e-03   2.6550000e+03
   1.3296615e-02   2.6700000e+03
   1.8267609e-02   2.6850000e+03
   2.3407008e-02   2.7000000e+03
   2.7948780e-02   2.7150000e+03
   3.0917345e-02   2.7300000e+03
   3.1343076e-02   2.7450000e+03
   2.8540833e-02   2.7600000e+03
   2.2347251e-02   2.7750000e+03
   1.3241126e-02   2.7900000e+03
   2.3064793e-03   2.8050000e+03
  -8.9832731e-03   2.8200000e+03
  -1.9131476e-02   2.8350000e+03
  -2.7017329e-02   2.8500000e+03
  -3.2160349e-02   2.8650000e+03
  -3.4738619e-02   2.8800000e+03
  -3.5375010e-02   2.8950000e+03
  -3.4803435e-02   2.9100000e+03
  -3.3549767e-02   2.9250000e+03
  -3.1738251e-02   2.9400000e+03
  -2.9092157e-02   2.9550000e+03
  -2.5128111e-02   2.9700000e+03
  -1.9455418e-02   2.9850000e+03
  -1.2042545e-02   3.0000000e+03
  -3.3401509e-03   3.0150000e+03
   5.7784100e-03   3.0300000e+03
   1.4230944e-02   3.0450000e+03
   2.1016557e-02   3.0600000e+03
   2.5476860e-02   3.0750000e+03
   2.7440196e-02   3.0900000e+03
   2.7219933e-02   3.1050000e+03
   2.5494782e-02   3.1200000e+03
   2.3120020e-02   3.1350000e+03
   2.0918336e-02   3.1500000e+03
   1.9501412e-02   3.1650000e+03
   1.9169440e-02   3.1800000e+03
   1.9905441e-02   3.1950000e+03
   2.1437025e-02   3.2100000e+03
   2.3316085e-02   3.2250000e+03
   2.4984233e-02   3.2400000e+03
   2.5828114e-02   3.2550000e+03
   2.5251597e-02   3.2700000e+03
   2.2784930e-02   3.2850000e+03
   1.8219613e-02   3.3000000e+03
   1.1720493e-02   3.3150000e+03
   3.8492563e-03   3.3300000e+03
  -4.5416332e-03   3.3450000e+03
  -1.2522827e-02   3.3600000e+03
  -1.9324640e-02   3.3750000e+03
  -2.4494056e-02   3.3900000e+03
  -2.7915003e-02   3.4050000e+03
  -2.9712725e-02   3.4200000e+03
  -3.0121904e-02   3.4350000e+03
  -2.9400740e-02   3.4500000e+03
  -2.7822873e-02   3.4650000e+03
  -2.5716394e-02   3.4800000e+03
  -2.3491060e-02   3.4950000e+03
  -2.1615308e-02   3.5100000e+03
  -2.0547442e-02   3.5250000e+03
  -2.0651923e-02   3.5400000e+03
  -2.2128232e-02   3.5550000e+03
  -2.4962695e-02   3.5700000e+03
  -2.8904838e-02   3.5850000e+03
  -3.3473946e-02   3.6000000e+03
  -3.8007602e-02   3.6150000e+03
  -4.1759137e-02   3.6300000e+03
  -4.4031888e-02   3.6450000e+03
  -4.4314925e-02   3.6600000e+03
  -4.2374339e-02   3.6750000e+03
  -3.8269501e-02   3.6900000e+03
  -3.2298245e-02   3.7050000e+03
  -2.4906434e-02   3.7200000e+03
  -1.6605491e-02   3.7350000e+03
  -7.9239747e-03   3.7500000e+03
   6.0831790e-04   3.7650000e+03
   8.4659066e-03   3.7800000e+03
   1.5148974e-02   3.7950000e+03
   2.0233857e-02   3.8100000e+03
   2.3444068e-02   3.8250000e+03
   2.4714192e-02   3.8400000e+03
   2.4214692e-02   3.8550000e+03
   2.2320665e-02   3.8700000e+03
   1.9533500e-02   3.8850000e+03
   1.6384024e-02   3.9000000e+03
   1.3344362e-02   3.9150000e+03
   1.0758304e-02   3.9300000e+03
   8.7884944e-03   3.9450000e+03
   7.3880153e-03   3.9600000e+03
   6.3203466e-03   3.9750000e+03
   5.2454644e-03   3.9900000e+03
   3.8539958e-03   4.0050000e+03
   1.9960064e-03   4.0200000e+03
  -2.4796737e-04   4.0350000e+03
  -2.5694051e-03   4.0500000e+03
  -4.4881217e-03   4.0650000e+03
  -5.4374356e-03   4.0800000e+03
  -4.8677837e-03   4.0950000e+03
  -2.3628806e-03   4.1100000e+03
   2.2525794e-03   4.1250000e+03
   8.8470960e-03   4.1400000e+03
   1.6980853e-02   4.1550000e+03
   2.5965326e-02   4.1700000e+03
   3.4964528e-02   4.1850000e+03
   4.3119155e-02   4.2000000e+03
   4.9676262e-02   4.2150000e+03
   5.4099254e-02   4.2300000e+03
   5.6128912e-02   4.2450000e+03
   5.5783544e-02   4.2600000e+03
   5.3314842e-02   4.2750000e+03
   4.9147371e-02   4.2900000e+03
   4.3814253e-02   4.3050000e+03
   3.7882987e-02   4.3200000e+03
   3.1869084e-02   4.3350000e+03
   2.6154799e-02   4.3500000e+03
   2.0937808e-02   4.3650000e+03
   1.6220579e-02   4.3800000e+03
   1.1833776e-02   4.3950000e+03
   7.4848142e-03   4.4100000e+03
   2.8290229e-03   4.4250000e+03
  -2.4422628e-03   4.4400000e+03
  -8.5150357e-03   4.4550000e+03
  -1.5391859e-02   4.4700000e+03
  -2.2872806e-02   4.4850000e+03
  -3.0579604e-02   4.5000000e+03
