   2.5438955e-03   0.0000000e+00
   2.5431646e-03   1.5000000e+01
   2.5409937e-03   3.0000000e+01
   2.5374696e-03   4.5000000e+01
   2.5327124e-03   6.0000000e+01
   2.5267173e-03   7.5000000e+01
   2.5192949e-03   9.0000000e+01
   2.5102587e-03   1.0500000e+02
   2.4996630e-03   1.2000000e+02
   2.4877132e-03   1.3500000e+02
   2.4744293e-03   1.5000000e+02
   2.4593486e-03   1.6500000e+02
   2.4411001e-03   1.8000000e+02
   2.4154454e-03   1.9500000e+02
   2.3701545e-03   2.1000000e+02
   2.2795533e-03   2.2500000e+02
   2.1107900e-03   2.4000000e+02
   1.8549965e-03   2.5500000e+02
   1.5699082e-03   2.7000000e+02
   1.3785190e-03   2.8500000e+02
   1.3792731e-03   3.0000000e+02
   1.5300090e-03   3.1500000e+02
   1.6575984e-03   3.3000000e+02
   1.6349648e-03   3.4500000e+02
   1.5265511e-03   3.6000000e+02
   1.4916782e-03   3.7500000e+02
   1.5622177e-03   3.9000000e+02
   1.6151845e-03   4.0500000e+02
   1.5738680e-03   4.2000000e+02
   1.5147240e-03   4.3500000e+02
   1.5234610e-03   4.5000000e+02
   1.5599637e-03   4.6500000e+02
   1.5488279e-03   4.8000000e+02
   1.5099274e-03   4.9500000e+02
   1.5037177e-03   5.1000000e+02
   1.5192330e-03   5.2500000e+02
   1.5081886e-03   5.4000000e+02
   1.4762523e-03   5.5500000e+02
   1.4613483e-03   5.7000000e+02
   1.4610213e-03   5.8500000e+02
   1.4466556e-03   6.0000000e+02
   1.4212474e-03   6.1500000e+02
   1.4084640e-03   6.3000000e+02
   1.4053456e-03   6.4500000e+02
   1.3916930e-03   6.6000000e+02
   1.3671916e-03   6.7500000e+02
   1.3404804e-03   6.9000000e+02
   1.2992996e-03   7.0500000e+02
   1.2206759e-03   7.2000000e+02
   1.0937604e-03   7.3500000e+02
   9.1645186e-04   7.5000000e+02
   6.9423806e-04   7.6500000e+02
   4.6349331e-04   7.8000000e+02
   2.9968732e-04   7.9500000e+02
   2.7808821e-04   8.1000000e+02
   4.1549301e-04   8.2500000e+02
   6.4106926e-04   8.4000000e+02
   8.2274101e-04   8.5500000e+02
   8.5114298e-04   8.7000000e+02
   7.3460699e-04   8.8500000e+02
   6.0853915e-04   9.0000000e+02
   6.1591010e-04   9.1500000e+02
   7.6470932e-04   9.3000000e+02
   9.2613575e-04   9.4500000e+02
   9.8932965e-04   9.6000000e+02
   9.9361909e-04   9.7500000e+02
   1.0744079e-03   9.9000000e+02
   1.2922680e-03   1.0050000e+03
   1.5723263e-03   1.0200000e+03
   1.8345289e-03   1.0350000e+03
   2.1266921e-03   1.0500000e+03
   2.5684964e-03   1.0650000e+03
   3.1992435e-03   1.0800000e+03
   3.9673140e-03   1.0950000e+03
   4.8699956e-03   1.1100000e+03
   6.0121254e-03   1.1250000e+03
   7.4940822e-03   1.1400000e+03
   9.3242740e-03   1.1550000e+03
   1.1498429e-02   1.1700000e+03
   1.4099698e-02   1.1850000e+03
   1.7252479e-02   1.2000000e+03
   2.1026377e-02   1.2150000e+03
   2.5456376e-02   1.2300000e+03
   3.0618513e-02   1.2450000e+03
   3.6609147e-02   1.2600000e+03
   4.3470692e-02   1.2750000e+03
   5.1205516e-02   1.2900000e+03
   5.9852093e-02   1.3050000e+03
   6.9496855e-02   1.3200000e+03
   8.0236115e-02   1.3350000e+03
   9.2193350e-02   1.3500000e+03
   1.0557280e-01   1.3650000e+03
   1.2064058e-01   1.3800000e+03
   1.3762400e-01   1.3950000e+03
   1.5660863e-01   1.4100000e+03
   1.7746925e-01   1.4250000e+03
   1.9984008e-01   1.4400000e+03
   2.2315909e-01   1.4550000e+03
   2.4676412e-01   1.4700000e+03
   2.6990616e-01   1.4850000e+03
   2.9160282e-01   1.5000000e+03
   3.1048146e-01   1.5150000e+03
   3.2486197e-01   1.5300000e+03
   3.3315754e-01   1.5450000e+03
   3.3440030e-01   1.5600000e+03
   3.2856947e-01   1.5750000e+03
   3.1650165e-01   1.5900000e+03
   2.9945537e-01   1.6050000e+03
   2.7865997e-01   1.6200000e+03
   2.5512829e-01   1.6350000e+03
   2.2968635e-01   1.6500000e+03
   2.0296283e-01   1.6650000e+03
   1.7524177e-01   1.6800000e+03
   1.4637850e-01   1.6950000e+03
   1.1600660e-01   1.7100000e+03
   8.3975576e-02   1.7250000e+03
   5.0694544e-02   1.7400000e+03
   1.7120142e-02   1.7550000e+03
  -1.5559335e-02   1.7700000e+03
  -4.6266679e-02   1.7850000e+03
  -7.4183650e-02   1.8000000e+03
  -9.8691240e-02   1.8150000e+03
  -1.1923531e-01   1.8300000e+03
  -1.3526908e-01   1.8450000e+03
  -1.4635338e-01   1.8600000e+03
  -1.5235478e-01   1.8750000e+03
  -1.5355164e-01   1.8900000e+03
  -1.5050903e-01   1.9050000e+03
  -1.4382191e-01   1.9200000e+03
  -1.3397516e-01   1.9350000e+03
  -1.2141453e-01   1.9500000e+03
  -1.0666505e-01   1.9650000e+03
  -9.0319075e-02   1.9800000e+03
  -7.2938621e-02   1.9950000e+03
  -5.5039808e-02   2.0100000e+03
  -3.7178539e-02   2.0250000e+03
  -1.9978538e-02   2.0400000e+03
  -4.0071779e-03   2.0550000e+03
   1.0386167e-02   2.0700000e+03
   2.3101591e-02   2.0850000e+03
   3.4178287e-02   2.1000000e+03
   4.3663096e-02   2.1150000e+03
   5.1547036e-02   2.1300000e+03
   5.7768609e-02   2.1450000e+03
   6.2251013e-02   2.1600000e+03
   6.4941525e-02   2.1750000e+03
   6.5819763e-02   2.1900000e+03
   6.4872652e-02   2.2050000e+03
   6.2085461e-02   2.2200000e+03
   5.7483695e-02   2.2350000e+03
   5.1183246e-02   2.2500000e+03
   4.3387059e-02   2.2650000e+03
   3.4341786e-02   2.2800000e+03
   2.4313094e-02   2.2950000e+03
   1.3583883e-02   2.3100000e+03
   2.4324874e-03   2.3250000e+03
  -8.9063654e-03   2.3400000e+03
  -2.0248629e-02   2.3550000e+03
  -3.1431139e-02   2.3700000e+03
  -4.2295530e-02   2.3850000e+03
  -5.2705090e-02   2.4000000e+03
  -6.2556170e-02   2.4150000e+03
  -7.1758881e-02   2.4300000e+03
  -8.0210775e-02   2.4450000e+03
  -8.7792791e-02   2.4600000e+03
  -9.4388507e-02   2.4750000e+03
  -9.9910431e-02   2.4900000e+03
  -1.0431405e-01   2.5050000e+03
  -1.0758632e-01   2.5200000e+03
  -1.0971973e-01   2.5350000e+03
  -1.1070311e-01   2.5500000e+03
  -1.1054049e-01   2.5650000e+03
  -1.0927256e-01   2.5800000e+03
  -1.0697389e-01   2.5950000e+03
  -1.0373115e-01   2.6100000e+03
  -9.9626496e-02   2.6250000e+03
  -9.4737522e-02   2.6400000e+03
  -8.9146875e-02   2.6550000e+03
  -8.2949564e-02   2.6700000e+03
  -7.6252840e-02   2.6850000e+03
  -6.9173016e-02   2.7000000e+03
  -6.1835200e-02   2.7150000e+03
  -5.4373473e-02   2.7300000e+03
  -4.6923414e-02   2.7450000e+03
  -3.9607540e-02   2.7600000e+03
  -3.2524224e-02   2.7750000e+03
  -2.5746871e-02   2.7900000e+03
  -1.9329015e-02   2.8050000e+03
  -1.3308762e-02   2.8200000e+03
  -7.7120587e-03   2.8350000e+03
  -2.5569578e-03   2.8500000e+03
   2.1421250e-03   2.8650000e+03
   6.3730185e-03   2.8800000e+03
   1.0127843e-02   2.8950000e+03
   1.3405726e-02   2.9100000e+03
   1.6212557e-02   2.9250000e+03
   1.8557196e-02   2.9400000e+03
   2.0447902e-02   2.9550000e+03
   2.1893302e-02   2.9700000e+03
   2.2907404e-02   2.9850000e+03
   2.3513345e-02   3.0000000e+03
   2.3741603e-02   3.0150000e+03
   2.3623664e-02   3.0300000e+03
   2.3185872e-02   3.0450000e+03
   2.2447292e-02   3.0600000e+03
   2.1421699e-02   3.0750000e+03
   2.0121075e-02   3.0900000e+03
   1.8558603e-02   3.1050000e+03
   1.6751040e-02   3.1200000e+03
   1.4720832e-02   3.1350000e+03
   1.2497134e-02   3.1500000e+03
   1.0114816e-02   3.1650000e+03
   7.6113511e-03   3.1800000e+03
   5.0221933e-03   3.1950000e+03
   2.3754695e-03   3.2100000e+03
  -3.1250640e-04   3.2250000e+03
  -3.0383845e-03   3.2400000e+03
  -5.8077904e-03   3.2550000e+03
  -8.6272322e-03   3.2700000e+03
  -1.1495732e-02   3.2850000e+03
  -1.4399621e-02   3.3000000e+03
  -1.7311301e-02   3.3150000e+03
  -2.0190910e-02   3.3300000e+03
  -2.2990309e-02   3.3450000e+03
  -2.5659310e-02   3.3600000e+03
  -2.8153200e-02   3.3750000e+03
  -3.0439004e-02   3.3900000e+03
  -3.2498080e-02   3.4050000e+03
  -3.4324456e-02   3.4200000e+03
  -3.5920616e-02   3.4350000e+03
  -3.7292823e-02   3.4500000e+03
  -3.8446918e-02   3.4650000e+03
  -3.9384414e-02   3.4800000e+03
  -4.0099133e-02   3.4950000e+03
  -4.0575791e-02   3.5100000e+03
  -4.0791545e-02   3.5250000e+03
  -4.0719230e-02   3.5400000e+03
  -4.0329456e-02   3.5550000e+03
  -3.9590541e-02   3.5700000e+03
  -3.8468286e-02   3.5850000e+03
  -3.6928006e-02   3.6000000e+03
  -3.4938328e-02   3.6150000e+03
  -3.2474171e-02   3.6300000e+03
  -2.9517632e-02   3.6450000e+03
  -2.6058635e-02   3.6600000e+03
  -2.2097597e-02   3.6750000e+03
  -1.7649772e-02   3.6900000e+03
  -1.2748593e-02   3.7050000e+03
  -7.4459352e-03   3.7200000e+03
  -1.8098323e-03   3.7350000e+03
   4.0781135e-03   3.7500000e+03
   1.0124163e-02   3.7650000e+03
   1.6223168e-02   3.7800000e+03
   2.2260131e-02   3.7950000e+03
   2.8113507e-02   3.8100000e+03
   3.3660136e-02   3.8250000e+03
   3.8781259e-02   3.8400000e+03
   4.3368746e-02   3.8550000e+03
   4.7329992e-02   3.8700000e+03
   5.0589796e-02   3.8850000e+03
   5.3089559e-02   3.9000000e+03
   5.4786880e-02   3.9150000e+03
   5.5658270e-02   3.9300000e+03
   5.5703800e-02   3.9450000e+03
   5.4948978e-02   3.9600000e+03
   5.3440653e-02   3.9750000e+03
   5.1239140e-02   3.9900000e+03
   4.8412185e-02   4.0050000e+03
   4.5033861e-02   4.0200000e+03
   4.1186266e-02   4.0350000e+03
   3.6959637e-02   4.0500000e+03
   3.2449007e-02   4.0650000e+03
   2.7749410e-02   4.0800000e+03
   2.2952508e-02   4.0950000e+03
   1.8145673e-02   4.1100000e+03
   1.3412515e-02   4.1250000e+03
   8.8337911e-03   4.1400000e+03
   4.4877860e-03   4.1550000e+03
   4.4903401e-04   4.1700000e+03
  -3.2154093e-03   4.1850000e+03
  -6.4513516e-03   4.2000000e+03
  -9.2219403e-03   4.2150000e+03
  -1.1509008e-02   4.2300000e+03
  -1.3311579e-02   4.2450000e+03
  -1.4643777e-02   4.2600000e+03
  -1.5533699e-02   4.2750000e+03
  -1.6022447e-02   4.2900000e+03
  -1.6161406e-02   4.3050000e+03
  -1.6007310e-02   4.3200000e+03
  -1.5616852e-02   4.3350000e+03
  -1.5042808e-02   4.3500000e+03
  -1.4332074e-02   4.3650000e+03
  -1.3524916e-02   4.3800000e+03
  -1.2655138e-02   4.3950000e+03
  -1.1751633e-02   4.4100000e+03
  -1.0841018e-02   4.4250000e+03
  -9.9497531e-03   4.4400000e+03
  -9.1045257e-03   4.4550000e+03
  -8.3314413e-03   4.4700000e+03
  -7.6556397e-03   4.4850000e+03
  -7.1018152e-03   4.5000000e+03
