  -8.5286086e-04   0.0000000e+00
  -8.5291290e-04   1.5000000e+01
  -8.5303065e-04   3.0000000e+01
  -8.5314561e-04   4.5000000e+01
  -8.5324649e-04   6.0000000e+01
  -8.5331831e-04   7.5000000e+01
  -8.5335167e-04   9.0000000e+01
  -8.5341750e-04   1.0500000e+02
  -8.5358147e-04   1.2000000e+02
  -8.5379247e-04   1.3500000e+02
  -8.5396803e-04   1.5000000e+02
  -8.5410592e-04   1.6500000e+02
  -8.5421023e-04   1.8000000e+02
  -8.5423642e-04   1.9500000e+02
  -8.5417717e-04   2.1000000e+02
  -8.5409114e-04   2.2500000e+02
  -8.5406197e-04   2.4000000e+02
  -8.5415138e-04   2.5500000e+02
  -8.5434853e-04   2.7000000e+02
  -8.5457938e-04   2.8500000e+02
  -8.5476704e-04   3.0000000e+02
  -8.5488503e-04   3.1500000e+02
  -8.5494819e-04   3.3000000e+02
  -8.5498893e-04   3.4500000e+02
  -8.5504621e-04   3.6000000e+02
  -8.5515407e-04   3.7500000e+02
  -8.5531251e-04   3.9000000e+02
  -8.5549406e-04   4.0500000e+02
  -8.5568917e-04   4.2000000e+02
  -8.5580739e-04   4.3500000e+02
  -8.5545419e-04   4.5000000e+02
  -8.5368159e-04   4.6500000e+02
  -8.4853719e-04   4.8000000e+02
  -8.3636871e-04   4.9500000e+02
  -8.1165438e-04   5.1000000e+02
  -7.6869864e-04   5.2500000e+02
  -7.0596905e-04   5.4000000e+02
  -6.3154410e-04   5.5500000e+02
  -5.6516723e-04   5.7000000e+02
  -5.3158408e-04   5.8500000e+02
  -5.4470793e-04   6.0000000e+02
  -5.9263920e-04   6.1500000e+02
  -6.3963974e-04   6.3000000e+02
  -6.5055885e-04   6.4500000e+02
  -6.1974517e-04   6.6000000e+02
  -5.7453336e-04   6.7500000e+02
  -5.4468540e-04   6.9000000e+02
  -5.2847044e-04   7.0500000e+02
  -4.9593602e-04   7.2000000e+02
  -4.2841106e-04   7.3500000e+02
  -3.4628893e-04   7.5000000e+02
  -2.8938917e-04   7.6500000e+02
  -2.7568199e-04   7.8000000e+02
  -2.9164227e-04   7.9500000e+02
  -3.2016879e-04   8.1000000e+02
  -3.5882491e-04   8.2500000e+02
  -4.0332333e-04   8.4000000e+02
  -4.3285877e-04   8.5500000e+02
  -4.3194595e-04   8.7000000e+02
  -4.1750746e-04   8.8500000e+02
  -4.2215889e-04   9.0000000e+02
  -4.5288907e-04   9.1500000e+02
  -4.8678584e-04   9.3000000e+02
  -5.0661701e-04   9.4500000e+02
  -5.1750086e-04   9.6000000e+02
  -5.2605371e-04   9.7500000e+02
  -5.2838214e-04   9.9000000e+02
  -5.2647112e-04   1.0050000e+03
  -5.3330901e-04   1.0200000e+03
  -5.5163895e-04   1.0350000e+03
  -5.6700606e-04   1.0500000e+03
  -5.7062868e-04   1.0650000e+03
  -5.7190401e-04   1.0800000e+03
  -5.8107462e-04   1.0950000e+03
  -5.9489260e-04   1.1100000e+03
  -6.0575810e-04   1.1250000e+03
  -6.1262224e-04   1.1400000e+03
  -6.1757257e-04   1.1550000e+03
  -6.2043476e-04   1.1700000e+03
  -6.2087917e-04   1.1850000e+03
  -6.2087306e-04   1.2000000e+03
  -6.2272436e-04   1.2150000e+03
  -6.2760216e-04   1.2300000e+03
  -6.3732883e-04   1.2450000e+03
  -6.5495970e-04   1.2600000e+03
  -6.8092783e-04   1.2750000e+03
  -7.0959138e-04   1.2900000e+03
  -7.3221495e-04   1.3050000e+03
  -7.4342004e-04   1.3200000e+03
  -7.4416026e-04   1.3350000e+03
  -7.4112788e-04   1.3500000e+03
  -7.4453000e-04   1.3650000e+03
  -7.6139579e-04   1.3800000e+03
  -7.8710652e-04   1.3950000e+03
  -8.0764305e-04   1.4100000e+03
  -8.1461045e-04   1.4250000e+03
  -8.1501034e-04   1.4400000e+03
  -8.2267320e-04   1.4550000e+03
  -8.4283680e-04   1.4700000e+03
  -8.6806522e-04   1.4850000e+03
  -8.8726397e-04   1.5000000e+03
  -8.9658966e-04   1.5150000e+03
  -9.0235274e-04   1.5300000e+03
  -9.1380638e-04   1.5450000e+03
  -9.3289273e-04   1.5600000e+03
  -9.5252984e-04   1.5750000e+03
  -9.6604438e-04   1.5900000e+03
  -9.7573508e-04   1.6050000e+03
  -9.8907517e-04   1.6200000e+03
  -1.0080158e-03   1.6350000e+03
  -1.0266076e-03   1.6500000e+03
  -1.0399382e-03   1.6650000e+03
  -1.0508623e-03   1.6800000e+03
  -1.0648562e-03   1.6950000e+03
  -1.0816162e-03   1.7100000e+03
  -1.0965111e-03   1.7250000e+03
  -1.1087303e-03   1.7400000e+03
  -1.1225084e-03   1.7550000e+03
  -1.1400220e-03   1.7700000e+03
  -1.1581494e-03   1.7850000e+03
  -1.1738501e-03   1.8000000e+03
  -1.1885742e-03   1.8150000e+03
  -1.2051014e-03   1.8300000e+03
  -1.2231781e-03   1.8450000e+03
  -1.2407898e-03   1.8600000e+03
  -1.2576231e-03   1.8750000e+03
  -1.2748238e-03   1.8900000e+03
  -1.2926096e-03   1.9050000e+03
  -1.3102577e-03   1.9200000e+03
  -1.3277801e-03   1.9350000e+03
  -1.3460137e-03   1.9500000e+03
  -1.3654162e-03   1.9650000e+03
  -1.3858441e-03   1.9800000e+03
  -1.4071690e-03   1.9950000e+03
  -1.4291744e-03   2.0100000e+03
  -1.4511666e-03   2.0250000e+03
  -1.4726190e-03   2.0400000e+03
  -1.4940562e-03   2.0550000e+03
  -1.5165948e-03   2.0700000e+03
  -1.5408834e-03   2.0850000e+03
  -1.5670239e-03   2.1000000e+03
  -1.5950773e-03   2.1150000e+03
  -1.6249038e-03   2.1300000e+03
  -1.6558407e-03   2.1450000e+03
  -1.6871595e-03   2.1600000e+03
  -1.7187161e-03   2.1750000e+03
  -1.7507912e-03   2.1900000e+03
  -1.7835700e-03   2.2050000e+03
  -1.8172422e-03   2.2200000e+03
  -1.8524048e-03   2.2350000e+03
  -1.8898142e-03   2.2500000e+03
  -1.9296377e-03   2.2650000e+03
  -1.9713566e-03   2.2800000e+03
  -2.0144596e-03   2.2950000e+03
  -2.0589083e-03   2.3100000e+03
  -2.1048905e-03   2.3250000e+03
  -2.1524797e-03   2.3400000e+03
  -2.2017513e-03   2.3550000e+03
  -2.2530670e-03   2.3700000e+03
  -2.3070876e-03   2.3850000e+03
  -2.3644883e-03   2.4000000e+03
  -2.4256671e-03   2.4150000e+03
  -2.4907312e-03   2.4300000e+03
  -2.5596905e-03   2.4450000e+03
  -2.6325739e-03   2.4600000e+03
  -2.7093366e-03   2.4750000e+03
  -2.7897607e-03   2.4900000e+03
  -2.8736272e-03   2.5050000e+03
  -2.9610123e-03   2.5200000e+03
  -3.0523469e-03   2.5350000e+03
  -3.1481923e-03   2.5500000e+03
  -3.2490524e-03   2.5650000e+03
  -3.3554686e-03   2.5800000e+03
  -3.4683067e-03   2.5950000e+03
  -3.5888145e-03   2.6100000e+03
  -3.7182849e-03   2.6250000e+03
  -3.8576419e-03   2.6400000e+03
  -4.0073525e-03   2.6550000e+03
  -4.1677067e-03   2.6700000e+03
  -4.3391781e-03   2.6850000e+03
  -4.5225979e-03   2.7000000e+03
  -4.7191926e-03   2.7150000e+03
  -4.9305926e-03   2.7300000e+03
  -5.1588304e-03   2.7450000e+03
  -5.4063941e-03   2.7600000e+03
  -5.6763818e-03   2.7750000e+03
  -5.9727062e-03   2.7900000e+03
  -6.3000121e-03   2.8050000e+03
  -6.6629671e-03   2.8200000e+03
  -7.0647071e-03   2.8350000e+03
  -7.5037335e-03   2.8500000e+03
  -7.9675419e-03   2.8650000e+03
  -8.4203659e-03   2.8800000e+03
  -8.7822853e-03   2.8950000e+03
  -8.8977655e-03   2.9100000e+03
  -8.4934775e-03   2.9250000e+03
  -7.1298964e-03   2.9400000e+03
  -4.1608703e-03   2.9550000e+03
   1.2704036e-03   2.9700000e+03
   1.0157313e-02   2.9850000e+03
   2.3434032e-02   3.0000000e+03
   4.1636113e-02   3.0150000e+03
   6.4449809e-02   3.0300000e+03
   9.0266101e-02   3.0450000e+03
   1.1594189e-01   3.0600000e+03
   1.3700901e-01   3.0750000e+03
   1.4849851e-01   3.0900000e+03
   1.4633060e-01   3.1050000e+03
   1.2890072e-01   3.1200000e+03
   9.8212399e-02   3.1350000e+03
   5.9869360e-02   3.1500000e+03
   2.1588901e-02   3.1650000e+03
  -9.4142091e-03   3.1800000e+03
  -2.9108509e-02   3.1950000e+03
  -3.8040765e-02   3.2100000e+03
  -4.0562198e-02   3.2250000e+03
  -4.2122539e-02   3.2400000e+03
  -4.6045862e-02   3.2550000e+03
  -5.1657446e-02   3.2700000e+03
  -5.4936338e-02   3.2850000e+03
  -5.1346030e-02   3.3000000e+03
  -3.9100852e-02   3.3150000e+03
  -2.0816535e-02   3.3300000e+03
  -2.5159530e-03   3.3450000e+03
   9.3672546e-03   3.3600000e+03
   1.1153963e-02   3.3750000e+03
   3.4668467e-03   3.3900000e+03
  -9.4779776e-03   3.4050000e+03
  -2.2085486e-02   3.4200000e+03
  -2.9665139e-02   3.4350000e+03
  -2.9715423e-02   3.4500000e+03
  -2.2133073e-02   3.4650000e+03
  -8.9943390e-03   3.4800000e+03
   5.6213825e-03   3.4950000e+03
   1.6141895e-02   3.5100000e+03
   1.7208625e-02   3.5250000e+03
   6.6716676e-03   3.5400000e+03
  -1.1711450e-02   3.5550000e+03
  -2.8410638e-02   3.5700000e+03
  -3.2394614e-02   3.5850000e+03
  -1.7823320e-02   3.6000000e+03
   1.1050225e-02   3.6150000e+03
   4.0674400e-02   3.6300000e+03
   5.5272508e-02   3.6450000e+03
   4.6489943e-02   3.6600000e+03
   1.9474994e-02   3.6750000e+03
  -9.4027724e-03   3.6900000e+03
  -2.2914743e-02   3.7050000e+03
  -1.4985401e-02   3.7200000e+03
   4.6212808e-03   3.7350000e+03
   1.7436858e-02   3.7500000e+03
   1.0386394e-02   3.7650000e+03
  -1.4417733e-02   3.7800000e+03
  -4.2206604e-02   3.7950000e+03
  -5.7669245e-02   3.8100000e+03
  -5.5773526e-02   3.8250000e+03
  -4.2770799e-02   3.8400000e+03
  -2.8733514e-02   3.8550000e+03
  -1.9958416e-02   3.8700000e+03
  -1.7361009e-02   3.8850000e+03
  -1.9542923e-02   3.9000000e+03
  -2.5107954e-02   3.9150000e+03
  -3.1546175e-02   3.9300000e+03
  -3.3336423e-02   3.9450000e+03
  -2.3521960e-02   3.9600000e+03
   7.7832968e-04   3.9750000e+03
   3.3531584e-02   3.9900000e+03
   6.1082639e-02   4.0050000e+03
   7.0235819e-02   4.0200000e+03
   5.7601485e-02   4.0350000e+03
   3.3026617e-02   4.0500000e+03
   1.4363332e-02   4.0650000e+03
   1.7051000e-02   4.0800000e+03
   4.4743028e-02   4.0950000e+03
   8.5651144e-02   4.1100000e+03
   1.1632675e-01   4.1250000e+03
   1.1214105e-01   4.1400000e+03
   6.0952101e-02   4.1550000e+03
  -2.6762731e-02   4.1700000e+03
  -1.1862530e-01   4.1850000e+03
  -1.7417641e-01   4.2000000e+03
  -1.6536814e-01   4.2150000e+03
  -9.1880068e-02   4.2300000e+03
   1.7634057e-02   4.2450000e+03
   1.1827913e-01   4.2600000e+03
   1.6819890e-01   4.2750000e+03
   1.4613137e-01   4.2900000e+03
   6.1951078e-02   4.3050000e+03
  -4.3727495e-02   4.3200000e+03
  -1.1482852e-01   4.3350000e+03
  -1.0902540e-01   4.3500000e+03
  -2.7848633e-02   4.3650000e+03
   7.4974872e-02   4.3800000e+03
   1.2222565e-01   4.3950000e+03
   6.7709483e-02   4.4100000e+03
  -6.1429471e-02   4.4250000e+03
  -1.7314976e-01   4.4400000e+03
  -1.7377117e-01   4.4550000e+03
  -4.3413822e-02   4.4700000e+03
   1.3779891e-01   4.4850000e+03
   2.4200378e-01   4.5000000e+03
