  -5.8936873e-03   0.0000000e+00
  -5.8934526e-03   1.5000000e+01
  -5.8930214e-03   3.0000000e+01
  -5.8935513e-03   4.5000000e+01
  -5.8970274e-03   6.0000000e+01
  -5.9050457e-03   7.5000000e+01
  -5.9171845e-03   9.0000000e+01
  -5.9316601e-03   1.0500000e+02
  -5.9475643e-03   1.2000000e+02
  -5.9664715e-03   1.3500000e+02
  -5.9914351e-03   1.5000000e+02
  -6.0240603e-03   1.6500000e+02
  -6.0643521e-03   1.8000000e+02
  -6.1130342e-03   1.9500000e+02
  -6.1716568e-03   2.1000000e+02
  -6.2411916e-03   2.2500000e+02
  -6.3206335e-03   2.4000000e+02
  -6.4061242e-03   2.5500000e+02
  -6.4934185e-03   2.7000000e+02
  -6.5813945e-03   2.8500000e+02
  -6.6711400e-03   3.0000000e+02
  -6.7631081e-03   3.1500000e+02
  -6.8564638e-03   3.3000000e+02
  -6.9489330e-03   3.4500000e+02
  -7.0367623e-03   3.6000000e+02
  -7.1164053e-03   3.7500000e+02
  -7.1865697e-03   3.9000000e+02
  -7.2489567e-03   4.0500000e+02
  -7.3073548e-03   4.2000000e+02
  -7.3634796e-03   4.3500000e+02
  -7.4120401e-03   4.5000000e+02
  -7.4430071e-03   4.6500000e+02
  -7.4507315e-03   4.8000000e+02
  -7.4380264e-03   4.9500000e+02
  -7.4093742e-03   5.1000000e+02
  -7.3632123e-03   5.2500000e+02
  -7.2948821e-03   5.4000000e+02
  -7.2046518e-03   5.5500000e+02
  -7.0955856e-03   5.7000000e+02
  -6.9639497e-03   5.8500000e+02
  -6.7998716e-03   6.0000000e+02
  -6.5969420e-03   6.1500000e+02
  -6.3518155e-03   6.3000000e+02
  -6.0543092e-03   6.4500000e+02
  -5.6873932e-03   6.6000000e+02
  -5.2371388e-03   6.7500000e+02
  -4.6940516e-03   6.9000000e+02
  -4.0465537e-03   7.0500000e+02
  -3.2811612e-03   7.2000000e+02
  -2.3829339e-03   7.3500000e+02
  -1.3275270e-03   7.5000000e+02
  -7.8642188e-05   7.6500000e+02
   1.4068141e-03   7.8000000e+02
   3.1821183e-03   7.9500000e+02
   5.3187185e-03   8.1000000e+02
   7.9057701e-03   8.2500000e+02
   1.1045483e-02   8.4000000e+02
   1.4845166e-02   8.5500000e+02
   1.9401567e-02   8.7000000e+02
   2.4791554e-02   8.8500000e+02
   3.1089909e-02   9.0000000e+02
   3.8414896e-02   9.1500000e+02
   4.6976086e-02   9.3000000e+02
   5.7090342e-02   9.4500000e+02
   6.9156535e-02   9.6000000e+02
   8.3608501e-02   9.7500000e+02
   1.0087058e-01   9.9000000e+02
   1.2134046e-01   1.0050000e+03
   1.4540423e-01   1.0200000e+03
   1.7342080e-01   1.0350000e+03
   2.0558263e-01   1.0500000e+03
   2.4166724e-01   1.0650000e+03
   2.8084818e-01   1.0800000e+03
   3.2172057e-01   1.0950000e+03
   3.6247754e-01   1.1100000e+03
   4.0100759e-01   1.1250000e+03
   4.3480298e-01   1.1400000e+03
   4.6083724e-01   1.1550000e+03
   4.7570080e-01   1.1700000e+03
   4.7617906e-01   1.1850000e+03
   4.6019357e-01   1.2000000e+03
   4.2771909e-01   1.2150000e+03
   3.8115704e-01   1.2300000e+03
   3.2486749e-01   1.2450000e+03
   2.6400483e-01   1.2600000e+03
   2.0316386e-01   1.2750000e+03
   1.4545155e-01   1.2900000e+03
   9.2406660e-02   1.3050000e+03
   4.4678852e-02   1.3200000e+03
   2.8089134e-03   1.3350000e+03
  -3.2606643e-02   1.3500000e+03
  -6.1402828e-02   1.3650000e+03
  -8.4262684e-02   1.3800000e+03
  -1.0242538e-01   1.3950000e+03
  -1.1691314e-01   1.4100000e+03
  -1.2806720e-01   1.4250000e+03
  -1.3577595e-01   1.4400000e+03
  -1.4000994e-01   1.4550000e+03
  -1.4109889e-01   1.4700000e+03
  -1.3961926e-01   1.4850000e+03
  -1.3613240e-01   1.5000000e+03
  -1.3101746e-01   1.5150000e+03
  -1.2450366e-01   1.5300000e+03
  -1.1686707e-01   1.5450000e+03
  -1.0859048e-01   1.5600000e+03
  -1.0026290e-01   1.5750000e+03
  -9.2271969e-02   1.5900000e+03
  -8.4615126e-02   1.6050000e+03
  -7.7017292e-02   1.6200000e+03
  -6.9173314e-02   1.6350000e+03
  -6.0860090e-02   1.6500000e+03
  -5.1938105e-02   1.6650000e+03
  -4.2401355e-02   1.6800000e+03
  -3.2441813e-02   1.6950000e+03
  -2.2363590e-02   1.7100000e+03
  -1.2381017e-02   1.7250000e+03
  -2.5255019e-03   1.7400000e+03
   7.2619598e-03   1.7550000e+03
   1.7006472e-02   1.7700000e+03
   2.6654860e-02   1.7850000e+03
   3.6057115e-02   1.8000000e+03
   4.4936586e-02   1.8150000e+03
   5.2919894e-02   1.8300000e+03
   5.9650332e-02   1.8450000e+03
   6.4884834e-02   1.8600000e+03
   6.8496071e-02   1.8750000e+03
   7.0420258e-02   1.8900000e+03
   7.0619494e-02   1.9050000e+03
   6.9066882e-02   1.9200000e+03
   6.5736309e-02   1.9350000e+03
   6.0595706e-02   1.9500000e+03
   5.3612079e-02   1.9650000e+03
   4.4774167e-02   1.9800000e+03
   3.4134921e-02   1.9950000e+03
   2.1856705e-02   2.0100000e+03
   8.2230745e-03   2.0250000e+03
  -6.4008185e-03   2.0400000e+03
  -2.1634037e-02   2.0550000e+03
  -3.7128776e-02   2.0700000e+03
  -5.2581795e-02   2.0850000e+03
  -6.7720376e-02   2.1000000e+03
  -8.2289942e-02   2.1150000e+03
  -9.6061602e-02   2.1300000e+03
  -1.0885309e-01   2.1450000e+03
  -1.2053789e-01   2.1600000e+03
  -1.3103038e-01   2.1750000e+03
  -1.4026049e-01   2.1900000e+03
  -1.4815377e-01   2.2050000e+03
  -1.5461251e-01   2.2200000e+03
  -1.5949397e-01   2.2350000e+03
  -1.6260490e-01   2.2500000e+03
  -1.6373241e-01   2.2650000e+03
  -1.6269891e-01   2.2800000e+03
  -1.5940809e-01   2.2950000e+03
  -1.5387037e-01   2.3100000e+03
  -1.4622445e-01   2.3250000e+03
  -1.3676246e-01   2.3400000e+03
  -1.2593119e-01   2.3550000e+03
  -1.1427699e-01   2.3700000e+03
  -1.0234682e-01   2.3850000e+03
  -9.0601414e-02   2.4000000e+03
  -7.9382248e-02   2.4150000e+03
  -6.8920128e-02   2.4300000e+03
  -5.9349131e-02   2.4450000e+03
  -5.0717626e-02   2.4600000e+03
  -4.3017533e-02   2.4750000e+03
  -3.6234733e-02   2.4900000e+03
  -3.0384541e-02   2.5050000e+03
  -2.5500141e-02   2.5200000e+03
  -2.1592449e-02   2.5350000e+03
  -1.8633444e-02   2.5500000e+03
  -1.6584711e-02   2.5650000e+03
  -1.5435448e-02   2.5800000e+03
  -1.5202091e-02   2.5950000e+03
  -1.5890216e-02   2.6100000e+03
  -1.7464848e-02   2.6250000e+03
  -1.9860022e-02   2.6400000e+03
  -2.3004707e-02   2.6550000e+03
  -2.6821423e-02   2.6700000e+03
  -3.1189932e-02   2.6850000e+03
  -3.5911206e-02   2.7000000e+03
  -4.0704899e-02   2.7150000e+03
  -4.5239944e-02   2.7300000e+03
  -4.9178623e-02   2.7450000e+03
  -5.2222066e-02   2.7600000e+03
  -5.4154173e-02   2.7750000e+03
  -5.4877218e-02   2.7900000e+03
  -5.4427564e-02   2.8050000e+03
  -5.2964255e-02   2.8200000e+03
  -5.0731238e-02   2.8350000e+03
  -4.8002735e-02   2.8500000e+03
  -4.5030188e-02   2.8650000e+03
  -4.2010441e-02   2.8800000e+03
  -3.9079890e-02   2.8950000e+03
  -3.6320500e-02   2.9100000e+03
  -3.3761267e-02   2.9250000e+03
  -3.1372752e-02   2.9400000e+03
  -2.9064786e-02   2.9550000e+03
  -2.6698476e-02   2.9700000e+03
  -2.4118034e-02   2.9850000e+03
  -2.1197293e-02   3.0000000e+03
  -1.7883381e-02   3.0150000e+03
  -1.4216519e-02   3.0300000e+03
  -1.0317577e-02   3.0450000e+03
  -6.3520386e-03   3.0600000e+03
  -2.4861668e-03   3.0750000e+03
   1.1492968e-03   3.0900000e+03
   4.4745831e-03   3.1050000e+03
   7.4495422e-03   3.1200000e+03
   1.0043567e-02   3.1350000e+03
   1.2203407e-02   3.1500000e+03
   1.3832702e-02   3.1650000e+03
   1.4792705e-02   3.1800000e+03
   1.4931538e-02   3.1950000e+03
   1.4138310e-02   3.2100000e+03
   1.2397943e-02   3.2250000e+03
   9.8157208e-03   3.2400000e+03
   6.6000670e-03   3.2550000e+03
   3.0177487e-03   3.2700000e+03
  -6.5625034e-04   3.2850000e+03
  -4.1785352e-03   3.3000000e+03
  -7.3558548e-03   3.3150000e+03
  -1.0035190e-02   3.3300000e+03
  -1.2071548e-02   3.3450000e+03
  -1.3297618e-02   3.3600000e+03
  -1.3521647e-02   3.3750000e+03
  -1.2560491e-02   3.3900000e+03
  -1.0292198e-02   3.4050000e+03
  -6.7056669e-03   3.4200000e+03
  -1.9305339e-03   3.4350000e+03
   3.7639642e-03   3.4500000e+03
   1.0005770e-02   3.4650000e+03
   1.6382251e-02   3.4800000e+03
   2.2503866e-02   3.4950000e+03
   2.8050670e-02   3.5100000e+03
   3.2802511e-02   3.5250000e+03
   3.6661480e-02   3.5400000e+03
   3.9662439e-02   3.5550000e+03
   4.1957393e-02   3.5700000e+03
   4.3771543e-02   3.5850000e+03
   4.5348827e-02   3.6000000e+03
   4.6908561e-02   3.6150000e+03
   4.8620727e-02   3.6300000e+03
   5.0594635e-02   3.6450000e+03
   5.2873358e-02   3.6600000e+03
   5.5430144e-02   3.6750000e+03
   5.8166780e-02   3.6900000e+03
   6.0917519e-02   3.7050000e+03
   6.3463144e-02   3.7200000e+03
   6.5554373e-02   3.7350000e+03
   6.6937223e-02   3.7500000e+03
   6.7374572e-02   3.7650000e+03
   6.6666089e-02   3.7800000e+03
   6.4672031e-02   3.7950000e+03
   6.1339885e-02   3.8100000e+03
   5.6724917e-02   3.8250000e+03
   5.0995104e-02   3.8400000e+03
   4.4416226e-02   3.8550000e+03
   3.7318960e-02   3.8700000e+03
   3.0055121e-02   3.8850000e+03
   2.2954348e-02   3.9000000e+03
   1.6292041e-02   3.9150000e+03
   1.0273507e-02   3.9300000e+03
   5.0327955e-03   3.9450000e+03
   6.4219884e-04   3.9600000e+03
  -2.8719788e-03   3.9750000e+03
  -5.5138650e-03   3.9900000e+03
  -7.3106866e-03   4.0050000e+03
  -8.3164992e-03   4.0200000e+03
  -8.6192889e-03   4.0350000e+03
  -8.3377967e-03   4.0500000e+03
  -7.5999894e-03   4.0650000e+03
  -6.5085664e-03   4.0800000e+03
  -5.1094349e-03   4.0950000e+03
  -3.3799249e-03   4.1100000e+03
  -1.2448744e-03   4.1250000e+03
   1.3845222e-03   4.1400000e+03
   4.5653651e-03   4.1550000e+03
   8.2898745e-03   4.1700000e+03
   1.2475401e-02   4.1850000e+03
   1.6976241e-02   4.2000000e+03
   2.1607444e-02   4.2150000e+03
   2.6169999e-02   4.2300000e+03
   3.0470999e-02   4.2450000e+03
   3.4336451e-02   4.2600000e+03
   3.7616972e-02   4.2750000e+03
   4.0188324e-02   4.2900000e+03
   4.1949902e-02   4.3050000e+03
   4.2823430e-02   4.3200000e+03
   4.2751450e-02   4.3350000e+03
   4.1692931e-02   4.3500000e+03
   3.9615512e-02   4.3650000e+03
   3.6489159e-02   4.3800000e+03
   3.2289531e-02   4.3950000e+03
   2.7015964e-02   4.4100000e+03
   2.0720232e-02   4.4250000e+03
   1.3534934e-02   4.4400000e+03
   5.6891455e-03   4.4550000e+03
  -2.4965410e-03   4.4700000e+03
  -1.0637363e-02   4.4850000e+03
  -1.8330418e-02   4.5000000e+03
