  -1.1648582e-03   0.0000000e+00
  -1.1649232e-03   1.5000000e+01
  -1.1650659e-03   3.0000000e+01
  -1.1652068e-03   4.5000000e+01
  -1.1653334e-03   6.0000000e+01
  -1.1654304e-03   7.5000000e+01
  -1.1654885e-03   9.0000000e+01
  -1.1655990e-03   1.0500000e+02
  -1.1658421e-03   1.2000000e+02
  -1.1661499e-03   1.3500000e+02
  -1.1664190e-03   1.5000000e+02
  -1.1666482e-03   1.6500000e+02
  -1.1668432e-03   1.8000000e+02
  -1.1669534e-03   1.9500000e+02
  -1.1669657e-03   2.1000000e+02
  -1.1669451e-03   2.2500000e+02
  -1.1669903e-03   2.4000000e+02
  -1.1671722e-03   2.5500000e+02
  -1.1674782e-03   2.7000000e+02
  -1.1678208e-03   2.8500000e+02
  -1.1681141e-03   3.0000000e+02
  -1.1683386e-03   3.1500000e+02
  -1.1685200e-03   3.3000000e+02
  -1.1686870e-03   3.4500000e+02
  -1.1688750e-03   3.6000000e+02
  -1.1691269e-03   3.7500000e+02
  -1.1694377e-03   3.9000000e+02
  -1.1697771e-03   4.0500000e+02
  -1.1701293e-03   4.2000000e+02
  -1.1703501e-03   4.3500000e+02
  -1.1698877e-03   4.5000000e+02
  -1.1674213e-03   4.6500000e+02
  -1.1601958e-03   4.8000000e+02
  -1.1430382e-03   4.9500000e+02
  -1.1081244e-03   5.1000000e+02
  -1.0473932e-03   5.2500000e+02
  -9.5864089e-04   5.4000000e+02
  -8.5320877e-04   5.5500000e+02
  -7.5896853e-04   5.7000000e+02
  -7.1093533e-04   5.8500000e+02
  -7.2887517e-04   6.0000000e+02
  -7.9606508e-04   6.1500000e+02
  -8.6198706e-04   6.3000000e+02
  -8.7684527e-04   6.4500000e+02
  -8.3248626e-04   6.6000000e+02
  -7.6744764e-04   6.7500000e+02
  -7.2381907e-04   6.9000000e+02
  -6.9922738e-04   7.0500000e+02
  -6.5138581e-04   7.2000000e+02
  -5.5391708e-04   7.3500000e+02
  -4.3572445e-04   7.5000000e+02
  -3.5330013e-04   7.6500000e+02
  -3.3228466e-04   7.8000000e+02
  -3.5368890e-04   7.9500000e+02
  -3.9329540e-04   8.1000000e+02
  -4.4747553e-04   8.2500000e+02
  -5.0993823e-04   8.4000000e+02
  -5.5108010e-04   8.5500000e+02
  -5.4895162e-04   8.7000000e+02
  -5.2763644e-04   8.8500000e+02
  -5.3353293e-04   9.0000000e+02
  -5.7668710e-04   9.1500000e+02
  -6.2460650e-04   9.3000000e+02
  -6.5269211e-04   9.4500000e+02
  -6.6803279e-04   9.6000000e+02
  -6.7999068e-04   9.7500000e+02
  -6.8312895e-04   9.9000000e+02
  -6.8030052e-04   1.0050000e+03
  -6.8985386e-04   1.0200000e+03
  -7.1556831e-04   1.0350000e+03
  -7.3686108e-04   1.0500000e+03
  -7.4129738e-04   1.0650000e+03
  -7.4231200e-04   1.0800000e+03
  -7.5451127e-04   1.0950000e+03
  -7.7330013e-04   1.1100000e+03
  -7.8787922e-04   1.1250000e+03
  -7.9675228e-04   1.1400000e+03
  -8.0285833e-04   1.1550000e+03
  -8.0586708e-04   1.1700000e+03
  -8.0518780e-04   1.1850000e+03
  -8.0351951e-04   1.2000000e+03
  -8.0414437e-04   1.2150000e+03
  -8.0887222e-04   1.2300000e+03
  -8.2052033e-04   1.2450000e+03
  -8.4360648e-04   1.2600000e+03
  -8.7876018e-04   1.2750000e+03
  -9.1777794e-04   1.2900000e+03
  -9.4791659e-04   1.3050000e+03
  -9.6126948e-04   1.3200000e+03
  -9.5920934e-04   1.3350000e+03
  -9.5155358e-04   1.3500000e+03
  -9.5318112e-04   1.3650000e+03
  -9.7425224e-04   1.3800000e+03
  -1.0080085e-03   1.3950000e+03
  -1.0340869e-03   1.4100000e+03
  -1.0402917e-03   1.4250000e+03
  -1.0367964e-03   1.4400000e+03
  -1.0438106e-03   1.4550000e+03
  -1.0691073e-03   1.4700000e+03
  -1.1018502e-03   1.4850000e+03
  -1.1257047e-03   1.5000000e+03
  -1.1349516e-03   1.5150000e+03
  -1.1388465e-03   1.5300000e+03
  -1.1509678e-03   1.5450000e+03
  -1.1741072e-03   1.5600000e+03
  -1.1978325e-03   1.5750000e+03
  -1.2123787e-03   1.5900000e+03
  -1.2211922e-03   1.6050000e+03
  -1.2352599e-03   1.6200000e+03
  -1.2573909e-03   1.6350000e+03
  -1.2788011e-03   1.6500000e+03
  -1.2922729e-03   1.6650000e+03
  -1.3020292e-03   1.6800000e+03
  -1.3161647e-03   1.6950000e+03
  -1.3343227e-03   1.7100000e+03
  -1.3497714e-03   1.7250000e+03
  -1.3612561e-03   1.7400000e+03
  -1.3747829e-03   1.7550000e+03
  -1.3932893e-03   1.7700000e+03
  -1.4120234e-03   1.7850000e+03
  -1.4265120e-03   1.8000000e+03
  -1.4390169e-03   1.8150000e+03
  -1.4538347e-03   1.8300000e+03
  -1.4708305e-03   1.8450000e+03
  -1.4872769e-03   1.8600000e+03
  -1.5028875e-03   1.8750000e+03
  -1.5193711e-03   1.8900000e+03
  -1.5368847e-03   1.9050000e+03
  -1.5540294e-03   1.9200000e+03
  -1.5704448e-03   1.9350000e+03
  -1.5870966e-03   1.9500000e+03
  -1.6045138e-03   1.9650000e+03
  -1.6224216e-03   1.9800000e+03
  -1.6406532e-03   1.9950000e+03
  -1.6590299e-03   2.0100000e+03
  -1.6767767e-03   2.0250000e+03
  -1.6933444e-03   2.0400000e+03
  -1.7095134e-03   2.0550000e+03
  -1.7266606e-03   2.0700000e+03
  -1.7453441e-03   2.0850000e+03
  -1.7654574e-03   2.1000000e+03
  -1.7871385e-03   2.1150000e+03
  -1.8105265e-03   2.1300000e+03
  -1.8350941e-03   2.1450000e+03
  -1.8601170e-03   2.1600000e+03
  -1.8855276e-03   2.1750000e+03
  -1.9116554e-03   2.1900000e+03
  -1.9384470e-03   2.2050000e+03
  -1.9656038e-03   2.2200000e+03
  -1.9933146e-03   2.2350000e+03
  -2.0221325e-03   2.2500000e+03
  -2.0520794e-03   2.2650000e+03
  -2.0824892e-03   2.2800000e+03
  -2.1128769e-03   2.2950000e+03
  -2.1434852e-03   2.3100000e+03
  -2.1748352e-03   2.3250000e+03
  -2.2071172e-03   2.3400000e+03
  -2.2401933e-03   2.3550000e+03
  -2.2739416e-03   2.3700000e+03
  -2.3084399e-03   2.3850000e+03
  -2.3438819e-03   2.4000000e+03
  -2.3804663e-03   2.4150000e+03
  -2.4184657e-03   2.4300000e+03
  -2.4584250e-03   2.4450000e+03
  -2.5011054e-03   2.4600000e+03
  -2.5470166e-03   2.4750000e+03
  -2.5959520e-03   2.4900000e+03
  -2.6470406e-03   2.5050000e+03
  -2.6992890e-03   2.5200000e+03
  -2.7520712e-03   2.5350000e+03
  -2.8052304e-03   2.5500000e+03
  -2.8589123e-03   2.5650000e+03
  -2.9134415e-03   2.5800000e+03
  -2.9692769e-03   2.5950000e+03
  -3.0268654e-03   2.6100000e+03
  -3.0863527e-03   2.6250000e+03
  -3.1474759e-03   2.6400000e+03
  -3.2098228e-03   2.6550000e+03
  -3.2732568e-03   2.6700000e+03
  -3.3380545e-03   2.6850000e+03
  -3.4046429e-03   2.7000000e+03
  -3.4732400e-03   2.7150000e+03
  -3.5436328e-03   2.7300000e+03
  -3.6151705e-03   2.7450000e+03
  -3.6870434e-03   2.7600000e+03
  -3.7588542e-03   2.7750000e+03
  -3.8311770e-03   2.7900000e+03
  -3.9055867e-03   2.8050000e+03
  -3.9840089e-03   2.8200000e+03
  -4.0679192e-03   2.8350000e+03
  -4.1579553e-03   2.8500000e+03
  -4.2539272e-03   2.8650000e+03
  -4.3547885e-03   2.8800000e+03
  -4.4584665e-03   2.8950000e+03
  -4.5619658e-03   2.9100000e+03
  -4.6620448e-03   2.9250000e+03
  -4.7560120e-03   2.9400000e+03
  -4.8419377e-03   2.9550000e+03
  -4.9180305e-03   2.9700000e+03
  -4.9816119e-03   2.9850000e+03
  -5.0280648e-03   3.0000000e+03
  -5.0495877e-03   3.0150000e+03
  -5.0334344e-03   3.0300000e+03
  -4.9596354e-03   3.0450000e+03
  -4.7984500e-03   3.0600000e+03
  -4.5074685e-03   3.0750000e+03
  -4.0272037e-03   3.0900000e+03
  -3.2733832e-03   3.1050000e+03
  -2.1249168e-03   3.1200000e+03
  -4.0854985e-04   3.1350000e+03
   2.1167300e-03   3.1500000e+03
   5.7712859e-03   3.1650000e+03
   1.0957157e-02   3.1800000e+03
   1.8144025e-02   3.1950000e+03
   2.7829209e-02   3.2100000e+03
   4.0461373e-02   3.2250000e+03
   5.6321893e-02   3.2400000e+03
   7.5368829e-02   3.2550000e+03
   9.7065628e-02   3.2700000e+03
   1.2023672e-01   3.2850000e+03
   1.4300871e-01   3.3000000e+03
   1.6289960e-01   3.3150000e+03
   1.7710011e-01   3.3300000e+03
   1.8294378e-01   3.3450000e+03
   1.7849319e-01   3.3600000e+03
   1.6309991e-01   3.3750000e+03
   1.3775706e-01   3.3900000e+03
   1.0508777e-01   3.4050000e+03
   6.8908058e-02   3.4200000e+03
   3.3447385e-02   3.4350000e+03
   2.4478436e-03   3.4500000e+03
  -2.1571042e-02   3.4650000e+03
  -3.7646435e-02   3.4800000e+03
  -4.6228383e-02   3.4950000e+03
  -4.8679102e-02   3.5100000e+03
  -4.6674598e-02   3.5250000e+03
  -4.1772082e-02   3.5400000e+03
  -3.5275478e-02   3.5550000e+03
  -2.8340580e-02   3.5700000e+03
  -2.2124814e-02   3.5850000e+03
  -1.7782515e-02   3.6000000e+03
  -1.6233474e-02   3.6150000e+03
  -1.7806737e-02   3.6300000e+03
  -2.1973794e-02   3.6450000e+03
  -2.7366232e-02   3.6600000e+03
  -3.2135092e-02   3.6750000e+03
  -3.4534734e-02   3.6900000e+03
  -3.3500575e-02   3.7050000e+03
  -2.8993145e-02   3.7200000e+03
  -2.1986770e-02   3.7350000e+03
  -1.4125441e-02   3.7500000e+03
  -7.1819630e-03   3.7650000e+03
  -2.5036877e-03   3.7800000e+03
  -6.1405316e-04   3.7950000e+03
  -1.0870208e-03   3.8100000e+03
  -2.7370565e-03   3.8250000e+03
  -4.0758830e-03   3.8400000e+03
  -3.8910401e-03   3.8550000e+03
  -1.7349860e-03   3.8700000e+03
   1.8796349e-03   3.8850000e+03
   5.6826966e-03   3.9000000e+03
   8.1858337e-03   3.9150000e+03
   8.3365105e-03   3.9300000e+03
   5.9912121e-03   3.9450000e+03
   1.9746872e-03   3.9600000e+03
  -2.3201148e-03   3.9750000e+03
  -5.6083119e-03   3.9900000e+03
  -7.3371371e-03   4.0050000e+03
  -7.9572098e-03   4.0200000e+03
  -8.7281261e-03   4.0350000e+03
  -1.1176527e-02   4.0500000e+03
  -1.6468000e-02   4.0650000e+03
  -2.4958562e-02   4.0800000e+03
  -3.6093336e-02   4.0950000e+03
  -4.8674800e-02   4.1100000e+03
  -6.1358321e-02   4.1250000e+03
  -7.3090084e-02   4.1400000e+03
  -8.3184093e-02   4.1550000e+03
  -9.0937093e-02   4.1700000e+03
  -9.5044799e-02   4.1850000e+03
  -9.3357213e-02   4.2000000e+03
  -8.3421849e-02   4.2150000e+03
  -6.3784607e-02   4.2300000e+03
  -3.5441335e-02   4.2450000e+03
  -2.5574316e-03   4.2600000e+03
   2.8199684e-02   4.2750000e+03
   4.9754679e-02   4.2900000e+03
   5.7481710e-02   4.3050000e+03
   5.1663540e-02   4.3200000e+03
   3.8298521e-02   4.3350000e+03
   2.7438605e-02   4.3500000e+03
   2.9206052e-02   4.3650000e+03
   4.8857439e-02   4.3800000e+03
   8.3148748e-02   4.3950000e+03
   1.2014262e-01   4.4100000e+03
   1.4324547e-01   4.4250000e+03
   1.3818797e-01   4.4400000e+03
   9.9966951e-02   4.4550000e+03
   3.6456976e-02   4.4700000e+03
  -3.3280872e-02   4.4850000e+03
  -8.5670337e-02   4.5000000e+03
