  -9.2032988e-04   1.5000000e+03
  -9.2590071e-04   1.5150000e+03
  -9.3218684e-04   1.5300000e+03
  -9.4094558e-04   1.5450000e+03
  -9.5228670e-04   1.5600000e+03
  -9.6330332e-04   1.5750000e+03
  -9.7241037e-04   1.5900000e+03
  -9.8136859e-04   1.6050000e+03
  -9.9190301e-04   1.6200000e+03
  -1.0039147e-03   1.6350000e+03
  -1.0172345e-03   1.6500000e+03
  -1.0319185e-03   1.6650000e+03
  -1.0470690e-03   1.6800000e+03
  -1.0618198e-03   1.6950000e+03
  -1.0769459e-03   1.7100000e+03
  -1.0936835e-03   1.7250000e+03
  -1.1114810e-03   1.7400000e+03
  -1.1280281e-03   1.7550000e+03
  -1.1410363e-03   1.7700000e+03
  -1.1498795e-03   1.7850000e+03
  -1.1562285e-03   1.8000000e+03
  -1.1627842e-03   1.8150000e+03
  -1.1707076e-03   1.8300000e+03
  -1.1791546e-03   1.8450000e+03
  -1.1878377e-03   1.8600000e+03
  -1.1983507e-03   1.8750000e+03
  -1.2118118e-03   1.8900000e+03
  -1.2267922e-03   1.9050000e+03
  -1.2409011e-03   1.9200000e+03
  -1.2532244e-03   1.9350000e+03
  -1.2642357e-03   1.9500000e+03
  -1.2744296e-03   1.9650000e+03
  -1.2842998e-03   1.9800000e+03
  -1.2950675e-03   1.9950000e+03
  -1.3079752e-03   2.0100000e+03
  -1.3225240e-03   2.0250000e+03
  -1.3364637e-03   2.0400000e+03
  -1.3482943e-03   2.0550000e+03
  -1.3592513e-03   2.0700000e+03
  -1.3719767e-03   2.0850000e+03
  -1.3874609e-03   2.1000000e+03
  -1.4040355e-03   2.1150000e+03
  -1.4194675e-03   2.1300000e+03
  -1.4334625e-03   2.1450000e+03
  -1.4478109e-03   2.1600000e+03
  -1.4643183e-03   2.1750000e+03
  -1.4828726e-03   2.1900000e+03
