  -6.8207528e-04   7.6500000e+02
  -6.7787367e-04   7.8000000e+02
  -7.1502471e-04   7.9500000e+02
  -8.4226270e-04   8.1000000e+02
  -9.7857183e-04   8.2500000e+02
  -1.0447834e-03   8.4000000e+02
  -1.0824365e-03   8.5500000e+02
  -1.1637423e-03   8.7000000e+02
  -1.2518091e-03   8.8500000e+02
  -1.2628970e-03   9.0000000e+02
  -1.2312443e-03   9.1500000e+02
  -1.2796759e-03   9.3000000e+02
  -1.4243710e-03   9.4500000e+02
  -1.5374548e-03   9.6000000e+02
  -1.5275056e-03   9.7500000e+02
  -1.4371466e-03   9.9000000e+02
  -1.3285949e-03   1.0050000e+03
  -1.1847498e-03   1.0200000e+03
  -9.5678924e-04   1.0350000e+03
  -6.0197548e-04   1.0500000e+03
  -3.9854876e-05   1.0650000e+03
   8.3858584e-04   1.0800000e+03
   2.1042253e-03   1.0950000e+03
   3.8262263e-03   1.1100000e+03
   6.1911941e-03   1.1250000e+03
   9.5133446e-03   1.1400000e+03
   1.4130348e-02   1.1550000e+03
   2.0370411e-02   1.1700000e+03
   2.8640108e-02   1.1850000e+03
   3.9492801e-02   1.2000000e+03
   5.3598136e-02   1.2150000e+03
   7.1697831e-02   1.2300000e+03
   9.4639987e-02   1.2450000e+03
   1.2344398e-01   1.2600000e+03
   1.5926892e-01   1.2750000e+03
   2.0324507e-01   1.2900000e+03
   2.5622925e-01   1.3050000e+03
   3.1849819e-01   1.3200000e+03
   3.8931704e-01   1.3350000e+03
   4.6641248e-01   1.3500000e+03
   5.4555190e-01   1.3650000e+03
   6.2045270e-01   1.3800000e+03
   6.8312925e-01   1.3950000e+03
   7.2470486e-01   1.4100000e+03
   7.3669910e-01   1.4250000e+03
   7.1272248e-01   1.4400000e+03
   6.5028828e-01   1.4550000e+03
   5.5217510e-01   1.4700000e+03
   4.2666504e-01   1.4850000e+03
   2.8627267e-01   1.5000000e+03
   1.4522371e-01   1.5150000e+03
   1.6544815e-02   1.5300000e+03
  -9.0231597e-02   1.5450000e+03
  -1.7013724e-01   1.5600000e+03
  -2.2261879e-01   1.5750000e+03
  -2.5060612e-01   1.5900000e+03
  -2.5928447e-01   1.6050000e+03
  -2.5485995e-01   1.6200000e+03
  -2.4342865e-01   1.6350000e+03
  -2.3000944e-01   1.6500000e+03
  -2.1783748e-01   1.6650000e+03
  -2.0808186e-01   1.6800000e+03
