  -7.5403397e-04   7.6500000e+02
  -7.2650431e-04   7.8000000e+02
  -7.6478434e-04   7.9500000e+02
  -8.4195082e-04   8.1000000e+02
  -9.2557532e-04   8.2500000e+02
  -9.9129090e-04   8.4000000e+02
  -1.0252844e-03   8.5500000e+02
  -1.0265831e-03   8.7000000e+02
  -1.0114916e-03   8.8500000e+02
  -1.0085966e-03   9.0000000e+02
  -1.0391474e-03   9.1500000e+02
  -1.0982645e-03   9.3000000e+02
  -1.1579314e-03   9.4500000e+02
  -1.1912716e-03   9.6000000e+02
  -1.1936660e-03   9.7500000e+02
  -1.1815063e-03   9.9000000e+02
  -1.1759999e-03   1.0050000e+03
  -1.1896942e-03   1.0200000e+03
  -1.2203468e-03   1.0350000e+03
  -1.2516358e-03   1.0500000e+03
  -1.2667025e-03   1.0650000e+03
  -1.2676065e-03   1.0800000e+03
  -1.2741977e-03   1.0950000e+03
  -1.2977906e-03   1.1100000e+03
  -1.3254385e-03   1.1250000e+03
  -1.3377609e-03   1.1400000e+03
  -1.3330970e-03   1.1550000e+03
  -1.3256356e-03   1.1700000e+03
  -1.3265865e-03   1.1850000e+03
  -1.3355500e-03   1.2000000e+03
  -1.3485611e-03   1.2150000e+03
  -1.3695131e-03   1.2300000e+03
  -1.4106994e-03   1.2450000e+03
  -1.4805512e-03   1.2600000e+03
  -1.5727356e-03   1.2750000e+03
  -1.6698694e-03   1.2900000e+03
  -1.7544860e-03   1.3050000e+03
  -1.8139801e-03   1.3200000e+03
  -1.8441298e-03   1.3350000e+03
  -1.8581798e-03   1.3500000e+03
  -1.8861070e-03   1.3650000e+03
  -1.9498992e-03   1.3800000e+03
  -2.0381408e-03   1.3950000e+03
  -2.1165011e-03   1.4100000e+03
  -2.1677618e-03   1.4250000e+03
  -2.2138092e-03   1.4400000e+03
  -2.2926945e-03   1.4550000e+03
  -2.4181202e-03   1.4700000e+03
  -2.5664757e-03   1.4850000e+03
  -2.7025440e-03   1.5000000e+03
  -2.8146894e-03   1.5150000e+03
  -2.9245799e-03   1.5300000e+03
  -3.0640885e-03   1.5450000e+03
  -3.2441595e-03   1.5600000e+03
  -3.4480474e-03   1.5750000e+03
  -3.6556595e-03   1.5900000e+03
  -3.8699580e-03   1.6050000e+03
  -4.1127503e-03   1.6200000e+03
  -4.3969420e-03   1.6350000e+03
  -4.7151833e-03   1.6500000e+03
  -5.0607421e-03   1.6650000e+03
  -5.4477667e-03   1.6800000e+03
