   1.3272699e-03   7.6500000e+02
   1.4085837e-03   7.8000000e+02
   1.3787025e-03   7.9500000e+02
   1.2319796e-03   8.1000000e+02
   1.0659548e-03   8.2500000e+02
   9.6119882e-04   8.4000000e+02
   8.9197839e-04   8.5500000e+02
   8.0293557e-04   8.7000000e+02
   7.1358908e-04   8.8500000e+02
   6.6581328e-04   9.0000000e+02
   6.0896145e-04   9.1500000e+02
   4.4444113e-04   9.3000000e+02
   1.7843768e-04   9.4500000e+02
  -7.5206299e-05   9.6000000e+02
  -2.5583271e-04   9.7500000e+02
  -4.2029374e-04   9.9000000e+02
  -6.3212181e-04   1.0050000e+03
  -8.8651880e-04   1.0200000e+03
  -1.1647126e-03   1.0350000e+03
  -1.4699815e-03   1.0500000e+03
  -1.7963292e-03   1.0650000e+03
  -2.1483521e-03   1.0800000e+03
  -2.5951776e-03   1.0950000e+03
  -3.2190434e-03   1.1100000e+03
  -4.0065804e-03   1.1250000e+03
  -4.8537636e-03   1.1400000e+03
  -5.6455769e-03   1.1550000e+03
  -6.1993548e-03   1.1700000e+03
  -5.9759957e-03   1.1850000e+03
  -3.5698607e-03   1.2000000e+03
   4.1037239e-03   1.2150000e+03
   2.2998171e-02   1.2300000e+03
   6.3085712e-02   1.2450000e+03
   1.3800363e-01   1.2600000e+03
   2.6059511e-01   1.2750000e+03
   4.3176097e-01   1.2900000e+03
   6.2313032e-01   1.3050000e+03
   7.6151949e-01   1.3200000e+03
   7.3263627e-01   1.3350000e+03
   4.2405578e-01   1.3500000e+03
  -1.8974838e-01   1.3650000e+03
  -9.5852029e-01   1.3800000e+03
  -1.5439758e+00   1.3950000e+03
  -1.5585060e+00   1.4100000e+03
  -8.3451444e-01   1.4250000e+03
   3.4531364e-01   1.4400000e+03
   1.2980295e+00   1.4550000e+03
   1.3633690e+00   1.4700000e+03
   4.5275036e-01   1.4850000e+03
  -7.6452887e-01   1.5000000e+03
  -1.3323302e+00   1.5150000e+03
  -8.2838523e-01   1.5300000e+03
   2.2906063e-01   1.5450000e+03
   8.6669236e-01   1.5600000e+03
   6.1054701e-01   1.5750000e+03
  -8.6387813e-02   1.5900000e+03
  -4.1636157e-01   1.6050000e+03
  -1.2451895e-01   1.6200000e+03
   3.0608061e-01   1.6350000e+03
   3.4642482e-01   1.6500000e+03
   5.5563837e-02   1.6650000e+03
  -1.2956652e-01   1.6800000e+03
