  -9.7897900e-03   1.5000000e+02
  -9.8284278e-03   1.6500000e+02
  -9.8766135e-03   1.8000000e+02
  -9.9346805e-03   1.9500000e+02
  -1.0005647e-02   2.1000000e+02
  -1.0091611e-02   2.2500000e+02
  -1.0190452e-02   2.4000000e+02
  -1.0295087e-02   2.5500000e+02
  -1.0398276e-02   2.7000000e+02
  -1.0497670e-02   2.8500000e+02
  -1.0593268e-02   3.0000000e+02
  -1.0684764e-02   3.1500000e+02
  -1.0774477e-02   3.3000000e+02
  -1.0867991e-02   3.4500000e+02
  -1.0971112e-02   3.6000000e+02
  -1.1088834e-02   3.7500000e+02
  -1.1224444e-02   3.9000000e+02
  -1.1377616e-02   4.0500000e+02
  -1.1546839e-02   4.2000000e+02
  -1.1732738e-02   4.3500000e+02
  -1.1934357e-02   4.5000000e+02
  -1.2146014e-02   4.6500000e+02
  -1.2364359e-02   4.8000000e+02
  -1.2595940e-02   4.9500000e+02
  -1.2851359e-02   5.1000000e+02
  -1.3132153e-02   5.2500000e+02
  -1.3431624e-02   5.4000000e+02
  -1.3752700e-02   5.5500000e+02
  -1.4112866e-02   5.7000000e+02
  -1.4521698e-02   5.8500000e+02
  -1.4968764e-02   6.0000000e+02
