  -1.0090555e-02   1.5000000e+02
  -1.0138683e-02   1.6500000e+02
  -1.0196721e-02   1.8000000e+02
  -1.0264459e-02   1.9500000e+02
  -1.0341786e-02   2.1000000e+02
  -1.0428829e-02   2.2500000e+02
  -1.0526182e-02   2.4000000e+02
  -1.0633226e-02   2.5500000e+02
  -1.0746865e-02   2.7000000e+02
  -1.0863708e-02   2.8500000e+02
  -1.0983608e-02   3.0000000e+02
  -1.1109625e-02   3.1500000e+02
  -1.1244787e-02   3.3000000e+02
  -1.1390342e-02   3.4500000e+02
  -1.1544689e-02   3.6000000e+02
  -1.1701633e-02   3.7500000e+02
  -1.1855116e-02   3.9000000e+02
  -1.2009040e-02   4.0500000e+02
  -1.2173455e-02   4.2000000e+02
  -1.2345687e-02   4.3500000e+02
  -1.2507353e-02   4.5000000e+02
  -1.2647635e-02   4.6500000e+02
  -1.2776635e-02   4.8000000e+02
  -1.2909578e-02   4.9500000e+02
  -1.3051500e-02   5.1000000e+02
  -1.3202405e-02   5.2500000e+02
  -1.3364845e-02   5.4000000e+02
  -1.3539436e-02   5.5500000e+02
  -1.3721640e-02   5.7000000e+02
  -1.3910356e-02   5.8500000e+02
  -1.4109083e-02   6.0000000e+02
