  -3.3671386e-03   1.5000000e+02
  -3.3723901e-03   1.6500000e+02
  -3.3786397e-03   1.8000000e+02
  -3.3859040e-03   1.9500000e+02
  -3.3939362e-03   2.1000000e+02
  -3.4024215e-03   2.2500000e+02
  -3.4113864e-03   2.4000000e+02
  -3.4211471e-03   2.5500000e+02
  -3.4319439e-03   2.7000000e+02
  -3.4436572e-03   2.8500000e+02
  -3.4558531e-03   3.0000000e+02
  -3.4681538e-03   3.1500000e+02
  -3.4805180e-03   3.3000000e+02
  -3.4931493e-03   3.4500000e+02
  -3.5061610e-03   3.6000000e+02
  -3.5193518e-03   3.7500000e+02
  -3.5324451e-03   3.9000000e+02
  -3.5455967e-03   4.0500000e+02
  -3.5590928e-03   4.2000000e+02
  -3.5721262e-03   4.3500000e+02
  -3.5827954e-03   4.5000000e+02
  -3.5900415e-03   4.6500000e+02
  -3.5946786e-03   4.8000000e+02
  -3.5981240e-03   4.9500000e+02
  -3.6012663e-03   5.1000000e+02
  -3.6048184e-03   5.2500000e+02
  -3.6095823e-03   5.4000000e+02
  -3.6156990e-03   5.5500000e+02
  -3.6223524e-03   5.7000000e+02
  -3.6289333e-03   5.8500000e+02
  -3.6356808e-03   6.0000000e+02
