   2.4230013e-02   1.5000000e+02
   2.3208061e-02   1.6500000e+02
   2.2435527e-02   1.8000000e+02
   2.2201676e-02   1.9500000e+02
   2.3062298e-02   2.1000000e+02
   2.6058760e-02   2.2500000e+02
   3.3132434e-02   2.4000000e+02
   4.8050005e-02   2.5500000e+02
   7.8425080e-02   2.7000000e+02
   1.3972357e-01   2.8500000e+02
   2.6191586e-01   3.0000000e+02
   4.9685732e-01   3.1500000e+02
   9.1677397e-01   3.3000000e+02
   1.5827343e+00   3.4500000e+02
   2.4622314e+00   3.6000000e+02
   3.3163249e+00   3.7500000e+02
   3.6636600e+00   3.9000000e+02
   2.9761746e+00   4.0500000e+02
   1.1175066e+00   4.2000000e+02
  -1.3015009e+00   4.3500000e+02
  -3.1424251e+00   4.5000000e+02
  -3.5832405e+00   4.6500000e+02
  -2.8331380e+00   4.8000000e+02
  -1.8552029e+00   4.9500000e+02
  -1.3220384e+00   5.1000000e+02
  -1.0661209e+00   5.2500000e+02
  -6.6290081e-01   5.4000000e+02
  -1.8799713e-01   5.5500000e+02
  -2.4300544e-02   5.7000000e+02
  -1.7162511e-01   5.8500000e+02
  -2.5514403e-01   6.0000000e+02
