  -5.7371655e-03   1.5000000e+03
  -5.9982352e-03   1.5150000e+03
  -6.2672291e-03   1.5300000e+03
  -6.5368707e-03   1.5450000e+03
  -6.7902175e-03   1.5600000e+03
  -7.0135458e-03   1.5750000e+03
  -7.2003226e-03   1.5900000e+03
  -7.3374314e-03   1.6050000e+03
  -7.3839864e-03   1.6200000e+03
  -7.2560208e-03   1.6350000e+03
  -6.8187290e-03   1.6500000e+03
  -5.8723921e-03   1.6650000e+03
  -4.1113282e-03   1.6800000e+03
  -1.0394861e-03   1.6950000e+03
   4.1711126e-03   1.7100000e+03
   1.2895700e-02   1.7250000e+03
   2.7356027e-02   1.7400000e+03
   5.0974112e-02   1.7550000e+03
   8.8646278e-02   1.7700000e+03
   1.4661913e-01   1.7850000e+03
   2.3143698e-01   1.8000000e+03
   3.4733003e-01   1.8150000e+03
   4.9166852e-01   1.8300000e+03
   6.4903921e-01   1.8450000e+03
   7.8625321e-01   1.8600000e+03
   8.5263443e-01   1.8750000e+03
   7.9067206e-01   1.8900000e+03
   5.5931300e-01   1.9050000e+03
   1.6458620e-01   1.9200000e+03
  -3.1782833e-01   1.9350000e+03
  -7.4899113e-01   1.9500000e+03
  -9.7488910e-01   1.9650000e+03
  -9.0455282e-01   1.9800000e+03
  -5.7627845e-01   1.9950000e+03
  -1.5965253e-01   2.0100000e+03
   1.2896153e-01   2.0250000e+03
   1.5733185e-01   2.0400000e+03
  -3.5399832e-02   2.0550000e+03
  -2.6979205e-01   2.0700000e+03
  -3.6290014e-01   2.0850000e+03
  -2.6475835e-01   2.1000000e+03
  -7.9757281e-02   2.1150000e+03
   4.2517807e-02   2.1300000e+03
   4.1570175e-02   2.1450000e+03
  -2.0372519e-02   2.1600000e+03
  -4.5258701e-02   2.1750000e+03
  -4.8990683e-03   2.1900000e+03
