  -1.2203184e-02   1.5000000e+02
  -1.2285840e-02   1.6500000e+02
  -1.2388654e-02   1.8000000e+02
  -1.2513378e-02   1.9500000e+02
  -1.2665395e-02   2.1000000e+02
  -1.2848202e-02   2.2500000e+02
  -1.3058290e-02   2.4000000e+02
  -1.3282884e-02   2.5500000e+02
  -1.3508406e-02   2.7000000e+02
  -1.3730393e-02   2.8500000e+02
  -1.3949207e-02   3.0000000e+02
  -1.4165191e-02   3.1500000e+02
  -1.4383687e-02   3.3000000e+02
  -1.4615173e-02   3.4500000e+02
  -1.4869479e-02   3.6000000e+02
  -1.5155019e-02   3.7500000e+02
  -1.5477526e-02   3.9000000e+02
  -1.5836952e-02   4.0500000e+02
  -1.6233712e-02   4.2000000e+02
  -1.6674338e-02   4.3500000e+02
  -1.7161442e-02   4.5000000e+02
  -1.7687965e-02   4.6500000e+02
  -1.8255012e-02   4.8000000e+02
  -1.8886862e-02   4.9500000e+02
  -1.9610433e-02   5.1000000e+02
  -2.0417849e-02   5.2500000e+02
  -2.1267926e-02   5.4000000e+02
  -2.2131750e-02   5.5500000e+02
  -2.3001848e-02   5.7000000e+02
  -2.3823328e-02   5.8500000e+02
  -2.4432605e-02   6.0000000e+02
