  -3.4151161e-03   1.5000000e+02
  -3.4204477e-03   1.6500000e+02
  -3.4267521e-03   1.8000000e+02
  -3.4340294e-03   1.9500000e+02
  -3.4419766e-03   2.1000000e+02
  -3.4502135e-03   2.2500000e+02
  -3.4587730e-03   2.4000000e+02
  -3.4680788e-03   2.5500000e+02
  -3.4784856e-03   2.7000000e+02
  -3.4898832e-03   2.8500000e+02
  -3.5017317e-03   3.0000000e+02
  -3.5135555e-03   3.1500000e+02
  -3.5253423e-03   3.3000000e+02
  -3.5374463e-03   3.4500000e+02
  -3.5501693e-03   3.6000000e+02
  -3.5634236e-03   3.7500000e+02
  -3.5769257e-03   3.9000000e+02
  -3.5907610e-03   4.0500000e+02
  -3.6051429e-03   4.2000000e+02
  -3.6191887e-03   4.3500000e+02
  -3.6309366e-03   4.5000000e+02
  -3.6393786e-03   4.6500000e+02
  -3.6454420e-03   4.8000000e+02
  -3.6505638e-03   4.9500000e+02
  -3.6555633e-03   5.1000000e+02
  -3.6611492e-03   5.2500000e+02
  -3.6682361e-03   5.4000000e+02
  -3.6770601e-03   5.5500000e+02
  -3.6868080e-03   5.7000000e+02
  -3.6968740e-03   5.8500000e+02
  -3.7075253e-03   6.0000000e+02
