  -5.9914351e-03   1.5000000e+02
  -6.0240603e-03   1.6500000e+02
  -6.0643521e-03   1.8000000e+02
  -6.1130342e-03   1.9500000e+02
  -6.1716568e-03   2.1000000e+02
  -6.2411916e-03   2.2500000e+02
  -6.3206335e-03   2.4000000e+02
  -6.4061242e-03   2.5500000e+02
  -6.4934185e-03   2.7000000e+02
  -6.5813945e-03   2.8500000e+02
  -6.6711400e-03   3.0000000e+02
  -6.7631081e-03   3.1500000e+02
  -6.8564638e-03   3.3000000e+02
  -6.9489330e-03   3.4500000e+02
  -7.0367623e-03   3.6000000e+02
  -7.1164053e-03   3.7500000e+02
  -7.1865697e-03   3.9000000e+02
  -7.2489567e-03   4.0500000e+02
  -7.3073548e-03   4.2000000e+02
  -7.3634796e-03   4.3500000e+02
  -7.4120401e-03   4.5000000e+02
  -7.4430071e-03   4.6500000e+02
  -7.4507315e-03   4.8000000e+02
  -7.4380264e-03   4.9500000e+02
  -7.4093742e-03   5.1000000e+02
  -7.3632123e-03   5.2500000e+02
  -7.2948821e-03   5.4000000e+02
  -7.2046518e-03   5.5500000e+02
  -7.0955856e-03   5.7000000e+02
  -6.9639497e-03   5.8500000e+02
  -6.7998716e-03   6.0000000e+02
