  -4.6988612e-04   7.6500000e+02
  -4.4560333e-04   7.8000000e+02
  -4.7172210e-04   7.9500000e+02
  -5.2107469e-04   8.1000000e+02
  -5.8617280e-04   8.2500000e+02
  -6.5752881e-04   8.4000000e+02
  -7.0356106e-04   8.5500000e+02
  -7.0211833e-04   8.7000000e+02
  -6.7936222e-04   8.8500000e+02
  -6.8522082e-04   9.0000000e+02
  -7.3231710e-04   9.1500000e+02
  -7.8768324e-04   9.3000000e+02
  -8.2357158e-04   9.4500000e+02
  -8.4388192e-04   9.6000000e+02
  -8.5714279e-04   9.7500000e+02
  -8.5964386e-04   9.9000000e+02
  -8.5694023e-04   1.0050000e+03
  -8.6922524e-04   1.0200000e+03
  -9.0005528e-04   1.0350000e+03
  -9.2661532e-04   1.0500000e+03
  -9.3425094e-04   1.0650000e+03
  -9.3674642e-04   1.0800000e+03
  -9.5135713e-04   1.0950000e+03
  -9.7504555e-04   1.1100000e+03
  -9.9541852e-04   1.1250000e+03
  -1.0083677e-03   1.1400000e+03
  -1.0163076e-03   1.1550000e+03
  -1.0204408e-03   1.1700000e+03
  -1.0214384e-03   1.1850000e+03
  -1.0218219e-03   1.2000000e+03
  -1.0243218e-03   1.2150000e+03
  -1.0313828e-03   1.2300000e+03
  -1.0475977e-03   1.2450000e+03
  -1.0786601e-03   1.2600000e+03
  -1.1244237e-03   1.2750000e+03
  -1.1745569e-03   1.2900000e+03
  -1.2142708e-03   1.3050000e+03
  -1.2342370e-03   1.3200000e+03
  -1.2353573e-03   1.3350000e+03
  -1.2289806e-03   1.3500000e+03
  -1.2334841e-03   1.3650000e+03
  -1.2615942e-03   1.3800000e+03
  -1.3050571e-03   1.3950000e+03
  -1.3391207e-03   1.4100000e+03
  -1.3491468e-03   1.4250000e+03
  -1.3476260e-03   1.4400000e+03
  -1.3592357e-03   1.4550000e+03
  -1.3934909e-03   1.4700000e+03
  -1.4369400e-03   1.4850000e+03
  -1.4692174e-03   1.5000000e+03
  -1.4832177e-03   1.5150000e+03
  -1.4905639e-03   1.5300000e+03
  -1.5082348e-03   1.5450000e+03
  -1.5398674e-03   1.5600000e+03
  -1.5727360e-03   1.5750000e+03
  -1.5947123e-03   1.5900000e+03
  -1.6097309e-03   1.6050000e+03
  -1.6311457e-03   1.6200000e+03
  -1.6625320e-03   1.6350000e+03
  -1.6932730e-03   1.6500000e+03
  -1.7146183e-03   1.6650000e+03
  -1.7318747e-03   1.6800000e+03
