  -3.3073707e-03   1.5000000e+02
  -3.3115093e-03   1.6500000e+02
  -3.3163358e-03   1.8000000e+02
  -3.3218553e-03   1.9500000e+02
  -3.3277236e-03   2.1000000e+02
  -3.3335013e-03   2.2500000e+02
  -3.3392133e-03   2.4000000e+02
  -3.3453787e-03   2.5500000e+02
  -3.3525184e-03   2.7000000e+02
  -3.3606326e-03   2.8500000e+02
  -3.3691500e-03   3.0000000e+02
  -3.3774867e-03   3.1500000e+02
  -3.3855776e-03   3.3000000e+02
  -3.3938207e-03   3.4500000e+02
  -3.4026669e-03   3.6000000e+02
  -3.4123017e-03   3.7500000e+02
  -3.4226689e-03   3.9000000e+02
  -3.4337682e-03   4.0500000e+02
  -3.4455305e-03   4.2000000e+02
  -3.4570729e-03   4.3500000e+02
  -3.4668427e-03   4.5000000e+02
  -3.4741533e-03   4.6500000e+02
  -3.4797990e-03   4.8000000e+02
  -3.4848626e-03   4.9500000e+02
  -3.4899139e-03   5.1000000e+02
  -3.4955752e-03   5.2500000e+02
  -3.5027268e-03   5.4000000e+02
  -3.5116337e-03   5.5500000e+02
  -3.5215956e-03   5.7000000e+02
  -3.5320907e-03   5.8500000e+02
  -3.5433341e-03   6.0000000e+02
