  -8.1946226e-03   1.5000000e+02
  -8.2229190e-03   1.6500000e+02
  -8.2581649e-03   1.8000000e+02
  -8.3006630e-03   1.9500000e+02
  -8.3525404e-03   2.1000000e+02
  -8.4153581e-03   2.2500000e+02
  -8.4877806e-03   2.4000000e+02
  -8.5649211e-03   2.5500000e+02
  -8.6416788e-03   2.7000000e+02
  -8.7165255e-03   2.8500000e+02
  -8.7900935e-03   3.0000000e+02
  -8.8627730e-03   3.1500000e+02
  -8.9356164e-03   3.3000000e+02
  -9.0105962e-03   3.4500000e+02
  -9.0891169e-03   3.6000000e+02
  -9.1718864e-03   3.7500000e+02
  -9.2594326e-03   3.9000000e+02
  -9.3520340e-03   4.0500000e+02
  -9.4506815e-03   4.2000000e+02
  -9.5568961e-03   4.3500000e+02
  -9.6688932e-03   4.5000000e+02
  -9.7805131e-03   4.6500000e+02
  -9.8875938e-03   4.8000000e+02
  -9.9931713e-03   4.9500000e+02
  -1.0102920e-02   5.1000000e+02
  -1.0216858e-02   5.2500000e+02
  -1.0330803e-02   5.4000000e+02
  -1.0446896e-02   5.5500000e+02
  -1.0574586e-02   5.7000000e+02
  -1.0717119e-02   5.8500000e+02
  -1.0866800e-02   6.0000000e+02
