  -1.1579090e-03   1.5000000e+03
  -1.1698732e-03   1.5150000e+03
  -1.1831006e-03   1.5300000e+03
  -1.1993799e-03   1.5450000e+03
  -1.2184839e-03   1.5600000e+03
  -1.2375357e-03   1.5750000e+03
  -1.2552604e-03   1.5900000e+03
  -1.2735066e-03   1.6050000e+03
  -1.2937848e-03   1.6200000e+03
  -1.3156238e-03   1.6350000e+03
  -1.3385380e-03   1.6500000e+03
  -1.3626475e-03   1.6650000e+03
  -1.3874092e-03   1.6800000e+03
  -1.4120495e-03   1.6950000e+03
  -1.4370651e-03   1.7100000e+03
  -1.4636993e-03   1.7250000e+03
  -1.4921909e-03   1.7400000e+03
  -1.5212296e-03   1.7550000e+03
  -1.5486849e-03   1.7700000e+03
  -1.5730221e-03   1.7850000e+03
  -1.5947764e-03   1.8000000e+03
  -1.6162384e-03   1.8150000e+03
  -1.6389743e-03   1.8300000e+03
  -1.6625627e-03   1.8450000e+03
  -1.6864471e-03   1.8600000e+03
  -1.7115411e-03   1.8750000e+03
  -1.7388237e-03   1.8900000e+03
  -1.7676263e-03   1.9050000e+03
  -1.7965520e-03   1.9200000e+03
  -1.8251933e-03   1.9350000e+03
  -1.8539559e-03   1.9500000e+03
  -1.8830909e-03   1.9650000e+03
  -1.9129578e-03   1.9800000e+03
  -1.9447191e-03   1.9950000e+03
  -1.9796158e-03   2.0100000e+03
  -2.0174668e-03   2.0250000e+03
  -2.0567644e-03   2.0400000e+03
  -2.0965810e-03   2.0550000e+03
  -2.1378056e-03   2.0700000e+03
  -2.1820173e-03   2.0850000e+03
  -2.2294403e-03   2.1000000e+03
  -2.2784672e-03   2.1150000e+03
  -2.3270866e-03   2.1300000e+03
  -2.3745194e-03   2.1450000e+03
  -2.4217393e-03   2.1600000e+03
  -2.4707094e-03   2.1750000e+03
  -2.5229717e-03   2.1900000e+03
