  -3.8138130e-03   1.5000000e+02
  -3.8206645e-03   1.6500000e+02
  -3.8288499e-03   1.8000000e+02
  -3.8383775e-03   1.9500000e+02
  -3.8489928e-03   2.1000000e+02
  -3.8603665e-03   2.2500000e+02
  -3.8725387e-03   2.4000000e+02
  -3.8858207e-03   2.5500000e+02
  -3.9003778e-03   2.7000000e+02
  -3.9159935e-03   2.8500000e+02
  -3.9321841e-03   3.0000000e+02
  -3.9485916e-03   3.1500000e+02
  -3.9652172e-03   3.3000000e+02
  -3.9822864e-03   3.4500000e+02
  -3.9998563e-03   3.6000000e+02
  -4.0175207e-03   3.7500000e+02
  -4.0347958e-03   3.9000000e+02
  -4.0519056e-03   4.0500000e+02
  -4.0693758e-03   4.2000000e+02
  -4.0862802e-03   4.3500000e+02
  -4.1001532e-03   4.5000000e+02
  -4.1095773e-03   4.6500000e+02
  -4.1156011e-03   4.8000000e+02
  -4.1201017e-03   4.9500000e+02
  -4.1242419e-03   5.1000000e+02
  -4.1288850e-03   5.2500000e+02
  -4.1349684e-03   5.4000000e+02
  -4.1426341e-03   5.5500000e+02
  -4.1508796e-03   5.7000000e+02
  -4.1589737e-03   5.8500000e+02
  -4.1672462e-03   6.0000000e+02
