  -3.7777223e-04   7.6500000e+02
  -3.5605661e-04   7.8000000e+02
  -3.7845440e-04   7.9500000e+02
  -4.2007741e-04   8.1000000e+02
  -4.7658171e-04   8.2500000e+02
  -5.4105982e-04   8.4000000e+02
  -5.8335834e-04   8.5500000e+02
  -5.8135291e-04   8.7000000e+02
  -5.5965490e-04   8.8500000e+02
  -5.6558958e-04   9.0000000e+02
  -6.0972379e-04   9.1500000e+02
  -6.5927964e-04   9.3000000e+02
  -6.8894966e-04   9.4500000e+02
  -7.0529943e-04   9.6000000e+02
  -7.1758637e-04   9.7500000e+02
  -7.2064006e-04   9.9000000e+02
  -7.1782339e-04   1.0050000e+03
  -7.2794093e-04   1.0200000e+03
  -7.5475476e-04   1.0350000e+03
  -7.7715405e-04   1.0500000e+03
  -7.8221754e-04   1.0650000e+03
  -7.8352139e-04   1.0800000e+03
  -7.9624879e-04   1.0950000e+03
  -8.1605959e-04   1.1100000e+03
  -8.3180069e-04   1.1250000e+03
  -8.4149087e-04   1.1400000e+03
  -8.4798579e-04   1.1550000e+03
  -8.5123495e-04   1.1700000e+03
  -8.5087371e-04   1.1850000e+03
  -8.4958284e-04   1.2000000e+03
  -8.5056247e-04   1.2150000e+03
  -8.5575058e-04   1.2300000e+03
  -8.6830131e-04   1.2450000e+03
  -8.9297316e-04   1.2600000e+03
  -9.3025644e-04   1.2750000e+03
  -9.7151246e-04   1.2900000e+03
  -1.0035619e-03   1.3050000e+03
  -1.0181925e-03   1.3200000e+03
  -1.0167039e-03   1.3350000e+03
  -1.0092491e-03   1.3500000e+03
  -1.0114271e-03   1.3650000e+03
  -1.0339193e-03   1.3800000e+03
  -1.0696520e-03   1.3950000e+03
  -1.0973484e-03   1.4100000e+03
  -1.1042925e-03   1.4250000e+03
  -1.1011352e-03   1.4400000e+03
  -1.1090196e-03   1.4550000e+03
  -1.1360788e-03   1.4700000e+03
  -1.1709374e-03   1.4850000e+03
  -1.1964433e-03   1.5000000e+03
  -1.2065938e-03   1.5150000e+03
  -1.2111251e-03   1.5300000e+03
  -1.2243032e-03   1.5450000e+03
  -1.2490893e-03   1.5600000e+03
  -1.2745737e-03   1.5750000e+03
  -1.2905115e-03   1.5900000e+03
  -1.3004583e-03   1.6050000e+03
  -1.3158936e-03   1.6200000e+03
  -1.3397828e-03   1.6350000e+03
  -1.3629476e-03   1.6500000e+03
  -1.3778510e-03   1.6650000e+03
  -1.3889425e-03   1.6800000e+03
