  -7.7172479e-04   1.5000000e+03
  -7.7602000e-04   1.5150000e+03
  -7.8090723e-04   1.5300000e+03
  -7.8792690e-04   1.5450000e+03
  -7.9728826e-04   1.5600000e+03
  -8.0637838e-04   1.5750000e+03
  -8.1366044e-04   1.5900000e+03
  -8.2065101e-04   1.6050000e+03
  -8.2895375e-04   1.6200000e+03
  -8.3861552e-04   1.6350000e+03
  -8.4959413e-04   1.6500000e+03
  -8.6191267e-04   1.6650000e+03
  -8.7469042e-04   1.6800000e+03
  -8.8722183e-04   1.6950000e+03
  -9.0034818e-04   1.7100000e+03
  -9.1510289e-04   1.7250000e+03
  -9.3062583e-04   1.7400000e+03
  -9.4450952e-04   1.7550000e+03
  -9.5477834e-04   1.7700000e+03
  -9.6130755e-04   1.7850000e+03
  -9.6596876e-04   1.8000000e+03
  -9.7121357e-04   1.8150000e+03
  -9.7787369e-04   1.8300000e+03
  -9.8503346e-04   1.8450000e+03
  -9.9249789e-04   1.8600000e+03
  -1.0018365e-03   1.8750000e+03
  -1.0140439e-03   1.8900000e+03
  -1.0276641e-03   1.9050000e+03
  -1.0403717e-03   1.9200000e+03
  -1.0513014e-03   1.9350000e+03
  -1.0609527e-03   1.9500000e+03
  -1.0698712e-03   1.9650000e+03
  -1.0785586e-03   1.9800000e+03
  -1.0881308e-03   1.9950000e+03
  -1.0996890e-03   2.0100000e+03
  -1.1127265e-03   2.0250000e+03
  -1.1250667e-03   2.0400000e+03
  -1.1352210e-03   2.0550000e+03
  -1.1443649e-03   2.0700000e+03
  -1.1551647e-03   2.0850000e+03
  -1.1687318e-03   2.1000000e+03
  -1.1834817e-03   2.1150000e+03
  -1.1972102e-03   2.1300000e+03
  -1.2097005e-03   2.1450000e+03
  -1.2228645e-03   2.1600000e+03
  -1.2384966e-03   2.1750000e+03
  -1.2562474e-03   2.1900000e+03
