  -5.3135771e-04   1.5000000e+02
  -5.8574235e-04   1.6500000e+02
  -6.3328218e-04   1.8000000e+02
  -6.6666381e-04   1.9500000e+02
  -6.7135243e-04   2.1000000e+02
  -6.2761945e-04   2.2500000e+02
  -5.1468232e-04   2.4000000e+02
  -3.0925038e-04   2.5500000e+02
   1.9604886e-05   2.7000000e+02
   5.1533763e-04   2.8500000e+02
   1.2397611e-03   3.0000000e+02
   2.2827608e-03   3.1500000e+02
   3.7710187e-03   3.3000000e+02
   5.8642314e-03   3.4500000e+02
   8.7391427e-03   3.6000000e+02
   1.2581150e-02   3.7500000e+02
   1.7608849e-02   3.9000000e+02
   2.4139382e-02   4.0500000e+02
   3.2655012e-02   4.2000000e+02
   4.3798797e-02   4.3500000e+02
   5.8303714e-02   4.5000000e+02
   7.6982096e-02   4.6500000e+02
   1.0083097e-01   4.8000000e+02
   1.3107128e-01   4.9500000e+02
   1.6895315e-01   5.1000000e+02
   2.1555215e-01   5.2500000e+02
   2.7198294e-01   5.4000000e+02
   3.3994707e-01   5.5500000e+02
   4.2178905e-01   5.7000000e+02
   5.1929033e-01   5.8500000e+02
   6.3134211e-01   6.0000000e+02
