  -8.3944271e-04   1.5000000e+03
  -8.4745389e-04   1.5150000e+03
  -8.5635972e-04   1.5300000e+03
  -8.6752360e-04   1.5450000e+03
  -8.8090799e-04   1.5600000e+03
  -8.9429540e-04   1.5750000e+03
  -9.0653414e-04   1.5900000e+03
  -9.1893418e-04   1.6050000e+03
  -9.3271153e-04   1.6200000e+03
  -9.4768364e-04   1.6350000e+03
  -9.6364063e-04   1.6500000e+03
  -9.8068081e-04   1.6650000e+03
  -9.9830481e-04   1.6800000e+03
  -1.0159550e-03   1.6950000e+03
  -1.0341245e-03   1.7100000e+03
  -1.0536710e-03   1.7250000e+03
  -1.0743729e-03   1.7400000e+03
  -1.0948528e-03   1.7550000e+03
  -1.1135625e-03   1.7700000e+03
  -1.1298244e-03   1.7850000e+03
  -1.1444893e-03   1.8000000e+03
  -1.1593500e-03   1.8150000e+03
  -1.1753357e-03   1.8300000e+03
  -1.1919098e-03   1.8450000e+03
  -1.2087154e-03   1.8600000e+03
  -1.2266461e-03   1.8750000e+03
  -1.2464584e-03   1.8900000e+03
  -1.2674006e-03   1.9050000e+03
  -1.2881466e-03   1.9200000e+03
  -1.3083100e-03   1.9350000e+03
  -1.3283282e-03   1.9500000e+03
  -1.3485794e-03   1.9650000e+03
  -1.3694399e-03   1.9800000e+03
  -1.3917836e-03   1.9950000e+03
  -1.4164811e-03   2.0100000e+03
  -1.4432530e-03   2.0250000e+03
  -1.4707068e-03   2.0400000e+03
  -1.4979747e-03   2.0550000e+03
  -1.5258839e-03   2.0700000e+03
  -1.5560669e-03   2.0850000e+03
  -1.5890171e-03   2.1000000e+03
  -1.6234210e-03   2.1150000e+03
  -1.6574285e-03   2.1300000e+03
  -1.6903287e-03   2.1450000e+03
  -1.7230413e-03   2.1600000e+03
  -1.7571894e-03   2.1750000e+03
  -1.7937239e-03   2.1900000e+03
