  -6.5214606e-03   1.5000000e+02
  -6.5376624e-03   1.6500000e+02
  -6.5561272e-03   1.8000000e+02
  -6.5763867e-03   1.9500000e+02
  -6.5970398e-03   2.1000000e+02
  -6.6166925e-03   2.2500000e+02
  -6.6357898e-03   2.4000000e+02
  -6.6565583e-03   2.5500000e+02
  -6.6806749e-03   2.7000000e+02
  -6.7070983e-03   2.8500000e+02
  -6.7327060e-03   3.0000000e+02
  -6.7553534e-03   3.1500000e+02
  -6.7764544e-03   3.3000000e+02
  -6.8007135e-03   3.4500000e+02
  -6.8326509e-03   3.6000000e+02
  -6.8727215e-03   3.7500000e+02
  -6.9179609e-03   3.9000000e+02
  -6.9669420e-03   4.0500000e+02
  -7.0209485e-03   4.2000000e+02
  -7.0785936e-03   4.3500000e+02
  -7.1344581e-03   4.5000000e+02
  -7.1863839e-03   4.6500000e+02
  -7.2387331e-03   4.8000000e+02
  -7.2956607e-03   4.9500000e+02
  -7.3571559e-03   5.1000000e+02
  -7.4241823e-03   5.2500000e+02
  -7.5019337e-03   5.4000000e+02
  -7.5950329e-03   5.5500000e+02
  -7.7037322e-03   5.7000000e+02
  -7.8270882e-03   5.8500000e+02
  -7.9647824e-03   6.0000000e+02
