   1.4517331e-04   7.6500000e+02
  -2.8194650e-04   7.8000000e+02
  -3.8073066e-04   7.9500000e+02
  -3.3468555e-04   8.1000000e+02
  -2.3922848e-04   8.2500000e+02
  -1.9700169e-04   8.4000000e+02
  -4.1304479e-04   8.5500000e+02
  -1.0137414e-03   8.7000000e+02
  -1.8230589e-03   8.8500000e+02
  -2.4958726e-03   9.0000000e+02
  -2.8865784e-03   9.1500000e+02
  -3.1364409e-03   9.3000000e+02
  -3.3337376e-03   9.4500000e+02
  -3.0884624e-03   9.6000000e+02
  -1.1755244e-03   9.7500000e+02
   4.9428851e-03   9.9000000e+02
   1.9489141e-02   1.0050000e+03
   4.7628142e-02   1.0200000e+03
   9.2572913e-02   1.0350000e+03
   1.5045512e-01   1.0500000e+03
   2.0452359e-01   1.0650000e+03
   2.2254327e-01   1.0800000e+03
   1.6304493e-01   1.0950000e+03
  -5.9235101e-03   1.1100000e+03
  -2.7950746e-01   1.1250000e+03
  -5.9367555e-01   1.1400000e+03
  -8.2542568e-01   1.1550000e+03
  -8.2858413e-01   1.1700000e+03
  -5.0658852e-01   1.1850000e+03
   9.5705725e-02   1.2000000e+03
   7.3190486e-01   1.2150000e+03
   1.0096843e+00   1.2300000e+03
   6.2143219e-01   1.2450000e+03
  -3.3554998e-01   1.2600000e+03
  -1.2335956e+00   1.2750000e+03
  -1.2702719e+00   1.2900000e+03
  -1.9618388e-01   1.3050000e+03
   1.2363740e+00   1.3200000e+03
   1.7623460e+00   1.3350000e+03
   8.1380820e-01   1.3500000e+03
  -7.5961381e-01   1.3650000e+03
  -1.4434435e+00   1.3800000e+03
  -6.6400945e-01   1.3950000e+03
   5.7632977e-01   1.4100000e+03
   8.9445710e-01   1.4250000e+03
   1.5357751e-01   1.4400000e+03
  -5.1748437e-01   1.4550000e+03
  -2.8510389e-01   1.4700000e+03
   3.7747845e-01   1.4850000e+03
   5.2139705e-01   1.5000000e+03
   6.4488158e-02   1.5150000e+03
  -2.8051072e-01   1.5300000e+03
  -1.7512718e-01   1.5450000e+03
  -3.2676410e-02   1.5600000e+03
  -1.6663995e-01   1.5750000e+03
  -2.5685367e-01   1.5900000e+03
   1.1159203e-02   1.6050000e+03
   3.2800093e-01   1.6200000e+03
   2.6096061e-01   1.6350000e+03
  -1.3862386e-02   1.6500000e+03
  -3.3647284e-02   1.6650000e+03
   1.4214663e-01   1.6800000e+03
