  -3.5273286e-03   1.5000000e+02
  -3.5321731e-03   1.6500000e+02
  -3.5377641e-03   1.8000000e+02
  -3.5440752e-03   1.9500000e+02
  -3.5506426e-03   2.1000000e+02
  -3.5569025e-03   2.2500000e+02
  -3.5628956e-03   2.4000000e+02
  -3.5693394e-03   2.5500000e+02
  -3.5769572e-03   2.7000000e+02
  -3.5857232e-03   2.8500000e+02
  -3.5948306e-03   3.0000000e+02
  -3.6034971e-03   3.1500000e+02
  -3.6117265e-03   3.3000000e+02
  -3.6202511e-03   3.4500000e+02
  -3.6298912e-03   3.6000000e+02
  -3.6409867e-03   3.7500000e+02
  -3.6533894e-03   3.9000000e+02
  -3.6669578e-03   4.0500000e+02
  -3.6815419e-03   4.2000000e+02
  -3.6960929e-03   4.3500000e+02
  -3.7088140e-03   4.5000000e+02
  -3.7190155e-03   4.6500000e+02
  -3.7277583e-03   4.8000000e+02
  -3.7362808e-03   4.9500000e+02
  -3.7450835e-03   5.1000000e+02
  -3.7548286e-03   5.2500000e+02
  -3.7666936e-03   5.4000000e+02
  -3.7811706e-03   5.5500000e+02
  -3.7975453e-03   5.7000000e+02
  -3.8152395e-03   5.8500000e+02
  -3.8344737e-03   6.0000000e+02
