  -9.0151117e-04   1.5000000e+03
  -9.1073813e-04   1.5150000e+03
  -9.2097360e-04   1.5300000e+03
  -9.3363441e-04   1.5450000e+03
  -9.4860909e-04   1.5600000e+03
  -9.6361974e-04   1.5750000e+03
  -9.7754993e-04   1.5900000e+03
  -9.9177728e-04   1.6050000e+03
  -1.0075127e-03   1.6200000e+03
  -1.0244790e-03   1.6350000e+03
  -1.0423969e-03   1.6500000e+03
  -1.0613899e-03   1.6650000e+03
  -1.0810116e-03   1.6800000e+03
  -1.1006887e-03   1.6950000e+03
  -1.1208520e-03   1.7100000e+03
  -1.1423976e-03   1.7250000e+03
  -1.1652970e-03   1.7400000e+03
  -1.1883533e-03   1.7550000e+03
  -1.2099812e-03   1.7700000e+03
  -1.2292482e-03   1.7850000e+03
  -1.2467764e-03   1.8000000e+03
  -1.2643491e-03   1.8150000e+03
  -1.2830428e-03   1.8300000e+03
  -1.3024079e-03   1.8450000e+03
  -1.3220130e-03   1.8600000e+03
  -1.3426410e-03   1.8750000e+03
  -1.3650584e-03   1.8900000e+03
  -1.3886575e-03   1.9050000e+03
  -1.4122785e-03   1.9200000e+03
  -1.4356235e-03   1.9350000e+03
  -1.4591112e-03   1.9500000e+03
  -1.4830545e-03   1.9650000e+03
  -1.5077903e-03   1.9800000e+03
  -1.5342035e-03   1.9950000e+03
  -1.5632026e-03   2.0100000e+03
  -1.5945740e-03   2.0250000e+03
  -1.6270583e-03   2.0400000e+03
  -1.6598821e-03   2.0550000e+03
  -1.6938112e-03   2.0700000e+03
  -1.7302741e-03   2.0850000e+03
  -1.7696071e-03   2.1000000e+03
  -1.8105033e-03   2.1150000e+03
  -1.8511626e-03   2.1300000e+03
  -1.8907941e-03   2.1450000e+03
  -1.9301951e-03   2.1600000e+03
  -1.9710800e-03   2.1750000e+03
  -2.0147637e-03   2.1900000e+03
