   2.3532698e-03   7.6500000e+02
   2.3308382e-03   7.8000000e+02
   2.2245597e-03   7.9500000e+02
   1.9486318e-03   8.1000000e+02
   1.6130272e-03   8.2500000e+02
   1.3293050e-03   8.4000000e+02
   1.0324419e-03   8.5500000e+02
   6.1258359e-04   8.7000000e+02
   1.2019291e-04   8.8500000e+02
  -3.2959864e-04   9.0000000e+02
  -8.0258108e-04   9.1500000e+02
  -1.4977360e-03   9.3000000e+02
  -2.4502382e-03   9.4500000e+02
  -3.4688427e-03   9.6000000e+02
  -4.3943655e-03   9.7500000e+02
  -5.2194120e-03   9.9000000e+02
  -5.8487174e-03   1.0050000e+03
  -5.7887491e-03   1.0200000e+03
  -3.8852855e-03   1.0350000e+03
   2.2364070e-03   1.0500000e+03
   1.7267615e-02   1.0650000e+03
   4.9669106e-02   1.0800000e+03
   1.1307301e-01   1.0950000e+03
   2.2660270e-01   1.1100000e+03
   4.1162241e-01   1.1250000e+03
   6.8142444e-01   1.1400000e+03
   1.0219860e+00   1.1550000e+03
   1.3676534e+00   1.1700000e+03
   1.5852014e+00   1.1850000e+03
   1.4889742e+00   1.2000000e+03
   9.0840137e-01   1.2150000e+03
  -1.9506580e-01   1.2300000e+03
  -1.6117761e+00   1.2450000e+03
  -2.8623445e+00   1.2600000e+03
  -3.3552976e+00   1.2750000e+03
  -2.7100968e+00   1.2900000e+03
  -1.0769502e+00   1.3050000e+03
   8.0638868e-01   1.3200000e+03
   1.9737991e+00   1.3350000e+03
   1.8514942e+00   1.3500000e+03
   6.9493574e-01   1.3650000e+03
  -5.6751549e-01   1.3800000e+03
  -1.0436956e+00   1.3950000e+03
  -5.7376778e-01   1.4100000e+03
   2.1606809e-01   1.4250000e+03
   5.6244844e-01   1.4400000e+03
   2.7883700e-01   1.4550000e+03
  -1.7621578e-01   1.4700000e+03
  -2.9080141e-01   1.4850000e+03
  -4.7736291e-02   1.5000000e+03
   1.7208169e-01   1.5150000e+03
   1.2536462e-01   1.5300000e+03
  -3.1085158e-02   1.5450000e+03
  -3.6923788e-02   1.5600000e+03
   9.2326276e-02   1.5750000e+03
   1.3499470e-01   1.5900000e+03
   2.5753114e-02   1.6050000e+03
  -5.6168415e-02   1.6200000e+03
   1.4538777e-02   1.6350000e+03
   1.1154498e-01   1.6500000e+03
   6.7091338e-02   1.6650000e+03
  -5.9601631e-02   1.6800000e+03
