  -4.7343359e-03   1.5000000e+03
  -4.9439487e-03   1.5150000e+03
  -5.1669446e-03   1.5300000e+03
  -5.4016006e-03   1.5450000e+03
  -5.6398450e-03   1.5600000e+03
  -5.8785719e-03   1.5750000e+03
  -6.1249165e-03   1.5900000e+03
  -6.3877353e-03   1.6050000e+03
  -6.6641052e-03   1.6200000e+03
  -6.9337916e-03   1.6350000e+03
  -7.1654483e-03   1.6500000e+03
  -7.3258602e-03   1.6650000e+03
  -7.3811775e-03   1.6800000e+03
  -7.2879819e-03   1.6950000e+03
  -6.9777085e-03   1.7100000e+03
  -6.3342466e-03   1.7250000e+03
  -5.1578339e-03   1.7400000e+03
  -3.1035240e-03   1.7550000e+03
   4.1698213e-04   1.7700000e+03
   6.3776895e-03   1.7850000e+03
   1.6334021e-02   1.8000000e+03
   3.2675289e-02   1.8150000e+03
   5.8882199e-02   1.8300000e+03
   9.9611945e-02   1.8450000e+03
   1.6027105e-01   1.8600000e+03
   2.4561757e-01   1.8750000e+03
   3.5699317e-01   1.8900000e+03
   4.8822284e-01   1.9050000e+03
   6.2120587e-01   1.9200000e+03
   7.2362143e-01   1.9350000e+03
   7.5223899e-01   1.9500000e+03
   6.6472960e-01   1.9650000e+03
   4.3940485e-01   1.9800000e+03
   9.6194707e-02   1.9950000e+03
  -2.9360709e-01   2.0100000e+03
  -6.2143594e-01   2.0250000e+03
  -7.8218091e-01   2.0400000e+03
  -7.2652531e-01   2.0550000e+03
  -4.9486801e-01   2.0700000e+03
  -2.0513240e-01   2.0850000e+03
   7.5948215e-03   2.1000000e+03
   6.6088066e-02   2.1150000e+03
  -1.0007825e-02   2.1300000e+03
  -1.3010985e-01   2.1450000e+03
  -2.0311691e-01   2.1600000e+03
  -1.9600143e-01   2.1750000e+03
  -1.3710885e-01   2.1900000e+03
