   1.8620488e-03   7.6500000e+02
   1.9071092e-03   7.8000000e+02
   1.8390832e-03   7.9500000e+02
   1.6126593e-03   8.1000000e+02
   1.3443269e-03   8.2500000e+02
   1.1403133e-03   8.4000000e+02
   9.5228263e-04   8.5500000e+02
   6.9095305e-04   8.7000000e+02
   3.9409020e-04   8.8500000e+02
   1.4717548e-04   9.0000000e+02
  -1.1107109e-04   9.1500000e+02
  -5.4069370e-04   9.3000000e+02
  -1.1619077e-03   9.4500000e+02
  -1.8247913e-03   9.6000000e+02
  -2.4415669e-03   9.7500000e+02
  -3.0987829e-03   9.9000000e+02
  -3.9026365e-03   1.0050000e+03
  -4.8530102e-03   1.0200000e+03
  -5.9031481e-03   1.0350000e+03
  -7.0018331e-03   1.0500000e+03
  -8.0274530e-03   1.0650000e+03
  -8.7638581e-03   1.0800000e+03
  -8.8748904e-03   1.0950000e+03
  -7.6137669e-03   1.1100000e+03
  -3.2117935e-03   1.1250000e+03
   7.9322290e-03   1.1400000e+03
   3.2326549e-02   1.1550000e+03
   8.0708988e-02   1.1700000e+03
   1.6871881e-01   1.1850000e+03
   3.1477806e-01   1.2000000e+03
   5.3239310e-01   1.2150000e+03
   8.1516010e-01   1.2300000e+03
   1.1169244e+00   1.2450000e+03
   1.3372115e+00   1.2600000e+03
   1.3299562e+00   1.2750000e+03
   9.5320678e-01   1.2900000e+03
   1.5894654e-01   1.3050000e+03
  -9.1481698e-01   1.3200000e+03
  -1.9219878e+00   1.3350000e+03
  -2.4216778e+00   1.3500000e+03
  -2.1168458e+00   1.3650000e+03
  -1.0914187e+00   1.3800000e+03
   1.4682640e-01   1.3950000e+03
   9.2662108e-01   1.4100000e+03
   8.5777789e-01   1.4250000e+03
   1.3481058e-01   1.4400000e+03
  -5.8793354e-01   1.4550000e+03
  -7.0778316e-01   1.4700000e+03
  -1.6278708e-01   1.4850000e+03
   5.4304904e-01   1.5000000e+03
   8.1533468e-01   1.5150000e+03
   4.9877498e-01   1.5300000e+03
  -4.4353276e-02   1.5450000e+03
  -3.4810632e-01   1.5600000e+03
  -2.8768685e-01   1.5750000e+03
  -1.0363940e-01   1.5900000e+03
  -5.1782083e-02   1.6050000e+03
  -1.2280508e-01   1.6200000e+03
  -1.2686247e-01   1.6350000e+03
   2.6246786e-02   1.6500000e+03
   2.1609972e-01   1.6650000e+03
   2.6937544e-01   1.6800000e+03
