  -5.7186442e-03   1.5000000e+02
  -5.7351831e-03   1.6500000e+02
  -5.7550999e-03   1.8000000e+02
  -5.7783378e-03   1.9500000e+02
  -5.8046286e-03   2.1000000e+02
  -5.8336831e-03   2.2500000e+02
  -5.8656642e-03   2.4000000e+02
  -5.9007499e-03   2.5500000e+02
  -5.9384466e-03   2.7000000e+02
  -5.9777871e-03   2.8500000e+02
  -6.0181371e-03   3.0000000e+02
  -6.0595856e-03   3.1500000e+02
  -6.1026528e-03   3.3000000e+02
  -6.1478126e-03   3.4500000e+02
  -6.1947340e-03   3.6000000e+02
  -6.2415753e-03   3.7500000e+02
  -6.2863864e-03   3.9000000e+02
  -6.3299476e-03   4.0500000e+02
  -6.3746441e-03   4.2000000e+02
  -6.4189550e-03   4.3500000e+02
  -6.4567178e-03   4.5000000e+02
  -6.4842147e-03   4.6500000e+02
  -6.5043033e-03   4.8000000e+02
  -6.5219398e-03   4.9500000e+02
  -6.5397187e-03   5.1000000e+02
  -6.5589612e-03   5.2500000e+02
  -6.5812194e-03   5.4000000e+02
  -6.6065895e-03   5.5500000e+02
  -6.6330116e-03   5.7000000e+02
  -6.6594952e-03   5.8500000e+02
  -6.6873720e-03   6.0000000e+02
