  -3.1462268e-04   7.6500000e+02
  -3.0038814e-04   7.8000000e+02
  -3.1733688e-04   7.9500000e+02
  -3.4774884e-04   8.1000000e+02
  -3.8852158e-04   8.2500000e+02
  -4.3482165e-04   8.4000000e+02
  -4.6540055e-04   8.5500000e+02
  -4.6464478e-04   8.7000000e+02
  -4.4992767e-04   8.8500000e+02
  -4.5465172e-04   9.0000000e+02
  -4.8626889e-04   9.1500000e+02
  -5.2163680e-04   9.3000000e+02
  -5.4288632e-04   9.4500000e+02
  -5.5463641e-04   9.6000000e+02
  -5.6341972e-04   9.7500000e+02
  -5.6562829e-04   9.9000000e+02
  -5.6370551e-04   1.0050000e+03
  -5.7101721e-04   1.0200000e+03
  -5.9029600e-04   1.0350000e+03
  -6.0663803e-04   1.0500000e+03
  -6.1084109e-04   1.0650000e+03
  -6.1241270e-04   1.0800000e+03
  -6.2208547e-04   1.0950000e+03
  -6.3684641e-04   1.1100000e+03
  -6.4878404e-04   1.1250000e+03
  -6.5640581e-04   1.1400000e+03
  -6.6173077e-04   1.1550000e+03
  -6.6484301e-04   1.1700000e+03
  -6.6562707e-04   1.1850000e+03
  -6.6605036e-04   1.2000000e+03
  -6.6834647e-04   1.2150000e+03
  -6.7378581e-04   1.2300000e+03
  -6.8447605e-04   1.2450000e+03
  -7.0367131e-04   1.2600000e+03
  -7.3167850e-04   1.2750000e+03
  -7.6249044e-04   1.2900000e+03
  -7.8699901e-04   1.3050000e+03
  -7.9956703e-04   1.3200000e+03
  -8.0107438e-04   1.3350000e+03
  -7.9847593e-04   1.3500000e+03
  -8.0259505e-04   1.3650000e+03
  -8.2092342e-04   1.3800000e+03
  -8.4859179e-04   1.3950000e+03
  -8.7080977e-04   1.4100000e+03
  -8.7874028e-04   1.4250000e+03
  -8.7978179e-04   1.4400000e+03
  -8.8853709e-04   1.4550000e+03
  -9.1054186e-04   1.4700000e+03
  -9.3790813e-04   1.4850000e+03
  -9.5885427e-04   1.5000000e+03
  -9.6930203e-04   1.5150000e+03
  -9.7597652e-04   1.5300000e+03
  -9.8871626e-04   1.5450000e+03
  -1.0096121e-03   1.5600000e+03
  -1.0311914e-03   1.5750000e+03
  -1.0463659e-03   1.5900000e+03
  -1.0575182e-03   1.6050000e+03
  -1.0725313e-03   1.6200000e+03
  -1.0934913e-03   1.6350000e+03
  -1.1141357e-03   1.6500000e+03
  -1.1292865e-03   1.6650000e+03
  -1.1419865e-03   1.6800000e+03
