  -1.3246417e-02   1.5000000e+02
  -1.3367245e-02   1.6500000e+02
  -1.3517422e-02   1.8000000e+02
  -1.3700262e-02   1.9500000e+02
  -1.3923139e-02   2.1000000e+02
  -1.4190827e-02   2.2500000e+02
  -1.4498919e-02   2.4000000e+02
  -1.4829935e-02   2.5500000e+02
  -1.5164730e-02   2.7000000e+02
  -1.5497113e-02   2.8500000e+02
  -1.5828811e-02   3.0000000e+02
  -1.6162405e-02   3.1500000e+02
  -1.6506780e-02   3.3000000e+02
  -1.6876148e-02   3.4500000e+02
  -1.7282093e-02   3.6000000e+02
  -1.7733054e-02   3.7500000e+02
  -1.8233588e-02   3.9000000e+02
  -1.8782623e-02   4.0500000e+02
  -1.9384295e-02   4.2000000e+02
  -2.0053351e-02   4.3500000e+02
  -2.0795276e-02   4.5000000e+02
  -2.1595303e-02   4.6500000e+02
  -2.2444479e-02   4.8000000e+02
  -2.3357252e-02   4.9500000e+02
  -2.4323855e-02   5.1000000e+02
  -2.5220944e-02   5.2500000e+02
  -2.5752317e-02   5.4000000e+02
  -2.5372563e-02   5.5500000e+02
  -2.2917328e-02   5.7000000e+02
  -1.5541893e-02   5.8500000e+02
   3.4777618e-03   6.0000000e+02
