   9.5177731e-03   1.5000000e+02
   8.7079359e-03   1.6500000e+02
   7.8754220e-03   1.8000000e+02
   7.0718681e-03   1.9500000e+02
   6.4174375e-03   2.1000000e+02
   6.1132414e-03   2.2500000e+02
   6.4722225e-03   2.4000000e+02
   8.0232816e-03   2.5500000e+02
   1.1722670e-02   2.7000000e+02
   1.9346504e-02   2.8500000e+02
   3.4274671e-02   3.0000000e+02
   6.3090563e-02   3.1500000e+02
   1.1857895e-01   3.3000000e+02
   2.2455394e-01   3.4500000e+02
   4.2151496e-01   3.6000000e+02
   7.6712316e-01   3.7500000e+02
   1.3159397e+00   3.9000000e+02
   2.0576620e+00   4.0500000e+02
   2.8181796e+00   4.2000000e+02
   3.2028158e+00   4.3500000e+02
   2.7296426e+00   4.5000000e+02
   1.2083760e+00   4.6500000e+02
  -8.9367837e-01   4.8000000e+02
  -2.5796688e+00   4.9500000e+02
  -3.0672915e+00   5.1000000e+02
  -2.4806850e+00   5.2500000e+02
  -1.6461208e+00   5.4000000e+02
  -1.1638007e+00   5.5500000e+02
  -9.1918981e-01   5.7000000e+02
  -5.8840090e-01   5.8500000e+02
  -2.4333003e-01   6.0000000e+02
