  -1.7869874e-03   1.5000000e+03
  -1.8193227e-03   1.5150000e+03
  -1.8545721e-03   1.5300000e+03
  -1.8946319e-03   1.5450000e+03
  -1.9381145e-03   1.5600000e+03
  -1.9819371e-03   1.5750000e+03
  -2.0260136e-03   1.5900000e+03
  -2.0733823e-03   1.6050000e+03
  -2.1254886e-03   1.6200000e+03
  -2.1804664e-03   1.6350000e+03
  -2.2363111e-03   1.6500000e+03
  -2.2928910e-03   1.6650000e+03
  -2.3504766e-03   1.6800000e+03
  -2.4087548e-03   1.6950000e+03
  -2.4681201e-03   1.7100000e+03
  -2.5306528e-03   1.7250000e+03
  -2.5990766e-03   1.7400000e+03
  -2.6743656e-03   1.7550000e+03
  -2.7539318e-03   1.7700000e+03
  -2.8331063e-03   1.7850000e+03
  -2.9096631e-03   1.8000000e+03
  -2.9860684e-03   1.8150000e+03
  -3.0662157e-03   1.8300000e+03
  -3.1511977e-03   1.8450000e+03
  -3.2395653e-03   1.8600000e+03
  -3.3305467e-03   1.8750000e+03
  -3.4253921e-03   1.8900000e+03
  -3.5262245e-03   1.9050000e+03
  -3.6349571e-03   1.9200000e+03
  -3.7527257e-03   1.9350000e+03
  -3.8791334e-03   1.9500000e+03
  -4.0126168e-03   1.9650000e+03
  -4.1527264e-03   1.9800000e+03
  -4.3017296e-03   1.9950000e+03
  -4.4633453e-03   2.0100000e+03
  -4.6404963e-03   2.0250000e+03
  -4.8348177e-03   2.0400000e+03
  -5.0472617e-03   2.0550000e+03
  -5.2779466e-03   2.0700000e+03
  -5.5257860e-03   2.0850000e+03
  -5.7894257e-03   2.1000000e+03
  -6.0688672e-03   2.1150000e+03
  -6.3658552e-03   2.1300000e+03
  -6.6830702e-03   2.1450000e+03
  -7.0238677e-03   2.1600000e+03
  -7.3924009e-03   2.1750000e+03
  -7.7917706e-03   2.1900000e+03
