  -6.1691483e-03   1.5000000e+02
  -6.1931401e-03   1.6500000e+02
  -6.2224730e-03   1.8000000e+02
  -6.2572234e-03   1.9500000e+02
  -6.2977406e-03   2.1000000e+02
  -6.3443934e-03   2.2500000e+02
  -6.3972599e-03   2.4000000e+02
  -6.4552370e-03   2.5500000e+02
  -6.5160985e-03   2.7000000e+02
  -6.5783132e-03   2.8500000e+02
  -6.6423547e-03   3.0000000e+02
  -6.7096683e-03   3.1500000e+02
  -6.7805387e-03   3.3000000e+02
  -6.8533230e-03   3.4500000e+02
  -6.9248341e-03   3.6000000e+02
  -6.9908933e-03   3.7500000e+02
  -7.0488215e-03   3.9000000e+02
  -7.1006571e-03   4.0500000e+02
  -7.1504624e-03   4.2000000e+02
  -7.1963891e-03   4.3500000e+02
  -7.2297119e-03   4.5000000e+02
  -7.2443467e-03   4.6500000e+02
  -7.2430619e-03   4.8000000e+02
  -7.2326497e-03   4.9500000e+02
  -7.2175516e-03   5.1000000e+02
  -7.1992367e-03   5.2500000e+02
  -7.1773711e-03   5.4000000e+02
  -7.1492880e-03   5.5500000e+02
  -7.1105538e-03   5.7000000e+02
  -7.0589022e-03   5.8500000e+02
  -6.9956705e-03   6.0000000e+02
