  -5.3029397e-04   7.6500000e+02
  -5.0092390e-04   7.8000000e+02
  -5.2988343e-04   7.9500000e+02
  -5.8948633e-04   8.1000000e+02
  -6.6451071e-04   8.2500000e+02
  -7.3958613e-04   8.4000000e+02
  -7.8548002e-04   8.5500000e+02
  -7.8469800e-04   8.7000000e+02
  -7.6243730e-04   8.8500000e+02
  -7.6572399e-04   9.0000000e+02
  -8.1069284e-04   9.1500000e+02
  -8.7101414e-04   9.3000000e+02
  -9.1765024e-04   9.4500000e+02
  -9.4562321e-04   9.6000000e+02
  -9.5931446e-04   9.7500000e+02
  -9.6005201e-04   9.9000000e+02
  -9.5866068e-04   1.0050000e+03
  -9.7503216e-04   1.0200000e+03
  -1.0111576e-03   1.0350000e+03
  -1.0439287e-03   1.0500000e+03
  -1.0567389e-03   1.0650000e+03
  -1.0612317e-03   1.0800000e+03
  -1.0772429e-03   1.0950000e+03
  -1.1062422e-03   1.1100000e+03
  -1.1348658e-03   1.1250000e+03
  -1.1536506e-03   1.1400000e+03
  -1.1631114e-03   1.1550000e+03
  -1.1677177e-03   1.1700000e+03
  -1.1708034e-03   1.1850000e+03
  -1.1736228e-03   1.2000000e+03
  -1.1768984e-03   1.2150000e+03
  -1.1843442e-03   1.2300000e+03
  -1.2043018e-03   1.2450000e+03
  -1.2443933e-03   1.2600000e+03
  -1.3026191e-03   1.2750000e+03
  -1.3654459e-03   1.2900000e+03
  -1.4158637e-03   1.3050000e+03
  -1.4427544e-03   1.3200000e+03
  -1.4457708e-03   1.3350000e+03
  -1.4380473e-03   1.3500000e+03
  -1.4429933e-03   1.3650000e+03
  -1.4768752e-03   1.3800000e+03
  -1.5292104e-03   1.3950000e+03
  -1.5693462e-03   1.4100000e+03
  -1.5795678e-03   1.4250000e+03
  -1.5757071e-03   1.4400000e+03
  -1.5888450e-03   1.4550000e+03
  -1.6312150e-03   1.4700000e+03
  -1.6854859e-03   1.4850000e+03
  -1.7249290e-03   1.5000000e+03
  -1.7401574e-03   1.5150000e+03
  -1.7464842e-03   1.5300000e+03
  -1.7661295e-03   1.5450000e+03
  -1.8039979e-03   1.5600000e+03
  -1.8439358e-03   1.5750000e+03
  -1.8702698e-03   1.5900000e+03
  -1.8875916e-03   1.6050000e+03
  -1.9126980e-03   1.6200000e+03
  -1.9502612e-03   1.6350000e+03
  -1.9869416e-03   1.6500000e+03
  -2.0117618e-03   1.6650000e+03
  -2.0317687e-03   1.6800000e+03
