  -4.9255895e-03   1.5000000e+02
  -4.9345070e-03   1.6500000e+02
  -4.9449694e-03   1.8000000e+02
  -4.9569332e-03   1.9500000e+02
  -4.9698390e-03   2.1000000e+02
  -4.9830275e-03   2.2500000e+02
  -4.9965871e-03   2.4000000e+02
  -5.0113304e-03   2.5500000e+02
  -5.0279181e-03   2.7000000e+02
  -5.0460906e-03   2.8500000e+02
  -5.0648111e-03   3.0000000e+02
  -5.0832368e-03   3.1500000e+02
  -5.1015122e-03   3.3000000e+02
  -5.1206085e-03   3.4500000e+02
  -5.1413951e-03   3.6000000e+02
  -5.1638205e-03   3.7500000e+02
  -5.1872223e-03   3.9000000e+02
  -5.2115661e-03   4.0500000e+02
  -5.2372296e-03   4.2000000e+02
  -5.2628159e-03   4.3500000e+02
  -5.2850936e-03   4.5000000e+02
  -5.3025130e-03   4.6500000e+02
  -5.3168288e-03   4.8000000e+02
  -5.3304415e-03   4.9500000e+02
  -5.3444449e-03   5.1000000e+02
  -5.3598532e-03   5.2500000e+02
  -5.3783418e-03   5.4000000e+02
  -5.4005757e-03   5.5500000e+02
  -5.4254089e-03   5.7000000e+02
  -5.4519833e-03   5.8500000e+02
  -5.4807542e-03   6.0000000e+02
