   3.8667920e-01   1.5000000e+03
   3.2138553e-01   1.5150000e+03
   2.4945928e-01   1.5300000e+03
   1.7368419e-01   1.5450000e+03
   9.6351407e-02   1.5600000e+03
   1.9519962e-02   1.5750000e+03
  -5.4782327e-02   1.5900000e+03
  -1.2445469e-01   1.6050000e+03
  -1.8726042e-01   1.6200000e+03
  -2.4081674e-01   1.6350000e+03
  -2.8273779e-01   1.6500000e+03
  -3.1095722e-01   1.6650000e+03
  -3.2410312e-01   1.6800000e+03
  -3.2180181e-01   1.6950000e+03
  -3.0492154e-01   1.7100000e+03
  -2.7575532e-01   1.7250000e+03
  -2.3794246e-01   1.7400000e+03
  -1.9588248e-01   1.7550000e+03
  -1.5373315e-01   1.7700000e+03
  -1.1451447e-01   1.7850000e+03
  -7.9846196e-02   1.8000000e+03
  -5.0349563e-02   1.8150000e+03
  -2.6250403e-02   1.8300000e+03
  -7.7197882e-03   1.8450000e+03
   5.1281038e-03   1.8600000e+03
   1.2383464e-02   1.8750000e+03
   1.4465710e-02   1.8900000e+03
   1.2154603e-02   1.9050000e+03
   6.4551053e-03   1.9200000e+03
  -1.7081242e-03   1.9350000e+03
  -1.1754975e-02   1.9500000e+03
  -2.3396371e-02   1.9650000e+03
  -3.6288600e-02   1.9800000e+03
  -4.9765363e-02   1.9950000e+03
  -6.2934048e-02   2.0100000e+03
  -7.4999757e-02   2.0250000e+03
  -8.5470051e-02   2.0400000e+03
  -9.4127893e-02   2.0550000e+03
  -1.0095374e-01   2.0700000e+03
  -1.0613334e-01   2.0850000e+03
  -1.1004962e-01   2.1000000e+03
  -1.1312205e-01   2.1150000e+03
  -1.1556147e-01   2.1300000e+03
  -1.1724072e-01   2.1450000e+03
  -1.1777505e-01   2.1600000e+03
  -1.1672914e-01   2.1750000e+03
  -1.1381723e-01   2.1900000e+03
