   3.5574552e-01   1.5000000e+03
   2.5616887e-01   1.5150000e+03
   2.3544986e-02   1.5300000e+03
  -4.5328666e-02   1.5450000e+03
  -6.2188008e-03   1.5600000e+03
  -5.9059851e-02   1.5750000e+03
  -1.9318870e-01   1.5900000e+03
  -2.3177540e-01   1.6050000e+03
  -1.2709577e-01   1.6200000e+03
  -1.5215591e-03   1.6350000e+03
   7.6475866e-02   1.6500000e+03
   1.5451171e-01   1.6650000e+03
   2.1860711e-01   1.6800000e+03
   1.5394861e-01   1.6950000e+03
  -4.5875240e-02   1.7100000e+03
  -1.9916694e-01   1.7250000e+03
  -1.6426381e-01   1.7400000e+03
  -1.4763600e-02   1.7550000e+03
   1.0720271e-01   1.7700000e+03
   1.7946413e-01   1.7850000e+03
   2.2800788e-01   1.8000000e+03
   1.9602174e-01   1.8150000e+03
   3.9112519e-02   1.8300000e+03
  -1.3070032e-01   1.8450000e+03
  -1.5282887e-01   1.8600000e+03
  -3.1425100e-02   1.8750000e+03
   8.5134655e-02   1.8900000e+03
   1.0420404e-01   1.9050000e+03
   5.5957660e-02   1.9200000e+03
  -4.0098829e-03   1.9350000e+03
  -4.4940859e-02   1.9500000e+03
  -3.4640327e-02   1.9650000e+03
   3.3804733e-02   1.9800000e+03
   9.7483508e-02   1.9950000e+03
   8.6272284e-02   2.0100000e+03
   1.7832488e-02   2.0250000e+03
  -3.3921685e-02   2.0400000e+03
  -4.1549418e-02   2.0550000e+03
  -3.3563957e-02   2.0700000e+03
  -2.8494205e-02   2.0850000e+03
  -2.2942554e-02   2.1000000e+03
  -2.5341302e-02   2.1150000e+03
  -4.4350382e-02   2.1300000e+03
  -5.7775397e-02   2.1450000e+03
  -3.9567158e-02   2.1600000e+03
  -4.2398307e-03   2.1750000e+03
   1.1905354e-02   2.1900000e+03
