  -5.0886790e-03   1.5000000e+02
  -5.0987196e-03   1.6500000e+02
  -5.1101213e-03   1.8000000e+02
  -5.1226602e-03   1.9500000e+02
  -5.1353257e-03   2.1000000e+02
  -5.1470250e-03   2.2500000e+02
  -5.1579825e-03   2.4000000e+02
  -5.1697991e-03   2.5500000e+02
  -5.1838956e-03   2.7000000e+02
  -5.1998552e-03   2.8500000e+02
  -5.2156127e-03   3.0000000e+02
  -5.2295066e-03   3.1500000e+02
  -5.2421396e-03   3.3000000e+02
  -5.2562547e-03   3.4500000e+02
  -5.2746511e-03   3.6000000e+02
  -5.2979914e-03   3.7500000e+02
  -5.3249630e-03   3.9000000e+02
  -5.3546587e-03   4.0500000e+02
  -5.3871963e-03   4.2000000e+02
  -5.4211188e-03   4.3500000e+02
  -5.4530199e-03   4.5000000e+02
  -5.4817139e-03   4.6500000e+02
  -5.5098231e-03   4.8000000e+02
  -5.5398066e-03   4.9500000e+02
  -5.5718352e-03   5.1000000e+02
  -5.6067398e-03   5.2500000e+02
  -5.6475908e-03   5.4000000e+02
  -5.6966892e-03   5.5500000e+02
  -5.7535646e-03   5.7000000e+02
  -5.8173360e-03   5.8500000e+02
  -5.8879624e-03   6.0000000e+02
