  -6.9245824e-04   7.6500000e+02
  -6.4948469e-04   7.8000000e+02
  -6.8898423e-04   7.9500000e+02
  -7.8509393e-04   8.1000000e+02
  -8.9402223e-04   8.2500000e+02
  -9.7900024e-04   8.4000000e+02
  -1.0237322e-03   8.5500000e+02
  -1.0311536e-03   8.7000000e+02
  -1.0191204e-03   8.8500000e+02
  -1.0172469e-03   9.0000000e+02
  -1.0541140e-03   9.1500000e+02
  -1.1336063e-03   9.3000000e+02
  -1.2253750e-03   9.4500000e+02
  -1.2895864e-03   9.6000000e+02
  -1.3132455e-03   9.7500000e+02
  -1.3172543e-03   9.9000000e+02
  -1.3319320e-03   1.0050000e+03
  -1.3734337e-03   1.0200000e+03
  -1.4369446e-03   1.0350000e+03
  -1.5005438e-03   1.0500000e+03
  -1.5417172e-03   1.0650000e+03
  -1.5625160e-03   1.0800000e+03
  -1.5912778e-03   1.0950000e+03
  -1.6477640e-03   1.1100000e+03
  -1.7166752e-03   1.1250000e+03
  -1.7686703e-03   1.1400000e+03
  -1.7970863e-03   1.1550000e+03
  -1.8192144e-03   1.1700000e+03
  -1.8483979e-03   1.1850000e+03
  -1.8798294e-03   1.2000000e+03
  -1.9051640e-03   1.2150000e+03
  -1.9324472e-03   1.2300000e+03
  -1.9843238e-03   1.2450000e+03
  -2.0754924e-03   1.2600000e+03
  -2.1967271e-03   1.2750000e+03
  -2.3229634e-03   1.2900000e+03
  -2.4299845e-03   1.3050000e+03
  -2.5009008e-03   1.3200000e+03
  -2.5309999e-03   1.3350000e+03
  -2.5397316e-03   1.3500000e+03
  -2.5679218e-03   1.3650000e+03
  -2.6428646e-03   1.3800000e+03
  -2.7442167e-03   1.3950000e+03
  -2.8196191e-03   1.4100000e+03
  -2.8412505e-03   1.4250000e+03
  -2.8381434e-03   1.4400000e+03
  -2.8648607e-03   1.4550000e+03
  -2.9425079e-03   1.4700000e+03
  -3.0375023e-03   1.4850000e+03
  -3.0974939e-03   1.5000000e+03
  -3.1029135e-03   1.5150000e+03
  -3.0811275e-03   1.5300000e+03
  -3.0718348e-03   1.5450000e+03
  -3.0822193e-03   1.5600000e+03
  -3.0806155e-03   1.5750000e+03
  -3.0348087e-03   1.5900000e+03
  -2.9473240e-03   1.6050000e+03
  -2.8420037e-03   1.6200000e+03
  -2.7206405e-03   1.6350000e+03
  -2.5511449e-03   1.6500000e+03
  -2.3033437e-03   1.6650000e+03
  -1.9774917e-03   1.6800000e+03
