  -1.3895024e-02   1.5000000e+02
  -1.4083595e-02   1.6500000e+02
  -1.4317780e-02   1.8000000e+02
  -1.4604144e-02   1.9500000e+02
  -1.4953517e-02   2.1000000e+02
  -1.5373013e-02   2.2500000e+02
  -1.5856918e-02   2.4000000e+02
  -1.6379526e-02   2.5500000e+02
  -1.6911630e-02   2.7000000e+02
  -1.7444272e-02   2.8500000e+02
  -1.7983619e-02   3.0000000e+02
  -1.8538622e-02   3.1500000e+02
  -1.9124217e-02   3.3000000e+02
  -1.9757599e-02   3.4500000e+02
  -2.0446619e-02   3.6000000e+02
  -2.1188641e-02   3.7500000e+02
  -2.1971209e-02   3.9000000e+02
  -2.2775615e-02   4.0500000e+02
  -2.3592999e-02   4.2000000e+02
  -2.4411846e-02   4.3500000e+02
  -2.5146078e-02   4.5000000e+02
  -2.5554132e-02   4.6500000e+02
  -2.5145704e-02   4.8000000e+02
  -2.2848047e-02   4.9500000e+02
  -1.5945701e-02   5.1000000e+02
   2.4994023e-03   5.2500000e+02
   4.8752133e-02   5.4000000e+02
   1.5559857e-01   5.5500000e+02
   3.7445328e-01   5.7000000e+02
   7.5255275e-01   5.8500000e+02
   1.2633606e+00   6.0000000e+02
