   1.8071164e-04   7.6500000e+02
   2.2336758e-04   7.8000000e+02
   1.8783676e-04   7.9500000e+02
   4.5679280e-05   8.1000000e+02
  -1.1159332e-04   8.2500000e+02
  -2.0100329e-04   8.4000000e+02
  -2.5574717e-04   8.5500000e+02
  -3.4160740e-04   8.7000000e+02
  -4.3216004e-04   8.8500000e+02
  -4.6563474e-04   9.0000000e+02
  -4.8621054e-04   9.1500000e+02
  -6.0642965e-04   9.3000000e+02
  -8.3070499e-04   9.4500000e+02
  -1.0356762e-03   9.6000000e+02
  -1.1455517e-03   9.7500000e+02
  -1.2162906e-03   9.9000000e+02
  -1.3203933e-03   1.0050000e+03
  -1.4542626e-03   1.0200000e+03
  -1.5857760e-03   1.0350000e+03
  -1.6917618e-03   1.0500000e+03
  -1.7236096e-03   1.0650000e+03
  -1.6262577e-03   1.0800000e+03
  -1.4027030e-03   1.0950000e+03
  -1.0720781e-03   1.1100000e+03
  -5.5578363e-04   1.1250000e+03
   3.2402464e-04   1.1400000e+03
   1.7448935e-03   1.1550000e+03
   3.8673040e-03   1.1700000e+03
   6.9367290e-03   1.1850000e+03
   1.1364190e-02   1.2000000e+03
   1.7718393e-02   1.2150000e+03
   2.6724095e-02   1.2300000e+03
   3.9368648e-02   1.2450000e+03
   5.7086747e-02   1.2600000e+03
   8.1907749e-02   1.2750000e+03
   1.1650857e-01   1.2900000e+03
   1.6418572e-01   1.3050000e+03
   2.2868019e-01   1.3200000e+03
   3.1365028e-01   1.3350000e+03
   4.2159173e-01   1.3500000e+03
   5.5212826e-01   1.3650000e+03
   6.9973236e-01   1.3800000e+03
   8.5119927e-01   1.3950000e+03
   9.8377192e-01   1.4100000e+03
   1.0655434e+00   1.4250000e+03
   1.0600332e+00   1.4400000e+03
   9.3589270e-01   1.4550000e+03
   6.8020362e-01   1.4700000e+03
   3.1052440e-01   1.4850000e+03
  -1.2126441e-01   1.5000000e+03
  -5.3873450e-01   1.5150000e+03
  -8.6371398e-01   1.5300000e+03
  -1.0434362e+00   1.5450000e+03
  -1.0684789e+00   1.5600000e+03
  -9.7115290e-01   1.5750000e+03
  -8.0513060e-01   1.5900000e+03
  -6.1923492e-01   1.6050000e+03
  -4.4194049e-01   1.6200000e+03
  -2.8423122e-01   1.6350000e+03
  -1.5340278e-01   1.6500000e+03
  -6.2057707e-02   1.6650000e+03
  -2.2915795e-02   1.6800000e+03
