  -3.1541853e-04   7.6500000e+02
  -2.9563750e-04   7.8000000e+02
  -3.1503019e-04   7.9500000e+02
  -3.5163533e-04   8.1000000e+02
  -4.0143731e-04   8.2500000e+02
  -4.5817083e-04   8.4000000e+02
  -4.9523509e-04   8.5500000e+02
  -4.9318944e-04   8.7000000e+02
  -4.7376225e-04   8.8500000e+02
  -4.7871430e-04   9.0000000e+02
  -5.1747350e-04   9.1500000e+02
  -5.6121382e-04   9.3000000e+02
  -5.8752589e-04   9.4500000e+02
  -6.0201343e-04   9.6000000e+02
  -6.1277556e-04   9.7500000e+02
  -6.1535632e-04   9.9000000e+02
  -6.1282265e-04   1.0050000e+03
  -6.2174158e-04   1.0200000e+03
  -6.4536656e-04   1.0350000e+03
  -6.6503667e-04   1.0500000e+03
  -6.6933257e-04   1.0650000e+03
  -6.7023799e-04   1.0800000e+03
  -6.8120967e-04   1.0950000e+03
  -6.9849024e-04   1.1100000e+03
  -7.1221736e-04   1.1250000e+03
  -7.2055729e-04   1.1400000e+03
  -7.2598498e-04   1.1550000e+03
  -7.2847412e-04   1.1700000e+03
  -7.2770275e-04   1.1850000e+03
  -7.2599004e-04   1.2000000e+03
  -7.2613801e-04   1.2150000e+03
  -7.2992750e-04   1.2300000e+03
  -7.4027781e-04   1.2450000e+03
  -7.6147227e-04   1.2600000e+03
  -7.9392915e-04   1.2750000e+03
  -8.2991045e-04   1.2900000e+03
  -8.5763802e-04   1.3050000e+03
  -8.6974970e-04   1.3200000e+03
  -8.6737482e-04   1.3350000e+03
  -8.5960107e-04   1.3500000e+03
  -8.6040178e-04   1.3650000e+03
  -8.7932276e-04   1.3800000e+03
  -9.1002381e-04   1.3950000e+03
  -9.3348400e-04   1.4100000e+03
  -9.3833235e-04   1.4250000e+03
  -9.3408616e-04   1.4400000e+03
  -9.3968585e-04   1.4550000e+03
  -9.6246216e-04   1.4700000e+03
  -9.9223922e-04   1.4850000e+03
  -1.0136000e-03   1.5000000e+03
  -1.0211238e-03   1.5150000e+03
  -1.0235524e-03   1.5300000e+03
  -1.0336997e-03   1.5450000e+03
  -1.0542077e-03   1.5600000e+03
  -1.0752707e-03   1.5750000e+03
  -1.0877051e-03   1.5900000e+03
  -1.0947210e-03   1.6050000e+03
  -1.1066243e-03   1.6200000e+03
  -1.1260557e-03   1.6350000e+03
  -1.1447609e-03   1.6500000e+03
  -1.1559746e-03   1.6650000e+03
  -1.1637039e-03   1.6800000e+03
