  -8.4131574e-03   0.0000000e+00
  -8.4124114e-03   1.5000000e+01
  -8.4105972e-03   3.0000000e+01
  -8.4092654e-03   4.5000000e+01
  -8.4105777e-03   6.0000000e+01
  -8.4161507e-03   7.5000000e+01
  -8.4259268e-03   9.0000000e+01
  -8.4387176e-03   1.0500000e+02
  -8.4538897e-03   1.2000000e+02
  -8.4724892e-03   1.3500000e+02
  -8.4962994e-03   1.5000000e+02
  -8.5260356e-03   1.6500000e+02
  -8.5615311e-03   1.8000000e+02
  -8.6025493e-03   1.9500000e+02
  -8.6484505e-03   2.1000000e+02
  -8.6986655e-03   2.2500000e+02
  -8.7536350e-03   2.4000000e+02
  -8.8139977e-03   2.5500000e+02
  -8.8790655e-03   2.7000000e+02
  -8.9469030e-03   2.8500000e+02
  -9.0160789e-03   3.0000000e+02
  -9.0868752e-03   3.1500000e+02
  -9.1609620e-03   3.3000000e+02
  -9.2404997e-03   3.4500000e+02
  -9.3262345e-03   3.6000000e+02
  -9.4152950e-03   3.7500000e+02
  -9.5037026e-03   3.9000000e+02
  -9.5926486e-03   4.0500000e+02
  -9.6870316e-03   4.2000000e+02
  -9.7847246e-03   4.3500000e+02
  -9.8747732e-03   4.5000000e+02
  -9.9509992e-03   4.6500000e+02
  -1.0019600e-02   4.8000000e+02
  -1.0089650e-02   4.9500000e+02
  -1.0164536e-02   5.1000000e+02
  -1.0245707e-02   5.2500000e+02
  -1.0336795e-02   5.4000000e+02
  -1.0439777e-02   5.5500000e+02
  -1.0552553e-02   5.7000000e+02
  -1.0674589e-02   5.8500000e+02
  -1.0808643e-02   6.0000000e+02
  -1.0951627e-02   6.1500000e+02
  -1.1093026e-02   6.3000000e+02
  -1.1228392e-02   6.4500000e+02
  -1.1364235e-02   6.6000000e+02
  -1.1507837e-02   6.7500000e+02
  -1.1663157e-02   6.9000000e+02
  -1.1832730e-02   7.0500000e+02
  -1.2013416e-02   7.2000000e+02
  -1.2195938e-02   7.3500000e+02
  -1.2372440e-02   7.5000000e+02
  -1.2538900e-02   7.6500000e+02
  -1.2693091e-02   7.8000000e+02
  -1.2835061e-02   7.9500000e+02
  -1.2964240e-02   8.1000000e+02
  -1.3072257e-02   8.2500000e+02
  -1.3139269e-02   8.4000000e+02
  -1.3133173e-02   8.5500000e+02
  -1.3006680e-02   8.7000000e+02
  -1.2691068e-02   8.8500000e+02
  -1.2081589e-02   9.0000000e+02
  -1.1007270e-02   9.1500000e+02
  -9.1827763e-03   9.3000000e+02
  -6.1336989e-03   9.4500000e+02
  -1.0747978e-03   9.6000000e+02
   7.2768424e-03   9.7500000e+02
   2.0951955e-02   9.9000000e+02
   4.2980459e-02   1.0050000e+03
   7.7460922e-02   1.0200000e+03
   1.2911710e-01   1.0350000e+03
   2.0192054e-01   1.0500000e+03
   2.9649737e-01   1.0650000e+03
   4.0663344e-01   1.0800000e+03
   5.1626927e-01   1.0950000e+03
   5.9944272e-01   1.1100000e+03
   6.2563944e-01   1.1250000e+03
   5.7089031e-01   1.1400000e+03
   4.3089253e-01   1.1550000e+03
   2.2877757e-01   1.1700000e+03
   1.0566386e-02   1.1850000e+03
  -1.7233278e-01   1.2000000e+03
  -2.8510043e-01   1.2150000e+03
  -3.2274440e-01   1.2300000e+03
  -3.0640551e-01   1.2450000e+03
  -2.6650822e-01   1.2600000e+03
  -2.2550112e-01   1.2750000e+03
  -1.9104640e-01   1.2900000e+03
  -1.6044246e-01   1.3050000e+03
  -1.2907779e-01   1.3200000e+03
  -9.6119277e-02   1.3350000e+03
  -6.5687604e-02   1.3500000e+03
  -4.4636767e-02   1.3650000e+03
  -3.8154382e-02   1.3800000e+03
  -4.5478780e-02   1.3950000e+03
  -5.9506487e-02   1.4100000e+03
  -7.1465805e-02   1.4250000e+03
  -7.6273434e-02   1.4400000e+03
  -7.3364049e-02   1.4550000e+03
  -6.3846551e-02   1.4700000e+03
  -4.9130160e-02   1.4850000e+03
  -3.2213144e-02   1.5000000e+03
  -1.7463166e-02   1.5150000e+03
  -7.2284597e-03   1.5300000e+03
   1.4522584e-04   1.5450000e+03
   7.3645129e-03   1.5600000e+03
   1.4132323e-02   1.5750000e+03
   1.7670244e-02   1.5900000e+03
   1.6818350e-02   1.6050000e+03
   1.3964639e-02   1.6200000e+03
   1.2863824e-02   1.6350000e+03
   1.5882004e-02   1.6500000e+03
   2.3511788e-02   1.6650000e+03
   3.5013609e-02   1.6800000e+03
   4.8371401e-02   1.6950000e+03
   6.0115337e-02   1.7100000e+03
   6.6385962e-02   1.7250000e+03
   6.5020725e-02   1.7400000e+03
   5.7158560e-02   1.7550000e+03
   4.7202297e-02   1.7700000e+03
   4.1006308e-02   1.7850000e+03
   4.3025106e-02   1.8000000e+03
   5.3723864e-02   1.8150000e+03
   6.8563119e-02   1.8300000e+03
   7.9206392e-02   1.8450000e+03
   7.6737329e-02   1.8600000e+03
   5.6005582e-02   1.8750000e+03
   1.9453758e-02   1.8900000e+03
  -2.2057977e-02   1.9050000e+03
  -5.3421579e-02   1.9200000e+03
  -6.3420169e-02   1.9350000e+03
  -5.2009810e-02   1.9500000e+03
  -3.1213062e-02   1.9650000e+03
  -1.8006017e-02   1.9800000e+03
  -2.3180623e-02   1.9950000e+03
  -4.3319274e-02   2.0100000e+03
  -6.1856519e-02   2.0250000e+03
  -5.9943162e-02   2.0400000e+03
  -3.0484688e-02   2.0550000e+03
   1.5560973e-02   2.0700000e+03
   5.7005636e-02   2.0850000e+03
   7.8664809e-02   2.1000000e+03
   8.1512861e-02   2.1150000e+03
   7.7112786e-02   2.1300000e+03
   7.2090216e-02   2.1450000e+03
   5.9077609e-02   2.1600000e+03
   2.4653407e-02   2.1750000e+03
  -3.2668937e-02   2.1900000e+03
  -9.2830122e-02   2.2050000e+03
  -1.2452925e-01   2.2200000e+03
  -1.0776642e-01   2.2350000e+03
  -4.8729587e-02   2.2500000e+03
   2.5223669e-02   2.2650000e+03
   8.3311968e-02   2.2800000e+03
   1.0462124e-01   2.2950000e+03
   7.9518288e-02   2.3100000e+03
   7.8460742e-03   2.3250000e+03
  -9.6264243e-02   2.3400000e+03
  -1.9839205e-01   2.3550000e+03
  -2.5212133e-01   2.3700000e+03
  -2.2502704e-01   2.3850000e+03
  -1.2344512e-01   2.4000000e+03
   7.6280995e-03   2.4150000e+03
   1.1197124e-01   2.4300000e+03
   1.5479819e-01   2.4450000e+03
   1.3650417e-01   2.4600000e+03
   8.2867935e-02   2.4750000e+03
   2.5134791e-02   2.4900000e+03
  -1.5348667e-02   2.5050000e+03
  -3.2625355e-02   2.5200000e+03
  -3.3385269e-02   2.5350000e+03
  -2.9418569e-02   2.5500000e+03
  -2.9619768e-02   2.5650000e+03
  -3.6188800e-02   2.5800000e+03
  -4.6335559e-02   2.5950000e+03
  -5.5950005e-02   2.6100000e+03
  -6.1221275e-02   2.6250000e+03
  -5.8372851e-02   2.6400000e+03
  -4.4416994e-02   2.6550000e+03
  -1.9830178e-02   2.6700000e+03
   9.1758473e-03   2.6850000e+03
   3.1620927e-02   2.7000000e+03
   3.6873188e-02   2.7150000e+03
   2.1933088e-02   2.7300000e+03
  -4.2148111e-03   2.7450000e+03
  -2.4565065e-02   2.7600000e+03
  -2.5623728e-02   2.7750000e+03
  -7.2356896e-03   2.7900000e+03
   1.8721582e-02   2.8050000e+03
   3.9119881e-02   2.8200000e+03
   4.8349164e-02   2.8350000e+03
   4.7553953e-02   2.8500000e+03
   3.9026059e-02   2.8650000e+03
   2.4450848e-02   2.8800000e+03
   7.5620366e-03   2.8950000e+03
  -5.3048916e-03   2.9100000e+03
  -9.3383780e-03   2.9250000e+03
  -4.9921339e-03   2.9400000e+03
   3.2811263e-03   2.9550000e+03
   1.0987340e-02   2.9700000e+03
   1.5362488e-02   2.9850000e+03
   1.4717981e-02   3.0000000e+03
   8.6799217e-03   3.0150000e+03
  -2.1385158e-04   3.0300000e+03
  -6.9036754e-03   3.0450000e+03
  -7.5450246e-03   3.0600000e+03
  -2.8757777e-03   3.0750000e+03
   2.8613796e-03   3.0900000e+03
   6.1108395e-03   3.1050000e+03
   6.1360360e-03   3.1200000e+03
   2.9298242e-03   3.1350000e+03
  -5.4482915e-03   3.1500000e+03
  -2.1665756e-02   3.1650000e+03
  -4.4910051e-02   3.1800000e+03
  -6.8977110e-02   3.1950000e+03
  -8.5651718e-02   3.2100000e+03
  -9.0185910e-02   3.2250000e+03
  -8.3325341e-02   3.2400000e+03
  -6.8534844e-02   3.2550000e+03
  -4.8370142e-02   3.2700000e+03
  -2.3974059e-02   3.2850000e+03
   2.8595771e-03   3.3000000e+03
   2.8563770e-02   3.3150000e+03
   4.9241450e-02   3.3300000e+03
   6.2840432e-02   3.3450000e+03
   6.9720767e-02   3.3600000e+03
   7.1546517e-02   3.3750000e+03
   6.9970421e-02   3.3900000e+03
   6.5919042e-02   3.4050000e+03
   5.9253037e-02   3.4200000e+03
   4.8710249e-02   3.4350000e+03
   3.2518003e-02   3.4500000e+03
   9.7056068e-03   3.4650000e+03
  -1.8616410e-02   3.4800000e+03
  -4.8900958e-02   3.4950000e+03
  -7.6100439e-02   3.5100000e+03
  -9.5527701e-02   3.5250000e+03
  -1.0459353e-01   3.5400000e+03
  -1.0322401e-01   3.5550000e+03
  -9.2755266e-02   3.5700000e+03
  -7.4597821e-02   3.5850000e+03
  -5.0140522e-02   3.6000000e+03
  -2.1744043e-02   3.6150000e+03
   6.7372289e-03   3.6300000e+03
   3.0843435e-02   3.6450000e+03
   4.7071997e-02   3.6600000e+03
   5.3892583e-02   3.6750000e+03
   5.1939689e-02   3.6900000e+03
   4.3799214e-02   3.7050000e+03
   3.3437856e-02   3.7200000e+03
   2.4952462e-02   3.7350000e+03
   2.0860216e-02   3.7500000e+03
   2.0949850e-02   3.7650000e+03
   2.2627050e-02   3.7800000e+03
   2.2672404e-02   3.7950000e+03
   1.9331118e-02   3.8100000e+03
   1.3446676e-02   3.8250000e+03
   7.9636006e-03   3.8400000e+03
   6.0829599e-03   3.8550000e+03
   9.1168778e-03   3.8700000e+03
   1.5316705e-02   3.8850000e+03
   2.0542081e-02   3.9000000e+03
   2.0660069e-02   3.9150000e+03
   1.4358694e-02   3.9300000e+03
   4.4248565e-03   3.9450000e+03
  -3.7109405e-03   3.9600000e+03
  -5.4184804e-03   3.9750000e+03
   5.6759291e-05   3.9900000e+03
   9.0064416e-03   4.0050000e+03
   1.5354034e-02   4.0200000e+03
   1.3784382e-02   4.0350000e+03
   2.0181823e-03   4.0500000e+03
  -1.8523548e-02   4.0650000e+03
  -4.3299790e-02   4.0800000e+03
  -6.5901130e-02   4.0950000e+03
  -7.9747342e-02   4.1100000e+03
  -8.0083415e-02   4.1250000e+03
  -6.5745480e-02   4.1400000e+03
  -3.9892778e-02   4.1550000e+03
  -9.2323143e-03   4.1700000e+03
   1.8002244e-02   4.1850000e+03
   3.4537267e-02   4.2000000e+03
   3.6222853e-02   4.2150000e+03
   2.3318602e-02   4.2300000e+03
   5.0571945e-04   4.2450000e+03
  -2.4561254e-02   4.2600000e+03
  -4.3807074e-02   4.2750000e+03
  -5.1377933e-02   4.2900000e+03
  -4.5271803e-02   4.3050000e+03
  -2.7583893e-02   4.3200000e+03
  -3.7790122e-03   4.3350000e+03
   1.8647950e-02   4.3500000e+03
   3.2335889e-02   4.3650000e+03
   3.3054639e-02   4.3800000e+03
   2.2189384e-02   4.3950000e+03
   6.4749327e-03   4.4100000e+03
  -5.8350721e-03   4.4250000e+03
  -1.0092508e-02   4.4400000e+03
  -7.7512981e-03   4.4550000e+03
  -4.2523597e-03   4.4700000e+03
  -4.2616697e-03   4.4850000e+03
  -8.3408393e-03   4.5000000e+03
