  -1.1978657e-03   0.0000000e+00
  -1.1978623e-03   1.5000000e+01
  -1.1978698e-03   3.0000000e+01
  -1.1979155e-03   4.5000000e+01
  -1.1979630e-03   6.0000000e+01
  -1.1979135e-03   7.5000000e+01
  -1.1977297e-03   9.0000000e+01
  -1.1975064e-03   1.0500000e+02
  -1.1974229e-03   1.2000000e+02
  -1.1975921e-03   1.3500000e+02
  -1.1978587e-03   1.5000000e+02
  -1.1977219e-03   1.6500000e+02
  -1.1962012e-03   1.8000000e+02
  -1.1905681e-03   1.9500000e+02
  -1.1728337e-03   2.1000000e+02
  -1.1258596e-03   2.2500000e+02
  -1.0270440e-03   2.4000000e+02
  -8.6858007e-04   2.5500000e+02
  -6.8613945e-04   2.7000000e+02
  -5.5968633e-04   2.8500000e+02
  -5.5598968e-04   3.0000000e+02
  -6.5173226e-04   3.1500000e+02
  -7.3652965e-04   3.3000000e+02
  -7.2615931e-04   3.4500000e+02
  -6.5923104e-04   3.6000000e+02
  -6.3828082e-04   3.7500000e+02
  -6.8617455e-04   3.9000000e+02
  -7.2523847e-04   4.0500000e+02
  -7.0511550e-04   4.2000000e+02
  -6.7331339e-04   4.3500000e+02
  -6.8492012e-04   4.5000000e+02
  -7.1522646e-04   4.6500000e+02
  -7.1587221e-04   4.8000000e+02
  -6.9894170e-04   4.9500000e+02
  -7.0362183e-04   5.1000000e+02
  -7.2377641e-04   5.2500000e+02
  -7.2809274e-04   5.4000000e+02
  -7.1922020e-04   5.5500000e+02
  -7.2138692e-04   5.7000000e+02
  -7.3341007e-04   5.8500000e+02
  -7.3657255e-04   6.0000000e+02
  -7.3187309e-04   6.1500000e+02
  -7.3443295e-04   6.3000000e+02
  -7.4356224e-04   6.4500000e+02
  -7.4757182e-04   6.6000000e+02
  -7.4724946e-04   6.7500000e+02
  -7.5037288e-04   6.9000000e+02
  -7.5390690e-04   7.0500000e+02
  -7.5052655e-04   7.2000000e+02
  -7.4188347e-04   7.3500000e+02
  -7.3249632e-04   7.5000000e+02
  -7.2173559e-04   7.6500000e+02
  -7.1124377e-04   7.8000000e+02
  -7.1048742e-04   7.9500000e+02
  -7.2758924e-04   8.1000000e+02
  -7.6019234e-04   8.2500000e+02
  -7.9759455e-04   8.4000000e+02
  -8.2675385e-04   8.5500000e+02
  -8.3812547e-04   8.7000000e+02
  -8.3397119e-04   8.8500000e+02
  -8.3056977e-04   9.0000000e+02
  -8.4406085e-04   9.1500000e+02
  -8.7251666e-04   9.3000000e+02
  -8.9770037e-04   9.4500000e+02
  -9.0636540e-04   9.6000000e+02
  -9.0520352e-04   9.7500000e+02
  -9.1129635e-04   9.9000000e+02
  -9.3063735e-04   1.0050000e+03
  -9.5160032e-04   1.0200000e+03
  -9.6105662e-04   1.0350000e+03
  -9.6147135e-04   1.0500000e+03
  -9.6585520e-04   1.0650000e+03
  -9.7857614e-04   1.0800000e+03
  -9.9068682e-04   1.0950000e+03
  -9.9563785e-04   1.1100000e+03
  -9.9944836e-04   1.1250000e+03
  -1.0099434e-03   1.1400000e+03
  -1.0246291e-03   1.1550000e+03
  -1.0373220e-03   1.1700000e+03
  -1.0503809e-03   1.1850000e+03
  -1.0708568e-03   1.2000000e+03
  -1.0983694e-03   1.2150000e+03
  -1.1260344e-03   1.2300000e+03
  -1.1512433e-03   1.2450000e+03
  -1.1769595e-03   1.2600000e+03
  -1.2037111e-03   1.2750000e+03
  -1.2285536e-03   1.2900000e+03
  -1.2515015e-03   1.3050000e+03
  -1.2757216e-03   1.3200000e+03
  -1.3013878e-03   1.3350000e+03
  -1.3256646e-03   1.3500000e+03
  -1.3486654e-03   1.3650000e+03
  -1.3738232e-03   1.3800000e+03
  -1.4025815e-03   1.3950000e+03
  -1.4334581e-03   1.4100000e+03
  -1.4657847e-03   1.4250000e+03
  -1.5003139e-03   1.4400000e+03
  -1.5366883e-03   1.4550000e+03
  -1.5733099e-03   1.4700000e+03
  -1.6091880e-03   1.4850000e+03
  -1.6445373e-03   1.5000000e+03
  -1.6807881e-03   1.5150000e+03
  -1.7204653e-03   1.5300000e+03
  -1.7650982e-03   1.5450000e+03
  -1.8131211e-03   1.5600000e+03
  -1.8619169e-03   1.5750000e+03
  -1.9117901e-03   1.5900000e+03
  -1.9656285e-03   1.6050000e+03
  -2.0246860e-03   1.6200000e+03
  -2.0870790e-03   1.6350000e+03
  -2.1507069e-03   1.6500000e+03
  -2.2154818e-03   1.6650000e+03
  -2.2822514e-03   1.6800000e+03
  -2.3514256e-03   1.6950000e+03
  -2.4235859e-03   1.7100000e+03
  -2.5005720e-03   1.7250000e+03
  -2.5851219e-03   1.7400000e+03
  -2.6787939e-03   1.7550000e+03
  -2.7798477e-03   1.7700000e+03
  -2.8842380e-03   1.7850000e+03
  -2.9899341e-03   1.8000000e+03
  -3.0993903e-03   1.8150000e+03
  -3.2165926e-03   1.8300000e+03
  -3.3426147e-03   1.8450000e+03
  -3.4754970e-03   1.8600000e+03
  -3.6139996e-03   1.8750000e+03
  -3.7603141e-03   1.8900000e+03
  -3.9194915e-03   1.9050000e+03
  -4.0971800e-03   1.9200000e+03
  -4.2972700e-03   1.9350000e+03
  -4.5203515e-03   1.9500000e+03
  -4.7645629e-03   1.9650000e+03
  -5.0289920e-03   1.9800000e+03
  -5.3164982e-03   1.9950000e+03
  -5.6333784e-03   2.0100000e+03
  -5.9872633e-03   2.0250000e+03
  -6.3856333e-03   2.0400000e+03
  -6.8352208e-03   2.0550000e+03
  -7.3421714e-03   2.0700000e+03
  -7.9136863e-03   2.0850000e+03
  -8.5602012e-03   2.1000000e+03
  -9.2942482e-03   2.1150000e+03
  -1.0121931e-02   2.1300000e+03
  -1.1023689e-02   2.1450000e+03
  -1.1916703e-02   2.1600000e+03
  -1.2582588e-02   2.1750000e+03
  -1.2542913e-02   2.1900000e+03
  -1.0883505e-02   2.2050000e+03
  -6.0673403e-03   2.2200000e+03
   4.1692150e-03   2.2350000e+03
   2.2673311e-02   2.2500000e+03
   5.2264508e-02   2.2650000e+03
   9.4470210e-02   2.2800000e+03
   1.4766288e-01   2.2950000e+03
   2.0513833e-01   2.3100000e+03
   2.5425044e-01   2.3250000e+03
   2.7800626e-01   2.3400000e+03
   2.6002848e-01   2.3550000e+03
   1.9221166e-01   2.3700000e+03
   8.2108743e-02   2.3850000e+03
  -4.4613842e-02   2.4000000e+03
  -1.5062816e-01   2.4150000e+03
  -2.0224182e-01   2.4300000e+03
  -1.8739417e-01   2.4450000e+03
  -1.2586427e-01   2.4600000e+03
  -6.2834792e-02   2.4750000e+03
  -4.5669064e-02   2.4900000e+03
  -9.5219664e-02   2.5050000e+03
  -1.8919164e-01   2.5200000e+03
  -2.7014834e-01   2.5350000e+03
  -2.7636868e-01   2.5500000e+03
  -1.7902741e-01   2.5650000e+03
  -3.9489851e-03   2.5800000e+03
   1.7620169e-01   2.5950000e+03
   2.7770060e-01   2.6100000e+03
   2.5224817e-01   2.6250000e+03
   1.1834938e-01   2.6400000e+03
  -4.4280753e-02   2.6550000e+03
  -1.4027686e-01   2.6700000e+03
  -1.1959021e-01   2.6850000e+03
  -1.1955620e-02   2.7000000e+03
   9.4137400e-02   2.7150000e+03
   1.1591323e-01   2.7300000e+03
   3.5546124e-02   2.7450000e+03
  -9.0948381e-02   2.7600000e+03
  -1.7766495e-01   2.7750000e+03
  -1.6749996e-01   2.7900000e+03
  -6.4926222e-02   2.8050000e+03
   7.0454843e-02   2.8200000e+03
   1.5961668e-01   2.8350000e+03
   1.5179990e-01   2.8500000e+03
   6.0385205e-02   2.8650000e+03
  -4.2661749e-02   2.8800000e+03
  -8.1898451e-02   2.8950000e+03
  -4.1840348e-02   2.9100000e+03
   2.4093397e-02   2.9250000e+03
   5.1323175e-02   2.9400000e+03
   2.6046472e-02   2.9550000e+03
  -1.4541090e-02   2.9700000e+03
  -3.2674268e-02   2.9850000e+03
  -2.3889884e-02   3.0000000e+03
  -3.1961130e-03   3.0150000e+03
   2.0012325e-02   3.0300000e+03
   4.0523395e-02   3.0450000e+03
   4.4972163e-02   3.0600000e+03
   2.0957360e-02   3.0750000e+03
  -2.1415330e-02   3.0900000e+03
  -5.0506711e-02   3.1050000e+03
  -4.0958196e-02   3.1200000e+03
   2.8590844e-03   3.1350000e+03
   4.9592596e-02   3.1500000e+03
   6.2833108e-02   3.1650000e+03
   2.6678601e-02   3.1800000e+03
  -3.8304210e-02   3.1950000e+03
  -8.4682517e-02   3.2100000e+03
  -7.6192692e-02   3.2250000e+03
  -2.2710977e-02   3.2400000e+03
   2.7626975e-02   3.2550000e+03
   3.3896081e-02   3.2700000e+03
  -4.0241759e-03   3.2850000e+03
  -5.5034567e-02   3.3000000e+03
  -8.7754749e-02   3.3150000e+03
  -8.6432271e-02   3.3300000e+03
  -4.8358157e-02   3.3450000e+03
   1.7744601e-02   3.3600000e+03
   8.8369511e-02   3.3750000e+03
   1.3179958e-01   3.3900000e+03
   1.2849328e-01   3.4050000e+03
   8.6227894e-02   3.4200000e+03
   3.1904619e-02   3.4350000e+03
  -1.2284427e-02   3.4500000e+03
  -4.2591993e-02   3.4650000e+03
  -6.3947789e-02   3.4800000e+03
  -7.1581312e-02   3.4950000e+03
  -4.9765088e-02   3.5100000e+03
   6.7929383e-03   3.5250000e+03
   7.2594762e-02   3.5400000e+03
   1.0041962e-01   3.5550000e+03
   5.9925143e-02   3.5700000e+03
  -2.8309939e-02   3.5850000e+03
  -1.0065197e-01   3.6000000e+03
  -1.0081231e-01   3.6150000e+03
  -2.9523840e-02   3.6300000e+03
   5.4598957e-02   3.6450000e+03
   8.6499974e-02   3.6600000e+03
   5.0396994e-02   3.6750000e+03
  -1.2735099e-02   3.6900000e+03
  -4.9704686e-02   3.7050000e+03
  -4.4087119e-02   3.7200000e+03
  -2.1558257e-02   3.7350000e+03
  -1.2688695e-02   3.7500000e+03
  -1.8769888e-02   3.7650000e+03
  -1.7617332e-02   3.7800000e+03
   3.2990524e-03   3.7950000e+03
   2.9835925e-02   3.8100000e+03
   3.9331652e-02   3.8250000e+03
   2.6955122e-02   3.8400000e+03
   6.5188780e-03   3.8550000e+03
  -9.3629109e-03   3.8700000e+03
  -1.8367650e-02   3.8850000e+03
  -1.8213380e-02   3.9000000e+03
  -1.7738965e-03   3.9150000e+03
   2.8591463e-02   3.9300000e+03
   5.1276013e-02   3.9450000e+03
   4.4016510e-02   3.9600000e+03
   1.0850117e-02   3.9750000e+03
  -2.1314148e-02   3.9900000e+03
  -3.3691887e-02   4.0050000e+03
  -3.0822594e-02   4.0200000e+03
  -2.2168033e-02   4.0350000e+03
  -5.0684777e-03   4.0500000e+03
   2.1506803e-02   4.0650000e+03
   3.8871706e-02   4.0800000e+03
   2.5051903e-02   4.0950000e+03
  -1.2268694e-02   4.1100000e+03
  -3.8537536e-02   4.1250000e+03
  -3.3094108e-02   4.1400000e+03
  -1.1319038e-02   4.1550000e+03
   1.5928526e-03   4.1700000e+03
   3.7781121e-03   4.1850000e+03
   1.0299324e-02   4.2000000e+03
   2.3973580e-02   4.2150000e+03
   2.9609608e-02   4.2300000e+03
   1.5851533e-02   4.2450000e+03
  -9.8874737e-03   4.2600000e+03
  -3.0050691e-02   4.2750000e+03
  -3.2874495e-02   4.2900000e+03
  -1.9162303e-02   4.3050000e+03
   5.5437215e-04   4.3200000e+03
   1.4340926e-02   4.3350000e+03
   1.7813399e-02   4.3500000e+03
   1.5477261e-02   4.3650000e+03
   1.3037186e-02   4.3800000e+03
   1.1215158e-02   4.3950000e+03
   7.6693678e-03   4.4100000e+03
   9.9160301e-04   4.4250000e+03
  -7.8872861e-03   4.4400000e+03
  -1.4470390e-02   4.4550000e+03
  -1.2048634e-02   4.4700000e+03
   1.9949621e-04   4.4850000e+03
   1.2006637e-02   4.5000000e+03
