  -6.0374959e-04   0.0000000e+00
  -6.0371216e-04   1.5000000e+01
  -6.0345395e-04   3.0000000e+01
  -6.0300005e-04   4.5000000e+01
  -6.0272822e-04   6.0000000e+01
  -6.0296495e-04   7.5000000e+01
  -6.0394313e-04   9.0000000e+01
  -6.0593482e-04   1.0500000e+02
  -6.0888298e-04   1.2000000e+02
  -6.1223912e-04   1.3500000e+02
  -6.1562122e-04   1.5000000e+02
  -6.1929651e-04   1.6500000e+02
  -6.2373764e-04   1.8000000e+02
  -6.2907999e-04   1.9500000e+02
  -6.3510978e-04   2.1000000e+02
  -6.4126402e-04   2.2500000e+02
  -6.4680493e-04   2.4000000e+02
  -6.5130013e-04   2.5500000e+02
  -6.5481593e-04   2.7000000e+02
  -6.5794273e-04   2.8500000e+02
  -6.6180335e-04   3.0000000e+02
  -6.6746405e-04   3.1500000e+02
  -6.7504682e-04   3.3000000e+02
  -6.8370695e-04   3.4500000e+02
  -6.9253112e-04   3.6000000e+02
  -7.0128619e-04   3.7500000e+02
  -7.1027677e-04   3.9000000e+02
  -7.1960327e-04   4.0500000e+02
  -7.2863896e-04   4.2000000e+02
  -7.3639967e-04   4.3500000e+02
  -7.4281899e-04   4.5000000e+02
  -7.4983534e-04   4.6500000e+02
  -7.6157768e-04   4.8000000e+02
  -7.8421744e-04   4.9500000e+02
  -8.2561857e-04   5.1000000e+02
  -8.9355459e-04   5.2500000e+02
  -9.9095888e-04   5.4000000e+02
  -1.1088073e-03   5.5500000e+02
  -1.2223842e-03   5.7000000e+02
  -1.2989593e-03   5.8500000e+02
  -1.3176325e-03   6.0000000e+02
  -1.2888415e-03   6.1500000e+02
  -1.2532640e-03   6.3000000e+02
  -1.2513591e-03   6.4500000e+02
  -1.2854555e-03   6.6000000e+02
  -1.3133717e-03   6.7500000e+02
  -1.2848134e-03   6.9000000e+02
  -1.1841718e-03   7.0500000e+02
  -1.0355121e-03   7.2000000e+02
  -8.7215024e-04   7.3500000e+02
  -7.1634317e-04   7.5000000e+02
  -5.9312017e-04   7.6500000e+02
  -5.4332934e-04   7.8000000e+02
  -5.9558137e-04   7.9500000e+02
  -7.2405196e-04   8.1000000e+02
  -8.5786020e-04   8.2500000e+02
  -9.4367308e-04   8.4000000e+02
  -9.8304916e-04   8.5500000e+02
  -1.0004026e-03   8.7000000e+02
  -1.0031288e-03   8.8500000e+02
  -9.9981262e-04   9.0000000e+02
  -1.0304643e-03   9.1500000e+02
  -1.1301276e-03   9.3000000e+02
  -1.2683880e-03   9.4500000e+02
  -1.3726412e-03   9.6000000e+02
  -1.4154457e-03   9.7500000e+02
  -1.4372016e-03   9.9000000e+02
  -1.4814985e-03   1.0050000e+03
  -1.5525087e-03   1.0200000e+03
  -1.6359437e-03   1.0350000e+03
  -1.7148564e-03   1.0500000e+03
  -1.7647448e-03   1.0650000e+03
  -1.7778210e-03   1.0800000e+03
  -1.7888786e-03   1.0950000e+03
  -1.8368074e-03   1.1100000e+03
  -1.9101687e-03   1.1250000e+03
  -1.9690781e-03   1.1400000e+03
  -2.0087489e-03   1.1550000e+03
  -2.0647489e-03   1.1700000e+03
  -2.1619818e-03   1.1850000e+03
  -2.2883008e-03   1.2000000e+03
  -2.4217204e-03   1.2150000e+03
  -2.5666957e-03   1.2300000e+03
  -2.7529141e-03   1.2450000e+03
  -3.0011318e-03   1.2600000e+03
  -3.3015313e-03   1.2750000e+03
  -3.6281818e-03   1.2900000e+03
  -3.9598509e-03   1.3050000e+03
  -4.2816615e-03   1.3200000e+03
  -4.5899381e-03   1.3350000e+03
  -4.9128463e-03   1.3500000e+03
  -5.3063962e-03   1.3650000e+03
  -5.8027389e-03   1.3800000e+03
  -6.3668173e-03   1.3950000e+03
  -6.9270614e-03   1.4100000e+03
  -7.4555236e-03   1.4250000e+03
  -8.0043832e-03   1.4400000e+03
  -8.6500626e-03   1.4550000e+03
  -9.3971500e-03   1.4700000e+03
  -1.0132468e-02   1.4850000e+03
  -1.0651999e-02   1.5000000e+03
  -1.0679949e-02   1.5150000e+03
  -9.7569209e-03   1.5300000e+03
  -6.9119423e-03   1.5450000e+03
  -9.2275375e-05   1.5600000e+03
   1.4633765e-02   1.5750000e+03
   4.4002246e-02   1.5900000e+03
   9.8224796e-02   1.6050000e+03
   1.9039716e-01   1.6200000e+03
   3.3283630e-01   1.6350000e+03
   5.2837390e-01   1.6500000e+03
   7.5649339e-01   1.6650000e+03
   9.5914137e-01   1.6800000e+03
   1.0380379e+00   1.6950000e+03
   8.7934703e-01   1.7100000e+03
   4.1406733e-01   1.7250000e+03
  -3.0263948e-01   1.7400000e+03
  -1.0448027e+00   1.7550000e+03
  -1.4686081e+00   1.7700000e+03
  -1.2908466e+00   1.7850000e+03
  -5.1688921e-01   1.8000000e+03
   4.5526394e-01   1.8150000e+03
   1.0085534e+00   1.8300000e+03
   7.1941561e-01   1.8450000e+03
  -2.7894881e-01   1.8600000e+03
  -1.3259203e+00   1.8750000e+03
  -1.7117077e+00   1.8900000e+03
  -1.2299643e+00   1.9050000e+03
  -3.0030212e-01   1.9200000e+03
   4.5439813e-01   1.9350000e+03
   7.3907834e-01   1.9500000e+03
   6.9771910e-01   1.9650000e+03
   5.8133709e-01   1.9800000e+03
   4.4524854e-01   1.9950000e+03
   2.1793228e-01   2.0100000e+03
  -6.0730424e-02   2.0250000e+03
  -2.2501527e-01   2.0400000e+03
  -1.9499087e-01   2.0550000e+03
  -7.3705308e-02   2.0700000e+03
   1.4554576e-03   2.0850000e+03
   8.6309938e-03   2.1000000e+03
   1.4276693e-03   2.1150000e+03
   7.5495588e-03   2.1300000e+03
   2.4104448e-02   2.1450000e+03
   4.4284228e-02   2.1600000e+03
   3.7249308e-02   2.1750000e+03
  -3.2041859e-02   2.1900000e+03
  -1.1962696e-01   2.2050000e+03
  -1.1945564e-01   2.2200000e+03
  -1.5701357e-02   2.2350000e+03
   6.8320759e-02   2.2500000e+03
   3.8251739e-02   2.2650000e+03
  -3.9697837e-02   2.2800000e+03
  -5.1821221e-02   2.2950000e+03
  -2.0580760e-03   2.3100000e+03
   2.7310016e-02   2.3250000e+03
   1.8939851e-02   2.3400000e+03
   2.3372427e-02   2.3550000e+03
   4.9978003e-02   2.3700000e+03
   5.1310461e-02   2.3850000e+03
   1.3647266e-02   2.4000000e+03
  -1.7695146e-02   2.4150000e+03
  -1.6553124e-02   2.4300000e+03
  -1.0699110e-02   2.4450000e+03
  -1.8080292e-02   2.4600000e+03
  -1.3191082e-02   2.4750000e+03
   1.5757035e-02   2.4900000e+03
   3.7030790e-02   2.5050000e+03
   2.9654697e-02   2.5200000e+03
   1.0205403e-02   2.5350000e+03
  -1.1579519e-02   2.5500000e+03
  -4.4473179e-02   2.5650000e+03
  -7.5003721e-02   2.5800000e+03
  -7.2574303e-02   2.5950000e+03
  -3.5829432e-02   2.6100000e+03
   1.0246805e-02   2.6250000e+03
   4.8849031e-02   2.6400000e+03
   7.0583113e-02   2.6550000e+03
   6.4804651e-02   2.6700000e+03
   3.6490340e-02   2.6850000e+03
   8.5858330e-03   2.7000000e+03
  -1.9264442e-03   2.7150000e+03
   6.1484631e-03   2.7300000e+03
   2.5473466e-02   2.7450000e+03
   4.3401428e-02   2.7600000e+03
   4.8535652e-02   2.7750000e+03
   4.1463803e-02   2.7900000e+03
   3.1787653e-02   2.8050000e+03
   2.5910728e-02   2.8200000e+03
   2.2639317e-02   2.8350000e+03
   1.7635342e-02   2.8500000e+03
   1.0902346e-02   2.8650000e+03
   9.1439970e-03   2.8800000e+03
   1.6967388e-02   2.8950000e+03
   2.9239938e-02   2.9100000e+03
   3.6314331e-02   2.9250000e+03
   3.1685308e-02   2.9400000e+03
   1.4521723e-02   2.9550000e+03
  -8.3370106e-03   2.9700000e+03
  -2.4987744e-02   2.9850000e+03
  -2.7007364e-02   3.0000000e+03
  -1.2664236e-02   3.0150000e+03
   1.4208100e-02   3.0300000e+03
   4.1907880e-02   3.0450000e+03
   5.4481741e-02   3.0600000e+03
   4.4934537e-02   3.0750000e+03
   2.0494265e-02   3.0900000e+03
  -6.0299910e-03   3.1050000e+03
  -2.5149981e-02   3.1200000e+03
  -3.3727948e-02   3.1350000e+03
  -3.4502890e-02   3.1500000e+03
  -3.1709649e-02   3.1650000e+03
  -2.6080348e-02   3.1800000e+03
  -1.5036653e-02   3.1950000e+03
   3.2653285e-03   3.2100000e+03
   2.6457932e-02   3.2250000e+03
   4.7027439e-02   3.2400000e+03
   5.5081300e-02   3.2550000e+03
   4.3495182e-02   3.2700000e+03
   1.1963081e-02   3.2850000e+03
  -3.1190876e-02   3.3000000e+03
  -7.0142433e-02   3.3150000e+03
  -8.7815724e-02   3.3300000e+03
  -7.5312816e-02   3.3450000e+03
  -3.7467454e-02   3.3600000e+03
   1.0074952e-02   3.3750000e+03
   4.9696725e-02   3.3900000e+03
   6.9532543e-02   3.4050000e+03
   6.5316007e-02   3.4200000e+03
   3.8815115e-02   3.4350000e+03
  -1.8866174e-03   3.4500000e+03
  -4.1551355e-02   3.4650000e+03
  -6.3039191e-02   3.4800000e+03
  -5.8741398e-02   3.4950000e+03
  -3.7430078e-02   3.5100000e+03
  -1.7061107e-02   3.5250000e+03
  -9.0544056e-03   3.5400000e+03
  -1.0417811e-02   3.5550000e+03
  -1.1676073e-02   3.5700000e+03
  -9.8877260e-03   3.5850000e+03
  -1.0668851e-02   3.6000000e+03
  -1.8190656e-02   3.6150000e+03
  -2.7560674e-02   3.6300000e+03
  -2.9551987e-02   3.6450000e+03
  -2.0684723e-02   3.6600000e+03
  -5.9434581e-03   3.6750000e+03
   7.1614552e-03   3.6900000e+03
   1.4179700e-02   3.7050000e+03
   1.3991180e-02   3.7200000e+03
   7.4576372e-03   3.7350000e+03
  -2.3284520e-03   3.7500000e+03
  -1.0733238e-02   3.7650000e+03
  -1.5025252e-02   3.7800000e+03
  -1.6661307e-02   3.7950000e+03
  -1.8800905e-02   3.8100000e+03
  -2.2330724e-02   3.8250000e+03
  -2.5914265e-02   3.8400000e+03
  -2.9166939e-02   3.8550000e+03
  -3.3205487e-02   3.8700000e+03
  -3.7310131e-02   3.8850000e+03
  -3.7113659e-02   3.9000000e+03
  -2.8125595e-02   3.9150000e+03
  -1.0967941e-02   3.9300000e+03
   7.7687493e-03   3.9450000e+03
   1.9919442e-02   3.9600000e+03
   2.1045867e-02   3.9750000e+03
   1.2673375e-02   3.9900000e+03
   7.5119181e-04   4.0050000e+03
  -8.2409615e-03   4.0200000e+03
  -1.1083425e-02   4.0350000e+03
  -8.7865610e-03   4.0500000e+03
  -4.1977870e-03   4.0650000e+03
   7.3844183e-04   4.0800000e+03
   4.9873013e-03   4.0950000e+03
   6.9731460e-03   4.1100000e+03
   5.2612773e-03   4.1250000e+03
   1.0184962e-03   4.1400000e+03
  -2.2241517e-03   4.1550000e+03
  -2.7420861e-03   4.1700000e+03
  -3.3980836e-03   4.1850000e+03
  -8.4317075e-03   4.2000000e+03
  -1.7829485e-02   4.2150000e+03
  -2.6657809e-02   4.2300000e+03
  -3.0206213e-02   4.2450000e+03
  -2.8245719e-02   4.2600000e+03
  -2.3688218e-02   4.2750000e+03
  -1.8634325e-02   4.2900000e+03
  -1.2983267e-02   4.3050000e+03
  -5.8815186e-03   4.3200000e+03
   3.1542885e-03   4.3350000e+03
   1.4408564e-02   4.3500000e+03
   2.7751084e-02   4.3650000e+03
   4.1569106e-02   4.3800000e+03
   5.2449632e-02   4.3950000e+03
   5.6439161e-02   4.4100000e+03
   5.0863579e-02   4.4250000e+03
   3.5702270e-02   4.4400000e+03
   1.4308364e-02   4.4550000e+03
  -7.0626186e-03   4.4700000e+03
  -2.1577261e-02   4.4850000e+03
  -2.5030563e-02   4.5000000e+03
