  -1.3535683e-03   0.0000000e+00
  -1.3535745e-03   1.5000000e+01
  -1.3536088e-03   3.0000000e+01
  -1.3536972e-03   4.5000000e+01
  -1.3538030e-03   6.0000000e+01
  -1.3538419e-03   7.5000000e+01
  -1.3537811e-03   9.0000000e+01
  -1.3537051e-03   1.0500000e+02
  -1.3537682e-03   1.2000000e+02
  -1.3540676e-03   1.3500000e+02
  -1.3544629e-03   1.5000000e+02
  -1.3544969e-03   1.6500000e+02
  -1.3531180e-03   1.8000000e+02
  -1.3471163e-03   1.9500000e+02
  -1.3270249e-03   2.1000000e+02
  -1.2726791e-03   2.2500000e+02
  -1.1575655e-03   2.4000000e+02
  -9.7244809e-04   2.5500000e+02
  -7.5885828e-04   2.7000000e+02
  -6.1016693e-04   2.8500000e+02
  -6.0455140e-04   3.0000000e+02
  -7.1510859e-04   3.1500000e+02
  -8.1313122e-04   3.3000000e+02
  -8.0016517e-04   3.4500000e+02
  -7.2107872e-04   3.6000000e+02
  -6.9564983e-04   3.7500000e+02
  -7.5082155e-04   3.9000000e+02
  -7.9593918e-04   4.0500000e+02
  -7.7194511e-04   4.2000000e+02
  -7.3408411e-04   4.3500000e+02
  -7.4671337e-04   4.5000000e+02
  -7.8112824e-04   4.6500000e+02
  -7.8095571e-04   4.8000000e+02
  -7.6034851e-04   4.9500000e+02
  -7.6508260e-04   5.1000000e+02
  -7.8796520e-04   5.2500000e+02
  -7.9236523e-04   5.4000000e+02
  -7.8134553e-04   5.5500000e+02
  -7.8324199e-04   5.7000000e+02
  -7.9678255e-04   5.8500000e+02
  -8.0013572e-04   6.0000000e+02
  -7.9438020e-04   6.1500000e+02
  -7.9702720e-04   6.3000000e+02
  -8.0714806e-04   6.4500000e+02
  -8.1106147e-04   6.6000000e+02
  -8.0968259e-04   6.7500000e+02
  -8.1180991e-04   6.9000000e+02
  -8.1299612e-04   7.0500000e+02
  -8.0309773e-04   7.2000000e+02
  -7.8208430e-04   7.3500000e+02
  -7.5381651e-04   7.5000000e+02
  -7.1821670e-04   7.6500000e+02
  -6.8127050e-04   7.8000000e+02
  -6.6131580e-04   7.9500000e+02
  -6.7533931e-04   8.1000000e+02
  -7.2312076e-04   8.2500000e+02
  -7.8581780e-04   8.4000000e+02
  -8.3491253e-04   8.5500000e+02
  -8.4790710e-04   8.7000000e+02
  -8.2782179e-04   8.8500000e+02
  -8.0650434e-04   9.0000000e+02
  -8.1648811e-04   9.1500000e+02
  -8.5638533e-04   9.3000000e+02
  -8.9241285e-04   9.4500000e+02
  -8.9798012e-04   9.6000000e+02
  -8.8426814e-04   9.7500000e+02
  -8.8412326e-04   9.9000000e+02
  -9.0998493e-04   1.0050000e+03
  -9.3996985e-04   1.0200000e+03
  -9.4949367e-04   1.0350000e+03
  -9.4426185e-04   1.0500000e+03
  -9.4854739e-04   1.0650000e+03
  -9.6799713e-04   1.0800000e+03
  -9.8392041e-04   1.0950000e+03
  -9.8562008e-04   1.1100000e+03
  -9.8705338e-04   1.1250000e+03
  -1.0022740e-03   1.1400000e+03
  -1.0230836e-03   1.1550000e+03
  -1.0357084e-03   1.1700000e+03
  -1.0450935e-03   1.1850000e+03
  -1.0651561e-03   1.2000000e+03
  -1.0950401e-03   1.2150000e+03
  -1.1229503e-03   1.2300000e+03
  -1.1466974e-03   1.2450000e+03
  -1.1731022e-03   1.2600000e+03
  -1.2013834e-03   1.2750000e+03
  -1.2234865e-03   1.2900000e+03
  -1.2387797e-03   1.3050000e+03
  -1.2544913e-03   1.3200000e+03
  -1.2730191e-03   1.3350000e+03
  -1.2907498e-03   1.3500000e+03
  -1.3077767e-03   1.3650000e+03
  -1.3281303e-03   1.3800000e+03
  -1.3517869e-03   1.3950000e+03
  -1.3753851e-03   1.4100000e+03
  -1.3990767e-03   1.4250000e+03
  -1.4251848e-03   1.4400000e+03
  -1.4521731e-03   1.4550000e+03
  -1.4761462e-03   1.4700000e+03
  -1.4962427e-03   1.4850000e+03
  -1.5142879e-03   1.5000000e+03
  -1.5319190e-03   1.5150000e+03
  -1.5510103e-03   1.5300000e+03
  -1.5735030e-03   1.5450000e+03
  -1.5985310e-03   1.5600000e+03
  -1.6230420e-03   1.5750000e+03
  -1.6464619e-03   1.5900000e+03
  -1.6714196e-03   1.6050000e+03
  -1.6993835e-03   1.6200000e+03
  -1.7289906e-03   1.6350000e+03
  -1.7588919e-03   1.6500000e+03
  -1.7890463e-03   1.6650000e+03
  -1.8190111e-03   1.6800000e+03
  -1.8476561e-03   1.6950000e+03
  -1.8750882e-03   1.7100000e+03
  -1.9033027e-03   1.7250000e+03
  -1.9344374e-03   1.7400000e+03
  -1.9684755e-03   1.7550000e+03
  -2.0023759e-03   1.7700000e+03
  -2.0320851e-03   1.7850000e+03
  -2.0563204e-03   1.8000000e+03
  -2.0776300e-03   1.8150000e+03
  -2.0990157e-03   1.8300000e+03
  -2.1209274e-03   1.8450000e+03
  -2.1425786e-03   1.8600000e+03
  -2.1643888e-03   1.8750000e+03
  -2.1874048e-03   1.8900000e+03
  -2.2114646e-03   1.9050000e+03
  -2.2355125e-03   1.9200000e+03
  -2.2589643e-03   1.9350000e+03
  -2.2815478e-03   1.9500000e+03
  -2.3026788e-03   1.9650000e+03
  -2.3222906e-03   1.9800000e+03
  -2.3417138e-03   1.9950000e+03
  -2.3624580e-03   2.0100000e+03
  -2.3844391e-03   2.0250000e+03
  -2.4063489e-03   2.0400000e+03
  -2.4275116e-03   2.0550000e+03
  -2.4483297e-03   2.0700000e+03
  -2.4688554e-03   2.0850000e+03
  -2.4878182e-03   2.1000000e+03
  -2.5034263e-03   2.1150000e+03
  -2.5144804e-03   2.1300000e+03
  -2.5203391e-03   2.1450000e+03
  -2.5205624e-03   2.1600000e+03
  -2.5152224e-03   2.1750000e+03
  -2.5050119e-03   2.1900000e+03
  -2.4903344e-03   2.2050000e+03
  -2.4705031e-03   2.2200000e+03
  -2.4439828e-03   2.2350000e+03
  -2.4086812e-03   2.2500000e+03
  -2.3617381e-03   2.2650000e+03
  -2.2999367e-03   2.2800000e+03
  -2.2208644e-03   2.2950000e+03
  -2.1228583e-03   2.3100000e+03
  -2.0032267e-03   2.3250000e+03
  -1.8571177e-03   2.3400000e+03
  -1.6783495e-03   2.3550000e+03
  -1.4603217e-03   2.3700000e+03
  -1.1952231e-03   2.3850000e+03
  -8.7282981e-04   2.4000000e+03
  -4.8093608e-04   2.4150000e+03
  -6.6720531e-06   2.4300000e+03
   5.6410872e-04   2.4450000e+03
   1.2502649e-03   2.4600000e+03
   2.0792035e-03   2.4750000e+03
   3.0881769e-03   2.4900000e+03
   4.3231105e-03   2.5050000e+03
   5.8379667e-03   2.5200000e+03
   7.6975413e-03   2.5350000e+03
   9.9834828e-03   2.5500000e+03
   1.2800560e-02   2.5650000e+03
   1.6280387e-02   2.5800000e+03
   2.0582275e-02   2.5950000e+03
   2.5892530e-02   2.6100000e+03
   3.2422796e-02   2.6250000e+03
   4.0406346e-02   2.6400000e+03
   5.0089132e-02   2.6550000e+03
   6.1710399e-02   2.6700000e+03
   7.5467907e-02   2.6850000e+03
   9.1466956e-02   2.7000000e+03
   1.0965829e-01   2.7150000e+03
   1.2977323e-01   2.7300000e+03
   1.5126517e-01   2.7450000e+03
   1.7327105e-01   2.7600000e+03
   1.9461365e-01   2.7750000e+03
   2.1387117e-01   2.7900000e+03
   2.2953016e-01   2.8050000e+03
   2.4021164e-01   2.8200000e+03
   2.4492382e-01   2.8350000e+03
   2.4326964e-01   2.8500000e+03
   2.3553403e-01   2.8650000e+03
   2.2260177e-01   2.8800000e+03
   2.0570749e-01   2.8950000e+03
   1.8608114e-01   2.9100000e+03
   1.6460612e-01   2.9250000e+03
   1.4162631e-01   2.9400000e+03
   1.1700108e-01   2.9550000e+03
   9.0413138e-02   2.9700000e+03
   6.1814878e-02   2.9850000e+03
   3.1813774e-02   3.0000000e+03
   1.8021588e-03   3.0150000e+03
  -2.6254971e-02   3.0300000e+03
  -5.0295513e-02   3.0450000e+03
  -6.8689220e-02   3.0600000e+03
  -8.0592275e-02   3.0750000e+03
  -8.6007543e-02   3.0900000e+03
  -8.5593387e-02   3.1050000e+03
  -8.0377191e-02   3.1200000e+03
  -7.1530662e-02   3.1350000e+03
  -6.0275853e-02   3.1500000e+03
  -4.7890112e-02   3.1650000e+03
  -3.5726644e-02   3.1800000e+03
  -2.5168935e-02   3.1950000e+03
  -1.7467527e-02   3.2100000e+03
  -1.3456981e-02   3.2250000e+03
  -1.3229393e-02   3.2400000e+03
  -1.5927976e-02   3.2550000e+03
  -1.9845249e-02   3.2700000e+03
  -2.2897420e-02   3.2850000e+03
  -2.3330936e-02   3.3000000e+03
  -2.0343427e-02   3.3150000e+03
  -1.4314105e-02   3.3300000e+03
  -6.5475111e-03   3.3450000e+03
   1.3040376e-03   3.3600000e+03
   7.8337714e-03   3.3750000e+03
   1.2232582e-02   3.3900000e+03
   1.4314975e-02   3.4050000e+03
   1.4310013e-02   3.4200000e+03
   1.2601522e-02   3.4350000e+03
   9.5823873e-03   3.4500000e+03
   5.6770542e-03   3.4650000e+03
   1.4499802e-03   3.4800000e+03
  -2.3537404e-03   3.4950000e+03
  -4.9383440e-03   3.5100000e+03
  -5.7209074e-03   3.5250000e+03
  -4.5739333e-03   3.5400000e+03
  -1.8926193e-03   3.5550000e+03
   1.5531068e-03   3.5700000e+03
   4.8861546e-03   3.5850000e+03
   7.3550572e-03   3.6000000e+03
   8.4243603e-03   3.6150000e+03
   7.7225398e-03   3.6300000e+03
   4.9416269e-03   3.6450000e+03
  -1.9310282e-04   3.6600000e+03
  -7.8242775e-03   3.6750000e+03
  -1.7784229e-02   3.6900000e+03
  -2.9477965e-02   3.7050000e+03
  -4.1969992e-02   3.7200000e+03
  -5.4299813e-02   3.7350000e+03
  -6.5860651e-02   3.7500000e+03
  -7.6549523e-02   3.7650000e+03
  -8.6483516e-02   3.7800000e+03
  -9.5391691e-02   3.7950000e+03
  -1.0212108e-01   3.8100000e+03
  -1.0472593e-01   3.8250000e+03
  -1.0122735e-01   3.8400000e+03
  -9.0609878e-02   3.8550000e+03
  -7.3418476e-02   3.8700000e+03
  -5.1632866e-02   3.8850000e+03
  -2.8037880e-02   3.9000000e+03
  -5.5767219e-03   3.9150000e+03
   1.3038637e-02   3.9300000e+03
   2.5591034e-02   3.9450000e+03
   3.0763600e-02   3.9600000e+03
   2.8682282e-02   3.9750000e+03
   2.1221338e-02   3.9900000e+03
   1.1655359e-02   4.0050000e+03
   3.6221745e-03   4.0200000e+03
  -1.5008054e-04   4.0350000e+03
   1.2906498e-03   4.0500000e+03
   7.0567336e-03   4.0650000e+03
   1.5087293e-02   4.0800000e+03
   2.3114134e-02   4.0950000e+03
   2.9442288e-02   4.1100000e+03
   3.3271212e-02   4.1250000e+03
   3.4579001e-02   4.1400000e+03
   3.3791434e-02   4.1550000e+03
   3.1472981e-02   4.1700000e+03
   2.8150722e-02   4.1850000e+03
   2.4245277e-02   4.2000000e+03
   2.0047883e-02   4.2150000e+03
   1.5741112e-02   4.2300000e+03
   1.1498263e-02   4.2450000e+03
   7.6302392e-03   4.2600000e+03
   4.6414668e-03   4.2750000e+03
   3.0622589e-03   4.2900000e+03
   3.1022190e-03   4.3050000e+03
   4.3758932e-03   4.3200000e+03
   5.9656617e-03   4.3350000e+03
   6.8464675e-03   4.3500000e+03
   6.3984958e-03   4.3650000e+03
   4.6544867e-03   4.3800000e+03
   2.1470860e-03   4.3950000e+03
  -4.6861943e-04   4.4100000e+03
  -2.7232356e-03   4.4250000e+03
  -4.4216537e-03   4.4400000e+03
  -5.5790124e-03   4.4550000e+03
  -6.3409209e-03   4.4700000e+03
  -6.9331117e-03   4.4850000e+03
  -7.5968197e-03   4.5000000e+03
