  -1.5305245e-03   0.0000000e+00
  -1.5305256e-03   1.5000000e+01
  -1.5305533e-03   3.0000000e+01
  -1.5306348e-03   4.5000000e+01
  -1.5307370e-03   6.0000000e+01
  -1.5307622e-03   7.5000000e+01
  -1.5306665e-03   9.0000000e+01
  -1.5305358e-03   1.0500000e+02
  -1.5305508e-03   1.2000000e+02
  -1.5308280e-03   1.3500000e+02
  -1.5312113e-03   1.5000000e+02
  -1.5311772e-03   1.6500000e+02
  -1.5295426e-03   1.8000000e+02
  -1.5227505e-03   1.9500000e+02
  -1.5003467e-03   2.1000000e+02
  -1.4400427e-03   2.2500000e+02
  -1.3125468e-03   2.4000000e+02
  -1.1077328e-03   2.5500000e+02
  -8.7170303e-04   2.7000000e+02
  -7.0787809e-04   2.8500000e+02
  -7.0269790e-04   3.0000000e+02
  -8.2613580e-04   3.1500000e+02
  -9.3550188e-04   3.3000000e+02
  -9.2182442e-04   3.4500000e+02
  -8.3497906e-04   3.6000000e+02
  -8.0765842e-04   3.7500000e+02
  -8.6955342e-04   3.9000000e+02
  -9.2014699e-04   4.0500000e+02
  -8.9408684e-04   4.2000000e+02
  -8.5269095e-04   4.3500000e+02
  -8.6727826e-04   4.5000000e+02
  -9.0600533e-04   4.6500000e+02
  -9.0641697e-04   4.8000000e+02
  -8.8424556e-04   4.9500000e+02
  -8.9020951e-04   5.1000000e+02
  -9.1630092e-04   5.2500000e+02
  -9.2194288e-04   5.4000000e+02
  -9.1053225e-04   5.5500000e+02
  -9.1342011e-04   5.7000000e+02
  -9.2912884e-04   5.8500000e+02
  -9.3346596e-04   6.0000000e+02
  -9.2768908e-04   6.1500000e+02
  -9.3125011e-04   6.3000000e+02
  -9.4311323e-04   6.4500000e+02
  -9.4806909e-04   6.6000000e+02
  -9.4708794e-04   6.7500000e+02
  -9.4991393e-04   6.9000000e+02
  -9.5169723e-04   7.0500000e+02
  -9.4138359e-04   7.2000000e+02
  -9.1919681e-04   7.3500000e+02
  -8.8961195e-04   7.5000000e+02
  -8.5253426e-04   7.6500000e+02
  -8.1428664e-04   7.8000000e+02
  -7.9460139e-04   7.9500000e+02
  -8.1167539e-04   8.1000000e+02
  -8.6498668e-04   8.2500000e+02
  -9.3402475e-04   8.4000000e+02
  -9.8812021e-04   8.5500000e+02
  -1.0032004e-03   8.7000000e+02
  -9.8263554e-04   8.8500000e+02
  -9.6081803e-04   9.0000000e+02
  -9.7281847e-04   9.1500000e+02
  -1.0170379e-03   9.3000000e+02
  -1.0569759e-03   9.4500000e+02
  -1.0639867e-03   9.6000000e+02
  -1.0501604e-03   9.7500000e+02
  -1.0508414e-03   9.9000000e+02
  -1.0793518e-03   1.0050000e+03
  -1.1120854e-03   1.0200000e+03
  -1.1225393e-03   1.0350000e+03
  -1.1168465e-03   1.0500000e+03
  -1.1212436e-03   1.0650000e+03
  -1.1420063e-03   1.0800000e+03
  -1.1591206e-03   1.0950000e+03
  -1.1609618e-03   1.1100000e+03
  -1.1623868e-03   1.1250000e+03
  -1.1785318e-03   1.1400000e+03
  -1.2007850e-03   1.1550000e+03
  -1.2145210e-03   1.1700000e+03
  -1.2251347e-03   1.1850000e+03
  -1.2475883e-03   1.2000000e+03
  -1.2808760e-03   1.2150000e+03
  -1.3121259e-03   1.2300000e+03
  -1.3388381e-03   1.2450000e+03
  -1.3684544e-03   1.2600000e+03
  -1.4004755e-03   1.2750000e+03
  -1.4265537e-03   1.2900000e+03
  -1.4460743e-03   1.3050000e+03
  -1.4665460e-03   1.3200000e+03
  -1.4900968e-03   1.3350000e+03
  -1.5125030e-03   1.3500000e+03
  -1.5338908e-03   1.3650000e+03
  -1.5589270e-03   1.3800000e+03
  -1.5879074e-03   1.3950000e+03
  -1.6172938e-03   1.4100000e+03
  -1.6471458e-03   1.4250000e+03
  -1.6799065e-03   1.4400000e+03
  -1.7140326e-03   1.4550000e+03
  -1.7454705e-03   1.4700000e+03
  -1.7732750e-03   1.4850000e+03
  -1.7993134e-03   1.5000000e+03
  -1.8254216e-03   1.5150000e+03
  -1.8538459e-03   1.5300000e+03
  -1.8867620e-03   1.5450000e+03
  -1.9230787e-03   1.5600000e+03
  -1.9593274e-03   1.5750000e+03
  -1.9949097e-03   1.5900000e+03
  -2.0328315e-03   1.6050000e+03
  -2.0747501e-03   1.6200000e+03
  -2.1190592e-03   1.6350000e+03
  -2.1640973e-03   1.6500000e+03
  -2.2098117e-03   1.6650000e+03
  -2.2559955e-03   1.6800000e+03
  -2.3017803e-03   1.6950000e+03
  -2.3474731e-03   1.7100000e+03
  -2.3952150e-03   1.7250000e+03
  -2.4473290e-03   1.7400000e+03
  -2.5040128e-03   1.7550000e+03
  -2.5621997e-03   1.7700000e+03
  -2.6174583e-03   1.7850000e+03
  -2.6681677e-03   1.8000000e+03
  -2.7170295e-03   1.8150000e+03
  -2.7675361e-03   1.8300000e+03
  -2.8203356e-03   1.8450000e+03
  -2.8743073e-03   1.8600000e+03
  -2.9294542e-03   1.8750000e+03
  -2.9869233e-03   1.8900000e+03
  -3.0472886e-03   1.9050000e+03
  -3.1104449e-03   1.9200000e+03
  -3.1764098e-03   1.9350000e+03
  -3.2449344e-03   1.9500000e+03
  -3.3151479e-03   1.9650000e+03
  -3.3869399e-03   1.9800000e+03
  -3.4621286e-03   1.9950000e+03
  -3.5431113e-03   2.0100000e+03
  -3.6307785e-03   2.0250000e+03
  -3.7246197e-03   2.0400000e+03
  -3.8243190e-03   2.0550000e+03
  -3.9300537e-03   2.0700000e+03
  -4.0412815e-03   2.0850000e+03
  -4.1562435e-03   2.1000000e+03
  -4.2730342e-03   2.1150000e+03
  -4.3906942e-03   2.1300000e+03
  -4.5092064e-03   2.1450000e+03
  -4.6293745e-03   2.1600000e+03
  -4.7531077e-03   2.1750000e+03
  -4.8828232e-03   2.1900000e+03
  -5.0196424e-03   2.2050000e+03
  -5.1625874e-03   2.2200000e+03
  -5.3098090e-03   2.2350000e+03
  -5.4595671e-03   2.2500000e+03
  -5.6095710e-03   2.2650000e+03
  -5.7567214e-03   2.2800000e+03
  -5.8982908e-03   2.2950000e+03
  -6.0319090e-03   2.3100000e+03
  -6.1527886e-03   2.3250000e+03
  -6.2508993e-03   2.3400000e+03
  -6.3106474e-03   2.3550000e+03
  -6.3106581e-03   2.3700000e+03
  -6.2194406e-03   2.3850000e+03
  -5.9865629e-03   2.4000000e+03
  -5.5310205e-03   2.4150000e+03
  -4.7251801e-03   2.4300000e+03
  -3.3696305e-03   2.4450000e+03
  -1.1571117e-03   2.4600000e+03
   2.3694658e-03   2.4750000e+03
   7.8544263e-03   2.4900000e+03
   1.6147304e-02   2.5050000e+03
   2.8278867e-02   2.5200000e+03
   4.5361787e-02   2.5350000e+03
   6.8376429e-02   2.5500000e+03
   9.7814441e-02   2.5650000e+03
   1.3319750e-01   2.5800000e+03
   1.7256948e-01   2.5950000e+03
   2.1215901e-01   2.6100000e+03
   2.4647887e-01   2.6250000e+03
   2.6910499e-01   2.6400000e+03
   2.7419993e-01   2.6550000e+03
   2.5851133e-01   2.6700000e+03
   2.2318090e-01   2.6850000e+03
   1.7445038e-01   2.7000000e+03
   1.2248908e-01   2.7150000e+03
   7.8215823e-02   2.7300000e+03
   4.9003433e-02   2.7450000e+03
   3.5067454e-02   2.7600000e+03
   2.8533230e-02   2.7750000e+03
   1.6256226e-02   2.7900000e+03
  -1.4335635e-02   2.8050000e+03
  -6.8895958e-02   2.8200000e+03
  -1.4245977e-01   2.8350000e+03
  -2.2042151e-01   2.8500000e+03
  -2.8385440e-01   2.8650000e+03
  -3.1660274e-01   2.8800000e+03
  -3.1084129e-01   2.8950000e+03
  -2.6889640e-01   2.9100000e+03
  -2.0118968e-01   2.9250000e+03
  -1.2185843e-01   2.9400000e+03
  -4.4169437e-02   2.9550000e+03
   2.2560522e-02   2.9700000e+03
   7.3642939e-02   2.9850000e+03
   1.0738752e-01   3.0000000e+03
   1.2240521e-01   3.0150000e+03
   1.1598815e-01   3.0300000e+03
   8.5420370e-02   3.0450000e+03
   3.2071523e-02   3.0600000e+03
  -3.4544457e-02   3.0750000e+03
  -9.6627176e-02   3.0900000e+03
  -1.3370211e-01   3.1050000e+03
  -1.3174255e-01   3.1200000e+03
  -9.0534151e-02   3.1350000e+03
  -2.4555322e-02   3.1500000e+03
   4.3521047e-02   3.1650000e+03
   9.3170494e-02   3.1800000e+03
   1.1450958e-01   3.1950000e+03
   1.1049482e-01   3.2100000e+03
   9.2178002e-02   3.2250000e+03
   7.0528507e-02   3.2400000e+03
   5.0342932e-02   3.2550000e+03
   3.0071439e-02   3.2700000e+03
   6.8655517e-03   3.2850000e+03
  -1.7886981e-02   3.3000000e+03
  -3.7472285e-02   3.3150000e+03
  -4.4225566e-02   3.3300000e+03
  -3.5701592e-02   3.3450000e+03
  -1.7447002e-02   3.3600000e+03
   1.0450267e-04   3.3750000e+03
   8.5248007e-03   3.3900000e+03
   7.0556616e-03   3.4050000e+03
   2.7373820e-03   3.4200000e+03
   4.5315390e-03   3.4350000e+03
   1.5418797e-02   3.4500000e+03
   2.8404335e-02   3.4650000e+03
   3.0090684e-02   3.4800000e+03
   1.0163225e-02   3.4950000e+03
  -2.9607920e-02   3.5100000e+03
  -7.3852174e-02   3.5250000e+03
  -1.0207182e-01   3.5400000e+03
  -1.0244690e-01   3.5550000e+03
  -8.1274569e-02   3.5700000e+03
  -5.9899062e-02   3.5850000e+03
  -5.9630573e-02   3.6000000e+03
  -8.5212089e-02   3.6150000e+03
  -1.2005392e-01   3.6300000e+03
  -1.3771291e-01   3.6450000e+03
  -1.2037931e-01   3.6600000e+03
  -6.8977110e-02   3.6750000e+03
   2.5540867e-03   3.6900000e+03
   8.1183553e-02   3.7050000e+03
   1.6186592e-01   3.7200000e+03
   2.4060868e-01   3.7350000e+03
   3.0204970e-01   3.7500000e+03
   3.1766155e-01   3.7650000e+03
   2.6175857e-01   3.7800000e+03
   1.3474549e-01   3.7950000e+03
  -2.6590912e-02   3.8100000e+03
  -1.6357979e-01   3.8250000e+03
  -2.2705519e-01   3.8400000e+03
  -2.0375271e-01   3.8550000e+03
  -1.1957689e-01   3.8700000e+03
  -1.9514078e-02   3.8850000e+03
   5.9255276e-02   3.9000000e+03
   1.0216687e-01   3.9150000e+03
   1.1356895e-01   3.9300000e+03
   1.0337895e-01   3.9450000e+03
   7.8123599e-02   3.9600000e+03
   4.2480886e-02   3.9750000e+03
   5.4192585e-03   3.9900000e+03
  -1.9301957e-02   4.0050000e+03
  -2.1561978e-02   4.0200000e+03
  -4.8644706e-03   4.0350000e+03
   1.2919970e-02   4.0500000e+03
   1.1335141e-02   4.0650000e+03
  -1.6646497e-02   4.0800000e+03
  -5.7503980e-02   4.0950000e+03
  -8.5493527e-02   4.1100000e+03
  -8.0507614e-02   4.1250000e+03
  -4.1889060e-02   4.1400000e+03
   1.1804212e-02   4.1550000e+03
   5.5646904e-02   4.1700000e+03
   7.3133714e-02   4.1850000e+03
   6.2732212e-02   4.2000000e+03
   3.4402352e-02   4.2150000e+03
   1.7878580e-03   4.2300000e+03
  -2.3822024e-02   4.2450000e+03
  -3.6186669e-02   4.2600000e+03
  -3.4863297e-02   4.2750000e+03
  -2.4529045e-02   4.2900000e+03
  -1.2229679e-02   4.3050000e+03
  -3.4326781e-03   4.3200000e+03
   2.8575133e-04   4.3350000e+03
   2.7447214e-04   4.3500000e+03
  -1.8315358e-03   4.3650000e+03
  -5.6880550e-03   4.3800000e+03
  -1.1938591e-02   4.3950000e+03
  -2.0912735e-02   4.4100000e+03
  -3.0957382e-02   4.4250000e+03
  -3.7052028e-02   4.4400000e+03
  -3.1787906e-02   4.4550000e+03
  -1.0386943e-02   4.4700000e+03
   2.3022301e-02   4.4850000e+03
   5.4575425e-02   4.5000000e+03
