  -1.5869207e-03   0.0000000e+00
  -1.5869227e-03   1.5000000e+01
  -1.5869522e-03   3.0000000e+01
  -1.5870421e-03   4.5000000e+01
  -1.5871400e-03   6.0000000e+01
  -1.5871242e-03   7.5000000e+01
  -1.5869578e-03   9.0000000e+01
  -1.5867604e-03   1.0500000e+02
  -1.5867553e-03   1.2000000e+02
  -1.5870731e-03   1.3500000e+02
  -1.5875157e-03   1.5000000e+02
  -1.5874661e-03   1.6500000e+02
  -1.5856375e-03   1.8000000e+02
  -1.5783142e-03   1.9500000e+02
  -1.5545827e-03   2.1000000e+02
  -1.4910796e-03   2.2500000e+02
  -1.3570216e-03   2.4000000e+02
  -1.1416912e-03   2.5500000e+02
  -8.9340372e-04   2.7000000e+02
  -7.2072237e-04   2.8500000e+02
  -7.1449368e-04   3.0000000e+02
  -8.4334315e-04   3.1500000e+02
  -9.5756125e-04   3.3000000e+02
  -9.4270427e-04   3.4500000e+02
  -8.5098407e-04   3.6000000e+02
  -8.2160777e-04   3.7500000e+02
  -8.8582217e-04   3.9000000e+02
  -9.3827309e-04   4.0500000e+02
  -9.1045839e-04   4.2000000e+02
  -8.6668908e-04   4.3500000e+02
  -8.8173203e-04   4.5000000e+02
  -9.2213188e-04   4.6500000e+02
  -9.2228374e-04   4.8000000e+02
  -8.9857832e-04   4.9500000e+02
  -9.0421765e-04   5.1000000e+02
  -9.3088421e-04   5.2500000e+02
  -9.3604455e-04   5.4000000e+02
  -9.2327583e-04   5.5500000e+02
  -9.2551555e-04   5.7000000e+02
  -9.4125309e-04   5.8500000e+02
  -9.4509253e-04   6.0000000e+02
  -9.3830895e-04   6.1500000e+02
  -9.4133156e-04   6.3000000e+02
  -9.5319719e-04   6.4500000e+02
  -9.5807592e-04   6.6000000e+02
  -9.5708482e-04   6.7500000e+02
  -9.6071162e-04   6.9000000e+02
  -9.6449564e-04   7.0500000e+02
  -9.5784391e-04   7.2000000e+02
  -9.4218442e-04   7.3500000e+02
  -9.2303223e-04   7.5000000e+02
  -8.9973712e-04   7.6500000e+02
  -8.7602838e-04   7.8000000e+02
  -8.6743548e-04   7.9500000e+02
  -8.8776398e-04   8.1000000e+02
  -9.3482679e-04   8.2500000e+02
  -9.9188858e-04   8.4000000e+02
  -1.0364963e-03   8.5500000e+02
  -1.0515851e-03   8.7000000e+02
  -1.0403143e-03   8.8500000e+02
  -1.0293479e-03   9.0000000e+02
  -1.0454940e-03   9.1500000e+02
  -1.0864449e-03   9.3000000e+02
  -1.1229721e-03   9.4500000e+02
  -1.1331625e-03   9.6000000e+02
  -1.1274331e-03   9.7500000e+02
  -1.1337334e-03   9.9000000e+02
  -1.1621712e-03   1.0050000e+03
  -1.1939129e-03   1.0200000e+03
  -1.2077481e-03   1.0350000e+03
  -1.2080062e-03   1.0500000e+03
  -1.2155261e-03   1.0650000e+03
  -1.2362564e-03   1.0800000e+03
  -1.2549682e-03   1.0950000e+03
  -1.2617833e-03   1.1100000e+03
  -1.2676314e-03   1.1250000e+03
  -1.2850646e-03   1.1400000e+03
  -1.3087393e-03   1.1550000e+03
  -1.3277527e-03   1.1700000e+03
  -1.3459865e-03   1.1850000e+03
  -1.3750099e-03   1.2000000e+03
  -1.4141554e-03   1.2150000e+03
  -1.4527570e-03   1.2300000e+03
  -1.4875657e-03   1.2450000e+03
  -1.5236128e-03   1.2600000e+03
  -1.5607696e-03   1.2750000e+03
  -1.5931423e-03   1.2900000e+03
  -1.6206340e-03   1.3050000e+03
  -1.6492439e-03   1.3200000e+03
  -1.6804914e-03   1.3350000e+03
  -1.7106605e-03   1.3500000e+03
  -1.7397633e-03   1.3650000e+03
  -1.7721262e-03   1.3800000e+03
  -1.8088275e-03   1.3950000e+03
  -1.8472058e-03   1.4100000e+03
  -1.8867177e-03   1.4250000e+03
  -1.9288366e-03   1.4400000e+03
  -1.9724802e-03   1.4550000e+03
  -2.0146067e-03   1.4700000e+03
  -2.0540250e-03   1.4850000e+03
  -2.0917053e-03   1.5000000e+03
  -2.1295822e-03   1.5150000e+03
  -2.1705816e-03   1.5300000e+03
  -2.2167591e-03   1.5450000e+03
  -2.2664063e-03   1.5600000e+03
  -2.3161336e-03   1.5750000e+03
  -2.3661831e-03   1.5900000e+03
  -2.4202578e-03   1.6050000e+03
  -2.4799786e-03   1.6200000e+03
  -2.5429416e-03   1.6350000e+03
  -2.6065032e-03   1.6500000e+03
  -2.6702462e-03   1.6650000e+03
  -2.7342886e-03   1.6800000e+03
  -2.7981449e-03   1.6950000e+03
  -2.8623270e-03   1.7100000e+03
  -2.9295923e-03   1.7250000e+03
  -3.0035651e-03   1.7400000e+03
  -3.0855185e-03   1.7550000e+03
  -3.1720460e-03   1.7700000e+03
  -3.2570586e-03   1.7850000e+03
  -3.3374804e-03   1.8000000e+03
  -3.4160658e-03   1.8150000e+03
  -3.4975000e-03   1.8300000e+03
  -3.5832869e-03   1.8450000e+03
  -3.6719292e-03   1.8600000e+03
  -3.7625453e-03   1.8750000e+03
  -3.8562412e-03   1.8900000e+03
  -3.9546955e-03   1.9050000e+03
  -4.0590935e-03   1.9200000e+03
  -4.1698245e-03   1.9350000e+03
  -4.2858371e-03   1.9500000e+03
  -4.4050887e-03   1.9650000e+03
  -4.5270333e-03   1.9800000e+03
  -4.6541328e-03   1.9950000e+03
  -4.7898940e-03   2.0100000e+03
  -4.9361819e-03   2.0250000e+03
  -5.0930874e-03   2.0400000e+03
  -5.2600680e-03   2.0550000e+03
  -5.4355459e-03   2.0700000e+03
  -5.6156809e-03   2.0850000e+03
  -5.7949927e-03   2.1000000e+03
  -5.9685875e-03   2.1150000e+03
  -6.1329808e-03   2.1300000e+03
  -6.2844460e-03   2.1450000e+03
  -6.4170482e-03   2.1600000e+03
  -6.5215919e-03   2.1750000e+03
  -6.5835048e-03   2.1900000e+03
  -6.5782843e-03   2.2050000e+03
  -6.4660301e-03   2.2200000e+03
  -6.1849672e-03   2.2350000e+03
  -5.6393985e-03   2.2500000e+03
  -4.6781586e-03   2.2650000e+03
  -3.0636345e-03   2.2800000e+03
  -4.3005985e-04   2.2950000e+03
   3.7726478e-03   2.3100000e+03
   1.0344493e-02   2.3250000e+03
   2.0386346e-02   2.3400000e+03
   3.5294730e-02   2.3550000e+03
   5.6646883e-02   2.3700000e+03
   8.5912280e-02   2.3850000e+03
   1.2393235e-01   2.4000000e+03
   1.7016685e-01   2.4150000e+03
   2.2183688e-01   2.4300000e+03
   2.7327648e-01   2.4450000e+03
   3.1595787e-01   2.4600000e+03
   3.3966094e-01   2.4750000e+03
   3.3499345e-01   2.4900000e+03
   2.9688665e-01   2.5050000e+03
   2.2792897e-01   2.5200000e+03
   1.3983324e-01   2.5350000e+03
   5.1479012e-02   2.5500000e+03
  -1.6848851e-02   2.5650000e+03
  -5.1420175e-02   2.5800000e+03
  -5.1770281e-02   2.5950000e+03
  -3.2314554e-02   2.6100000e+03
  -1.6887022e-02   2.6250000e+03
  -2.7855014e-02   2.6400000e+03
  -7.4913338e-02   2.6550000e+03
  -1.4957459e-01   2.6700000e+03
  -2.2867727e-01   2.6850000e+03
  -2.8526059e-01   2.7000000e+03
  -3.0100805e-01   2.7150000e+03
  -2.7383849e-01   2.7300000e+03
  -2.1733882e-01   2.7450000e+03
  -1.5324417e-01   2.7600000e+03
  -1.0120134e-01   2.7750000e+03
  -7.0447341e-02   2.7900000e+03
  -5.6647964e-02   2.8050000e+03
  -4.5180392e-02   2.8200000e+03
  -1.9833127e-02   2.8350000e+03
   2.6829137e-02   2.8500000e+03
   8.7091595e-02   2.8650000e+03
   1.4019164e-01   2.8800000e+03
   1.6256617e-01   2.8950000e+03
   1.4044890e-01   2.9100000e+03
   7.7399269e-02   2.9250000e+03
  -6.9993036e-03   2.9400000e+03
  -8.5430190e-02   2.9550000e+03
  -1.3329573e-01   2.9700000e+03
  -1.3721851e-01   2.9850000e+03
  -9.9341795e-02   3.0000000e+03
  -3.6164291e-02   3.0150000e+03
   2.8295219e-02   3.0300000e+03
   7.2669163e-02   3.0450000e+03
   8.6870953e-02   3.0600000e+03
   7.4762449e-02   3.0750000e+03
   5.0152328e-02   3.0900000e+03
   2.9119994e-02   3.1050000e+03
   2.2604626e-02   3.1200000e+03
   3.2073583e-02   3.1350000e+03
   4.9800541e-02   3.1500000e+03
   6.3811667e-02   3.1650000e+03
   6.5079682e-02   3.1800000e+03
   5.2510206e-02   3.1950000e+03
   3.2388899e-02   3.2100000e+03
   1.3058990e-02   3.2250000e+03
  -9.9409395e-04   3.2400000e+03
  -1.1559511e-02   3.2550000e+03
  -2.4209704e-02   3.2700000e+03
  -4.2514212e-02   3.2850000e+03
  -6.2932983e-02   3.3000000e+03
  -7.5056233e-02   3.3150000e+03
  -6.8848602e-02   3.3300000e+03
  -4.4241849e-02   3.3450000e+03
  -1.4373303e-02   3.3600000e+03
   2.2431510e-03   3.3750000e+03
  -4.5752479e-03   3.3900000e+03
  -2.8556213e-02   3.4050000e+03
  -5.1784661e-02   3.4200000e+03
  -5.8904789e-02   3.4350000e+03
  -4.9378071e-02   3.4500000e+03
  -3.8093999e-02   3.4650000e+03
  -4.3676533e-02   3.4800000e+03
  -7.3078439e-02   3.4950000e+03
  -1.1387157e-01   3.5100000e+03
  -1.4011668e-01   3.5250000e+03
  -1.2785921e-01   3.5400000e+03
  -6.9534317e-02   3.5550000e+03
   2.2022439e-02   3.5700000e+03
   1.2119132e-01   3.5850000e+03
   2.0209184e-01   3.6000000e+03
   2.4753352e-01   3.6150000e+03
   2.5078225e-01   3.6300000e+03
   2.1301970e-01   3.6450000e+03
   1.4166033e-01   3.6600000e+03
   5.1233597e-02   3.6750000e+03
  -3.6595475e-02   3.6900000e+03
  -9.8284803e-02   3.7050000e+03
  -1.1857273e-01   3.7200000e+03
  -9.9102706e-02   3.7350000e+03
  -5.8118723e-02   3.7500000e+03
  -1.9693516e-02   3.7650000e+03
   9.7650720e-04   3.7800000e+03
   6.0242959e-03   3.7950000e+03
   1.0783355e-02   3.8100000e+03
   2.9653218e-02   3.8250000e+03
   6.2378123e-02   3.8400000e+03
   9.1868006e-02   3.8550000e+03
   9.6437588e-02   3.8700000e+03
   6.7389384e-02   3.8850000e+03
   1.7306849e-02   3.9000000e+03
  -2.8407935e-02   3.9150000e+03
  -4.9571689e-02   3.9300000e+03
  -4.3308444e-02   3.9450000e+03
  -2.1173634e-02   3.9600000e+03
   3.0683991e-03   3.9750000e+03
   2.2040823e-02   3.9900000e+03
   3.3601854e-02   4.0050000e+03
   3.5675559e-02   4.0200000e+03
   2.5717441e-02   4.0350000e+03
   5.3522382e-03   4.0500000e+03
  -1.7162928e-02   4.0650000e+03
  -3.1715725e-02   4.0800000e+03
  -3.4337051e-02   4.0950000e+03
  -3.0025281e-02   4.1100000e+03
  -2.7431447e-02   4.1250000e+03
  -3.0887565e-02   4.1400000e+03
  -3.7212767e-02   4.1550000e+03
  -3.9112981e-02   4.1700000e+03
  -3.0978153e-02   4.1850000e+03
  -1.2426006e-02   4.2000000e+03
   1.1450641e-02   4.2150000e+03
   3.1823173e-02   4.2300000e+03
   3.9286416e-02   4.2450000e+03
   2.8594816e-02   4.2600000e+03
   3.1624504e-03   4.2750000e+03
  -2.4831343e-02   4.2900000e+03
  -4.0994022e-02   4.3050000e+03
  -3.8053039e-02   4.3200000e+03
  -2.0133596e-02   4.3350000e+03
   1.9411565e-03   4.3500000e+03
   1.9568477e-02   4.3650000e+03
   3.0892199e-02   4.3800000e+03
   3.7829820e-02   4.3950000e+03
   4.0677890e-02   4.4100000e+03
   3.6716700e-02   4.4250000e+03
   2.3443766e-02   4.4400000e+03
   2.2535357e-03   4.4550000e+03
  -2.0687679e-02   4.4700000e+03
  -3.6545459e-02   4.4850000e+03
  -3.8055915e-02   4.5000000e+03
