  -3.5549744e-03   0.0000000e+00
  -3.5547947e-03   1.5000000e+01
  -3.5543572e-03   3.0000000e+01
  -3.5540094e-03   4.5000000e+01
  -3.5541626e-03   6.0000000e+01
  -3.5550902e-03   7.5000000e+01
  -3.5568166e-03   9.0000000e+01
  -3.5591954e-03   1.0500000e+02
  -3.5621668e-03   1.2000000e+02
  -3.5659333e-03   1.3500000e+02
  -3.5707564e-03   1.5000000e+02
  -3.5767055e-03   1.6500000e+02
  -3.5838007e-03   1.8000000e+02
  -3.5920490e-03   1.9500000e+02
  -3.6012041e-03   2.1000000e+02
  -3.6109420e-03   2.2500000e+02
  -3.6212902e-03   2.4000000e+02
  -3.6325704e-03   2.5500000e+02
  -3.6449940e-03   2.7000000e+02
  -3.6583983e-03   2.8500000e+02
  -3.6723264e-03   3.0000000e+02
  -3.6864036e-03   3.1500000e+02
  -3.7006077e-03   3.3000000e+02
  -3.7151526e-03   3.4500000e+02
  -3.7301327e-03   3.6000000e+02
  -3.7452609e-03   3.7500000e+02
  -3.7601728e-03   3.9000000e+02
  -3.7750532e-03   4.0500000e+02
  -3.7902857e-03   4.2000000e+02
  -3.8050078e-03   4.3500000e+02
  -3.8170766e-03   4.5000000e+02
  -3.8252755e-03   4.6500000e+02
  -3.8305190e-03   4.8000000e+02
  -3.8344297e-03   4.9500000e+02
  -3.8380094e-03   5.1000000e+02
  -3.8420393e-03   5.2500000e+02
  -3.8473888e-03   5.4000000e+02
  -3.8541981e-03   5.5500000e+02
  -3.8615698e-03   5.7000000e+02
  -3.8688411e-03   5.8500000e+02
  -3.8762849e-03   6.0000000e+02
  -3.8836952e-03   6.1500000e+02
  -3.8897602e-03   6.3000000e+02
  -3.8939626e-03   6.4500000e+02
  -3.8973358e-03   6.6000000e+02
  -3.9006632e-03   6.7500000e+02
  -3.9038935e-03   6.9000000e+02
  -3.9072498e-03   7.0500000e+02
  -3.9110971e-03   7.2000000e+02
  -3.9152689e-03   7.3500000e+02
  -3.9194711e-03   7.5000000e+02
  -3.9235190e-03   7.6500000e+02
  -3.9272006e-03   7.8000000e+02
  -3.9306041e-03   7.9500000e+02
  -3.9341073e-03   8.1000000e+02
  -3.9377832e-03   8.2500000e+02
  -3.9413818e-03   8.4000000e+02
  -3.9447537e-03   8.5500000e+02
  -3.9479770e-03   8.7000000e+02
  -3.9513609e-03   8.8500000e+02
  -3.9552823e-03   9.0000000e+02
  -3.9597377e-03   9.1500000e+02
  -3.9644493e-03   9.3000000e+02
  -3.9694346e-03   9.4500000e+02
  -3.9749574e-03   9.6000000e+02
  -3.9811451e-03   9.7500000e+02
  -3.9878027e-03   9.9000000e+02
  -3.9944178e-03   1.0050000e+03
  -4.0006954e-03   1.0200000e+03
  -4.0070135e-03   1.0350000e+03
  -4.0139523e-03   1.0500000e+03
  -4.0216902e-03   1.0650000e+03
  -4.0301299e-03   1.0800000e+03
  -4.0391218e-03   1.0950000e+03
  -4.0483270e-03   1.1100000e+03
  -4.0571094e-03   1.1250000e+03
  -4.0647872e-03   1.1400000e+03
  -4.0711374e-03   1.1550000e+03
  -4.0767360e-03   1.1700000e+03
  -4.0827570e-03   1.1850000e+03
  -4.0902058e-03   1.2000000e+03
  -4.0990505e-03   1.2150000e+03
  -4.1079628e-03   1.2300000e+03
  -4.1148807e-03   1.2450000e+03
  -4.1177119e-03   1.2600000e+03
  -4.1146302e-03   1.2750000e+03
  -4.1042571e-03   1.2900000e+03
  -4.0860274e-03   1.3050000e+03
  -4.0602954e-03   1.3200000e+03
  -4.0277522e-03   1.3350000e+03
  -3.9885212e-03   1.3500000e+03
  -3.9416943e-03   1.3650000e+03
  -3.8854966e-03   1.3800000e+03
  -3.8176649e-03   1.3950000e+03
  -3.7354950e-03   1.4100000e+03
  -3.6356566e-03   1.4250000e+03
  -3.5142542e-03   1.4400000e+03
  -3.3672669e-03   1.4550000e+03
  -3.1908322e-03   1.4700000e+03
  -2.9806122e-03   1.4850000e+03
  -2.7305805e-03   1.5000000e+03
  -2.4324714e-03   1.5150000e+03
  -2.0764377e-03   1.5300000e+03
  -1.6521357e-03   1.5450000e+03
  -1.1491521e-03   1.5600000e+03
  -5.5631826e-04   1.5750000e+03
   1.3980179e-04   1.5900000e+03
   9.5668266e-04   1.6050000e+03
   1.9175573e-03   1.6200000e+03
   3.0533371e-03   1.6350000e+03
   4.4050878e-03   1.6500000e+03
   6.0270349e-03   1.6650000e+03
   7.9895835e-03   1.6800000e+03
   1.0381619e-02   1.6950000e+03
   1.3311275e-02   1.7100000e+03
   1.6904337e-02   1.7250000e+03
   2.1300154e-02   1.7400000e+03
   2.6645830e-02   1.7550000e+03
   3.3089485e-02   1.7700000e+03
   4.0771302e-02   1.7850000e+03
   4.9809109e-02   1.8000000e+03
   6.0275894e-02   1.8150000e+03
   7.2170630e-02   1.8300000e+03
   8.5388072e-02   1.8450000e+03
   9.9694833e-02   1.8600000e+03
   1.1471784e-01   1.8750000e+03
   1.2995000e-01   1.8900000e+03
   1.4477643e-01   1.9050000e+03
   1.5852328e-01   1.9200000e+03
   1.7052764e-01   1.9350000e+03
   1.8022162e-01   1.9500000e+03
   1.8721512e-01   1.9650000e+03
   1.9135547e-01   1.9800000e+03
   1.9274387e-01   1.9950000e+03
   1.9170167e-01   2.0100000e+03
   1.8869761e-01   2.0250000e+03
   1.8426073e-01   2.0400000e+03
   1.7890079e-01   2.0550000e+03
   1.7304920e-01   2.0700000e+03
   1.6702323e-01   2.0850000e+03
   1.6101599e-01   2.1000000e+03
   1.5511428e-01   2.1150000e+03
   1.4934078e-01   2.1300000e+03
   1.4370364e-01   2.1450000e+03
   1.3822806e-01   2.1600000e+03
   1.3295113e-01   2.1750000e+03
   1.2788296e-01   2.1900000e+03
   1.2295724e-01   2.2050000e+03
   1.1799669e-01   2.2200000e+03
   1.1270449e-01   2.2350000e+03
   1.0668035e-01   2.2500000e+03
   9.9463612e-02   2.2650000e+03
   9.0618283e-02   2.2800000e+03
   7.9869106e-02   2.2950000e+03
   6.7261703e-02   2.3100000e+03
   5.3278487e-02   2.3250000e+03
   3.8836036e-02   2.3400000e+03
   2.5134537e-02   2.3550000e+03
   1.3397788e-02   2.3700000e+03
   4.5879968e-03   2.3850000e+03
  -8.1374799e-04   2.4000000e+03
  -2.8909487e-03   2.4150000e+03
  -2.2045304e-03   2.4300000e+03
   4.4297631e-04   2.4450000e+03
   4.2984588e-03   2.4600000e+03
   8.8672610e-03   2.4750000e+03
   1.3936677e-02   2.4900000e+03
   1.9415988e-02   2.5050000e+03
   2.5101028e-02   2.5200000e+03
   3.0503480e-02   2.5350000e+03
   3.4835368e-02   2.5500000e+03
   3.7158083e-02   2.5650000e+03
   3.6639325e-02   2.5800000e+03
   3.2823272e-02   2.5950000e+03
   2.5813166e-02   2.6100000e+03
   1.6304951e-02   2.6250000e+03
   5.4871007e-03   2.6400000e+03
  -5.1225508e-03   2.6550000e+03
  -1.3856472e-02   2.6700000e+03
  -1.9127164e-02   2.6850000e+03
  -1.9766323e-02   2.7000000e+03
  -1.5431495e-02   2.7150000e+03
  -6.8860403e-03   2.7300000e+03
   4.0728631e-03   2.7450000e+03
   1.5094543e-02   2.7600000e+03
   2.3973167e-02   2.7750000e+03
   2.9257208e-02   2.7900000e+03
   3.0554138e-02   2.8050000e+03
   2.8494235e-02   2.8200000e+03
   2.4428800e-02   2.8350000e+03
   1.9960156e-02   2.8500000e+03
   1.6428187e-02   2.8650000e+03
   1.4540417e-02   2.8800000e+03
   1.4318375e-02   2.8950000e+03
   1.5349437e-02   2.9100000e+03
   1.7102148e-02   2.9250000e+03
   1.9043090e-02   2.9400000e+03
   2.0555018e-02   2.9550000e+03
   2.0921160e-02   2.9700000e+03
   1.9573776e-02   2.9850000e+03
   1.6452951e-02   3.0000000e+03
   1.2108887e-02   3.0150000e+03
   7.3980000e-03   3.0300000e+03
   3.0351430e-03   3.0450000e+03
  -6.1839347e-04   3.0600000e+03
  -3.4588510e-03   3.0750000e+03
  -5.5000638e-03   3.0900000e+03
  -6.9087748e-03   3.1050000e+03
  -8.1071099e-03   3.1200000e+03
  -9.6844593e-03   3.1350000e+03
  -1.2093624e-02   3.1500000e+03
  -1.5406641e-02   3.1650000e+03
  -1.9370288e-02   3.1800000e+03
  -2.3672374e-02   3.1950000e+03
  -2.8124975e-02   3.2100000e+03
  -3.2625947e-02   3.2250000e+03
  -3.7044384e-02   3.2400000e+03
  -4.1228041e-02   3.2550000e+03
  -4.5126978e-02   3.2700000e+03
  -4.8864484e-02   3.2850000e+03
  -5.2663174e-02   3.3000000e+03
  -5.6714449e-02   3.3150000e+03
  -6.1116144e-02   3.3300000e+03
  -6.5872222e-02   3.3450000e+03
  -7.0857637e-02   3.3600000e+03
  -7.5738020e-02   3.3750000e+03
  -7.9974331e-02   3.3900000e+03
  -8.3018601e-02   3.4050000e+03
  -8.4607713e-02   3.4200000e+03
  -8.4920228e-02   3.4350000e+03
  -8.4466733e-02   3.4500000e+03
  -8.3829477e-02   3.4650000e+03
  -8.3473079e-02   3.4800000e+03
  -8.3710447e-02   3.4950000e+03
  -8.4721863e-02   3.5100000e+03
  -8.6517163e-02   3.5250000e+03
  -8.8873655e-02   3.5400000e+03
  -9.1356792e-02   3.5550000e+03
  -9.3444340e-02   3.5700000e+03
  -9.4663471e-02   3.5850000e+03
  -9.4662659e-02   3.6000000e+03
  -9.3235299e-02   3.6150000e+03
  -9.0346403e-02   3.6300000e+03
  -8.6161464e-02   3.6450000e+03
  -8.1035607e-02   3.6600000e+03
  -7.5447410e-02   3.6750000e+03
  -6.9899023e-02   3.6900000e+03
  -6.4802021e-02   3.7050000e+03
  -6.0366347e-02   3.7200000e+03
  -5.6545701e-02   3.7350000e+03
  -5.3111792e-02   3.7500000e+03
  -4.9855117e-02   3.7650000e+03
  -4.6783511e-02   3.7800000e+03
  -4.4155065e-02   3.7950000e+03
  -4.2309504e-02   3.8100000e+03
  -4.1444298e-02   3.8250000e+03
  -4.1535899e-02   3.8400000e+03
  -4.2467248e-02   3.8550000e+03
  -4.4218644e-02   3.8700000e+03
  -4.6910115e-02   3.8850000e+03
  -5.0625067e-02   3.9000000e+03
  -5.5163909e-02   3.9150000e+03
  -5.9957121e-02   3.9300000e+03
  -6.4233094e-02   3.9450000e+03
  -6.7325212e-02   3.9600000e+03
  -6.8912148e-02   3.9750000e+03
  -6.9065049e-02   3.9900000e+03
  -6.8114907e-02   4.0050000e+03
  -6.6442698e-02   4.0200000e+03
  -6.4314283e-02   4.0350000e+03
  -6.1847545e-02   4.0500000e+03
  -5.9105549e-02   4.0650000e+03
  -5.6198459e-02   4.0800000e+03
  -5.3261451e-02   4.0950000e+03
  -5.0311897e-02   4.1100000e+03
  -4.7145247e-02   4.1250000e+03
  -4.3413967e-02   4.1400000e+03
  -3.8847063e-02   4.1550000e+03
  -3.3425618e-02   4.1700000e+03
  -2.7389977e-02   4.1850000e+03
  -2.1122724e-02   4.2000000e+03
  -1.5026207e-02   4.2150000e+03
  -9.4491476e-03   4.2300000e+03
  -4.6410244e-03   4.2450000e+03
  -7.1504922e-04   4.2600000e+03
   2.3661535e-03   4.2750000e+03
   4.7708685e-03   4.2900000e+03
   6.7553804e-03   4.3050000e+03
   8.6071249e-03   4.3200000e+03
   1.0573932e-02   4.3350000e+03
   1.2795567e-02   4.3500000e+03
   1.5272179e-02   4.3650000e+03
   1.7883338e-02   4.3800000e+03
   2.0432422e-02   4.3950000e+03
   2.2691270e-02   4.4100000e+03
   2.4455259e-02   4.4250000e+03
   2.5624633e-02   4.4400000e+03
   2.6280854e-02   4.4550000e+03
   2.6688814e-02   4.4700000e+03
   2.7188573e-02   4.4850000e+03
   2.8022345e-02   4.5000000e+03
