  -4.5500509e-03   0.0000000e+00
  -4.5497580e-03   1.5000000e+01
  -4.5490400e-03   3.0000000e+01
  -4.5484644e-03   4.5000000e+01
  -4.5487364e-03   6.0000000e+01
  -4.5503471e-03   7.5000000e+01
  -4.5533143e-03   9.0000000e+01
  -4.5573376e-03   1.0500000e+02
  -4.5622759e-03   1.2000000e+02
  -4.5684734e-03   1.3500000e+02
  -4.5764269e-03   1.5000000e+02
  -4.5862887e-03   1.6500000e+02
  -4.5980490e-03   1.8000000e+02
  -4.6116803e-03   1.9500000e+02
  -4.6268241e-03   2.1000000e+02
  -4.6430551e-03   2.2500000e+02
  -4.6604644e-03   2.4000000e+02
  -4.6794969e-03   2.5500000e+02
  -4.7003143e-03   2.7000000e+02
  -4.7224974e-03   2.8500000e+02
  -4.7453339e-03   3.0000000e+02
  -4.7684028e-03   3.1500000e+02
  -4.7918833e-03   3.3000000e+02
  -4.8163361e-03   3.4500000e+02
  -4.8420113e-03   3.6000000e+02
  -4.8682615e-03   3.7500000e+02
  -4.8941546e-03   3.9000000e+02
  -4.9199425e-03   4.0500000e+02
  -4.9465545e-03   4.2000000e+02
  -4.9727820e-03   4.3500000e+02
  -4.9950243e-03   4.5000000e+02
  -5.0112605e-03   4.6500000e+02
  -5.0232061e-03   4.8000000e+02
  -5.0336579e-03   4.9500000e+02
  -5.0441111e-03   5.1000000e+02
  -5.0556129e-03   5.2500000e+02
  -5.0695222e-03   5.4000000e+02
  -5.0861733e-03   5.5500000e+02
  -5.1042782e-03   5.7000000e+02
  -5.1229908e-03   5.8500000e+02
  -5.1429020e-03   6.0000000e+02
  -5.1634558e-03   6.1500000e+02
  -5.1820674e-03   6.3000000e+02
  -5.1976992e-03   6.4500000e+02
  -5.2121789e-03   6.6000000e+02
  -5.2270563e-03   6.7500000e+02
  -5.2426257e-03   6.9000000e+02
  -5.2595264e-03   7.0500000e+02
  -5.2781622e-03   7.2000000e+02
  -5.2977423e-03   7.3500000e+02
  -5.3173681e-03   7.5000000e+02
  -5.3365305e-03   7.6500000e+02
  -5.3548822e-03   7.8000000e+02
  -5.3728800e-03   7.9500000e+02
  -5.3916192e-03   8.1000000e+02
  -5.4115141e-03   8.2500000e+02
  -5.4321792e-03   8.4000000e+02
  -5.4532792e-03   8.5500000e+02
  -5.4748273e-03   8.7000000e+02
  -5.4972167e-03   8.8500000e+02
  -5.5209096e-03   9.0000000e+02
  -5.5456818e-03   9.1500000e+02
  -5.5707907e-03   9.3000000e+02
  -5.5958447e-03   9.4500000e+02
  -5.6207781e-03   9.6000000e+02
  -5.6453641e-03   9.7500000e+02
  -5.6689424e-03   9.9000000e+02
  -5.6902608e-03   1.0050000e+03
  -5.7081669e-03   1.0200000e+03
  -5.7223756e-03   1.0350000e+03
  -5.7326397e-03   1.0500000e+03
  -5.7377224e-03   1.0650000e+03
  -5.7357452e-03   1.0800000e+03
  -5.7247630e-03   1.0950000e+03
  -5.7026390e-03   1.1100000e+03
  -5.6666071e-03   1.1250000e+03
  -5.6129382e-03   1.1400000e+03
  -5.5367448e-03   1.1550000e+03
  -5.4316684e-03   1.1700000e+03
  -5.2894363e-03   1.1850000e+03
  -5.0991192e-03   1.2000000e+03
  -4.8456462e-03   1.2150000e+03
  -4.5076427e-03   1.2300000e+03
  -4.0552844e-03   1.2450000e+03
  -3.4485240e-03   1.2600000e+03
  -2.6352219e-03   1.2750000e+03
  -1.5481701e-03   1.2900000e+03
  -9.9691984e-05   1.3050000e+03
   1.8275027e-03   1.3200000e+03
   4.3935752e-03   1.3350000e+03
   7.8184707e-03   1.3500000e+03
   1.2402008e-02   1.3650000e+03
   1.8546050e-02   1.3800000e+03
   2.6775049e-02   1.3950000e+03
   3.7746031e-02   1.4100000e+03
   5.2230950e-02   1.4250000e+03
   7.1045674e-02   1.4400000e+03
   9.4897613e-02   1.4550000e+03
   1.2413656e-01   1.4700000e+03
   1.5842444e-01   1.4850000e+03
   1.9638593e-01   1.5000000e+03
   2.3535511e-01   1.5150000e+03
   2.7137226e-01   1.5300000e+03
   2.9957682e-01   1.5450000e+03
   3.1504959e-01   1.5600000e+03
   3.1398231e-01   1.5750000e+03
   2.9484886e-01   1.5900000e+03
   2.5913280e-01   1.6050000e+03
   2.1123196e-01   1.6200000e+03
   1.5744448e-01   1.6350000e+03
   1.0434041e-01   1.6500000e+03
   5.7129558e-02   1.6650000e+03
   1.8657727e-02   1.6800000e+03
  -1.0647164e-02   1.6950000e+03
  -3.2032382e-02   1.7100000e+03
  -4.7387350e-02   1.7250000e+03
  -5.8452006e-02   1.7400000e+03
  -6.6518106e-02   1.7550000e+03
  -7.2511941e-02   1.7700000e+03
  -7.7147298e-02   1.7850000e+03
  -8.0898978e-02   1.8000000e+03
  -8.3780855e-02   1.8150000e+03
  -8.5137986e-02   1.8300000e+03
  -8.3725795e-02   1.8450000e+03
  -7.8199610e-02   1.8600000e+03
  -6.7861132e-02   1.8750000e+03
  -5.3294644e-02   1.8900000e+03
  -3.6544766e-02   1.9050000e+03
  -2.0730864e-02   1.9200000e+03
  -9.2638470e-03   1.9350000e+03
  -4.9319612e-03   1.9500000e+03
  -9.0601742e-03   1.9650000e+03
  -2.0893140e-02   1.9800000e+03
  -3.7400104e-02   1.9950000e+03
  -5.3740866e-02   2.0100000e+03
  -6.4492077e-02   2.0250000e+03
  -6.5399453e-02   2.0400000e+03
  -5.5068500e-02   2.0550000e+03
  -3.5845336e-02   2.0700000e+03
  -1.3301691e-02   2.0850000e+03
   5.7540187e-03   2.1000000e+03
   1.6094366e-02   2.1150000e+03
   1.6472626e-02   2.1300000e+03
   1.0310276e-02   2.1450000e+03
   4.0942458e-03   2.1600000e+03
   4.1190572e-03   2.1750000e+03
   1.3250749e-02   2.1900000e+03
   2.9570822e-02   2.2050000e+03
   4.7804501e-02   2.2200000e+03
   6.2747210e-02   2.2350000e+03
   7.2474070e-02   2.2500000e+03
   7.9031147e-02   2.2650000e+03
   8.5921742e-02   2.2800000e+03
   9.4106175e-02   2.2950000e+03
   9.9636517e-02   2.3100000e+03
   9.5113337e-02   2.3250000e+03
   7.4320421e-02   2.3400000e+03
   3.6842704e-02   2.3550000e+03
  -1.0605571e-02   2.3700000e+03
  -5.6866385e-02   2.3850000e+03
  -9.0807758e-02   2.4000000e+03
  -1.0460941e-01   2.4150000e+03
  -9.4816417e-02   2.4300000e+03
  -6.2464450e-02   2.4450000e+03
  -1.3759425e-02   2.4600000e+03
   3.9319374e-02   2.4750000e+03
   8.0883898e-02   2.4900000e+03
   9.6702904e-02   2.5050000e+03
   8.1180856e-02   2.5200000e+03
   4.1026499e-02   2.5350000e+03
  -7.6244855e-03   2.5500000e+03
  -4.7311354e-02   2.5650000e+03
  -6.7483932e-02   2.5800000e+03
  -6.7939527e-02   2.5950000e+03
  -5.6215085e-02   2.6100000e+03
  -4.1706748e-02   2.6250000e+03
  -3.0716589e-02   2.6400000e+03
  -2.5024012e-02   2.6550000e+03
  -2.3693724e-02   2.6700000e+03
  -2.5812773e-02   2.6850000e+03
  -3.1782407e-02   2.7000000e+03
  -4.2360160e-02   2.7150000e+03
  -5.6610070e-02   2.7300000e+03
  -7.0879817e-02   2.7450000e+03
  -8.0139920e-02   2.7600000e+03
  -8.0980681e-02   2.7750000e+03
  -7.3893033e-02   2.7900000e+03
  -6.2784322e-02   2.8050000e+03
  -5.2011754e-02   2.8200000e+03
  -4.3494698e-02   2.8350000e+03
  -3.6347136e-02   2.8500000e+03
  -2.8931525e-02   2.8650000e+03
  -2.0926235e-02   2.8800000e+03
  -1.3389418e-02   2.8950000e+03
  -7.2704721e-03   2.9100000e+03
  -2.4001058e-03   2.9250000e+03
   1.9976893e-03   2.9400000e+03
   6.2487237e-03   2.9550000e+03
   1.0079278e-02   2.9700000e+03
   1.3406743e-02   2.9850000e+03
   1.6816467e-02   3.0000000e+03
   2.0922996e-02   3.0150000e+03
   2.5282174e-02   3.0300000e+03
   2.8145730e-02   3.0450000e+03
   2.7476242e-02   3.0600000e+03
   2.2366665e-02   3.0750000e+03
   1.3692610e-02   3.0900000e+03
   3.6117779e-03   3.1050000e+03
  -5.5444124e-03   3.1200000e+03
  -1.2209555e-02   3.1350000e+03
  -1.5962239e-02   3.1500000e+03
  -1.7355712e-02   3.1650000e+03
  -1.7343512e-02   3.1800000e+03
  -1.6566740e-02   3.1950000e+03
  -1.4968829e-02   3.2100000e+03
  -1.2107659e-02   3.2250000e+03
  -7.9254732e-03   3.2400000e+03
  -3.1838063e-03   3.2550000e+03
   9.5352787e-04   3.2700000e+03
   3.7785999e-03   3.2850000e+03
   5.4430049e-03   3.3000000e+03
   6.5810508e-03   3.3150000e+03
   7.7183819e-03   3.3300000e+03
   9.1291424e-03   3.3450000e+03
   1.1090375e-02   3.3600000e+03
   1.3985379e-02   3.3750000e+03
   1.8041769e-02   3.3900000e+03
   2.3071572e-02   3.4050000e+03
   2.8558467e-02   3.4200000e+03
   3.3911083e-02   3.4350000e+03
   3.8496558e-02   3.4500000e+03
   4.1481547e-02   3.4650000e+03
   4.1889045e-02   3.4800000e+03
   3.9022170e-02   3.4950000e+03
   3.2858200e-02   3.5100000e+03
   2.3974698e-02   3.5250000e+03
   1.3122879e-02   3.5400000e+03
   9.5955632e-04   3.5550000e+03
  -1.1836654e-02   3.5700000e+03
  -2.4382532e-02   3.5850000e+03
  -3.5709940e-02   3.6000000e+03
  -4.5082446e-02   3.6150000e+03
  -5.2089747e-02   3.6300000e+03
  -5.6384612e-02   3.6450000e+03
  -5.7418201e-02   3.6600000e+03
  -5.4574244e-02   3.6750000e+03
  -4.7647431e-02   3.6900000e+03
  -3.7226275e-02   3.7050000e+03
  -2.4654554e-02   3.7200000e+03
  -1.1654086e-02   3.7350000e+03
   9.3379822e-05   3.7500000e+03
   9.2325266e-03   3.7650000e+03
   1.4905894e-02   3.7800000e+03
   1.6835984e-02   3.7950000e+03
   1.5263077e-02   3.8100000e+03
   1.0727054e-02   3.8250000e+03
   3.8327351e-03   3.8400000e+03
  -4.8199524e-03   3.8550000e+03
  -1.4515573e-02   3.8700000e+03
  -2.4265885e-02   3.8850000e+03
  -3.2776274e-02   3.9000000e+03
  -3.8569465e-02   3.9150000e+03
  -4.0214892e-02   3.9300000e+03
  -3.6622610e-02   3.9450000e+03
  -2.7366033e-02   3.9600000e+03
  -1.2942811e-02   3.9750000e+03
   5.1515121e-03   3.9900000e+03
   2.4610555e-02   4.0050000e+03
   4.2754877e-02   4.0200000e+03
   5.7157978e-02   4.0350000e+03
   6.6330962e-02   4.0500000e+03
   7.0213579e-02   4.0650000e+03
   7.0161082e-02   4.0800000e+03
   6.8291485e-02   4.0950000e+03
   6.6421226e-02   4.1100000e+03
   6.5092899e-02   4.1250000e+03
   6.3177794e-02   4.1400000e+03
   5.8272272e-02   4.1550000e+03
   4.7783203e-02   4.1700000e+03
   3.0310981e-02   4.1850000e+03
   6.7385696e-03   4.2000000e+03
  -1.9552728e-02   4.2150000e+03
  -4.3583106e-02   4.2300000e+03
  -6.0488310e-02   4.2450000e+03
  -6.7320131e-02   4.2600000e+03
  -6.4144909e-02   4.2750000e+03
  -5.3953264e-02   4.2900000e+03
  -4.1400410e-02   4.3050000e+03
  -3.0922936e-02   4.3200000e+03
  -2.5102440e-02   4.3350000e+03
  -2.4040576e-02   4.3500000e+03
  -2.5952997e-02   4.3650000e+03
  -2.8507970e-02   4.3800000e+03
  -3.0087151e-02   4.3950000e+03
  -3.0331207e-02   4.4100000e+03
  -2.9853981e-02   4.4250000e+03
  -2.9491892e-02   4.4400000e+03
  -2.9637694e-02   4.4550000e+03
  -3.0046828e-02   4.4700000e+03
  -3.0139575e-02   4.4850000e+03
  -2.9491693e-02   4.5000000e+03
