   8.1873348e-04   0.0000000e+00
   8.1900728e-04   1.5000000e+01
   8.1985514e-04   3.0000000e+01
   8.2093535e-04   4.5000000e+01
   8.2160253e-04   6.0000000e+01
   8.2128693e-04   7.5000000e+01
   8.1959437e-04   9.0000000e+01
   8.1641722e-04   1.0500000e+02
   8.1209431e-04   1.2000000e+02
   8.0715603e-04   1.3500000e+02
   8.0178556e-04   1.5000000e+02
   7.9559337e-04   1.6500000e+02
   7.8796863e-04   1.8000000e+02
   7.7858951e-04   1.9500000e+02
   7.6775259e-04   2.1000000e+02
   7.5655425e-04   2.2500000e+02
   7.4647763e-04   2.4000000e+02
   7.3843973e-04   2.5500000e+02
   7.3230115e-04   2.7000000e+02
   7.2689092e-04   2.8500000e+02
   7.2020420e-04   3.0000000e+02
   7.1040215e-04   3.1500000e+02
   6.9720211e-04   3.3000000e+02
   6.8198185e-04   3.4500000e+02
   6.6644163e-04   3.6000000e+02
   6.5121381e-04   3.7500000e+02
   6.3571217e-04   3.9000000e+02
   6.1948202e-04   4.0500000e+02
   6.0362479e-04   4.2000000e+02
   5.8990234e-04   4.3500000e+02
   5.7779683e-04   4.5000000e+02
   5.6274736e-04   4.6500000e+02
   5.3626002e-04   4.8000000e+02
   4.8542474e-04   4.9500000e+02
   3.9247819e-04   5.1000000e+02
   2.3933539e-04   5.2500000e+02
   2.0425114e-05   5.4000000e+02
  -2.4044033e-04   5.5500000e+02
  -4.8328243e-04   5.7000000e+02
  -6.3201576e-04   5.8500000e+02
  -6.4190500e-04   6.0000000e+02
  -5.4424227e-04   6.1500000e+02
  -4.4063671e-04   6.3000000e+02
  -4.2940816e-04   6.4500000e+02
  -5.1778939e-04   6.6000000e+02
  -6.1063038e-04   6.7500000e+02
  -6.0060277e-04   6.9000000e+02
  -4.6990195e-04   7.0500000e+02
  -2.9136767e-04   7.2000000e+02
  -1.3539898e-04   7.3500000e+02
  -7.5649950e-06   7.5000000e+02
   1.0549829e-04   7.6500000e+02
   1.6488039e-04   7.8000000e+02
   1.0737986e-04   7.9500000e+02
  -5.7295529e-05   8.1000000e+02
  -2.3270173e-04   8.2500000e+02
  -3.4262185e-04   8.4000000e+02
  -4.0579966e-04   8.5500000e+02
  -4.7067643e-04   8.7000000e+02
  -5.2888476e-04   8.8500000e+02
  -5.5800052e-04   9.0000000e+02
  -6.1009650e-04   9.1500000e+02
  -7.6537585e-04   9.3000000e+02
  -1.0047428e-03   9.4500000e+02
  -1.2195992e-03   9.6000000e+02
  -1.3576100e-03   9.7500000e+02
  -1.4741475e-03   9.9000000e+02
  -1.6287175e-03   1.0050000e+03
  -1.8163703e-03   1.0200000e+03
  -2.0140319e-03   1.0350000e+03
  -2.2115042e-03   1.0500000e+03
  -2.3874370e-03   1.0650000e+03
  -2.5331462e-03   1.0800000e+03
  -2.7025323e-03   1.0950000e+03
  -2.9656964e-03   1.1100000e+03
  -3.3175461e-03   1.1250000e+03
  -3.6964684e-03   1.1400000e+03
  -4.0815463e-03   1.1550000e+03
  -4.5101126e-03   1.1700000e+03
  -5.0047264e-03   1.1850000e+03
  -5.5356054e-03   1.2000000e+03
  -6.0679028e-03   1.2150000e+03
  -6.6172630e-03   1.2300000e+03
  -7.2362577e-03   1.2450000e+03
  -7.9484386e-03   1.2600000e+03
  -8.7059559e-03   1.2750000e+03
  -9.3915872e-03   1.2900000e+03
  -9.7927926e-03   1.3050000e+03
  -9.4731823e-03   1.3200000e+03
  -7.5091748e-03   1.3350000e+03
  -2.0133352e-03   1.3500000e+03
   1.0701056e-02   1.3650000e+03
   3.7327930e-02   1.3800000e+03
   8.8723585e-02   1.3950000e+03
   1.7986386e-01   1.4100000e+03
   3.2660624e-01   1.4250000e+03
   5.3689069e-01   1.4400000e+03
   7.9554421e-01   1.4550000e+03
   1.0468817e+00   1.4700000e+03
   1.1873651e+00   1.4850000e+03
   1.0863371e+00   1.5000000e+03
   6.4614964e-01   1.5150000e+03
  -1.1345659e-01   1.5300000e+03
  -9.9885756e-01   1.5450000e+03
  -1.6810830e+00   1.5600000e+03
  -1.8528693e+00   1.5750000e+03
  -1.4293900e+00   1.5900000e+03
  -6.3935161e-01   1.6050000e+03
   1.0397699e-01   1.6200000e+03
   4.8470712e-01   1.6350000e+03
   4.8677927e-01   1.6500000e+03
   3.2954505e-01   1.6650000e+03
   2.1217705e-01   1.6800000e+03
   1.5170152e-01   1.6950000e+03
   7.9689860e-02   1.7100000e+03
   2.3020344e-02   1.7250000e+03
   7.6876700e-02   1.7400000e+03
   1.8827315e-01   1.7550000e+03
   1.0336023e-01   1.7700000e+03
  -3.3740956e-01   1.7850000e+03
  -8.9433819e-01   1.8000000e+03
  -1.0786179e+00   1.8150000e+03
  -6.6597271e-01   1.8300000e+03
   4.2516649e-02   1.8450000e+03
   5.4721284e-01   1.8600000e+03
   6.4796078e-01   1.8750000e+03
   5.1418042e-01   1.8900000e+03
   3.4924421e-01   1.9050000e+03
   1.7817719e-01   1.9200000e+03
  -1.4982022e-02   1.9350000e+03
  -1.3945533e-01   1.9500000e+03
  -1.2107012e-01   1.9650000e+03
  -5.8909878e-02   1.9800000e+03
  -9.5876992e-02   1.9950000e+03
  -1.8256332e-01   2.0100000e+03
  -1.3678207e-01   2.0250000e+03
   6.8217918e-02   2.0400000e+03
   2.4596271e-01   2.0550000e+03
   2.6179758e-01   2.0700000e+03
   1.8986337e-01   2.0850000e+03
   1.3815989e-01   2.1000000e+03
   8.1073575e-02   2.1150000e+03
  -2.6195593e-02   2.1300000e+03
  -1.1168283e-01   2.1450000e+03
  -1.0234882e-01   2.1600000e+03
  -6.2090129e-02   2.1750000e+03
  -7.4921861e-02   2.1900000e+03
  -9.0430431e-02   2.2050000e+03
  -2.8047862e-02   2.2200000e+03
   5.6754243e-02   2.2350000e+03
   5.9203673e-02   2.2500000e+03
   4.3618397e-04   2.2650000e+03
  -2.6776372e-02   2.2800000e+03
  -1.8008793e-02   2.2950000e+03
  -2.9551467e-02   2.3100000e+03
  -5.4206308e-02   2.3250000e+03
  -4.5987774e-02   2.3400000e+03
  -1.5669269e-02   2.3550000e+03
  -4.0956209e-03   2.3700000e+03
  -1.0000615e-02   2.3850000e+03
  -1.5958657e-02   2.4000000e+03
  -3.2971114e-02   2.4150000e+03
  -6.5058172e-02   2.4300000e+03
  -8.1087977e-02   2.4450000e+03
  -6.1392594e-02   2.4600000e+03
  -2.6583377e-02   2.4750000e+03
   4.0804129e-03   2.4900000e+03
   3.8877118e-02   2.5050000e+03
   8.2128860e-02   2.5200000e+03
   1.1643346e-01   2.5350000e+03
   1.2786295e-01   2.5500000e+03
   1.1736309e-01   2.5650000e+03
   8.5308865e-02   2.5800000e+03
   3.5149839e-02   2.5950000e+03
  -9.9439835e-03   2.6100000e+03
  -2.2516120e-02   2.6250000e+03
  -1.1218509e-03   2.6400000e+03
   3.2849308e-02   2.6550000e+03
   5.9516959e-02   2.6700000e+03
   6.7616738e-02   2.6850000e+03
   5.0968751e-02   2.7000000e+03
   1.3596531e-02   2.7150000e+03
  -2.7772827e-02   2.7300000e+03
  -5.4095719e-02   2.7450000e+03
  -5.4882251e-02   2.7600000e+03
  -3.1469017e-02   2.7750000e+03
   3.2460608e-03   2.7900000e+03
   2.9756533e-02   2.8050000e+03
   3.3817418e-02   2.8200000e+03
   1.6375292e-02   2.8350000e+03
  -8.3248923e-03   2.8500000e+03
  -2.4096714e-02   2.8650000e+03
  -2.3524776e-02   2.8800000e+03
  -1.0641777e-02   2.8950000e+03
   4.7730017e-03   2.9100000e+03
   1.5336564e-02   2.9250000e+03
   1.9563559e-02   2.9400000e+03
   1.9169340e-02   2.9550000e+03
   1.4998022e-02   2.9700000e+03
   6.7220433e-03   2.9850000e+03
  -4.1745175e-03   3.0000000e+03
  -1.3432922e-02   3.0150000e+03
  -1.7746374e-02   3.0300000e+03
  -1.8470338e-02   3.0450000e+03
  -1.9424519e-02   3.0600000e+03
  -2.0888178e-02   3.0750000e+03
  -1.7822223e-02   3.0900000e+03
  -5.4279994e-03   3.1050000e+03
   1.4264465e-02   3.1200000e+03
   3.2995313e-02   3.1350000e+03
   4.4008065e-02   3.1500000e+03
   4.7872771e-02   3.1650000e+03
   4.8940960e-02   3.1800000e+03
   4.6471760e-02   3.1950000e+03
   3.2132223e-02   3.2100000e+03
  -9.6540159e-04   3.2250000e+03
  -4.6337213e-02   3.2400000e+03
  -8.2865469e-02   3.2550000e+03
  -8.7923452e-02   3.2700000e+03
  -5.4485168e-02   3.2850000e+03
   2.4965680e-03   3.3000000e+03
   5.5919711e-02   3.3150000e+03
   8.4138587e-02   3.3300000e+03
   8.2208075e-02   3.3450000e+03
   5.9850097e-02   3.3600000e+03
   3.1192595e-02   3.3750000e+03
   6.0802973e-03   3.3900000e+03
  -1.2210064e-02   3.4050000e+03
  -2.4769757e-02   3.4200000e+03
  -3.3845890e-02   3.4350000e+03
  -4.0103775e-02   3.4500000e+03
  -4.1402720e-02   3.4650000e+03
  -3.4898732e-02   3.4800000e+03
  -2.1958418e-02   3.4950000e+03
  -1.0755947e-02   3.5100000e+03
  -1.1685283e-02   3.5250000e+03
  -2.8371261e-02   3.5400000e+03
  -5.3437874e-02   3.5550000e+03
  -7.3982403e-02   3.5700000e+03
  -8.1047326e-02   3.5850000e+03
  -7.3694482e-02   3.6000000e+03
  -5.5869609e-02   3.6150000e+03
  -3.2207035e-02   3.6300000e+03
  -7.0912172e-03   3.6450000e+03
   1.5353735e-02   3.6600000e+03
   3.2989666e-02   3.6750000e+03
   4.6501912e-02   3.6900000e+03
   5.6570966e-02   3.7050000e+03
   6.1010763e-02   3.7200000e+03
   5.7110582e-02   3.7350000e+03
   4.6422757e-02   3.7500000e+03
   3.3918124e-02   3.7650000e+03
   2.1213487e-02   3.7800000e+03
   3.8450696e-03   3.7950000e+03
  -2.1820128e-02   3.8100000e+03
  -5.0847661e-02   3.8250000e+03
  -7.2529919e-02   3.8400000e+03
  -8.0525555e-02   3.8550000e+03
  -7.6925732e-02   3.8700000e+03
  -6.6397421e-02   3.8850000e+03
  -5.0859012e-02   3.9000000e+03
  -3.2212012e-02   3.9150000e+03
  -1.6418681e-02   3.9300000e+03
  -1.0121068e-02   3.9450000e+03
  -1.3671802e-02   3.9600000e+03
  -2.0605290e-02   3.9750000e+03
  -2.3917718e-02   3.9900000e+03
  -2.0699525e-02   4.0050000e+03
  -1.1693271e-02   4.0200000e+03
  -1.0487715e-04   4.0350000e+03
   8.5999342e-03   4.0500000e+03
   9.4210813e-03   4.0650000e+03
   2.6509883e-03   4.0800000e+03
  -5.5613583e-03   4.0950000e+03
  -8.7675638e-03   4.1100000e+03
  -5.1853391e-03   4.1250000e+03
   2.9402524e-03   4.1400000e+03
   1.2156584e-02   4.1550000e+03
   1.8617311e-02   4.1700000e+03
   1.8799165e-02   4.1850000e+03
   1.2206896e-02   4.2000000e+03
   2.5434759e-03   4.2150000e+03
  -5.5359718e-03   4.2300000e+03
  -1.0045202e-02   4.2450000e+03
  -1.0991924e-02   4.2600000e+03
  -7.9123462e-03   4.2750000e+03
  -4.8519214e-04   4.2900000e+03
   9.1420123e-03   4.3050000e+03
   1.7139571e-02   4.3200000e+03
   2.1574909e-02   4.3350000e+03
   2.3881294e-02   4.3500000e+03
   2.6556866e-02   4.3650000e+03
   3.0463133e-02   4.3800000e+03
   3.4488227e-02   4.3950000e+03
   3.6757782e-02   4.4100000e+03
   3.5734188e-02   4.4250000e+03
   3.0846750e-02   4.4400000e+03
   2.2558752e-02   4.4550000e+03
   1.1631348e-02   4.4700000e+03
  -1.5976091e-03   4.4850000e+03
  -1.6605001e-02   4.5000000e+03
