   9.1469893e-03   0.0000000e+00
   9.1457022e-03   1.5000000e+01
   9.1414545e-03   3.0000000e+01
   9.1342581e-03   4.5000000e+01
   9.1250585e-03   6.0000000e+01
   9.1146631e-03   7.5000000e+01
   9.1035394e-03   9.0000000e+01
   9.0923645e-03   1.0500000e+02
   9.0813227e-03   1.2000000e+02
   9.0694418e-03   1.3500000e+02
   9.0558473e-03   1.5000000e+02
   9.0408865e-03   1.6500000e+02
   9.0251379e-03   1.8000000e+02
   9.0084737e-03   1.9500000e+02
   8.9902971e-03   2.1000000e+02
   8.9693703e-03   2.2500000e+02
   8.9439098e-03   2.4000000e+02
   8.9126071e-03   2.5500000e+02
   8.8750254e-03   2.7000000e+02
   8.8317925e-03   2.8500000e+02
   8.7852823e-03   3.0000000e+02
   8.7387906e-03   3.1500000e+02
   8.6937519e-03   3.3000000e+02
   8.6481785e-03   3.4500000e+02
   8.5986760e-03   3.6000000e+02
   8.5437335e-03   3.7500000e+02
   8.4842900e-03   3.9000000e+02
   8.4210755e-03   4.0500000e+02
   8.3518084e-03   4.2000000e+02
   8.2717836e-03   4.3500000e+02
   8.1768259e-03   4.5000000e+02
   8.0616148e-03   4.6500000e+02
   7.9107061e-03   4.8000000e+02
   7.6899654e-03   4.9500000e+02
   7.3474422e-03   5.1000000e+02
   6.8304213e-03   5.2500000e+02
   6.1240331e-03   5.4000000e+02
   5.3011277e-03   5.5500000e+02
   4.5435037e-03   5.7000000e+02
   4.0814108e-03   5.8500000e+02
   4.0436480e-03   6.0000000e+02
   4.3143961e-03   6.1500000e+02
   4.5528952e-03   6.3000000e+02
   4.4270442e-03   6.4500000e+02
   3.8876643e-03   6.6000000e+02
   3.2007804e-03   6.7500000e+02
   2.6548053e-03   6.9000000e+02
   2.2325790e-03   7.0500000e+02
   1.6404395e-03   7.2000000e+02
   6.9167576e-04   7.3500000e+02
  -4.1851899e-04   7.5000000e+02
  -1.3004049e-03   7.6500000e+02
  -1.7760916e-03   7.8000000e+02
  -1.9826265e-03   7.9500000e+02
  -2.1003792e-03   8.1000000e+02
  -2.1611075e-03   8.2500000e+02
  -2.1967217e-03   8.4000000e+02
  -2.3956723e-03   8.5500000e+02
  -2.9182138e-03   8.7000000e+02
  -3.6320747e-03   8.8500000e+02
  -4.2344425e-03   9.0000000e+02
  -4.6202582e-03   9.1500000e+02
  -4.9254564e-03   9.3000000e+02
  -5.1524062e-03   9.4500000e+02
  -4.8398916e-03   9.6000000e+02
  -2.8915789e-03   9.7500000e+02
   2.9635723e-03   9.9000000e+02
   1.7445367e-02   1.0050000e+03
   4.9457040e-02   1.0200000e+03
   1.1369237e-01   1.0350000e+03
   2.3095615e-01   1.0500000e+03
   4.2438787e-01   1.0650000e+03
   7.0746028e-01   1.0800000e+03
   1.0617939e+00   1.0950000e+03
   1.4105704e+00   1.1100000e+03
   1.6053003e+00   1.1250000e+03
   1.4527836e+00   1.1400000e+03
   8.0149621e-01   1.1550000e+03
  -3.2975230e-01   1.1700000e+03
  -1.6541866e+00   1.1850000e+03
  -2.6558869e+00   1.2000000e+03
  -2.8207686e+00   1.2150000e+03
  -1.9724898e+00   1.2300000e+03
  -4.7972131e-01   1.2450000e+03
   8.9001620e-01   1.2600000e+03
   1.4523265e+00   1.2750000e+03
   1.0818496e+00   1.2900000e+03
   2.6041839e-01   1.3050000e+03
  -3.8050276e-01   1.3200000e+03
  -5.9744942e-01   1.3350000e+03
  -6.1073071e-01   1.3500000e+03
  -6.6990829e-01   1.3650000e+03
  -6.6615313e-01   1.3800000e+03
  -3.0965894e-01   1.3950000e+03
   3.4334606e-01   1.4100000e+03
   7.6155168e-01   1.4250000e+03
   5.0170660e-01   1.4400000e+03
  -1.9901901e-01   1.4550000e+03
  -6.2592006e-01   1.4700000e+03
  -4.1452819e-01   1.4850000e+03
   4.5603298e-02   1.5000000e+03
   1.6918746e-01   1.5150000e+03
  -5.8101535e-02   1.5300000e+03
  -1.3749635e-01   1.5450000e+03
   1.9063766e-01   1.5600000e+03
   5.8575964e-01   1.5750000e+03
   6.0575974e-01   1.5900000e+03
   2.9083386e-01   1.6050000e+03
   2.0286098e-02   1.6200000e+03
  -4.3079767e-02   1.6350000e+03
  -7.2953306e-02   1.6500000e+03
  -1.9079427e-01   1.6650000e+03
  -2.5562102e-01   1.6800000e+03
  -1.2486418e-01   1.6950000e+03
   9.6995242e-02   1.7100000e+03
   2.0962735e-01   1.7250000e+03
   1.7654192e-01   1.7400000e+03
   9.5720150e-02   1.7550000e+03
   1.2028609e-02   1.7700000e+03
  -9.1466837e-02   1.7850000e+03
  -1.6874890e-01   1.8000000e+03
  -1.2754051e-01   1.8150000e+03
   2.5181785e-02   1.8300000e+03
   1.6434462e-01   1.8450000e+03
   1.9480377e-01   1.8600000e+03
   1.3947636e-01   1.8750000e+03
   6.4609483e-02   1.8900000e+03
  -1.8019689e-03   1.9050000e+03
  -4.4706840e-02   1.9200000e+03
  -3.1541865e-02   1.9350000e+03
   3.5511825e-02   1.9500000e+03
   8.8438667e-02   1.9650000e+03
   7.3840506e-02   1.9800000e+03
   2.6321650e-02   1.9950000e+03
   9.0021975e-03   2.0100000e+03
   2.2410505e-02   2.0250000e+03
   2.7889006e-02   2.0400000e+03
   1.9040274e-02   2.0550000e+03
   1.2577328e-02   2.0700000e+03
   6.2726010e-03   2.0850000e+03
  -5.0745495e-03   2.1000000e+03
  -7.7611250e-03   2.1150000e+03
   2.4773665e-03   2.1300000e+03
   6.4158812e-03   2.1450000e+03
  -5.4170326e-03   2.1600000e+03
  -1.9709202e-02   2.1750000e+03
  -2.5323253e-02   2.1900000e+03
  -2.2010701e-02   2.2050000e+03
  -9.8674512e-03   2.2200000e+03
   8.2020154e-03   2.2350000e+03
   2.2243343e-02   2.2500000e+03
   2.3541708e-02   2.2650000e+03
   9.5753195e-03   2.2800000e+03
  -1.7638003e-02   2.2950000e+03
  -5.1292393e-02   2.3100000e+03
  -8.1088744e-02   2.3250000e+03
  -9.5344506e-02   2.3400000e+03
  -8.2915694e-02   2.3550000e+03
  -4.2285744e-02   2.3700000e+03
   1.2788659e-02   2.3850000e+03
   6.3734986e-02   2.4000000e+03
   9.4661951e-02   2.4150000e+03
   8.8679105e-02   2.4300000e+03
   3.6899392e-02   2.4450000e+03
  -4.4545840e-02   2.4600000e+03
  -1.2059991e-01   2.4750000e+03
  -1.6026014e-01   2.4900000e+03
  -1.5019186e-01   2.5050000e+03
  -9.7962677e-02   2.5200000e+03
  -2.9280858e-02   2.5350000e+03
   2.4163745e-02   2.5500000e+03
   4.0341292e-02   2.5650000e+03
   1.7912524e-02   2.5800000e+03
  -2.1377936e-02   2.5950000e+03
  -4.5742393e-02   2.6100000e+03
  -3.6247097e-02   2.6250000e+03
   1.8018051e-03   2.6400000e+03
   4.7011018e-02   2.6550000e+03
   7.7588059e-02   2.6700000e+03
   8.2583763e-02   2.6850000e+03
   6.4013422e-02   2.7000000e+03
   3.1974085e-02   2.7150000e+03
  -7.7346858e-04   2.7300000e+03
  -2.3073301e-02   2.7450000e+03
  -2.9834462e-02   2.7600000e+03
  -2.3175836e-02   2.7750000e+03
  -8.5784458e-03   2.7900000e+03
   8.8902591e-03   2.8050000e+03
   2.5274066e-02   2.8200000e+03
   3.7371434e-02   2.8350000e+03
   4.2955820e-02   2.8500000e+03
   4.1486889e-02   2.8650000e+03
   3.4351647e-02   2.8800000e+03
   2.3644127e-02   2.8950000e+03
   1.0685682e-02   2.9100000e+03
  -3.5334781e-03   2.9250000e+03
  -1.6720938e-02   2.9400000e+03
  -2.5446633e-02   2.9550000e+03
  -2.7799079e-02   2.9700000e+03
  -2.5413165e-02   2.9850000e+03
  -2.2043502e-02   3.0000000e+03
  -2.0288248e-02   3.0150000e+03
  -2.0210013e-02   3.0300000e+03
  -2.0475673e-02   3.0450000e+03
  -1.9405250e-02   3.0600000e+03
  -1.4600511e-02   3.0750000e+03
  -3.1126013e-03   3.0900000e+03
   1.5951701e-02   3.1050000e+03
   3.8489509e-02   3.1200000e+03
   5.6336433e-02   3.1350000e+03
   6.2318273e-02   3.1500000e+03
   5.4552108e-02   3.1650000e+03
   3.6208499e-02   3.1800000e+03
   1.2562567e-02   3.1950000e+03
  -1.0745819e-02   3.2100000e+03
  -2.7919719e-02   3.2250000e+03
  -3.4255721e-02   3.2400000e+03
  -2.8759560e-02   3.2550000e+03
  -1.5201724e-02   3.2700000e+03
   1.3642648e-04   3.2850000e+03
   1.2043466e-02   3.3000000e+03
   1.8345453e-02   3.3150000e+03
   1.9606469e-02   3.3300000e+03
   1.7697748e-02   3.3450000e+03
   1.4223823e-02   3.3600000e+03
   9.5211314e-03   3.3750000e+03
   3.0359358e-03   3.3900000e+03
  -5.1754275e-03   3.4050000e+03
  -1.3670420e-02   3.4200000e+03
  -2.0731771e-02   3.4350000e+03
  -2.5885671e-02   3.4500000e+03
  -2.9702865e-02   3.4650000e+03
  -3.2311659e-02   3.4800000e+03
  -3.2889351e-02   3.4950000e+03
  -3.0796539e-02   3.5100000e+03
  -2.6714418e-02   3.5250000e+03
  -2.2509204e-02   3.5400000e+03
  -2.0320116e-02   3.5550000e+03
  -2.1611053e-02   3.5700000e+03
  -2.6149562e-02   3.5850000e+03
  -3.1303719e-02   3.6000000e+03
  -3.2918695e-02   3.6150000e+03
  -2.7905667e-02   3.6300000e+03
  -1.6397191e-02   3.6450000e+03
  -1.3777553e-03   3.6600000e+03
   1.3542102e-02   3.6750000e+03
   2.5808774e-02   3.6900000e+03
   3.4079138e-02   3.7050000e+03
   3.7887692e-02   3.7200000e+03
   3.7698504e-02   3.7350000e+03
   3.4867201e-02   3.7500000e+03
   3.0957507e-02   3.7650000e+03
   2.6885241e-02   3.7800000e+03
   2.2677451e-02   3.7950000e+03
   1.7929669e-02   3.8100000e+03
   1.2464061e-02   3.8250000e+03
   6.7133531e-03   3.8400000e+03
   1.6051558e-03   3.8550000e+03
  -1.9672366e-03   3.8700000e+03
  -3.6925243e-03   3.8850000e+03
  -4.0412825e-03   3.9000000e+03
  -4.0982836e-03   3.9150000e+03
  -5.1625138e-03   3.9300000e+03
  -8.1767375e-03   3.9450000e+03
  -1.3204731e-02   3.9600000e+03
  -1.9391693e-02   3.9750000e+03
  -2.5503464e-02   3.9900000e+03
  -3.0538866e-02   4.0050000e+03
  -3.3960965e-02   4.0200000e+03
  -3.5660472e-02   4.0350000e+03
  -3.5860512e-02   4.0500000e+03
  -3.4806557e-02   4.0650000e+03
  -3.2223046e-02   4.0800000e+03
  -2.7134471e-02   4.0950000e+03
  -1.8575361e-02   4.1100000e+03
  -6.7144227e-03   4.1250000e+03
   6.6892235e-03   4.1400000e+03
   1.8924510e-02   4.1550000e+03
   2.7446929e-02   4.1700000e+03
   3.0689668e-02   4.1850000e+03
   2.8390717e-02   4.2000000e+03
   2.1641184e-02   4.2150000e+03
   1.2645713e-02   4.2300000e+03
   4.0118732e-03   4.2450000e+03
  -2.2505112e-03   4.2600000e+03
  -5.3975806e-03   4.2750000e+03
  -5.8606826e-03   4.2900000e+03
  -4.6384092e-03   4.3050000e+03
  -2.7195050e-03   4.3200000e+03
  -7.7022152e-04   4.3350000e+03
   1.0122411e-03   4.3500000e+03
   2.9151656e-03   4.3650000e+03
   5.4983352e-03   4.3800000e+03
   9.1859056e-03   4.3950000e+03
   1.3871606e-02   4.4100000e+03
   1.8745292e-02   4.4250000e+03
   2.2472115e-02   4.4400000e+03
   2.3740230e-02   4.4550000e+03
   2.1921782e-02   4.4700000e+03
   1.7378042e-02   4.4850000e+03
   1.1182379e-02   4.5000000e+03
