   7.8418823e-03   0.0000000e+00
   7.8430939e-03   1.5000000e+01
   7.8458274e-03   3.0000000e+01
   7.8483531e-03   4.5000000e+01
   7.8500500e-03   6.0000000e+01
   7.8504393e-03   7.5000000e+01
   7.8492370e-03   9.0000000e+01
   7.8478018e-03   1.0500000e+02
   7.8473557e-03   1.2000000e+02
   7.8466032e-03   1.3500000e+02
   7.8438427e-03   1.5000000e+02
   7.8391209e-03   1.6500000e+02
   7.8325775e-03   1.8000000e+02
   7.8233695e-03   1.9500000e+02
   7.8112828e-03   2.1000000e+02
   7.7978079e-03   2.2500000e+02
   7.7854129e-03   2.4000000e+02
   7.7760923e-03   2.5500000e+02
   7.7701150e-03   2.7000000e+02
   7.7657541e-03   2.8500000e+02
   7.7600041e-03   3.0000000e+02
   7.7500641e-03   3.1500000e+02
   7.7348063e-03   3.3000000e+02
   7.7150776e-03   3.4500000e+02
   7.6930928e-03   3.6000000e+02
   7.6711024e-03   3.7500000e+02
   7.6495516e-03   3.9000000e+02
   7.6272967e-03   4.0500000e+02
   7.6033720e-03   4.2000000e+02
   7.5759194e-03   4.3500000e+02
   7.5398902e-03   4.5000000e+02
   7.4877227e-03   4.6500000e+02
   7.4082152e-03   4.8000000e+02
   7.2784768e-03   4.9500000e+02
   7.0582987e-03   5.1000000e+02
   6.7035481e-03   5.2500000e+02
   6.2024314e-03   5.4000000e+02
   5.6167864e-03   5.5500000e+02
   5.0940001e-03   5.7000000e+02
   4.8146956e-03   5.8500000e+02
   4.8769959e-03   6.0000000e+02
   5.1904107e-03   6.1500000e+02
   5.4942099e-03   6.3000000e+02
   5.5394969e-03   6.4500000e+02
   5.3025926e-03   6.6000000e+02
   5.0088638e-03   6.7500000e+02
   4.9049761e-03   6.9000000e+02
   5.0065480e-03   7.0500000e+02
   5.1121390e-03   7.2000000e+02
   5.0696214e-03   7.3500000e+02
   4.9568028e-03   7.5000000e+02
   4.9425592e-03   7.6500000e+02
   5.0294437e-03   7.8000000e+02
   5.0464673e-03   7.9500000e+02
   4.8935390e-03   8.1000000e+02
   4.6616821e-03   8.2500000e+02
   4.4525568e-03   8.4000000e+02
   4.2027151e-03   8.5500000e+02
   3.8026064e-03   8.7000000e+02
   3.2988032e-03   8.8500000e+02
   2.8390931e-03   9.0000000e+02
   2.5389160e-03   9.1500000e+02
   2.7687880e-03   9.3000000e+02
   4.9577206e-03   9.4500000e+02
   1.2632499e-02   9.6000000e+02
   3.2720804e-02   9.7500000e+02
   7.7290803e-02   9.9000000e+02
   1.6476546e-01   1.0050000e+03
   3.1775615e-01   1.0200000e+03
   5.5370879e-01   1.0350000e+03
   8.6608934e-01   1.0500000e+03
   1.1993666e+00   1.0650000e+03
   1.4311910e+00   1.0800000e+03
   1.3853685e+00   1.0950000e+03
   8.9733732e-01   1.1100000e+03
  -7.2614118e-02   1.1250000e+03
  -1.3311378e+00   1.1400000e+03
  -2.4401188e+00   1.1550000e+03
  -2.8738589e+00   1.1700000e+03
  -2.3148921e+00   1.1850000e+03
  -9.1902989e-01   1.2000000e+03
   6.7468494e-01   1.2150000e+03
   1.6803606e+00   1.2300000e+03
   1.6642603e+00   1.2450000e+03
   8.3128554e-01   1.2600000e+03
  -1.5680766e-01   1.2750000e+03
  -6.9559675e-01   1.2900000e+03
  -6.3974118e-01   1.3050000e+03
  -2.6346505e-01   1.3200000e+03
   9.5757000e-02   1.3350000e+03
   2.9203850e-01   1.3500000e+03
   3.1580248e-01   1.3650000e+03
   1.5227470e-01   1.3800000e+03
  -1.6185783e-01   1.3950000e+03
  -4.0015963e-01   1.4100000e+03
  -2.8227091e-01   1.4250000e+03
   1.4750268e-01   1.4400000e+03
   4.3674067e-01   1.4550000e+03
   2.2389634e-01   1.4700000e+03
  -2.4579622e-01   1.4850000e+03
  -3.6507213e-01   1.5000000e+03
   3.0024856e-02   1.5150000e+03
   3.9488292e-01   1.5300000e+03
   2.1758200e-01   1.5450000e+03
  -2.3363510e-01   1.5600000e+03
  -2.8132737e-01   1.5750000e+03
   1.5517595e-01   1.5900000e+03
   4.1844183e-01   1.6050000e+03
   9.2831075e-02   1.6200000e+03
  -3.6622059e-01   1.6350000e+03
  -3.2797873e-01   1.6500000e+03
   7.0137009e-02   1.6650000e+03
   1.9572507e-01   1.6800000e+03
  -6.4646058e-02   1.6950000e+03
  -1.8892075e-01   1.7100000e+03
   6.6228226e-02   1.7250000e+03
   2.7083731e-01   1.7400000e+03
   7.4378274e-02   1.7550000e+03
  -2.0507924e-01   1.7700000e+03
  -1.3914512e-01   1.7850000e+03
   9.8263957e-02   1.8000000e+03
   7.0460640e-02   1.8150000e+03
  -1.7004606e-01   1.8300000e+03
  -2.1042593e-01   1.8450000e+03
   1.0299542e-02   1.8600000e+03
   1.5656957e-01   1.8750000e+03
   9.8751366e-02   1.8900000e+03
   5.1196244e-02   1.9050000e+03
   1.0013843e-01   1.9200000e+03
   6.5556034e-02   1.9350000e+03
  -1.0147551e-01   1.9500000e+03
  -2.0125474e-01   1.9650000e+03
  -1.4779928e-01   1.9800000e+03
  -7.4817859e-02   1.9950000e+03
  -6.6312831e-03   2.0100000e+03
   2.0326076e-01   2.0250000e+03
   5.0532907e-01   2.0400000e+03
   5.8308959e-01   2.0550000e+03
   2.9231429e-01   2.0700000e+03
  -1.1908992e-01   2.0850000e+03
  -3.5974404e-01   2.1000000e+03
  -4.0496758e-01   2.1150000e+03
  -3.4106997e-01   2.1300000e+03
  -1.5783581e-01   2.1450000e+03
   1.3312359e-01   2.1600000e+03
   3.5433570e-01   2.1750000e+03
   3.2148385e-01   2.1900000e+03
   7.6406300e-02   2.2050000e+03
  -1.5197793e-01   2.2200000e+03
  -1.9005452e-01   2.2350000e+03
  -6.9967024e-02   2.2500000e+03
   3.9897420e-02   2.2650000e+03
   2.7899737e-02   2.2800000e+03
  -4.4466406e-02   2.2950000e+03
  -4.1752648e-02   2.3100000e+03
   4.7037445e-02   2.3250000e+03
   9.1581598e-02   2.3400000e+03
   1.6329564e-02   2.3550000e+03
  -9.0934917e-02   2.3700000e+03
  -1.1332593e-01   2.3850000e+03
  -5.1203687e-02   2.4000000e+03
   2.2496784e-02   2.4150000e+03
   6.5018110e-02   2.4300000e+03
   6.0598686e-02   2.4450000e+03
  -4.2224815e-03   2.4600000e+03
  -9.2921361e-02   2.4750000e+03
  -1.1282216e-01   2.4900000e+03
  -2.7010808e-02   2.5050000e+03
   7.8798532e-02   2.5200000e+03
   1.0451619e-01   2.5350000e+03
   6.2483083e-02   2.5500000e+03
   3.1889215e-02   2.5650000e+03
   3.2539934e-02   2.5800000e+03
   2.0856736e-02   2.5950000e+03
  -1.4614277e-02   2.6100000e+03
  -3.4150172e-02   2.6250000e+03
  -2.4196444e-02   2.6400000e+03
  -2.5462972e-02   2.6550000e+03
  -6.3031591e-02   2.6700000e+03
  -9.9027112e-02   2.6850000e+03
  -8.6070016e-02   2.7000000e+03
  -3.3402901e-02   2.7150000e+03
   1.4886346e-02   2.7300000e+03
   4.2921122e-02   2.7450000e+03
   6.4942740e-02   2.7600000e+03
   7.9181612e-02   2.7750000e+03
   6.4171784e-02   2.7900000e+03
   2.1199794e-02   2.8050000e+03
  -1.7602453e-02   2.8200000e+03
  -3.0869622e-02   2.8350000e+03
  -2.9285466e-02   2.8500000e+03
  -2.9497353e-02   2.8650000e+03
  -3.1097155e-02   2.8800000e+03
  -2.6526723e-02   2.8950000e+03
  -1.6353101e-02   2.9100000e+03
  -7.6701287e-03   2.9250000e+03
  -5.4214345e-03   2.9400000e+03
  -7.6505560e-03   2.9550000e+03
  -7.1561541e-03   2.9700000e+03
  -2.1609890e-04   2.9850000e+03
   7.3696231e-03   3.0000000e+03
   8.5846195e-03   3.0150000e+03
   6.5925615e-03   3.0300000e+03
   9.7254515e-03   3.0450000e+03
   1.8078839e-02   3.0600000e+03
   2.3634125e-02   3.0750000e+03
   2.1317525e-02   3.0900000e+03
   1.3187421e-02   3.1050000e+03
   4.4019651e-03   3.1200000e+03
  -8.6532440e-04   3.1350000e+03
  -3.4540489e-03   3.1500000e+03
  -1.0339948e-02   3.1650000e+03
  -2.5749547e-02   3.1800000e+03
  -4.2345423e-02   3.1950000e+03
  -4.9512472e-02   3.2100000e+03
  -4.7792017e-02   3.2250000e+03
  -4.4944324e-02   3.2400000e+03
  -4.1182343e-02   3.2550000e+03
  -3.0573638e-02   3.2700000e+03
  -1.4627373e-02   3.2850000e+03
  -1.7033820e-03   3.3000000e+03
   6.0957340e-03   3.3150000e+03
   1.3388605e-02   3.3300000e+03
   1.8947558e-02   3.3450000e+03
   1.4617520e-02   3.3600000e+03
  -5.1508425e-04   3.3750000e+03
  -1.4749046e-02   3.3900000e+03
  -1.7305044e-02   3.4050000e+03
  -1.0365628e-02   3.4200000e+03
  -2.8143311e-03   3.4350000e+03
   1.9580519e-03   3.4500000e+03
   5.5015171e-03   3.4650000e+03
   6.0262382e-03   3.4800000e+03
  -7.3206832e-04   3.4950000e+03
  -1.2859406e-02   3.5100000e+03
  -2.1764169e-02   3.5250000e+03
  -2.1918284e-02   3.5400000e+03
  -1.6134199e-02   3.5550000e+03
  -9.8128589e-03   3.5700000e+03
  -4.1840733e-03   3.5850000e+03
   3.0118779e-03   3.6000000e+03
   1.2995982e-02   3.6150000e+03
   2.3587249e-02   3.6300000e+03
   3.0128002e-02   3.6450000e+03
   2.9001791e-02   3.6600000e+03
   2.1593016e-02   3.6750000e+03
   1.3798212e-02   3.6900000e+03
   1.0194128e-02   3.7050000e+03
   1.0159247e-02   3.7200000e+03
   1.0913197e-02   3.7350000e+03
   1.1430963e-02   3.7500000e+03
   1.0866447e-02   3.7650000e+03
   6.4431340e-03   3.7800000e+03
  -2.8548411e-03   3.7950000e+03
  -1.2590300e-02   3.8100000e+03
  -1.7354954e-02   3.8250000e+03
  -1.7685926e-02   3.8400000e+03
  -1.8139549e-02   3.8550000e+03
  -1.9341869e-02   3.8700000e+03
  -1.6882429e-02   3.8850000e+03
  -9.0040723e-03   3.9000000e+03
  -1.4903563e-03   3.9150000e+03
  -2.5887531e-03   3.9300000e+03
  -1.4449498e-02   3.9450000e+03
  -3.1174876e-02   3.9600000e+03
  -4.5045827e-02   3.9750000e+03
  -5.3169753e-02   3.9900000e+03
  -5.6619257e-02   4.0050000e+03
  -5.4098751e-02   4.0200000e+03
  -4.0654920e-02   4.0350000e+03
  -1.5297079e-02   4.0500000e+03
   1.3314118e-02   4.0650000e+03
   3.3576984e-02   4.0800000e+03
   4.2663317e-02   4.0950000e+03
   4.7318563e-02   4.1100000e+03
   5.3012479e-02   4.1250000e+03
   5.6923896e-02   4.1400000e+03
   5.3369567e-02   4.1550000e+03
   4.2262524e-02   4.1700000e+03
   2.9028231e-02   4.1850000e+03
   1.8170625e-02   4.2000000e+03
   9.9403327e-03   4.2150000e+03
   2.5481745e-03   4.2300000e+03
  -4.9299025e-03   4.2450000e+03
  -1.2143365e-02   4.2600000e+03
  -1.8348729e-02   4.2750000e+03
  -2.2805532e-02   4.2900000e+03
  -2.4679651e-02   4.3050000e+03
  -2.3416396e-02   4.3200000e+03
  -1.9669533e-02   4.3350000e+03
  -1.5222427e-02   4.3500000e+03
  -1.1146118e-02   4.3650000e+03
  -6.7193327e-03   4.3800000e+03
  -1.4604609e-03   4.3950000e+03
   2.4994221e-03   4.4100000e+03
   2.1282018e-03   4.4250000e+03
  -2.3303537e-03   4.4400000e+03
  -6.8342374e-03   4.4550000e+03
  -7.8788940e-03   4.4700000e+03
  -5.9081898e-03   4.4850000e+03
  -3.7449093e-03   4.5000000e+03
