   3.6260618e-03   0.0000000e+00
   3.6251007e-03   1.5000000e+01
   3.6221077e-03   3.0000000e+01
   3.6169710e-03   4.5000000e+01
   3.6097826e-03   6.0000000e+01
   3.6006246e-03   7.5000000e+01
   3.5895174e-03   9.0000000e+01
   3.5766037e-03   1.0500000e+02
   3.5619650e-03   1.2000000e+02
   3.5453744e-03   1.3500000e+02
   3.5265991e-03   1.5000000e+02
   3.5057126e-03   1.6500000e+02
   3.4828684e-03   1.8000000e+02
   3.4580769e-03   1.9500000e+02
   3.4313169e-03   2.1000000e+02
   3.4025956e-03   2.2500000e+02
   3.3718774e-03   2.4000000e+02
   3.3390482e-03   2.5500000e+02
   3.3038717e-03   2.7000000e+02
   3.2660819e-03   2.8500000e+02
   3.2256546e-03   3.0000000e+02
   3.1828505e-03   3.1500000e+02
   3.1379005e-03   3.3000000e+02
   3.0907653e-03   3.4500000e+02
   3.0413473e-03   3.6000000e+02
   2.9897322e-03   3.7500000e+02
   2.9359881e-03   3.9000000e+02
   2.8799255e-03   4.0500000e+02
   2.8210713e-03   4.2000000e+02
   2.7585556e-03   4.3500000e+02
   2.6907220e-03   4.5000000e+02
   2.6137345e-03   4.6500000e+02
   2.5182611e-03   4.8000000e+02
   2.3858333e-03   4.9500000e+02
   2.1889617e-03   5.1000000e+02
   1.8999479e-03   5.2500000e+02
   1.5115206e-03   5.4000000e+02
   1.0634373e-03   5.5500000e+02
   6.5341272e-04   5.7000000e+02
   4.0449787e-04   5.8500000e+02
   3.8632739e-04   6.0000000e+02
   5.4041250e-04   6.1500000e+02
   6.8984978e-04   6.3000000e+02
   6.6201785e-04   6.4500000e+02
   4.3474906e-04   6.6000000e+02
   1.5475029e-04   6.7500000e+02
  -1.6547210e-05   6.9000000e+02
  -7.6356402e-05   7.0500000e+02
  -1.6961466e-04   7.2000000e+02
  -3.9689281e-04   7.3500000e+02
  -6.7759288e-04   7.5000000e+02
  -8.4451021e-04   7.6500000e+02
  -8.4046071e-04   7.8000000e+02
  -7.5207528e-04   7.9500000e+02
  -6.5685052e-04   8.1000000e+02
  -5.2950706e-04   8.2500000e+02
  -3.3914307e-04   8.4000000e+02
  -1.4859156e-04   8.5500000e+02
  -2.5780901e-05   8.7000000e+02
   9.1544964e-05   8.8500000e+02
   3.3236633e-04   9.0000000e+02
   7.1162434e-04   9.1500000e+02
   1.1253057e-03   9.3000000e+02
   1.5304071e-03   9.4500000e+02
   2.0169728e-03   9.6000000e+02
   2.6803382e-03   9.7500000e+02
   3.5360698e-03   9.9000000e+02
   4.6011787e-03   1.0050000e+03
   5.9570642e-03   1.0200000e+03
   7.6877321e-03   1.0350000e+03
   9.8471353e-03   1.0500000e+03
   1.2530410e-02   1.0650000e+03
   1.5900724e-02   1.0800000e+03
   2.0115940e-02   1.0950000e+03
   2.5297910e-02   1.1100000e+03
   3.1589419e-02   1.1250000e+03
   3.9167900e-02   1.1400000e+03
   4.8180703e-02   1.1550000e+03
   5.8730468e-02   1.1700000e+03
   7.0962995e-02   1.1850000e+03
   8.5142076e-02   1.2000000e+03
   1.0160473e-01   1.2150000e+03
   1.2062798e-01   1.2300000e+03
   1.4230488e-01   1.2450000e+03
   1.6648087e-01   1.2600000e+03
   1.9274540e-01   1.2750000e+03
   2.2046562e-01   1.2900000e+03
   2.4883449e-01   1.3050000e+03
   2.7687103e-01   1.3200000e+03
   3.0335644e-01   1.3350000e+03
   3.2682884e-01   1.3500000e+03
   3.4578797e-01   1.3650000e+03
   3.5907230e-01   1.3800000e+03
   3.6616507e-01   1.3950000e+03
   3.6721432e-01   1.4100000e+03
   3.6277258e-01   1.4250000e+03
   3.5345894e-01   1.4400000e+03
   3.3976638e-01   1.4550000e+03
   3.2209009e-01   1.4700000e+03
   3.0087206e-01   1.4850000e+03
   2.7671918e-01   1.5000000e+03
   2.5045726e-01   1.5150000e+03
   2.2314470e-01   1.5300000e+03
   1.9600202e-01   1.5450000e+03
   1.7017351e-01   1.5600000e+03
   1.4636759e-01   1.5750000e+03
   1.2460346e-01   1.5900000e+03
   1.0429464e-01   1.6050000e+03
   8.4670283e-02   1.6200000e+03
   6.5262668e-02   1.6350000e+03
   4.6122815e-02   1.6500000e+03
   2.7636636e-02   1.6650000e+03
   1.0129419e-02   1.6800000e+03
  -6.3924300e-03   1.6950000e+03
  -2.2136878e-02   1.7100000e+03
  -3.7155222e-02   1.7250000e+03
  -5.1070206e-02   1.7400000e+03
  -6.3219525e-02   1.7550000e+03
  -7.3137343e-02   1.7700000e+03
  -8.0924749e-02   1.7850000e+03
  -8.7151863e-02   1.8000000e+03
  -9.2430100e-02   1.8150000e+03
  -9.7104780e-02   1.8300000e+03
  -1.0127066e-01   1.8450000e+03
  -1.0488759e-01   1.8600000e+03
  -1.0777553e-01   1.8750000e+03
  -1.0962021e-01   1.8900000e+03
  -1.1018864e-01   1.9050000e+03
  -1.0958106e-01   1.9200000e+03
  -1.0815957e-01   1.9350000e+03
  -1.0619437e-01   1.9500000e+03
  -1.0370060e-01   1.9650000e+03
  -1.0069548e-01   1.9800000e+03
  -9.7480625e-02   1.9950000e+03
  -9.4476029e-02   2.0100000e+03
  -9.1761827e-02   2.0250000e+03
  -8.8935584e-02   2.0400000e+03
  -8.5511521e-02   2.0550000e+03
  -8.1395686e-02   2.0700000e+03
  -7.6908797e-02   2.0850000e+03
  -7.2434977e-02   2.1000000e+03
  -6.8180837e-02   2.1150000e+03
  -6.4236902e-02   2.1300000e+03
  -6.0674820e-02   2.1450000e+03
  -5.7474136e-02   2.1600000e+03
  -5.4448355e-02   2.1750000e+03
  -5.1367506e-02   2.1900000e+03
  -4.8143789e-02   2.2050000e+03
  -4.4848155e-02   2.2200000e+03
  -4.1598357e-02   2.2350000e+03
  -3.8510289e-02   2.2500000e+03
  -3.5721421e-02   2.2650000e+03
  -3.3364654e-02   2.2800000e+03
  -3.1508014e-02   2.2950000e+03
  -3.0168140e-02   2.3100000e+03
  -2.9365292e-02   2.3250000e+03
  -2.9102741e-02   2.3400000e+03
  -2.9297952e-02   2.3550000e+03
  -2.9792910e-02   2.3700000e+03
  -3.0446196e-02   2.3850000e+03
  -3.1197319e-02   2.4000000e+03
  -3.2067616e-02   2.4150000e+03
  -3.3141878e-02   2.4300000e+03
  -3.4533810e-02   2.4450000e+03
  -3.6314610e-02   2.4600000e+03
  -3.8447302e-02   2.4750000e+03
  -4.0791787e-02   2.4900000e+03
  -4.3176897e-02   2.5050000e+03
  -4.5480762e-02   2.5200000e+03
  -4.7672346e-02   2.5350000e+03
  -4.9800336e-02   2.5500000e+03
  -5.1943757e-02   2.5650000e+03
  -5.4160066e-02   2.5800000e+03
  -5.6460604e-02   2.5950000e+03
  -5.8807306e-02   2.6100000e+03
  -6.1104093e-02   2.6250000e+03
  -6.3185610e-02   2.6400000e+03
  -6.4842425e-02   2.6550000e+03
  -6.5896243e-02   2.6700000e+03
  -6.6271998e-02   2.6850000e+03
  -6.6002436e-02   2.7000000e+03
  -6.5167479e-02   2.7150000e+03
  -6.3828774e-02   2.7300000e+03
  -6.2009353e-02   2.7450000e+03
  -5.9717931e-02   2.7600000e+03
  -5.6981616e-02   2.7750000e+03
  -5.3852946e-02   2.7900000e+03
  -5.0391167e-02   2.8050000e+03
  -4.6645358e-02   2.8200000e+03
  -4.2657416e-02   2.8350000e+03
  -3.8475011e-02   2.8500000e+03
  -3.4156356e-02   2.8650000e+03
  -2.9763883e-02   2.8800000e+03
  -2.5359964e-02   2.8950000e+03
  -2.1014405e-02   2.9100000e+03
  -1.6814157e-02   2.9250000e+03
  -1.2857699e-02   2.9400000e+03
  -9.2343083e-03   2.9550000e+03
  -6.0073221e-03   2.9700000e+03
  -3.2136035e-03   2.9850000e+03
  -8.7178225e-04   3.0000000e+03
   1.0131869e-03   3.0150000e+03
   2.4506811e-03   3.0300000e+03
   3.4641386e-03   3.0450000e+03
   4.0883608e-03   3.0600000e+03
   4.3690414e-03   3.0750000e+03
   4.3652412e-03   3.0900000e+03
   4.1478826e-03   3.1050000e+03
   3.7895190e-03   3.1200000e+03
   3.3508446e-03   3.1350000e+03
   2.8740859e-03   3.1500000e+03
   2.3873129e-03   3.1650000e+03
   1.9141880e-03   3.1800000e+03
   1.4795557e-03   3.1950000e+03
   1.1060952e-03   3.2100000e+03
   8.0688630e-04   3.2250000e+03
   5.8270275e-04   3.2400000e+03
   4.2672383e-04   3.2550000e+03
   3.3155916e-04   3.2700000e+03
   2.9399406e-04   3.2850000e+03
   3.1813528e-04   3.3000000e+03
   4.1762833e-04   3.3150000e+03
   6.1359158e-04   3.3300000e+03
   9.2632120e-04   3.3450000e+03
   1.3651313e-03   3.3600000e+03
   1.9228759e-03   3.3750000e+03
   2.5773235e-03   3.3900000e+03
   3.2973092e-03   3.4050000e+03
   4.0507098e-03   3.4200000e+03
   4.8117070e-03   3.4350000e+03
   5.5650035e-03   3.4500000e+03
   6.3058091e-03   3.4650000e+03
   7.0361122e-03   3.4800000e+03
   7.7586039e-03   3.4950000e+03
   8.4706489e-03   3.5100000e+03
   9.1611091e-03   3.5250000e+03
   9.8110251e-03   3.5400000e+03
   1.0396629e-02   3.5550000e+03
   1.0892962e-02   3.5700000e+03
   1.1277858e-02   3.5850000e+03
   1.1536228e-02   3.6000000e+03
   1.1663515e-02   3.6150000e+03
   1.1667706e-02   3.6300000e+03
   1.1570707e-02   3.6450000e+03
   1.1409195e-02   3.6600000e+03
   1.1233037e-02   3.6750000e+03
   1.1099411e-02   3.6900000e+03
   1.1063706e-02   3.7050000e+03
   1.1170645e-02   3.7200000e+03
   1.1448605e-02   3.7350000e+03
   1.1907952e-02   3.7500000e+03
   1.2542350e-02   3.7650000e+03
   1.3331242e-02   3.7800000e+03
   1.4242050e-02   3.7950000e+03
   1.5231445e-02   3.8100000e+03
   1.6246034e-02   3.8250000e+03
   1.7223459e-02   3.8400000e+03
   1.8094746e-02   3.8550000e+03
   1.8788176e-02   3.8700000e+03
   1.9234223e-02   3.8850000e+03
   1.9370724e-02   3.9000000e+03
   1.9147176e-02   3.9150000e+03
   1.8527294e-02   3.9300000e+03
   1.7489567e-02   3.9450000e+03
   1.6027141e-02   3.9600000e+03
   1.4148652e-02   3.9750000e+03
   1.1880568e-02   3.9900000e+03
   9.2695681e-03   4.0050000e+03
   6.3827704e-03   4.0200000e+03
   3.3050508e-03   4.0350000e+03
   1.3424574e-04   4.0500000e+03
  -3.0251197e-03   4.0650000e+03
  -6.0696322e-03   4.0800000e+03
  -8.9058569e-03   4.0950000e+03
  -1.1458160e-02   4.1100000e+03
  -1.3672834e-02   4.1250000e+03
  -1.5517635e-02   4.1400000e+03
  -1.6978331e-02   4.1550000e+03
  -1.8054843e-02   4.1700000e+03
  -1.8758683e-02   4.1850000e+03
  -1.9111952e-02   4.2000000e+03
  -1.9147146e-02   4.2150000e+03
  -1.8906595e-02   4.2300000e+03
  -1.8440494e-02   4.2450000e+03
  -1.7802555e-02   4.2600000e+03
  -1.7042985e-02   4.2750000e+03
  -1.6200375e-02   4.2900000e+03
  -1.5296434e-02   4.3050000e+03
  -1.4337479e-02   4.3200000e+03
  -1.3322693e-02   4.3350000e+03
  -1.2253981e-02   4.3500000e+03
  -1.1141235e-02   4.3650000e+03
  -1.0000902e-02   4.3800000e+03
  -8.8508874e-03   4.3950000e+03
  -7.7063190e-03   4.4100000e+03
  -6.5788715e-03   4.4250000e+03
  -5.4797698e-03   4.4400000e+03
  -4.4246935e-03   4.4550000e+03
  -3.4374853e-03   4.4700000e+03
  -2.5496690e-03   4.4850000e+03
  -1.7953644e-03   4.5000000e+03
