  -1.6070162e-03   0.0000000e+00
  -1.6070196e-03   1.5000000e+01
  -1.6070547e-03   3.0000000e+01
  -1.6071544e-03   4.5000000e+01
  -1.6072443e-03   6.0000000e+01
  -1.6071771e-03   7.5000000e+01
  -1.6069239e-03   9.0000000e+01
  -1.6066483e-03   1.0500000e+02
  -1.6066252e-03   1.2000000e+02
  -1.6070012e-03   1.3500000e+02
  -1.6075214e-03   1.5000000e+02
  -1.6074630e-03   1.6500000e+02
  -1.6054515e-03   1.8000000e+02
  -1.5976662e-03   1.9500000e+02
  -1.5728985e-03   2.1000000e+02
  -1.5070403e-03   2.2500000e+02
  -1.3682242e-03   2.4000000e+02
  -1.1452259e-03   2.5500000e+02
  -8.8784902e-04   2.7000000e+02
  -7.0829055e-04   2.8500000e+02
  -7.0059602e-04   3.0000000e+02
  -8.3258655e-04   3.1500000e+02
  -9.4968930e-04   3.3000000e+02
  -9.3353685e-04   3.4500000e+02
  -8.3786517e-04   3.6000000e+02
  -8.0642296e-04   3.7500000e+02
  -8.7163405e-04   3.9000000e+02
  -9.2487514e-04   4.0500000e+02
  -8.9546863e-04   4.2000000e+02
  -8.4976398e-04   4.3500000e+02
  -8.6488738e-04   4.5000000e+02
  -9.0625032e-04   4.6500000e+02
  -9.0597634e-04   4.8000000e+02
  -8.8081835e-04   4.9500000e+02
  -8.8570162e-04   5.1000000e+02
  -9.1214909e-04   5.2500000e+02
  -9.1630343e-04   5.4000000e+02
  -9.0188271e-04   5.5500000e+02
  -9.0297201e-04   5.7000000e+02
  -9.1809419e-04   5.8500000e+02
  -9.2101621e-04   6.0000000e+02
  -9.1297564e-04   6.1500000e+02
  -9.1507990e-04   6.3000000e+02
  -9.2648854e-04   6.4500000e+02
  -9.3103480e-04   6.6000000e+02
  -9.3001028e-04   6.7500000e+02
  -9.3457155e-04   6.9000000e+02
  -9.4084389e-04   7.0500000e+02
  -9.3904184e-04   7.2000000e+02
  -9.3200052e-04   7.3500000e+02
  -9.2634483e-04   7.5000000e+02
  -9.2072331e-04   7.6500000e+02
  -9.1551902e-04   7.8000000e+02
  -9.2064822e-04   7.9500000e+02
  -9.4412628e-04   8.1000000e+02
  -9.8180748e-04   8.2500000e+02
  -1.0221809e-03   8.4000000e+02
  -1.0536730e-03   8.5500000e+02
  -1.0684192e-03   8.7000000e+02
  -1.0691845e-03   8.8500000e+02
  -1.0722389e-03   9.0000000e+02
  -1.0933296e-03   9.1500000e+02
  -1.1293215e-03   9.3000000e+02
  -1.1608356e-03   9.4500000e+02
  -1.1749457e-03   9.6000000e+02
  -1.1797464e-03   9.7500000e+02
  -1.1932465e-03   9.9000000e+02
  -1.2213022e-03   1.0050000e+03
  -1.2515200e-03   1.0200000e+03
  -1.2698127e-03   1.0350000e+03
  -1.2781485e-03   1.0500000e+03
  -1.2901098e-03   1.0650000e+03
  -1.3110818e-03   1.0800000e+03
  -1.3322085e-03   1.0950000e+03
  -1.3460804e-03   1.1100000e+03
  -1.3585121e-03   1.1250000e+03
  -1.3785477e-03   1.1400000e+03
  -1.4050563e-03   1.1550000e+03
  -1.4320171e-03   1.1700000e+03
  -1.4612632e-03   1.1850000e+03
  -1.4998065e-03   1.2000000e+03
  -1.5474140e-03   1.2150000e+03
  -1.5964496e-03   1.2300000e+03
  -1.6427771e-03   1.2450000e+03
  -1.6882065e-03   1.2600000e+03
  -1.7329744e-03   1.2750000e+03
  -1.7743412e-03   1.2900000e+03
  -1.8129260e-03   1.3050000e+03
  -1.8529039e-03   1.3200000e+03
  -1.8952192e-03   1.3350000e+03
  -1.9370031e-03   1.3500000e+03
  -1.9780491e-03   1.3650000e+03
  -2.0219786e-03   1.3800000e+03
  -2.0707108e-03   1.3950000e+03
  -2.1227454e-03   1.4100000e+03
  -2.1768606e-03   1.4250000e+03
  -2.2333397e-03   1.4400000e+03
  -2.2917190e-03   1.4550000e+03
  -2.3503124e-03   1.4700000e+03
  -2.4077178e-03   1.4850000e+03
  -2.4638616e-03   1.5000000e+03
  -2.5207861e-03   1.5150000e+03
  -2.5821282e-03   1.5300000e+03
  -2.6496225e-03   1.5450000e+03
  -2.7207318e-03   1.5600000e+03
  -2.7923409e-03   1.5750000e+03
  -2.8660197e-03   1.5900000e+03
  -2.9466019e-03   1.6050000e+03
  -3.0357747e-03   1.6200000e+03
  -3.1300150e-03   1.6350000e+03
  -3.2250909e-03   1.6500000e+03
  -3.3197454e-03   1.6650000e+03
  -3.4144761e-03   1.6800000e+03
  -3.5097173e-03   1.6950000e+03
  -3.6068580e-03   1.7100000e+03
  -3.7097796e-03   1.7250000e+03
  -3.8236445e-03   1.7400000e+03
  -3.9507975e-03   1.7550000e+03
  -4.0872344e-03   1.7700000e+03
  -4.2247898e-03   1.7850000e+03
  -4.3586497e-03   1.8000000e+03
  -4.4916803e-03   1.8150000e+03
  -4.6300730e-03   1.8300000e+03
  -4.7762981e-03   1.8450000e+03
  -4.9281116e-03   1.8600000e+03
  -5.0830455e-03   1.8750000e+03
  -5.2414848e-03   1.8900000e+03
  -5.4056286e-03   1.9050000e+03
  -5.5770683e-03   1.9200000e+03
  -5.7548140e-03   1.9350000e+03
  -5.9342533e-03   1.9500000e+03
  -6.1087697e-03   1.9650000e+03
  -6.2737702e-03   1.9800000e+03
  -6.4280424e-03   1.9950000e+03
  -6.5695141e-03   2.0100000e+03
  -6.6896453e-03   2.0250000e+03
  -6.7706946e-03   2.0400000e+03
  -6.7831860e-03   2.0550000e+03
  -6.6789370e-03   2.0700000e+03
  -6.3796388e-03   2.0850000e+03
  -5.7623829e-03   2.1000000e+03
  -4.6379715e-03   2.1150000e+03
  -2.7125578e-03   2.1300000e+03
   4.7447457e-04   2.1450000e+03
   5.6354161e-03   2.1600000e+03
   1.3831918e-02   2.1750000e+03
   2.6561620e-02   2.1900000e+03
   4.5782257e-02   2.2050000e+03
   7.3782243e-02   2.2200000e+03
   1.1277653e-01   2.2350000e+03
   1.6411513e-01   2.2500000e+03
   2.2707689e-01   2.2650000e+03
   2.9742527e-01   2.2800000e+03
   3.6622542e-01   2.2950000e+03
   4.1974470e-01   2.3100000e+03
   4.4134036e-01   2.3250000e+03
   4.1580853e-01   2.3400000e+03
   3.3560374e-01   2.3550000e+03
   2.0687072e-01   2.3700000e+03
   5.2073114e-02   2.3850000e+03
  -9.3794741e-02   2.4000000e+03
  -1.9413918e-01   2.4150000e+03
  -2.2562629e-01   2.4300000e+03
  -1.9015476e-01   2.4450000e+03
  -1.1662316e-01   2.4600000e+03
  -4.9345762e-02   2.4750000e+03
  -2.7404191e-02   2.4900000e+03
  -6.5493725e-02   2.5050000e+03
  -1.4715175e-01   2.5200000e+03
  -2.3438543e-01   2.5350000e+03
  -2.8779060e-01   2.5500000e+03
  -2.8528878e-01   2.5650000e+03
  -2.2984809e-01   2.5800000e+03
  -1.4463674e-01   2.5950000e+03
  -6.1111134e-02   2.6100000e+03
  -6.7033423e-03   2.6250000e+03
   4.4285469e-03   2.6400000e+03
  -2.3546958e-02   2.6550000e+03
  -6.9103464e-02   2.6700000e+03
  -1.0235005e-01   2.6850000e+03
  -9.9868014e-02   2.7000000e+03
  -5.7175197e-02   2.7150000e+03
   9.9251550e-03   2.7300000e+03
   7.5964995e-02   2.7450000e+03
   1.1981365e-01   2.7600000e+03
   1.3217179e-01   2.7750000e+03
   1.1438875e-01   2.7900000e+03
   7.4015714e-02   2.8050000e+03
   2.2168748e-02   2.8200000e+03
  -2.7704118e-02   2.8350000e+03
  -6.2472966e-02   2.8500000e+03
  -7.3439173e-02   2.8650000e+03
  -5.9358962e-02   2.8800000e+03
  -2.6910996e-02   2.8950000e+03
   1.1125273e-02   2.9100000e+03
   4.0181823e-02   2.9250000e+03
   5.0679866e-02   2.9400000e+03
   4.3705363e-02   2.9550000e+03
   2.9850084e-02   2.9700000e+03
   2.0543359e-02   2.9850000e+03
   1.9325322e-02   3.0000000e+03
   2.1078561e-02   3.0150000e+03
   1.8634569e-02   3.0300000e+03
   9.2386743e-03   3.0450000e+03
  -4.0430673e-03   3.0600000e+03
  -1.4537154e-02   3.0750000e+03
  -1.5193177e-02   3.0900000e+03
  -2.6283425e-03   3.1050000e+03
   1.9181632e-02   3.1200000e+03
   3.9654024e-02   3.1350000e+03
   4.8418127e-02   3.1500000e+03
   4.2832550e-02   3.1650000e+03
   2.8962716e-02   3.1800000e+03
   1.5548292e-02   3.1950000e+03
   7.4303104e-03   3.2100000e+03
   4.0218611e-03   3.2250000e+03
   2.4386910e-03   3.2400000e+03
   1.1554734e-03   3.2550000e+03
   6.9011323e-04   3.2700000e+03
   7.8631093e-04   3.2850000e+03
  -2.8392151e-03   3.3000000e+03
  -1.7358171e-02   3.3150000e+03
  -4.6089269e-02   3.3300000e+03
  -8.2264811e-02   3.3450000e+03
  -1.1156528e-01   3.3600000e+03
  -1.2334431e-01   3.3750000e+03
  -1.1974583e-01   3.3900000e+03
  -1.1227696e-01   3.4050000e+03
  -1.0819067e-01   3.4200000e+03
  -1.0042322e-01   3.4350000e+03
  -7.1989626e-02   3.4500000e+03
  -1.1617784e-02   3.4650000e+03
   7.3347971e-02   3.4800000e+03
   1.5802896e-01   3.4950000e+03
   2.1397401e-01   3.5100000e+03
   2.2487147e-01   3.5250000e+03
   1.9314176e-01   3.5400000e+03
   1.3498199e-01   3.5550000e+03
   6.9840826e-02   3.5700000e+03
   1.2359709e-02   3.5850000e+03
  -2.9445222e-02   3.6000000e+03
  -5.1794186e-02   3.6150000e+03
  -5.3126831e-02   3.6300000e+03
  -3.5004027e-02   3.6450000e+03
  -4.3513961e-03   3.6600000e+03
   2.6794925e-02   3.6750000e+03
   4.6034917e-02   3.6900000e+03
   4.7334477e-02   3.7050000e+03
   3.4331210e-02   3.7200000e+03
   1.6854664e-02   3.7350000e+03
   3.0585623e-03   3.7500000e+03
  -6.2697046e-03   3.7650000e+03
  -1.6401049e-02   3.7800000e+03
  -3.1852946e-02   3.7950000e+03
  -5.0492503e-02   3.8100000e+03
  -6.3899048e-02   3.8250000e+03
  -6.3542433e-02   3.8400000e+03
  -4.7379248e-02   3.8550000e+03
  -2.1544775e-02   3.8700000e+03
   3.8198470e-03   3.8850000e+03
   2.1067539e-02   3.9000000e+03
   2.9072450e-02   3.9150000e+03
   3.2185592e-02   3.9300000e+03
   3.5206914e-02   3.9450000e+03
   3.8392745e-02   3.9600000e+03
   3.6852896e-02   3.9750000e+03
   2.5404200e-02   3.9900000e+03
   4.6706558e-03   4.0050000e+03
  -1.7990114e-02   4.0200000e+03
  -3.4406904e-02   4.0350000e+03
  -4.2188440e-02   4.0500000e+03
  -4.4506956e-02   4.0650000e+03
  -4.3944284e-02   4.0800000e+03
  -3.9140366e-02   4.0950000e+03
  -2.8952897e-02   4.1100000e+03
  -1.7476916e-02   4.1250000e+03
  -1.1071777e-02   4.1400000e+03
  -1.0175372e-02   4.1550000e+03
  -7.7996929e-03   4.1700000e+03
   1.5442786e-03   4.1850000e+03
   1.3928028e-02   4.2000000e+03
   2.0436674e-02   4.2150000e+03
   1.8609276e-02   4.2300000e+03
   1.5612097e-02   4.2450000e+03
   1.9094978e-02   4.2600000e+03
   2.8131001e-02   4.2750000e+03
   3.5375543e-02   4.2900000e+03
   3.5809427e-02   4.3050000e+03
   3.0137645e-02   4.3200000e+03
   2.0556178e-02   4.3350000e+03
   7.1225162e-03   4.3500000e+03
  -1.0061320e-02   4.3650000e+03
  -2.7250167e-02   4.3800000e+03
  -3.8088910e-02   4.3950000e+03
  -3.8459372e-02   4.4100000e+03
  -2.9689088e-02   4.4250000e+03
  -1.7230175e-02   4.4400000e+03
  -6.6884318e-03   4.4550000e+03
  -7.9570571e-04   4.4700000e+03
   6.1458175e-04   4.4850000e+03
  -1.6022888e-03   4.5000000e+03
