   5.7777073e-03   0.0000000e+00
   5.7778433e-03   1.5000000e+01
   5.7777581e-03   3.0000000e+01
   5.7762894e-03   4.5000000e+01
   5.7727010e-03   6.0000000e+01
   5.7663578e-03   7.5000000e+01
   5.7568247e-03   9.0000000e+01
   5.7447543e-03   1.0500000e+02
   5.7310183e-03   1.2000000e+02
   5.7151942e-03   1.3500000e+02
   5.6964015e-03   1.5000000e+02
   5.6744162e-03   1.6500000e+02
   5.6489767e-03   1.8000000e+02
   5.6194733e-03   1.9500000e+02
   5.5860193e-03   2.1000000e+02
   5.5501284e-03   2.2500000e+02
   5.5140113e-03   2.4000000e+02
   5.4791276e-03   2.5500000e+02
   5.4452466e-03   2.7000000e+02
   5.4104524e-03   2.8500000e+02
   5.3718169e-03   3.0000000e+02
   5.3267907e-03   3.1500000e+02
   5.2747121e-03   3.3000000e+02
   5.2169515e-03   3.4500000e+02
   5.1557482e-03   3.6000000e+02
   5.0925459e-03   3.7500000e+02
   5.0267894e-03   3.9000000e+02
   4.9571944e-03   4.0500000e+02
   4.8840623e-03   4.2000000e+02
   4.8079379e-03   4.3500000e+02
   4.7256281e-03   4.5000000e+02
   4.6285349e-03   4.6500000e+02
   4.5015556e-03   4.8000000e+02
   4.3182215e-03   4.9500000e+02
   4.0378226e-03   5.1000000e+02
   3.6178303e-03   5.2500000e+02
   3.0470314e-03   5.4000000e+02
   2.3856037e-03   5.5500000e+02
   1.7784793e-03   5.7000000e+02
   1.4048646e-03   5.8500000e+02
   1.3637561e-03   6.0000000e+02
   1.5682054e-03   6.1500000e+02
   1.7626018e-03   6.3000000e+02
   1.7023145e-03   6.4500000e+02
   1.3647801e-03   6.6000000e+02
   9.7372319e-04   6.7500000e+02
   7.7540515e-04   6.9000000e+02
   7.8954367e-04   7.0500000e+02
   8.1980415e-04   7.2000000e+02
   7.1111496e-04   7.3500000e+02
   5.2546896e-04   7.5000000e+02
   4.1127924e-04   7.6500000e+02
   3.6355824e-04   7.8000000e+02
   2.2720115e-04   7.9500000e+02
  -6.7180510e-05   8.1000000e+02
  -4.0241849e-04   8.2500000e+02
  -6.6534482e-04   8.4000000e+02
  -9.1603026e-04   8.5500000e+02
  -1.2584938e-03   8.7000000e+02
  -1.6430083e-03   8.8500000e+02
  -1.9571360e-03   9.0000000e+02
  -2.2590959e-03   9.1500000e+02
  -2.7311766e-03   9.3000000e+02
  -3.4000357e-03   9.4500000e+02
  -4.0876097e-03   9.6000000e+02
  -4.6720803e-03   9.7500000e+02
  -5.2239392e-03   9.9000000e+02
  -5.8347341e-03   1.0050000e+03
  -6.4670676e-03   1.0200000e+03
  -7.0119142e-03   1.0350000e+03
  -7.3263524e-03   1.0500000e+03
  -7.1426579e-03   1.0650000e+03
  -6.0232719e-03   1.0800000e+03
  -3.3360624e-03   1.0950000e+03
   2.0211979e-03   1.1100000e+03
   1.2167904e-02   1.1250000e+03
   3.0837152e-02   1.1400000e+03
   6.4014636e-02   1.1550000e+03
   1.2070843e-01   1.1700000e+03
   2.1338816e-01   1.1850000e+03
   3.5685089e-01   1.2000000e+03
   5.6390220e-01   1.2150000e+03
   8.3660680e-01   1.2300000e+03
   1.1534178e+00   1.2450000e+03
   1.4558716e+00   1.2600000e+03
   1.6433949e+00   1.2750000e+03
   1.5882902e+00   1.2900000e+03
   1.1797335e+00   1.3050000e+03
   3.9115006e-01   1.3200000e+03
  -6.5782446e-01   1.3350000e+03
  -1.6914262e+00   1.3500000e+03
  -2.3579969e+00   1.3650000e+03
  -2.3914862e+00   1.3800000e+03
  -1.7769314e+00   1.3950000e+03
  -8.0335975e-01   1.4100000e+03
   6.9209307e-02   1.4250000e+03
   4.7605920e-01   1.4400000e+03
   3.7052482e-01   1.4550000e+03
   2.4618734e-02   1.4700000e+03
  -2.0884939e-01   1.4850000e+03
  -1.7949331e-01   1.5000000e+03
  -1.9168817e-02   1.5150000e+03
   4.6004612e-02   1.5300000e+03
  -4.9486902e-02   1.5450000e+03
  -1.5783772e-01   1.5600000e+03
  -1.1284357e-01   1.5750000e+03
   6.2833168e-02   1.5900000e+03
   1.8435526e-01   1.6050000e+03
   1.2741357e-01   1.6200000e+03
  -3.0249456e-02   1.6350000e+03
  -1.1815610e-01   1.6500000e+03
  -8.1864610e-02   1.6650000e+03
  -2.2115711e-02   1.6800000e+03
  -3.3366125e-02   1.6950000e+03
  -7.7172659e-02   1.7100000e+03
  -5.7617296e-02   1.7250000e+03
   2.7950609e-02   1.7400000e+03
   8.5268945e-02   1.7550000e+03
   6.1057180e-02   1.7700000e+03
   1.3150705e-02   1.7850000e+03
   1.9184282e-02   1.8000000e+03
   7.2213724e-02   1.8150000e+03
   1.1218013e-01   1.8300000e+03
   1.2320723e-01   1.8450000e+03
   1.4012983e-01   1.8600000e+03
   1.6971281e-01   1.8750000e+03
   1.6416593e-01   1.8900000e+03
   8.5446060e-02   1.9050000e+03
  -4.6567217e-02   1.9200000e+03
  -1.8577252e-01   1.9350000e+03
  -3.0141005e-01   1.9500000e+03
  -3.6574888e-01   1.9650000e+03
  -3.3670408e-01   1.9800000e+03
  -1.9305682e-01   1.9950000e+03
   2.2962647e-02   2.0100000e+03
   2.2633804e-01   2.0250000e+03
   3.4959748e-01   2.0400000e+03
   3.6992076e-01   2.0550000e+03
   2.9561859e-01   2.0700000e+03
   1.5652613e-01   2.0850000e+03
   3.5046036e-03   2.1000000e+03
  -1.1217005e-01   2.1150000e+03
  -1.6953354e-01   2.1300000e+03
  -1.7851239e-01   2.1450000e+03
  -1.5289631e-01   2.1600000e+03
  -9.8283954e-02   2.1750000e+03
  -2.5678929e-02   2.1900000e+03
   4.1475974e-02   2.2050000e+03
   8.1716754e-02   2.2200000e+03
   8.9366525e-02   2.2350000e+03
   7.2307594e-02   2.2500000e+03
   4.4632349e-02   2.2650000e+03
   2.2781448e-02   2.2800000e+03
   1.8987589e-02   2.2950000e+03
   3.2496743e-02   2.3100000e+03
   5.0513361e-02   2.3250000e+03
   6.0073443e-02   2.3400000e+03
   5.6546435e-02   2.3550000e+03
   4.1006565e-02   2.3700000e+03
   1.5013383e-02   2.3850000e+03
  -1.8349115e-02   2.4000000e+03
  -5.0562259e-02   2.4150000e+03
  -6.8880029e-02   2.4300000e+03
  -6.3664608e-02   2.4450000e+03
  -3.5704207e-02   2.4600000e+03
   2.9129528e-03   2.4750000e+03
   3.5818931e-02   2.4900000e+03
   5.2282490e-02   2.5050000e+03
   5.1852610e-02   2.5200000e+03
   4.0271703e-02   2.5350000e+03
   2.2538789e-02   2.5500000e+03
   1.3872876e-03   2.5650000e+03
  -1.9165168e-02   2.5800000e+03
  -3.2733530e-02   2.5950000e+03
  -3.4643650e-02   2.6100000e+03
  -2.5676912e-02   2.6250000e+03
  -1.1224393e-02   2.6400000e+03
   2.0748894e-03   2.6550000e+03
   9.2497151e-03   2.6700000e+03
   8.9420564e-03   2.6850000e+03
   3.6381979e-03   2.7000000e+03
  -2.3861143e-03   2.7150000e+03
  -5.2665640e-03   2.7300000e+03
  -1.9622778e-03   2.7450000e+03
   9.5629124e-03   2.7600000e+03
   2.8987551e-02   2.7750000e+03
   5.3105276e-02   2.7900000e+03
   7.7584267e-02   2.8050000e+03
   9.8830797e-02   2.8200000e+03
   1.1380110e-01   2.8350000e+03
   1.1888595e-01   2.8500000e+03
   1.1012596e-01   2.8650000e+03
   8.5334279e-02   2.8800000e+03
   4.6766065e-02   2.8950000e+03
   1.9318869e-03   2.9100000e+03
  -3.8977161e-02   2.9250000e+03
  -6.7623354e-02   2.9400000e+03
  -8.0662608e-02   2.9550000e+03
  -7.9706162e-02   2.9700000e+03
  -6.9047719e-02   2.9850000e+03
  -5.2992754e-02   3.0000000e+03
  -3.4157041e-02   3.0150000e+03
  -1.3487617e-02   3.0300000e+03
   8.2594594e-03   3.0450000e+03
   2.8949972e-02   3.0600000e+03
   4.4743903e-02   3.0750000e+03
   5.1300701e-02   3.0900000e+03
   4.5916233e-02   3.1050000e+03
   2.9511664e-02   3.1200000e+03
   7.1172863e-03   3.1350000e+03
  -1.4041318e-02   3.1500000e+03
  -2.8136618e-02   3.1650000e+03
  -3.3660859e-02   3.1800000e+03
  -3.3523601e-02   3.1950000e+03
  -3.2479230e-02   3.2100000e+03
  -3.4275014e-02   3.2250000e+03
  -4.0633582e-02   3.2400000e+03
  -5.1783327e-02   3.2550000e+03
  -6.6733584e-02   3.2700000e+03
  -8.2636058e-02   3.2850000e+03
  -9.4571829e-02   3.3000000e+03
  -9.7099692e-02   3.3150000e+03
  -8.6863443e-02   3.3300000e+03
  -6.4163186e-02   3.3450000e+03
  -3.2399144e-02   3.3600000e+03
   3.6330188e-03   3.3750000e+03
   3.8958281e-02   3.3900000e+03
   6.8739951e-02   3.4050000e+03
   8.8571601e-02   3.4200000e+03
   9.5407054e-02   3.4350000e+03
   8.8646829e-02   3.4500000e+03
   7.0394970e-02   3.4650000e+03
   4.4566713e-02   3.4800000e+03
   1.5492288e-02   3.4950000e+03
  -1.3061554e-02   3.5100000e+03
  -3.8056284e-02   3.5250000e+03
  -5.6885444e-02   3.5400000e+03
  -6.7318141e-02   3.5550000e+03
  -6.8044767e-02   3.5700000e+03
  -5.9422322e-02   3.5850000e+03
  -4.3606140e-02   3.6000000e+03
  -2.3795504e-02   3.6150000e+03
  -3.2798497e-03   3.6300000e+03
   1.4922781e-02   3.6450000e+03
   2.8010037e-02   3.6600000e+03
   3.3721227e-02   3.6750000e+03
   3.1117573e-02   3.6900000e+03
   2.0932980e-02   3.7050000e+03
   5.0263694e-03   3.7200000e+03
  -1.4324994e-02   3.7350000e+03
  -3.4503974e-02   3.7500000e+03
  -5.2449275e-02   3.7650000e+03
  -6.5305300e-02   3.7800000e+03
  -7.1631119e-02   3.7950000e+03
  -7.1954653e-02   3.8100000e+03
  -6.8119235e-02   3.8250000e+03
  -6.2175542e-02   3.8400000e+03
  -5.5691618e-02   3.8550000e+03
  -4.9491778e-02   3.8700000e+03
  -4.3524925e-02   3.8850000e+03
  -3.7026454e-02   3.9000000e+03
  -2.9200023e-02   3.9150000e+03
  -1.9964378e-02   3.9300000e+03
  -9.9932915e-03   3.9450000e+03
  -7.3468073e-06   3.9600000e+03
   9.8530846e-03   3.9750000e+03
   1.9917037e-02   3.9900000e+03
   3.0435905e-02   4.0050000e+03
   4.1328412e-02   4.0200000e+03
   5.2332297e-02   4.0350000e+03
   6.3019767e-02   4.0500000e+03
   7.2443180e-02   4.0650000e+03
   7.8941226e-02   4.0800000e+03
   8.0605470e-02   4.0950000e+03
   7.6090425e-02   4.1100000e+03
   6.5099806e-02   4.1250000e+03
   4.8433777e-02   4.1400000e+03
   2.7901741e-02   4.1550000e+03
   6.0768891e-03   4.1700000e+03
  -1.4354003e-02   4.1850000e+03
  -3.1371269e-02   4.2000000e+03
  -4.3879997e-02   4.2150000e+03
  -5.1388714e-02   4.2300000e+03
  -5.3775907e-02   4.2450000e+03
  -5.1498223e-02   4.2600000e+03
  -4.5788866e-02   4.2750000e+03
  -3.8402289e-02   4.2900000e+03
  -3.1137818e-02   4.3050000e+03
  -2.5525056e-02   4.3200000e+03
  -2.2580141e-02   4.3350000e+03
  -2.2464538e-02   4.3500000e+03
  -2.4356980e-02   4.3650000e+03
  -2.6889950e-02   4.3800000e+03
  -2.8839620e-02   4.3950000e+03
  -2.9434616e-02   4.4100000e+03
  -2.8215583e-02   4.4250000e+03
  -2.4927465e-02   4.4400000e+03
  -1.9650286e-02   4.4550000e+03
  -1.2866218e-02   4.4700000e+03
  -5.2736551e-03   4.4850000e+03
   2.4269803e-03   4.5000000e+03
