   4.8303627e-04   0.0000000e+00
   4.8305900e-04   1.5000000e+01
   4.8316756e-04   3.0000000e+01
   4.8315278e-04   4.5000000e+01
   4.8258761e-04   6.0000000e+01
   4.8109717e-04   7.5000000e+01
   4.7841860e-04   9.0000000e+01
   4.7443900e-04   1.0500000e+02
   4.6934633e-04   1.2000000e+02
   4.6351971e-04   1.3500000e+02
   4.5713069e-04   1.5000000e+02
   4.4992525e-04   1.6500000e+02
   4.4149160e-04   1.8000000e+02
   4.3163309e-04   1.9500000e+02
   4.2055544e-04   2.1000000e+02
   4.0897552e-04   2.2500000e+02
   3.9785317e-04   2.4000000e+02
   3.8777120e-04   2.5500000e+02
   3.7863184e-04   2.7000000e+02
   3.6964717e-04   2.8500000e+02
   3.5945469e-04   3.0000000e+02
   3.4680380e-04   3.1500000e+02
   3.3149423e-04   3.3000000e+02
   3.1445388e-04   3.4500000e+02
   2.9681620e-04   3.6000000e+02
   2.7901382e-04   3.7500000e+02
   2.6069034e-04   3.9000000e+02
   2.4154020e-04   4.0500000e+02
   2.2218219e-04   4.2000000e+02
   2.0360999e-04   4.3500000e+02
   1.8538412e-04   4.5000000e+02
   1.6441259e-04   4.6500000e+02
   1.3469302e-04   4.8000000e+02
   8.6685577e-05   4.9500000e+02
   7.0910119e-06   5.1000000e+02
  -1.1763340e-04   5.2500000e+02
  -2.9173589e-04   5.4000000e+02
  -4.9748516e-04   5.5500000e+02
  -6.8988436e-04   5.7000000e+02
  -8.1162190e-04   5.8500000e+02
  -8.2884636e-04   6.0000000e+02
  -7.6503278e-04   6.1500000e+02
  -6.9695595e-04   6.3000000e+02
  -6.9912180e-04   6.4500000e+02
  -7.7693985e-04   6.6000000e+02
  -8.5760496e-04   6.7500000e+02
  -8.5818017e-04   6.9000000e+02
  -7.6309743e-04   7.0500000e+02
  -6.2611501e-04   7.2000000e+02
  -5.0081807e-04   7.3500000e+02
  -3.9351053e-04   7.5000000e+02
  -2.9730922e-04   7.6500000e+02
  -2.4513839e-04   7.8000000e+02
  -2.8733647e-04   7.9500000e+02
  -4.1652855e-04   8.1000000e+02
  -5.5629882e-04   8.2500000e+02
  -6.4347801e-04   8.4000000e+02
  -6.8806385e-04   8.5500000e+02
  -7.2665903e-04   8.7000000e+02
  -7.5663219e-04   8.8500000e+02
  -7.6525169e-04   9.0000000e+02
  -7.9373288e-04   9.1500000e+02
  -9.0143410e-04   9.3000000e+02
  -1.0702981e-03   9.4500000e+02
  -1.2136617e-03   9.6000000e+02
  -1.2892477e-03   9.7500000e+02
  -1.3416702e-03   9.9000000e+02
  -1.4243789e-03   1.0050000e+03
  -1.5419492e-03   1.0200000e+03
  -1.6779404e-03   1.0350000e+03
  -1.8175533e-03   1.0500000e+03
  -1.9353929e-03   1.0650000e+03
  -2.0186938e-03   1.0800000e+03
  -2.1044211e-03   1.0950000e+03
  -2.2400816e-03   1.1100000e+03
  -2.4125909e-03   1.1250000e+03
  -2.5649604e-03   1.1400000e+03
  -2.6744434e-03   1.1550000e+03
  -2.7675438e-03   1.1700000e+03
  -2.8617773e-03   1.1850000e+03
  -2.9334533e-03   1.2000000e+03
  -2.9533103e-03   1.2150000e+03
  -2.9306449e-03   1.2300000e+03
  -2.9028684e-03   1.2450000e+03
  -2.8841782e-03   1.2600000e+03
  -2.8387902e-03   1.2750000e+03
  -2.7033035e-03   1.2900000e+03
  -2.4135925e-03   1.3050000e+03
  -1.9047403e-03   1.3200000e+03
  -1.1121141e-03   1.3350000e+03
   1.1658949e-05   1.3500000e+03
   1.5074163e-03   1.3650000e+03
   3.4724697e-03   1.3800000e+03
   6.1220201e-03   1.3950000e+03
   9.7868117e-03   1.4100000e+03
   1.4868862e-02   1.4250000e+03
   2.1841003e-02   1.4400000e+03
   3.1338811e-02   1.4550000e+03
   4.4300832e-02   1.4700000e+03
   6.2072419e-02   1.4850000e+03
   8.6441696e-02   1.5000000e+03
   1.1964570e-01   1.5150000e+03
   1.6436201e-01   1.5300000e+03
   2.2357692e-01   1.5450000e+03
   3.0009726e-01   1.5600000e+03
   3.9545658e-01   1.5750000e+03
   5.0811023e-01   1.5900000e+03
   6.3112634e-01   1.6050000e+03
   7.5003874e-01   1.6200000e+03
   8.4206152e-01   1.6350000e+03
   8.7823194e-01   1.6500000e+03
   8.2970673e-01   1.6650000e+03
   6.7782933e-01   1.6800000e+03
   4.2489615e-01   1.6950000e+03
   1.0031255e-01   1.7100000e+03
  -2.4277192e-01   1.7250000e+03
  -5.4126900e-01   1.7400000e+03
  -7.4150395e-01   1.7550000e+03
  -8.1545699e-01   1.7700000e+03
  -7.6667404e-01   1.7850000e+03
  -6.2469500e-01   1.8000000e+03
  -4.3301269e-01   1.8150000e+03
  -2.3702109e-01   1.8300000e+03
  -7.4870452e-02   1.8450000e+03
   2.9444749e-02   1.8600000e+03
   7.0543215e-02   1.8750000e+03
   6.0056839e-02   1.8900000e+03
   1.6395390e-02   1.9050000e+03
  -4.8887640e-02   1.9200000e+03
  -1.3620740e-01   1.9350000e+03
  -2.4764296e-01   1.9500000e+03
  -3.6978522e-01   1.9650000e+03
  -4.6835649e-01   1.9800000e+03
  -5.0408667e-01   1.9950000e+03
  -4.5789555e-01   2.0100000e+03
  -3.4282911e-01   2.0250000e+03
  -1.9335783e-01   2.0400000e+03
  -4.5036450e-02   2.0550000e+03
   7.6584004e-02   2.0700000e+03
   1.5456471e-01   2.0850000e+03
   1.7880231e-01   2.1000000e+03
   1.5136033e-01   2.1150000e+03
   9.0701029e-02   2.1300000e+03
   2.3874428e-02   2.1450000e+03
  -2.9179709e-02   2.1600000e+03
  -6.3472569e-02   2.1750000e+03
  -8.2125455e-02   2.1900000e+03
  -8.5729271e-02   2.2050000e+03
  -7.1473479e-02   2.2200000e+03
  -4.0778171e-02   2.2350000e+03
  -3.0252873e-03   2.2500000e+03
   3.0194918e-02   2.2650000e+03
   5.2666124e-02   2.2800000e+03
   6.4313993e-02   2.2950000e+03
   6.6926345e-02   2.3100000e+03
   6.2028639e-02   2.3250000e+03
   5.2293107e-02   2.3400000e+03
   4.1859902e-02   2.3550000e+03
   3.3791721e-02   2.3700000e+03
   2.8271530e-02   2.3850000e+03
   2.3935655e-02   2.4000000e+03
   1.9909805e-02   2.4150000e+03
   1.5995249e-02   2.4300000e+03
   1.2165790e-02   2.4450000e+03
   9.0320893e-03   2.4600000e+03
   8.0823023e-03   2.4750000e+03
   1.0359798e-02   2.4900000e+03
   1.5193336e-02   2.5050000e+03
   2.0912716e-02   2.5200000e+03
   2.6319046e-02   2.5350000e+03
   3.0698001e-02   2.5500000e+03
   3.3037685e-02   2.5650000e+03
   3.2570623e-02   2.5800000e+03
   3.0260717e-02   2.5950000e+03
   2.8911626e-02   2.6100000e+03
   3.1461276e-02   2.6250000e+03
   3.9398190e-02   2.6400000e+03
   5.2494325e-02   2.6550000e+03
   6.9125064e-02   2.6700000e+03
   8.6481676e-02   2.6850000e+03
   1.0107881e-01   2.7000000e+03
   1.0983297e-01   2.7150000e+03
   1.1111874e-01   2.7300000e+03
   1.0518946e-01   2.7450000e+03
   9.3922362e-02   2.7600000e+03
   8.0070607e-02   2.7750000e+03
   6.6278704e-02   2.7900000e+03
   5.4354716e-02   2.8050000e+03
   4.5176808e-02   2.8200000e+03
   3.9014906e-02   2.8350000e+03
   3.5758801e-02   2.8500000e+03
   3.4912139e-02   2.8650000e+03
   3.5601247e-02   2.8800000e+03
   3.6769323e-02   2.8950000e+03
   3.7454437e-02   2.9100000e+03
   3.6942795e-02   2.9250000e+03
   3.4663767e-02   2.9400000e+03
   2.9910175e-02   2.9550000e+03
   2.1739503e-02   2.9700000e+03
   9.3954522e-03   2.9850000e+03
  -6.8953861e-03   3.0000000e+03
  -2.5374325e-02   3.0150000e+03
  -4.2950872e-02   3.0300000e+03
  -5.6076758e-02   3.0450000e+03
  -6.1821681e-02   3.0600000e+03
  -5.8722381e-02   3.0750000e+03
  -4.7181297e-02   3.0900000e+03
  -2.9311551e-02   3.1050000e+03
  -8.2524205e-03   3.1200000e+03
   1.2770202e-02   3.1350000e+03
   3.1174887e-02   3.1500000e+03
   4.5237817e-02   3.1650000e+03
   5.3907923e-02   3.1800000e+03
   5.6619763e-02   3.1950000e+03
   5.3339396e-02   3.2100000e+03
   4.4700123e-02   3.2250000e+03
   3.1938247e-02   3.2400000e+03
   1.6563891e-02   3.2550000e+03
  -2.5924692e-06   3.2700000e+03
  -1.6576089e-02   3.2850000e+03
  -3.2124944e-02   3.3000000e+03
  -4.5670114e-02   3.3150000e+03
  -5.6346707e-02   3.3300000e+03
  -6.3596435e-02   3.3450000e+03
  -6.7286707e-02   3.3600000e+03
  -6.7587055e-02   3.3750000e+03
  -6.4652115e-02   3.3900000e+03
  -5.8376912e-02   3.4050000e+03
  -4.8493858e-02   3.4200000e+03
  -3.5019871e-02   3.4350000e+03
  -1.8734613e-02   3.4500000e+03
  -1.2939710e-03   3.4650000e+03
   1.5130959e-02   3.4800000e+03
   2.8412152e-02   3.4950000e+03
   3.6852226e-02   3.5100000e+03
   3.9314188e-02   3.5250000e+03
   3.5299361e-02   3.5400000e+03
   2.5119549e-02   3.5550000e+03
   9.9989865e-03   3.5700000e+03
  -8.1652561e-03   3.5850000e+03
  -2.7353160e-02   3.6000000e+03
  -4.5890402e-02   3.6150000e+03
  -6.2511481e-02   3.6300000e+03
  -7.6154754e-02   3.6450000e+03
  -8.5924827e-02   3.6600000e+03
  -9.1405243e-02   3.6750000e+03
  -9.3000300e-02   3.6900000e+03
  -9.1851726e-02   3.7050000e+03
  -8.9281917e-02   3.7200000e+03
  -8.6183257e-02   3.7350000e+03
  -8.2794309e-02   3.7500000e+03
  -7.8927159e-02   3.7650000e+03
  -7.4380748e-02   3.7800000e+03
  -6.9249421e-02   3.7950000e+03
  -6.3981883e-02   3.8100000e+03
  -5.9176162e-02   3.8250000e+03
  -5.5215936e-02   3.8400000e+03
  -5.1988490e-02   3.8550000e+03
  -4.8927590e-02   3.8700000e+03
  -4.5379490e-02   3.8850000e+03
  -4.0996488e-02   3.9000000e+03
  -3.5858054e-02   3.9150000e+03
  -3.0318441e-02   3.9300000e+03
  -2.4813665e-02   3.9450000e+03
  -1.9776136e-02   3.9600000e+03
  -1.5594804e-02   3.9750000e+03
  -1.2538972e-02   3.9900000e+03
  -1.0699605e-02   4.0050000e+03
  -1.0010241e-02   4.0200000e+03
  -1.0253705e-02   4.0350000e+03
  -1.0928314e-02   4.0500000e+03
  -1.1070082e-02   4.0650000e+03
  -9.3166241e-03   4.0800000e+03
  -4.3442640e-03   4.0950000e+03
   4.5466083e-03   4.1100000e+03
   1.7068069e-02   4.1250000e+03
   3.1976636e-02   4.1400000e+03
   4.7407929e-02   4.1550000e+03
   6.1338603e-02   4.1700000e+03
   7.2047465e-02   4.1850000e+03
   7.8468516e-02   4.2000000e+03
   8.0330424e-02   4.2150000e+03
   7.8051440e-02   4.2300000e+03
   7.2475463e-02   4.2450000e+03
   6.4582638e-02   4.2600000e+03
   5.5271205e-02   4.2750000e+03
   4.5258116e-02   4.2900000e+03
   3.5106778e-02   4.3050000e+03
   2.5327688e-02   4.3200000e+03
   1.6439609e-02   4.3350000e+03
   8.9076422e-03   4.3500000e+03
   2.9894977e-03   4.3650000e+03
  -1.3867506e-03   4.3800000e+03
  -4.6090330e-03   4.3950000e+03
  -7.2288373e-03   4.4100000e+03
  -9.7624101e-03   4.4250000e+03
  -1.2562969e-02   4.4400000e+03
  -1.5820993e-02   4.4550000e+03
  -1.9642541e-02   4.4700000e+03
  -2.4087179e-02   4.4850000e+03
  -2.9087678e-02   4.5000000e+03
