  -1.3332553e-03   0.0000000e+00
  -1.3332604e-03   1.5000000e+01
  -1.3332918e-03   3.0000000e+01
  -1.3333729e-03   4.5000000e+01
  -1.3334757e-03   6.0000000e+01
  -1.3335185e-03   7.5000000e+01
  -1.3334741e-03   9.0000000e+01
  -1.3334077e-03   1.0500000e+02
  -1.3334670e-03   1.2000000e+02
  -1.3337377e-03   1.3500000e+02
  -1.3341007e-03   1.5000000e+02
  -1.3341233e-03   1.6500000e+02
  -1.3327916e-03   1.8000000e+02
  -1.3269513e-03   1.9500000e+02
  -1.3073087e-03   2.1000000e+02
  -1.2540905e-03   2.2500000e+02
  -1.1413239e-03   2.4000000e+02
  -9.5998746e-04   2.5500000e+02
  -7.5081136e-04   2.7000000e+02
  -6.0530310e-04   2.8500000e+02
  -6.0004793e-04   3.0000000e+02
  -7.0862734e-04   3.1500000e+02
  -8.0487417e-04   3.3000000e+02
  -7.9231104e-04   3.4500000e+02
  -7.1496435e-04   3.6000000e+02
  -6.9024891e-04   3.7500000e+02
  -7.4455130e-04   3.9000000e+02
  -7.8896590e-04   4.0500000e+02
  -7.6558208e-04   4.2000000e+02
  -7.2856911e-04   4.3500000e+02
  -7.4103189e-04   4.5000000e+02
  -7.7484053e-04   4.6500000e+02
  -7.7475415e-04   4.8000000e+02
  -7.5468299e-04   4.9500000e+02
  -7.5949990e-04   5.1000000e+02
  -7.8212604e-04   5.2500000e+02
  -7.8664295e-04   5.4000000e+02
  -7.7605381e-04   5.5500000e+02
  -7.7812420e-04   5.7000000e+02
  -7.9159439e-04   5.8500000e+02
  -7.9507317e-04   6.0000000e+02
  -7.8963040e-04   6.1500000e+02
  -7.9242035e-04   6.3000000e+02
  -8.0249959e-04   6.4500000e+02
  -8.0640864e-04   6.6000000e+02
  -8.0500921e-04   6.7500000e+02
  -8.0683595e-04   6.9000000e+02
  -8.0731476e-04   7.0500000e+02
  -7.9615292e-04   7.2000000e+02
  -7.7290897e-04   7.3500000e+02
  -7.4109051e-04   7.5000000e+02
  -7.0080796e-04   7.6500000e+02
  -6.5892126e-04   7.8000000e+02
  -6.3518248e-04   7.9500000e+02
  -6.4806390e-04   8.1000000e+02
  -6.9791911e-04   8.2500000e+02
  -7.6463673e-04   8.4000000e+02
  -8.1692572e-04   8.5500000e+02
  -8.2991703e-04   8.7000000e+02
  -8.0670125e-04   8.8500000e+02
  -7.8172854e-04   9.0000000e+02
  -7.9032133e-04   9.1500000e+02
  -8.3133456e-04   9.3000000e+02
  -8.6853077e-04   9.4500000e+02
  -8.7303226e-04   9.6000000e+02
  -8.5656875e-04   9.7500000e+02
  -8.5448212e-04   9.9000000e+02
  -8.8030094e-04   1.0050000e+03
  -9.1053068e-04   1.0200000e+03
  -9.1880438e-04   1.0350000e+03
  -9.1144221e-04   1.0500000e+03
  -9.1456139e-04   1.0650000e+03
  -9.3394122e-04   1.0800000e+03
  -9.4929431e-04   1.0950000e+03
  -9.4931520e-04   1.1100000e+03
  -9.4927399e-04   1.1250000e+03
  -9.6409419e-04   1.1400000e+03
  -9.8448864e-04   1.1550000e+03
  -9.9543808e-04   1.1700000e+03
  -1.0023930e-03   1.1850000e+03
  -1.0204115e-03   1.2000000e+03
  -1.0485187e-03   1.2150000e+03
  -1.0741560e-03   1.2300000e+03
  -1.0953819e-03   1.2450000e+03
  -1.1198441e-03   1.2600000e+03
  -1.1466655e-03   1.2750000e+03
  -1.1669841e-03   1.2900000e+03
  -1.1800029e-03   1.3050000e+03
  -1.1934593e-03   1.3200000e+03
  -1.2099446e-03   1.3350000e+03
  -1.2256436e-03   1.3500000e+03
  -1.2406845e-03   1.3650000e+03
  -1.2592233e-03   1.3800000e+03
  -1.2809831e-03   1.3950000e+03
  -1.3023155e-03   1.4100000e+03
  -1.3235896e-03   1.4250000e+03
  -1.3474713e-03   1.4400000e+03
  -1.3722947e-03   1.4550000e+03
  -1.3938476e-03   1.4700000e+03
  -1.4113693e-03   1.4850000e+03
  -1.4269928e-03   1.5000000e+03
  -1.4423247e-03   1.5150000e+03
  -1.4590032e-03   1.5300000e+03
  -1.4789873e-03   1.5450000e+03
  -1.5015957e-03   1.5600000e+03
  -1.5237433e-03   1.5750000e+03
  -1.5446297e-03   1.5900000e+03
  -1.5667288e-03   1.6050000e+03
  -1.5915688e-03   1.6200000e+03
  -1.6180211e-03   1.6350000e+03
  -1.6449757e-03   1.6500000e+03
  -1.6724509e-03   1.6650000e+03
  -1.6999372e-03   1.6800000e+03
  -1.7263159e-03   1.6950000e+03
  -1.7517731e-03   1.7100000e+03
  -1.7781642e-03   1.7250000e+03
  -1.8071682e-03   1.7400000e+03
  -1.8383734e-03   1.7550000e+03
  -1.8688607e-03   1.7700000e+03
  -1.8951772e-03   1.7850000e+03
  -1.9165778e-03   1.8000000e+03
  -1.9356627e-03   1.8150000e+03
  -1.9551264e-03   1.8300000e+03
  -1.9751745e-03   1.8450000e+03
  -1.9950890e-03   1.8600000e+03
  -2.0155206e-03   1.8750000e+03
  -2.0375713e-03   1.8900000e+03
  -2.0608772e-03   1.9050000e+03
  -2.0841698e-03   1.9200000e+03
  -2.1068479e-03   1.9350000e+03
  -2.1288267e-03   1.9500000e+03
  -2.1497644e-03   1.9650000e+03
  -2.1697341e-03   1.9800000e+03
  -2.1900677e-03   1.9950000e+03
  -2.2122557e-03   2.0100000e+03
  -2.2361935e-03   2.0250000e+03
  -2.2604715e-03   2.0400000e+03
  -2.2843368e-03   2.0550000e+03
  -2.3084355e-03   2.0700000e+03
  -2.3333966e-03   2.0850000e+03
  -2.3584850e-03   2.1000000e+03
  -2.3820724e-03   2.1150000e+03
  -2.4028863e-03   2.1300000e+03
  -2.4204385e-03   2.1450000e+03
  -2.4348623e-03   2.1600000e+03
  -2.4468733e-03   2.1750000e+03
  -2.4574792e-03   2.1900000e+03
  -2.4671466e-03   2.2050000e+03
  -2.4754102e-03   2.2200000e+03
  -2.4813951e-03   2.2350000e+03
  -2.4840885e-03   2.2500000e+03
  -2.4819467e-03   2.2650000e+03
  -2.4731534e-03   2.2800000e+03
  -2.4567309e-03   2.2950000e+03
  -2.4326723e-03   2.3100000e+03
  -2.4005354e-03   2.3250000e+03
  -2.3585134e-03   2.3400000e+03
  -2.3041875e-03   2.3550000e+03
  -2.2354303e-03   2.3700000e+03
  -2.1499305e-03   2.3850000e+03
  -2.0443315e-03   2.4000000e+03
  -1.9147461e-03   2.4150000e+03
  -1.7580163e-03   2.4300000e+03
  -1.5715666e-03   2.4450000e+03
  -1.3510968e-03   2.4600000e+03
  -1.0880890e-03   2.4750000e+03
  -7.6958374e-04   2.4900000e+03
  -3.8033150e-04   2.5050000e+03
   9.5135605e-05   2.5200000e+03
   6.7315804e-04   2.5350000e+03
   1.3745602e-03   2.5500000e+03
   2.2287425e-03   2.5650000e+03
   3.2757227e-03   2.5800000e+03
   4.5660678e-03   2.5950000e+03
   6.1606988e-03   2.6100000e+03
   8.1325248e-03   2.6250000e+03
   1.0570807e-02   2.6400000e+03
   1.3587554e-02   2.6550000e+03
   1.7323146e-02   2.6700000e+03
   2.1947961e-02   2.6850000e+03
   2.7659032e-02   2.7000000e+03
   3.4673359e-02   2.7150000e+03
   4.3218281e-02   2.7300000e+03
   5.3514875e-02   2.7450000e+03
   6.5748177e-02   2.7600000e+03
   8.0022462e-02   2.7750000e+03
   9.6307620e-02   2.7900000e+03
   1.1438803e-01   2.8050000e+03
   1.3382573e-01   2.8200000e+03
   1.5394771e-01   2.8350000e+03
   1.7386685e-01   2.8500000e+03
   1.9254465e-01   2.8650000e+03
   2.0889676e-01   2.8800000e+03
   2.2192745e-01   2.8950000e+03
   2.3086201e-01   2.9100000e+03
   2.3523800e-01   2.9250000e+03
   2.3492637e-01   2.9400000e+03
   2.3007686e-01   2.9550000e+03
   2.2101034e-01   2.9700000e+03
   2.0809931e-01   2.9850000e+03
   1.9168195e-01   3.0000000e+03
   1.7204103e-01   3.0150000e+03
   1.4945304e-01   3.0300000e+03
   1.2428506e-01   3.0450000e+03
   9.7098403e-02   3.0600000e+03
   6.8717234e-02   3.0750000e+03
   4.0233366e-02   3.0900000e+03
   1.2938941e-02   3.1050000e+03
  -1.1804103e-02   3.1200000e+03
  -3.2735415e-02   3.1350000e+03
  -4.8877381e-02   3.1500000e+03
  -5.9689894e-02   3.1650000e+03
  -6.5165453e-02   3.1800000e+03
  -6.5843076e-02   3.1950000e+03
  -6.2735789e-02   3.2100000e+03
  -5.7180665e-02   3.2250000e+03
  -5.0629787e-02   3.2400000e+03
  -4.4410326e-02   3.2550000e+03
  -3.9495960e-02   3.2700000e+03
  -3.6343999e-02   3.2850000e+03
  -3.4849465e-02   3.3000000e+03
  -3.4438837e-02   3.3150000e+03
  -3.4279902e-02   3.3300000e+03
  -3.3541478e-02   3.3450000e+03
  -3.1621084e-02   3.3600000e+03
  -2.8277909e-02   3.3750000e+03
  -2.3650529e-02   3.3900000e+03
  -1.8179230e-02   3.4050000e+03
  -1.2472521e-02   3.4200000e+03
  -7.1549499e-03   3.4350000e+03
  -2.7226114e-03   3.4500000e+03
   5.7225395e-04   3.4650000e+03
   2.7844496e-03   3.4800000e+03
   4.2652814e-03   3.4950000e+03
   5.5705383e-03   3.5100000e+03
   7.3040836e-03   3.5250000e+03
   9.9394945e-03   3.5400000e+03
   1.3674739e-02   3.5550000e+03
   1.8365599e-02   3.5700000e+03
   2.3554683e-02   3.5850000e+03
   2.8577998e-02   3.6000000e+03
   3.2708678e-02   3.6150000e+03
   3.5295259e-02   3.6300000e+03
   3.5863336e-02   3.6450000e+03
   3.4163550e-02   3.6600000e+03
   3.0162986e-02   3.6750000e+03
   2.3992982e-02   3.6900000e+03
   1.5880017e-02   3.7050000e+03
   6.0872030e-03   3.7200000e+03
  -5.1198797e-03   3.7350000e+03
  -1.7483529e-02   3.7500000e+03
  -3.0740429e-02   3.7650000e+03
  -4.4575609e-02   3.7800000e+03
  -5.8541320e-02   3.7950000e+03
  -7.1970373e-02   3.8100000e+03
  -8.3946817e-02   3.8250000e+03
  -9.3390748e-02   3.8400000e+03
  -9.9255107e-02   3.8550000e+03
  -1.0076030e-01   3.8700000e+03
  -9.7567663e-02   3.8850000e+03
  -8.9841656e-02   3.9000000e+03
  -7.8227401e-02   3.9150000e+03
  -6.3803174e-02   3.9300000e+03
  -4.8022289e-02   3.9450000e+03
  -3.2589640e-02   3.9600000e+03
  -1.9209018e-02   3.9750000e+03
  -9.2210211e-03   3.9900000e+03
  -3.2608085e-03   4.0050000e+03
  -1.0985209e-03   4.0200000e+03
  -1.7438760e-03   4.0350000e+03
  -3.7645642e-03   4.0500000e+03
  -5.6861108e-03   4.0650000e+03
  -6.3478416e-03   4.0800000e+03
  -5.1403595e-03   4.0950000e+03
  -2.0847542e-03   4.1100000e+03
   2.2699009e-03   4.1250000e+03
   7.1124504e-03   4.1400000e+03
   1.1702151e-02   4.1550000e+03
   1.5614228e-02   4.1700000e+03
   1.8781986e-02   4.1850000e+03
   2.1344760e-02   4.2000000e+03
   2.3431299e-02   4.2150000e+03
   2.5027545e-02   4.2300000e+03
   2.5991101e-02   4.2450000e+03
   2.6164467e-02   4.2600000e+03
   2.5490381e-02   4.2750000e+03
   2.4059823e-02   4.2900000e+03
   2.2080425e-02   4.3050000e+03
   1.9793974e-02   4.3200000e+03
   1.7386256e-02   4.3350000e+03
   1.4930676e-02   4.3500000e+03
   1.2391668e-02   4.3650000e+03
   9.6819978e-03   4.3800000e+03
   6.7339218e-03   4.3950000e+03
   3.5365832e-03   4.4100000e+03
   1.2364480e-04   4.4250000e+03
  -3.4608182e-03   4.4400000e+03
  -7.1758293e-03   4.4550000e+03
  -1.0961640e-02   4.4700000e+03
  -1.4705610e-02   4.4850000e+03
  -1.8229449e-02   4.5000000e+03
