   3.5696200e-03   0.0000000e+00
   3.5685732e-03   1.5000000e+01
   3.5653582e-03   3.0000000e+01
   3.5599647e-03   4.5000000e+01
   3.5525598e-03   6.0000000e+01
   3.5432864e-03   7.5000000e+01
   3.5322020e-03   9.0000000e+01
   3.5193991e-03   1.0500000e+02
   3.5048879e-03   1.2000000e+02
   3.4884554e-03   1.3500000e+02
   3.4699193e-03   1.5000000e+02
   3.4493790e-03   1.6500000e+02
   3.4270256e-03   1.8000000e+02
   3.4029244e-03   1.9500000e+02
   3.3770443e-03   2.1000000e+02
   3.3492518e-03   2.2500000e+02
   3.3193077e-03   2.4000000e+02
   3.2869491e-03   2.5500000e+02
   3.2519251e-03   2.7000000e+02
   3.2141162e-03   2.8500000e+02
   3.1737534e-03   3.0000000e+02
   3.1313444e-03   3.1500000e+02
   3.0871884e-03   3.3000000e+02
   3.0411105e-03   3.4500000e+02
   2.9928011e-03   3.6000000e+02
   2.9421882e-03   3.7500000e+02
   2.8893247e-03   3.9000000e+02
   2.8340816e-03   4.0500000e+02
   2.7759795e-03   4.2000000e+02
   2.7141112e-03   4.3500000e+02
   2.6469149e-03   4.5000000e+02
   2.5706650e-03   4.6500000e+02
   2.4759527e-03   4.8000000e+02
   2.3441359e-03   4.9500000e+02
   2.1477221e-03   5.1000000e+02
   1.8591586e-03   5.2500000e+02
   1.4712071e-03   5.4000000e+02
   1.0234904e-03   5.5500000e+02
   6.1361614e-04   5.7000000e+02
   3.6472373e-04   5.8500000e+02
   3.4663681e-04   6.0000000e+02
   5.0079380e-04   6.1500000e+02
   6.4966117e-04   6.3000000e+02
   6.1938452e-04   6.4500000e+02
   3.8615477e-04   6.6000000e+02
   9.4860341e-05   6.7500000e+02
  -9.5187803e-05   6.9000000e+02
  -1.8385117e-04   7.0500000e+02
  -3.1827163e-04   7.2000000e+02
  -5.9786456e-04   7.3500000e+02
  -9.3469239e-04   7.5000000e+02
  -1.1491287e-03   7.6500000e+02
  -1.1724507e-03   7.8000000e+02
  -1.0874489e-03   7.9500000e+02
  -9.7777299e-04   8.1000000e+02
  -8.3046977e-04   8.2500000e+02
  -6.2664750e-04   8.4000000e+02
  -4.3619340e-04   8.5500000e+02
  -3.2751673e-04   8.7000000e+02
  -2.3226766e-04   8.8500000e+02
  -1.0733538e-05   9.0000000e+02
   3.6154079e-04   9.1500000e+02
   7.8116509e-04   9.3000000e+02
   1.1947120e-03   9.4500000e+02
   1.6780518e-03   9.6000000e+02
   2.3191138e-03   9.7500000e+02
   3.1366833e-03   9.9000000e+02
   4.1566514e-03   1.0050000e+03
   5.4664989e-03   1.0200000e+03
   7.1469909e-03   1.0350000e+03
   9.2386333e-03   1.0500000e+03
   1.1819100e-02   1.0650000e+03
   1.5037034e-02   1.0800000e+03
   1.9035464e-02   1.0950000e+03
   2.3908075e-02   1.1100000e+03
   2.9749440e-02   1.1250000e+03
   3.6679041e-02   1.1400000e+03
   4.4793680e-02   1.1550000e+03
   5.4161400e-02   1.1700000e+03
   6.4909674e-02   1.1850000e+03
   7.7304654e-02   1.2000000e+03
   9.1721617e-02   1.2150000e+03
   1.0853274e-01   1.2300000e+03
   1.2799975e-01   1.2450000e+03
   1.5021281e-01   1.2600000e+03
   1.7505960e-01   1.2750000e+03
   2.0219882e-01   1.2900000e+03
   2.3101138e-01   1.3050000e+03
   2.6049921e-01   1.3200000e+03
   2.8917283e-01   1.3350000e+03
   3.1508777e-01   1.3500000e+03
   3.3617404e-01   1.3650000e+03
   3.5078278e-01   1.3800000e+03
   3.5817167e-01   1.3950000e+03
   3.5867083e-01   1.4100000e+03
   3.5345295e-01   1.4250000e+03
   3.4401727e-01   1.4400000e+03
   3.3160985e-01   1.4550000e+03
   3.1681901e-01   1.4700000e+03
   2.9949790e-01   1.4850000e+03
   2.7903783e-01   1.5000000e+03
   2.5490120e-01   1.5150000e+03
   2.2719970e-01   1.5300000e+03
   1.9701260e-01   1.5450000e+03
   1.6620149e-01   1.5600000e+03
   1.3673420e-01   1.5750000e+03
   1.0983168e-01   1.5900000e+03
   8.5416235e-02   1.6050000e+03
   6.2255818e-02   1.6200000e+03
   3.8833536e-02   1.6350000e+03
   1.4448152e-02   1.6500000e+03
  -1.0256983e-02   1.6650000e+03
  -3.3825897e-02   1.6800000e+03
  -5.5191729e-02   1.6950000e+03
  -7.4449219e-02   1.7100000e+03
  -9.2400610e-02   1.7250000e+03
  -1.0930805e-01   1.7400000e+03
  -1.2421490e-01   1.7550000e+03
  -1.3567792e-01   1.7700000e+03
  -1.4320029e-01   1.7850000e+03
  -1.4781681e-01   1.8000000e+03
  -1.5119450e-01   1.8150000e+03
  -1.5423965e-01   1.8300000e+03
  -1.5663646e-01   1.8450000e+03
  -1.5757108e-01   1.8600000e+03
  -1.5664625e-01   1.8750000e+03
  -1.5408096e-01   1.8900000e+03
  -1.5029852e-01   1.9050000e+03
  -1.4554669e-01   1.9200000e+03
  -1.3985123e-01   1.9350000e+03
  -1.3316222e-01   1.9500000e+03
  -1.2554385e-01   1.9650000e+03
  -1.1734929e-01   1.9800000e+03
  -1.0920801e-01   1.9950000e+03
  -1.0166966e-01   2.0100000e+03
  -9.4740607e-02   2.0250000e+03
  -8.7832890e-02   2.0400000e+03
  -8.0280349e-02   2.0550000e+03
  -7.1919449e-02   2.0700000e+03
  -6.3152999e-02   2.0850000e+03
  -5.4542582e-02   2.1000000e+03
  -4.6460129e-02   2.1150000e+03
  -3.9068319e-02   2.1300000e+03
  -3.2400843e-02   2.1450000e+03
  -2.6334742e-02   2.1600000e+03
  -2.0604722e-02   2.1750000e+03
  -1.5004588e-02   2.1900000e+03
  -9.5789358e-03   2.2050000e+03
  -4.5687589e-03   2.2200000e+03
  -2.1837318e-04   2.2350000e+03
   3.3089290e-03   2.2500000e+03
   5.9095477e-03   2.2650000e+03
   7.5669168e-03   2.2800000e+03
   8.3961673e-03   2.2950000e+03
   8.5588424e-03   2.3100000e+03
   8.1074946e-03   2.3250000e+03
   6.9762212e-03   2.3400000e+03
   5.1350407e-03   2.3550000e+03
   2.6958045e-03   2.3700000e+03
  -1.4175016e-04   2.3850000e+03
  -3.1940385e-03   2.4000000e+03
  -6.3412385e-03   2.4150000e+03
  -9.5363054e-03   2.4300000e+03
  -1.2794824e-02   2.4450000e+03
  -1.6140167e-02   2.4600000e+03
  -1.9533856e-02   2.4750000e+03
  -2.2869376e-02   2.4900000e+03
  -2.6031800e-02   2.5050000e+03
  -2.8945640e-02   2.5200000e+03
  -3.1572640e-02   2.5350000e+03
  -3.3894744e-02   2.5500000e+03
  -3.5914049e-02   2.5650000e+03
  -3.7661504e-02   2.5800000e+03
  -3.9200742e-02   2.5950000e+03
  -4.0616844e-02   2.6100000e+03
  -4.1971281e-02   2.6250000e+03
  -4.3232862e-02   2.6400000e+03
  -4.4250980e-02   2.6550000e+03
  -4.4819180e-02   2.6700000e+03
  -4.4780485e-02   2.6850000e+03
  -4.4084743e-02   2.7000000e+03
  -4.2774219e-02   2.7150000e+03
  -4.0940348e-02   2.7300000e+03
  -3.8691036e-02   2.7450000e+03
  -3.6135536e-02   2.7600000e+03
  -3.3375226e-02   2.7750000e+03
  -3.0485874e-02   2.7900000e+03
  -2.7496276e-02   2.8050000e+03
  -2.4393005e-02   2.8200000e+03
  -2.1167841e-02   2.8350000e+03
  -1.7874254e-02   2.8500000e+03
  -1.4636044e-02   2.8650000e+03
  -1.1594187e-02   2.8800000e+03
  -8.8424357e-03   2.8950000e+03
  -6.4124297e-03   2.9100000e+03
  -4.3122065e-03   2.9250000e+03
  -2.5669241e-03   2.9400000e+03
  -1.2188961e-03   2.9550000e+03
  -2.9532079e-04   2.9700000e+03
   2.1700308e-04   2.9850000e+03
   3.6600555e-04   3.0000000e+03
   2.0894854e-04   3.0150000e+03
  -2.0477346e-04   3.0300000e+03
  -8.2903419e-04   3.0450000e+03
  -1.6061427e-03   3.0600000e+03
  -2.4613689e-03   3.0750000e+03
  -3.3125917e-03   3.0900000e+03
  -4.0850034e-03   3.1050000e+03
  -4.7203284e-03   3.1200000e+03
  -5.1802117e-03   3.1350000e+03
  -5.4476755e-03   3.1500000e+03
  -5.5251312e-03   3.1650000e+03
  -5.4254234e-03   3.1800000e+03
  -5.1607522e-03   3.1950000e+03
  -4.7404170e-03   3.2100000e+03
  -4.1797874e-03   3.2250000e+03
  -3.5091313e-03   3.2400000e+03
  -2.7707194e-03   3.2550000e+03
  -2.0065277e-03   3.2700000e+03
  -1.2483302e-03   3.2850000e+03
  -5.1645242e-04   3.3000000e+03
   1.7657771e-04   3.3150000e+03
   8.2235818e-04   3.3300000e+03
   1.4122196e-03   3.3450000e+03
   1.9306527e-03   3.3600000e+03
   2.3510011e-03   3.3750000e+03
   2.6400248e-03   3.3900000e+03
   2.7700514e-03   3.4050000e+03
   2.7281786e-03   3.4200000e+03
   2.5142129e-03   3.4350000e+03
   2.1319406e-03   3.4500000e+03
   1.5855089e-03   3.4650000e+03
   8.8453724e-04   3.4800000e+03
   4.9662776e-05   3.4950000e+03
  -8.8879059e-04   3.5100000e+03
  -1.8951958e-03   3.5250000e+03
  -2.9283506e-03   3.5400000e+03
  -3.9375434e-03   3.5550000e+03
  -4.8633390e-03   3.5700000e+03
  -5.6467666e-03   3.5850000e+03
  -6.2408368e-03   3.6000000e+03
  -6.6164318e-03   3.6150000e+03
  -6.7611677e-03   3.6300000e+03
  -6.6752136e-03   3.6450000e+03
  -6.3674133e-03   3.6600000e+03
  -5.8525046e-03   3.6750000e+03
  -5.1502646e-03   3.6900000e+03
  -4.2878124e-03   3.7050000e+03
  -3.3037425e-03   3.7200000e+03
  -2.2494399e-03   3.7350000e+03
  -1.1841415e-03   3.7500000e+03
  -1.6568774e-04   3.7650000e+03
   7.5760396e-04   3.7800000e+03
   1.5504082e-03   3.7950000e+03
   2.1897003e-03   3.8100000e+03
   2.6620114e-03   3.8250000e+03
   2.9605429e-03   3.8400000e+03
   3.0839979e-03   3.8550000e+03
   3.0384804e-03   3.8700000e+03
   2.8409590e-03   3.8850000e+03
   2.5202674e-03   3.9000000e+03
   2.1131733e-03   3.9150000e+03
   1.6575120e-03   3.9300000e+03
   1.1865533e-03   3.9450000e+03
   7.2641479e-04   3.9600000e+03
   2.9549780e-04   3.9750000e+03
  -9.4903909e-05   3.9900000e+03
  -4.3833852e-04   4.0050000e+03
  -7.2972488e-04   4.0200000e+03
  -9.6292223e-04   4.0350000e+03
  -1.1306343e-03   4.0500000e+03
  -1.2250532e-03   4.0650000e+03
  -1.2377159e-03   4.0800000e+03
  -1.1603588e-03   4.0950000e+03
  -9.8920858e-04   4.1100000e+03
  -7.3070364e-04   4.1250000e+03
  -4.0299768e-04   4.1400000e+03
  -3.1003401e-05   4.1550000e+03
   3.6044716e-04   4.1700000e+03
   7.4885337e-04   4.1850000e+03
   1.1106563e-03   4.2000000e+03
   1.4165753e-03   4.2150000e+03
   1.6297819e-03   4.2300000e+03
   1.7075244e-03   4.2450000e+03
   1.6055667e-03   4.2600000e+03
   1.2858956e-03   4.2750000e+03
   7.2714832e-04   4.2900000e+03
  -6.6748456e-05   4.3050000e+03
  -1.0658385e-03   4.3200000e+03
  -2.2228644e-03   4.3350000e+03
  -3.4861886e-03   4.3500000e+03
  -4.8090653e-03   4.3650000e+03
  -6.1511551e-03   4.3800000e+03
  -7.4741002e-03   4.3950000e+03
  -8.7364893e-03   4.4100000e+03
  -9.8930988e-03   4.4250000e+03
  -1.0899757e-02   4.4400000e+03
  -1.1720777e-02   4.4550000e+03
  -1.2334020e-02   4.4700000e+03
  -1.2731178e-02   4.4850000e+03
  -1.2914993e-02   4.5000000e+03
