   4.6678362e-03   0.0000000e+00
   4.6680528e-03   1.5000000e+01
   4.6683461e-03   3.0000000e+01
   4.6676914e-03   4.5000000e+01
   4.6652853e-03   6.0000000e+01
   4.6604364e-03   7.5000000e+01
   4.6526687e-03   9.0000000e+01
   4.6424582e-03   1.0500000e+02
   4.6305978e-03   1.2000000e+02
   4.6169241e-03   1.3500000e+02
   4.6008131e-03   1.5000000e+02
   4.5819636e-03   1.6500000e+02
   4.5599779e-03   1.8000000e+02
   4.5342883e-03   1.9500000e+02
   4.5050946e-03   2.1000000e+02
   4.4739582e-03   2.2500000e+02
   4.4431058e-03   2.4000000e+02
   4.4139861e-03   2.5500000e+02
   4.3863780e-03   2.7000000e+02
   4.3584085e-03   2.8500000e+02
   4.3271361e-03   3.0000000e+02
   4.2899624e-03   3.1500000e+02
   4.2462652e-03   3.3000000e+02
   4.1975887e-03   3.4500000e+02
   4.1462835e-03   3.6000000e+02
   4.0936847e-03   3.7500000e+02
   4.0390943e-03   3.9000000e+02
   3.9813262e-03   4.0500000e+02
   3.9211190e-03   4.2000000e+02
   3.8597335e-03   4.3500000e+02
   3.7946298e-03   4.5000000e+02
   3.7175776e-03   4.6500000e+02
   3.6141870e-03   4.8000000e+02
   3.4602801e-03   4.9500000e+02
   3.2193810e-03   5.1000000e+02
   2.8534560e-03   5.2500000e+02
   2.3523234e-03   5.4000000e+02
   1.7695348e-03   5.5500000e+02
   1.2344512e-03   5.7000000e+02
   9.0728083e-04   5.8500000e+02
   8.7704620e-04   6.0000000e+02
   1.0674070e-03   6.1500000e+02
   1.2519748e-03   6.3000000e+02
   1.2141457e-03   6.4500000e+02
   9.3491346e-04   6.6000000e+02
   6.1445800e-04   6.7500000e+02
   4.7359717e-04   6.9000000e+02
   5.3268007e-04   7.0500000e+02
   6.1953760e-04   7.2000000e+02
   5.9441879e-04   7.3500000e+02
   5.0284481e-04   7.5000000e+02
   4.6142167e-04   7.6500000e+02
   4.5323721e-04   7.8000000e+02
   3.3968562e-04   7.9500000e+02
   7.0702888e-05   8.1000000e+02
  -2.3412722e-04   8.2500000e+02
  -4.6425703e-04   8.4000000e+02
  -6.7068700e-04   8.5500000e+02
  -9.4743707e-04   8.7000000e+02
  -1.2539396e-03   8.8500000e+02
  -1.4972703e-03   9.0000000e+02
  -1.7375345e-03   9.1500000e+02
  -2.1390587e-03   9.3000000e+02
  -2.7189276e-03   9.4500000e+02
  -3.3127149e-03   9.6000000e+02
  -3.8181462e-03   9.7500000e+02
  -4.3155411e-03   9.9000000e+02
  -4.9077361e-03   1.0050000e+03
  -5.5881618e-03   1.0200000e+03
  -6.3047181e-03   1.0350000e+03
  -7.0099151e-03   1.0500000e+03
  -7.6068207e-03   1.0650000e+03
  -7.9630911e-03   1.0800000e+03
  -7.9816459e-03   1.0950000e+03
  -7.5077820e-03   1.1100000e+03
  -6.0998811e-03   1.1250000e+03
  -2.8919124e-03   1.1400000e+03
   3.5047124e-03   1.1550000e+03
   1.5363800e-02   1.1700000e+03
   3.6557864e-02   1.1850000e+03
   7.3381662e-02   1.2000000e+03
   1.3514468e-01   1.2150000e+03
   2.3405540e-01   1.2300000e+03
   3.8345659e-01   1.2450000e+03
   5.9297550e-01   1.2600000e+03
   8.5948890e-01   1.2750000e+03
   1.1548688e+00   1.2900000e+03
   1.4153726e+00   1.3050000e+03
   1.5417979e+00   1.3200000e+03
   1.4207871e+00   1.3350000e+03
   9.7146195e-01   1.3500000e+03
   2.0568191e-01   1.3650000e+03
  -7.2986311e-01   1.3800000e+03
  -1.5703784e+00   1.3950000e+03
  -2.0292990e+00   1.4100000e+03
  -1.9444267e+00   1.4250000e+03
  -1.3903310e+00   1.4400000e+03
  -6.6513485e-01   1.4550000e+03
  -1.2784272e-01   1.4700000e+03
   2.3228178e-02   1.4850000e+03
  -1.2962341e-01   1.5000000e+03
  -3.0947775e-01   1.5150000e+03
  -2.7801809e-01   1.5300000e+03
  -2.2918249e-02   1.5450000e+03
   2.6128033e-01   1.5600000e+03
   3.7039092e-01   1.5750000e+03
   2.6986933e-01   1.5900000e+03
   8.9278892e-02   1.6050000e+03
  -3.5509005e-02   1.6200000e+03
  -8.7189749e-02   1.6350000e+03
  -1.3472542e-01   1.6500000e+03
  -2.1199994e-01   1.6650000e+03
  -2.6620370e-01   1.6800000e+03
  -2.2704159e-01   1.6950000e+03
  -9.4986297e-02   1.7100000e+03
   5.8592401e-02   1.7250000e+03
   1.6204117e-01   1.7400000e+03
   1.9279037e-01   1.7550000e+03
   1.6977482e-01   1.7700000e+03
   1.2983246e-01   1.7850000e+03
   1.1595197e-01   1.8000000e+03
   1.5581925e-01   1.8150000e+03
   2.2646068e-01   1.8300000e+03
   2.5323182e-01   1.8450000e+03
   1.6972864e-01   1.8600000e+03
  -1.8105835e-02   1.8750000e+03
  -2.3607911e-01   1.8900000e+03
  -4.0116864e-01   1.9050000e+03
  -4.6268234e-01   1.9200000e+03
  -3.9932588e-01   1.9350000e+03
  -2.1382482e-01   1.9500000e+03
   5.1983573e-02   1.9650000e+03
   3.1508872e-01   1.9800000e+03
   4.8589379e-01   1.9950000e+03
   5.0934893e-01   2.0100000e+03
   3.8021085e-01   2.0250000e+03
   1.4187248e-01   2.0400000e+03
  -1.1955079e-01   2.0550000e+03
  -3.0545390e-01   2.0700000e+03
  -3.6148944e-01   2.0850000e+03
  -3.0885747e-01   2.1000000e+03
  -2.0976028e-01   2.1150000e+03
  -1.0797369e-01   2.1300000e+03
  -1.4047776e-02   2.1450000e+03
   6.5438256e-02   2.1600000e+03
   1.1248683e-01   2.1750000e+03
   1.1636817e-01   2.1900000e+03
   8.8961415e-02   2.2050000e+03
   5.3177364e-02   2.2200000e+03
   2.6328942e-02   2.2350000e+03
   1.7859638e-02   2.2500000e+03
   3.0220896e-02   2.2650000e+03
   5.4444209e-02   2.2800000e+03
   7.3305137e-02   2.2950000e+03
   7.5818762e-02   2.3100000e+03
   6.4258635e-02   2.3250000e+03
   4.4996016e-02   2.3400000e+03
   2.0345924e-02   2.3550000e+03
  -6.5259216e-03   2.3700000e+03
  -2.6309656e-02   2.3850000e+03
  -2.9795323e-02   2.4000000e+03
  -1.6052442e-02   2.4150000e+03
   9.2171244e-03   2.4300000e+03
   3.9373823e-02   2.4450000e+03
   6.7268431e-02   2.4600000e+03
   8.4353514e-02   2.4750000e+03
   8.4890462e-02   2.4900000e+03
   7.0235886e-02   2.5050000e+03
   4.6231251e-02   2.5200000e+03
   1.7542208e-02   2.5350000e+03
  -1.3623492e-02   2.5500000e+03
  -4.4974562e-02   2.5650000e+03
  -7.2431773e-02   2.5800000e+03
  -9.0100527e-02   2.5950000e+03
  -9.1270112e-02   2.6100000e+03
  -7.1613811e-02   2.6250000e+03
  -3.3578072e-02   2.6400000e+03
   1.2501300e-02   2.6550000e+03
   5.2375503e-02   2.6700000e+03
   7.3892787e-02   2.6850000e+03
   7.1970917e-02   2.7000000e+03
   5.1269084e-02   2.7150000e+03
   2.4607206e-02   2.7300000e+03
   6.1571952e-03   2.7450000e+03
   3.3721225e-03   2.7600000e+03
   1.3899226e-02   2.7750000e+03
   2.9324183e-02   2.7900000e+03
   4.1932326e-02   2.8050000e+03
   4.9268339e-02   2.8200000e+03
   5.3602129e-02   2.8350000e+03
   5.7230461e-02   2.8500000e+03
   5.8020607e-02   2.8650000e+03
   4.9786195e-02   2.8800000e+03
   2.7735386e-02   2.8950000e+03
  -5.9264819e-03   2.9100000e+03
  -4.1770827e-02   2.9250000e+03
  -6.8858512e-02   2.9400000e+03
  -8.1143826e-02   2.9550000e+03
  -7.8799337e-02   2.9700000e+03
  -6.4292766e-02   2.9850000e+03
  -3.8601227e-02   3.0000000e+03
  -2.1739362e-03   3.0150000e+03
   4.0702265e-02   3.0300000e+03
   7.9773001e-02   3.0450000e+03
   1.0265125e-01   3.0600000e+03
   1.0228688e-01   3.0750000e+03
   8.1618555e-02   3.0900000e+03
   5.1097248e-02   3.1050000e+03
   2.1318633e-02   3.1200000e+03
  -2.7366148e-03   3.1350000e+03
  -2.1753855e-02   3.1500000e+03
  -3.8313467e-02   3.1650000e+03
  -5.3995721e-02   3.1800000e+03
  -6.9334887e-02   3.1950000e+03
  -8.4615052e-02   3.2100000e+03
  -9.9261522e-02   3.2250000e+03
  -1.1061937e-01   3.2400000e+03
  -1.1451522e-01   3.2550000e+03
  -1.0785215e-01   3.2700000e+03
  -9.0705179e-02   3.2850000e+03
  -6.5900065e-02   3.3000000e+03
  -3.7070546e-02   3.3150000e+03
  -7.5607370e-03   3.3300000e+03
   1.9263679e-02   3.3450000e+03
   3.9863538e-02   3.3600000e+03
   5.1682707e-02   3.3750000e+03
   5.4651644e-02   3.3900000e+03
   5.1221915e-02   3.4050000e+03
   4.4569656e-02   3.4200000e+03
   3.6540464e-02   3.4350000e+03
   2.7130818e-02   3.4500000e+03
   1.5711047e-02   3.4650000e+03
   2.5828134e-03   3.4800000e+03
  -1.0585631e-02   3.4950000e+03
  -2.1583324e-02   3.5100000e+03
  -2.8720459e-02   3.5250000e+03
  -3.1233283e-02   3.5400000e+03
  -2.9107612e-02   3.5550000e+03
  -2.2974180e-02   3.5700000e+03
  -1.4343186e-02   3.5850000e+03
  -5.7379887e-03   3.6000000e+03
  -1.6632302e-04   3.6150000e+03
   2.4383780e-05   3.6300000e+03
  -5.8266213e-03   3.6450000e+03
  -1.6547138e-02   3.6600000e+03
  -2.9877143e-02   3.6750000e+03
  -4.3323986e-02   3.6900000e+03
  -5.4448415e-02   3.7050000e+03
  -6.0827479e-02   3.7200000e+03
  -6.0440525e-02   3.7350000e+03
  -5.2528426e-02   3.7500000e+03
  -3.8104162e-02   3.7650000e+03
  -1.9629642e-02   3.7800000e+03
  -3.9036953e-04   3.7950000e+03
   1.5888199e-02   3.8100000e+03
   2.5566172e-02   3.8250000e+03
   2.6180517e-02   3.8400000e+03
   1.7376818e-02   3.8550000e+03
   6.8180630e-04   3.8700000e+03
  -2.1421827e-02   3.8850000e+03
  -4.5700572e-02   3.9000000e+03
  -6.7568116e-02   3.9150000e+03
  -8.1294142e-02   3.9300000e+03
  -8.1951611e-02   3.9450000e+03
  -6.7763388e-02   3.9600000e+03
  -4.0843625e-02   3.9750000e+03
  -6.0224803e-03   3.9900000e+03
   3.0921901e-02   4.0050000e+03
   6.4505212e-02   4.0200000e+03
   9.0231724e-02   4.0350000e+03
   1.0511515e-01   4.0500000e+03
   1.0805026e-01   4.0650000e+03
   9.9853747e-02   4.0800000e+03
   8.2952969e-02   4.0950000e+03
   6.0797188e-02   4.1100000e+03
   3.7014354e-02   4.1250000e+03
   1.4498448e-02   4.1400000e+03
  -5.0796699e-03   4.1550000e+03
  -2.1018598e-02   4.1700000e+03
  -3.2999095e-02   4.1850000e+03
  -4.0902670e-02   4.2000000e+03
  -4.5115344e-02   4.2150000e+03
  -4.6658985e-02   4.2300000e+03
  -4.6786342e-02   4.2450000e+03
  -4.6476562e-02   4.2600000e+03
  -4.6283085e-02   4.2750000e+03
  -4.6329517e-02   4.2900000e+03
  -4.6152584e-02   4.3050000e+03
  -4.4686377e-02   4.3200000e+03
  -4.0807653e-02   4.3350000e+03
  -3.4149501e-02   4.3500000e+03
  -2.5420714e-02   4.3650000e+03
  -1.5967727e-02   4.3800000e+03
  -7.0614023e-03   4.3950000e+03
   5.4440432e-04   4.4100000e+03
   6.6805915e-03   4.4250000e+03
   1.1612304e-02   4.4400000e+03
   1.5776299e-02   4.4550000e+03
   1.9488752e-02   4.4700000e+03
   2.2758305e-02   4.4850000e+03
   2.5273601e-02   4.5000000e+03
