  -1.3446704e-02   0.0000000e+00
  -1.3444875e-02   1.5000000e+01
  -1.3440361e-02   3.0000000e+01
  -1.3437554e-02   4.5000000e+01
  -1.3444127e-02   6.0000000e+01
  -1.3466640e-02   7.5000000e+01
  -1.3504503e-02   9.0000000e+01
  -1.3552058e-02   1.0500000e+02
  -1.3605926e-02   1.2000000e+02
  -1.3669737e-02   1.3500000e+02
  -1.3751538e-02   1.5000000e+02
  -1.3856208e-02   1.6500000e+02
  -1.3983926e-02   1.8000000e+02
  -1.4134528e-02   1.9500000e+02
  -1.4309027e-02   2.1000000e+02
  -1.4509048e-02   2.2500000e+02
  -1.4735246e-02   2.4000000e+02
  -1.4982893e-02   2.5500000e+02
  -1.5240833e-02   2.7000000e+02
  -1.5500775e-02   2.8500000e+02
  -1.5768845e-02   3.0000000e+02
  -1.6062217e-02   3.1500000e+02
  -1.6394060e-02   3.3000000e+02
  -1.6767919e-02   3.4500000e+02
  -1.7179728e-02   3.6000000e+02
  -1.7616181e-02   3.7500000e+02
  -1.8066859e-02   3.9000000e+02
  -1.8550750e-02   4.0500000e+02
  -1.9105526e-02   4.2000000e+02
  -1.9732283e-02   4.3500000e+02
  -2.0385191e-02   4.5000000e+02
  -2.1038502e-02   4.6500000e+02
  -2.1721113e-02   4.8000000e+02
  -2.2457415e-02   4.9500000e+02
  -2.3212204e-02   5.1000000e+02
  -2.3908714e-02   5.2500000e+02
  -2.4437658e-02   5.4000000e+02
  -2.4556523e-02   5.5500000e+02
  -2.3653118e-02   5.7000000e+02
  -2.0264098e-02   5.8500000e+02
  -1.0981068e-02   6.0000000e+02
   1.1667927e-02   6.1500000e+02
   6.2149335e-02   6.3000000e+02
   1.6370398e-01   6.4500000e+02
   3.4382722e-01   6.6000000e+02
   6.1599952e-01   6.7500000e+02
   9.4600618e-01   6.9000000e+02
   1.2211052e+00   7.0500000e+02
   1.2639881e+00   7.2000000e+02
   9.2673999e-01   7.3500000e+02
   2.3307650e-01   7.5000000e+02
  -5.5369723e-01   7.6500000e+02
  -1.0576756e+00   7.8000000e+02
  -1.0647519e+00   7.9500000e+02
  -6.9820201e-01   8.1000000e+02
  -2.9193756e-01   8.2500000e+02
  -8.0907084e-02   8.4000000e+02
  -5.3314194e-02   8.5500000e+02
  -9.2593737e-02   8.7000000e+02
  -1.4879915e-01   8.8500000e+02
  -2.0289733e-01   9.0000000e+02
  -1.7986120e-01   9.1500000e+02
  -4.2668119e-02   9.3000000e+02
   9.0625972e-02   9.4500000e+02
   8.1013642e-02   9.6000000e+02
  -2.0732976e-02   9.7500000e+02
  -5.7005312e-02   9.9000000e+02
  -1.3342177e-02   1.0050000e+03
  -5.2677421e-03   1.0200000e+03
  -5.1870264e-02   1.0350000e+03
  -5.8016956e-02   1.0500000e+03
  -5.9940028e-03   1.0650000e+03
   1.8297087e-02   1.0800000e+03
  -1.5195771e-02   1.0950000e+03
  -4.6845376e-02   1.1100000e+03
  -4.2989727e-02   1.1250000e+03
  -2.8198684e-02   1.1400000e+03
  -2.0220162e-02   1.1550000e+03
  -1.6229816e-02   1.1700000e+03
  -2.0620191e-02   1.1850000e+03
  -3.5005279e-02   1.2000000e+03
  -4.4664979e-02   1.2150000e+03
  -3.8268205e-02   1.2300000e+03
  -1.9161005e-02   1.2450000e+03
   5.1349513e-03   1.2600000e+03
   2.5529519e-02   1.2750000e+03
   3.1131946e-02   1.2900000e+03
   1.9506177e-02   1.3050000e+03
  -1.5062290e-03   1.3200000e+03
  -2.3787918e-02   1.3350000e+03
  -3.8944930e-02   1.3500000e+03
  -3.3791535e-02   1.3650000e+03
  -1.9607400e-03   1.3800000e+03
   4.3230187e-02   1.3950000e+03
   8.0367841e-02   1.4100000e+03
   1.0117120e-01   1.4250000e+03
   1.1073372e-01   1.4400000e+03
   1.1261056e-01   1.4550000e+03
   1.0564945e-01   1.4700000e+03
   9.2961244e-02   1.4850000e+03
   8.2728021e-02   1.5000000e+03
   7.8748822e-02   1.5150000e+03
   7.6752104e-02   1.5300000e+03
   7.0209697e-02   1.5450000e+03
   5.4634411e-02   1.5600000e+03
   2.7862646e-02   1.5750000e+03
  -6.9246483e-03   1.5900000e+03
  -3.8861569e-02   1.6050000e+03
  -5.6711204e-02   1.6200000e+03
  -5.9342835e-02   1.6350000e+03
  -5.4954834e-02   1.6500000e+03
  -5.0980102e-02   1.6650000e+03
  -4.8701923e-02   1.6800000e+03
  -4.6022013e-02   1.6950000e+03
  -4.0552795e-02   1.7100000e+03
  -3.0194426e-02   1.7250000e+03
  -1.4764896e-02   1.7400000e+03
   2.3392031e-03   1.7550000e+03
   1.6592009e-02   1.7700000e+03
   2.6246529e-02   1.7850000e+03
   3.2000672e-02   1.8000000e+03
   3.4048531e-02   1.8150000e+03
   3.1746708e-02   1.8300000e+03
   2.5361152e-02   1.8450000e+03
   1.6307613e-02   1.8600000e+03
   6.1184298e-03   1.8750000e+03
  -3.8222880e-03   1.8900000e+03
  -1.2330463e-02   1.9050000e+03
  -1.9413128e-02   1.9200000e+03
  -2.6825579e-02   1.9350000e+03
  -3.6685795e-02   1.9500000e+03
  -4.9721561e-02   1.9650000e+03
  -6.5242544e-02   1.9800000e+03
  -8.1633389e-02   1.9950000e+03
  -9.5621876e-02   2.0100000e+03
  -1.0241767e-01   2.0250000e+03
  -9.9094346e-02   2.0400000e+03
  -8.8187687e-02   2.0550000e+03
  -7.6798864e-02   2.0700000e+03
  -7.1774542e-02   2.0850000e+03
  -7.5206488e-02   2.1000000e+03
  -8.2956113e-02   2.1150000e+03
  -8.6795554e-02   2.1300000e+03
  -7.8969330e-02   2.1450000e+03
  -5.5834442e-02   2.1600000e+03
  -1.8235773e-02   2.1750000e+03
   2.9789200e-02   2.1900000e+03
   8.1344344e-02   2.2050000e+03
   1.2640768e-01   2.2200000e+03
   1.5334521e-01   2.2350000e+03
   1.5300487e-01   2.2500000e+03
   1.2340625e-01   2.2650000e+03
   7.2116457e-02   2.2800000e+03
   1.4665081e-02   2.2950000e+03
  -3.0729799e-02   2.3100000e+03
  -5.0255392e-02   2.3250000e+03
  -4.0536717e-02   2.3400000e+03
  -1.0715277e-02   2.3550000e+03
   2.1106966e-02   2.3700000e+03
   3.6370467e-02   2.3850000e+03
   2.5796609e-02   2.4000000e+03
  -5.0630062e-03   2.4150000e+03
  -3.8185265e-02   2.4300000e+03
  -5.2718971e-02   2.4450000e+03
  -3.7259631e-02   2.4600000e+03
   1.7769836e-03   2.4750000e+03
   4.1475378e-02   2.4900000e+03
   5.5137757e-02   2.5050000e+03
   3.0710729e-02   2.5200000e+03
  -1.7541002e-02   2.5350000e+03
  -5.5487435e-02   2.5500000e+03
  -5.2873492e-02   2.5650000e+03
  -8.0104703e-03   2.5800000e+03
   4.7206141e-02   2.5950000e+03
   6.8904445e-02   2.6100000e+03
   3.4456618e-02   2.6250000e+03
  -3.9055455e-02   2.6400000e+03
  -1.0689118e-01   2.6550000e+03
  -1.3001478e-01   2.6700000e+03
  -1.0264406e-01   2.6850000e+03
  -5.2198119e-02   2.7000000e+03
  -1.3856717e-02   2.7150000e+03
  -2.8783702e-03   2.7300000e+03
  -7.2429222e-03   2.7450000e+03
  -3.2601713e-03   2.7600000e+03
   2.2604086e-02   2.7750000e+03
   6.4094938e-02   2.7900000e+03
   1.0203540e-01   2.8050000e+03
   1.1837114e-01   2.8200000e+03
   1.0630139e-01   2.8350000e+03
   7.2076820e-02   2.8500000e+03
   2.9888522e-02   2.8650000e+03
  -6.4740782e-03   2.8800000e+03
  -3.0236267e-02   2.8950000e+03
  -4.1846704e-02   2.9100000e+03
  -4.3131795e-02   2.9250000e+03
  -3.2490909e-02   2.9400000e+03
  -7.8315521e-03   2.9550000e+03
   2.5526175e-02   2.9700000e+03
   5.2391097e-02   2.9850000e+03
   5.6262460e-02   3.0000000e+03
   3.1935178e-02   3.0150000e+03
  -1.0036441e-02   3.0300000e+03
  -5.1049855e-02   3.0450000e+03
  -7.6776311e-02   3.0600000e+03
  -8.3765902e-02   3.0750000e+03
  -7.6821670e-02   3.0900000e+03
  -6.1726373e-02   3.1050000e+03
  -4.0652987e-02   3.1200000e+03
  -1.4082067e-02   3.1350000e+03
   1.3814206e-02   3.1500000e+03
   3.3811767e-02   3.1650000e+03
   3.8049057e-02   3.1800000e+03
   2.8148199e-02   3.1950000e+03
   1.4797992e-02   3.2100000e+03
   7.6261945e-03   3.2250000e+03
   6.6951620e-03   3.2400000e+03
   5.8212643e-03   3.2550000e+03
   2.9824856e-03   3.2700000e+03
   3.8973966e-03   3.2850000e+03
   1.4214058e-02   3.3000000e+03
   3.0923383e-02   3.3150000e+03
   4.4044305e-02   3.3300000e+03
   4.5846578e-02   3.3450000e+03
   3.6400080e-02   3.3600000e+03
   2.0953670e-02   3.3750000e+03
   4.8282342e-03   3.3900000e+03
  -8.4062275e-03   3.4050000e+03
  -1.6414845e-02   3.4200000e+03
  -1.8392501e-02   3.4350000e+03
  -1.5768712e-02   3.4500000e+03
  -1.1317339e-02   3.4650000e+03
  -7.3606865e-03   3.4800000e+03
  -5.2284878e-03   3.4950000e+03
  -5.7392581e-03   3.5100000e+03
  -8.6883698e-03   3.5250000e+03
  -1.1491465e-02   3.5400000e+03
  -9.7423466e-03   3.5550000e+03
  -8.7251590e-04   3.5700000e+03
   1.2188890e-02   3.5850000e+03
   2.1814391e-02   3.6000000e+03
   2.1420440e-02   3.6150000e+03
   1.1248766e-02   3.6300000e+03
  -1.5302423e-03   3.6450000e+03
  -8.9008836e-03   3.6600000e+03
  -8.6691445e-03   3.6750000e+03
  -5.5502276e-03   3.6900000e+03
  -6.0475091e-03   3.7050000e+03
  -1.2172521e-02   3.7200000e+03
  -1.9456310e-02   3.7350000e+03
  -2.0493770e-02   3.7500000e+03
  -1.0940105e-02   3.7650000e+03
   6.5366086e-03   3.7800000e+03
   2.3203431e-02   3.7950000e+03
   2.9524891e-02   3.8100000e+03
   2.1070004e-02   3.8250000e+03
   1.0957994e-03   3.8400000e+03
  -2.1446377e-02   3.8550000e+03
  -3.6715247e-02   3.8700000e+03
  -3.8857426e-02   3.8850000e+03
  -2.8754080e-02   3.9000000e+03
  -1.3189708e-02   3.9150000e+03
  -5.0491747e-04   3.9300000e+03
   4.5991810e-03   3.9450000e+03
   3.1482766e-03   3.9600000e+03
  -5.7733495e-04   3.9750000e+03
  -3.2132177e-03   3.9900000e+03
  -4.1345009e-03   4.0050000e+03
  -4.1879155e-03   4.0200000e+03
  -4.0041460e-03   4.0350000e+03
  -3.8740907e-03   4.0500000e+03
  -4.1170469e-03   4.0650000e+03
  -4.4337772e-03   4.0800000e+03
  -3.4924438e-03   4.0950000e+03
  -8.5335213e-04   4.1100000e+03
   4.2562670e-04   4.1250000e+03
  -4.7512706e-03   4.1400000e+03
  -1.7245349e-02   4.1550000e+03
  -2.9431622e-02   4.1700000e+03
  -3.0023631e-02   4.1850000e+03
  -1.5018965e-02   4.2000000e+03
   6.7308526e-03   4.2150000e+03
   2.0114169e-02   4.2300000e+03
   1.6163304e-02   4.2450000e+03
  -1.7918728e-03   4.2600000e+03
  -2.2491552e-02   4.2750000e+03
  -3.5350397e-02   4.2900000e+03
  -3.5644248e-02   4.3050000e+03
  -2.4829060e-02   4.3200000e+03
  -8.6624697e-03   4.3350000e+03
   5.4468885e-03   4.3500000e+03
   1.2005791e-02   4.3650000e+03
   1.0579818e-02   4.3800000e+03
   5.7356372e-03   4.3950000e+03
   3.1045144e-03   4.4100000e+03
   4.6971771e-03   4.4250000e+03
   7.6431297e-03   4.4400000e+03
   7.4785310e-03   4.4550000e+03
   2.9389437e-03   4.4700000e+03
  -2.1832029e-03   4.4850000e+03
  -1.9271885e-03   4.5000000e+03
