  -6.8780174e-04   0.0000000e+00
  -6.8780407e-04   1.5000000e+01
  -6.8781566e-04   3.0000000e+01
  -6.8784959e-04   4.5000000e+01
  -6.8790960e-04   6.0000000e+01
  -6.8797445e-04   7.5000000e+01
  -6.8802154e-04   9.0000000e+01
  -6.8805594e-04   1.0500000e+02
  -6.8810547e-04   1.2000000e+02
  -6.8820664e-04   1.3500000e+02
  -6.8833894e-04   1.5000000e+02
  -6.8836153e-04   1.6500000e+02
  -6.8781793e-04   1.8000000e+02
  -6.8512117e-04   1.9500000e+02
  -6.7558850e-04   2.1000000e+02
  -6.4935337e-04   2.2500000e+02
  -5.9354323e-04   2.4000000e+02
  -5.0378102e-04   2.5500000e+02
  -4.0041812e-04   2.7000000e+02
  -3.2895923e-04   2.8500000e+02
  -3.2735890e-04   3.0000000e+02
  -3.8228999e-04   3.1500000e+02
  -4.3090730e-04   3.3000000e+02
  -4.2530720e-04   3.4500000e+02
  -3.8756069e-04   3.6000000e+02
  -3.7616628e-04   3.7500000e+02
  -4.0415436e-04   3.9000000e+02
  -4.2710727e-04   4.0500000e+02
  -4.1612683e-04   4.2000000e+02
  -3.9824453e-04   4.3500000e+02
  -4.0496234e-04   4.5000000e+02
  -4.2228558e-04   4.6500000e+02
  -4.2276870e-04   4.8000000e+02
  -4.1344803e-04   4.9500000e+02
  -4.1667462e-04   5.1000000e+02
  -4.2882503e-04   5.2500000e+02
  -4.3197133e-04   5.4000000e+02
  -4.2762858e-04   5.5500000e+02
  -4.2960083e-04   5.7000000e+02
  -4.3722120e-04   5.8500000e+02
  -4.3985774e-04   6.0000000e+02
  -4.3808823e-04   6.1500000e+02
  -4.4043982e-04   6.3000000e+02
  -4.4629115e-04   6.4500000e+02
  -4.4877469e-04   6.6000000e+02
  -4.4818409e-04   6.7500000e+02
  -4.4840344e-04   6.9000000e+02
  -4.4629670e-04   7.0500000e+02
  -4.3535145e-04   7.2000000e+02
  -4.1369384e-04   7.3500000e+02
  -3.8194031e-04   7.5000000e+02
  -3.4087780e-04   7.6500000e+02
  -2.9784578e-04   7.8000000e+02
  -2.6968884e-04   7.9500000e+02
  -2.7279975e-04   8.1000000e+02
  -3.0964738e-04   8.2500000e+02
  -3.6381208e-04   8.4000000e+02
  -4.0658534e-04   8.5500000e+02
  -4.1448121e-04   8.7000000e+02
  -3.8952456e-04   8.8500000e+02
  -3.6158564e-04   9.0000000e+02
  -3.6175051e-04   9.1500000e+02
  -3.9028982e-04   9.3000000e+02
  -4.1684826e-04   9.4500000e+02
  -4.1596769e-04   9.6000000e+02
  -3.9652770e-04   9.7500000e+02
  -3.8852351e-04   9.9000000e+02
  -4.0395500e-04   1.0050000e+03
  -4.2306518e-04   1.0200000e+03
  -4.2375387e-04   1.0350000e+03
  -4.1203358e-04   1.0500000e+03
  -4.1010644e-04   1.0650000e+03
  -4.2187766e-04   1.0800000e+03
  -4.2948039e-04   1.0950000e+03
  -4.2408309e-04   1.1100000e+03
  -4.1953946e-04   1.1250000e+03
  -4.2785276e-04   1.1400000e+03
  -4.3948184e-04   1.1550000e+03
  -4.4092984e-04   1.1700000e+03
  -4.3726395e-04   1.1850000e+03
  -4.4156113e-04   1.2000000e+03
  -4.5282222e-04   1.2150000e+03
  -4.6087935e-04   1.2300000e+03
  -4.6553122e-04   1.2450000e+03
  -4.7432687e-04   1.2600000e+03
  -4.8631427e-04   1.2750000e+03
  -4.9323699e-04   1.2900000e+03
  -4.9401214e-04   1.3050000e+03
  -4.9515103e-04   1.3200000e+03
  -4.9900392e-04   1.3350000e+03
  -5.0266460e-04   1.3500000e+03
  -5.0628197e-04   1.3650000e+03
  -5.1266619e-04   1.3800000e+03
  -5.2067370e-04   1.3950000e+03
  -5.2712130e-04   1.4100000e+03
  -5.3306983e-04   1.4250000e+03
  -5.4138375e-04   1.4400000e+03
  -5.5055670e-04   1.4550000e+03
  -5.5690715e-04   1.4700000e+03
  -5.6040910e-04   1.4850000e+03
  -5.6355074e-04   1.5000000e+03
  -5.6717283e-04   1.5150000e+03
  -5.7127443e-04   1.5300000e+03
  -5.7693134e-04   1.5450000e+03
  -5.8434909e-04   1.5600000e+03
  -5.9164461e-04   1.5750000e+03
  -5.9764070e-04   1.5900000e+03
  -6.0337200e-04   1.6050000e+03
  -6.1000936e-04   1.6200000e+03
  -6.1767799e-04   1.6350000e+03
  -6.2640419e-04   1.6500000e+03
  -6.3618599e-04   1.6650000e+03
  -6.4636831e-04   1.6800000e+03
  -6.5651769e-04   1.6950000e+03
  -6.6733675e-04   1.7100000e+03
  -6.7949313e-04   1.7250000e+03
  -6.9212518e-04   1.7400000e+03
  -7.0332171e-04   1.7550000e+03
  -7.1174890e-04   1.7700000e+03
  -7.1760349e-04   1.7850000e+03
  -7.2244630e-04   1.8000000e+03
  -7.2802178e-04   1.8150000e+03
  -7.3477696e-04   1.8300000e+03
  -7.4195268e-04   1.8450000e+03
  -7.4943237e-04   1.8600000e+03
  -7.5839873e-04   1.8750000e+03
  -7.6953764e-04   1.8900000e+03
  -7.8172085e-04   1.9050000e+03
  -7.9322036e-04   1.9200000e+03
  -8.0342143e-04   1.9350000e+03
  -8.1275776e-04   1.9500000e+03
  -8.2171202e-04   1.9650000e+03
  -8.3069754e-04   1.9800000e+03
  -8.4050978e-04   1.9950000e+03
  -8.5191499e-04   2.0100000e+03
  -8.6451072e-04   2.0250000e+03
  -8.7665592e-04   2.0400000e+03
  -8.8721700e-04   2.0550000e+03
  -8.9710474e-04   2.0700000e+03
  -9.0840930e-04   2.0850000e+03
  -9.2204765e-04   2.1000000e+03
  -9.3680061e-04   2.1150000e+03
  -9.5088955e-04   2.1300000e+03
  -9.6408318e-04   2.1450000e+03
  -9.7788929e-04   2.1600000e+03
  -9.9374761e-04   2.1750000e+03
  -1.0113806e-03   2.1900000e+03
  -1.0290763e-03   2.2050000e+03
  -1.0454407e-03   2.2200000e+03
  -1.0605721e-03   2.2350000e+03
  -1.0754773e-03   2.2500000e+03
  -1.0907602e-03   2.2650000e+03
  -1.1062509e-03   2.2800000e+03
  -1.1216780e-03   2.2950000e+03
  -1.1371694e-03   2.3100000e+03
  -1.1529407e-03   2.3250000e+03
  -1.1688583e-03   2.3400000e+03
  -1.1846345e-03   2.3550000e+03
  -1.2003365e-03   2.3700000e+03
  -1.2165050e-03   2.3850000e+03
  -1.2336499e-03   2.4000000e+03
  -1.2516092e-03   2.4150000e+03
  -1.2694977e-03   2.4300000e+03
  -1.2864722e-03   2.4450000e+03
  -1.3025682e-03   2.4600000e+03
  -1.3186390e-03   2.4750000e+03
  -1.3354763e-03   2.4900000e+03
  -1.3531389e-03   2.5050000e+03
  -1.3712599e-03   2.5200000e+03
  -1.3897327e-03   2.5350000e+03
  -1.4089039e-03   2.5500000e+03
  -1.4292588e-03   2.5650000e+03
  -1.4510978e-03   2.5800000e+03
  -1.4743942e-03   2.5950000e+03
  -1.4987873e-03   2.6100000e+03
  -1.5237578e-03   2.6250000e+03
  -1.5490050e-03   2.6400000e+03
  -1.5746998e-03   2.6550000e+03
  -1.6012464e-03   2.6700000e+03
  -1.6288485e-03   2.6850000e+03
  -1.6573294e-03   2.7000000e+03
  -1.6862898e-03   2.7150000e+03
  -1.7153695e-03   2.7300000e+03
  -1.7443615e-03   2.7450000e+03
  -1.7731620e-03   2.7600000e+03
  -1.8017144e-03   2.7750000e+03
  -1.8300393e-03   2.7900000e+03
  -1.8584270e-03   2.8050000e+03
  -1.8876335e-03   2.8200000e+03
  -1.9188486e-03   2.8350000e+03
  -1.9533481e-03   2.8500000e+03
  -1.9920263e-03   2.8650000e+03
  -2.0351154e-03   2.8800000e+03
  -2.0822769e-03   2.8950000e+03
  -2.1328938e-03   2.9100000e+03
  -2.1862721e-03   2.9250000e+03
  -2.2416164e-03   2.9400000e+03
  -2.2979006e-03   2.9550000e+03
  -2.3539599e-03   2.9700000e+03
  -2.4089410e-03   2.9850000e+03
  -2.4627636e-03   3.0000000e+03
  -2.5162294e-03   3.0150000e+03
  -2.5708396e-03   3.0300000e+03
  -2.6285895e-03   3.0450000e+03
  -2.6917909e-03   3.0600000e+03
  -2.7627593e-03   3.0750000e+03
  -2.8432976e-03   3.0900000e+03
  -2.9342023e-03   3.1050000e+03
  -3.0351977e-03   3.1200000e+03
  -3.1453506e-03   3.1350000e+03
  -3.2636963e-03   3.1500000e+03
  -3.3897839e-03   3.1650000e+03
  -3.5239770e-03   3.1800000e+03
  -3.6675145e-03   3.1950000e+03
  -3.8223343e-03   3.2100000e+03
  -3.9906218e-03   3.2250000e+03
  -4.1742478e-03   3.2400000e+03
  -4.3743243e-03   3.2550000e+03
  -4.5910231e-03   3.2700000e+03
  -4.8235152e-03   3.2850000e+03
  -5.0696041e-03   3.3000000e+03
  -5.3245248e-03   3.3150000e+03
  -5.5785044e-03   3.3300000e+03
  -5.8131544e-03   3.3450000e+03
  -5.9975949e-03   3.3600000e+03
  -6.0857586e-03   3.3750000e+03
  -6.0167885e-03   3.3900000e+03
  -5.7204640e-03   3.4050000e+03
  -5.1292269e-03   3.4200000e+03
  -4.1970010e-03   3.4350000e+03
  -2.9223480e-03   3.4500000e+03
  -1.3692989e-03   3.4650000e+03
   3.2467180e-04   3.4800000e+03
   1.9653612e-03   3.4950000e+03
   3.3505519e-03   3.5100000e+03
   4.3458799e-03   3.5250000e+03
   4.9661431e-03   3.5400000e+03
   5.4253032e-03   3.5550000e+03
   6.1157071e-03   3.5700000e+03
   7.4949479e-03   3.5850000e+03
   9.8973159e-03   3.6000000e+03
   1.3333246e-02   3.6150000e+03
   1.7369997e-02   3.6300000e+03
   2.1174913e-02   3.6450000e+03
   2.3740644e-02   3.6600000e+03
   2.4220772e-02   3.6750000e+03
   2.2231746e-02   3.6900000e+03
   1.7972043e-02   3.7050000e+03
   1.2088796e-02   3.7200000e+03
   5.3502759e-03   3.7350000e+03
  -1.7142150e-03   3.7500000e+03
  -9.0309838e-03   3.7650000e+03
  -1.6961643e-02   3.7800000e+03
  -2.6072305e-02   3.7950000e+03
  -3.6795270e-02   3.8100000e+03
  -4.9082968e-02   3.8250000e+03
  -6.2109284e-02   3.8400000e+03
  -7.4062593e-02   3.8550000e+03
  -8.2129017e-02   3.8700000e+03
  -8.2826041e-02   3.8850000e+03
  -7.2812282e-02   3.9000000e+03
  -5.0121173e-02   3.9150000e+03
  -1.5512412e-02   3.9300000e+03
   2.6557527e-02   3.9450000e+03
   6.7876168e-02   3.9600000e+03
   9.7723007e-02   3.9750000e+03
   1.0554340e-01   3.9900000e+03
   8.4715627e-02   4.0050000e+03
   3.6419399e-02   4.0200000e+03
  -2.8079510e-02   4.0350000e+03
  -8.8634163e-02   4.0500000e+03
  -1.2195511e-01   4.0650000e+03
  -1.1085100e-01   4.0800000e+03
  -5.3459469e-02   4.0950000e+03
   3.2374207e-02   4.1100000e+03
   1.1325286e-01   4.1250000e+03
   1.5290716e-01   4.1400000e+03
   1.2877315e-01   4.1550000e+03
   4.4799685e-02   4.1700000e+03
  -6.6677466e-02   4.1850000e+03
  -1.5679967e-01   4.2000000e+03
  -1.8201239e-01   4.2150000e+03
  -1.2625064e-01   4.2300000e+03
  -1.1966709e-02   4.2450000e+03
   1.0759638e-01   4.2600000e+03
   1.7346722e-01   4.2750000e+03
   1.5178560e-01   4.2900000e+03
   5.3526867e-02   4.3050000e+03
  -6.9714524e-02   4.3200000e+03
  -1.5372355e-01   4.3350000e+03
  -1.5821743e-01   4.3500000e+03
  -8.9536205e-02   4.3650000e+03
   5.7987799e-03   4.3800000e+03
   7.3240981e-02   4.3950000e+03
   8.6412206e-02   4.4100000e+03
   6.1572142e-02   4.4250000e+03
   3.9639946e-02   4.4400000e+03
   4.9654510e-02   4.4550000e+03
   8.2978144e-02   4.4700000e+03
   1.0008957e-01   4.4850000e+03
   6.5481223e-02   4.5000000e+03
