  -7.7434443e-04   0.0000000e+00
  -7.7434705e-04   1.5000000e+01
  -7.7435968e-04   3.0000000e+01
  -7.7439920e-04   4.5000000e+01
  -7.7446568e-04   6.0000000e+01
  -7.7453395e-04   7.5000000e+01
  -7.7457709e-04   9.0000000e+01
  -7.7460072e-04   1.0500000e+02
  -7.7465095e-04   1.2000000e+02
  -7.7476772e-04   1.3500000e+02
  -7.7492330e-04   1.5000000e+02
  -7.7494408e-04   1.6500000e+02
  -7.7430560e-04   1.8000000e+02
  -7.7122968e-04   1.9500000e+02
  -7.6048455e-04   2.1000000e+02
  -7.3102710e-04   2.2500000e+02
  -6.6843658e-04   2.4000000e+02
  -5.6781061e-04   2.5500000e+02
  -4.5197157e-04   2.7000000e+02
  -3.7193758e-04   2.8500000e+02
  -3.7023719e-04   3.0000000e+02
  -4.3191048e-04   3.1500000e+02
  -4.8649518e-04   3.3000000e+02
  -4.8029478e-04   3.4500000e+02
  -4.3806148e-04   3.6000000e+02
  -4.2536113e-04   3.7500000e+02
  -4.5678145e-04   3.9000000e+02
  -4.8253688e-04   4.0500000e+02
  -4.7025669e-04   4.2000000e+02
  -4.5026635e-04   4.3500000e+02
  -4.5786009e-04   4.5000000e+02
  -4.7734557e-04   4.6500000e+02
  -4.7795256e-04   4.8000000e+02
  -4.6756450e-04   4.9500000e+02
  -4.7124259e-04   5.1000000e+02
  -4.8493192e-04   5.2500000e+02
  -4.8853998e-04   5.4000000e+02
  -4.8375694e-04   5.5500000e+02
  -4.8604698e-04   5.7000000e+02
  -4.9465464e-04   5.8500000e+02
  -4.9764768e-04   6.0000000e+02
  -4.9568980e-04   6.1500000e+02
  -4.9835251e-04   6.3000000e+02
  -5.0495856e-04   6.4500000e+02
  -5.0784339e-04   6.6000000e+02
  -5.0734763e-04   6.7500000e+02
  -5.0789898e-04   6.9000000e+02
  -5.0618371e-04   7.0500000e+02
  -4.9522216e-04   7.2000000e+02
  -4.7332124e-04   7.3500000e+02
  -4.4144335e-04   7.5000000e+02
  -4.0031809e-04   7.6500000e+02
  -3.5729964e-04   7.8000000e+02
  -3.2969183e-04   7.9500000e+02
  -3.3424766e-04   8.1000000e+02
  -3.7319359e-04   8.2500000e+02
  -4.2952935e-04   8.4000000e+02
  -4.7398263e-04   8.5500000e+02
  -4.8271404e-04   8.7000000e+02
  -4.5789429e-04   8.8500000e+02
  -4.3017679e-04   9.0000000e+02
  -4.3139834e-04   9.1500000e+02
  -4.6167625e-04   9.3000000e+02
  -4.8974843e-04   9.4500000e+02
  -4.8957521e-04   9.6000000e+02
  -4.7042823e-04   9.7500000e+02
  -4.6312626e-04   9.9000000e+02
  -4.7991480e-04   1.0050000e+03
  -5.0045748e-04   1.0200000e+03
  -5.0201977e-04   1.0350000e+03
  -4.9070868e-04   1.0500000e+03
  -4.8932113e-04   1.0650000e+03
  -5.0198869e-04   1.0800000e+03
  -5.1043142e-04   1.0950000e+03
  -5.0550181e-04   1.1100000e+03
  -5.0133729e-04   1.1250000e+03
  -5.1032694e-04   1.1400000e+03
  -5.2285794e-04   1.1550000e+03
  -5.2517554e-04   1.1700000e+03
  -5.2247534e-04   1.1850000e+03
  -5.2816625e-04   1.2000000e+03
  -5.4121320e-04   1.2150000e+03
  -5.5110222e-04   1.2300000e+03
  -5.5745477e-04   1.2450000e+03
  -5.6792452e-04   1.2600000e+03
  -5.8160286e-04   1.2750000e+03
  -5.9012737e-04   1.2900000e+03
  -5.9244403e-04   1.3050000e+03
  -5.9519114e-04   1.3200000e+03
  -6.0068298e-04   1.3350000e+03
  -6.0586492e-04   1.3500000e+03
  -6.1090803e-04   1.3650000e+03
  -6.1883038e-04   1.3800000e+03
  -6.2859233e-04   1.3950000e+03
  -6.3693803e-04   1.4100000e+03
  -6.4486009e-04   1.4250000e+03
  -6.5521902e-04   1.4400000e+03
  -6.6647591e-04   1.4550000e+03
  -6.7486888e-04   1.4700000e+03
  -6.8029505e-04   1.4850000e+03
  -6.8522239e-04   1.5000000e+03
  -6.9059606e-04   1.5150000e+03
  -6.9661619e-04   1.5300000e+03
  -7.0449652e-04   1.5450000e+03
  -7.1434589e-04   1.5600000e+03
  -7.2412461e-04   1.5750000e+03
  -7.3263719e-04   1.5900000e+03
  -7.4103952e-04   1.6050000e+03
  -7.5054122e-04   1.6200000e+03
  -7.6114759e-04   1.6350000e+03
  -7.7280175e-04   1.6500000e+03
  -7.8554475e-04   1.6650000e+03
  -7.9876365e-04   1.6800000e+03
  -8.1196683e-04   1.6950000e+03
  -8.2578318e-04   1.7100000e+03
  -8.4096298e-04   1.7250000e+03
  -8.5687952e-04   1.7400000e+03
  -8.7179185e-04   1.7550000e+03
  -8.8426104e-04   1.7700000e+03
  -8.9415070e-04   1.7850000e+03
  -9.0278609e-04   1.8000000e+03
  -9.1195852e-04   1.8150000e+03
  -9.2229538e-04   1.8300000e+03
  -9.3310885e-04   1.8450000e+03
  -9.4418402e-04   1.8600000e+03
  -9.5662428e-04   1.8750000e+03
  -9.7115798e-04   1.8900000e+03
  -9.8676351e-04   1.9050000e+03
  -1.0018243e-03   1.9200000e+03
  -1.0157927e-03   1.9350000e+03
  -1.0291159e-03   1.9500000e+03
  -1.0422632e-03   1.9650000e+03
  -1.0556526e-03   1.9800000e+03
  -1.0701256e-03   1.9950000e+03
  -1.0864929e-03   2.0100000e+03
  -1.1043685e-03   2.0250000e+03
  -1.1221655e-03   2.0400000e+03
  -1.1388323e-03   2.0550000e+03
  -1.1552792e-03   2.0700000e+03
  -1.1734787e-03   2.0850000e+03
  -1.1942191e-03   2.1000000e+03
  -1.2162224e-03   2.1150000e+03
  -1.2376253e-03   2.1300000e+03
  -1.2579744e-03   2.1450000e+03
  -1.2785409e-03   2.1600000e+03
  -1.3008328e-03   2.1750000e+03
  -1.3250244e-03   2.1900000e+03
  -1.3499332e-03   2.2050000e+03
  -1.3743925e-03   2.2200000e+03
  -1.3983444e-03   2.2350000e+03
  -1.4224576e-03   2.2500000e+03
  -1.4469816e-03   2.2650000e+03
  -1.4714440e-03   2.2800000e+03
  -1.4954318e-03   2.2950000e+03
  -1.5191530e-03   2.3100000e+03
  -1.5431086e-03   2.3250000e+03
  -1.5675131e-03   2.3400000e+03
  -1.5922836e-03   2.3550000e+03
  -1.6174451e-03   2.3700000e+03
  -1.6432451e-03   2.3850000e+03
  -1.6698656e-03   2.4000000e+03
  -1.6971463e-03   2.4150000e+03
  -1.7247010e-03   2.4300000e+03
  -1.7523753e-03   2.4450000e+03
  -1.7805202e-03   2.4600000e+03
  -1.8096234e-03   2.4750000e+03
  -1.8396458e-03   2.4900000e+03
  -1.8699932e-03   2.5050000e+03
  -1.9003516e-03   2.5200000e+03
  -1.9314189e-03   2.5350000e+03
  -1.9645949e-03   2.5500000e+03
  -2.0009710e-03   2.5650000e+03
  -2.0407042e-03   2.5800000e+03
  -2.0832040e-03   2.5950000e+03
  -2.1277508e-03   2.6100000e+03
  -2.1740771e-03   2.6250000e+03
  -2.2225834e-03   2.6400000e+03
  -2.2740266e-03   2.6550000e+03
  -2.3289006e-03   2.6700000e+03
  -2.3871518e-03   2.6850000e+03
  -2.4484701e-03   2.7000000e+03
  -2.5126247e-03   2.7150000e+03
  -2.5793458e-03   2.7300000e+03
  -2.6479433e-03   2.7450000e+03
  -2.7173071e-03   2.7600000e+03
  -2.7865123e-03   2.7750000e+03
  -2.8555461e-03   2.7900000e+03
  -2.9255270e-03   2.8050000e+03
  -2.9982936e-03   2.8200000e+03
  -3.0758108e-03   2.8350000e+03
  -3.1598848e-03   2.8500000e+03
  -3.2521877e-03   2.8650000e+03
  -3.3542018e-03   2.8800000e+03
  -3.4669042e-03   2.8950000e+03
  -3.5904769e-03   2.9100000e+03
  -3.7244291e-03   2.9250000e+03
  -3.8681231e-03   2.9400000e+03
  -4.0212022e-03   2.9550000e+03
  -4.1836598e-03   2.9700000e+03
  -4.3558511e-03   2.9850000e+03
  -4.5388672e-03   3.0000000e+03
  -4.7351732e-03   3.0150000e+03
  -4.9489066e-03   3.0300000e+03
  -5.1851440e-03   3.0450000e+03
  -5.4477868e-03   3.0600000e+03
  -5.7359627e-03   3.0750000e+03
  -6.0387445e-03   3.0900000e+03
  -6.3272868e-03   3.1050000e+03
  -6.5433662e-03   3.1200000e+03
  -6.5837880e-03   3.1350000e+03
  -6.2814658e-03   3.1500000e+03
  -5.3863670e-03   3.1650000e+03
  -3.5525807e-03   3.1800000e+03
  -3.4120094e-04   3.1950000e+03
   4.7494732e-03   3.2100000e+03
   1.2217303e-02   3.2250000e+03
   2.2452932e-02   3.2400000e+03
   3.5614569e-02   3.2550000e+03
   5.1513806e-02   3.2700000e+03
   6.9559231e-02   3.2850000e+03
   8.8805377e-02   3.3000000e+03
   1.0813415e-01   3.3150000e+03
   1.2655196e-01   3.3300000e+03
   1.4352696e-01   3.3450000e+03
   1.5923887e-01   3.3600000e+03
   1.7459615e-01   3.3750000e+03
   1.9091752e-01   3.3900000e+03
   2.0928121e-01   3.4050000e+03
   2.2969462e-01   3.4200000e+03
   2.5037724e-01   3.4350000e+03
   2.6750952e-01   3.4500000e+03
   2.7571619e-01   3.4650000e+03
   2.6930624e-01   3.4800000e+03
   2.4395604e-01   3.4950000e+03
   1.9824162e-01   3.5100000e+03
   1.3439049e-01   3.5250000e+03
   5.7911146e-02   3.5400000e+03
  -2.3730695e-02   3.5550000e+03
  -1.0277904e-01   3.5700000e+03
  -1.7251244e-01   3.5850000e+03
  -2.2789030e-01   3.6000000e+03
  -2.6567450e-01   3.6150000e+03
  -2.8439242e-01   3.6300000e+03
  -2.8427517e-01   3.6450000e+03
  -2.6693445e-01   3.6600000e+03
  -2.3455305e-01   3.6750000e+03
  -1.8891093e-01   3.6900000e+03
  -1.3112713e-01   3.7050000e+03
  -6.2800936e-02   3.7200000e+03
   1.1855165e-02   3.7350000e+03
   8.4407941e-02   3.7500000e+03
   1.4263193e-01   3.7650000e+03
   1.7321649e-01   3.7800000e+03
   1.6564466e-01   3.7950000e+03
   1.1597577e-01   3.8100000e+03
   3.0077040e-02   3.8250000e+03
  -7.3966838e-02   3.8400000e+03
  -1.6590576e-01   3.8550000e+03
  -2.0890462e-01   3.8700000e+03
  -1.7236382e-01   3.8850000e+03
  -4.8747830e-02   3.9000000e+03
   1.3416381e-01   3.9150000e+03
   3.1501520e-01   3.9300000e+03
   4.1823986e-01   3.9450000e+03
   3.8534200e-01   3.9600000e+03
   2.0504954e-01   3.9750000e+03
  -7.2210386e-02   3.9900000e+03
  -3.4539059e-01   4.0050000e+03
  -4.9996325e-01   4.0200000e+03
  -4.5956403e-01   4.0350000e+03
  -2.2964790e-01   4.0500000e+03
   9.2405982e-02   4.0650000e+03
   3.5504016e-01   4.0800000e+03
   4.2749545e-01   4.0950000e+03
   2.7476776e-01   4.1100000e+03
  -1.4359549e-02   4.1250000e+03
  -2.7282259e-01   4.1400000e+03
  -3.5608619e-01   4.1550000e+03
  -2.3694856e-01   4.1700000e+03
  -2.5617145e-02   4.1850000e+03
   1.0943028e-01   4.2000000e+03
   7.0709988e-02   4.2150000e+03
  -8.6350001e-02   4.2300000e+03
  -1.9177987e-01   4.2450000e+03
  -1.0094296e-01   4.2600000e+03
   1.7314385e-01   4.2750000e+03
   4.5115197e-01   4.2900000e+03
   5.2262932e-01   4.3050000e+03
   3.1951156e-01   4.3200000e+03
  -2.1030996e-02   4.3350000e+03
  -2.6528889e-01   4.3500000e+03
  -2.7385065e-01   4.3650000e+03
  -1.0800803e-01   4.3800000e+03
   4.1936614e-02   4.3950000e+03
   3.8236916e-02   4.4100000e+03
  -8.2173124e-02   4.4250000e+03
  -1.5695444e-01   4.4400000e+03
  -6.7535520e-02   4.4550000e+03
   1.3686594e-01   4.4700000e+03
   2.8009236e-01   4.4850000e+03
   2.2512558e-01   4.5000000e+03
