  -1.0566746e-03   0.0000000e+00
  -1.0566766e-03   1.5000000e+01
  -1.0566942e-03   3.0000000e+01
  -1.0567444e-03   4.5000000e+01
  -1.0568229e-03   6.0000000e+01
  -1.0568907e-03   7.5000000e+01
  -1.0569162e-03   9.0000000e+01
  -1.0569216e-03   1.0500000e+02
  -1.0569721e-03   1.2000000e+02
  -1.0571259e-03   1.3500000e+02
  -1.0573311e-03   1.5000000e+02
  -1.0573359e-03   1.6500000e+02
  -1.0564057e-03   1.8000000e+02
  -1.0520738e-03   1.9500000e+02
  -1.0370526e-03   2.1000000e+02
  -9.9594251e-04   2.2500000e+02
  -9.0860721e-04   2.4000000e+02
  -7.6814042e-04   2.5500000e+02
  -6.0626242e-04   2.7000000e+02
  -4.9403036e-04   2.8500000e+02
  -4.9080217e-04   3.0000000e+02
  -5.7590142e-04   3.1500000e+02
  -6.5125403e-04   3.3000000e+02
  -6.4200477e-04   3.4500000e+02
  -5.8251014e-04   3.6000000e+02
  -5.6406105e-04   3.7500000e+02
  -6.0707581e-04   3.9000000e+02
  -6.4230961e-04   4.0500000e+02
  -6.2466599e-04   4.2000000e+02
  -5.9629773e-04   4.3500000e+02
  -6.0633308e-04   4.5000000e+02
  -6.3293299e-04   4.6500000e+02
  -6.3322688e-04   4.8000000e+02
  -6.1813463e-04   4.9500000e+02
  -6.2253949e-04   5.1000000e+02
  -6.4083858e-04   5.2500000e+02
  -6.4507313e-04   5.4000000e+02
  -6.3759205e-04   5.5500000e+02
  -6.3996250e-04   5.7000000e+02
  -6.5117236e-04   5.8500000e+02
  -6.5460999e-04   6.0000000e+02
  -6.5115292e-04   6.1500000e+02
  -6.5411086e-04   6.3000000e+02
  -6.6258520e-04   6.4500000e+02
  -6.6594494e-04   6.6000000e+02
  -6.6471728e-04   6.7500000e+02
  -6.6514901e-04   6.9000000e+02
  -6.6276325e-04   7.0500000e+02
  -6.4805680e-04   7.2000000e+02
  -6.1890780e-04   7.3500000e+02
  -5.7681318e-04   7.5000000e+02
  -5.2264775e-04   7.6500000e+02
  -4.6597488e-04   7.8000000e+02
  -4.2969597e-04   7.9500000e+02
  -4.3591807e-04   8.1000000e+02
  -4.8737676e-04   8.2500000e+02
  -5.6153466e-04   8.4000000e+02
  -6.1993278e-04   8.5500000e+02
  -6.3128083e-04   8.7000000e+02
  -5.9850956e-04   8.8500000e+02
  -5.6210253e-04   9.0000000e+02
  -5.6406378e-04   9.1500000e+02
  -6.0440472e-04   9.3000000e+02
  -6.4168934e-04   9.4500000e+02
  -6.4151944e-04   9.6000000e+02
  -6.1628444e-04   9.7500000e+02
  -6.0683297e-04   9.9000000e+02
  -6.2936853e-04   1.0050000e+03
  -6.5695011e-04   1.0200000e+03
  -6.5939903e-04   1.0350000e+03
  -6.4470712e-04   1.0500000e+03
  -6.4308924e-04   1.0650000e+03
  -6.6015916e-04   1.0800000e+03
  -6.7176763e-04   1.0950000e+03
  -6.6563761e-04   1.1100000e+03
  -6.6036079e-04   1.1250000e+03
  -6.7248638e-04   1.1400000e+03
  -6.8952783e-04   1.1550000e+03
  -6.9332018e-04   1.1700000e+03
  -6.9061486e-04   1.1850000e+03
  -6.9911446e-04   1.2000000e+03
  -7.1750971e-04   1.2150000e+03
  -7.3182111e-04   1.2300000e+03
  -7.4134505e-04   1.2450000e+03
  -7.5605628e-04   1.2600000e+03
  -7.7473978e-04   1.2750000e+03
  -7.8636978e-04   1.2900000e+03
  -7.8959344e-04   1.3050000e+03
  -7.9329382e-04   1.3200000e+03
  -8.0061948e-04   1.3350000e+03
  -8.0750976e-04   1.3500000e+03
  -8.1414764e-04   1.3650000e+03
  -8.2456972e-04   1.3800000e+03
  -8.3748007e-04   1.3950000e+03
  -8.4855739e-04   1.4100000e+03
  -8.5902086e-04   1.4250000e+03
  -8.7260403e-04   1.4400000e+03
  -8.8730751e-04   1.4550000e+03
  -8.9816796e-04   1.4700000e+03
  -9.0495934e-04   1.4850000e+03
  -9.1084169e-04   1.5000000e+03
  -9.1709133e-04   1.5150000e+03
  -9.2410576e-04   1.5300000e+03
  -9.3354267e-04   1.5450000e+03
  -9.4547833e-04   1.5600000e+03
  -9.5715787e-04   1.5750000e+03
  -9.6709054e-04   1.5900000e+03
  -9.7695226e-04   1.6050000e+03
  -9.8836585e-04   1.6200000e+03
  -1.0012048e-03   1.6350000e+03
  -1.0152735e-03   1.6500000e+03
  -1.0306280e-03   1.6650000e+03
  -1.0464508e-03   1.6800000e+03
  -1.0619444e-03   1.6950000e+03
  -1.0778368e-03   1.7100000e+03
  -1.0952879e-03   1.7250000e+03
  -1.1138266e-03   1.7400000e+03
  -1.1313437e-03   1.7550000e+03
  -1.1457015e-03   1.7700000e+03
  -1.1562515e-03   1.7850000e+03
  -1.1644755e-03   1.8000000e+03
  -1.1728771e-03   1.8150000e+03
  -1.1825862e-03   1.8300000e+03
  -1.1928247e-03   1.8450000e+03
  -1.2032926e-03   1.8600000e+03
  -1.2154399e-03   1.8750000e+03
  -1.2302952e-03   1.8900000e+03
  -1.2465740e-03   1.9050000e+03
  -1.2621080e-03   1.9200000e+03
  -1.2760878e-03   1.9350000e+03
  -1.2889740e-03   1.9500000e+03
  -1.3012276e-03   1.9650000e+03
  -1.3133159e-03   1.9800000e+03
  -1.3264042e-03   1.9950000e+03
  -1.3416593e-03   2.0100000e+03
  -1.3586220e-03   2.0250000e+03
  -1.3752199e-03   2.0400000e+03
  -1.3900890e-03   2.0550000e+03
  -1.4043732e-03   2.0700000e+03
  -1.4204984e-03   2.0850000e+03
  -1.4393374e-03   2.1000000e+03
  -1.4592854e-03   2.1150000e+03
  -1.4781950e-03   2.1300000e+03
  -1.4956935e-03   2.1450000e+03
  -1.5133856e-03   2.1600000e+03
  -1.5330128e-03   2.1750000e+03
  -1.5546595e-03   2.1900000e+03
  -1.5767824e-03   2.2050000e+03
  -1.5978980e-03   2.2200000e+03
  -1.6179385e-03   2.2350000e+03
  -1.6377680e-03   2.2500000e+03
  -1.6577733e-03   2.2650000e+03
  -1.6775215e-03   2.2800000e+03
  -1.6966764e-03   2.2950000e+03
  -1.7155517e-03   2.3100000e+03
  -1.7345417e-03   2.3250000e+03
  -1.7535330e-03   2.3400000e+03
  -1.7722063e-03   2.3550000e+03
  -1.7906781e-03   2.3700000e+03
  -1.8095040e-03   2.3850000e+03
  -1.8290782e-03   2.4000000e+03
  -1.8491936e-03   2.4150000e+03
  -1.8692922e-03   2.4300000e+03
  -1.8891528e-03   2.4450000e+03
  -1.9092492e-03   2.4600000e+03
  -1.9302259e-03   2.4750000e+03
  -1.9520428e-03   2.4900000e+03
  -1.9739559e-03   2.5050000e+03
  -1.9955407e-03   2.5200000e+03
  -2.0174941e-03   2.5350000e+03
  -2.0411725e-03   2.5500000e+03
  -2.0674567e-03   2.5650000e+03
  -2.0962025e-03   2.5800000e+03
  -2.1265668e-03   2.5950000e+03
  -2.1576828e-03   2.6100000e+03
  -2.1892162e-03   2.6250000e+03
  -2.2215429e-03   2.6400000e+03
  -2.2553236e-03   2.6550000e+03
  -2.2907436e-03   2.6700000e+03
  -2.3272212e-03   2.6850000e+03
  -2.3640068e-03   2.7000000e+03
  -2.4009456e-03   2.7150000e+03
  -2.4384216e-03   2.7300000e+03
  -2.4766154e-03   2.7450000e+03
  -2.5150448e-03   2.7600000e+03
  -2.5529107e-03   2.7750000e+03
  -2.5897564e-03   2.7900000e+03
  -2.6256728e-03   2.8050000e+03
  -2.6608340e-03   2.8200000e+03
  -2.6949735e-03   2.8350000e+03
  -2.7274147e-03   2.8500000e+03
  -2.7575798e-03   2.8650000e+03
  -2.7853174e-03   2.8800000e+03
  -2.8106291e-03   2.8950000e+03
  -2.8331217e-03   2.9100000e+03
  -2.8518252e-03   2.9250000e+03
  -2.8654062e-03   2.9400000e+03
  -2.8722491e-03   2.9550000e+03
  -2.8701620e-03   2.9700000e+03
  -2.8559933e-03   2.9850000e+03
  -2.8256131e-03   3.0000000e+03
  -2.7741962e-03   3.0150000e+03
  -2.6962785e-03   3.0300000e+03
  -2.5852819e-03   3.0450000e+03
  -2.4325331e-03   3.0600000e+03
  -2.2262309e-03   3.0750000e+03
  -1.9505768e-03   3.0900000e+03
  -1.5848593e-03   3.1050000e+03
  -1.1020390e-03   3.1200000e+03
  -4.6658242e-04   3.1350000e+03
   3.6836372e-04   3.1500000e+03
   1.4642137e-03   3.1650000e+03
   2.9003434e-03   3.1800000e+03
   4.7772005e-03   3.1950000e+03
   7.2181546e-03   3.2100000e+03
   1.0368756e-02   3.2250000e+03
   1.4392016e-02   3.2400000e+03
   1.9458611e-02   3.2550000e+03
   2.5730947e-02   3.2700000e+03
   3.3340085e-02   3.2850000e+03
   4.2355821e-02   3.3000000e+03
   5.2753042e-02   3.3150000e+03
   6.4381108e-02   3.3300000e+03
   7.6945364e-02   3.3450000e+03
   9.0009563e-02   3.3600000e+03
   1.0302506e-01   3.3750000e+03
   1.1538619e-01   3.3900000e+03
   1.2650283e-01   3.4050000e+03
   1.3587229e-01   3.4200000e+03
   1.4312731e-01   3.4350000e+03
   1.4804006e-01   3.4500000e+03
   1.5047406e-01   3.4650000e+03
   1.5029728e-01   3.4800000e+03
   1.4729147e-01   3.4950000e+03
   1.4110573e-01   3.5100000e+03
   1.3129759e-01   3.5250000e+03
   1.1747763e-01   3.5400000e+03
   9.9534102e-02   3.5550000e+03
   7.7873871e-02   3.5700000e+03
   5.3593501e-02   3.5850000e+03
   2.8499603e-02   3.6000000e+03
   4.9314345e-03   3.6150000e+03
  -1.4608174e-02   3.6300000e+03
  -2.7952133e-02   3.6450000e+03
  -3.3795144e-02   3.6600000e+03
  -3.2123771e-02   3.6750000e+03
  -2.4432320e-02   3.6900000e+03
  -1.3633099e-02   3.7050000e+03
  -3.6169677e-03   3.7200000e+03
   1.5124455e-03   3.7350000e+03
  -1.5754402e-03   3.7500000e+03
  -1.4424251e-02   3.7650000e+03
  -3.6007907e-02   3.7800000e+03
  -6.2459223e-02   3.7950000e+03
  -8.7535717e-02   3.8100000e+03
  -1.0389867e-01   3.8250000e+03
  -1.0504168e-01   3.8400000e+03
  -8.7425113e-02   3.8550000e+03
  -5.2154541e-02   3.8700000e+03
  -5.5087572e-03   3.8850000e+03
   4.2131148e-02   3.9000000e+03
   7.8894265e-02   3.9150000e+03
   9.4904169e-02   3.9300000e+03
   8.5502513e-02   3.9450000e+03
   5.3009894e-02   3.9600000e+03
   6.2489738e-03   3.9750000e+03
  -4.2138871e-02   3.9900000e+03
  -7.9678781e-02   4.0050000e+03
  -9.7887762e-02   4.0200000e+03
  -9.4515935e-02   4.0350000e+03
  -7.3436119e-02   4.0500000e+03
  -4.2421237e-02   4.0650000e+03
  -9.9428324e-03   4.0800000e+03
   1.7536467e-02   4.0950000e+03
   3.6698420e-02   4.1100000e+03
   4.6779972e-02   4.1250000e+03
   4.8053339e-02   4.1400000e+03
   4.0593546e-02   4.1550000e+03
   2.4202351e-02   4.1700000e+03
  -5.4480933e-04   4.1850000e+03
  -3.1031037e-02   4.2000000e+03
  -6.2255450e-02   4.2150000e+03
  -8.7986231e-02   4.2300000e+03
  -1.0295117e-01   4.2450000e+03
  -1.0483643e-01   4.2600000e+03
  -9.4914421e-02   4.2750000e+03
  -7.6986827e-02   4.2900000e+03
  -5.5406984e-02   4.3050000e+03
  -3.3459641e-02   4.3200000e+03
  -1.2962907e-02   4.3350000e+03
   5.0408393e-03   4.3500000e+03
   1.9430600e-02   4.3650000e+03
   2.8889762e-02   4.3800000e+03
   3.2652803e-02   4.3950000e+03
   3.1401377e-02   4.4100000e+03
   2.7408609e-02   4.4250000e+03
   2.3639752e-02   4.4400000e+03
   2.2376381e-02   4.4550000e+03
   2.4296338e-02   4.4700000e+03
   2.8525885e-02   4.4850000e+03
   3.3391435e-02   4.5000000e+03
