  -5.8184429e-03   0.0000000e+00
  -5.8179991e-03   1.5000000e+01
  -5.8169132e-03   3.0000000e+01
  -5.8161500e-03   4.5000000e+01
  -5.8172047e-03   6.0000000e+01
  -5.8212676e-03   7.5000000e+01
  -5.8282143e-03   9.0000000e+01
  -5.8370163e-03   1.0500000e+02
  -5.8470988e-03   1.2000000e+02
  -5.8592516e-03   1.3500000e+02
  -5.8750235e-03   1.5000000e+02
  -5.8952132e-03   1.6500000e+02
  -5.9198071e-03   1.8000000e+02
  -5.9488425e-03   1.9500000e+02
  -5.9824404e-03   2.1000000e+02
  -6.0207308e-03   2.2500000e+02
  -6.0638129e-03   2.4000000e+02
  -6.1110733e-03   2.5500000e+02
  -6.1610211e-03   2.7000000e+02
  -6.2124217e-03   2.8500000e+02
  -6.2653418e-03   3.0000000e+02
  -6.3206572e-03   3.1500000e+02
  -6.3786837e-03   3.3000000e+02
  -6.4385682e-03   3.4500000e+02
  -6.4982572e-03   3.6000000e+02
  -6.5546054e-03   3.7500000e+02
  -6.6053569e-03   3.9000000e+02
  -6.6520330e-03   4.0500000e+02
  -6.6979188e-03   4.2000000e+02
  -6.7414413e-03   4.3500000e+02
  -6.7753079e-03   4.5000000e+02
  -6.7945933e-03   4.6500000e+02
  -6.8019154e-03   4.8000000e+02
  -6.8031191e-03   4.9500000e+02
  -6.8019461e-03   5.1000000e+02
  -6.7999428e-03   5.2500000e+02
  -6.7976429e-03   5.4000000e+02
  -6.7936820e-03   5.5500000e+02
  -6.7848838e-03   5.7000000e+02
  -6.7696902e-03   5.8500000e+02
  -6.7495392e-03   6.0000000e+02
  -6.7238593e-03   6.1500000e+02
  -6.6876365e-03   6.3000000e+02
  -6.6377730e-03   6.4500000e+02
  -6.5766084e-03   6.6000000e+02
  -6.5065585e-03   6.7500000e+02
  -6.4271614e-03   6.9000000e+02
  -6.3374904e-03   7.0500000e+02
  -6.2360540e-03   7.2000000e+02
  -6.1196177e-03   7.3500000e+02
  -5.9843678e-03   7.5000000e+02
  -5.8262176e-03   7.6500000e+02
  -5.6406865e-03   7.8000000e+02
  -5.4236990e-03   7.9500000e+02
  -5.1701521e-03   8.1000000e+02
  -4.8718308e-03   8.2500000e+02
  -4.5190095e-03   8.4000000e+02
  -4.1029784e-03   8.5500000e+02
  -3.6150124e-03   8.7000000e+02
  -3.0429771e-03   8.8500000e+02
  -2.3684565e-03   9.0000000e+02
  -1.5662572e-03   9.1500000e+02
  -6.0619088e-04   9.3000000e+02
   5.4712972e-04   9.4500000e+02
   1.9381403e-03   9.6000000e+02
   3.6238532e-03   9.7500000e+02
   5.6768972e-03   9.9000000e+02
   8.1900116e-03   1.0050000e+03
   1.1279477e-02   1.0200000e+03
   1.5088192e-02   1.0350000e+03
   1.9792713e-02   1.0500000e+03
   2.5613159e-02   1.0650000e+03
   3.2825783e-02   1.0800000e+03
   4.1781414e-02   1.0950000e+03
   5.2924424e-02   1.1100000e+03
   6.6797346e-02   1.1250000e+03
   8.4017776e-02   1.1400000e+03
   1.0522032e-01   1.1550000e+03
   1.3095960e-01   1.1700000e+03
   1.6157074e-01   1.1850000e+03
   1.9698323e-01   1.2000000e+03
   2.3649687e-01   1.2150000e+03
   2.7856448e-01   1.2300000e+03
   3.2067886e-01   1.2450000e+03
   3.5948732e-01   1.2600000e+03
   3.9120385e-01   1.2750000e+03
   4.1225687e-01   1.2900000e+03
   4.1998163e-01   1.3050000e+03
   4.1313085e-01   1.3200000e+03
   3.9205995e-01   1.3350000e+03
   3.5858190e-01   1.3500000e+03
   3.1559542e-01   1.3650000e+03
   2.6662055e-01   1.3800000e+03
   2.1533638e-01   1.3950000e+03
   1.6515973e-01   1.4100000e+03
   1.1887636e-01   1.4250000e+03
   7.8358337e-02   1.4400000e+03
   4.4436365e-02   1.4550000e+03
   1.6988097e-02   1.4700000e+03
  -4.7734454e-03   1.4850000e+03
  -2.1922966e-02   1.5000000e+03
  -3.5503399e-02   1.5150000e+03
  -4.6352413e-02   1.5300000e+03
  -5.5069137e-02   1.5450000e+03
  -6.2058974e-02   1.5600000e+03
  -6.7596078e-02   1.5750000e+03
  -7.1867943e-02   1.5900000e+03
  -7.4987225e-02   1.6050000e+03
  -7.6981500e-02   1.6200000e+03
  -7.7799767e-02   1.6350000e+03
  -7.7366300e-02   1.6500000e+03
  -7.5655200e-02   1.6650000e+03
  -7.2720937e-02   1.6800000e+03
  -6.8661205e-02   1.6950000e+03
  -6.3558735e-02   1.7100000e+03
  -5.7452947e-02   1.7250000e+03
  -5.0342023e-02   1.7400000e+03
  -4.2199027e-02   1.7550000e+03
  -3.3011179e-02   1.7700000e+03
  -2.2845061e-02   1.7850000e+03
  -1.1896894e-02   1.8000000e+03
  -4.8305228e-04   1.8150000e+03
   1.1016805e-02   1.8300000e+03
   2.2212133e-02   1.8450000e+03
   3.2726821e-02   1.8600000e+03
   4.2223632e-02   1.8750000e+03
   5.0455470e-02   1.8900000e+03
   5.7329077e-02   1.9050000e+03
   6.2933922e-02   1.9200000e+03
   6.7500420e-02   1.9350000e+03
   7.1294174e-02   1.9500000e+03
   7.4489728e-02   1.9650000e+03
   7.7077448e-02   1.9800000e+03
   7.8844786e-02   1.9950000e+03
   7.9445198e-02   2.0100000e+03
   7.8525193e-02   2.0250000e+03
   7.5847536e-02   2.0400000e+03
   7.1358472e-02   2.0550000e+03
   6.5188788e-02   2.0700000e+03
   5.7605959e-02   2.0850000e+03
   4.8934635e-02   2.1000000e+03
   3.9467748e-02   2.1150000e+03
   2.9412013e-02   2.1300000e+03
   1.8911408e-02   2.1450000e+03
   8.1431959e-03   2.1600000e+03
  -2.5840669e-03   2.1750000e+03
  -1.2819369e-02   2.1900000e+03
  -2.2081099e-02   2.2050000e+03
  -3.0041698e-02   2.2200000e+03
  -3.6682077e-02   2.2350000e+03
  -4.2330679e-02   2.2500000e+03
  -4.7569666e-02   2.2650000e+03
  -5.3056292e-02   2.2800000e+03
  -5.9336599e-02   2.2950000e+03
  -6.6715971e-02   2.3100000e+03
  -7.5205974e-02   2.3250000e+03
  -8.4516831e-02   2.3400000e+03
  -9.4059058e-02   2.3550000e+03
  -1.0297848e-01   2.3700000e+03
  -1.1030847e-01   2.3850000e+03
  -1.1527567e-01   2.4000000e+03
  -1.1764139e-01   2.4150000e+03
  -1.1785462e-01   2.4300000e+03
  -1.1687922e-01   2.4450000e+03
  -1.1577866e-01   2.4600000e+03
  -1.1528901e-01   2.4750000e+03
  -1.1556327e-01   2.4900000e+03
  -1.1612483e-01   2.5050000e+03
  -1.1598849e-01   2.5200000e+03
  -1.1392500e-01   2.5350000e+03
  -1.0885190e-01   2.5500000e+03
  -1.0025730e-01   2.5650000e+03
  -8.8475883e-02   2.5800000e+03
  -7.4657798e-02   2.5950000e+03
  -6.0426090e-02   2.6100000e+03
  -4.7392119e-02   2.6250000e+03
  -3.6756791e-02   2.6400000e+03
  -2.9137768e-02   2.6550000e+03
  -2.4616888e-02   2.6700000e+03
  -2.2907877e-02   2.6850000e+03
  -2.3537435e-02   2.7000000e+03
  -2.5974471e-02   2.7150000e+03
  -2.9686974e-02   2.7300000e+03
  -3.4142584e-02   2.7450000e+03
  -3.8796112e-02   2.7600000e+03
  -4.3107633e-02   2.7750000e+03
  -4.6600252e-02   2.7900000e+03
  -4.8926253e-02   2.8050000e+03
  -4.9904618e-02   2.8200000e+03
  -4.9521986e-02   2.8350000e+03
  -4.7913831e-02   2.8500000e+03
  -4.5337215e-02   2.8650000e+03
  -4.2125981e-02   2.8800000e+03
  -3.8618397e-02   2.8950000e+03
  -3.5074420e-02   2.9100000e+03
  -3.1626370e-02   2.9250000e+03
  -2.8297270e-02   2.9400000e+03
  -2.5074283e-02   2.9550000e+03
  -2.1982759e-02   2.9700000e+03
  -1.9110098e-02   2.9850000e+03
  -1.6571283e-02   3.0000000e+03
  -1.4449775e-02   3.0150000e+03
  -1.2759338e-02   3.0300000e+03
  -1.1455108e-02   3.0450000e+03
  -1.0488447e-02   3.0600000e+03
  -9.8676793e-03   3.0750000e+03
  -9.6791023e-03   3.0900000e+03
  -1.0051498e-02   3.1050000e+03
  -1.1090466e-02   3.1200000e+03
  -1.2827217e-02   3.1350000e+03
  -1.5206618e-02   3.1500000e+03
  -1.8103544e-02   3.1650000e+03
  -2.1337364e-02   3.1800000e+03
  -2.4666501e-02   3.1950000e+03
  -2.7776718e-02   3.2100000e+03
  -3.0298231e-02   3.2250000e+03
  -3.1874243e-02   3.2400000e+03
  -3.2265019e-02   3.2550000e+03
  -3.1439979e-02   3.2700000e+03
  -2.9609255e-02   3.2850000e+03
  -2.7172534e-02   3.3000000e+03
  -2.4600217e-02   3.3150000e+03
  -2.2293927e-02   3.3300000e+03
  -2.0482806e-02   3.3450000e+03
  -1.9189691e-02   3.3600000e+03
  -1.8259764e-02   3.3750000e+03
  -1.7416304e-02   3.3900000e+03
  -1.6313529e-02   3.4050000e+03
  -1.4581724e-02   3.4200000e+03
  -1.1876076e-02   3.4350000e+03
  -7.9349075e-03   3.4500000e+03
  -2.6356778e-03   3.4650000e+03
   3.9730249e-03   3.4800000e+03
   1.1677898e-02   3.4950000e+03
   2.0138951e-02   3.5100000e+03
   2.8933844e-02   3.5250000e+03
   3.7584908e-02   3.5400000e+03
   4.5567736e-02   3.5550000e+03
   5.2323073e-02   3.5700000e+03
   5.7294652e-02   3.5850000e+03
   5.9994992e-02   3.6000000e+03
   6.0081244e-02   3.6150000e+03
   5.7420105e-02   3.6300000e+03
   5.2129790e-02   3.6450000e+03
   4.4591315e-02   3.6600000e+03
   3.5419594e-02   3.6750000e+03
   2.5390321e-02   3.6900000e+03
   1.5337381e-02   3.7050000e+03
   6.0507646e-03   3.7200000e+03
  -1.8026786e-03   3.7350000e+03
  -7.7382820e-03   3.7500000e+03
  -1.1506314e-02   3.7650000e+03
  -1.3132328e-02   3.7800000e+03
  -1.2911545e-02   3.7950000e+03
  -1.1330409e-02   3.8100000e+03
  -8.9350808e-03   3.8250000e+03
  -6.2076440e-03   3.8400000e+03
  -3.5005705e-03   3.8550000e+03
  -1.0301046e-03   3.8700000e+03
   1.1044571e-03   3.8850000e+03
   2.8961534e-03   3.9000000e+03
   4.3938635e-03   3.9150000e+03
   5.6515061e-03   3.9300000e+03
   6.6892644e-03   3.9450000e+03
   7.4981325e-03   3.9600000e+03
   8.0813421e-03   3.9750000e+03
   8.4886448e-03   3.9900000e+03
   8.8095590e-03   4.0050000e+03
   9.1362894e-03   4.0200000e+03
   9.5309680e-03   4.0350000e+03
   1.0012059e-02   4.0500000e+03
   1.0546717e-02   4.0650000e+03
   1.1038106e-02   4.0800000e+03
   1.1319349e-02   4.0950000e+03
   1.1170981e-02   4.1100000e+03
   1.0358649e-02   4.1250000e+03
   8.6714868e-03   4.1400000e+03
   5.9507797e-03   4.1550000e+03
   2.1171386e-03   4.1700000e+03
  -2.7949454e-03   4.1850000e+03
  -8.6030783e-03   4.2000000e+03
  -1.4962000e-02   4.2150000e+03
  -2.1379480e-02   4.2300000e+03
  -2.7263889e-02   4.2450000e+03
  -3.2001540e-02   4.2600000e+03
  -3.5059035e-02   4.2750000e+03
  -3.6090884e-02   4.2900000e+03
  -3.5015434e-02   4.3050000e+03
  -3.2027252e-02   4.3200000e+03
  -2.7545609e-02   4.3350000e+03
  -2.2129256e-02   4.3500000e+03
  -1.6390935e-02   4.3650000e+03
  -1.0925089e-02   4.3800000e+03
  -6.2465076e-03   4.3950000e+03
  -2.7396234e-03   4.4100000e+03
  -6.2695437e-04   4.4250000e+03
   3.4713685e-05   4.4400000e+03
  -6.7009561e-04   4.4550000e+03
  -2.5613999e-03   4.4700000e+03
  -5.4181842e-03   4.4850000e+03
  -9.0204803e-03   4.5000000e+03
