  -3.5539048e-03   0.0000000e+00
  -3.5537397e-03   1.5000000e+01
  -3.5533453e-03   3.0000000e+01
  -3.5530317e-03   4.5000000e+01
  -3.5531020e-03   6.0000000e+01
  -3.5537265e-03   7.5000000e+01
  -3.5549614e-03   9.0000000e+01
  -3.5567926e-03   1.0500000e+02
  -3.5592343e-03   1.2000000e+02
  -3.5624178e-03   1.3500000e+02
  -3.5664286e-03   1.5000000e+02
  -3.5712130e-03   1.6500000e+02
  -3.5767993e-03   1.8000000e+02
  -3.5831863e-03   1.9500000e+02
  -3.5899968e-03   2.1000000e+02
  -3.5967533e-03   2.2500000e+02
  -3.6034875e-03   2.4000000e+02
  -3.6107651e-03   2.5500000e+02
  -3.6191442e-03   2.7000000e+02
  -3.6285918e-03   2.8500000e+02
  -3.6384698e-03   3.0000000e+02
  -3.6481468e-03   3.1500000e+02
  -3.6575741e-03   3.3000000e+02
  -3.6672251e-03   3.4500000e+02
  -3.6776124e-03   3.6000000e+02
  -3.6889052e-03   3.7500000e+02
  -3.7009802e-03   3.9000000e+02
  -3.7138297e-03   4.0500000e+02
  -3.7274244e-03   4.2000000e+02
  -3.7407968e-03   4.3500000e+02
  -3.7521648e-03   4.5000000e+02
  -3.7607313e-03   4.6500000e+02
  -3.7674163e-03   4.8000000e+02
  -3.7734746e-03   4.9500000e+02
  -3.7795545e-03   5.1000000e+02
  -3.7863390e-03   5.2500000e+02
  -3.7948270e-03   5.4000000e+02
  -3.8053293e-03   5.5500000e+02
  -3.8170738e-03   5.7000000e+02
  -3.8294818e-03   5.8500000e+02
  -3.8427957e-03   6.0000000e+02
  -3.8567178e-03   6.1500000e+02
  -3.8699780e-03   6.3000000e+02
  -3.8821551e-03   6.4500000e+02
  -3.8941950e-03   6.6000000e+02
  -3.9066905e-03   6.7500000e+02
  -3.9195144e-03   6.9000000e+02
  -3.9329096e-03   7.0500000e+02
  -3.9472398e-03   7.2000000e+02
  -3.9622770e-03   7.3500000e+02
  -3.9777225e-03   7.5000000e+02
  -3.9935093e-03   7.6500000e+02
  -4.0095169e-03   7.8000000e+02
  -4.0258169e-03   7.9500000e+02
  -4.0427684e-03   8.1000000e+02
  -4.0604807e-03   8.2500000e+02
  -4.0787356e-03   8.4000000e+02
  -4.0973527e-03   8.5500000e+02
  -4.1162958e-03   8.7000000e+02
  -4.1357870e-03   8.8500000e+02
  -4.1562677e-03   9.0000000e+02
  -4.1779005e-03   9.1500000e+02
  -4.2005032e-03   9.3000000e+02
  -4.2241355e-03   9.4500000e+02
  -4.2492398e-03   9.6000000e+02
  -4.2762342e-03   9.7500000e+02
  -4.3051755e-03   9.9000000e+02
  -4.3357471e-03   1.0050000e+03
  -4.3677585e-03   1.0200000e+03
  -4.4015935e-03   1.0350000e+03
  -4.4378545e-03   1.0500000e+03
  -4.4768318e-03   1.0650000e+03
  -4.5184866e-03   1.0800000e+03
  -4.5625824e-03   1.0950000e+03
  -4.6085557e-03   1.1100000e+03
  -4.6553845e-03   1.1250000e+03
  -4.7019324e-03   1.1400000e+03
  -4.7478029e-03   1.1550000e+03
  -4.7940346e-03   1.1700000e+03
  -4.8428299e-03   1.1850000e+03
  -4.8962440e-03   1.2000000e+03
  -4.9548466e-03   1.2150000e+03
  -5.0176196e-03   1.2300000e+03
  -5.0830455e-03   1.2450000e+03
  -5.1501370e-03   1.2600000e+03
  -5.2185170e-03   1.2750000e+03
  -5.2880882e-03   1.2900000e+03
  -5.3590722e-03   1.3050000e+03
  -5.4321652e-03   1.3200000e+03
  -5.5081514e-03   1.3350000e+03
  -5.5872737e-03   1.3500000e+03
  -5.6690970e-03   1.3650000e+03
  -5.7529882e-03   1.3800000e+03
  -5.8385273e-03   1.3950000e+03
  -5.9254412e-03   1.4100000e+03
  -6.0135019e-03   1.4250000e+03
  -6.1028218e-03   1.4400000e+03
  -6.1942046e-03   1.4550000e+03
  -6.2887045e-03   1.4700000e+03
  -6.3862815e-03   1.4850000e+03
  -6.4848387e-03   1.5000000e+03
  -6.5808613e-03   1.5150000e+03
  -6.6712964e-03   1.5300000e+03
  -6.7551020e-03   1.5450000e+03
  -6.8334886e-03   1.5600000e+03
  -6.9091115e-03   1.5750000e+03
  -6.9848867e-03   1.5900000e+03
  -7.0627839e-03   1.6050000e+03
  -7.1424632e-03   1.6200000e+03
  -7.2193397e-03   1.6350000e+03
  -7.2817360e-03   1.6500000e+03
  -7.3073953e-03   1.6650000e+03
  -7.2599272e-03   1.6800000e+03
  -7.0852665e-03   1.6950000e+03
  -6.7073065e-03   1.7100000e+03
  -6.0211886e-03   1.7250000e+03
  -4.8820814e-03   1.7400000e+03
  -3.0875867e-03   1.7550000e+03
  -3.5519415e-04   1.7700000e+03
   3.6968742e-03   1.7850000e+03
   9.5490320e-03   1.8000000e+03
   1.7739652e-02   1.8150000e+03
   2.8768769e-02   1.8300000e+03
   4.2943798e-02   1.8450000e+03
   6.0185309e-02   1.8600000e+03
   7.9837121e-02   1.8750000e+03
   1.0055078e-01   1.8900000e+03
   1.2032604e-01   1.9050000e+03
   1.3676687e-01   1.9200000e+03
   1.4754659e-01   1.9350000e+03
   1.5098009e-01   1.9500000e+03
   1.4651510e-01   1.9650000e+03
   1.3493952e-01   1.9800000e+03
   1.1818914e-01   1.9950000e+03
   9.8809481e-02   2.0100000e+03
   7.9286225e-02   2.0250000e+03
   6.1509624e-02   2.0400000e+03
   4.6544224e-02   2.0550000e+03
   3.4700792e-02   2.0700000e+03
   2.5776397e-02   2.0850000e+03
   1.9318389e-02   2.1000000e+03
   1.4851071e-02   2.1150000e+03
   1.2077254e-02   2.1300000e+03
   1.1056106e-02   2.1450000e+03
   1.2285263e-02   2.1600000e+03
   1.6568808e-02   2.1750000e+03
   2.4600361e-02   2.1900000e+03
   3.6319152e-02   2.2050000e+03
   5.0238471e-02   2.2200000e+03
   6.3040942e-02   2.2350000e+03
   6.9751516e-02   2.2500000e+03
   6.4704821e-02   2.2650000e+03
   4.3283235e-02   2.2800000e+03
   4.0363003e-03   2.2950000e+03
  -4.9564268e-02   2.3100000e+03
  -1.0861712e-01   2.3250000e+03
  -1.6017491e-01   2.3400000e+03
  -1.9054522e-01   2.3550000e+03
  -1.8971036e-01   2.3700000e+03
  -1.5533113e-01   2.3850000e+03
  -9.4524972e-02   2.4000000e+03
  -2.2131966e-02   2.4150000e+03
   4.4433933e-02   2.4300000e+03
   9.1873944e-02   2.4450000e+03
   1.1614320e-01   2.4600000e+03
   1.2324046e-01   2.4750000e+03
   1.2486006e-01   2.4900000e+03
   1.3094692e-01   2.5050000e+03
   1.4320311e-01   2.5200000e+03
   1.5338533e-01   2.5350000e+03
   1.4765948e-01   2.5500000e+03
   1.1473044e-01   2.5650000e+03
   5.3144012e-02   2.5800000e+03
  -2.6367437e-02   2.5950000e+03
  -1.0460130e-01   2.6100000e+03
  -1.6124602e-01   2.6250000e+03
  -1.8184619e-01   2.6400000e+03
  -1.6149580e-01   2.6550000e+03
  -1.0501157e-01   2.6700000e+03
  -2.5095031e-02   2.6850000e+03
   6.0315549e-02   2.7000000e+03
   1.3164051e-01   2.7150000e+03
   1.7262933e-01   2.7300000e+03
   1.7561689e-01   2.7450000e+03
   1.4427230e-01   2.7600000e+03
   9.1540024e-02   2.7750000e+03
   3.3515614e-02   2.7900000e+03
  -1.6946364e-02   2.8050000e+03
  -5.3054795e-02   2.8200000e+03
  -7.2705530e-02   2.8350000e+03
  -7.5677402e-02   2.8500000e+03
  -6.2543407e-02   2.8650000e+03
  -3.5791345e-02   2.8800000e+03
  -1.0524632e-03   2.8950000e+03
   3.3592220e-02   2.9100000e+03
   6.0113817e-02   2.9250000e+03
   7.3169611e-02   2.9400000e+03
   7.1577281e-02   2.9550000e+03
   5.8467198e-02   2.9700000e+03
   4.0218152e-02   2.9850000e+03
   2.4007520e-02   3.0000000e+03
   1.4435834e-02   3.0150000e+03
   1.1127240e-02   3.0300000e+03
   9.4173122e-03   3.0450000e+03
   4.0410571e-03   3.0600000e+03
  -6.9935396e-03   3.0750000e+03
  -2.1359788e-02   3.0900000e+03
  -3.4494866e-02   3.1050000e+03
  -4.2472605e-02   3.1200000e+03
  -4.3496288e-02   3.1350000e+03
  -3.8000066e-02   3.1500000e+03
  -2.8470851e-02   3.1650000e+03
  -1.9057341e-02   3.1800000e+03
  -1.3929758e-02   3.1950000e+03
  -1.4410164e-02   3.2100000e+03
  -1.7130652e-02   3.2250000e+03
  -1.5757745e-02   3.2400000e+03
  -5.9396261e-03   3.2550000e+03
   1.0294092e-02   3.2700000e+03
   2.4714280e-02   3.2850000e+03
   2.8102670e-02   3.3000000e+03
   1.6659128e-02   3.3150000e+03
  -5.3285309e-03   3.3300000e+03
  -2.8476749e-02   3.3450000e+03
  -4.4420399e-02   3.3600000e+03
  -5.0326146e-02   3.3750000e+03
  -4.8804421e-02   3.3900000e+03
  -4.4146009e-02   3.4050000e+03
  -3.8518082e-02   3.4200000e+03
  -3.1111848e-02   3.4350000e+03
  -2.0210862e-02   3.4500000e+03
  -5.7402086e-03   3.4650000e+03
   9.9130608e-03   3.4800000e+03
   2.2964273e-02   3.4950000e+03
   2.9884510e-02   3.5100000e+03
   2.8669570e-02   3.5250000e+03
   1.9688539e-02   3.5400000e+03
   6.0521187e-03   3.5550000e+03
  -7.2519029e-03   3.5700000e+03
  -1.5884390e-02   3.5850000e+03
  -1.9008044e-02   3.6000000e+03
  -1.9903552e-02   3.6150000e+03
  -2.3158126e-02   3.6300000e+03
  -3.0442413e-02   3.6450000e+03
  -3.8666181e-02   3.6600000e+03
  -4.2461645e-02   3.6750000e+03
  -3.8994763e-02   3.6900000e+03
  -3.0819604e-02   3.7050000e+03
  -2.4088183e-02   3.7200000e+03
  -2.3489203e-02   3.7350000e+03
  -2.8212635e-02   3.7500000e+03
  -3.2458864e-02   3.7650000e+03
  -3.0129300e-02   3.7800000e+03
  -1.9662108e-02   3.7950000e+03
  -4.8454688e-03   3.8100000e+03
   8.8447602e-03   3.8250000e+03
   1.8674755e-02   3.8400000e+03
   2.5620999e-02   3.8550000e+03
   3.1317499e-02   3.8700000e+03
   3.4483876e-02   3.8850000e+03
   3.0637469e-02   3.9000000e+03
   1.5393264e-02   3.9150000e+03
  -1.1794974e-02   3.9300000e+03
  -4.6696592e-02   3.9450000e+03
  -8.2629606e-02   3.9600000e+03
  -1.1382024e-01   3.9750000e+03
  -1.3711692e-01   3.9900000e+03
  -1.5106353e-01   4.0050000e+03
  -1.5367183e-01   4.0200000e+03
  -1.4147933e-01   4.0350000e+03
  -1.1144993e-01   4.0500000e+03
  -6.4474061e-02   4.0650000e+03
  -7.2189360e-03   4.0800000e+03
   4.9724307e-02   4.0950000e+03
   9.5951244e-02   4.1100000e+03
   1.2421890e-01   4.1250000e+03
   1.3077495e-01   4.1400000e+03
   1.1483031e-01   4.1550000e+03
   7.9435118e-02   4.1700000e+03
   3.3095337e-02   4.1850000e+03
  -1.0940246e-02   4.2000000e+03
  -3.9335191e-02   4.2150000e+03
  -4.4944804e-02   4.2300000e+03
  -3.0278472e-02   4.2450000e+03
  -5.5474415e-03   4.2600000e+03
   1.7362097e-02   4.2750000e+03
   3.0999247e-02   4.2900000e+03
   3.4902051e-02   4.3050000e+03
   3.3599682e-02   4.3200000e+03
   3.2009922e-02   4.3350000e+03
   3.1558722e-02   4.3500000e+03
   2.9492954e-02   4.3650000e+03
   2.1576077e-02   4.3800000e+03
   6.1878124e-03   4.3950000e+03
  -1.3055885e-02   4.4100000e+03
  -2.8293444e-02   4.4250000e+03
  -3.1933781e-02   4.4400000e+03
  -2.1950724e-02   4.4550000e+03
  -4.0542916e-03   4.4700000e+03
   1.1308849e-02   4.4850000e+03
   1.5302122e-02   4.5000000e+03
