  -1.0424391e-03   0.0000000e+00
  -1.0424415e-03   1.5000000e+01
  -1.0424593e-03   3.0000000e+01
  -1.0425072e-03   4.5000000e+01
  -1.0425820e-03   6.0000000e+01
  -1.0426524e-03   7.5000000e+01
  -1.0426887e-03   9.0000000e+01
  -1.0427035e-03   1.0500000e+02
  -1.0427607e-03   1.2000000e+02
  -1.0429072e-03   1.3500000e+02
  -1.0430977e-03   1.5000000e+02
  -1.0431029e-03   1.6500000e+02
  -1.0422129e-03   1.8000000e+02
  -1.0379727e-03   1.9500000e+02
  -1.0231341e-03   2.1000000e+02
  -9.8238955e-04   2.2500000e+02
  -8.9574524e-04   2.4000000e+02
  -7.5633422e-04   2.5500000e+02
  -5.9561105e-04   2.7000000e+02
  -4.8408765e-04   2.8500000e+02
  -4.8068495e-04   3.0000000e+02
  -5.6492828e-04   3.1500000e+02
  -6.3953246e-04   3.3000000e+02
  -6.3019787e-04   3.4500000e+02
  -5.7099439e-04   3.6000000e+02
  -5.5252365e-04   3.7500000e+02
  -5.9507840e-04   3.9000000e+02
  -6.2994356e-04   4.0500000e+02
  -6.1233377e-04   4.2000000e+02
  -5.8405229e-04   4.3500000e+02
  -5.9386593e-04   4.5000000e+02
  -6.2011601e-04   4.6500000e+02
  -6.2026200e-04   4.8000000e+02
  -6.0514174e-04   4.9500000e+02
  -6.0936471e-04   5.1000000e+02
  -6.2736252e-04   5.2500000e+02
  -6.3139142e-04   5.4000000e+02
  -6.2378932e-04   5.5500000e+02
  -6.2596652e-04   5.7000000e+02
  -6.3693558e-04   5.8500000e+02
  -6.4022158e-04   6.0000000e+02
  -6.3668884e-04   6.1500000e+02
  -6.3951412e-04   6.3000000e+02
  -6.4777920e-04   6.4500000e+02
  -6.5092073e-04   6.6000000e+02
  -6.4943224e-04   6.7500000e+02
  -6.4943096e-04   6.9000000e+02
  -6.4625993e-04   7.0500000e+02
  -6.3011551e-04   7.2000000e+02
  -5.9843995e-04   7.3500000e+02
  -5.5241497e-04   7.5000000e+02
  -4.9307389e-04   7.6500000e+02
  -4.3090223e-04   7.8000000e+02
  -3.9040233e-04   7.9500000e+02
  -3.9533852e-04   8.1000000e+02
  -4.4903217e-04   8.2500000e+02
  -5.2752823e-04   8.4000000e+02
  -5.8935984e-04   8.5500000e+02
  -6.0068321e-04   8.7000000e+02
  -5.6451373e-04   8.8500000e+02
  -5.2423344e-04   9.0000000e+02
  -5.2493281e-04   9.1500000e+02
  -5.6683837e-04   9.3000000e+02
  -6.0569745e-04   9.4500000e+02
  -6.0453231e-04   9.6000000e+02
  -5.7641166e-04   9.7500000e+02
  -5.6505331e-04   9.9000000e+02
  -5.8790675e-04   1.0050000e+03
  -6.1619224e-04   1.0200000e+03
  -6.1764749e-04   1.0350000e+03
  -6.0090353e-04   1.0500000e+03
  -5.9831433e-04   1.0650000e+03
  -6.1576330e-04   1.0800000e+03
  -6.2728842e-04   1.0950000e+03
  -6.1982474e-04   1.1100000e+03
  -6.1339262e-04   1.1250000e+03
  -6.2563067e-04   1.1400000e+03
  -6.4295216e-04   1.1550000e+03
  -6.4577314e-04   1.1700000e+03
  -6.4133620e-04   1.1850000e+03
  -6.4862496e-04   1.2000000e+03
  -6.6622224e-04   1.2150000e+03
  -6.7926722e-04   1.2300000e+03
  -6.8722130e-04   1.2450000e+03
  -7.0089626e-04   1.2600000e+03
  -7.1893545e-04   1.2750000e+03
  -7.2939356e-04   1.2900000e+03
  -7.3076005e-04   1.3050000e+03
  -7.3258544e-04   1.3200000e+03
  -7.3832861e-04   1.3350000e+03
  -7.4371730e-04   1.3500000e+03
  -7.4892369e-04   1.3650000e+03
  -7.5811677e-04   1.3800000e+03
  -7.6976273e-04   1.3950000e+03
  -7.7920913e-04   1.4100000e+03
  -7.8787352e-04   1.4250000e+03
  -7.9986284e-04   1.4400000e+03
  -8.1303332e-04   1.4550000e+03
  -8.2206487e-04   1.4700000e+03
  -8.2680793e-04   1.4850000e+03
  -8.3073875e-04   1.5000000e+03
  -8.3511451e-04   1.5150000e+03
  -8.4011105e-04   1.5300000e+03
  -8.4739103e-04   1.5450000e+03
  -8.5716631e-04   1.5600000e+03
  -8.6662511e-04   1.5750000e+03
  -8.7413518e-04   1.5900000e+03
  -8.8134850e-04   1.6050000e+03
  -8.8998419e-04   1.6200000e+03
  -9.0006727e-04   1.6350000e+03
  -9.1152295e-04   1.6500000e+03
  -9.2438742e-04   1.6650000e+03
  -9.3772280e-04   1.6800000e+03
  -9.5072930e-04   1.6950000e+03
  -9.6426468e-04   1.7100000e+03
  -9.7947521e-04   1.7250000e+03
  -9.9554553e-04   1.7400000e+03
  -1.0099616e-03   1.7550000e+03
  -1.0205508e-03   1.7700000e+03
  -1.0270431e-03   1.7850000e+03
  -1.0313659e-03   1.8000000e+03
  -1.0361824e-03   1.8150000e+03
  -1.0424565e-03   1.8300000e+03
  -1.0492399e-03   1.8450000e+03
  -1.0563133e-03   1.8600000e+03
  -1.0653521e-03   1.8750000e+03
  -1.0774442e-03   1.8900000e+03
  -1.0910513e-03   1.9050000e+03
  -1.1036900e-03   1.9200000e+03
  -1.1144161e-03   1.9350000e+03
  -1.1237352e-03   1.9500000e+03
  -1.1322015e-03   1.9650000e+03
  -1.1403328e-03   1.9800000e+03
  -1.1493259e-03   1.9950000e+03
  -1.1603812e-03   2.0100000e+03
  -1.1729697e-03   2.0250000e+03
  -1.1847735e-03   2.0400000e+03
  -1.1942125e-03   2.0550000e+03
  -1.2025358e-03   2.0700000e+03
  -1.2125497e-03   2.0850000e+03
  -1.2254022e-03   2.1000000e+03
  -1.2394222e-03   2.1150000e+03
  -1.2523216e-03   2.1300000e+03
  -1.2638968e-03   2.1450000e+03
  -1.2761449e-03   2.1600000e+03
  -1.2909235e-03   2.1750000e+03
  -1.3078676e-03   2.1900000e+03
  -1.3247271e-03   2.2050000e+03
  -1.3396234e-03   2.2200000e+03
  -1.3526212e-03   2.2350000e+03
  -1.3650099e-03   2.2500000e+03
  -1.3775922e-03   2.2650000e+03
  -1.3902049e-03   2.2800000e+03
  -1.4026194e-03   2.2950000e+03
  -1.4150646e-03   2.3100000e+03
  -1.4276830e-03   2.3250000e+03
  -1.4400764e-03   2.3400000e+03
  -1.4517570e-03   2.3550000e+03
  -1.4629066e-03   2.3700000e+03
  -1.4743861e-03   2.3850000e+03
  -1.4869368e-03   2.4000000e+03
  -1.5003397e-03   2.4150000e+03
  -1.5134569e-03   2.4300000e+03
  -1.5252823e-03   2.4450000e+03
  -1.5359514e-03   2.4600000e+03
  -1.5465702e-03   2.4750000e+03
  -1.5580361e-03   2.4900000e+03
  -1.5703053e-03   2.5050000e+03
  -1.5829047e-03   2.5200000e+03
  -1.5957986e-03   2.5350000e+03
  -1.6094744e-03   2.5500000e+03
  -1.6244146e-03   2.5650000e+03
  -1.6407706e-03   2.5800000e+03
  -1.6583643e-03   2.5950000e+03
  -1.6767130e-03   2.6100000e+03
  -1.6952276e-03   2.6250000e+03
  -1.7136404e-03   2.6400000e+03
  -1.7321901e-03   2.6550000e+03
  -1.7512222e-03   2.6700000e+03
  -1.7706569e-03   2.6850000e+03
  -1.7899971e-03   2.7000000e+03
  -1.8088028e-03   2.7150000e+03
  -1.8270246e-03   2.7300000e+03
  -1.8449007e-03   2.7450000e+03
  -1.8626109e-03   2.7600000e+03
  -1.8801048e-03   2.7750000e+03
  -1.8972115e-03   2.7900000e+03
  -1.9138630e-03   2.8050000e+03
  -1.9302692e-03   2.8200000e+03
  -1.9468669e-03   2.8350000e+03
  -1.9640788e-03   2.8500000e+03
  -1.9820735e-03   2.8650000e+03
  -2.0007135e-03   2.8800000e+03
  -2.0196666e-03   2.8950000e+03
  -2.0385906e-03   2.9100000e+03
  -2.0572129e-03   2.9250000e+03
  -2.0752025e-03   2.9400000e+03
  -2.0919128e-03   2.9550000e+03
  -2.1063790e-03   2.9700000e+03
  -2.1177055e-03   2.9850000e+03
  -2.1254886e-03   3.0000000e+03
  -2.1298467e-03   3.0150000e+03
  -2.1310772e-03   3.0300000e+03
  -2.1294074e-03   3.0450000e+03
  -2.1249829e-03   3.0600000e+03
  -2.1179221e-03   3.0750000e+03
  -2.1081888e-03   3.0900000e+03
  -2.0953880e-03   3.1050000e+03
  -2.0787623e-03   3.1200000e+03
  -2.0573875e-03   3.1350000e+03
  -2.0303736e-03   3.1500000e+03
  -1.9968248e-03   3.1650000e+03
  -1.9556556e-03   3.1800000e+03
  -1.9055192e-03   3.1950000e+03
  -1.8448193e-03   3.2100000e+03
  -1.7717329e-03   3.2250000e+03
  -1.6841593e-03   3.2400000e+03
  -1.5795295e-03   3.2550000e+03
  -1.4545097e-03   3.2700000e+03
  -1.3047385e-03   3.2850000e+03
  -1.1247469e-03   3.3000000e+03
  -9.0808159e-04   3.3150000e+03
  -6.4728683e-04   3.3300000e+03
  -3.3348743e-04   3.3450000e+03
   4.4299031e-05   3.3600000e+03
   4.9977563e-04   3.3750000e+03
   1.0497302e-03   3.3900000e+03
   1.7142980e-03   3.4050000e+03
   2.5173209e-03   3.4200000e+03
   3.4869390e-03   3.4350000e+03
   4.6561616e-03   3.4500000e+03
   6.0630636e-03   3.4650000e+03
   7.7503519e-03   3.4800000e+03
   9.7643053e-03   3.4950000e+03
   1.2153312e-02   3.5100000e+03
   1.4966024e-02   3.5250000e+03
   1.8249037e-02   3.5400000e+03
   2.2043951e-02   3.5550000e+03
   2.6384138e-02   3.5700000e+03
   3.1291790e-02   3.5850000e+03
   3.6775682e-02   3.6000000e+03
   4.2829696e-02   3.6150000e+03
   4.9431916e-02   3.6300000e+03
   5.6544095e-02   3.6450000e+03
   6.4111188e-02   3.6600000e+03
   7.2060578e-02   3.6750000e+03
   8.0300458e-02   3.6900000e+03
   8.8717364e-02   3.7050000e+03
   9.7173922e-02   3.7200000e+03
   1.0550877e-01   3.7350000e+03
   1.1354133e-01   3.7500000e+03
   1.2108248e-01   3.7650000e+03
   1.2795064e-01   3.7800000e+03
   1.3398965e-01   3.7950000e+03
   1.3908409e-01   3.8100000e+03
   1.4316756e-01   3.8250000e+03
   1.4622122e-01   3.8400000e+03
   1.4826335e-01   3.8550000e+03
   1.4933215e-01   3.8700000e+03
   1.4946677e-01   3.8850000e+03
   1.4869092e-01   3.9000000e+03
   1.4700347e-01   3.9150000e+03
   1.4437850e-01   3.9300000e+03
   1.4077637e-01   3.9450000e+03
   1.3616496e-01   3.9600000e+03
   1.3054755e-01   3.9750000e+03
   1.2399060e-01   3.9900000e+03
   1.1664253e-01   4.0050000e+03
   1.0873469e-01   4.0200000e+03
   1.0055815e-01   4.0350000e+03
   9.2416458e-02   4.0500000e+03
   8.4561147e-02   4.0650000e+03
   7.7125624e-02   4.0800000e+03
   7.0080116e-02   4.0950000e+03
   6.3232362e-02   4.1100000e+03
   5.6289975e-02   4.1250000e+03
   4.8978351e-02   4.1400000e+03
   4.1178692e-02   4.1550000e+03
   3.3028390e-02   4.1700000e+03
   2.4927484e-02   4.1850000e+03
   1.7426873e-02   4.2000000e+03
   1.1026939e-02   4.2150000e+03
   5.9641665e-03   4.2300000e+03
   2.0819558e-03   4.2450000e+03
  -1.1439897e-03   4.2600000e+03
  -4.4184504e-03   4.2750000e+03
  -8.3446484e-03   4.2900000e+03
  -1.3165837e-02   4.3050000e+03
  -1.8650116e-02   4.3200000e+03
  -2.4180928e-02   4.3350000e+03
  -2.9021453e-02   4.3500000e+03
  -3.2634359e-02   4.3650000e+03
  -3.4906849e-02   4.3800000e+03
  -3.6177635e-02   4.3950000e+03
  -3.7066150e-02   4.4100000e+03
  -3.8206935e-02   4.4250000e+03
  -4.0033109e-02   4.4400000e+03
  -4.2705849e-02   4.4550000e+03
  -4.6183199e-02   4.4700000e+03
  -5.0331075e-02   4.4850000e+03
  -5.4967057e-02   4.5000000e+03
