  -3.2686167e-03   0.0000000e+00
  -3.2684414e-03   1.5000000e+01
  -3.2680242e-03   3.0000000e+01
  -3.2676898e-03   4.5000000e+01
  -3.2677064e-03   6.0000000e+01
  -3.2681911e-03   7.5000000e+01
  -3.2692233e-03   9.0000000e+01
  -3.2708722e-03   1.0500000e+02
  -3.2732058e-03   1.2000000e+02
  -3.2763262e-03   1.3500000e+02
  -3.2801908e-03   1.5000000e+02
  -3.2846367e-03   1.6500000e+02
  -3.2896700e-03   1.8000000e+02
  -3.2952402e-03   1.9500000e+02
  -3.3008039e-03   2.1000000e+02
  -3.3057204e-03   2.2500000e+02
  -3.3100436e-03   2.4000000e+02
  -3.3146322e-03   2.5500000e+02
  -3.3203827e-03   2.7000000e+02
  -3.3272868e-03   2.8500000e+02
  -3.3343821e-03   3.0000000e+02
  -3.3407228e-03   3.1500000e+02
  -3.3463633e-03   3.3000000e+02
  -3.3523294e-03   3.4500000e+02
  -3.3597862e-03   3.6000000e+02
  -3.3692939e-03   3.7500000e+02
  -3.3807023e-03   3.9000000e+02
  -3.3936822e-03   4.0500000e+02
  -3.4079035e-03   4.2000000e+02
  -3.4223134e-03   4.3500000e+02
  -3.4353067e-03   4.5000000e+02
  -3.4464132e-03   4.6500000e+02
  -3.4567497e-03   4.8000000e+02
  -3.4673826e-03   4.9500000e+02
  -3.4785594e-03   5.1000000e+02
  -3.4908578e-03   5.2500000e+02
  -3.5056160e-03   5.4000000e+02
  -3.5235542e-03   5.5500000e+02
  -3.5440992e-03   5.7000000e+02
  -3.5667035e-03   5.8500000e+02
  -3.5914844e-03   6.0000000e+02
  -3.6178604e-03   6.1500000e+02
  -3.6443828e-03   6.3000000e+02
  -3.6706999e-03   6.4500000e+02
  -3.6977688e-03   6.6000000e+02
  -3.7259846e-03   6.7500000e+02
  -3.7551713e-03   6.9000000e+02
  -3.7857993e-03   7.0500000e+02
  -3.8183636e-03   7.2000000e+02
  -3.8525416e-03   7.3500000e+02
  -3.8879400e-03   7.5000000e+02
  -3.9244681e-03   7.6500000e+02
  -3.9619394e-03   7.8000000e+02
  -4.0003643e-03   7.9500000e+02
  -4.0402682e-03   8.1000000e+02
  -4.0821289e-03   8.2500000e+02
  -4.1260072e-03   8.4000000e+02
  -4.1717291e-03   8.5500000e+02
  -4.2190929e-03   8.7000000e+02
  -4.2682556e-03   8.8500000e+02
  -4.3198364e-03   9.0000000e+02
  -4.3741837e-03   9.1500000e+02
  -4.4311420e-03   9.3000000e+02
  -4.4909208e-03   9.4500000e+02
  -4.5545781e-03   9.6000000e+02
  -4.6234047e-03   9.7500000e+02
  -4.6981326e-03   9.9000000e+02
  -4.7788220e-03   1.0050000e+03
  -4.8654731e-03   1.0200000e+03
  -4.9586077e-03   1.0350000e+03
  -5.0591426e-03   1.0500000e+03
  -5.1679313e-03   1.0650000e+03
  -5.2855527e-03   1.0800000e+03
  -5.4121818e-03   1.0950000e+03
  -5.5470429e-03   1.1100000e+03
  -5.6878263e-03   1.1250000e+03
  -5.8312877e-03   1.1400000e+03
  -5.9755542e-03   1.1550000e+03
  -6.1224932e-03   1.1700000e+03
  -6.2776743e-03   1.1850000e+03
  -6.4475024e-03   1.2000000e+03
  -6.6360557e-03   1.2150000e+03
  -6.8445783e-03   1.2300000e+03
  -7.0734466e-03   1.2450000e+03
  -7.3236241e-03   1.2600000e+03
  -7.5958529e-03   1.2750000e+03
  -7.8893388e-03   1.2900000e+03
  -8.2024587e-03   1.3050000e+03
  -8.5351430e-03   1.3200000e+03
  -8.8906046e-03   1.3350000e+03
  -9.2756292e-03   1.3500000e+03
  -9.7006727e-03   1.3650000e+03
  -1.0180661e-02   1.3800000e+03
  -1.0735569e-02   1.3950000e+03
  -1.1389402e-02   1.4100000e+03
  -1.2165882e-02   1.4250000e+03
  -1.3075611e-02   1.4400000e+03
  -1.4082625e-02   1.4550000e+03
  -1.5032965e-02   1.4700000e+03
  -1.5531599e-02   1.4850000e+03
  -1.4773303e-02   1.5000000e+03
  -1.1372325e-02   1.5150000e+03
  -3.2920949e-03   1.5300000e+03
   1.1974150e-02   1.5450000e+03
   3.6831245e-02   1.5600000e+03
   7.2606854e-02   1.5750000e+03
   1.1841091e-01   1.5900000e+03
   1.7032516e-01   1.6050000e+03
   2.2148165e-01   1.6200000e+03
   2.6330650e-01   1.6350000e+03
   2.8766233e-01   1.6500000e+03
   2.8916553e-01   1.6650000e+03
   2.6692683e-01   1.6800000e+03
   2.2530471e-01   1.6950000e+03
   1.7348421e-01   1.7100000e+03
   1.2349687e-01   1.7250000e+03
   8.6258292e-02   1.7400000e+03
   6.6376820e-02   1.7550000e+03
   5.8750030e-02   1.7700000e+03
   5.0886892e-02   1.7850000e+03
   3.1688623e-02   1.8000000e+03
   1.1309264e-03   1.8150000e+03
  -2.7927686e-02   1.8300000e+03
  -3.9141104e-02   1.8450000e+03
  -2.5674442e-02   1.8600000e+03
   5.5896845e-03   1.8750000e+03
   4.2241689e-02   1.8900000e+03
   7.6449841e-02   1.9050000e+03
   1.0428300e-01   1.9200000e+03
   1.1575926e-01   1.9350000e+03
   9.0761229e-02   1.9500000e+03
   1.0488988e-02   1.9650000e+03
  -1.2473065e-01   1.9800000e+03
  -2.8829208e-01   1.9950000e+03
  -4.3500528e-01   2.0100000e+03
  -5.1377362e-01   2.0250000e+03
  -4.7968361e-01   2.0400000e+03
  -3.1147653e-01   2.0550000e+03
  -3.4410741e-02   2.0700000e+03
   2.7102593e-01   2.0850000e+03
   4.9504745e-01   2.1000000e+03
   5.5071902e-01   2.1150000e+03
   4.1787979e-01   2.1300000e+03
   1.5357830e-01   2.1450000e+03
  -1.2752780e-01   2.1600000e+03
  -2.9017174e-01   2.1750000e+03
  -2.3232315e-01   2.1900000e+03
   4.8424505e-02   2.2050000e+03
   4.1301399e-01   2.2200000e+03
   6.2045711e-01   2.2350000e+03
   4.6526843e-01   2.2500000e+03
  -5.7000272e-02   2.2650000e+03
  -6.8473107e-01   2.2800000e+03
  -1.0165191e+00   2.2950000e+03
  -7.8481418e-01   2.3100000e+03
  -8.8878363e-02   2.3250000e+03
   6.2376082e-01   2.3400000e+03
   8.7118316e-01   2.3550000e+03
   5.2774376e-01   2.3700000e+03
  -5.2319843e-02   2.3850000e+03
  -3.3690894e-01   2.4000000e+03
  -1.0982926e-01   2.4150000e+03
   3.1363603e-01   2.4300000e+03
   4.0365595e-01   2.4450000e+03
  -1.3607093e-02   2.4600000e+03
  -5.2994794e-01   2.4750000e+03
  -5.6734931e-01   2.4900000e+03
  -2.9194864e-02   2.5050000e+03
   5.4090291e-01   2.5200000e+03
   5.3431118e-01   2.5350000e+03
  -2.1792686e-02   2.5500000e+03
  -4.6664539e-01   2.5650000e+03
  -2.6620489e-01   2.5800000e+03
   3.4174341e-01   2.5950000e+03
   6.1782938e-01   2.6100000e+03
   2.1677290e-01   2.6250000e+03
  -3.8576418e-01   2.6400000e+03
  -4.8320413e-01   2.6550000e+03
  -1.2594980e-02   2.6700000e+03
   3.9718166e-01   2.6850000e+03
   2.5314483e-01   2.7000000e+03
  -1.8717532e-01   2.7150000e+03
  -3.0438787e-01   2.7300000e+03
   4.4329312e-02   2.7450000e+03
   3.6469477e-01   2.7600000e+03
   2.1575314e-01   2.7750000e+03
  -2.1780822e-01   2.7900000e+03
  -4.1376582e-01   2.8050000e+03
  -1.9843152e-01   2.8200000e+03
   1.0442252e-01   2.8350000e+03
   1.6619904e-01   2.8500000e+03
   3.6166627e-02   2.8650000e+03
  -4.8791401e-02   2.8800000e+03
  -2.9012529e-02   2.8950000e+03
  -2.1373816e-02   2.9100000e+03
  -6.0804896e-02   2.9250000e+03
  -4.8418470e-02   2.9400000e+03
   4.1855711e-02   2.9550000e+03
   7.8072801e-02   2.9700000e+03
  -3.7472930e-02   2.9850000e+03
  -2.0184746e-01   3.0000000e+03
  -2.3214063e-01   3.0150000e+03
  -9.8971114e-02   3.0300000e+03
   4.7759838e-02   3.0450000e+03
   6.9656588e-02   3.0600000e+03
  -1.4519352e-02   3.0750000e+03
  -8.0842659e-02   3.0900000e+03
  -4.7786541e-02   3.1050000e+03
   4.9233578e-02   3.1200000e+03
   1.0845126e-01   3.1350000e+03
   7.0660777e-02   3.1500000e+03
  -2.0570362e-02   3.1650000e+03
  -7.0348032e-02   3.1800000e+03
  -4.3081366e-02   3.1950000e+03
   7.8636123e-04   3.2100000e+03
  -7.4536530e-03   3.2250000e+03
  -4.9767148e-02   3.2400000e+03
  -5.2066032e-02   3.2550000e+03
   3.9102556e-03   3.2700000e+03
   4.9229745e-02   3.2850000e+03
   2.1540334e-02   3.3000000e+03
  -4.9193010e-02   3.3150000e+03
  -7.9404868e-02   3.3300000e+03
  -3.7912969e-02   3.3450000e+03
   2.0185476e-02   3.3600000e+03
   2.7155843e-02   3.3750000e+03
  -1.5353014e-02   3.3900000e+03
  -4.5129888e-02   3.4050000e+03
  -2.1869611e-02   3.4200000e+03
   2.2278709e-02   3.4350000e+03
   2.8426996e-02   3.4500000e+03
  -6.8705804e-03   3.4650000e+03
  -2.5669370e-02   3.4800000e+03
   8.5884528e-03   3.4950000e+03
   5.5756737e-02   3.5100000e+03
   5.4842379e-02   3.5250000e+03
   1.1745084e-02   3.5400000e+03
  -1.2919339e-02   3.5550000e+03
   2.1258525e-03   3.5700000e+03
   8.4753120e-03   3.5850000e+03
  -3.1990781e-02   3.6000000e+03
  -8.4634423e-02   3.6150000e+03
  -9.6164785e-02   3.6300000e+03
  -7.7038743e-02   3.6450000e+03
  -8.0360517e-02   3.6600000e+03
  -1.1478298e-01   3.6750000e+03
  -1.3333555e-01   3.6900000e+03
  -1.1228149e-01   3.7050000e+03
  -8.8761829e-02   3.7200000e+03
  -9.8934360e-02   3.7350000e+03
  -1.2061732e-01   3.7500000e+03
  -1.0929006e-01   3.7650000e+03
  -6.1593123e-02   3.7800000e+03
  -6.8182899e-03   3.7950000e+03
   4.4621121e-02   3.8100000e+03
   1.0299546e-01   3.8250000e+03
   1.5667000e-01   3.8400000e+03
   1.6891250e-01   3.8550000e+03
   1.2542389e-01   3.8700000e+03
   5.5365998e-02   3.8850000e+03
  -5.2568689e-03   3.9000000e+03
  -4.6462957e-02   3.9150000e+03
  -6.9537915e-02   3.9300000e+03
  -6.4943552e-02   3.9450000e+03
  -2.6246877e-02   3.9600000e+03
   2.7248878e-02   3.9750000e+03
   6.1754156e-02   3.9900000e+03
   5.8913197e-02   4.0050000e+03
   2.4447877e-02   4.0200000e+03
  -2.4180548e-02   4.0350000e+03
  -6.6387072e-02   4.0500000e+03
  -8.2866460e-02   4.0650000e+03
  -6.7270979e-02   4.0800000e+03
  -3.3263359e-02   4.0950000e+03
  -1.0338027e-03   4.1100000e+03
   2.1209339e-02   4.1250000e+03
   3.5868108e-02   4.1400000e+03
   4.1934446e-02   4.1550000e+03
   3.2995820e-02   4.1700000e+03
   7.6384200e-03   4.1850000e+03
  -2.6292898e-02   4.2000000e+03
  -5.6335930e-02   4.2150000e+03
  -6.7984693e-02   4.2300000e+03
  -4.7458705e-02   4.2450000e+03
   5.7977666e-03   4.2600000e+03
   6.7331687e-02   4.2750000e+03
   9.8511904e-02   4.2900000e+03
   7.7139758e-02   4.3050000e+03
   1.7514434e-02   4.3200000e+03
  -4.0410921e-02   4.3350000e+03
  -6.1112668e-02   4.3500000e+03
  -3.7060793e-02   4.3650000e+03
   9.2980620e-03   4.3800000e+03
   4.3792028e-02   4.3950000e+03
   4.5358993e-02   4.4100000e+03
   1.8508339e-02   4.4250000e+03
  -1.5833069e-02   4.4400000e+03
  -3.9511908e-02   4.4550000e+03
  -4.6452835e-02   4.4700000e+03
  -3.7633397e-02   4.4850000e+03
  -1.4993589e-02   4.5000000e+03
