  -6.4044502e-03   0.0000000e+00
  -6.4040390e-03   1.5000000e+01
  -6.4030937e-03   3.0000000e+01
  -6.4030560e-03   4.5000000e+01
  -6.4067412e-03   6.0000000e+01
  -6.4165965e-03   7.5000000e+01
  -6.4321277e-03   9.0000000e+01
  -6.4507700e-03   1.0500000e+02
  -6.4709848e-03   1.2000000e+02
  -6.4943167e-03   1.3500000e+02
  -6.5244292e-03   1.5000000e+02
  -6.5636095e-03   1.6500000e+02
  -6.6119195e-03   1.8000000e+02
  -6.6697113e-03   1.9500000e+02
  -6.7385761e-03   2.1000000e+02
  -6.8201264e-03   2.2500000e+02
  -6.9139898e-03   2.4000000e+02
  -7.0159649e-03   2.5500000e+02
  -7.1198493e-03   2.7000000e+02
  -7.2227404e-03   2.8500000e+02
  -7.3272716e-03   3.0000000e+02
  -7.4371402e-03   3.1500000e+02
  -7.5508114e-03   3.3000000e+02
  -7.6603191e-03   3.4500000e+02
  -7.7547668e-03   3.6000000e+02
  -7.8242170e-03   3.7500000e+02
  -7.8639183e-03   3.9000000e+02
  -7.8767315e-03   4.0500000e+02
  -7.8668706e-03   4.2000000e+02
  -7.8287339e-03   4.3500000e+02
  -7.7465530e-03   4.5000000e+02
  -7.6070963e-03   4.6500000e+02
  -7.4081179e-03   4.8000000e+02
  -7.1537620e-03   4.9500000e+02
  -6.8460023e-03   5.1000000e+02
  -6.4792065e-03   5.2500000e+02
  -6.0384073e-03   5.4000000e+02
  -5.5013802e-03   5.5500000e+02
  -4.8424439e-03   5.7000000e+02
  -4.0363092e-03   5.8500000e+02
  -3.0596170e-03   6.0000000e+02
  -1.8852280e-03   6.1500000e+02
  -4.7504727e-04   6.3000000e+02
   1.2187946e-03   6.4500000e+02
   3.2550858e-03   6.6000000e+02
   5.7166833e-03   6.7500000e+02
   8.7159313e-03   6.9000000e+02
   1.2380778e-02   7.0500000e+02
   1.6847402e-02   7.2000000e+02
   2.2282327e-02   7.3500000e+02
   2.8924651e-02   7.5000000e+02
   3.7127197e-02   7.6500000e+02
   4.7380518e-02   7.8000000e+02
   6.0309302e-02   7.9500000e+02
   7.6641589e-02   8.1000000e+02
   9.7166069e-02   8.2500000e+02
   1.2269499e-01   8.4000000e+02
   1.5402445e-01   8.5500000e+02
   1.9184567e-01   8.7000000e+02
   2.3655079e-01   8.8500000e+02
   2.8791177e-01   9.0000000e+02
   3.4467825e-01   9.1500000e+02
   4.0422341e-01   9.3000000e+02
   4.6242580e-01   9.4500000e+02
   5.1392388e-01   9.6000000e+02
   5.5272496e-01   9.7500000e+02
   5.7305104e-01   9.9000000e+02
   5.7033885e-01   1.0050000e+03
   5.4231226e-01   1.0200000e+03
   4.8985472e-01   1.0350000e+03
   4.1719878e-01   1.0500000e+03
   3.3111256e-01   1.0650000e+03
   2.3933686e-01   1.0800000e+03
   1.4901362e-01   1.0950000e+03
   6.5728873e-02   1.1100000e+03
  -6.8136002e-03   1.1250000e+03
  -6.6899069e-02   1.1400000e+03
  -1.1481808e-01   1.1550000e+03
  -1.5230675e-01   1.1700000e+03
  -1.8107249e-01   1.1850000e+03
  -2.0129524e-01   1.2000000e+03
  -2.1178019e-01   1.2150000e+03
  -2.1204677e-01   1.2300000e+03
  -2.0412907e-01   1.2450000e+03
  -1.9169179e-01   1.2600000e+03
  -1.7726356e-01   1.2750000e+03
  -1.6097112e-01   1.2900000e+03
  -1.4222972e-01   1.3050000e+03
  -1.2185611e-01   1.3200000e+03
  -1.0177701e-01   1.3350000e+03
  -8.3181433e-02   1.3500000e+03
  -6.5920047e-02   1.3650000e+03
  -4.9610782e-02   1.3800000e+03
  -3.4487996e-02   1.3950000e+03
  -2.1060580e-02   1.4100000e+03
  -9.6189799e-03   1.4250000e+03
  -3.0826131e-04   1.4400000e+03
   6.7723617e-03   1.4550000e+03
   1.1758210e-02   1.4700000e+03
   1.5030480e-02   1.4850000e+03
   1.6922962e-02   1.5000000e+03
   1.7610427e-02   1.5150000e+03
   1.7328551e-02   1.5300000e+03
   1.6528562e-02   1.5450000e+03
   1.5759476e-02   1.5600000e+03
   1.5497912e-02   1.5750000e+03
   1.6127968e-02   1.5900000e+03
   1.8011762e-02   1.6050000e+03
   2.1483120e-02   1.6200000e+03
   2.6700288e-02   1.6350000e+03
   3.3478860e-02   1.6500000e+03
   4.1277200e-02   1.6650000e+03
   4.9337029e-02   1.6800000e+03
   5.6833088e-02   1.6950000e+03
   6.2953979e-02   1.7100000e+03
   6.6955552e-02   1.7250000e+03
   6.8223275e-02   1.7400000e+03
   6.6326655e-02   1.7550000e+03
   6.1038677e-02   1.7700000e+03
   5.2316640e-02   1.7850000e+03
   4.0279970e-02   1.8000000e+03
   2.5224313e-02   1.8150000e+03
   7.6426016e-03   1.8300000e+03
  -1.1809533e-02   1.8450000e+03
  -3.2392152e-02   1.8600000e+03
  -5.3332306e-02   1.8750000e+03
  -7.3820971e-02   1.8900000e+03
  -9.2981458e-02   1.9050000e+03
  -1.0984581e-01   1.9200000e+03
  -1.2339459e-01   1.9350000e+03
  -1.3271493e-01   1.9500000e+03
  -1.3725077e-01   1.9650000e+03
  -1.3702516e-01   1.9800000e+03
  -1.3270865e-01   1.9950000e+03
  -1.2548450e-01   2.0100000e+03
  -1.1675964e-01   2.0250000e+03
  -1.0784850e-01   2.0400000e+03
  -9.9765554e-02   2.0550000e+03
  -9.3185209e-02   2.0700000e+03
  -8.8520244e-02   2.0850000e+03
  -8.6018339e-02   2.1000000e+03
  -8.5801452e-02   2.1150000e+03
  -8.7831877e-02   2.1300000e+03
  -9.1840006e-02   2.1450000e+03
  -9.7279973e-02   2.1600000e+03
  -1.0338166e-01   2.1750000e+03
  -1.0931308e-01   2.1900000e+03
  -1.1436988e-01   2.2050000e+03
  -1.1805999e-01   2.2200000e+03
  -1.2002841e-01   2.2350000e+03
  -1.1991274e-01   2.2500000e+03
  -1.1729000e-01   2.2650000e+03
  -1.1179923e-01   2.2800000e+03
  -1.0336901e-01   2.2950000e+03
  -9.2379451e-02   2.3100000e+03
  -7.9623535e-02   2.3250000e+03
  -6.6069029e-02   2.3400000e+03
  -5.2548397e-02   2.3550000e+03
  -3.9539147e-02   2.3700000e+03
  -2.7136728e-02   2.3850000e+03
  -1.5208376e-02   2.4000000e+03
  -3.6068910e-03   2.4150000e+03
   7.7071148e-03   2.4300000e+03
   1.8685358e-02   2.4450000e+03
   2.9243384e-02   2.4600000e+03
   3.9188102e-02   2.4750000e+03
   4.8026897e-02   2.4900000e+03
   5.4874625e-02   2.5050000e+03
   5.8679800e-02   2.5200000e+03
   5.8736835e-02   2.5350000e+03
   5.5169851e-02   2.5500000e+03
   4.9044095e-02   2.5650000e+03
   4.2013813e-02   2.5800000e+03
   3.5713740e-02   2.5950000e+03
   3.1203490e-02   2.6100000e+03
   2.8667646e-02   2.6250000e+03
   2.7427647e-02   2.6400000e+03
   2.6245035e-02   2.6550000e+03
   2.3841251e-02   2.6700000e+03
   1.9454544e-02   2.6850000e+03
   1.3160178e-02   2.7000000e+03
   5.7451627e-03   2.7150000e+03
  -1.8060388e-03   2.7300000e+03
  -8.8697448e-03   2.7450000e+03
  -1.5388869e-02   2.7600000e+03
  -2.1600056e-02   2.7750000e+03
  -2.7539119e-02   2.7900000e+03
  -3.2749176e-02   2.8050000e+03
  -3.6426205e-02   2.8200000e+03
  -3.7870258e-02   2.8350000e+03
  -3.6888219e-02   2.8500000e+03
  -3.3873711e-02   2.8650000e+03
  -2.9554350e-02   2.8800000e+03
  -2.4614602e-02   2.8950000e+03
  -1.9437876e-02   2.9100000e+03
  -1.4086490e-02   2.9250000e+03
  -8.4640337e-03   2.9400000e+03
  -2.5019455e-03   2.9550000e+03
   3.7557946e-03   2.9700000e+03
   1.0174450e-02   2.9850000e+03
   1.6573839e-02   3.0000000e+03
   2.2734592e-02   3.0150000e+03
   2.8377274e-02   3.0300000e+03
   3.3157356e-02   3.0450000e+03
   3.6692351e-02   3.0600000e+03
   3.8611624e-02   3.0750000e+03
   3.8620647e-02   3.0900000e+03
   3.6571722e-02   3.1050000e+03
   3.2518163e-02   3.1200000e+03
   2.6723897e-02   3.1350000e+03
   1.9621292e-02   3.1500000e+03
   1.1737726e-02   3.1650000e+03
   3.6254642e-03   3.1800000e+03
  -4.1768290e-03   3.1950000e+03
  -1.1150600e-02   3.2100000e+03
  -1.6811557e-02   3.2250000e+03
  -2.0781888e-02   3.2400000e+03
  -2.2917345e-02   3.2550000e+03
  -2.3405015e-02   3.2700000e+03
  -2.2732569e-02   3.2850000e+03
  -2.1519918e-02   3.3000000e+03
  -2.0316109e-02   3.3150000e+03
  -1.9478792e-02   3.3300000e+03
  -1.9160917e-02   3.3450000e+03
  -1.9343117e-02   3.3600000e+03
  -1.9862086e-02   3.3750000e+03
  -2.0451201e-02   3.3900000e+03
  -2.0821657e-02   3.4050000e+03
  -2.0753462e-02   3.4200000e+03
  -2.0130862e-02   3.4350000e+03
  -1.8910730e-02   3.4500000e+03
  -1.7088296e-02   3.4650000e+03
  -1.4715875e-02   3.4800000e+03
  -1.1943548e-02   3.4950000e+03
  -9.0036457e-03   3.5100000e+03
  -6.1226021e-03   3.5250000e+03
  -3.4369715e-03   3.5400000e+03
  -9.9401886e-04   3.5550000e+03
   1.1746190e-03   3.5700000e+03
   2.9913653e-03   3.5850000e+03
   4.3415502e-03   3.6000000e+03
   5.1298412e-03   3.6150000e+03
   5.3246384e-03   3.6300000e+03
   4.9627284e-03   3.6450000e+03
   4.1275024e-03   3.6600000e+03
   2.9182096e-03   3.6750000e+03
   1.4147630e-03   3.6900000e+03
  -3.5335380e-04   3.7050000e+03
  -2.4131751e-03   3.7200000e+03
  -4.8169452e-03   3.7350000e+03
  -7.5884927e-03   3.7500000e+03
  -1.0677890e-02   3.7650000e+03
  -1.3945128e-02   3.7800000e+03
  -1.7175401e-02   3.7950000e+03
  -2.0118672e-02   3.8100000e+03
  -2.2541519e-02   3.8250000e+03
  -2.4274236e-02   3.8400000e+03
  -2.5238147e-02   3.8550000e+03
  -2.5450528e-02   3.8700000e+03
  -2.5015732e-02   3.8850000e+03
  -2.4108218e-02   3.9000000e+03
  -2.2942182e-02   3.9150000e+03
  -2.1721555e-02   3.9300000e+03
  -2.0578288e-02   3.9450000e+03
  -1.9524423e-02   3.9600000e+03
  -1.8446760e-02   3.9750000e+03
  -1.7154904e-02   3.9900000e+03
  -1.5463863e-02   4.0050000e+03
  -1.3273225e-02   4.0200000e+03
  -1.0613264e-02   4.0350000e+03
  -7.6544615e-03   4.0500000e+03
  -4.6922024e-03   4.0650000e+03
  -2.1098945e-03   4.0800000e+03
  -3.1197077e-04   4.0950000e+03
   3.7054587e-04   4.1100000e+03
  -2.2868816e-04   4.1250000e+03
  -2.0645210e-03   4.1400000e+03
  -4.8964755e-03   4.1550000e+03
  -8.3521325e-03   4.1700000e+03
  -1.2007225e-02   4.1850000e+03
  -1.5460960e-02   4.2000000e+03
  -1.8397992e-02   4.2150000e+03
  -2.0631718e-02   4.2300000e+03
  -2.2122482e-02   4.2450000e+03
  -2.2967009e-02   4.2600000e+03
  -2.3359155e-02   4.2750000e+03
  -2.3522027e-02   4.2900000e+03
  -2.3616623e-02   4.3050000e+03
  -2.3653479e-02   4.3200000e+03
  -2.3459326e-02   4.3350000e+03
  -2.2744343e-02   4.3500000e+03
  -2.1257428e-02   4.3650000e+03
  -1.8943248e-02   4.3800000e+03
  -1.5994491e-02   4.3950000e+03
  -1.2757374e-02   4.4100000e+03
  -9.5509784e-03   4.4250000e+03
  -6.5193181e-03   4.4400000e+03
  -3.6089127e-03   4.4550000e+03
  -6.8181352e-04   4.4700000e+03
   2.3090038e-03   4.4850000e+03
   5.1957197e-03   4.5000000e+03
