  -1.1863197e-03   0.0000000e+00
  -1.1863215e-03   1.5000000e+01
  -1.1863430e-03   3.0000000e+01
  -1.1864031e-03   4.5000000e+01
  -1.1864874e-03   6.0000000e+01
  -1.1865440e-03   7.5000000e+01
  -1.1865363e-03   9.0000000e+01
  -1.1865039e-03   1.0500000e+02
  -1.1865456e-03   1.2000000e+02
  -1.1867335e-03   1.3500000e+02
  -1.1869920e-03   1.5000000e+02
  -1.1869863e-03   1.6500000e+02
  -1.1858629e-03   1.8000000e+02
  -1.1808506e-03   1.9500000e+02
  -1.1637851e-03   2.1000000e+02
  -1.1173657e-03   2.2500000e+02
  -1.0189199e-03   2.4000000e+02
  -8.6065021e-04   2.5500000e+02
  -6.7824306e-04   2.7000000e+02
  -5.5170519e-04   2.8500000e+02
  -5.4788362e-04   3.0000000e+02
  -6.4352632e-04   3.1500000e+02
  -7.2823925e-04   3.3000000e+02
  -7.1773137e-04   3.4500000e+02
  -6.5063767e-04   3.6000000e+02
  -6.2969129e-04   3.7500000e+02
  -6.7787443e-04   3.9000000e+02
  -7.1730436e-04   4.0500000e+02
  -6.9729402e-04   4.2000000e+02
  -6.6528271e-04   4.3500000e+02
  -6.7652209e-04   4.5000000e+02
  -7.0641644e-04   4.6500000e+02
  -7.0668623e-04   4.8000000e+02
  -6.8958581e-04   4.9500000e+02
  -6.9437211e-04   5.1000000e+02
  -7.1478292e-04   5.2500000e+02
  -7.1937009e-04   5.4000000e+02
  -7.1076740e-04   5.5500000e+02
  -7.1324268e-04   5.7000000e+02
  -7.2565518e-04   5.8500000e+02
  -7.2929740e-04   6.0000000e+02
  -7.2515005e-04   6.1500000e+02
  -7.2821777e-04   6.3000000e+02
  -7.3757139e-04   6.4500000e+02
  -7.4132811e-04   6.6000000e+02
  -7.4014417e-04   6.7500000e+02
  -7.4125401e-04   6.9000000e+02
  -7.4013334e-04   7.0500000e+02
  -7.2693400e-04   7.2000000e+02
  -7.0027565e-04   7.3500000e+02
  -6.6254387e-04   7.5000000e+02
  -6.1430439e-04   7.6500000e+02
  -5.6398992e-04   7.8000000e+02
  -5.3321430e-04   7.9500000e+02
  -5.4258062e-04   8.1000000e+02
  -5.9378071e-04   8.2500000e+02
  -6.6522043e-04   8.4000000e+02
  -7.2136417e-04   8.5500000e+02
  -7.3357648e-04   8.7000000e+02
  -7.0487842e-04   8.8500000e+02
  -6.7331537e-04   9.0000000e+02
  -6.7816593e-04   9.1500000e+02
  -7.1895018e-04   9.3000000e+02
  -7.5634097e-04   9.4500000e+02
  -7.5820769e-04   9.6000000e+02
  -7.3668937e-04   9.7500000e+02
  -7.3037174e-04   9.9000000e+02
  -7.5433229e-04   1.0050000e+03
  -7.8303786e-04   1.0200000e+03
  -7.8788027e-04   1.0350000e+03
  -7.7616604e-04   1.0500000e+03
  -7.7642483e-04   1.0650000e+03
  -7.9434476e-04   1.0800000e+03
  -8.0738071e-04   1.0950000e+03
  -8.0365583e-04   1.1100000e+03
  -8.0037961e-04   1.1250000e+03
  -8.1342703e-04   1.1400000e+03
  -8.3163904e-04   1.1550000e+03
  -8.3817937e-04   1.1700000e+03
  -8.3929760e-04   1.1850000e+03
  -8.5160520e-04   1.2000000e+03
  -8.7390619e-04   1.2150000e+03
  -8.9277711e-04   1.2300000e+03
  -9.0699771e-04   1.2450000e+03
  -9.2561077e-04   1.2600000e+03
  -9.4759988e-04   1.2750000e+03
  -9.6288777e-04   1.2900000e+03
  -9.7035675e-04   1.3050000e+03
  -9.7835599e-04   1.3200000e+03
  -9.8971254e-04   1.3350000e+03
  -1.0004140e-03   1.3500000e+03
  -1.0106310e-03   1.3650000e+03
  -1.0245084e-03   1.3800000e+03
  -1.0412214e-03   1.3950000e+03
  -1.0567310e-03   1.4100000e+03
  -1.0718859e-03   1.4250000e+03
  -1.0899685e-03   1.4400000e+03
  -1.1091243e-03   1.4550000e+03
  -1.1247214e-03   1.4700000e+03
  -1.1363139e-03   1.4850000e+03
  -1.1466172e-03   1.5000000e+03
  -1.1570477e-03   1.5150000e+03
  -1.1685644e-03   1.5300000e+03
  -1.1829854e-03   1.5450000e+03
  -1.2000691e-03   1.5600000e+03
  -1.2168891e-03   1.5750000e+03
  -1.2322087e-03   1.5900000e+03
  -1.2480054e-03   1.6050000e+03
  -1.2658524e-03   1.6200000e+03
  -1.2852137e-03   1.6350000e+03
  -1.3055394e-03   1.6500000e+03
  -1.3269149e-03   1.6650000e+03
  -1.3486887e-03   1.6800000e+03
  -1.3699484e-03   1.6950000e+03
  -1.3911721e-03   1.7100000e+03
  -1.4137680e-03   1.7250000e+03
  -1.4381465e-03   1.7400000e+03
  -1.4629530e-03   1.7550000e+03
  -1.4857994e-03   1.7700000e+03
  -1.5048911e-03   1.7850000e+03
  -1.5207563e-03   1.8000000e+03
  -1.5358882e-03   1.8150000e+03
  -1.5520329e-03   1.8300000e+03
  -1.5688097e-03   1.8450000e+03
  -1.5857150e-03   1.8600000e+03
  -1.6038138e-03   1.8750000e+03
  -1.6241611e-03   1.8900000e+03
  -1.6459369e-03   1.9050000e+03
  -1.6674547e-03   1.9200000e+03
  -1.6880832e-03   1.9350000e+03
  -1.7081195e-03   1.9500000e+03
  -1.7277380e-03   1.9650000e+03
  -1.7472741e-03   1.9800000e+03
  -1.7679558e-03   1.9950000e+03
  -1.7910847e-03   2.0100000e+03
  -1.8164010e-03   2.0250000e+03
  -1.8421988e-03   2.0400000e+03
  -1.8674451e-03   2.0550000e+03
  -1.8930825e-03   2.0700000e+03
  -1.9207789e-03   2.0850000e+03
  -1.9507661e-03   2.1000000e+03
  -1.9814633e-03   2.1150000e+03
  -2.0110419e-03   2.1300000e+03
  -2.0389846e-03   2.1450000e+03
  -2.0662826e-03   2.1600000e+03
  -2.0944907e-03   2.1750000e+03
  -2.1245126e-03   2.1900000e+03
  -2.1560423e-03   2.2050000e+03
  -2.1882034e-03   2.2200000e+03
  -2.2206095e-03   2.2350000e+03
  -2.2533382e-03   2.2500000e+03
  -2.2860314e-03   2.2650000e+03
  -2.3177948e-03   2.2800000e+03
  -2.3482130e-03   2.2950000e+03
  -2.3778584e-03   2.3100000e+03
  -2.4074684e-03   2.3250000e+03
  -2.4371056e-03   2.3400000e+03
  -2.4664840e-03   2.3550000e+03
  -2.4956232e-03   2.3700000e+03
  -2.5247454e-03   2.3850000e+03
  -2.5538283e-03   2.4000000e+03
  -2.5827545e-03   2.4150000e+03
  -2.6119554e-03   2.4300000e+03
  -2.6425798e-03   2.4450000e+03
  -2.6755650e-03   2.4600000e+03
  -2.7103769e-03   2.4750000e+03
  -2.7447941e-03   2.4900000e+03
  -2.7763369e-03   2.5050000e+03
  -2.8042959e-03   2.5200000e+03
  -2.8303314e-03   2.5350000e+03
  -2.8568234e-03   2.5500000e+03
  -2.8844960e-03   2.5650000e+03
  -2.9114927e-03   2.5800000e+03
  -2.9344431e-03   2.5950000e+03
  -2.9503219e-03   2.6100000e+03
  -2.9575815e-03   2.6250000e+03
  -2.9557166e-03   2.6400000e+03
  -2.9434271e-03   2.6550000e+03
  -2.9168292e-03   2.6700000e+03
  -2.8694884e-03   2.6850000e+03
  -2.7941561e-03   2.7000000e+03
  -2.6839511e-03   2.7150000e+03
  -2.5310509e-03   2.7300000e+03
  -2.3236165e-03   2.7450000e+03
  -2.0434235e-03   2.7600000e+03
  -1.6652527e-03   2.7750000e+03
  -1.1563326e-03   2.7900000e+03
  -4.7346693e-04   2.8050000e+03
   4.4239894e-04   2.8200000e+03
   1.6722031e-03   2.8350000e+03
   3.3236193e-03   2.8500000e+03
   5.5352035e-03   2.8650000e+03
   8.4815305e-03   2.8800000e+03
   1.2379104e-02   2.8950000e+03
   1.7489119e-02   2.9100000e+03
   2.4111005e-02   2.9250000e+03
   3.2561801e-02   2.9400000e+03
   4.3138865e-02   2.9550000e+03
   5.6065150e-02   2.9700000e+03
   7.1418285e-02   2.9850000e+03
   8.9049682e-02   3.0000000e+03
   1.0850896e-01   3.0150000e+03
   1.2899800e-01   3.0300000e+03
   1.4938144e-01   3.0450000e+03
   1.6827397e-01   3.0600000e+03
   1.8420617e-01   3.0750000e+03
   1.9584692e-01   3.0900000e+03
   2.0223208e-01   3.1050000e+03
   2.0292994e-01   3.1200000e+03
   1.9807300e-01   3.1350000e+03
   1.8821707e-01   3.1500000e+03
   1.7404975e-01   3.1650000e+03
   1.5604371e-01   3.1800000e+03
   1.3420044e-01   3.1950000e+03
   1.0802644e-01   3.2100000e+03
   7.6811664e-02   3.2250000e+03
   4.0159542e-02   3.2400000e+03
  -1.4046653e-03   3.2550000e+03
  -4.5988571e-02   3.2700000e+03
  -9.0264179e-02   3.2850000e+03
  -1.2986833e-01   3.3000000e+03
  -1.6019455e-01   3.3150000e+03
  -1.7735508e-01   3.3300000e+03
  -1.7903458e-01   3.3450000e+03
  -1.6500539e-01   3.3600000e+03
  -1.3719901e-01   3.3750000e+03
  -9.9374063e-02   3.3900000e+03
  -5.6530047e-02   3.4050000e+03
  -1.4250107e-02   3.4200000e+03
   2.1897675e-02   3.4350000e+03
   4.6882614e-02   3.4500000e+03
   5.6747526e-02   3.4650000e+03
   4.9271051e-02   3.4800000e+03
   2.4755757e-02   3.4950000e+03
  -1.3276523e-02   3.5100000e+03
  -5.7898879e-02   3.5250000e+03
  -9.9535584e-02   3.5400000e+03
  -1.2783037e-01   3.5550000e+03
  -1.3431609e-01   3.5700000e+03
  -1.1509217e-01   3.5850000e+03
  -7.2494343e-02   3.6000000e+03
  -1.4948423e-02   3.6150000e+03
   4.5190249e-02   3.6300000e+03
   9.5219754e-02   3.6450000e+03
   1.2586522e-01   3.6600000e+03
   1.3382706e-01   3.6750000e+03
   1.2210157e-01   3.6900000e+03
   9.7969018e-02   3.7050000e+03
   6.9559969e-02   3.7200000e+03
   4.2563941e-02   3.7350000e+03
   1.8573970e-02   3.7500000e+03
  -4.2583691e-03   3.7650000e+03
  -2.8770531e-02   3.7800000e+03
  -5.5984322e-02   3.7950000e+03
  -8.3543554e-02   3.8100000e+03
  -1.0625167e-01   3.8250000e+03
  -1.1836590e-01   3.8400000e+03
  -1.1634972e-01   3.8550000e+03
  -1.0062648e-01   3.8700000e+03
  -7.5543672e-02   3.8850000e+03
  -4.7761735e-02   3.9000000e+03
  -2.3986595e-02   3.9150000e+03
  -9.0326341e-03   3.9300000e+03
  -4.7741327e-03   3.9450000e+03
  -1.0037062e-02   3.9600000e+03
  -2.1218196e-02   3.9750000e+03
  -3.3397112e-02   3.9900000e+03
  -4.1720528e-02   4.0050000e+03
  -4.2748887e-02   4.0200000e+03
  -3.5353865e-02   4.0350000e+03
  -2.0843344e-02   4.0500000e+03
  -2.3182889e-03   4.0650000e+03
   1.6375061e-02   4.0800000e+03
   3.1633154e-02   4.0950000e+03
   4.0781159e-02   4.1100000e+03
   4.2513516e-02   4.1250000e+03
   3.7199173e-02   4.1400000e+03
   2.6931545e-02   4.1550000e+03
   1.5011495e-02   4.1700000e+03
   4.7611161e-03   4.1850000e+03
  -1.8531338e-03   4.2000000e+03
  -4.8738439e-03   4.2150000e+03
  -5.6474665e-03   4.2300000e+03
  -5.1273620e-03   4.2450000e+03
  -2.5302500e-03   4.2600000e+03
   4.3164412e-03   4.2750000e+03
   1.6859595e-02   4.2900000e+03
   3.3496294e-02   4.3050000e+03
   4.9164359e-02   4.3200000e+03
   5.7723880e-02   4.3350000e+03
   5.5750936e-02   4.3500000e+03
   4.4961981e-02   4.3650000e+03
   3.1280037e-02   4.3800000e+03
   2.1072187e-02   4.3950000e+03
   1.7308421e-02   4.4100000e+03
   1.8439729e-02   4.4250000e+03
   2.0599470e-02   4.4400000e+03
   2.1120820e-02   4.4550000e+03
   2.0477211e-02   4.4700000e+03
   2.1235207e-02   4.4850000e+03
   2.5133150e-02   4.5000000e+03
