   3.4337903e-03   0.0000000e+00
   3.4330583e-03   1.5000000e+01
   3.4307167e-03   3.0000000e+01
   3.4264941e-03   4.5000000e+01
   3.4203231e-03   6.0000000e+01
   3.4121512e-03   7.5000000e+01
   3.4019167e-03   9.0000000e+01
   3.3898104e-03   1.0500000e+02
   3.3760311e-03   1.2000000e+02
   3.3603800e-03   1.3500000e+02
   3.3425768e-03   1.5000000e+02
   3.3226348e-03   1.6500000e+02
   3.3006107e-03   1.8000000e+02
   3.2764166e-03   1.9500000e+02
   3.2500732e-03   2.1000000e+02
   3.2218560e-03   2.2500000e+02
   3.1921277e-03   2.4000000e+02
   3.1610611e-03   2.5500000e+02
   3.1284478e-03   2.7000000e+02
   3.0937721e-03   2.8500000e+02
   3.0565062e-03   3.0000000e+02
   3.0163995e-03   3.1500000e+02
   2.9735295e-03   3.3000000e+02
   2.9281373e-03   3.4500000e+02
   2.8805675e-03   3.6000000e+02
   2.8311720e-03   3.7500000e+02
   2.7799774e-03   3.9000000e+02
   2.7266636e-03   4.0500000e+02
   2.6708990e-03   4.2000000e+02
   2.6120828e-03   4.3500000e+02
   2.5485295e-03   4.5000000e+02
   2.4762303e-03   4.6500000e+02
   2.3861928e-03   4.8000000e+02
   2.2609520e-03   4.9500000e+02
   2.0742440e-03   5.1000000e+02
   1.7993617e-03   5.2500000e+02
   1.4292481e-03   5.4000000e+02
   1.0020557e-03   5.5500000e+02
   6.1125390e-04   5.7000000e+02
   3.7417098e-04   5.8500000e+02
   3.5706011e-04   6.0000000e+02
   5.0439901e-04   6.1500000e+02
   6.4855040e-04   6.3000000e+02
   6.2680588e-04   6.4500000e+02
   4.2052774e-04   6.6000000e+02
   1.7244452e-04   6.7500000e+02
   3.9972110e-05   6.9000000e+02
   3.0385763e-05   7.0500000e+02
   9.4420102e-06   7.2000000e+02
  -1.2090527e-04   7.3500000e+02
  -2.9710346e-04   7.5000000e+02
  -3.8205553e-04   7.6500000e+02
  -3.4174608e-04   7.8000000e+02
  -2.6522877e-04   7.9500000e+02
  -2.1523434e-04   8.1000000e+02
  -1.4650359e-04   8.2500000e+02
  -1.0101985e-05   8.4000000e+02
   1.4456314e-04   8.5500000e+02
   2.5256813e-04   8.7000000e+02
   3.6261030e-04   8.8500000e+02
   5.7879701e-04   9.0000000e+02
   8.9730188e-04   9.1500000e+02
   1.2147282e-03   9.3000000e+02
   1.5033768e-03   9.4500000e+02
   1.8664673e-03   9.6000000e+02
   2.3976595e-03   9.7500000e+02
   3.0944424e-03   9.9000000e+02
   3.9456682e-03   1.0050000e+03
   5.0054463e-03   1.0200000e+03
   6.3429917e-03   1.0350000e+03
   8.0115469e-03   1.0500000e+03
   1.0105480e-02   1.0650000e+03
   1.2773003e-02   1.0800000e+03
   1.6151154e-02   1.0950000e+03
   2.0361591e-02   1.1100000e+03
   2.5582559e-02   1.1250000e+03
   3.2049458e-02   1.1400000e+03
   3.9961718e-02   1.1550000e+03
   4.9441725e-02   1.1700000e+03
   6.0601365e-02   1.1850000e+03
   7.3604889e-02   1.2000000e+03
   8.8639066e-02   1.2150000e+03
   1.0583389e-01   1.2300000e+03
   1.2521291e-01   1.2450000e+03
   1.4667864e-01   1.2600000e+03
   1.6999437e-01   1.2750000e+03
   1.9476935e-01   1.2900000e+03
   2.2048292e-01   1.3050000e+03
   2.4651854e-01   1.3200000e+03
   2.7214280e-01   1.3350000e+03
   2.9645699e-01   1.3500000e+03
   3.1843564e-01   1.3650000e+03
   3.3708104e-01   1.3800000e+03
   3.5157588e-01   1.3950000e+03
   3.6131251e-01   1.4100000e+03
   3.6582237e-01   1.4250000e+03
   3.6474383e-01   1.4400000e+03
   3.5793090e-01   1.4550000e+03
   3.4564435e-01   1.4700000e+03
   3.2863912e-01   1.4850000e+03
   3.0802941e-01   1.5000000e+03
   2.8501970e-01   1.5150000e+03
   2.6069155e-01   1.5300000e+03
   2.3592544e-01   1.5450000e+03
   2.1138319e-01   1.5600000e+03
   1.8748577e-01   1.5750000e+03
   1.6442825e-01   1.5900000e+03
   1.4229384e-01   1.6050000e+03
   1.2120837e-01   1.6200000e+03
   1.0138510e-01   1.6350000e+03
   8.3004825e-02   1.6500000e+03
   6.6071257e-02   1.6650000e+03
   5.0423812e-02   1.6800000e+03
   3.5900876e-02   1.6950000e+03
   2.2467863e-02   1.7100000e+03
   1.0188153e-02   1.7250000e+03
  -8.8713370e-04   1.7400000e+03
  -1.0775283e-02   1.7550000e+03
  -1.9541897e-02   1.7700000e+03
  -2.7268227e-02   1.7850000e+03
  -3.4041069e-02   1.8000000e+03
  -3.9963312e-02   1.8150000e+03
  -4.5187343e-02   1.8300000e+03
  -4.9944751e-02   1.8450000e+03
  -5.4497890e-02   1.8600000e+03
  -5.9000295e-02   1.8750000e+03
  -6.3396730e-02   1.8900000e+03
  -6.7496374e-02   1.9050000e+03
  -7.1152337e-02   1.9200000e+03
  -7.4341021e-02   1.9350000e+03
  -7.7069819e-02   1.9500000e+03
  -7.9269081e-02   1.9650000e+03
  -8.0824777e-02   1.9800000e+03
  -8.1697471e-02   1.9950000e+03
  -8.1962228e-02   2.0100000e+03
  -8.1729069e-02   2.0250000e+03
  -8.1058085e-02   2.0400000e+03
  -7.9961002e-02   2.0550000e+03
  -7.8454174e-02   2.0700000e+03
  -7.6584153e-02   2.0850000e+03
  -7.4410327e-02   2.1000000e+03
  -7.1982525e-02   2.1150000e+03
  -6.9335669e-02   2.1300000e+03
  -6.6492118e-02   2.1450000e+03
  -6.3465320e-02   2.1600000e+03
  -6.0271107e-02   2.1750000e+03
  -5.6940284e-02   2.1900000e+03
  -5.3518008e-02   2.2050000e+03
  -5.0060146e-02   2.2200000e+03
  -4.6650372e-02   2.2350000e+03
  -4.3422244e-02   2.2500000e+03
  -4.0539850e-02   2.2650000e+03
  -3.8136709e-02   2.2800000e+03
  -3.6269087e-02   2.2950000e+03
  -3.4911465e-02   2.3100000e+03
  -3.3962764e-02   2.3250000e+03
  -3.3250384e-02   2.3400000e+03
  -3.2571461e-02   2.3550000e+03
  -3.1782180e-02   2.3700000e+03
  -3.0870846e-02   2.3850000e+03
  -2.9954230e-02   2.4000000e+03
  -2.9211154e-02   2.4150000e+03
  -2.8804574e-02   2.4300000e+03
  -2.8823646e-02   2.4450000e+03
  -2.9260304e-02   2.4600000e+03
  -3.0026328e-02   2.4750000e+03
  -3.0995309e-02   2.4900000e+03
  -3.2045744e-02   2.5050000e+03
  -3.3098724e-02   2.5200000e+03
  -3.4146663e-02   2.5350000e+03
  -3.5254028e-02   2.5500000e+03
  -3.6522642e-02   2.5650000e+03
  -3.8048837e-02   2.5800000e+03
  -3.9902531e-02   2.5950000e+03
  -4.2126849e-02   2.6100000e+03
  -4.4741280e-02   2.6250000e+03
  -4.7743917e-02   2.6400000e+03
  -5.1116601e-02   2.6550000e+03
  -5.4829717e-02   2.6700000e+03
  -5.8840908e-02   2.6850000e+03
  -6.3088559e-02   2.7000000e+03
  -6.7485057e-02   2.7150000e+03
  -7.1915641e-02   2.7300000e+03
  -7.6251067e-02   2.7450000e+03
  -8.0375195e-02   2.7600000e+03
  -8.4211096e-02   2.7750000e+03
  -8.7725937e-02   2.7900000e+03
  -9.0915367e-02   2.8050000e+03
  -9.3782954e-02   2.8200000e+03
  -9.6323073e-02   2.8350000e+03
  -9.8508410e-02   2.8500000e+03
  -1.0028740e-01   2.8650000e+03
  -1.0159553e-01   2.8800000e+03
  -1.0237253e-01   2.8950000e+03
  -1.0257461e-01   2.9100000e+03
  -1.0217839e-01   2.9250000e+03
  -1.0117900e-01   2.9400000e+03
  -9.9585503e-02   2.9550000e+03
  -9.7416103e-02   2.9700000e+03
  -9.4695158e-02   2.9850000e+03
  -9.1451891e-02   3.0000000e+03
  -8.7720737e-02   3.0150000e+03
  -8.3542876e-02   3.0300000e+03
  -7.8965992e-02   3.0450000e+03
  -7.4040063e-02   3.0600000e+03
  -6.8811126e-02   3.0750000e+03
  -6.3318193e-02   3.0900000e+03
  -5.7596669e-02   3.1050000e+03
  -5.1685803e-02   3.1200000e+03
  -4.5634285e-02   3.1350000e+03
  -3.9500143e-02   3.1500000e+03
  -3.3346139e-02   3.1650000e+03
  -2.7235193e-02   3.1800000e+03
  -2.1229362e-02   3.1950000e+03
  -1.5391541e-02   3.2100000e+03
  -9.7861802e-03   3.2250000e+03
  -4.4767228e-03   3.2400000e+03
   4.7896139e-04   3.2550000e+03
   5.0327904e-03   3.2700000e+03
   9.1498541e-03   3.2850000e+03
   1.2811506e-02   3.3000000e+03
   1.6017022e-02   3.3150000e+03
   1.8781452e-02   3.3300000e+03
   2.1129541e-02   3.3450000e+03
   2.3089269e-02   3.3600000e+03
   2.4688678e-02   3.3750000e+03
   2.5956113e-02   3.3900000e+03
   2.6920993e-02   3.4050000e+03
   2.7613055e-02   3.4200000e+03
   2.8061008e-02   3.4350000e+03
   2.8292527e-02   3.4500000e+03
   2.8335826e-02   3.4650000e+03
   2.8221104e-02   3.4800000e+03
   2.7980871e-02   3.4950000e+03
   2.7649915e-02   3.5100000e+03
   2.7265819e-02   3.5250000e+03
   2.6869401e-02   3.5400000e+03
   2.6503578e-02   3.5550000e+03
   2.6210444e-02   3.5700000e+03
   2.6027629e-02   3.5850000e+03
   2.5984779e-02   3.6000000e+03
   2.6100431e-02   3.6150000e+03
   2.6379710e-02   3.6300000e+03
   2.6813684e-02   3.6450000e+03
   2.7380699e-02   3.6600000e+03
   2.8049344e-02   3.6750000e+03
   2.8782327e-02   3.6900000e+03
   2.9540466e-02   3.7050000e+03
   3.0285986e-02   3.7200000e+03
   3.0984746e-02   3.7350000e+03
   3.1607840e-02   3.7500000e+03
   3.2133121e-02   3.7650000e+03
   3.2546043e-02   3.7800000e+03
   3.2838631e-02   3.7950000e+03
   3.3006713e-02   3.8100000e+03
   3.3047497e-02   3.8250000e+03
   3.2959439e-02   3.8400000e+03
   3.2744221e-02   3.8550000e+03
   3.2408975e-02   3.8700000e+03
   3.1967208e-02   3.8850000e+03
   3.1438276e-02   3.9000000e+03
   3.0846015e-02   3.9150000e+03
   3.0216889e-02   3.9300000e+03
   2.9577861e-02   3.9450000e+03
   2.8954063e-02   3.9600000e+03
   2.8366363e-02   3.9750000e+03
   2.7828915e-02   3.9900000e+03
   2.7347062e-02   4.0050000e+03
   2.6916157e-02   4.0200000e+03
   2.6521618e-02   4.0350000e+03
   2.6139617e-02   4.0500000e+03
   2.5737522e-02   4.0650000e+03
   2.5273917e-02   4.0800000e+03
   2.4699358e-02   4.0950000e+03
   2.3959490e-02   4.1100000e+03
   2.3000911e-02   4.1250000e+03
   2.1778630e-02   4.1400000e+03
   2.0263338e-02   4.1550000e+03
   1.8446699e-02   4.1700000e+03
   1.6342862e-02   4.1850000e+03
   1.3985016e-02   4.2000000e+03
   1.1417643e-02   4.2150000e+03
   8.6876284e-03   4.2300000e+03
   5.8382885e-03   4.2450000e+03
   2.9088089e-03   4.2600000e+03
  -6.1382205e-05   4.2750000e+03
  -3.0265956e-03   4.2900000e+03
  -5.9317336e-03   4.3050000e+03
  -8.7151546e-03   4.3200000e+03
  -1.1317044e-02   4.3350000e+03
  -1.3689281e-02   4.3500000e+03
  -1.5802003e-02   4.3650000e+03
  -1.7644528e-02   4.3800000e+03
  -1.9221658e-02   4.3950000e+03
  -2.0548521e-02   4.4100000e+03
  -2.1647094e-02   4.4250000e+03
  -2.2545757e-02   4.4400000e+03
  -2.3280634e-02   4.4550000e+03
  -2.3895502e-02   4.4700000e+03
  -2.4437621e-02   4.4850000e+03
  -2.4949815e-02   4.5000000e+03
