   4.6299864e-03   0.0000000e+00
   4.6306755e-03   1.5000000e+01
   4.6323426e-03   3.0000000e+01
   4.6338337e-03   4.5000000e+01
   4.6342514e-03   6.0000000e+01
   4.6328236e-03   7.5000000e+01
   4.6290285e-03   9.0000000e+01
   4.6234364e-03   1.0500000e+02
   4.6169488e-03   1.2000000e+02
   4.6093669e-03   1.3500000e+02
   4.5999754e-03   1.5000000e+02
   4.5884456e-03   1.6500000e+02
   4.5743445e-03   1.8000000e+02
   4.5570331e-03   1.9500000e+02
   4.5367256e-03   2.1000000e+02
   4.5151627e-03   2.2500000e+02
   4.4948594e-03   2.4000000e+02
   4.4775270e-03   2.5500000e+02
   4.4630594e-03   2.7000000e+02
   4.4495123e-03   2.8500000e+02
   4.4336952e-03   3.0000000e+02
   4.4126841e-03   3.1500000e+02
   4.3856991e-03   3.3000000e+02
   4.3544439e-03   3.4500000e+02
   4.3215929e-03   3.6000000e+02
   4.2886594e-03   3.7500000e+02
   4.2548524e-03   3.9000000e+02
   4.2189420e-03   4.0500000e+02
   4.1820873e-03   4.2000000e+02
   4.1461592e-03   4.3500000e+02
   4.1086855e-03   4.5000000e+02
   4.0610945e-03   4.6500000e+02
   3.9894106e-03   4.8000000e+02
   3.8711149e-03   4.9500000e+02
   3.6718119e-03   5.1000000e+02
   3.3550556e-03   5.2500000e+02
   2.9110797e-03   5.4000000e+02
   2.3912431e-03   5.5500000e+02
   1.9187327e-03   5.7000000e+02
   1.6451880e-03   5.8500000e+02
   1.6541801e-03   6.0000000e+02
   1.8730043e-03   6.1500000e+02
   2.0881773e-03   6.3000000e+02
   2.0965151e-03   6.4500000e+02
   1.8813472e-03   6.6000000e+02
   1.6317134e-03   6.7500000e+02
   1.5550272e-03   6.9000000e+02
   1.6697302e-03   7.0500000e+02
   1.8138667e-03   7.2000000e+02
   1.8562013e-03   7.3500000e+02
   1.8375596e-03   7.5000000e+02
   1.8620488e-03   7.6500000e+02
   1.9071092e-03   7.8000000e+02
   1.8390832e-03   7.9500000e+02
   1.6126593e-03   8.1000000e+02
   1.3443269e-03   8.2500000e+02
   1.1403133e-03   8.4000000e+02
   9.5228263e-04   8.5500000e+02
   6.9095305e-04   8.7000000e+02
   3.9409020e-04   8.8500000e+02
   1.4717548e-04   9.0000000e+02
  -1.1107109e-04   9.1500000e+02
  -5.4069370e-04   9.3000000e+02
  -1.1619077e-03   9.4500000e+02
  -1.8247913e-03   9.6000000e+02
  -2.4415669e-03   9.7500000e+02
  -3.0987829e-03   9.9000000e+02
  -3.9026365e-03   1.0050000e+03
  -4.8530102e-03   1.0200000e+03
  -5.9031481e-03   1.0350000e+03
  -7.0018331e-03   1.0500000e+03
  -8.0274530e-03   1.0650000e+03
  -8.7638581e-03   1.0800000e+03
  -8.8748904e-03   1.0950000e+03
  -7.6137669e-03   1.1100000e+03
  -3.2117935e-03   1.1250000e+03
   7.9322290e-03   1.1400000e+03
   3.2326549e-02   1.1550000e+03
   8.0708988e-02   1.1700000e+03
   1.6871881e-01   1.1850000e+03
   3.1477806e-01   1.2000000e+03
   5.3239310e-01   1.2150000e+03
   8.1516010e-01   1.2300000e+03
   1.1169244e+00   1.2450000e+03
   1.3372115e+00   1.2600000e+03
   1.3299562e+00   1.2750000e+03
   9.5320678e-01   1.2900000e+03
   1.5894654e-01   1.3050000e+03
  -9.1481698e-01   1.3200000e+03
  -1.9219878e+00   1.3350000e+03
  -2.4216778e+00   1.3500000e+03
  -2.1168458e+00   1.3650000e+03
  -1.0914187e+00   1.3800000e+03
   1.4682640e-01   1.3950000e+03
   9.2662108e-01   1.4100000e+03
   8.5777789e-01   1.4250000e+03
   1.3481058e-01   1.4400000e+03
  -5.8793354e-01   1.4550000e+03
  -7.0778316e-01   1.4700000e+03
  -1.6278708e-01   1.4850000e+03
   5.4304904e-01   1.5000000e+03
   8.1533468e-01   1.5150000e+03
   4.9877498e-01   1.5300000e+03
  -4.4353276e-02   1.5450000e+03
  -3.4810632e-01   1.5600000e+03
  -2.8768685e-01   1.5750000e+03
  -1.0363940e-01   1.5900000e+03
  -5.1782083e-02   1.6050000e+03
  -1.2280508e-01   1.6200000e+03
  -1.2686247e-01   1.6350000e+03
   2.6246786e-02   1.6500000e+03
   2.1609972e-01   1.6650000e+03
   2.6937544e-01   1.6800000e+03
   1.5431455e-01   1.6950000e+03
  -1.0121069e-02   1.7100000e+03
  -9.0793230e-02   1.7250000e+03
  -4.4102419e-02   1.7400000e+03
   8.6163044e-02   1.7550000e+03
   2.1524622e-01   1.7700000e+03
   2.5362474e-01   1.7850000e+03
   1.4384606e-01   1.8000000e+03
  -9.7357869e-02   1.8150000e+03
  -3.7154251e-01   1.8300000e+03
  -5.5099988e-01   1.8450000e+03
  -5.5413246e-01   1.8600000e+03
  -3.8191989e-01   1.8750000e+03
  -9.5196530e-02   1.8900000e+03
   2.2955763e-01   1.9050000e+03
   5.1586056e-01   1.9200000e+03
   6.7486423e-01   1.9350000e+03
   6.2118828e-01   1.9500000e+03
   3.4419948e-01   1.9650000e+03
  -3.7813392e-02   1.9800000e+03
  -3.3565602e-01   1.9950000e+03
  -4.2816058e-01   2.0100000e+03
  -3.3696365e-01   2.0250000e+03
  -1.6701561e-01   2.0400000e+03
  -6.0524433e-03   2.0550000e+03
   1.0621103e-01   2.0700000e+03
   1.5429628e-01   2.0850000e+03
   1.3988124e-01   2.1000000e+03
   9.0301231e-02   2.1150000e+03
   4.0151104e-02   2.1300000e+03
   1.1908086e-03   2.1450000e+03
  -3.3086892e-02   2.1600000e+03
  -5.9975237e-02   2.1750000e+03
  -6.5625519e-02   2.1900000e+03
  -4.7159262e-02   2.2050000e+03
  -1.6704878e-02   2.2200000e+03
   1.6094526e-02   2.2350000e+03
   4.7792647e-02   2.2500000e+03
   6.7637421e-02   2.2650000e+03
   5.9994068e-02   2.2800000e+03
   2.5871348e-02   2.2950000e+03
  -1.2590546e-02   2.3100000e+03
  -3.4599774e-02   2.3250000e+03
  -3.6488008e-02   2.3400000e+03
  -2.3836924e-02   2.3550000e+03
  -2.2667751e-03   2.3700000e+03
   2.1290420e-02   2.3850000e+03
   4.1599791e-02   2.4000000e+03
   6.1004069e-02   2.4150000e+03
   8.0349438e-02   2.4300000e+03
   8.6821623e-02   2.4450000e+03
   6.5541573e-02   2.4600000e+03
   2.0692447e-02   2.4750000e+03
  -2.7962673e-02   2.4900000e+03
  -6.4654723e-02   2.5050000e+03
  -8.2331799e-02   2.5200000e+03
  -7.6993421e-02   2.5350000e+03
  -5.1247772e-02   2.5500000e+03
  -1.7482013e-02   2.5650000e+03
   1.1937674e-02   2.5800000e+03
   3.1708166e-02   2.5950000e+03
   3.7318237e-02   2.6100000e+03
   2.2404281e-02   2.6250000e+03
  -1.1781207e-02   2.6400000e+03
  -5.0871246e-02   2.6550000e+03
  -7.4875213e-02   2.6700000e+03
  -6.9625862e-02   2.6850000e+03
  -3.5043471e-02   2.7000000e+03
   1.2712937e-02   2.7150000e+03
   5.0520085e-02   2.7300000e+03
   6.4874575e-02   2.7450000e+03
   5.9634369e-02   2.7600000e+03
   4.8159439e-02   2.7750000e+03
   4.0563907e-02   2.7900000e+03
   3.7543472e-02   2.8050000e+03
   3.2912049e-02   2.8200000e+03
   2.1574005e-02   2.8350000e+03
   6.1547197e-03   2.8500000e+03
  -4.8588985e-03   2.8650000e+03
  -6.1819907e-03   2.8800000e+03
  -2.1836841e-03   2.8950000e+03
  -3.7183336e-03   2.9100000e+03
  -1.7879998e-02   2.9250000e+03
  -3.9767131e-02   2.9400000e+03
  -5.4915182e-02   2.9550000e+03
  -5.1860712e-02   2.9700000e+03
  -3.2535590e-02   2.9850000e+03
  -9.3068955e-03   3.0000000e+03
   6.9093821e-03   3.0150000e+03
   1.3498543e-02   3.0300000e+03
   1.3117582e-02   3.0450000e+03
   8.8927550e-03   3.0600000e+03
   4.6444423e-03   3.0750000e+03
   6.3034291e-03   3.0900000e+03
   1.8105043e-02   3.1050000e+03
   3.6242671e-02   3.1200000e+03
   4.9297068e-02   3.1350000e+03
   4.7852170e-02   3.1500000e+03
   3.3592578e-02   3.1650000e+03
   1.7596560e-02   3.1800000e+03
   9.8181460e-03   3.1950000e+03
   1.0982520e-02   3.2100000e+03
   1.3840326e-02   3.2250000e+03
   1.0416904e-02   3.2400000e+03
  -2.2889893e-03   3.2550000e+03
  -2.1903278e-02   3.2700000e+03
  -4.3823242e-02   3.2850000e+03
  -6.4091787e-02   3.3000000e+03
  -7.9943903e-02   3.3150000e+03
  -8.8876091e-02   3.3300000e+03
  -8.8263601e-02   3.3450000e+03
  -7.6467611e-02   3.3600000e+03
  -5.4681916e-02   3.3750000e+03
  -2.7877860e-02   3.3900000e+03
  -3.3941080e-03   3.4050000e+03
   1.2835084e-02   3.4200000e+03
   1.9986622e-02   3.4350000e+03
   2.2458347e-02   3.4500000e+03
   2.5662208e-02   3.4650000e+03
   3.1546742e-02   3.4800000e+03
   3.8462915e-02   3.4950000e+03
   4.4535756e-02   3.5100000e+03
   4.9318697e-02   3.5250000e+03
   5.1757894e-02   3.5400000e+03
   4.8630297e-02   3.5550000e+03
   3.7035864e-02   3.5700000e+03
   1.8059332e-02   3.5850000e+03
  -3.3818013e-03   3.6000000e+03
  -2.2115964e-02   3.6150000e+03
  -3.5175961e-02   3.6300000e+03
  -4.1425623e-02   3.6450000e+03
  -4.0740304e-02   3.6600000e+03
  -3.4238312e-02   3.6750000e+03
  -2.4348879e-02   3.6900000e+03
  -1.4050768e-02   3.7050000e+03
  -6.3415761e-03   3.7200000e+03
  -4.0988834e-03   3.7350000e+03
  -9.0765273e-03   3.7500000e+03
  -2.0143390e-02   3.7650000e+03
  -3.2860674e-02   3.7800000e+03
  -4.1589566e-02   3.7950000e+03
  -4.2691123e-02   3.8100000e+03
  -3.6282010e-02   3.8250000e+03
  -2.5252551e-02   3.8400000e+03
  -1.2686918e-02   3.8550000e+03
  -4.2408743e-04   3.8700000e+03
   1.0000473e-02   3.8850000e+03
   1.6179934e-02   3.9000000e+03
   1.5847642e-02   3.9150000e+03
   8.8323345e-03   3.9300000e+03
  -2.8000507e-03   3.9450000e+03
  -1.6051505e-02   3.9600000e+03
  -2.7591262e-02   3.9750000e+03
  -3.4000501e-02   3.9900000e+03
  -3.3073951e-02   4.0050000e+03
  -2.4841342e-02   4.0200000e+03
  -1.0562690e-02   4.0350000e+03
   8.4783398e-03   4.0500000e+03
   3.0088410e-02   4.0650000e+03
   5.0029587e-02   4.0800000e+03
   6.3459963e-02   4.0950000e+03
   6.7596309e-02   4.1100000e+03
   6.2459476e-02   4.1250000e+03
   4.9801435e-02   4.1400000e+03
   3.2335762e-02   4.1550000e+03
   1.3505030e-02   4.1700000e+03
  -3.3463740e-03   4.1850000e+03
  -1.6245229e-02   4.2000000e+03
  -2.5088618e-02   4.2150000e+03
  -3.0880202e-02   4.2300000e+03
  -3.4442626e-02   4.2450000e+03
  -3.5839703e-02   4.2600000e+03
  -3.5010319e-02   4.2750000e+03
  -3.2643747e-02   4.2900000e+03
  -3.0040402e-02   4.3050000e+03
  -2.8201589e-02   4.3200000e+03
  -2.7325237e-02   4.3350000e+03
  -2.6967308e-02   4.3500000e+03
  -2.6325619e-02   4.3650000e+03
  -2.4522094e-02   4.3800000e+03
  -2.0936659e-02   4.3950000e+03
  -1.5267717e-02   4.4100000e+03
  -7.3672407e-03   4.4250000e+03
   2.5217321e-03   4.4400000e+03
   1.3201999e-02   4.4550000e+03
   2.2612859e-02   4.4700000e+03
   2.8816171e-02   4.4850000e+03
   3.0867573e-02   4.5000000e+03
