  -1.1520078e-03   0.0000000e+00
  -1.1520208e-03   1.5000000e+01
  -1.1520806e-03   3.0000000e+01
  -1.1522013e-03   4.5000000e+01
  -1.1523248e-03   6.0000000e+01
  -1.1523491e-03   7.5000000e+01
  -1.1522645e-03   9.0000000e+01
  -1.1521998e-03   1.0500000e+02
  -1.1523418e-03   1.2000000e+02
  -1.1527754e-03   1.3500000e+02
  -1.1533286e-03   1.5000000e+02
  -1.1534952e-03   1.6500000e+02
  -1.1522841e-03   1.8000000e+02
  -1.1468360e-03   1.9500000e+02
  -1.1287164e-03   2.1000000e+02
  -1.0798356e-03   2.2500000e+02
  -9.7627344e-04   2.4000000e+02
  -8.0948212e-04   2.5500000e+02
  -6.1651046e-04   2.7000000e+02
  -4.8116044e-04   2.8500000e+02
  -4.7392386e-04   3.0000000e+02
  -5.7112763e-04   3.1500000e+02
  -6.5751176e-04   3.3000000e+02
  -6.4452918e-04   3.4500000e+02
  -5.7205232e-04   3.6000000e+02
  -5.4741313e-04   3.7500000e+02
  -5.9505564e-04   3.9000000e+02
  -6.3402002e-04   4.0500000e+02
  -6.1139307e-04   4.2000000e+02
  -5.7649869e-04   4.3500000e+02
  -5.8690045e-04   4.5000000e+02
  -6.1687641e-04   4.6500000e+02
  -6.1578205e-04   4.8000000e+02
  -5.9609080e-04   4.9500000e+02
  -5.9881387e-04   5.1000000e+02
  -6.1766780e-04   5.2500000e+02
  -6.1988819e-04   5.4000000e+02
  -6.0820504e-04   5.5500000e+02
  -6.0811255e-04   5.7000000e+02
  -6.1859674e-04   5.8500000e+02
  -6.2008167e-04   6.0000000e+02
  -6.1339681e-04   6.1500000e+02
  -6.1421323e-04   6.3000000e+02
  -6.2191754e-04   6.4500000e+02
  -6.2450656e-04   6.6000000e+02
  -6.2302186e-04   6.7500000e+02
  -6.2580855e-04   6.9000000e+02
  -6.2987918e-04   7.0500000e+02
  -6.2767451e-04   7.2000000e+02
  -6.2096451e-04   7.3500000e+02
  -6.1441067e-04   7.5000000e+02
  -6.0701597e-04   7.6500000e+02
  -5.9949089e-04   7.8000000e+02
  -6.0001196e-04   7.9500000e+02
  -6.1538222e-04   8.1000000e+02
  -6.4286322e-04   8.2500000e+02
  -6.7335187e-04   8.4000000e+02
  -6.9697417e-04   8.5500000e+02
  -7.0673757e-04   8.7000000e+02
  -7.0469023e-04   8.8500000e+02
  -7.0415781e-04   9.0000000e+02
  -7.1819616e-04   9.1500000e+02
  -7.4454775e-04   9.3000000e+02
  -7.6755125e-04   9.4500000e+02
  -7.7652757e-04   9.6000000e+02
  -7.7797228e-04   9.7500000e+02
  -7.8673055e-04   9.9000000e+02
  -8.0776698e-04   1.0050000e+03
  -8.3097501e-04   1.0200000e+03
  -8.4487163e-04   1.0350000e+03
  -8.5113471e-04   1.0500000e+03
  -8.6063356e-04   1.0650000e+03
  -8.7718043e-04   1.0800000e+03
  -8.9315325e-04   1.0950000e+03
  -9.0278761e-04   1.1100000e+03
  -9.1132696e-04   1.1250000e+03
  -9.2607405e-04   1.1400000e+03
  -9.4547524e-04   1.1550000e+03
  -9.6414215e-04   1.1700000e+03
  -9.8356162e-04   1.1850000e+03
  -1.0095942e-03   1.2000000e+03
  -1.0421769e-03   1.2150000e+03
  -1.0754270e-03   1.2300000e+03
  -1.1063993e-03   1.2450000e+03
  -1.1365206e-03   1.2600000e+03
  -1.1653054e-03   1.2750000e+03
  -1.1897801e-03   1.2900000e+03
  -1.2102237e-03   1.3050000e+03
  -1.2304060e-03   1.3200000e+03
  -1.2517687e-03   1.3350000e+03
  -1.2725409e-03   1.3500000e+03
  -1.2925877e-03   1.3650000e+03
  -1.3142795e-03   1.3800000e+03
  -1.3385155e-03   1.3950000e+03
  -1.3638476e-03   1.4100000e+03
  -1.3894105e-03   1.4250000e+03
  -1.4154206e-03   1.4400000e+03
  -1.4411092e-03   1.4550000e+03
  -1.4646752e-03   1.4700000e+03
  -1.4849112e-03   1.4850000e+03
  -1.5018395e-03   1.5000000e+03
  -1.5168281e-03   1.5150000e+03
  -1.5323148e-03   1.5300000e+03
  -1.5496816e-03   1.5450000e+03
  -1.5674100e-03   1.5600000e+03
  -1.5832167e-03   1.5750000e+03
  -1.5976500e-03   1.5900000e+03
  -1.6133774e-03   1.6050000e+03
  -1.6310940e-03   1.6200000e+03
  -1.6484968e-03   1.6350000e+03
  -1.6633789e-03   1.6500000e+03
  -1.6753350e-03   1.6650000e+03
  -1.6839352e-03   1.6800000e+03
  -1.6875418e-03   1.6950000e+03
  -1.6852850e-03   1.7100000e+03
  -1.6792294e-03   1.7250000e+03
  -1.6731962e-03   1.7400000e+03
  -1.6687248e-03   1.7550000e+03
  -1.6621633e-03   1.7700000e+03
  -1.6468005e-03   1.7850000e+03
  -1.6185495e-03   1.8000000e+03
  -1.5785901e-03   1.8150000e+03
  -1.5300188e-03   1.8300000e+03
  -1.4736104e-03   1.8450000e+03
  -1.4079325e-03   1.8600000e+03
  -1.3319098e-03   1.8750000e+03
  -1.2452418e-03   1.8900000e+03
  -1.1468775e-03   1.9050000e+03
  -1.0346563e-03   1.9200000e+03
  -9.0614450e-04   1.9350000e+03
  -7.5866713e-04   1.9500000e+03
  -5.8894994e-04   1.9650000e+03
  -3.9371807e-04   1.9800000e+03
  -1.7000157e-04   1.9950000e+03
   8.6147789e-05   2.0100000e+03
   3.8049801e-04   2.0250000e+03
   7.1931945e-04   2.0400000e+03
   1.1079217e-03   2.0550000e+03
   1.5514843e-03   2.0700000e+03
   2.0568287e-03   2.0850000e+03
   2.6324526e-03   2.1000000e+03
   3.2878330e-03   2.1150000e+03
   4.0349793e-03   2.1300000e+03
   4.8914910e-03   2.1450000e+03
   5.8804993e-03   2.1600000e+03
   7.0260083e-03   2.1750000e+03
   8.3488617e-03   2.1900000e+03
   9.8686488e-03   2.2050000e+03
   1.1609820e-02   2.2200000e+03
   1.3606170e-02   2.2350000e+03
   1.5901310e-02   2.2500000e+03
   1.8547036e-02   2.2650000e+03
   2.1601547e-02   2.2800000e+03
   2.5127606e-02   2.2950000e+03
   2.9190125e-02   2.3100000e+03
   3.3853404e-02   2.3250000e+03
   3.9180078e-02   2.3400000e+03
   4.5234073e-02   2.3550000e+03
   5.2084893e-02   2.3700000e+03
   5.9805196e-02   2.3850000e+03
   6.8456583e-02   2.4000000e+03
   7.8070320e-02   2.4150000e+03
   8.8636860e-02   2.4300000e+03
   1.0011053e-01   2.4450000e+03
   1.1241996e-01   2.4600000e+03
   1.2546568e-01   2.4750000e+03
   1.3909429e-01   2.4900000e+03
   1.5305673e-01   2.5050000e+03
   1.6697329e-01   2.5200000e+03
   1.8032864e-01   2.5350000e+03
   1.9250506e-01   2.5500000e+03
   2.0284750e-01   2.5650000e+03
   2.1074629e-01   2.5800000e+03
   2.1572712e-01   2.5950000e+03
   2.1753474e-01   2.6100000e+03
   2.1618381e-01   2.6250000e+03
   2.1194357e-01   2.6400000e+03
   2.0524274e-01   2.6550000e+03
   1.9653101e-01   2.6700000e+03
   1.8617222e-01   2.6850000e+03
   1.7443141e-01   2.7000000e+03
   1.6155027e-01   2.7150000e+03
   1.4783780e-01   2.7300000e+03
   1.3369606e-01   2.7450000e+03
   1.1955983e-01   2.7600000e+03
   1.0580068e-01   2.7750000e+03
   9.2667259e-02   2.7900000e+03
   8.0293119e-02   2.8050000e+03
   6.8743750e-02   2.8200000e+03
   5.8051910e-02   2.8350000e+03
   4.8220754e-02   2.8500000e+03
   3.9222311e-02   2.8650000e+03
   3.1028857e-02   2.8800000e+03
   2.3668939e-02   2.8950000e+03
   1.7247461e-02   2.9100000e+03
   1.1882188e-02   2.9250000e+03
   7.5935004e-03   2.9400000e+03
   4.2524962e-03   2.9550000e+03
   1.6508942e-03   2.9700000e+03
  -3.6890106e-04   2.9850000e+03
  -1.8568254e-03   3.0000000e+03
  -2.8306411e-03   3.0150000e+03
  -3.3996380e-03   3.0300000e+03
  -3.8018057e-03   3.0450000e+03
  -4.3173260e-03   3.0600000e+03
  -5.1495694e-03   3.0750000e+03
  -6.3808095e-03   3.0900000e+03
  -8.0136042e-03   3.1050000e+03
  -1.0025439e-02   3.1200000e+03
  -1.2380385e-02   3.1350000e+03
  -1.5012654e-02   3.1500000e+03
  -1.7826838e-02   3.1650000e+03
  -2.0725822e-02   3.1800000e+03
  -2.3639917e-02   3.1950000e+03
  -2.6536362e-02   3.2100000e+03
  -2.9413490e-02   3.2250000e+03
  -3.2288875e-02   3.2400000e+03
  -3.5181474e-02   3.2550000e+03
  -3.8093489e-02   3.2700000e+03
  -4.1009936e-02   3.2850000e+03
  -4.3919496e-02   3.3000000e+03
  -4.6829045e-02   3.3150000e+03
  -4.9747329e-02   3.3300000e+03
  -5.2657913e-02   3.3450000e+03
  -5.5524837e-02   3.3600000e+03
  -5.8332536e-02   3.3750000e+03
  -6.1108686e-02   3.3900000e+03
  -6.3894100e-02   3.4050000e+03
  -6.6692650e-02   3.4200000e+03
  -6.9462799e-02   3.4350000e+03
  -7.2158679e-02   3.4500000e+03
  -7.4763864e-02   3.4650000e+03
  -7.7269681e-02   3.4800000e+03
  -7.9621643e-02   3.4950000e+03
  -8.1703655e-02   3.5100000e+03
  -8.3394624e-02   3.5250000e+03
  -8.4651642e-02   3.5400000e+03
  -8.5533030e-02   3.5550000e+03
  -8.6122215e-02   3.5700000e+03
  -8.6409599e-02   3.5850000e+03
  -8.6240172e-02   3.6000000e+03
  -8.5378423e-02   3.6150000e+03
  -8.3629258e-02   3.6300000e+03
  -8.0903605e-02   3.6450000e+03
  -7.7186979e-02   3.6600000e+03
  -7.2480135e-02   3.6750000e+03
  -6.6801354e-02   3.6900000e+03
  -6.0249180e-02   3.7050000e+03
  -5.3037532e-02   3.7200000e+03
  -4.5442797e-02   3.7350000e+03
  -3.7706450e-02   3.7500000e+03
  -2.9987644e-02   3.7650000e+03
  -2.2399303e-02   3.7800000e+03
  -1.5070857e-02   3.7950000e+03
  -8.1680920e-03   3.8100000e+03
  -1.8645624e-03   3.8250000e+03
   3.6916900e-03   3.8400000e+03
   8.3915135e-03   3.8550000e+03
   1.2176728e-02   3.8700000e+03
   1.5068962e-02   3.8850000e+03
   1.7193278e-02   3.9000000e+03
   1.8757949e-02   3.9150000e+03
   1.9987706e-02   3.9300000e+03
   2.1052625e-02   3.9450000e+03
   2.2033481e-02   3.9600000e+03
   2.2925278e-02   3.9750000e+03
   2.3657219e-02   3.9900000e+03
   2.4121394e-02   4.0050000e+03
   2.4218576e-02   4.0200000e+03
   2.3912998e-02   4.0350000e+03
   2.3260115e-02   4.0500000e+03
   2.2378571e-02   4.0650000e+03
   2.1381672e-02   4.0800000e+03
   2.0316344e-02   4.0950000e+03
   1.9144563e-02   4.1100000e+03
   1.7766781e-02   4.1250000e+03
   1.6068963e-02   4.1400000e+03
   1.3978808e-02   4.1550000e+03
   1.1515863e-02   4.1700000e+03
   8.8100117e-03   4.1850000e+03
   6.0695577e-03   4.2000000e+03
   3.5144663e-03   4.2150000e+03
   1.3185707e-03   4.2300000e+03
  -4.0984206e-04   4.2450000e+03
  -1.6223870e-03   4.2600000e+03
  -2.3309255e-03   4.2750000e+03
  -2.6156195e-03   4.2900000e+03
  -2.6081777e-03   4.3050000e+03
  -2.4321352e-03   4.3200000e+03
  -2.1355043e-03   4.3350000e+03
  -1.6765218e-03   4.3500000e+03
  -9.8092528e-04   4.3650000e+03
  -2.2516451e-05   4.3800000e+03
   1.1368541e-03   4.3950000e+03
   2.3641116e-03   4.4100000e+03
   3.4970006e-03   4.4250000e+03
   4.3827328e-03   4.4400000e+03
   4.9123266e-03   4.4550000e+03
   5.0495844e-03   4.4700000e+03
   4.8316806e-03   4.4850000e+03
   4.3256353e-03   4.5000000e+03
