  -7.4321369e-04   0.0000000e+00
  -7.4321579e-04   1.5000000e+01
  -7.4322807e-04   3.0000000e+01
  -7.4326643e-04   4.5000000e+01
  -7.4332982e-04   6.0000000e+01
  -7.4339757e-04   7.5000000e+01
  -7.4344210e-04   9.0000000e+01
  -7.4347138e-04   1.0500000e+02
  -7.4352138e-04   1.2000000e+02
  -7.4363261e-04   1.3500000e+02
  -7.4378005e-04   1.5000000e+02
  -7.4380130e-04   1.6500000e+02
  -7.4319821e-04   1.8000000e+02
  -7.4026122e-04   1.9500000e+02
  -7.2995701e-04   2.1000000e+02
  -7.0165878e-04   2.2500000e+02
  -6.4151024e-04   2.4000000e+02
  -5.4479606e-04   2.5500000e+02
  -4.3345036e-04   2.7000000e+02
  -3.5650391e-04   2.8500000e+02
  -3.5484091e-04   3.0000000e+02
  -4.1409067e-04   3.1500000e+02
  -4.6652832e-04   3.3000000e+02
  -4.6054565e-04   3.4500000e+02
  -4.1992852e-04   3.6000000e+02
  -4.0769900e-04   3.7500000e+02
  -4.3788750e-04   3.9000000e+02
  -4.6263676e-04   4.0500000e+02
  -4.5082680e-04   4.2000000e+02
  -4.3159662e-04   4.3500000e+02
  -4.3887668e-04   4.5000000e+02
  -4.5758544e-04   4.6500000e+02
  -4.5814531e-04   4.8000000e+02
  -4.4814515e-04   4.9500000e+02
  -4.5166508e-04   5.1000000e+02
  -4.6480054e-04   5.2500000e+02
  -4.6824416e-04   5.4000000e+02
  -4.6362291e-04   5.5500000e+02
  -4.6580145e-04   5.7000000e+02
  -4.7405603e-04   5.8500000e+02
  -4.7692301e-04   6.0000000e+02
  -4.7503889e-04   6.1500000e+02
  -4.7759304e-04   6.3000000e+02
  -4.8393095e-04   6.4500000e+02
  -4.8667015e-04   6.6000000e+02
  -4.8613737e-04   6.7500000e+02
  -4.8656558e-04   6.9000000e+02
  -4.8469301e-04   7.0500000e+02
  -4.7370302e-04   7.2000000e+02
  -4.5181779e-04   7.3500000e+02
  -4.1987168e-04   7.5000000e+02
  -3.7862247e-04   7.6500000e+02
  -3.3543821e-04   7.8000000e+02
  -3.0751227e-04   7.9500000e+02
  -3.1151666e-04   8.1000000e+02
  -3.4978156e-04   8.2500000e+02
  -4.0546840e-04   8.4000000e+02
  -4.4942391e-04   8.5500000e+02
  -4.5786283e-04   8.7000000e+02
  -4.3289855e-04   8.8500000e+02
  -4.0499089e-04   9.0000000e+02
  -4.0580035e-04   9.1500000e+02
  -4.3550308e-04   9.3000000e+02
  -4.6308149e-04   9.4500000e+02
  -4.6262657e-04   9.6000000e+02
  -4.4329435e-04   9.7500000e+02
  -4.3569371e-04   9.9000000e+02
  -4.5201113e-04   1.0050000e+03
  -4.7206687e-04   1.0200000e+03
  -4.7329350e-04   1.0350000e+03
  -4.6178530e-04   1.0500000e+03
  -4.6018703e-04   1.0650000e+03
  -4.7255136e-04   1.0800000e+03
  -4.8069787e-04   1.0950000e+03
  -4.7556960e-04   1.1100000e+03
  -4.7124614e-04   1.1250000e+03
  -4.8000837e-04   1.1400000e+03
  -4.9223611e-04   1.1550000e+03
  -4.9422152e-04   1.1700000e+03
  -4.9113040e-04   1.1850000e+03
  -4.9629214e-04   1.2000000e+03
  -5.0868036e-04   1.2150000e+03
  -5.1788246e-04   1.2300000e+03
  -5.2359083e-04   1.2450000e+03
  -5.3343817e-04   1.2600000e+03
  -5.4650311e-04   1.2750000e+03
  -5.5442640e-04   1.2900000e+03
  -5.5613607e-04   1.3050000e+03
  -5.5825221e-04   1.3200000e+03
  -5.6311244e-04   1.3350000e+03
  -5.6770933e-04   1.3500000e+03
  -5.7220657e-04   1.3650000e+03
  -5.7955092e-04   1.3800000e+03
  -5.8865396e-04   1.3950000e+03
  -5.9627928e-04   1.4100000e+03
  -6.0344848e-04   1.4250000e+03
  -6.1303691e-04   1.4400000e+03
  -6.2351028e-04   1.4550000e+03
  -6.3112268e-04   1.4700000e+03
  -6.3580094e-04   1.4850000e+03
  -6.4003136e-04   1.5000000e+03
  -6.4472278e-04   1.5150000e+03
  -6.4999674e-04   1.5300000e+03
  -6.5701868e-04   1.5450000e+03
  -6.6593202e-04   1.5600000e+03
  -6.7475124e-04   1.5750000e+03
  -6.8228890e-04   1.5900000e+03
  -6.8965275e-04   1.6050000e+03
  -6.9804228e-04   1.6200000e+03
  -7.0751313e-04   1.6350000e+03
  -7.1803661e-04   1.6500000e+03
  -7.2963996e-04   1.6650000e+03
  -7.4169267e-04   1.6800000e+03
  -7.5372035e-04   1.6950000e+03
  -7.6638378e-04   1.7100000e+03
  -7.8040565e-04   1.7250000e+03
  -7.9506024e-04   1.7400000e+03
  -8.0853206e-04   1.7550000e+03
  -8.1941386e-04   1.7700000e+03
  -8.2770869e-04   1.7850000e+03
  -8.3484192e-04   1.8000000e+03
  -8.4259344e-04   1.8150000e+03
  -8.5151813e-04   1.8300000e+03
  -8.6089747e-04   1.8450000e+03
  -8.7055587e-04   1.8600000e+03
  -8.8163099e-04   1.8750000e+03
  -8.9484104e-04   1.8900000e+03
  -9.0911635e-04   1.9050000e+03
  -9.2277926e-04   1.9200000e+03
  -9.3525875e-04   1.9350000e+03
  -9.4699644e-04   1.9500000e+03
  -9.5847045e-04   1.9650000e+03
  -9.7010023e-04   1.9800000e+03
  -9.8271226e-04   1.9950000e+03
  -9.9710096e-04   2.0100000e+03
  -1.0128705e-03   2.0250000e+03
  -1.0284024e-03   2.0400000e+03
  -1.0426092e-03   2.0550000e+03
  -1.0564068e-03   2.0700000e+03
  -1.0718284e-03   2.0850000e+03
  -1.0897159e-03   2.1000000e+03
  -1.1088110e-03   2.1150000e+03
  -1.1272769e-03   2.1300000e+03
  -1.1447420e-03   2.1450000e+03
  -1.1625723e-03   2.1600000e+03
  -1.1822517e-03   2.1750000e+03
  -1.2037718e-03   2.1900000e+03
  -1.2257304e-03   2.2050000e+03
  -1.2468654e-03   2.2200000e+03
  -1.2671930e-03   2.2350000e+03
  -1.2875225e-03   2.2500000e+03
  -1.3082483e-03   2.2650000e+03
  -1.3290137e-03   2.2800000e+03
  -1.3494579e-03   2.2950000e+03
  -1.3697607e-03   2.3100000e+03
  -1.3903100e-03   2.3250000e+03
  -1.4111755e-03   2.3400000e+03
  -1.4321927e-03   2.3550000e+03
  -1.4533993e-03   2.3700000e+03
  -1.4751570e-03   2.3850000e+03
  -1.4977696e-03   2.4000000e+03
  -1.5210620e-03   2.4150000e+03
  -1.5444419e-03   2.4300000e+03
  -1.5674786e-03   2.4450000e+03
  -1.5904006e-03   2.4600000e+03
  -1.6138584e-03   2.4750000e+03
  -1.6381454e-03   2.4900000e+03
  -1.6629207e-03   2.5050000e+03
  -1.6878411e-03   2.5200000e+03
  -1.7132621e-03   2.5350000e+03
  -1.7401444e-03   2.5500000e+03
  -1.7693214e-03   2.5650000e+03
  -1.8009826e-03   2.5800000e+03
  -1.8347440e-03   2.5950000e+03
  -1.8700063e-03   2.6100000e+03
  -1.9063804e-03   2.6250000e+03
  -1.9439694e-03   2.6400000e+03
  -1.9832673e-03   2.6550000e+03
  -2.0247095e-03   2.6700000e+03
  -2.0683287e-03   2.6850000e+03
  -2.1138566e-03   2.7000000e+03
  -2.1609997e-03   2.7150000e+03
  -2.2094734e-03   2.7300000e+03
  -2.2588018e-03   2.7450000e+03
  -2.3082916e-03   2.7600000e+03
  -2.3573637e-03   2.7750000e+03
  -2.4060062e-03   2.7900000e+03
  -2.4549651e-03   2.8050000e+03
  -2.5055949e-03   2.8200000e+03
  -2.5595014e-03   2.8350000e+03
  -2.6182281e-03   2.8500000e+03
  -2.6830672e-03   2.8650000e+03
  -2.7549271e-03   2.8800000e+03
  -2.8341655e-03   2.8950000e+03
  -2.9204879e-03   2.9100000e+03
  -3.0131112e-03   2.9250000e+03
  -3.1110435e-03   2.9400000e+03
  -3.2132813e-03   2.9550000e+03
  -3.3188832e-03   2.9700000e+03
  -3.4271604e-03   2.9850000e+03
  -3.5380800e-03   3.0000000e+03
  -3.6527645e-03   3.0150000e+03
  -3.7737426e-03   3.0300000e+03
  -3.9047739e-03   3.0450000e+03
  -4.0502846e-03   3.0600000e+03
  -4.2145890e-03   3.0750000e+03
  -4.4011814e-03   3.0900000e+03
  -4.6122852e-03   3.1050000e+03
  -4.8485417e-03   3.1200000e+03
  -5.1086308e-03   3.1350000e+03
  -5.3882296e-03   3.1500000e+03
  -5.6774784e-03   3.1650000e+03
  -5.9560640e-03   3.1800000e+03
  -6.1851870e-03   3.1950000e+03
  -6.2964601e-03   3.2100000e+03
  -6.1789770e-03   3.2250000e+03
  -5.6673726e-03   3.2400000e+03
  -4.5356308e-03   3.2550000e+03
  -2.5030237e-03   3.2700000e+03
   7.4112613e-04   3.2850000e+03
   5.4899273e-03   3.3000000e+03
   1.1951490e-02   3.3150000e+03
   2.0174686e-02   3.3300000e+03
   2.9991416e-02   3.3450000e+03
   4.1004378e-02   3.3600000e+03
   5.2644748e-02   3.3750000e+03
   6.4305760e-02   3.3900000e+03
   7.5527444e-02   3.4050000e+03
   8.6174078e-02   3.4200000e+03
   9.6525207e-02   3.4350000e+03
   1.0720959e-01   3.4500000e+03
   1.1895528e-01   3.4650000e+03
   1.3219982e-01   3.4800000e+03
   1.4667641e-01   3.4950000e+03
   1.6113286e-01   3.5100000e+03
   1.7332602e-01   3.5250000e+03
   1.8035810e-01   3.5400000e+03
   1.7930584e-01   3.5550000e+03
   1.6797209e-01   3.5700000e+03
   1.4551680e-01   3.5850000e+03
   1.1273824e-01   3.6000000e+03
   7.1893625e-02   3.6150000e+03
   2.6134714e-02   3.6300000e+03
  -2.1197904e-02   3.6450000e+03
  -6.7128800e-02   3.6600000e+03
  -1.0926642e-01   3.6750000e+03
  -1.4570476e-01   3.6900000e+03
  -1.7477633e-01   3.7050000e+03
  -1.9482200e-01   3.7200000e+03
  -2.0403473e-01   3.7350000e+03
  -2.0038491e-01   3.7500000e+03
  -1.8174976e-01   3.7650000e+03
  -1.4652309e-01   3.7800000e+03
  -9.4893374e-02   3.7950000e+03
  -3.0505566e-02   3.8100000e+03
   3.8376536e-02   3.8250000e+03
   9.9285848e-02   3.8400000e+03
   1.3809773e-01   3.8550000e+03
   1.4325517e-01   3.8700000e+03
   1.1036751e-01   3.8850000e+03
   4.5582466e-02   3.9000000e+03
  -3.3708286e-02   3.9150000e+03
  -1.0191143e-01   3.9300000e+03
  -1.3237998e-01   3.9450000e+03
  -1.0746690e-01   3.9600000e+03
  -2.8042242e-02   3.9750000e+03
   8.2491316e-02   3.9900000e+03
   1.8359917e-01   4.0050000e+03
   2.3225786e-01   4.0200000e+03
   2.0148878e-01   4.0350000e+03
   9.4388314e-02   4.0500000e+03
  -5.3572040e-02   4.0650000e+03
  -1.8634617e-01   4.0800000e+03
  -2.4946186e-01   4.0950000e+03
  -2.1395183e-01   4.1100000e+03
  -9.1729373e-02   4.1250000e+03
   6.5743275e-02   4.1400000e+03
   1.8745396e-01   4.1550000e+03
   2.1483202e-01   4.1700000e+03
   1.3157187e-01   4.1850000e+03
  -2.4705309e-02   4.2000000e+03
  -1.7824748e-01   4.2150000e+03
  -2.5376457e-01   4.2300000e+03
  -2.1833099e-01   4.2450000e+03
  -1.0099395e-01   4.2600000e+03
   2.5606748e-02   4.2750000e+03
   9.3429148e-02   4.2900000e+03
   8.5417554e-02   4.3050000e+03
   4.4875402e-02   4.3200000e+03
   3.7185971e-02   4.3350000e+03
   9.1351911e-02   4.3500000e+03
   1.6954581e-01   4.3650000e+03
   1.9422767e-01   4.3800000e+03
   1.1467928e-01   4.3950000e+03
  -4.2508639e-02   4.4100000e+03
  -1.8543644e-01   4.4250000e+03
  -2.2544482e-01   4.4400000e+03
  -1.4521329e-01   4.4550000e+03
  -7.6814885e-03   4.4700000e+03
   1.0062525e-01   4.4850000e+03
   1.3910513e-01   4.5000000e+03
