  -1.1680293e-03   0.0000000e+00
  -1.1680346e-03   1.5000000e+01
  -1.1680680e-03   3.0000000e+01
  -1.1681465e-03   4.5000000e+01
  -1.1682366e-03   6.0000000e+01
  -1.1682650e-03   7.5000000e+01
  -1.1682063e-03   9.0000000e+01
  -1.1681389e-03   1.0500000e+02
  -1.1681999e-03   1.2000000e+02
  -1.1684680e-03   1.3500000e+02
  -1.1688217e-03   1.5000000e+02
  -1.1688562e-03   1.6500000e+02
  -1.1676616e-03   1.8000000e+02
  -1.1624326e-03   1.9500000e+02
  -1.1448918e-03   2.1000000e+02
  -1.0974121e-03   2.2500000e+02
  -9.9680142e-04   2.4000000e+02
  -8.3493890e-04   2.5500000e+02
  -6.4805697e-04   2.7000000e+02
  -5.1771878e-04   2.8500000e+02
  -5.1228545e-04   3.0000000e+02
  -6.0835958e-04   3.1500000e+02
  -6.9357321e-04   3.3000000e+02
  -6.8188057e-04   3.4500000e+02
  -6.1239873e-04   3.6000000e+02
  -5.8972993e-04   3.7500000e+02
  -6.3747901e-04   3.9000000e+02
  -6.7652162e-04   4.0500000e+02
  -6.5525348e-04   4.2000000e+02
  -6.2187098e-04   4.3500000e+02
  -6.3256663e-04   4.5000000e+02
  -6.6228810e-04   4.6500000e+02
  -6.6179008e-04   4.8000000e+02
  -6.4340991e-04   4.9500000e+02
  -6.4712251e-04   5.1000000e+02
  -6.6666410e-04   5.2500000e+02
  -6.7005202e-04   5.4000000e+02
  -6.5995043e-04   5.5500000e+02
  -6.6113035e-04   5.7000000e+02
  -6.7250937e-04   5.8500000e+02
  -6.7502417e-04   6.0000000e+02
  -6.6958164e-04   6.1500000e+02
  -6.7146384e-04   6.3000000e+02
  -6.7987340e-04   6.4500000e+02
  -6.8288809e-04   6.6000000e+02
  -6.8134331e-04   6.7500000e+02
  -6.8295066e-04   6.9000000e+02
  -6.8387360e-04   7.0500000e+02
  -6.7530281e-04   7.2000000e+02
  -6.5726280e-04   7.3500000e+02
  -6.3314766e-04   7.5000000e+02
  -6.0282985e-04   7.6500000e+02
  -5.7132181e-04   7.8000000e+02
  -5.5424916e-04   7.9500000e+02
  -5.6606776e-04   8.1000000e+02
  -6.0649589e-04   8.2500000e+02
  -6.5947470e-04   8.4000000e+02
  -7.0086808e-04   8.5500000e+02
  -7.1165804e-04   8.7000000e+02
  -6.9443730e-04   8.8500000e+02
  -6.7626633e-04   9.0000000e+02
  -6.8478205e-04   9.1500000e+02
  -7.1872002e-04   9.3000000e+02
  -7.4927585e-04   9.4500000e+02
  -7.5384876e-04   9.6000000e+02
  -7.4205443e-04   9.7500000e+02
  -7.4191223e-04   9.9000000e+02
  -7.6401432e-04   1.0050000e+03
  -7.8970380e-04   1.0200000e+03
  -7.9799956e-04   1.0350000e+03
  -7.9370395e-04   1.0500000e+03
  -7.9748454e-04   1.0650000e+03
  -8.1419811e-04   1.0800000e+03
  -8.2791568e-04   1.0950000e+03
  -8.2946598e-04   1.1100000e+03
  -8.3072309e-04   1.1250000e+03
  -8.4372686e-04   1.1400000e+03
  -8.6158706e-04   1.1550000e+03
  -8.7255711e-04   1.1700000e+03
  -8.8077539e-04   1.1850000e+03
  -8.9808402e-04   1.2000000e+03
  -9.2379749e-04   1.2150000e+03
  -9.4785256e-04   1.2300000e+03
  -9.6828752e-04   1.2450000e+03
  -9.9079998e-04   1.2600000e+03
  -1.0146410e-03   1.2750000e+03
  -1.0329105e-03   1.2900000e+03
  -1.0450947e-03   1.3050000e+03
  -1.0574460e-03   1.3200000e+03
  -1.0721324e-03   1.3350000e+03
  -1.0861352e-03   1.3500000e+03
  -1.0995198e-03   1.3650000e+03
  -1.1156803e-03   1.3800000e+03
  -1.1345657e-03   1.3950000e+03
  -1.1532849e-03   1.4100000e+03
  -1.1719302e-03   1.4250000e+03
  -1.1924541e-03   1.4400000e+03
  -1.2135372e-03   1.4550000e+03
  -1.2318352e-03   1.4700000e+03
  -1.2465559e-03   1.4850000e+03
  -1.2591979e-03   1.5000000e+03
  -1.2711580e-03   1.5150000e+03
  -1.2840814e-03   1.5300000e+03
  -1.2996596e-03   1.5450000e+03
  -1.3171544e-03   1.5600000e+03
  -1.3339488e-03   1.5750000e+03
  -1.3495635e-03   1.5900000e+03
  -1.3662555e-03   1.6050000e+03
  -1.3852406e-03   1.6200000e+03
  -1.4053131e-03   1.6350000e+03
  -1.4253358e-03   1.6500000e+03
  -1.4453136e-03   1.6650000e+03
  -1.4648134e-03   1.6800000e+03
  -1.4826714e-03   1.6950000e+03
  -1.4988061e-03   1.7100000e+03
  -1.5149713e-03   1.7250000e+03
  -1.5331941e-03   1.7400000e+03
  -1.5535519e-03   1.7550000e+03
  -1.5732780e-03   1.7700000e+03
  -1.5886474e-03   1.7850000e+03
  -1.5984419e-03   1.8000000e+03
  -1.6048789e-03   1.8150000e+03
  -1.6105877e-03   1.8300000e+03
  -1.6159426e-03   1.8450000e+03
  -1.6202888e-03   1.8600000e+03
  -1.6240734e-03   1.8750000e+03
  -1.6282211e-03   1.8900000e+03
  -1.6324415e-03   1.9050000e+03
  -1.6355650e-03   1.9200000e+03
  -1.6368766e-03   1.9350000e+03
  -1.6360560e-03   1.9500000e+03
  -1.6325709e-03   1.9650000e+03
  -1.6262857e-03   1.9800000e+03
  -1.6181703e-03   1.9950000e+03
  -1.6092712e-03   2.0100000e+03
  -1.5992316e-03   2.0250000e+03
  -1.5866989e-03   2.0400000e+03
  -1.5709853e-03   2.0550000e+03
  -1.5524345e-03   2.0700000e+03
  -1.5311131e-03   2.0850000e+03
  -1.5059762e-03   2.1000000e+03
  -1.4755682e-03   2.1150000e+03
  -1.4388179e-03   2.1300000e+03
  -1.3947836e-03   2.1450000e+03
  -1.3423371e-03   2.1600000e+03
  -1.2807674e-03   2.1750000e+03
  -1.2102684e-03   2.1900000e+03
  -1.1311917e-03   2.2050000e+03
  -1.0430120e-03   2.2200000e+03
  -9.4417110e-04   2.2350000e+03
  -8.3236321e-04   2.2500000e+03
  -7.0463028e-04   2.2650000e+03
  -5.5782619e-04   2.2800000e+03
  -3.8943155e-04   2.2950000e+03
  -1.9736444e-04   2.3100000e+03
   2.1215146e-05   2.3250000e+03
   2.7048017e-04   2.3400000e+03
   5.5539323e-04   2.3550000e+03
   8.8152674e-04   2.3700000e+03
   1.2559115e-03   2.3850000e+03
   1.6874329e-03   2.4000000e+03
   2.1855684e-03   2.4150000e+03
   2.7587467e-03   2.4300000e+03
   3.4147545e-03   2.4450000e+03
   4.1634971e-03   2.4600000e+03
   5.0197598e-03   2.4750000e+03
   6.0035172e-03   2.4900000e+03
   7.1377931e-03   2.5050000e+03
   8.4466860e-03   2.5200000e+03
   9.9559817e-03   2.5350000e+03
   1.1696176e-02   2.5500000e+03
   1.3705274e-02   2.5650000e+03
   1.6029246e-02   2.5800000e+03
   1.8720450e-02   2.5950000e+03
   2.1835977e-02   2.6100000e+03
   2.5437189e-02   2.6250000e+03
   2.9590378e-02   2.6400000e+03
   3.4367491e-02   2.6550000e+03
   3.9845034e-02   2.6700000e+03
   4.6099462e-02   2.6850000e+03
   5.3199630e-02   2.7000000e+03
   6.1198398e-02   2.7150000e+03
   7.0124000e-02   2.7300000e+03
   7.9968356e-02   2.7450000e+03
   9.0668969e-02   2.7600000e+03
   1.0208634e-01   2.7750000e+03
   1.1398603e-01   2.7900000e+03
   1.2603688e-01   2.8050000e+03
   1.3783170e-01   2.8200000e+03
   1.4892705e-01   2.8350000e+03
   1.5889142e-01   2.8500000e+03
   1.6735083e-01   2.8650000e+03
   1.7402339e-01   2.8800000e+03
   1.7873763e-01   2.8950000e+03
   1.8143070e-01   2.9100000e+03
   1.8212464e-01   2.9250000e+03
   1.8088570e-01   2.9400000e+03
   1.7778076e-01   2.9550000e+03
   1.7285182e-01   2.9700000e+03
   1.6612500e-01   2.9850000e+03
   1.5765572e-01   3.0000000e+03
   1.4758968e-01   3.0150000e+03
   1.3620661e-01   3.0300000e+03
   1.2391812e-01   3.0450000e+03
   1.1121670e-01   3.0600000e+03
   9.8600067e-02   3.0750000e+03
   8.6507015e-02   3.0900000e+03
   7.5286433e-02   3.1050000e+03
   6.5196402e-02   3.1200000e+03
   5.6414917e-02   3.1350000e+03
   4.9047675e-02   3.1500000e+03
   4.3129906e-02   3.1650000e+03
   3.8624030e-02   3.1800000e+03
   3.5412122e-02   3.1950000e+03
   3.3284452e-02   3.2100000e+03
   3.1937834e-02   3.2250000e+03
   3.1006746e-02   3.2400000e+03
   3.0137258e-02   3.2550000e+03
   2.9080974e-02   3.2700000e+03
   2.7760696e-02   3.2850000e+03
   2.6267791e-02   3.3000000e+03
   2.4790764e-02   3.3150000e+03
   2.3514442e-02   3.3300000e+03
   2.2540152e-02   3.3450000e+03
   2.1856504e-02   3.3600000e+03
   2.1358872e-02   3.3750000e+03
   2.0895509e-02   3.3900000e+03
   2.0315433e-02   3.4050000e+03
   1.9500878e-02   3.4200000e+03
   1.8377341e-02   3.4350000e+03
   1.6904047e-02   3.4500000e+03
   1.5056898e-02   3.4650000e+03
   1.2819516e-02   3.4800000e+03
   1.0191279e-02   3.4950000e+03
   7.2064390e-03   3.5100000e+03
   3.9468436e-03   3.5250000e+03
   5.3354842e-04   3.5400000e+03
  -2.9023064e-03   3.5550000e+03
  -6.2551484e-03   3.5700000e+03
  -9.4708875e-03   3.5850000e+03
  -1.2554754e-02   3.6000000e+03
  -1.5561366e-02   3.6150000e+03
  -1.8572861e-02   3.6300000e+03
  -2.1675762e-02   3.6450000e+03
  -2.4949441e-02   3.6600000e+03
  -2.8471749e-02   3.6750000e+03
  -3.2330174e-02   3.6900000e+03
  -3.6616225e-02   3.7050000e+03
  -4.1393079e-02   3.7200000e+03
  -4.6655577e-02   3.7350000e+03
  -5.2317746e-02   3.7500000e+03
  -5.8243919e-02   3.7650000e+03
  -6.4298786e-02   3.7800000e+03
  -7.0369527e-02   3.7950000e+03
  -7.6334685e-02   3.8100000e+03
  -8.2003027e-02   3.8250000e+03
  -8.7077282e-02   3.8400000e+03
  -9.1181666e-02   3.8550000e+03
  -9.3943313e-02   3.8700000e+03
  -9.5081285e-02   3.8850000e+03
  -9.4462916e-02   3.9000000e+03
  -9.2122778e-02   3.9150000e+03
  -8.8262312e-02   3.9300000e+03
  -8.3237842e-02   3.9450000e+03
  -7.7522129e-02   3.9600000e+03
  -7.1625836e-02   3.9750000e+03
  -6.5993957e-02   3.9900000e+03
  -6.0917512e-02   4.0050000e+03
  -5.6496207e-02   4.0200000e+03
  -5.2659452e-02   4.0350000e+03
  -4.9227342e-02   4.0500000e+03
  -4.5985676e-02   4.0650000e+03
  -4.2753506e-02   4.0800000e+03
  -3.9427184e-02   4.0950000e+03
  -3.5991978e-02   4.1100000e+03
  -3.2504726e-02   4.1250000e+03
  -2.9064169e-02   4.1400000e+03
  -2.5787029e-02   4.1550000e+03
  -2.2794908e-02   4.1700000e+03
  -2.0202760e-02   4.1850000e+03
  -1.8100712e-02   4.2000000e+03
  -1.6535183e-02   4.2150000e+03
  -1.5503619e-02   4.2300000e+03
  -1.4966988e-02   4.2450000e+03
  -1.4867004e-02   4.2600000e+03
  -1.5132333e-02   4.2750000e+03
  -1.5674008e-02   4.2900000e+03
  -1.6385105e-02   4.3050000e+03
  -1.7155647e-02   4.3200000e+03
  -1.7896216e-02   4.3350000e+03
  -1.8554261e-02   4.3500000e+03
  -1.9114165e-02   4.3650000e+03
  -1.9584587e-02   4.3800000e+03
  -1.9981062e-02   4.3950000e+03
  -2.0309383e-02   4.4100000e+03
  -2.0554446e-02   4.4250000e+03
  -2.0680057e-02   4.4400000e+03
  -2.0641372e-02   4.4550000e+03
  -2.0402648e-02   4.4700000e+03
  -1.9948969e-02   4.4850000e+03
  -1.9286679e-02   4.5000000e+03
