   4.7039357e-03   0.0000000e+00
   4.7001480e-03   1.5000000e+01
   4.6884548e-03   3.0000000e+01
   4.6679731e-03   4.5000000e+01
   4.6391524e-03   6.0000000e+01
   4.6043228e-03   7.5000000e+01
   4.5666085e-03   9.0000000e+01
   4.5298240e-03   1.0500000e+02
   4.4995821e-03   1.2000000e+02
   4.4848621e-03   1.3500000e+02
   4.4998410e-03   1.5000000e+02
   4.5633214e-03   1.6500000e+02
   4.6985853e-03   1.8000000e+02
   4.9404451e-03   1.9500000e+02
   5.3436551e-03   2.1000000e+02
   5.9823827e-03   2.2500000e+02
   6.9441628e-03   2.4000000e+02
   8.3326828e-03   2.5500000e+02
   1.0290569e-02   2.7000000e+02
   1.3034778e-02   2.8500000e+02
   1.6884917e-02   3.0000000e+02
   2.2274369e-02   3.1500000e+02
   2.9737210e-02   3.3000000e+02
   3.9862685e-02   3.4500000e+02
   5.3243879e-02   3.6000000e+02
   7.0503235e-02   3.7500000e+02
   9.2477746e-02   3.9000000e+02
   1.2051513e-01   4.0500000e+02
   1.5661427e-01   4.2000000e+02
   2.0313382e-01   4.3500000e+02
   2.6221189e-01   4.5000000e+02
   3.3540249e-01   4.6500000e+02
   4.2362979e-01   4.8000000e+02
   5.2685767e-01   4.9500000e+02
   6.4312369e-01   5.1000000e+02
   7.6749313e-01   5.2500000e+02
   8.9140642e-01   5.4000000e+02
   1.0021114e+00   5.5500000e+02
   1.0826020e+00   5.7000000e+02
   1.1141955e+00   5.8500000e+02
   1.0827613e+00   6.0000000e+02
   9.8534769e-01   6.1500000e+02
   8.3221447e-01   6.3000000e+02
   6.4324379e-01   6.4500000e+02
   4.4214806e-01   6.6000000e+02
   2.5130451e-01   6.7500000e+02
   8.7271854e-02   6.9000000e+02
  -4.2574115e-02   7.0500000e+02
  -1.4006500e-01   7.2000000e+02
  -2.1234080e-01   7.3500000e+02
  -2.6697072e-01   7.5000000e+02
  -3.0926248e-01   7.6500000e+02
  -3.4190595e-01   7.8000000e+02
  -3.6538392e-01   7.9500000e+02
  -3.7863749e-01   8.1000000e+02
  -3.8035354e-01   8.2500000e+02
  -3.7041387e-01   8.4000000e+02
  -3.5046661e-01   8.5500000e+02
  -3.2343367e-01   8.7000000e+02
  -2.9267201e-01   8.8500000e+02
  -2.6136926e-01   9.0000000e+02
  -2.3214255e-01   9.1500000e+02
  -2.0666546e-01   9.3000000e+02
  -1.8549672e-01   9.4500000e+02
  -1.6834541e-01   9.6000000e+02
  -1.5462701e-01   9.7500000e+02
  -1.4394629e-01   9.9000000e+02
  -1.3629237e-01   1.0050000e+03
  -1.3198546e-01   1.0200000e+03
  -1.3153026e-01   1.0350000e+03
  -1.3541774e-01   1.0500000e+03
  -1.4382301e-01   1.0650000e+03
  -1.5632515e-01   1.0800000e+03
  -1.7190285e-01   1.0950000e+03
  -1.8919134e-01   1.1100000e+03
  -2.0672758e-01   1.1250000e+03
  -2.2308199e-01   1.1400000e+03
  -2.3698351e-01   1.1550000e+03
  -2.4745250e-01   1.1700000e+03
  -2.5387651e-01   1.1850000e+03
  -2.5605214e-01   1.2000000e+03
  -2.5420827e-01   1.2150000e+03
  -2.4893363e-01   1.2300000e+03
  -2.4098736e-01   1.2450000e+03
  -2.3109083e-01   1.2600000e+03
  -2.1979152e-01   1.2750000e+03
  -2.0742399e-01   1.2900000e+03
  -1.9417615e-01   1.3050000e+03
  -1.8022342e-01   1.3200000e+03
  -1.6582379e-01   1.3350000e+03
  -1.5129350e-01   1.3500000e+03
  -1.3689631e-01   1.3650000e+03
  -1.2274317e-01   1.3800000e+03
  -1.0877247e-01   1.3950000e+03
  -9.4823115e-02   1.4100000e+03
  -8.0754742e-02   1.4250000e+03
  -6.6541232e-02   1.4400000e+03
  -5.2298825e-02   1.4550000e+03
  -3.8260560e-02   1.4700000e+03
  -2.4723858e-02   1.4850000e+03
  -1.1990202e-02   1.5000000e+03
  -3.0927366e-04   1.5150000e+03
   1.0158958e-02   1.5300000e+03
   1.9350862e-02   1.5450000e+03
   2.7269775e-02   1.5600000e+03
   3.3932243e-02   1.5750000e+03
   3.9321341e-02   1.5900000e+03
   4.3380670e-02   1.6050000e+03
   4.6054527e-02   1.6200000e+03
   4.7347840e-02   1.6350000e+03
   4.7371749e-02   1.6500000e+03
   4.6354141e-02   1.6650000e+03
   4.4616897e-02   1.6800000e+03
   4.2538363e-02   1.6950000e+03
   4.0516268e-02   1.7100000e+03
   3.8926952e-02   1.7250000e+03
   3.8067054e-02   1.7400000e+03
   3.8078733e-02   1.7550000e+03
   3.8884968e-02   1.7700000e+03
   4.0174518e-02   1.7850000e+03
   4.1465759e-02   1.8000000e+03
   4.2245872e-02   1.8150000e+03
   4.2141389e-02   1.8300000e+03
   4.1051496e-02   1.8450000e+03
   3.9185449e-02   1.8600000e+03
   3.6987968e-02   1.8750000e+03
   3.4988239e-02   1.8900000e+03
   3.3637155e-02   1.9050000e+03
   3.3186354e-02   1.9200000e+03
   3.3626903e-02   1.9350000e+03
   3.4681387e-02   1.9500000e+03
   3.5847388e-02   1.9650000e+03
   3.6502879e-02   1.9800000e+03
   3.6072027e-02   1.9950000e+03
   3.4209017e-02   2.0100000e+03
   3.0925037e-02   2.0250000e+03
   2.6600350e-02   2.0400000e+03
   2.1885758e-02   2.0550000e+03
   1.7550834e-02   2.0700000e+03
   1.4333875e-02   2.0850000e+03
   1.2806969e-02   2.1000000e+03
   1.3249087e-02   2.1150000e+03
   1.5548443e-02   2.1300000e+03
   1.9188447e-02   2.1450000e+03
   2.3349591e-02   2.1600000e+03
   2.7092461e-02   2.1750000e+03
   2.9550161e-02   2.1900000e+03
   3.0090533e-02   2.2050000e+03
   2.8451720e-02   2.2200000e+03
   2.4834651e-02   2.2350000e+03
   1.9882485e-02   2.2500000e+03
   1.4496405e-02   2.2650000e+03
   9.5550250e-03   2.2800000e+03
   5.6989212e-03   2.2950000e+03
   3.2860835e-03   2.3100000e+03
   2.4646476e-03   2.3250000e+03
   3.2253019e-03   2.3400000e+03
   5.3787525e-03   2.3550000e+03
   8.5378094e-03   2.3700000e+03
   1.2194465e-02   2.3850000e+03
   1.5860800e-02   2.4000000e+03
   1.9151507e-02   2.4150000e+03
   2.1742875e-02   2.4300000e+03
   2.3273448e-02   2.4450000e+03
   2.3298878e-02   2.4600000e+03
   2.1341722e-02   2.4750000e+03
   1.6992448e-02   2.4900000e+03
   1.0009458e-02   2.5050000e+03
   3.9972519e-04   2.5200000e+03
  -1.1534319e-02   2.5350000e+03
  -2.5213076e-02   2.5500000e+03
  -3.9871402e-02   2.5650000e+03
  -5.4671858e-02   2.5800000e+03
  -6.8772286e-02   2.5950000e+03
  -8.1343956e-02   2.6100000e+03
  -9.1600567e-02   2.6250000e+03
  -9.8876566e-02   2.6400000e+03
  -1.0271654e-01   2.6550000e+03
  -1.0291361e-01   2.6700000e+03
  -9.9493086e-02   2.6850000e+03
  -9.2690483e-02   2.7000000e+03
  -8.2949460e-02   2.7150000e+03
  -7.0909113e-02   2.7300000e+03
  -5.7346214e-02   2.7450000e+03
  -4.3087382e-02   2.7600000e+03
  -2.8936943e-02   2.7750000e+03
  -1.5643097e-02   2.7900000e+03
  -3.8859015e-03   2.8050000e+03
   5.7391883e-03   2.8200000e+03
   1.2749984e-02   2.8350000e+03
   1.6808044e-02   2.8500000e+03
   1.7739950e-02   2.8650000e+03
   1.5551689e-02   2.8800000e+03
   1.0447266e-02   2.8950000e+03
   2.8512145e-03   2.9100000e+03
  -6.5878518e-03   2.9250000e+03
  -1.7037729e-02   2.9400000e+03
  -2.7565299e-02   2.9550000e+03
  -3.7236057e-02   2.9700000e+03
  -4.5211155e-02   2.9850000e+03
  -5.0838947e-02   3.0000000e+03
  -5.3734224e-02   3.0150000e+03
  -5.3823952e-02   3.0300000e+03
  -5.1343914e-02   3.0450000e+03
  -4.6794243e-02   3.0600000e+03
  -4.0873870e-02   3.0750000e+03
  -3.4401674e-02   3.0900000e+03
  -2.8216258e-02   3.1050000e+03
  -2.3050092e-02   3.1200000e+03
  -1.9398499e-02   3.1350000e+03
  -1.7428569e-02   3.1500000e+03
  -1.6969804e-02   3.1650000e+03
  -1.7590011e-02   3.1800000e+03
  -1.8715883e-02   3.1950000e+03
  -1.9745616e-02   3.2100000e+03
  -2.0124536e-02   3.2250000e+03
  -1.9384850e-02   3.2400000e+03
  -1.7165607e-02   3.2550000e+03
  -1.3231085e-02   3.2700000e+03
  -7.4998084e-03   3.2850000e+03
  -8.0009617e-05   3.3000000e+03
   8.7100314e-03   3.3150000e+03
   1.8355928e-02   3.3300000e+03
   2.8191635e-02   3.3450000e+03
   3.7455522e-02   3.3600000e+03
   4.5351934e-02   3.3750000e+03
   5.1133133e-02   3.3900000e+03
   5.4210529e-02   3.4050000e+03
   5.4269858e-02   3.4200000e+03
   5.1339947e-02   3.4350000e+03
   4.5778278e-02   3.4500000e+03
   3.8177285e-02   3.4650000e+03
   2.9228838e-02   3.4800000e+03
   1.9593718e-02   3.4950000e+03
   9.8131234e-03   3.5100000e+03
   2.7959159e-04   3.5250000e+03
  -8.7410621e-03   3.5400000e+03
  -1.7066183e-02   3.5550000e+03
  -2.4561720e-02   3.5700000e+03
  -3.1127660e-02   3.5850000e+03
  -3.6693346e-02   3.6000000e+03
  -4.1209411e-02   3.6150000e+03
  -4.4635855e-02   3.6300000e+03
  -4.6937063e-02   3.6450000e+03
  -4.8092913e-02   3.6600000e+03
  -4.8123192e-02   3.6750000e+03
  -4.7111850e-02   3.6900000e+03
  -4.5215346e-02   3.7050000e+03
  -4.2647365e-02   3.7200000e+03
  -3.9645612e-02   3.7350000e+03
  -3.6435574e-02   3.7500000e+03
  -3.3205170e-02   3.7650000e+03
  -3.0095225e-02   3.7800000e+03
  -2.7203780e-02   3.7950000e+03
  -2.4601484e-02   3.8100000e+03
  -2.2355400e-02   3.8250000e+03
  -2.0553529e-02   3.8400000e+03
  -1.9316155e-02   3.8550000e+03
  -1.8782122e-02   3.8700000e+03
  -1.9071724e-02   3.8850000e+03
  -2.0243097e-02   3.9000000e+03
  -2.2262389e-02   3.9150000e+03
  -2.4997273e-02   3.9300000e+03
  -2.8229734e-02   3.9450000e+03
  -3.1679548e-02   3.9600000e+03
  -3.5033934e-02   3.9750000e+03
  -3.7980989e-02   3.9900000e+03
  -4.0241256e-02   4.0050000e+03
  -4.1590691e-02   4.0200000e+03
  -4.1874614e-02   4.0350000e+03
  -4.1017242e-02   4.0500000e+03
  -3.9025184e-02   4.0650000e+03
  -3.5973910e-02   4.0800000e+03
  -3.1972013e-02   4.0950000e+03
  -2.7120734e-02   4.1100000e+03
  -2.1499949e-02   4.1250000e+03
  -1.5195623e-02   4.1400000e+03
  -8.3480347e-03   4.1550000e+03
  -1.1806887e-03   4.1700000e+03
   6.0143173e-03   4.1850000e+03
   1.2925229e-02   4.2000000e+03
   1.9274432e-02   4.2150000e+03
   2.4852837e-02   4.2300000e+03
   2.9528053e-02   4.2450000e+03
   3.3232685e-02   4.2600000e+03
   3.5943739e-02   4.2750000e+03
   3.7664767e-02   4.2900000e+03
   3.8419917e-02   4.3050000e+03
   3.8261086e-02   4.3200000e+03
   3.7278131e-02   4.3350000e+03
   3.5597336e-02   4.3500000e+03
   3.3362381e-02   4.3650000e+03
   3.0708598e-02   4.3800000e+03
   2.7749185e-02   4.3950000e+03
   2.4582449e-02   4.4100000e+03
   2.1311015e-02   4.4250000e+03
   1.8055135e-02   4.4400000e+03
   1.4949850e-02   4.4550000e+03
   1.2130749e-02   4.4700000e+03
   9.7209113e-03   4.4850000e+03
   7.8277038e-03   4.5000000e+03
