  -9.6891215e-04   0.0000000e+00
  -9.6898485e-04   1.5000000e+01
  -9.6911477e-04   3.0000000e+01
  -9.6923934e-04   4.5000000e+01
  -9.6946763e-04   6.0000000e+01
  -9.6988713e-04   7.5000000e+01
  -9.7055640e-04   9.0000000e+01
  -9.7164733e-04   1.0500000e+02
  -9.7322039e-04   1.2000000e+02
  -9.7503967e-04   1.3500000e+02
  -9.7689277e-04   1.5000000e+02
  -9.7885914e-04   1.6500000e+02
  -9.8108978e-04   1.8000000e+02
  -9.8358514e-04   1.9500000e+02
  -9.8626269e-04   2.1000000e+02
  -9.8900823e-04   2.2500000e+02
  -9.9168031e-04   2.4000000e+02
  -9.9419849e-04   2.5500000e+02
  -9.9656696e-04   2.7000000e+02
  -9.9889131e-04   2.8500000e+02
  -1.0014642e-03   3.0000000e+02
  -1.0046177e-03   3.1500000e+02
  -1.0084207e-03   3.3000000e+02
  -1.0126318e-03   3.4500000e+02
  -1.0169939e-03   3.6000000e+02
  -1.0214616e-03   3.7500000e+02
  -1.0261048e-03   3.9000000e+02
  -1.0309259e-03   4.0500000e+02
  -1.0357542e-03   4.2000000e+02
  -1.0402591e-03   4.3500000e+02
  -1.0441338e-03   4.5000000e+02
  -1.0472516e-03   4.6500000e+02
  -1.0494568e-03   4.8000000e+02
  -1.0500718e-03   4.9500000e+02
  -1.0476639e-03   5.1000000e+02
  -1.0407093e-03   5.2500000e+02
  -1.0292170e-03   5.4000000e+02
  -1.0162850e-03   5.5500000e+02
  -1.0082612e-03   5.7000000e+02
  -1.0123496e-03   5.8500000e+02
  -1.0315925e-03   6.0000000e+02
  -1.0604612e-03   6.1500000e+02
  -1.0860590e-03   6.3000000e+02
  -1.0959036e-03   6.4500000e+02
  -1.0862679e-03   6.6000000e+02
  -1.0623137e-03   6.7500000e+02
  -1.0277021e-03   6.9000000e+02
  -9.7426685e-04   7.0500000e+02
  -8.8694243e-04   7.2000000e+02
  -7.6382048e-04   7.3500000e+02
  -6.3049101e-04   7.5000000e+02
  -5.2965019e-04   7.6500000e+02
  -4.9307349e-04   7.8000000e+02
  -5.2260142e-04   7.9500000e+02
  -5.9515488e-04   8.1000000e+02
  -6.8007421e-04   8.2500000e+02
  -7.5057813e-04   8.4000000e+02
  -7.8831974e-04   8.5500000e+02
  -7.9010479e-04   8.7000000e+02
  -7.7396014e-04   8.8500000e+02
  -7.7109196e-04   9.0000000e+02
  -8.0325193e-04   9.1500000e+02
  -8.6536817e-04   9.3000000e+02
  -9.3107589e-04   9.4500000e+02
  -9.7498135e-04   9.6000000e+02
  -9.9027017e-04   9.7500000e+02
  -9.8970148e-04   9.9000000e+02
  -9.9468161e-04   1.0050000e+03
  -1.0207937e-03   1.0200000e+03
  -1.0657373e-03   1.0350000e+03
  -1.1096217e-03   1.0500000e+03
  -1.1340986e-03   1.0650000e+03
  -1.1437403e-03   1.0800000e+03
  -1.1612828e-03   1.0950000e+03
  -1.1990296e-03   1.1100000e+03
  -1.2438915e-03   1.1250000e+03
  -1.2752750e-03   1.1400000e+03
  -1.2889304e-03   1.1550000e+03
  -1.2962087e-03   1.1700000e+03
  -1.3059257e-03   1.1850000e+03
  -1.3155113e-03   1.2000000e+03
  -1.3202737e-03   1.2150000e+03
  -1.3264198e-03   1.2300000e+03
  -1.3502934e-03   1.2450000e+03
  -1.4030720e-03   1.2600000e+03
  -1.4785859e-03   1.2750000e+03
  -1.5577282e-03   1.2900000e+03
  -1.6208572e-03   1.3050000e+03
  -1.6544411e-03   1.3200000e+03
  -1.6554492e-03   1.3350000e+03
  -1.6393691e-03   1.3500000e+03
  -1.6376604e-03   1.3650000e+03
  -1.6717692e-03   1.3800000e+03
  -1.7267969e-03   1.3950000e+03
  -1.7624459e-03   1.4100000e+03
  -1.7564313e-03   1.4250000e+03
  -1.7301975e-03   1.4400000e+03
  -1.7253531e-03   1.4550000e+03
  -1.7585644e-03   1.4700000e+03
  -1.8054505e-03   1.4850000e+03
  -1.8276146e-03   1.5000000e+03
  -1.8111223e-03   1.5150000e+03
  -1.7771204e-03   1.5300000e+03
  -1.7560668e-03   1.5450000e+03
  -1.7540348e-03   1.5600000e+03
  -1.7481674e-03   1.5750000e+03
  -1.7161192e-03   1.5900000e+03
  -1.6627766e-03   1.6050000e+03
  -1.6094707e-03   1.6200000e+03
  -1.5609281e-03   1.6350000e+03
  -1.4970693e-03   1.6500000e+03
  -1.4009788e-03   1.6650000e+03
  -1.2805056e-03   1.6800000e+03
  -1.1514768e-03   1.6950000e+03
  -1.0100630e-03   1.7100000e+03
  -8.3667622e-04   1.7250000e+03
  -6.2172738e-04   1.7400000e+03
  -3.7065969e-04   1.7550000e+03
  -8.3424035e-05   1.7700000e+03
   2.5524542e-04   1.7850000e+03
   6.6071795e-04   1.8000000e+03
   1.1361158e-03   1.8150000e+03
   1.6813249e-03   1.8300000e+03
   2.3052653e-03   1.8450000e+03
   3.0229487e-03   1.8600000e+03
   3.8478770e-03   1.8750000e+03
   4.7951736e-03   1.8900000e+03
   5.8886395e-03   1.9050000e+03
   7.1582925e-03   1.9200000e+03
   8.6328937e-03   1.9350000e+03
   1.0340708e-02   1.9500000e+03
   1.2318023e-02   1.9650000e+03
   1.4614325e-02   1.9800000e+03
   1.7290398e-02   1.9950000e+03
   2.0414151e-02   2.0100000e+03
   2.4056025e-02   2.0250000e+03
   2.8283203e-02   2.0400000e+03
   3.3157058e-02   2.0550000e+03
   3.8739193e-02   2.0700000e+03
   4.5102526e-02   2.0850000e+03
   5.2339669e-02   2.1000000e+03
   6.0567718e-02   2.1150000e+03
   6.9930740e-02   2.1300000e+03
   8.0593020e-02   2.1450000e+03
   9.2713110e-02   2.1600000e+03
   1.0640275e-01   2.1750000e+03
   1.2169287e-01   2.1900000e+03
   1.3852851e-01   2.2050000e+03
   1.5678847e-01   2.2200000e+03
   1.7629449e-01   2.2350000e+03
   1.9677138e-01   2.2500000e+03
   2.1775925e-01   2.2650000e+03
   2.3853226e-01   2.2800000e+03
   2.5809202e-01   2.2950000e+03
   2.7525532e-01   2.3100000e+03
   2.8879017e-01   2.3250000e+03
   2.9754242e-01   2.3400000e+03
   3.0054620e-01   2.3550000e+03
   2.9715240e-01   2.3700000e+03
   2.8717789e-01   2.3850000e+03
   2.7100918e-01   2.4000000e+03
   2.4958925e-01   2.4150000e+03
   2.2429629e-01   2.4300000e+03
   1.9678099e-01   2.4450000e+03
   1.6878718e-01   2.4600000e+03
   1.4191198e-01   2.4750000e+03
   1.1731819e-01   2.4900000e+03
   9.5551491e-02   2.5050000e+03
   7.6619275e-02   2.5200000e+03
   6.0277682e-02   2.5350000e+03
   4.6282977e-02   2.5500000e+03
   3.4439832e-02   2.5650000e+03
   2.4515826e-02   2.5800000e+03
   1.6182035e-02   2.5950000e+03
   9.0261837e-03   2.6100000e+03
   2.5994068e-03   2.6250000e+03
  -3.4963144e-03   2.6400000e+03
  -9.4695268e-03   2.6550000e+03
  -1.5260810e-02   2.6700000e+03
  -2.0659946e-02   2.6850000e+03
  -2.5536530e-02   2.7000000e+03
  -2.9919846e-02   2.7150000e+03
  -3.3841774e-02   2.7300000e+03
  -3.7197199e-02   2.7450000e+03
  -3.9875206e-02   2.7600000e+03
  -4.2025771e-02   2.7750000e+03
  -4.4095192e-02   2.7900000e+03
  -4.6538252e-02   2.8050000e+03
  -4.9523488e-02   2.8200000e+03
  -5.2934330e-02   2.8350000e+03
  -5.6587134e-02   2.8500000e+03
  -6.0370434e-02   2.8650000e+03
  -6.4195335e-02   2.8800000e+03
  -6.7912079e-02   2.8950000e+03
  -7.1345545e-02   2.9100000e+03
  -7.4405424e-02   2.9250000e+03
  -7.7128179e-02   2.9400000e+03
  -7.9605266e-02   2.9550000e+03
  -8.1888497e-02   2.9700000e+03
  -8.3971038e-02   2.9850000e+03
  -8.5832424e-02   3.0000000e+03
  -8.7460026e-02   3.0150000e+03
  -8.8814691e-02   3.0300000e+03
  -8.9804664e-02   3.0450000e+03
  -9.0322897e-02   3.0600000e+03
  -9.0310201e-02   3.0750000e+03
  -8.9775868e-02   3.0900000e+03
  -8.8768885e-02   3.1050000e+03
  -8.7336622e-02   3.1200000e+03
  -8.5492209e-02   3.1350000e+03
  -8.3198033e-02   3.1500000e+03
  -8.0378532e-02   3.1650000e+03
  -7.6960646e-02   3.1800000e+03
  -7.2914012e-02   3.1950000e+03
  -6.8264797e-02   3.2100000e+03
  -6.3082591e-02   3.2250000e+03
  -5.7457965e-02   3.2400000e+03
  -5.1492095e-02   3.2550000e+03
  -4.5304149e-02   3.2700000e+03
  -3.9037045e-02   3.2850000e+03
  -3.2841321e-02   3.3000000e+03
  -2.6848646e-02   3.3150000e+03
  -2.1161860e-02   3.3300000e+03
  -1.5862854e-02   3.3450000e+03
  -1.1016871e-02   3.3600000e+03
  -6.6665639e-03   3.3750000e+03
  -2.8290183e-03   3.3900000e+03
   5.0020189e-04   3.4050000e+03
   3.3478977e-03   3.4200000e+03
   5.7721669e-03   3.4350000e+03
   7.8653013e-03   3.4500000e+03
   9.7403107e-03   3.4650000e+03
   1.1507354e-02   3.4800000e+03
   1.3251075e-02   3.4950000e+03
   1.5014336e-02   3.5100000e+03
   1.6791875e-02   3.5250000e+03
   1.8535646e-02   3.5400000e+03
   2.0166999e-02   3.5550000e+03
   2.1588851e-02   3.5700000e+03
   2.2697644e-02   3.5850000e+03
   2.3398085e-02   3.6000000e+03
   2.3618603e-02   3.6150000e+03
   2.3322729e-02   3.6300000e+03
   2.2514699e-02   3.6450000e+03
   2.1238644e-02   3.6600000e+03
   1.9568102e-02   3.6750000e+03
   1.7585507e-02   3.6900000e+03
   1.5361576e-02   3.7050000e+03
   1.2948306e-02   3.7200000e+03
   1.0387056e-02   3.7350000e+03
   7.7174208e-03   3.7500000e+03
   4.9742199e-03   3.7650000e+03
   2.1785728e-03   3.7800000e+03
  -6.5934221e-04   3.7950000e+03
  -3.5200876e-03   3.8100000e+03
  -6.3532074e-03   3.8250000e+03
  -9.0744812e-03   3.8400000e+03
  -1.1584912e-02   3.8550000e+03
  -1.3795290e-02   3.8700000e+03
  -1.5639702e-02   3.8850000e+03
  -1.7074840e-02   3.9000000e+03
  -1.8072445e-02   3.9150000e+03
  -1.8612672e-02   3.9300000e+03
  -1.8682336e-02   3.9450000e+03
  -1.8280512e-02   3.9600000e+03
  -1.7432505e-02   3.9750000e+03
  -1.6206644e-02   3.9900000e+03
  -1.4720784e-02   4.0050000e+03
  -1.3127615e-02   4.0200000e+03
  -1.1583162e-02   4.0350000e+03
  -1.0217597e-02   4.0500000e+03
  -9.1256835e-03   4.0650000e+03
  -8.3769346e-03   4.0800000e+03
  -8.0300542e-03   4.0950000e+03
  -8.1358021e-03   4.1100000e+03
  -8.7239668e-03   4.1250000e+03
  -9.7822202e-03   4.1400000e+03
  -1.1240614e-02   4.1550000e+03
  -1.2974251e-02   4.1700000e+03
  -1.4827802e-02   4.1850000e+03
  -1.6652359e-02   4.2000000e+03
  -1.8337365e-02   4.2150000e+03
  -1.9824622e-02   4.2300000e+03
  -2.1103391e-02   4.2450000e+03
  -2.2194019e-02   4.2600000e+03
  -2.3127919e-02   4.2750000e+03
  -2.3929341e-02   4.2900000e+03
  -2.4603933e-02   4.3050000e+03
  -2.5138656e-02   4.3200000e+03
  -2.5512779e-02   4.3350000e+03
  -2.5712440e-02   4.3500000e+03
  -2.5737820e-02   4.3650000e+03
  -2.5597366e-02   4.3800000e+03
  -2.5294203e-02   4.3950000e+03
  -2.4817010e-02   4.4100000e+03
  -2.4143998e-02   4.4250000e+03
  -2.3256712e-02   4.4400000e+03
  -2.2152472e-02   4.4550000e+03
  -2.0848116e-02   4.4700000e+03
  -1.9377802e-02   4.4850000e+03
  -1.7791076e-02   4.5000000e+03
