   2.8359874e-03   0.0000000e+00
   2.8359436e-03   1.5000000e+01
   2.8358528e-03   3.0000000e+01
   2.8359606e-03   4.5000000e+01
   2.8366726e-03   6.0000000e+01
   2.8380426e-03   7.5000000e+01
   2.8394815e-03   9.0000000e+01
   2.8402940e-03   1.0500000e+02
   2.8403993e-03   1.2000000e+02
   2.8403602e-03   1.3500000e+02
   2.8406216e-03   1.5000000e+02
   2.8408761e-03   1.6500000e+02
   2.8400286e-03   1.8000000e+02
   2.8357764e-03   1.9500000e+02
   2.8223176e-03   2.1000000e+02
   2.7876480e-03   2.2500000e+02
   2.7174726e-03   2.4000000e+02
   2.6118644e-03   2.5500000e+02
   2.5055562e-03   2.7000000e+02
   2.4630714e-03   2.8500000e+02
   2.5292870e-03   3.0000000e+02
   2.6719826e-03   3.1500000e+02
   2.7947547e-03   3.3000000e+02
   2.8344928e-03   3.4500000e+02
   2.8325992e-03   3.6000000e+02
   2.8743695e-03   3.7500000e+02
   2.9699130e-03   3.9000000e+02
   3.0480437e-03   4.0500000e+02
   3.0698774e-03   4.2000000e+02
   3.0824330e-03   4.3500000e+02
   3.1344371e-03   4.5000000e+02
   3.2032274e-03   4.6500000e+02
   3.2480848e-03   4.8000000e+02
   3.2810671e-03   4.9500000e+02
   3.3341302e-03   5.1000000e+02
   3.3995905e-03   5.2500000e+02
   3.4519287e-03   5.4000000e+02
   3.4953235e-03   5.5500000e+02
   3.5479872e-03   5.7000000e+02
   3.6043427e-03   5.8500000e+02
   3.6478606e-03   6.0000000e+02
   3.6834828e-03   6.1500000e+02
   3.7269623e-03   6.3000000e+02
   3.7754551e-03   6.4500000e+02
   3.8143585e-03   6.6000000e+02
   3.8403175e-03   6.7500000e+02
   3.8548773e-03   6.9000000e+02
   3.8465112e-03   7.0500000e+02
   3.7956142e-03   7.2000000e+02
   3.6882740e-03   7.3500000e+02
   3.5177006e-03   7.5000000e+02
   3.2901659e-03   7.6500000e+02
   3.0477331e-03   7.8000000e+02
   2.8760019e-03   7.9500000e+02
   2.8644500e-03   8.1000000e+02
   3.0386087e-03   8.2500000e+02
   3.3174511e-03   8.4000000e+02
   3.5399005e-03   8.5500000e+02
   3.5664791e-03   8.7000000e+02
   3.3931776e-03   8.8500000e+02
   3.1637780e-03   9.0000000e+02
   3.0357728e-03   9.1500000e+02
   3.0196493e-03   9.3000000e+02
   2.9733705e-03   9.4500000e+02
   2.7720798e-03   9.6000000e+02
   2.4547246e-03   9.7500000e+02
   2.1607785e-03   9.9000000e+02
   1.9335863e-03   1.0050000e+03
   1.6511641e-03   1.0200000e+03
   1.1782005e-03   1.0350000e+03
   5.2220264e-04   1.0500000e+03
  -2.2324739e-04   1.0650000e+03
  -1.0319243e-03   1.0800000e+03
  -1.9041833e-03   1.0950000e+03
  -2.5648146e-03   1.1100000e+03
  -2.0160202e-03   1.1250000e+03
   2.2067712e-03   1.1400000e+03
   1.5553128e-02   1.1550000e+03
   4.8799600e-02   1.1700000e+03
   1.1978616e-01   1.1850000e+03
   2.5097066e-01   1.2000000e+03
   4.5756754e-01   1.2150000e+03
   7.2287905e-01   1.2300000e+03
   9.6740776e-01   1.2450000e+03
   1.0368919e+00   1.2600000e+03
   7.4805731e-01   1.2750000e+03
   1.1896340e-02   1.2900000e+03
  -1.0147307e+00   1.3050000e+03
  -1.8824317e+00   1.3200000e+03
  -2.0419142e+00   1.3350000e+03
  -1.2457731e+00   1.3500000e+03
   1.2833269e-01   1.3650000e+03
   1.2073791e+00   1.3800000e+03
   1.2649512e+00   1.3950000e+03
   3.8256350e-01   1.4100000e+03
  -5.6437862e-01   1.4250000e+03
  -7.2150940e-01   1.4400000e+03
  -9.6248046e-02   1.4550000e+03
   5.1567757e-01   1.4700000e+03
   4.7148404e-01   1.4850000e+03
  -2.7351564e-02   1.5000000e+03
  -3.2462603e-01   1.5150000e+03
  -1.9424865e-01   1.5300000e+03
  -6.1627445e-03   1.5450000e+03
  -6.1258610e-02   1.5600000e+03
  -1.7939024e-01   1.5750000e+03
  -9.1608986e-02   1.5900000e+03
   1.2103403e-01   1.6050000e+03
   2.2076197e-01   1.6200000e+03
   1.7619388e-01   1.6350000e+03
   9.9750243e-02   1.6500000e+03
   3.1201025e-02   1.6650000e+03
  -3.6647130e-02   1.6800000e+03
  -8.1860006e-02   1.6950000e+03
  -9.4636694e-02   1.7100000e+03
  -7.0382774e-02   1.7250000e+03
   6.9333497e-03   1.7400000e+03
   7.5488873e-02   1.7550000e+03
   2.8599514e-02   1.7700000e+03
  -9.7564898e-02   1.7850000e+03
  -1.6235767e-01   1.8000000e+03
  -1.3812898e-01   1.8150000e+03
  -8.6638831e-02   1.8300000e+03
  -1.2362164e-02   1.8450000e+03
   9.2291802e-02   1.8600000e+03
   1.8728013e-01   1.8750000e+03
   2.3602860e-01   1.8900000e+03
   2.0034216e-01   1.9050000e+03
   5.7406582e-02   1.9200000e+03
  -1.0890252e-01   1.9350000e+03
  -1.8112336e-01   1.9500000e+03
  -1.4906240e-01   1.9650000e+03
  -5.4719213e-02   1.9800000e+03
   6.4489596e-02   1.9950000e+03
   1.3055289e-01   2.0100000e+03
   9.8295979e-02   2.0250000e+03
   2.1997647e-02   2.0400000e+03
  -4.1278724e-02   2.0550000e+03
  -5.6651432e-02   2.0700000e+03
   7.8478400e-03   2.0850000e+03
   8.5432000e-02   2.1000000e+03
   6.6798337e-02   2.1150000e+03
  -1.0254860e-02   2.1300000e+03
  -4.2969640e-02   2.1450000e+03
  -3.8664363e-02   2.1600000e+03
  -4.1496217e-02   2.1750000e+03
  -4.9453229e-02   2.1900000e+03
  -5.4106675e-02   2.2050000e+03
  -3.3995621e-02   2.2200000e+03
   2.4229668e-02   2.2350000e+03
   6.6203088e-02   2.2500000e+03
   4.5759775e-02   2.2650000e+03
   1.8907870e-03   2.2800000e+03
  -1.9161398e-02   2.2950000e+03
  -2.0053634e-02   2.3100000e+03
  -1.2980863e-02   2.3250000e+03
  -2.7491348e-03   2.3400000e+03
   7.1260780e-03   2.3550000e+03
   1.7300671e-02   2.3700000e+03
   2.3231193e-02   2.3850000e+03
   1.5013131e-02   2.4000000e+03
  -4.2998702e-03   2.4150000e+03
  -1.6671006e-02   2.4300000e+03
  -1.0823071e-02   2.4450000e+03
   1.9909728e-03   2.4600000e+03
   5.9524779e-03   2.4750000e+03
   4.9451203e-03   2.4900000e+03
   8.4064268e-03   2.5050000e+03
   1.1565255e-02   2.5200000e+03
   7.7294749e-03   2.5350000e+03
  -1.5224166e-03   2.5500000e+03
  -1.1646328e-02   2.5650000e+03
  -1.5419164e-02   2.5800000e+03
  -7.6872315e-03   2.5950000e+03
   5.4497840e-03   2.6100000e+03
   1.2837999e-02   2.6250000e+03
   1.1209682e-02   2.6400000e+03
   7.8630624e-03   2.6550000e+03
   1.3280554e-02   2.6700000e+03
   2.9974800e-02   2.6850000e+03
   4.8182234e-02   2.7000000e+03
   5.3742267e-02   2.7150000e+03
   4.0722460e-02   2.7300000e+03
   1.8049369e-02   2.7450000e+03
   1.6132634e-03   2.7600000e+03
  -1.9475674e-03   2.7750000e+03
   8.7916176e-04   2.7900000e+03
   2.0328851e-03   2.8050000e+03
   9.7031167e-05   2.8200000e+03
  -3.1876969e-03   2.8350000e+03
  -8.5061342e-03   2.8500000e+03
  -1.8102990e-02   2.8650000e+03
  -3.0638877e-02   2.8800000e+03
  -3.9202455e-02   2.8950000e+03
  -3.6290444e-02   2.9100000e+03
  -2.1582270e-02   2.9250000e+03
  -3.3356145e-03   2.9400000e+03
   9.2299255e-03   2.9550000e+03
   1.2669552e-02   2.9700000e+03
   7.7693537e-03   2.9850000e+03
  -3.7268689e-03   3.0000000e+03
  -1.7691221e-02   3.0150000e+03
  -2.6381377e-02   3.0300000e+03
  -2.3159213e-02   3.0450000e+03
  -9.3891500e-03   3.0600000e+03
   5.2864640e-03   3.0750000e+03
   1.1245095e-02   3.0900000e+03
   6.8015787e-03   3.1050000e+03
  -2.7601274e-03   3.1200000e+03
  -1.1795379e-02   3.1350000e+03
  -1.7460858e-02   3.1500000e+03
  -1.7732650e-02   3.1650000e+03
  -1.0866392e-02   3.1800000e+03
   5.9834629e-04   3.1950000e+03
   8.0922451e-03   3.2100000e+03
   3.9248075e-03   3.2250000e+03
  -9.5008640e-03   3.2400000e+03
  -2.0433707e-02   3.2550000e+03
  -1.9082077e-02   3.2700000e+03
  -6.9133919e-03   3.2850000e+03
   5.5645439e-03   3.3000000e+03
   8.8623306e-03   3.3150000e+03
   2.1188809e-03   3.3300000e+03
  -7.6495437e-03   3.3450000e+03
  -1.2563395e-02   3.3600000e+03
  -1.0536089e-02   3.3750000e+03
  -6.0650650e-03   3.3900000e+03
  -4.9958867e-03   3.4050000e+03
  -8.6835986e-03   3.4200000e+03
  -1.3398832e-02   3.4350000e+03
  -1.4941714e-02   3.4500000e+03
  -1.2916348e-02   3.4650000e+03
  -1.0419436e-02   3.4800000e+03
  -1.0387521e-02   3.4950000e+03
  -1.2666266e-02   3.5100000e+03
  -1.4196691e-02   3.5250000e+03
  -1.1737393e-02   3.5400000e+03
  -4.8464439e-03   3.5550000e+03
   3.3073069e-03   3.5700000e+03
   8.3391555e-03   3.5850000e+03
   8.5017895e-03   3.6000000e+03
   6.3454309e-03   3.6150000e+03
   6.2350486e-03   3.6300000e+03
   9.9877547e-03   3.6450000e+03
   1.5072867e-02   3.6600000e+03
   1.7301723e-02   3.6750000e+03
   1.5208177e-02   3.6900000e+03
   1.1435080e-02   3.7050000e+03
   9.5916521e-03   3.7200000e+03
   9.9860532e-03   3.7350000e+03
   8.9591471e-03   3.7500000e+03
   2.6883909e-03   3.7650000e+03
  -8.4725553e-03   3.7800000e+03
  -1.9558407e-02   3.7950000e+03
  -2.4820087e-02   3.8100000e+03
  -2.2122074e-02   3.8250000e+03
  -1.4149675e-02   3.8400000e+03
  -5.9132087e-03   3.8550000e+03
  -1.0036359e-03   3.8700000e+03
   5.4756546e-04   3.8850000e+03
   1.5816760e-03   3.9000000e+03
   5.1038894e-03   3.9150000e+03
   1.1671467e-02   3.9300000e+03
   1.8903665e-02   3.9450000e+03
   2.3396468e-02   3.9600000e+03
   2.3154909e-02   3.9750000e+03
   1.8330483e-02   3.9900000e+03
   1.0150471e-02   4.0050000e+03
  -6.3900457e-05   4.0200000e+03
  -1.0569867e-02   4.0350000e+03
  -1.8649010e-02   4.0500000e+03
  -2.1478966e-02   4.0650000e+03
  -1.8103272e-02   4.0800000e+03
  -1.0459879e-02   4.0950000e+03
  -2.2512476e-03   4.1100000e+03
   3.4199117e-03   4.1250000e+03
   5.7414691e-03   4.1400000e+03
   6.0618701e-03   4.1550000e+03
   6.2281173e-03   4.1700000e+03
   6.7769694e-03   4.1850000e+03
   6.4757979e-03   4.2000000e+03
   3.5758647e-03   4.2150000e+03
  -2.3859146e-03   4.2300000e+03
  -9.8076584e-03   4.2450000e+03
  -1.5815945e-02   4.2600000e+03
  -1.7954132e-02   4.2750000e+03
  -1.5613797e-02   4.2900000e+03
  -1.0269473e-02   4.3050000e+03
  -4.3464447e-03   4.3200000e+03
   3.0124537e-04   4.3350000e+03
   2.9218108e-03   4.3500000e+03
   3.2726387e-03   4.3650000e+03
   1.2834450e-03   4.3800000e+03
  -2.1682458e-03   4.3950000e+03
  -4.5797233e-03   4.4100000e+03
  -2.9409337e-03   4.4250000e+03
   3.8526612e-03   4.4400000e+03
   1.3771692e-02   4.4550000e+03
   2.3013849e-02   4.4700000e+03
   2.8548911e-02   4.4850000e+03
   2.9457882e-02   4.5000000e+03
