  -2.1557853e-04   0.0000000e+00
  -2.1693113e-04   1.5000000e+01
  -2.2178219e-04   3.0000000e+01
  -2.3273914e-04   4.5000000e+01
  -2.5235675e-04   6.0000000e+01
  -2.8184304e-04   7.5000000e+01
  -3.2072532e-04   9.0000000e+01
  -3.6715827e-04   1.0500000e+02
  -4.1894836e-04   1.2000000e+02
  -4.7446138e-04   1.3500000e+02
  -5.3135771e-04   1.5000000e+02
  -5.8574235e-04   1.6500000e+02
  -6.3328218e-04   1.8000000e+02
  -6.6666381e-04   1.9500000e+02
  -6.7135243e-04   2.1000000e+02
  -6.2761945e-04   2.2500000e+02
  -5.1468232e-04   2.4000000e+02
  -3.0925038e-04   2.5500000e+02
   1.9604886e-05   2.7000000e+02
   5.1533763e-04   2.8500000e+02
   1.2397611e-03   3.0000000e+02
   2.2827608e-03   3.1500000e+02
   3.7710187e-03   3.3000000e+02
   5.8642314e-03   3.4500000e+02
   8.7391427e-03   3.6000000e+02
   1.2581150e-02   3.7500000e+02
   1.7608849e-02   3.9000000e+02
   2.4139382e-02   4.0500000e+02
   3.2655012e-02   4.2000000e+02
   4.3798797e-02   4.3500000e+02
   5.8303714e-02   4.5000000e+02
   7.6982096e-02   4.6500000e+02
   1.0083097e-01   4.8000000e+02
   1.3107128e-01   4.9500000e+02
   1.6895315e-01   5.1000000e+02
   2.1555215e-01   5.2500000e+02
   2.7198294e-01   5.4000000e+02
   3.3994707e-01   5.5500000e+02
   4.2178905e-01   5.7000000e+02
   5.1929033e-01   5.8500000e+02
   6.3134211e-01   6.0000000e+02
   7.5136322e-01   6.1500000e+02
   8.6560422e-01   6.3000000e+02
   9.5400524e-01   6.4500000e+02
   9.9525434e-01   6.6000000e+02
   9.7515398e-01   6.7500000e+02
   8.9364201e-01   6.9000000e+02
   7.6534963e-01   7.0500000e+02
   6.1271948e-01   7.2000000e+02
   4.5586982e-01   7.3500000e+02
   3.0571324e-01   7.5000000e+02
   1.6442487e-01   7.6500000e+02
   3.1337235e-02   7.8000000e+02
  -9.1783963e-02   7.9500000e+02
  -2.0013186e-01   8.1000000e+02
  -2.8884682e-01   8.2500000e+02
  -3.5586238e-01   8.4000000e+02
  -4.0225226e-01   8.5500000e+02
  -4.3075785e-01   8.7000000e+02
  -4.4442263e-01   8.8500000e+02
  -4.4611850e-01   9.0000000e+02
  -4.3865892e-01   9.1500000e+02
  -4.2497003e-01   9.3000000e+02
  -4.0773427e-01   9.4500000e+02
  -3.8863289e-01   9.6000000e+02
  -3.6815783e-01   9.7500000e+02
  -3.4620288e-01   9.9000000e+02
  -3.2255781e-01   1.0050000e+03
  -2.9696965e-01   1.0200000e+03
  -2.6931813e-01   1.0350000e+03
  -2.4000899e-01   1.0500000e+03
  -2.0999086e-01   1.0650000e+03
  -1.8031442e-01   1.0800000e+03
  -1.5184110e-01   1.0950000e+03
  -1.2523311e-01   1.1100000e+03
  -1.0089078e-01   1.1250000e+03
  -7.8884453e-02   1.1400000e+03
  -5.9033196e-02   1.1550000e+03
  -4.1012313e-02   1.1700000e+03
  -2.4431869e-02   1.1850000e+03
  -8.9262947e-03   1.2000000e+03
   5.7498338e-03   1.2150000e+03
   1.9645302e-02   1.2300000e+03
   3.2563373e-02   1.2450000e+03
   4.4003844e-02   1.2600000e+03
   5.3161871e-02   1.2750000e+03
   5.9102502e-02   1.2900000e+03
   6.1004758e-02   1.3050000e+03
   5.8332276e-02   1.3200000e+03
   5.0935343e-02   1.3350000e+03
   3.9057307e-02   1.3500000e+03
   2.3252806e-02   1.3650000e+03
   4.3122182e-03   1.3800000e+03
  -1.6795594e-02   1.3950000e+03
  -3.8985167e-02   1.4100000e+03
  -6.1108500e-02   1.4250000e+03
  -8.2012735e-02   1.4400000e+03
  -1.0062264e-01   1.4550000e+03
  -1.1605307e-01   1.4700000e+03
  -1.2772755e-01   1.4850000e+03
  -1.3545175e-01   1.5000000e+03
  -1.3940996e-01   1.5150000e+03
  -1.4008093e-01   1.5300000e+03
  -1.3809024e-01   1.5450000e+03
  -1.3404359e-01   1.5600000e+03
  -1.2839259e-01   1.5750000e+03
  -1.2137720e-01   1.5900000e+03
  -1.1305811e-01   1.6050000e+03
  -1.0340513e-01   1.6200000e+03
  -9.2392392e-02   1.6350000e+03
  -8.0071189e-02   1.6500000e+03
  -6.6610806e-02   1.6650000e+03
  -5.2301276e-02   1.6800000e+03
  -3.7507780e-02   1.6950000e+03
  -2.2581533e-02   1.7100000e+03
  -7.7667465e-03   1.7250000e+03
   6.8404302e-03   1.7400000e+03
   2.1246072e-02   1.7550000e+03
   3.5438418e-02   1.7700000e+03
   4.9250890e-02   1.7850000e+03
   6.2280484e-02   1.8000000e+03
   7.3912792e-02   1.8150000e+03
   8.3455339e-02   1.8300000e+03
   9.0325534e-02   1.8450000e+03
   9.4210878e-02   1.8600000e+03
   9.5136344e-02   1.8750000e+03
   9.3427889e-02   1.8900000e+03
   8.9612976e-02   1.9050000e+03
   8.4309839e-02   1.9200000e+03
   7.8131527e-02   1.9350000e+03
   7.1607739e-02   1.9500000e+03
   6.5130204e-02   1.9650000e+03
   5.8936883e-02   1.9800000e+03
   5.3137839e-02   1.9950000e+03
   4.7754627e-02   2.0100000e+03
   4.2732790e-02   2.0250000e+03
   3.7916604e-02   2.0400000e+03
   3.3025421e-02   2.0550000e+03
   2.7688246e-02   2.0700000e+03
   2.1553105e-02   2.0850000e+03
   1.4424467e-02   2.1000000e+03
   6.3573187e-03   2.1150000e+03
  -2.3285989e-03   2.1300000e+03
  -1.1098426e-02   2.1450000e+03
  -1.9284392e-02   2.1600000e+03
  -2.6190620e-02   2.1750000e+03
  -3.1216878e-02   2.1900000e+03
  -3.3966683e-02   2.2050000e+03
  -3.4286272e-02   2.2200000e+03
  -3.2228339e-02   2.2350000e+03
  -2.8008286e-02   2.2500000e+03
  -2.2020111e-02   2.2650000e+03
  -1.4880492e-02   2.2800000e+03
  -7.3886863e-03   2.2950000e+03
  -3.4667255e-04   2.3100000e+03
   5.6653605e-03   2.3250000e+03
   1.0393603e-02   2.3400000e+03
   1.3834384e-02   2.3550000e+03
   1.6077245e-02   2.3700000e+03
   1.7205164e-02   2.3850000e+03
   1.7282777e-02   2.4000000e+03
   1.6362464e-02   2.4150000e+03
   1.4459140e-02   2.4300000e+03
   1.1527865e-02   2.4450000e+03
   7.4953223e-03   2.4600000e+03
   2.3308278e-03   2.4750000e+03
  -3.9020414e-03   2.4900000e+03
  -1.1034680e-02   2.5050000e+03
  -1.8790375e-02   2.5200000e+03
  -2.6768371e-02   2.5350000e+03
  -3.4450375e-02   2.5500000e+03
  -4.1270629e-02   2.5650000e+03
  -4.6728291e-02   2.5800000e+03
  -5.0476681e-02   2.5950000e+03
  -5.2359425e-02   2.6100000e+03
  -5.2421927e-02   2.6250000e+03
  -5.0920717e-02   2.6400000e+03
  -4.8298799e-02   2.6550000e+03
  -4.5088936e-02   2.6700000e+03
  -4.1775201e-02   2.6850000e+03
  -3.8697258e-02   2.7000000e+03
  -3.6043994e-02   2.7150000e+03
  -3.3900201e-02   2.7300000e+03
  -3.2282032e-02   2.7450000e+03
  -3.1141805e-02   2.7600000e+03
  -3.0368989e-02   2.7750000e+03
  -2.9810917e-02   2.7900000e+03
  -2.9309193e-02   2.8050000e+03
  -2.8737903e-02   2.8200000e+03
  -2.8040370e-02   2.8350000e+03
  -2.7268460e-02   2.8500000e+03
  -2.6619392e-02   2.8650000e+03
  -2.6448244e-02   2.8800000e+03
  -2.7230762e-02   2.8950000e+03
  -2.9474275e-02   2.9100000e+03
  -3.3608105e-02   2.9250000e+03
  -3.9891541e-02   2.9400000e+03
  -4.8349742e-02   2.9550000e+03
  -5.8725443e-02   2.9700000e+03
  -7.0449248e-02   2.9850000e+03
  -8.2657948e-02   3.0000000e+03
  -9.4283663e-02   3.0150000e+03
  -1.0419962e-01   3.0300000e+03
  -1.1138331e-01   3.0450000e+03
  -1.1506306e-01   3.0600000e+03
  -1.1482802e-01   3.0750000e+03
  -1.1068587e-01   3.0900000e+03
  -1.0305160e-01   3.1050000e+03
  -9.2663169e-02   3.1200000e+03
  -8.0444530e-02   3.1350000e+03
  -6.7357615e-02   3.1500000e+03
  -5.4282017e-02   3.1650000e+03
  -4.1935224e-02   3.1800000e+03
  -3.0826654e-02   3.1950000e+03
  -2.1243863e-02   3.2100000e+03
  -1.3281199e-02   3.2250000e+03
  -6.9084149e-03   3.2400000e+03
  -2.0466263e-03   3.2550000e+03
   1.3888212e-03   3.2700000e+03
   3.4910997e-03   3.2850000e+03
   4.3898816e-03   3.3000000e+03
   4.2768186e-03   3.3150000e+03
   3.4129235e-03   3.3300000e+03
   2.1140652e-03   3.3450000e+03
   7.1864168e-04   3.3600000e+03
  -4.4880534e-04   3.3750000e+03
  -1.1012756e-03   3.3900000e+03
  -9.9861925e-04   3.4050000e+03
   3.7756399e-05   3.4200000e+03
   2.0854457e-03   3.4350000e+03
   5.0667138e-03   3.4500000e+03
   8.7178433e-03   3.4650000e+03
   1.2618328e-02   3.4800000e+03
   1.6285248e-02   3.4950000e+03
   1.9304147e-02   3.5100000e+03
   2.1447564e-02   3.5250000e+03
   2.2730052e-02   3.5400000e+03
   2.3369545e-02   3.5550000e+03
   2.3669247e-02   3.5700000e+03
   2.3878206e-02   3.5850000e+03
   2.4098966e-02   3.6000000e+03
   2.4279537e-02   3.6150000e+03
   2.4281194e-02   3.6300000e+03
   2.3982707e-02   3.6450000e+03
   2.3372045e-02   3.6600000e+03
   2.2584042e-02   3.6750000e+03
   2.1866882e-02   3.6900000e+03
   2.1495873e-02   3.7050000e+03
   2.1678001e-02   3.7200000e+03
   2.2485932e-02   3.7350000e+03
   2.3834536e-02   3.7500000e+03
   2.5494413e-02   3.7650000e+03
   2.7135659e-02   3.7800000e+03
   2.8396033e-02   3.7950000e+03
   2.8958140e-02   3.8100000e+03
   2.8610457e-02   3.8250000e+03
   2.7273031e-02   3.8400000e+03
   2.4987312e-02   3.8550000e+03
   2.1883640e-02   3.8700000e+03
   1.8141370e-02   3.8850000e+03
   1.3952327e-02   3.9000000e+03
   9.4947238e-03   3.9150000e+03
   4.9205930e-03   3.9300000e+03
   3.5395188e-04   3.9450000e+03
  -4.1064094e-03   3.9600000e+03
  -8.3839027e-03   3.9750000e+03
  -1.2421210e-02   3.9900000e+03
  -1.6174993e-02   4.0050000e+03
  -1.9604942e-02   4.0200000e+03
  -2.2655956e-02   4.0350000e+03
  -2.5239103e-02   4.0500000e+03
  -2.7224693e-02   4.0650000e+03
  -2.8458592e-02   4.0800000e+03
  -2.8797520e-02   4.0950000e+03
  -2.8144240e-02   4.1100000e+03
  -2.6464252e-02   4.1250000e+03
  -2.3780936e-02   4.1400000e+03
  -2.0159610e-02   4.1550000e+03
  -1.5693052e-02   4.1700000e+03
  -1.0496194e-02   4.1850000e+03
  -4.7126180e-03   4.2000000e+03
   1.4705377e-03   4.2150000e+03
   7.8108250e-03   4.2300000e+03
   1.4017984e-02   4.2450000e+03
   1.9789638e-02   4.2600000e+03
   2.4866967e-02   4.2750000e+03
   2.9086873e-02   4.2900000e+03
   3.2405559e-02   4.3050000e+03
   3.4882937e-02   4.3200000e+03
   3.6638528e-02   4.3350000e+03
   3.7802842e-02   4.3500000e+03
   3.8484611e-02   4.3650000e+03
   3.8759131e-02   4.3800000e+03
   3.8669892e-02   4.3950000e+03
   3.8234096e-02   4.4100000e+03
   3.7449084e-02   4.4250000e+03
   3.6301777e-02   4.4400000e+03
   3.4782108e-02   4.4550000e+03
   3.2896839e-02   4.4700000e+03
   3.0677009e-02   4.4850000e+03
   2.8173691e-02   4.5000000e+03
