   4.3727839e-03   0.0000000e+00
   4.3786676e-03   1.5000000e+01
   4.3970463e-03   3.0000000e+01
   4.4301748e-03   4.5000000e+01
   4.4808900e-03   6.0000000e+01
   4.5524496e-03   7.5000000e+01
   4.6490482e-03   9.0000000e+01
   4.7756955e-03   1.0500000e+02
   4.9381698e-03   1.2000000e+02
   5.1440536e-03   1.3500000e+02
   5.4035182e-03   1.5000000e+02
   5.7312516e-03   1.6500000e+02
   6.1493628e-03   1.8000000e+02
   6.6864318e-03   1.9500000e+02
   7.3760864e-03   2.1000000e+02
   8.2615195e-03   2.2500000e+02
   9.3996469e-03   2.4000000e+02
   1.0860045e-02   2.5500000e+02
   1.2728118e-02   2.7000000e+02
   1.5120932e-02   2.8500000e+02
   1.8204289e-02   3.0000000e+02
   2.2180079e-02   3.1500000e+02
   2.7231589e-02   3.3000000e+02
   3.3473864e-02   3.4500000e+02
   4.0973939e-02   3.6000000e+02
   4.9838107e-02   3.7500000e+02
   6.0292546e-02   3.9000000e+02
   7.2675750e-02   4.0500000e+02
   8.7308489e-02   4.2000000e+02
   1.0431302e-01   4.3500000e+02
   1.2354496e-01   4.5000000e+02
   1.4475669e-01   4.6500000e+02
   1.6796401e-01   4.8000000e+02
   1.9377977e-01   4.9500000e+02
   2.2330250e-01   5.1000000e+02
   2.5737584e-01   5.2500000e+02
   2.9568806e-01   5.4000000e+02
   3.3657083e-01   5.5500000e+02
   3.7789205e-01   5.7000000e+02
   4.1830677e-01   5.8500000e+02
   4.5749030e-01   6.0000000e+02
   4.9512064e-01   6.1500000e+02
   5.3013170e-01   6.3000000e+02
   5.6110889e-01   6.4500000e+02
   5.8635545e-01   6.6000000e+02
   6.0270411e-01   6.7500000e+02
   6.0533446e-01   6.9000000e+02
   5.9054059e-01   7.0500000e+02
   5.5896747e-01   7.2000000e+02
   5.1537549e-01   7.3500000e+02
   4.6507651e-01   7.5000000e+02
   4.1105145e-01   7.6500000e+02
   3.5450310e-01   7.8000000e+02
   2.9721320e-01   7.9500000e+02
   2.4232787e-01   8.1000000e+02
   1.9292869e-01   8.2500000e+02
   1.5049084e-01   8.4000000e+02
   1.1478174e-01   8.5500000e+02
   8.4847160e-02   8.7000000e+02
   5.9845824e-02   8.8500000e+02
   3.9049078e-02   9.0000000e+02
   2.1577558e-02   9.1500000e+02
   6.6517694e-03   9.3000000e+02
  -6.0106236e-03   9.4500000e+02
  -1.6385598e-02   9.6000000e+02
  -2.4667004e-02   9.7500000e+02
  -3.1478226e-02   9.9000000e+02
  -3.7734676e-02   1.0050000e+03
  -4.4346727e-02   1.0200000e+03
  -5.1865220e-02   1.0350000e+03
  -6.0325034e-02   1.0500000e+03
  -6.9420956e-02   1.0650000e+03
  -7.8813389e-02   1.0800000e+03
  -8.8319831e-02   1.0950000e+03
  -9.7899504e-02   1.1100000e+03
  -1.0753648e-01   1.1250000e+03
  -1.1717103e-01   1.1400000e+03
  -1.2668882e-01   1.1550000e+03
  -1.3596933e-01   1.1700000e+03
  -1.4497243e-01   1.1850000e+03
  -1.5374094e-01   1.2000000e+03
  -1.6232710e-01   1.2150000e+03
  -1.7075868e-01   1.2300000e+03
  -1.7903328e-01   1.2450000e+03
  -1.8710573e-01   1.2600000e+03
  -1.9489688e-01   1.2750000e+03
  -2.0231125e-01   1.2900000e+03
  -2.0923690e-01   1.3050000e+03
  -2.1554649e-01   1.3200000e+03
  -2.2111538e-01   1.3350000e+03
  -2.2584386e-01   1.3500000e+03
  -2.2966932e-01   1.3650000e+03
  -2.3256820e-01   1.3800000e+03
  -2.3454869e-01   1.3950000e+03
  -2.3563103e-01   1.4100000e+03
  -2.3582181e-01   1.4250000e+03
  -2.3509191e-01   1.4400000e+03
  -2.3336504e-01   1.4550000e+03
  -2.3052691e-01   1.4700000e+03
  -2.2645748e-01   1.4850000e+03
  -2.2106822e-01   1.5000000e+03
  -2.1432076e-01   1.5150000e+03
  -2.0622496e-01   1.5300000e+03
  -1.9682987e-01   1.5450000e+03
  -1.8621671e-01   1.5600000e+03
  -1.7449358e-01   1.5750000e+03
  -1.6179411e-01   1.5900000e+03
  -1.4828415e-01   1.6050000e+03
  -1.3417594e-01   1.6200000e+03
  -1.1974038e-01   1.6350000e+03
  -1.0530510e-01   1.6500000e+03
  -9.1231100e-02   1.6650000e+03
  -7.7870056e-02   1.6800000e+03
  -6.5513179e-02   1.6950000e+03
  -5.4348908e-02   1.7100000e+03
  -4.4446021e-02   1.7250000e+03
  -3.5770856e-02   1.7400000e+03
  -2.8233690e-02   1.7550000e+03
  -2.1746967e-02   1.7700000e+03
  -1.6271433e-02   1.7850000e+03
  -1.1829841e-02   1.8000000e+03
  -8.4816515e-03   1.8150000e+03
  -6.2709963e-03   1.8300000e+03
  -5.1750499e-03   1.8450000e+03
  -5.0795218e-03   1.8600000e+03
  -5.7887887e-03   1.8750000e+03
  -7.0539736e-03   1.8900000e+03
  -8.5960021e-03   1.9050000e+03
  -1.0119574e-02   1.9200000e+03
  -1.1336357e-02   1.9350000e+03
  -1.2011836e-02   1.9500000e+03
  -1.2018235e-02   1.9650000e+03
  -1.1351218e-02   1.9800000e+03
  -1.0085743e-02   1.9950000e+03
  -8.2978420e-03   2.0100000e+03
  -6.0137445e-03   2.0250000e+03
  -3.2256073e-03   2.0400000e+03
   4.7525282e-05   2.0550000e+03
   3.7126734e-03   2.0700000e+03
   7.6070423e-03   2.0850000e+03
   1.1537604e-02   2.1000000e+03
   1.5316527e-02   2.1150000e+03
   1.8777763e-02   2.1300000e+03
   2.1791408e-02   2.1450000e+03
   2.4284473e-02   2.1600000e+03
   2.6244139e-02   2.1750000e+03
   2.7680129e-02   2.1900000e+03
   2.8572438e-02   2.2050000e+03
   2.8866900e-02   2.2200000e+03
   2.8541028e-02   2.2350000e+03
   2.7678156e-02   2.2500000e+03
   2.6463447e-02   2.2650000e+03
   2.5094606e-02   2.2800000e+03
   2.3695003e-02   2.2950000e+03
   2.2310495e-02   2.3100000e+03
   2.0969426e-02   2.3250000e+03
   1.9715553e-02   2.3400000e+03
   1.8570544e-02   2.3550000e+03
   1.7480187e-02   2.3700000e+03
   1.6318928e-02   2.3850000e+03
   1.4951251e-02   2.4000000e+03
   1.3281874e-02   2.4150000e+03
   1.1252253e-02   2.4300000e+03
   8.8120792e-03   2.4450000e+03
   5.9129316e-03   2.4600000e+03
   2.5258448e-03   2.4750000e+03
  -1.3482211e-03   2.4900000e+03
  -5.6827907e-03   2.5050000e+03
  -1.0421997e-02   2.5200000e+03
  -1.5461103e-02   2.5350000e+03
  -2.0639980e-02   2.5500000e+03
  -2.5771294e-02   2.5650000e+03
  -3.0679500e-02   2.5800000e+03
  -3.5210226e-02   2.5950000e+03
  -3.9210055e-02   2.6100000e+03
  -4.2516932e-02   2.6250000e+03
  -4.4983871e-02   2.6400000e+03
  -4.6510700e-02   2.6550000e+03
  -4.7049813e-02   2.6700000e+03
  -4.6590865e-02   2.6850000e+03
  -4.5156054e-02   2.7000000e+03
  -4.2815663e-02   2.7150000e+03
  -3.9699957e-02   2.7300000e+03
  -3.5987210e-02   2.7450000e+03
  -3.1877808e-02   2.7600000e+03
  -2.7575912e-02   2.7750000e+03
  -2.3281882e-02   2.7900000e+03
  -1.9182248e-02   2.8050000e+03
  -1.5430560e-02   2.8200000e+03
  -1.2128976e-02   2.8350000e+03
  -9.3254512e-03   2.8500000e+03
  -7.0301937e-03   2.8650000e+03
  -5.2388748e-03   2.8800000e+03
  -3.9446433e-03   2.8950000e+03
  -3.1344104e-03   2.9100000e+03
  -2.7838373e-03   2.9250000e+03
  -2.8648481e-03   2.9400000e+03
  -3.3571082e-03   2.9550000e+03
  -4.2416239e-03   2.9700000e+03
  -5.4726340e-03   2.9850000e+03
  -6.9518667e-03   3.0000000e+03
  -8.5311672e-03   3.0150000e+03
  -1.0044496e-02   3.0300000e+03
  -1.1347867e-02   3.0450000e+03
  -1.2345118e-02   3.0600000e+03
  -1.2992342e-02   3.0750000e+03
  -1.3289273e-02   3.0900000e+03
  -1.3271119e-02   3.1050000e+03
  -1.3006649e-02   3.1200000e+03
  -1.2596796e-02   3.1350000e+03
  -1.2166486e-02   3.1500000e+03
  -1.1850659e-02   3.1650000e+03
  -1.1780204e-02   3.1800000e+03
  -1.2070616e-02   3.1950000e+03
  -1.2814071e-02   3.2100000e+03
  -1.4077679e-02   3.2250000e+03
  -1.5907917e-02   3.2400000e+03
  -1.8333152e-02   3.2550000e+03
  -2.1355504e-02   3.2700000e+03
  -2.4934556e-02   3.2850000e+03
  -2.8976195e-02   3.3000000e+03
  -3.3337325e-02   3.3150000e+03
  -3.7845381e-02   3.3300000e+03
  -4.2321958e-02   3.3450000e+03
  -4.6598785e-02   3.3600000e+03
  -5.0520096e-02   3.3750000e+03
  -5.3936634e-02   3.3900000e+03
  -5.6704938e-02   3.4050000e+03
  -5.8702335e-02   3.4200000e+03
  -5.9853241e-02   3.4350000e+03
  -6.0150228e-02   3.4500000e+03
  -5.9657168e-02   3.4650000e+03
  -5.8496412e-02   3.4800000e+03
  -5.6830894e-02   3.4950000e+03
  -5.4847769e-02   3.5100000e+03
  -5.2742552e-02   3.5250000e+03
  -5.0701693e-02   3.5400000e+03
  -4.8885267e-02   3.5550000e+03
  -4.7412079e-02   3.5700000e+03
  -4.6347793e-02   3.5850000e+03
  -4.5697588e-02   3.6000000e+03
  -4.5407683e-02   3.6150000e+03
  -4.5378510e-02   3.6300000e+03
  -4.5485500e-02   3.6450000e+03
  -4.5599744e-02   3.6600000e+03
  -4.5604546e-02   3.6750000e+03
  -4.5408823e-02   3.6900000e+03
  -4.4955663e-02   3.7050000e+03
  -4.4220004e-02   3.7200000e+03
  -4.3194067e-02   3.7350000e+03
  -4.1871704e-02   3.7500000e+03
  -4.0246721e-02   3.7650000e+03
  -3.8326945e-02   3.7800000e+03
  -3.6148582e-02   3.7950000e+03
  -3.3774730e-02   3.8100000e+03
  -3.1278573e-02   3.8250000e+03
  -2.8726278e-02   3.8400000e+03
  -2.6172306e-02   3.8550000e+03
  -2.3665730e-02   3.8700000e+03
  -2.1257322e-02   3.8850000e+03
  -1.8999722e-02   3.9000000e+03
  -1.6940158e-02   3.9150000e+03
  -1.5108942e-02   3.9300000e+03
  -1.3507940e-02   3.9450000e+03
  -1.2104785e-02   3.9600000e+03
  -1.0839258e-02   3.9750000e+03
  -9.6429437e-03   3.9900000e+03
  -8.4638512e-03   4.0050000e+03
  -7.2831903e-03   4.0200000e+03
  -6.1176107e-03   4.0350000e+03
  -5.0099366e-03   4.0500000e+03
  -4.0142955e-03   4.0650000e+03
  -3.1776917e-03   4.0800000e+03
  -2.5195614e-03   4.0950000e+03
  -2.0170710e-03   4.1100000e+03
  -1.6070599e-03   4.1250000e+03
  -1.2063823e-03   4.1400000e+03
  -7.3781569e-04   4.1550000e+03
  -1.4471897e-04   4.1700000e+03
   6.1082782e-04   4.1850000e+03
   1.5576002e-03   4.2000000e+03
   2.7207786e-03   4.2150000e+03
   4.1194675e-03   4.2300000e+03
   5.7597826e-03   4.2450000e+03
   7.6283831e-03   4.2600000e+03
   9.6895881e-03   4.2750000e+03
   1.1888363e-02   4.2900000e+03
   1.4160315e-02   4.3050000e+03
   1.6445788e-02   4.3200000e+03
   1.8700907e-02   4.3350000e+03
   2.0899124e-02   4.3500000e+03
   2.3023926e-02   4.3650000e+03
   2.5060348e-02   4.3800000e+03
   2.6993059e-02   4.3950000e+03
   2.8811932e-02   4.4100000e+03
   3.0519253e-02   4.4250000e+03
   3.2132316e-02   4.4400000e+03
   3.3680107e-02   4.4550000e+03
   3.5197064e-02   4.4700000e+03
   3.6716778e-02   4.4850000e+03
   3.8266137e-02   4.5000000e+03
