  -1.0340004e-03   0.0000000e+00
  -1.0340293e-03   1.5000000e+01
  -1.0341369e-03   3.0000000e+01
  -1.0343348e-03   4.5000000e+01
  -1.0345319e-03   6.0000000e+01
  -1.0346052e-03   7.5000000e+01
  -1.0345620e-03   9.0000000e+01
  -1.0345894e-03   1.0500000e+02
  -1.0349207e-03   1.2000000e+02
  -1.0356447e-03   1.3500000e+02
  -1.0365207e-03   1.5000000e+02
  -1.0369753e-03   1.6500000e+02
  -1.0359996e-03   1.8000000e+02
  -1.0308754e-03   1.9500000e+02
  -1.0135587e-03   2.1000000e+02
  -9.6665305e-04   2.2500000e+02
  -8.6699985e-04   2.4000000e+02
  -7.0609321e-04   2.5500000e+02
  -5.1928498e-04   2.7000000e+02
  -3.8715079e-04   2.8500000e+02
  -3.7784720e-04   3.0000000e+02
  -4.6917840e-04   3.1500000e+02
  -5.5062026e-04   3.3000000e+02
  -5.3682551e-04   3.4500000e+02
  -4.6565983e-04   3.6000000e+02
  -4.4013860e-04   3.7500000e+02
  -4.8408864e-04   3.9000000e+02
  -5.2011863e-04   4.0500000e+02
  -4.9743848e-04   4.2000000e+02
  -4.6317355e-04   4.3500000e+02
  -4.7245002e-04   4.5000000e+02
  -5.0057878e-04   4.6500000e+02
  -4.9881794e-04   4.8000000e+02
  -4.7889090e-04   4.9500000e+02
  -4.8015444e-04   5.1000000e+02
  -4.9676019e-04   5.2500000e+02
  -4.9732672e-04   5.4000000e+02
  -4.8446318e-04   5.5500000e+02
  -4.8275397e-04   5.7000000e+02
  -4.9139163e-04   5.8500000e+02
  -4.9158355e-04   6.0000000e+02
  -4.8395677e-04   6.1500000e+02
  -4.8351366e-04   6.3000000e+02
  -4.8989721e-04   6.4500000e+02
  -4.9188948e-04   6.6000000e+02
  -4.9073523e-04   6.7500000e+02
  -4.9492664e-04   6.9000000e+02
  -5.0259067e-04   7.0500000e+02
  -5.0800206e-04   7.2000000e+02
  -5.1462895e-04   7.3500000e+02
  -5.2813004e-04   7.5000000e+02
  -5.4656836e-04   7.6500000e+02
  -5.6589441e-04   7.8000000e+02
  -5.8553595e-04   7.9500000e+02
  -6.0345221e-04   8.1000000e+02
  -6.1448384e-04   8.2500000e+02
  -6.1791408e-04   8.4000000e+02
  -6.2035432e-04   8.5500000e+02
  -6.2857207e-04   8.7000000e+02
  -6.4381264e-04   8.8500000e+02
  -6.6327804e-04   9.0000000e+02
  -6.8301003e-04   9.1500000e+02
  -6.9978368e-04   9.3000000e+02
  -7.1349961e-04   9.4500000e+02
  -7.2741177e-04   9.6000000e+02
  -7.4420648e-04   9.7500000e+02
  -7.6326705e-04   9.9000000e+02
  -7.8303029e-04   1.0050000e+03
  -8.0344634e-04   1.0200000e+03
  -8.2421111e-04   1.0350000e+03
  -8.4341352e-04   1.0500000e+03
  -8.6034823e-04   1.0650000e+03
  -8.7734999e-04   1.0800000e+03
  -8.9640263e-04   1.0950000e+03
  -9.1591454e-04   1.1100000e+03
  -9.3359512e-04   1.1250000e+03
  -9.5113757e-04   1.1400000e+03
  -9.7295089e-04   1.1550000e+03
  -1.0008959e-03   1.1700000e+03
  -1.0333462e-03   1.1850000e+03
  -1.0691503e-03   1.2000000e+03
  -1.1089825e-03   1.2150000e+03
  -1.1519869e-03   1.2300000e+03
  -1.1942695e-03   1.2450000e+03
  -1.2322315e-03   1.2600000e+03
  -1.2653745e-03   1.2750000e+03
  -1.2950083e-03   1.2900000e+03
  -1.3222864e-03   1.3050000e+03
  -1.3482325e-03   1.3200000e+03
  -1.3737006e-03   1.3350000e+03
  -1.3985328e-03   1.3500000e+03
  -1.4222171e-03   1.3650000e+03
  -1.4455756e-03   1.3800000e+03
  -1.4702565e-03   1.3950000e+03
  -1.4963802e-03   1.4100000e+03
  -1.5219797e-03   1.4250000e+03
  -1.5450997e-03   1.4400000e+03
  -1.5652792e-03   1.4550000e+03
  -1.5822165e-03   1.4700000e+03
  -1.5941213e-03   1.4850000e+03
  -1.5992151e-03   1.5000000e+03
  -1.5984753e-03   1.5150000e+03
  -1.5946623e-03   1.5300000e+03
  -1.5883285e-03   1.5450000e+03
  -1.5768632e-03   1.5600000e+03
  -1.5581069e-03   1.5750000e+03
  -1.5330786e-03   1.5900000e+03
  -1.5038119e-03   1.6050000e+03
  -1.4693720e-03   1.6200000e+03
  -1.4256152e-03   1.6350000e+03
  -1.3687895e-03   1.6500000e+03
  -1.2973713e-03   1.6650000e+03
  -1.2094893e-03   1.6800000e+03
  -1.1007094e-03   1.6950000e+03
  -9.6657331e-04   1.7100000e+03
  -8.0670754e-04   1.7250000e+03
  -6.2423258e-04   1.7400000e+03
  -4.1961475e-04   1.7550000e+03
  -1.8538503e-04   1.7700000e+03
   9.1758469e-05   1.7850000e+03
   4.2344318e-04   1.8000000e+03
   8.1566506e-04   1.8150000e+03
   1.2723458e-03   1.8300000e+03
   1.8005141e-03   1.8450000e+03
   2.4107103e-03   1.8600000e+03
   3.1141685e-03   1.8750000e+03
   3.9220988e-03   1.8900000e+03
   4.8476341e-03   1.9050000e+03
   5.9068538e-03   1.9200000e+03
   7.1183587e-03   1.9350000e+03
   8.5044140e-03   1.9500000e+03
   1.0094190e-02   1.9650000e+03
   1.1926711e-02   1.9800000e+03
   1.4052140e-02   1.9950000e+03
   1.6530842e-02   2.0100000e+03
   1.9428940e-02   2.0250000e+03
   2.2811249e-02   2.0400000e+03
   2.6735067e-02   2.0550000e+03
   3.1246394e-02   2.0700000e+03
   3.6378026e-02   2.0850000e+03
   4.2153005e-02   2.1000000e+03
   4.8599534e-02   2.1150000e+03
   5.5773605e-02   2.1300000e+03
   6.3770451e-02   2.1450000e+03
   7.2708435e-02   2.1600000e+03
   8.2694918e-02   2.1750000e+03
   9.3803607e-02   2.1900000e+03
   1.0607688e-01   2.2050000e+03
   1.1953025e-01   2.2200000e+03
   1.3412809e-01   2.2350000e+03
   1.4973648e-01   2.2500000e+03
   1.6609208e-01   2.2650000e+03
   1.8280645e-01   2.2800000e+03
   1.9937143e-01   2.2950000e+03
   2.1512255e-01   2.3100000e+03
   2.2918665e-01   2.3250000e+03
   2.4051668e-01   2.3400000e+03
   2.4808609e-01   2.3550000e+03
   2.5117472e-01   2.3700000e+03
   2.4957040e-01   2.3850000e+03
   2.4356340e-01   2.4000000e+03
   2.3377608e-01   2.4150000e+03
   2.2097696e-01   2.4300000e+03
   2.0598944e-01   2.4450000e+03
   1.8968762e-01   2.4600000e+03
   1.7299101e-01   2.4750000e+03
   1.5677372e-01   2.4900000e+03
   1.4168452e-01   2.5050000e+03
   1.2798353e-01   2.5200000e+03
   1.1554902e-01   2.5350000e+03
   1.0409678e-01   2.5500000e+03
   9.3444601e-02   2.5650000e+03
   8.3578028e-02   2.5800000e+03
   7.4475907e-02   2.5950000e+03
   6.5936640e-02   2.6100000e+03
   5.7647433e-02   2.6250000e+03
   4.9425390e-02   2.6400000e+03
   4.1331522e-02   2.6550000e+03
   3.3532888e-02   2.6700000e+03
   2.6125250e-02   2.6850000e+03
   1.9147411e-02   2.7000000e+03
   1.2701008e-02   2.7150000e+03
   6.9255442e-03   2.7300000e+03
   1.8264805e-03   2.7450000e+03
  -2.7760474e-03   2.7600000e+03
  -7.0686457e-03   2.7750000e+03
  -1.1093923e-02   2.7900000e+03
  -1.4874510e-02   2.8050000e+03
  -1.8640926e-02   2.8200000e+03
  -2.2796322e-02   2.8350000e+03
  -2.7610160e-02   2.8500000e+03
  -3.3033587e-02   2.8650000e+03
  -3.8867544e-02   2.8800000e+03
  -4.5025114e-02   2.8950000e+03
  -5.1535118e-02   2.9100000e+03
  -5.8344442e-02   2.9250000e+03
  -6.5249637e-02   2.9400000e+03
  -7.2042570e-02   2.9550000e+03
  -7.8623995e-02   2.9700000e+03
  -8.4933102e-02   2.9850000e+03
  -9.0854190e-02   3.0000000e+03
  -9.6270151e-02   3.0150000e+03
  -1.0115823e-01   3.0300000e+03
  -1.0554965e-01   3.0450000e+03
  -1.0941354e-01   3.0600000e+03
  -1.1265913e-01   3.0750000e+03
  -1.1525340e-01   3.0900000e+03
  -1.1725722e-01   3.1050000e+03
  -1.1870813e-01   3.1200000e+03
  -1.1951392e-01   3.1350000e+03
  -1.1950114e-01   3.1500000e+03
  -1.1854215e-01   3.1650000e+03
  -1.1660322e-01   3.1800000e+03
  -1.1369706e-01   3.1950000e+03
  -1.0984489e-01   3.2100000e+03
  -1.0509974e-01   3.2250000e+03
  -9.9576466e-02   3.2400000e+03
  -9.3432091e-02   3.2550000e+03
  -8.6817786e-02   3.2700000e+03
  -7.9858229e-02   3.2850000e+03
  -7.2669156e-02   3.3000000e+03
  -6.5374613e-02   3.3150000e+03
  -5.8095720e-02   3.3300000e+03
  -5.0928120e-02   3.3450000e+03
  -4.3939464e-02   3.3600000e+03
  -3.7188914e-02   3.3750000e+03
  -3.0746717e-02   3.3900000e+03
  -2.4702184e-02   3.4050000e+03
  -1.9162800e-02   3.4200000e+03
  -1.4241619e-02   3.4350000e+03
  -1.0026857e-02   3.4500000e+03
  -6.5469202e-03   3.4650000e+03
  -3.7569841e-03   3.4800000e+03
  -1.5529406e-03   3.4950000e+03
   2.0615972e-04   3.5100000e+03
   1.6783384e-03   3.5250000e+03
   3.0131247e-03   3.5400000e+03
   4.3204278e-03   3.5550000e+03
   5.6581423e-03   3.5700000e+03
   7.0544812e-03   3.5850000e+03
   8.5409340e-03   3.6000000e+03
   1.0155091e-02   3.6150000e+03
   1.1907015e-02   3.6300000e+03
   1.3747495e-02   3.6450000e+03
   1.5577285e-02   3.6600000e+03
   1.7293558e-02   3.6750000e+03
   1.8831564e-02   3.6900000e+03
   2.0164996e-02   3.7050000e+03
   2.1271300e-02   3.7200000e+03
   2.2103654e-02   3.7350000e+03
   2.2601830e-02   3.7500000e+03
   2.2729645e-02   3.7650000e+03
   2.2498704e-02   3.7800000e+03
   2.1957552e-02   3.7950000e+03
   2.1165401e-02   3.8100000e+03
   2.0181037e-02   3.8250000e+03
   1.9073408e-02   3.8400000e+03
   1.7934794e-02   3.8550000e+03
   1.6875654e-02   3.8700000e+03
   1.5995540e-02   3.8850000e+03
   1.5342581e-02   3.9000000e+03
   1.4887654e-02   3.9150000e+03
   1.4537998e-02   3.9300000e+03
   1.4189333e-02   3.9450000e+03
   1.3781526e-02   3.9600000e+03
   1.3316349e-02   3.9750000e+03
   1.2829567e-02   3.9900000e+03
   1.2349937e-02   4.0050000e+03
   1.1882154e-02   4.0200000e+03
   1.1418966e-02   4.0350000e+03
   1.0958914e-02   4.0500000e+03
   1.0510026e-02   4.0650000e+03
   1.0083789e-02   4.0800000e+03
   9.6950624e-03   4.0950000e+03
   9.3710897e-03   4.1100000e+03
   9.1564525e-03   4.1250000e+03
   9.1022113e-03   4.1400000e+03
   9.2444187e-03   4.1550000e+03
   9.5887482e-03   4.1700000e+03
   1.0111361e-02   4.1850000e+03
   1.0769252e-02   4.2000000e+03
   1.1504341e-02   4.2150000e+03
   1.2234894e-02   4.2300000e+03
   1.2845937e-02   4.2450000e+03
   1.3197436e-02   4.2600000e+03
   1.3156923e-02   4.2750000e+03
   1.2643227e-02   4.2900000e+03
   1.1657958e-02   4.3050000e+03
   1.0287478e-02   4.3200000e+03
   8.6736409e-03   4.3350000e+03
   6.9680042e-03   4.3500000e+03
   5.2934601e-03   4.3650000e+03
   3.7310296e-03   4.3800000e+03
   2.3285213e-03   4.3950000e+03
   1.1109549e-03   4.4100000e+03
   7.9618170e-05   4.4250000e+03
  -7.9086621e-04   4.4400000e+03
  -1.5410165e-03   4.4550000e+03
  -2.2040734e-03   4.4700000e+03
  -2.7952378e-03   4.4850000e+03
  -3.3241136e-03   4.5000000e+03
