  -1.3363042e-03   0.0000000e+00
  -1.3363234e-03   1.5000000e+01
  -1.3364176e-03   3.0000000e+01
  -1.3365941e-03   4.5000000e+01
  -1.3366867e-03   6.0000000e+01
  -1.3364688e-03   7.5000000e+01
  -1.3359716e-03   9.0000000e+01
  -1.3355534e-03   1.0500000e+02
  -1.3356588e-03   1.2000000e+02
  -1.3364335e-03   1.3500000e+02
  -1.3374187e-03   1.5000000e+02
  -1.3375985e-03   1.6500000e+02
  -1.3354598e-03   1.8000000e+02
  -1.3274177e-03   1.9500000e+02
  -1.3028772e-03   2.1000000e+02
  -1.2385830e-03   2.2500000e+02
  -1.1032880e-03   2.4000000e+02
  -8.8527770e-04   2.5500000e+02
  -6.3191744e-04   2.7000000e+02
  -4.5168391e-04   2.8500000e+02
  -4.3660330e-04   3.0000000e+02
  -5.5716257e-04   3.1500000e+02
  -6.6477351e-04   3.3000000e+02
  -6.4438127e-04   3.4500000e+02
  -5.4659543e-04   3.6000000e+02
  -5.0988101e-04   3.7500000e+02
  -5.6654046e-04   3.9000000e+02
  -6.1295851e-04   4.0500000e+02
  -5.8117846e-04   4.2000000e+02
  -5.3455163e-04   4.3500000e+02
  -5.4693763e-04   4.5000000e+02
  -5.8482826e-04   4.6500000e+02
  -5.8221683e-04   4.8000000e+02
  -5.5433350e-04   4.9500000e+02
  -5.5394566e-04   5.1000000e+02
  -5.7345349e-04   5.2500000e+02
  -5.7095673e-04   5.4000000e+02
  -5.5020099e-04   5.5500000e+02
  -5.4455607e-04   5.7000000e+02
  -5.5319862e-04   5.8500000e+02
  -5.5086968e-04   6.0000000e+02
  -5.3825206e-04   6.1500000e+02
  -5.3552940e-04   6.3000000e+02
  -5.4260693e-04   6.4500000e+02
  -5.4485572e-04   6.6000000e+02
  -5.4429373e-04   6.7500000e+02
  -5.5302796e-04   6.9000000e+02
  -5.7002937e-04   7.0500000e+02
  -5.8990275e-04   7.2000000e+02
  -6.2002701e-04   7.3500000e+02
  -6.6982902e-04   7.5000000e+02
  -7.3515001e-04   7.6500000e+02
  -8.0309884e-04   7.8000000e+02
  -8.5983286e-04   7.9500000e+02
  -8.8946766e-04   8.1000000e+02
  -8.8141835e-04   8.2500000e+02
  -8.4754085e-04   8.4000000e+02
  -8.2198891e-04   8.5500000e+02
  -8.3485711e-04   8.7000000e+02
  -8.8646932e-04   8.8500000e+02
  -9.4837707e-04   9.0000000e+02
  -9.8926772e-04   9.1500000e+02
  -1.0031249e-03   9.3000000e+02
  -1.0132653e-03   9.4500000e+02
  -1.0452098e-03   9.6000000e+02
  -1.0969987e-03   9.7500000e+02
  -1.1444493e-03   9.9000000e+02
  -1.1754449e-03   1.0050000e+03
  -1.2049329e-03   1.0200000e+03
  -1.2492667e-03   1.0350000e+03
  -1.3005725e-03   1.0500000e+03
  -1.3410565e-03   1.0650000e+03
  -1.3726112e-03   1.0800000e+03
  -1.4131446e-03   1.0950000e+03
  -1.4670597e-03   1.1100000e+03
  -1.5202035e-03   1.1250000e+03
  -1.5673733e-03   1.1400000e+03
  -1.6247880e-03   1.1550000e+03
  -1.7064681e-03   1.1700000e+03
  -1.8051164e-03   1.1850000e+03
  -1.9077846e-03   1.2000000e+03
  -2.0155318e-03   1.2150000e+03
  -2.1336854e-03   1.2300000e+03
  -2.2547299e-03   1.2450000e+03
  -2.3663240e-03   1.2600000e+03
  -2.4688565e-03   1.2750000e+03
  -2.5722552e-03   1.2900000e+03
  -2.6815175e-03   1.3050000e+03
  -2.7960751e-03   1.3200000e+03
  -2.9173945e-03   1.3350000e+03
  -3.0472833e-03   1.3500000e+03
  -3.1832261e-03   1.3650000e+03
  -3.3231869e-03   1.3800000e+03
  -3.4708423e-03   1.3950000e+03
  -3.6298858e-03   1.4100000e+03
  -3.7975658e-03   1.4250000e+03
  -3.9697010e-03   1.4400000e+03
  -4.1479701e-03   1.4550000e+03
  -4.3361145e-03   1.4700000e+03
  -4.5326524e-03   1.4850000e+03
  -4.7343359e-03   1.5000000e+03
  -4.9439487e-03   1.5150000e+03
  -5.1669446e-03   1.5300000e+03
  -5.4016006e-03   1.5450000e+03
  -5.6398450e-03   1.5600000e+03
  -5.8785719e-03   1.5750000e+03
  -6.1249165e-03   1.5900000e+03
  -6.3877353e-03   1.6050000e+03
  -6.6641052e-03   1.6200000e+03
  -6.9337916e-03   1.6350000e+03
  -7.1654483e-03   1.6500000e+03
  -7.3258602e-03   1.6650000e+03
  -7.3811775e-03   1.6800000e+03
  -7.2879819e-03   1.6950000e+03
  -6.9777085e-03   1.7100000e+03
  -6.3342466e-03   1.7250000e+03
  -5.1578339e-03   1.7400000e+03
  -3.1035240e-03   1.7550000e+03
   4.1698213e-04   1.7700000e+03
   6.3776895e-03   1.7850000e+03
   1.6334021e-02   1.8000000e+03
   3.2675289e-02   1.8150000e+03
   5.8882199e-02   1.8300000e+03
   9.9611945e-02   1.8450000e+03
   1.6027105e-01   1.8600000e+03
   2.4561757e-01   1.8750000e+03
   3.5699317e-01   1.8900000e+03
   4.8822284e-01   1.9050000e+03
   6.2120587e-01   1.9200000e+03
   7.2362143e-01   1.9350000e+03
   7.5223899e-01   1.9500000e+03
   6.6472960e-01   1.9650000e+03
   4.3940485e-01   1.9800000e+03
   9.6194707e-02   1.9950000e+03
  -2.9360709e-01   2.0100000e+03
  -6.2143594e-01   2.0250000e+03
  -7.8218091e-01   2.0400000e+03
  -7.2652531e-01   2.0550000e+03
  -4.9486801e-01   2.0700000e+03
  -2.0513240e-01   2.0850000e+03
   7.5948215e-03   2.1000000e+03
   6.6088066e-02   2.1150000e+03
  -1.0007825e-02   2.1300000e+03
  -1.3010985e-01   2.1450000e+03
  -2.0311691e-01   2.1600000e+03
  -1.9600143e-01   2.1750000e+03
  -1.3710885e-01   2.1900000e+03
  -7.2722033e-02   2.2050000e+03
  -2.5712617e-02   2.2200000e+03
   6.9864606e-03   2.2350000e+03
   2.9319916e-02   2.2500000e+03
   3.2014702e-02   2.2650000e+03
   5.5595823e-03   2.2800000e+03
  -4.2030882e-02   2.2950000e+03
  -8.8273734e-02   2.3100000e+03
  -1.1429220e-01   2.3250000e+03
  -1.1393606e-01   2.3400000e+03
  -8.8656165e-02   2.3550000e+03
  -4.4145510e-02   2.3700000e+03
   6.0331086e-03   2.3850000e+03
   4.4895474e-02   2.4000000e+03
   6.8233870e-02   2.4150000e+03
   8.8871576e-02   2.4300000e+03
   1.1479796e-01   2.4450000e+03
   1.2941259e-01   2.4600000e+03
   1.0864064e-01   2.4750000e+03
   5.7586819e-02   2.4900000e+03
   1.3631493e-02   2.5050000e+03
   5.1965099e-03   2.5200000e+03
   1.8810153e-02   2.5350000e+03
   1.6880913e-02   2.5500000e+03
  -1.9694256e-02   2.5650000e+03
  -7.5857639e-02   2.5800000e+03
  -1.2100460e-01   2.5950000e+03
  -1.3083278e-01   2.6100000e+03
  -9.6548133e-02   2.6250000e+03
  -2.9085852e-02   2.6400000e+03
   4.2372130e-02   2.6550000e+03
   8.6741343e-02   2.6700000e+03
   9.1734700e-02   2.6850000e+03
   6.6182710e-02   2.7000000e+03
   2.5179198e-02   2.7150000e+03
  -1.8763261e-02   2.7300000e+03
  -5.2170791e-02   2.7450000e+03
  -6.1863896e-02   2.7600000e+03
  -4.6731565e-02   2.7750000e+03
  -2.2012064e-02   2.7900000e+03
  -5.4031196e-03   2.8050000e+03
  -5.9466244e-04   2.8200000e+03
   3.0812453e-03   2.8350000e+03
   1.7513383e-02   2.8500000e+03
   4.4423394e-02   2.8650000e+03
   7.3773555e-02   2.8800000e+03
   9.0360336e-02   2.8950000e+03
   8.4126078e-02   2.9100000e+03
   5.7828955e-02   2.9250000e+03
   2.5153479e-02   2.9400000e+03
  -4.1557179e-04   2.9550000e+03
  -1.5760688e-02   2.9700000e+03
  -2.7624223e-02   2.9850000e+03
  -4.2892180e-02   3.0000000e+03
  -5.9710909e-02   3.0150000e+03
  -6.7345552e-02   3.0300000e+03
  -5.4696977e-02   3.0450000e+03
  -2.0891109e-02   3.0600000e+03
   2.0789955e-02   3.0750000e+03
   5.0401703e-02   3.0900000e+03
   5.5289462e-02   3.1050000e+03
   3.8245559e-02   3.1200000e+03
   1.2594606e-02   3.1350000e+03
  -9.5579568e-03   3.1500000e+03
  -2.3527298e-02   3.1650000e+03
  -2.8763399e-02   3.1800000e+03
  -2.3677370e-02   3.1950000e+03
  -6.5325289e-03   3.2100000e+03
   1.9237589e-02   3.2250000e+03
   4.3492548e-02   3.2400000e+03
   5.5618152e-02   3.2550000e+03
   5.2869733e-02   3.2700000e+03
   4.1684877e-02   3.2850000e+03
   3.0431593e-02   3.3000000e+03
   2.2250213e-02   3.3150000e+03
   1.6191056e-02   3.3300000e+03
   1.3389264e-02   3.3450000e+03
   1.7949291e-02   3.3600000e+03
   3.0111173e-02   3.3750000e+03
   4.1453999e-02   3.3900000e+03
   4.0597986e-02   3.4050000e+03
   2.4120023e-02   3.4200000e+03
  -3.9265160e-05   3.4350000e+03
  -2.0529153e-02   3.4500000e+03
  -3.2482095e-02   3.4650000e+03
  -3.8775738e-02   3.4800000e+03
  -4.3040249e-02   3.4950000e+03
  -4.3715131e-02   3.5100000e+03
  -3.5868045e-02   3.5250000e+03
  -1.8151036e-02   3.5400000e+03
   2.9125160e-03   3.5550000e+03
   1.5855495e-02   3.5700000e+03
   1.2130583e-02   3.5850000e+03
  -7.2070374e-03   3.6000000e+03
  -3.1113850e-02   3.6150000e+03
  -4.5472648e-02   3.6300000e+03
  -4.3138452e-02   3.6450000e+03
  -2.9548593e-02   3.6600000e+03
  -1.8566085e-02   3.6750000e+03
  -2.1206597e-02   3.6900000e+03
  -3.6685094e-02   3.7050000e+03
  -5.3307377e-02   3.7200000e+03
  -5.7716183e-02   3.7350000e+03
  -4.4275392e-02   3.7500000e+03
  -1.7827546e-02   3.7650000e+03
   1.0686054e-02   3.7800000e+03
   3.1611055e-02   3.7950000e+03
   4.1964009e-02   3.8100000e+03
   4.5506947e-02   3.8250000e+03
   4.7725148e-02   3.8400000e+03
   5.0042842e-02   3.8550000e+03
   4.8727863e-02   3.8700000e+03
   3.9598987e-02   3.8850000e+03
   2.3485212e-02   3.9000000e+03
   6.3823308e-03   3.9150000e+03
  -5.9104958e-03   3.9300000e+03
  -1.2759284e-02   3.9450000e+03
  -1.8030548e-02   3.9600000e+03
  -2.5038656e-02   3.9750000e+03
  -3.2960486e-02   3.9900000e+03
  -3.8304761e-02   4.0050000e+03
  -3.9053772e-02   4.0200000e+03
  -3.6423441e-02   4.0350000e+03
  -3.2489002e-02   4.0500000e+03
  -2.7001187e-02   4.0650000e+03
  -1.7632769e-02   4.0800000e+03
  -3.6444177e-03   4.0950000e+03
   1.1446193e-02   4.1100000e+03
   2.1824734e-02   4.1250000e+03
   2.4284173e-02   4.1400000e+03
   2.0747697e-02   4.1550000e+03
   1.5619713e-02   4.1700000e+03
   1.1024125e-02   4.1850000e+03
   5.2391221e-03   4.2000000e+03
  -4.2407745e-03   4.2150000e+03
  -1.6756648e-02   4.2300000e+03
  -2.7873153e-02   4.2450000e+03
  -3.2231666e-02   4.2600000e+03
  -2.6692724e-02   4.2750000e+03
  -1.1485475e-02   4.2900000e+03
   1.0152296e-02   4.3050000e+03
   3.2698095e-02   4.3200000e+03
   4.9705237e-02   4.3350000e+03
   5.6299567e-02   4.3500000e+03
   5.1430002e-02   4.3650000e+03
   3.7667360e-02   4.3800000e+03
   1.8741848e-02   4.3950000e+03
  -2.3142609e-03   4.4100000e+03
  -2.2684919e-02   4.4250000e+03
  -3.8830183e-02   4.4400000e+03
  -4.7699664e-02   4.4550000e+03
  -4.9251776e-02   4.4700000e+03
  -4.6887018e-02   4.4850000e+03
  -4.4691570e-02   4.5000000e+03
