  -2.9873725e-03   0.0000000e+00
  -2.9868258e-03   1.5000000e+01
  -2.9864581e-03   3.0000000e+01
  -2.9904838e-03   4.5000000e+01
  -3.0037719e-03   6.0000000e+01
  -3.0296706e-03   7.5000000e+01
  -3.0684094e-03   9.0000000e+01
  -3.1176584e-03   1.0500000e+02
  -3.1753301e-03   1.2000000e+02
  -3.2423791e-03   1.3500000e+02
  -3.3211997e-03   1.5000000e+02
  -3.4125452e-03   1.6500000e+02
  -3.5168279e-03   1.8000000e+02
  -3.6334640e-03   1.9500000e+02
  -3.7568463e-03   2.1000000e+02
  -3.8772647e-03   2.2500000e+02
  -3.9818073e-03   2.4000000e+02
  -4.0505202e-03   2.5500000e+02
  -4.0581231e-03   2.7000000e+02
  -3.9805085e-03   2.8500000e+02
  -3.7906379e-03   3.0000000e+02
  -3.4403638e-03   3.1500000e+02
  -2.8420216e-03   3.3000000e+02
  -1.8632819e-03   3.4500000e+02
  -3.3445621e-04   3.6000000e+02
   1.9437041e-03   3.7500000e+02
   5.2065407e-03   3.9000000e+02
   9.7650532e-03   4.0500000e+02
   1.6088443e-02   4.2000000e+02
   2.4900440e-02   4.3500000e+02
   3.7250131e-02   4.5000000e+02
   5.4596491e-02   4.6500000e+02
   7.9002678e-02   4.8000000e+02
   1.1342737e-01   4.9500000e+02
   1.6193931e-01   5.1000000e+02
   2.2973058e-01   5.2500000e+02
   3.2296491e-01   5.4000000e+02
   4.4820768e-01   5.5500000e+02
   6.1040884e-01   5.7000000e+02
   8.0834466e-01   5.8500000e+02
   1.0278366e+00   6.0000000e+02
   1.2349775e+00   6.1500000e+02
   1.3737350e+00   6.3000000e+02
   1.3753564e+00   6.4500000e+02
   1.1859760e+00   6.6000000e+02
   8.0491823e-01   6.7500000e+02
   3.0589196e-01   6.9000000e+02
  -1.8690969e-01   7.0500000e+02
  -5.6185460e-01   7.2000000e+02
  -7.7559227e-01   7.3500000e+02
  -8.5527766e-01   7.5000000e+02
  -8.5268855e-01   7.6500000e+02
  -8.0331320e-01   7.8000000e+02
  -7.2522515e-01   7.9500000e+02
  -6.3508558e-01   8.1000000e+02
  -5.4790199e-01   8.2500000e+02
  -4.6832809e-01   8.4000000e+02
  -3.9511424e-01   8.5500000e+02
  -3.3066446e-01   8.7000000e+02
  -2.7845344e-01   8.8500000e+02
  -2.3599158e-01   9.0000000e+02
  -1.9819935e-01   9.1500000e+02
  -1.6466437e-01   9.3000000e+02
  -1.3762589e-01   9.4500000e+02
  -1.1601476e-01   9.6000000e+02
  -9.7048037e-02   9.7500000e+02
  -8.0702595e-02   9.9000000e+02
  -6.7764461e-02   1.0050000e+03
  -5.6804702e-02   1.0200000e+03
  -4.7171284e-02   1.0350000e+03
  -4.1192438e-02   1.0500000e+03
  -4.0585134e-02   1.0650000e+03
  -4.4612393e-02   1.0800000e+03
  -5.2362531e-02   1.0950000e+03
  -6.2642567e-02   1.1100000e+03
  -7.2587162e-02   1.1250000e+03
  -7.9311527e-02   1.1400000e+03
  -8.1130855e-02   1.1550000e+03
  -7.6617993e-02   1.1700000e+03
  -6.4738326e-02   1.1850000e+03
  -4.5527581e-02   1.2000000e+03
  -1.9867934e-02   1.2150000e+03
   1.0445853e-02   1.2300000e+03
   4.2626634e-02   1.2450000e+03
   7.3343396e-02   1.2600000e+03
   9.8972254e-02   1.2750000e+03
   1.1590425e-01   1.2900000e+03
   1.2114504e-01   1.3050000e+03
   1.1285658e-01   1.3200000e+03
   9.0957478e-02   1.3350000e+03
   5.7480600e-02   1.3500000e+03
   1.6330007e-02   1.3650000e+03
  -2.7269904e-02   1.3800000e+03
  -6.7632236e-02   1.3950000e+03
  -9.9744901e-02   1.4100000e+03
  -1.2022281e-01   1.4250000e+03
  -1.2783341e-01   1.4400000e+03
  -1.2342777e-01   1.4550000e+03
  -1.0927095e-01   1.4700000e+03
  -8.8338554e-02   1.4850000e+03
  -6.3969322e-02   1.5000000e+03
  -3.9584443e-02   1.5150000e+03
  -1.8120108e-02   1.5300000e+03
  -1.2974355e-03   1.5450000e+03
   1.0721275e-02   1.5600000e+03
   1.8896036e-02   1.5750000e+03
   2.4416009e-02   1.5900000e+03
   2.8093744e-02   1.6050000e+03
   3.0363243e-02   1.6200000e+03
   3.1516466e-02   1.6350000e+03
   3.1715311e-02   1.6500000e+03
   3.0763328e-02   1.6650000e+03
   2.7966617e-02   1.6800000e+03
   2.2344781e-02   1.6950000e+03
   1.3163158e-02   1.7100000e+03
   5.2015466e-04   1.7250000e+03
  -1.4339478e-02   1.7400000e+03
  -2.9190358e-02   1.7550000e+03
  -4.1410614e-02   1.7700000e+03
  -4.8672233e-02   1.7850000e+03
  -4.9401216e-02   1.8000000e+03
  -4.2896856e-02   1.8150000e+03
  -2.9232895e-02   1.8300000e+03
  -9.1117397e-03   1.8450000e+03
   1.6225925e-02   1.8600000e+03
   4.5008563e-02   1.8750000e+03
   7.4919365e-02   1.8900000e+03
   1.0319951e-01   1.9050000e+03
   1.2696700e-01   1.9200000e+03
   1.4369272e-01   1.9350000e+03
   1.5166408e-01   1.9500000e+03
   1.5028863e-01   1.9650000e+03
   1.4017172e-01   1.9800000e+03
   1.2296632e-01   1.9950000e+03
   1.0104117e-01   2.0100000e+03
   7.7057853e-02   2.0250000e+03
   5.3561613e-02   2.0400000e+03
   3.2669414e-02   2.0550000e+03
   1.5900126e-02   2.0700000e+03
   4.1549290e-03   2.0850000e+03
  -2.1854523e-03   2.1000000e+03
  -3.1277146e-03   2.1150000e+03
   1.0039965e-03   2.1300000e+03
   9.5255682e-03   2.1450000e+03
   2.1286447e-02   2.1600000e+03
   3.4622714e-02   2.1750000e+03
   4.7490943e-02   2.1900000e+03
   5.7826299e-02   2.2050000e+03
   6.4045891e-02   2.2200000e+03
   6.5494649e-02   2.2350000e+03
   6.2583782e-02   2.2500000e+03
   5.6489769e-02   2.2650000e+03
   4.8544321e-02   2.2800000e+03
   3.9664138e-02   2.2950000e+03
   3.0140696e-02   2.3100000e+03
   1.9840734e-02   2.3250000e+03
   8.5903117e-03   2.3400000e+03
  -3.5478179e-03   2.3550000e+03
  -1.6239282e-02   2.3700000e+03
  -2.9026916e-02   2.3850000e+03
  -4.1520454e-02   2.4000000e+03
  -5.3508706e-02   2.4150000e+03
  -6.4934514e-02   2.4300000e+03
  -7.5739898e-02   2.4450000e+03
  -8.5672714e-02   2.4600000e+03
  -9.4193526e-02   2.4750000e+03
  -1.0054959e-01   2.4900000e+03
  -1.0392921e-01   2.5050000e+03
  -1.0355022e-01   2.5200000e+03
  -9.8666310e-02   2.5350000e+03
  -8.8644855e-02   2.5500000e+03
  -7.3245272e-02   2.5650000e+03
  -5.2999713e-02   2.5800000e+03
  -2.9420013e-02   2.5950000e+03
  -4.8363898e-03   2.6100000e+03
   1.8071407e-02   2.6250000e+03
   3.6819957e-02   2.6400000e+03
   4.9551666e-02   2.6550000e+03
   5.5282004e-02   2.6700000e+03
   5.3964421e-02   2.6850000e+03
   4.6379939e-02   2.7000000e+03
   3.3897236e-02   2.7150000e+03
   1.8218359e-02   2.7300000e+03
   1.2243093e-03   2.7450000e+03
  -1.5075473e-02   2.7600000e+03
  -2.8606987e-02   2.7750000e+03
  -3.7438449e-02   2.7900000e+03
  -4.0155783e-02   2.8050000e+03
  -3.6302559e-02   2.8200000e+03
  -2.6704932e-02   2.8350000e+03
  -1.3504218e-02   2.8500000e+03
   2.0334091e-04   2.8650000e+03
   1.1074336e-02   2.8800000e+03
   1.6353942e-02   2.8950000e+03
   1.4522984e-02   2.9100000e+03
   5.5264891e-03   2.9250000e+03
  -9.4017684e-03   2.9400000e+03
  -2.8102387e-02   2.9550000e+03
  -4.7854781e-02   2.9700000e+03
  -6.5757096e-02   2.9850000e+03
  -7.9235643e-02   3.0000000e+03
  -8.6648434e-02   3.0150000e+03
  -8.7725542e-02   3.0300000e+03
  -8.3577037e-02   3.0450000e+03
  -7.6231480e-02   3.0600000e+03
  -6.7914024e-02   3.0750000e+03
  -6.0348488e-02   3.0900000e+03
  -5.4305691e-02   3.1050000e+03
  -4.9528655e-02   3.1200000e+03
  -4.5047455e-02   3.1350000e+03
  -3.9725564e-02   3.1500000e+03
  -3.2753736e-02   3.1650000e+03
  -2.3879867e-02   3.1800000e+03
  -1.3404829e-02   3.1950000e+03
  -2.1351965e-03   3.2100000e+03
   8.6192191e-03   3.2250000e+03
   1.7144874e-02   3.2400000e+03
   2.1706799e-02   3.2550000e+03
   2.1160541e-02   3.2700000e+03
   1.5467409e-02   3.2850000e+03
   5.7770186e-03   3.3000000e+03
  -5.9907543e-03   3.3150000e+03
  -1.7830467e-02   3.3300000e+03
  -2.8255269e-02   3.3450000e+03
  -3.6573440e-02   3.3600000e+03
  -4.2790934e-02   3.3750000e+03
  -4.7270842e-02   3.3900000e+03
  -5.0360475e-02   3.4050000e+03
  -5.2163977e-02   3.4200000e+03
  -5.2532971e-02   3.4350000e+03
  -5.1230397e-02   3.4500000e+03
  -4.8137810e-02   3.4650000e+03
  -4.3358065e-02   3.4800000e+03
  -3.7142519e-02   3.4950000e+03
  -2.9716767e-02   3.5100000e+03
  -2.1170650e-02   3.5250000e+03
  -1.1506669e-02   3.5400000e+03
  -7.6795567e-04   3.5550000e+03
   1.0903873e-02   3.5700000e+03
   2.3303913e-02   3.5850000e+03
   3.6155824e-02   3.6000000e+03
   4.8958704e-02   3.6150000e+03
   6.0797654e-02   3.6300000e+03
   7.0353083e-02   3.6450000e+03
   7.6212503e-02   3.6600000e+03
   7.7327795e-02   3.6750000e+03
   7.3339343e-02   3.6900000e+03
   6.4609654e-02   3.7050000e+03
   5.2031253e-02   3.7200000e+03
   3.6795702e-02   3.7350000e+03
   2.0259690e-02   3.7500000e+03
   3.8989650e-03   3.7650000e+03
  -1.0762849e-02   3.7800000e+03
  -2.2340383e-02   3.7950000e+03
  -2.9851858e-02   3.8100000e+03
  -3.2917902e-02   3.8250000e+03
  -3.1760756e-02   3.8400000e+03
  -2.6997576e-02   3.8550000e+03
  -1.9352153e-02   3.8700000e+03
  -9.4488421e-03   3.8850000e+03
   2.2053421e-03   3.9000000e+03
   1.5053821e-02   3.9150000e+03
   2.8259102e-02   3.9300000e+03
   4.0594358e-02   3.9450000e+03
   5.0592143e-02   3.9600000e+03
   5.6912735e-02   3.9750000e+03
   5.8735151e-02   3.9900000e+03
   5.5973738e-02   4.0050000e+03
   4.9268629e-02   4.0200000e+03
   3.9822903e-02   4.0350000e+03
   2.9151991e-02   4.0500000e+03
   1.8750150e-02   4.0650000e+03
   9.7052371e-03   4.0800000e+03
   2.4041946e-03   4.0950000e+03
  -3.4846195e-03   4.1100000e+03
  -8.6950529e-03   4.1250000e+03
  -1.3876870e-02   4.1400000e+03
  -1.9227546e-02   4.1550000e+03
  -2.4446173e-02   4.1700000e+03
  -2.8988287e-02   4.1850000e+03
  -3.2409385e-02   4.2000000e+03
  -3.4562718e-02   4.2150000e+03
  -3.5556048e-02   4.2300000e+03
  -3.5549540e-02   4.2450000e+03
  -3.4567777e-02   4.2600000e+03
  -3.2464031e-02   4.2750000e+03
  -2.9057145e-02   4.2900000e+03
  -2.4333671e-02   4.3050000e+03
  -1.8547812e-02   4.3200000e+03
  -1.2115584e-02   4.3350000e+03
  -5.3675552e-03   4.3500000e+03
   1.6336114e-03   4.3650000e+03
   9.0349251e-03   4.3800000e+03
   1.6919710e-02   4.3950000e+03
   2.5036056e-02   4.4100000e+03
   3.2738991e-02   4.4250000e+03
   3.9167807e-02   4.4400000e+03
   4.3500051e-02   4.4550000e+03
   4.5119420e-02   4.4700000e+03
   4.3670826e-02   4.4850000e+03
   3.9082516e-02   4.5000000e+03
