  -1.5823195e-02   0.0000000e+00
  -1.5821949e-02   1.5000000e+01
  -1.5819412e-02   3.0000000e+01
  -1.5820444e-02   4.5000000e+01
  -1.5833706e-02   6.0000000e+01
  -1.5866065e-02   7.5000000e+01
  -1.5914688e-02   9.0000000e+01
  -1.5970306e-02   1.0500000e+02
  -1.6028890e-02   1.2000000e+02
  -1.6100137e-02   1.3500000e+02
  -1.6201217e-02   1.5000000e+02
  -1.6339306e-02   1.6500000e+02
  -1.6511407e-02   1.8000000e+02
  -1.6720215e-02   1.9500000e+02
  -1.6975332e-02   2.1000000e+02
  -1.7283015e-02   2.2500000e+02
  -1.7637076e-02   2.4000000e+02
  -1.8014230e-02   2.5500000e+02
  -1.8388744e-02   2.7000000e+02
  -1.8748786e-02   2.8500000e+02
  -1.9087926e-02   3.0000000e+02
  -1.9403504e-02   3.1500000e+02
  -1.9714970e-02   3.3000000e+02
  -2.0062367e-02   3.4500000e+02
  -2.0488916e-02   3.6000000e+02
  -2.1036448e-02   3.7500000e+02
  -2.1733308e-02   3.9000000e+02
  -2.2573711e-02   4.0500000e+02
  -2.3536773e-02   4.2000000e+02
  -2.4633808e-02   4.3500000e+02
  -2.5918512e-02   4.5000000e+02
  -2.7452417e-02   4.6500000e+02
  -2.9207338e-02   4.8000000e+02
  -3.0647827e-02   4.9500000e+02
  -2.9246353e-02   5.1000000e+02
  -1.6566413e-02   5.2500000e+02
   2.9079806e-02   5.4000000e+02
   1.4992531e-01   5.5500000e+02
   4.0139571e-01   5.7000000e+02
   8.0660295e-01   5.8500000e+02
   1.2720339e+00   6.0000000e+02
   1.5383260e+00   6.1500000e+02
   1.2980372e+00   6.3000000e+02
   4.9695811e-01   6.4500000e+02
  -4.6245974e-01   6.6000000e+02
  -9.9403596e-01   6.7500000e+02
  -9.4677067e-01   6.9000000e+02
  -7.7895325e-01   7.0500000e+02
  -8.5264921e-01   7.2000000e+02
  -7.7801436e-01   7.3500000e+02
  -3.7364248e-02   7.5000000e+02
   8.3256501e-01   7.6500000e+02
   6.6003913e-01   7.8000000e+02
  -4.4894826e-01   7.9500000e+02
  -8.7094104e-01   8.1000000e+02
   4.7248762e-02   8.2500000e+02
   7.3695427e-01   8.4000000e+02
   1.4566310e-02   8.5500000e+02
  -7.7214682e-01   8.7000000e+02
  -1.8800788e-01   8.8500000e+02
   6.1924386e-01   9.0000000e+02
   1.8655488e-01   9.1500000e+02
  -4.7317287e-01   9.3000000e+02
  -8.1979617e-02   9.4500000e+02
   3.7684274e-01   9.6000000e+02
  -4.6665613e-02   9.7500000e+02
  -3.2984114e-01   9.9000000e+02
   9.8898642e-02   1.0050000e+03
   2.1807301e-01   1.0200000e+03
  -1.7184596e-01   1.0350000e+03
  -1.7304371e-01   1.0500000e+03
   1.0019236e-01   1.0650000e+03
   1.6942110e-02   1.0800000e+03
  -8.2195625e-02   1.0950000e+03
   1.1074492e-01   1.1100000e+03
   1.5855579e-01   1.1250000e+03
   7.2202249e-03   1.1400000e+03
   7.7275243e-03   1.1550000e+03
   4.2929351e-02   1.1700000e+03
  -5.4839071e-02   1.1850000e+03
  -7.6997586e-02   1.2000000e+03
   1.3951981e-02   1.2150000e+03
   4.5790631e-02   1.2300000e+03
   4.3254495e-02   1.2450000e+03
   6.1053447e-02   1.2600000e+03
   3.4677342e-02   1.2750000e+03
  -2.0491831e-02   1.2900000e+03
  -4.9919531e-02   1.3050000e+03
  -7.2329946e-02   1.3200000e+03
  -8.5650355e-02   1.3350000e+03
  -7.1142212e-02   1.3500000e+03
  -4.8824910e-02   1.3650000e+03
  -1.9719375e-02   1.3800000e+03
   2.0989362e-02   1.3950000e+03
   4.6106569e-02   1.4100000e+03
   5.1691353e-02   1.4250000e+03
   5.4693393e-02   1.4400000e+03
   5.2530486e-02   1.4550000e+03
   4.7280997e-02   1.4700000e+03
   4.4488061e-02   1.4850000e+03
   3.3708598e-02   1.5000000e+03
   1.1902173e-02   1.5150000e+03
  -1.0531140e-02   1.5300000e+03
  -2.3691038e-02   1.5450000e+03
  -2.2806229e-02   1.5600000e+03
  -1.4378766e-02   1.5750000e+03
  -6.1802729e-03   1.5900000e+03
  -3.5553129e-04   1.6050000e+03
  -4.6213223e-03   1.6200000e+03
  -2.1360537e-02   1.6350000e+03
  -3.8349669e-02   1.6500000e+03
  -4.5827169e-02   1.6650000e+03
  -4.0993918e-02   1.6800000e+03
  -2.4913704e-02   1.6950000e+03
  -4.9734064e-03   1.7100000e+03
   1.1715476e-02   1.7250000e+03
   2.0371215e-02   1.7400000e+03
   1.7770113e-02   1.7550000e+03
   9.3009993e-03   1.7700000e+03
   3.5019496e-03   1.7850000e+03
   8.0989959e-04   1.8000000e+03
  -3.1477637e-03   1.8150000e+03
  -1.1414833e-02   1.8300000e+03
  -2.3838019e-02   1.8450000e+03
  -3.6537569e-02   1.8600000e+03
  -4.4014197e-02   1.8750000e+03
  -4.0782224e-02   1.8900000e+03
  -2.4180999e-02   1.9050000e+03
   1.2885218e-03   1.9200000e+03
   2.5961131e-02   1.9350000e+03
   4.1470233e-02   1.9500000e+03
   4.4562839e-02   1.9650000e+03
   3.7411261e-02   1.9800000e+03
   2.5066780e-02   1.9950000e+03
   1.2514113e-02   2.0100000e+03
   3.2410841e-03   2.0250000e+03
  -1.9943633e-03   2.0400000e+03
  -5.2799592e-03   2.0550000e+03
  -9.2517994e-03   2.0700000e+03
  -1.4683309e-02   2.0850000e+03
  -2.0333286e-02   2.1000000e+03
  -2.4433484e-02   2.1150000e+03
  -2.5492808e-02   2.1300000e+03
  -2.2490459e-02   2.1450000e+03
  -1.6266627e-02   2.1600000e+03
  -1.0366675e-02   2.1750000e+03
  -8.6737853e-03   2.1900000e+03
  -1.1938084e-02   2.2050000e+03
  -1.6935283e-02   2.2200000e+03
  -1.8637864e-02   2.2350000e+03
  -1.3361853e-02   2.2500000e+03
  -1.0665905e-03   2.2650000e+03
   1.4431478e-02   2.2800000e+03
   2.7792215e-02   2.2950000e+03
   3.5227291e-02   2.3100000e+03
   3.5499487e-02   2.3250000e+03
   2.8955793e-02   2.3400000e+03
   1.7113116e-02   2.3550000e+03
   3.2281796e-03   2.3700000e+03
  -8.1796553e-03   2.3850000e+03
  -1.3491859e-02   2.4000000e+03
  -1.1981903e-02   2.4150000e+03
  -6.0373759e-03   2.4300000e+03
   1.7097163e-04   2.4450000e+03
   2.7078660e-03   2.4600000e+03
  -1.4857296e-04   2.4750000e+03
  -6.9280677e-03   2.4900000e+03
  -1.3841692e-02   2.5050000e+03
  -1.7231792e-02   2.5200000e+03
  -1.6018150e-02   2.5350000e+03
  -1.2282273e-02   2.5500000e+03
  -9.3225939e-03   2.5650000e+03
  -8.6634923e-03   2.5800000e+03
  -8.8089313e-03   2.5950000e+03
  -6.9858511e-03   2.6100000e+03
  -1.8385561e-03   2.6250000e+03
   5.7890089e-03   2.6400000e+03
   1.3997727e-02   2.6550000e+03
   2.0703552e-02   2.6700000e+03
   2.3520518e-02   2.6850000e+03
   2.0070830e-02   2.7000000e+03
   9.3082469e-03   2.7150000e+03
  -7.5219227e-03   2.7300000e+03
  -2.7327720e-02   2.7450000e+03
  -4.6270013e-02   2.7600000e+03
  -6.0560875e-02   2.7750000e+03
  -6.7287333e-02   2.7900000e+03
  -6.5700121e-02   2.8050000e+03
  -5.7966322e-02   2.8200000e+03
  -4.8004020e-02   2.8350000e+03
  -3.8839933e-02   2.8500000e+03
  -3.0581143e-02   2.8650000e+03
  -2.0492718e-02   2.8800000e+03
  -5.0293603e-03   2.8950000e+03
   1.7191997e-02   2.9100000e+03
   4.2932913e-02   2.9250000e+03
   6.4395532e-02   2.9400000e+03
   7.2979249e-02   2.9550000e+03
   6.4768232e-02   2.9700000e+03
   4.3219905e-02   2.9850000e+03
   1.6447382e-02   3.0000000e+03
  -8.1912065e-03   3.0150000e+03
  -2.6939230e-02   3.0300000e+03
  -3.8270600e-02   3.0450000e+03
  -4.0771093e-02   3.0600000e+03
  -3.3755381e-02   3.0750000e+03
  -1.9578921e-02   3.0900000e+03
  -4.0459689e-03   3.1050000e+03
   6.3325567e-03   3.1200000e+03
   8.0254003e-03   3.1350000e+03
   2.3594652e-03   3.1500000e+03
  -5.4597119e-03   3.1650000e+03
  -9.5910672e-03   3.1800000e+03
  -7.2695822e-03   3.1950000e+03
  -4.5688875e-04   3.2100000e+03
   6.0204836e-03   3.2250000e+03
   8.2695577e-03   3.2400000e+03
   5.5308510e-03   3.2550000e+03
  -9.1911224e-04   3.2700000e+03
  -1.0107425e-02   3.2850000e+03
  -2.1850698e-02   3.3000000e+03
  -3.5169993e-02   3.3150000e+03
  -4.7206774e-02   3.3300000e+03
  -5.4256633e-02   3.3450000e+03
  -5.3667326e-02   3.3600000e+03
  -4.4852827e-02   3.3750000e+03
  -2.9589893e-02   3.3900000e+03
  -1.2223851e-02   3.4050000e+03
   1.2999261e-03   3.4200000e+03
   6.5861773e-03   3.4350000e+03
   4.0231911e-03   3.4500000e+03
  -1.3764040e-03   3.4650000e+03
  -3.6852865e-03   3.4800000e+03
   9.5170435e-05   3.4950000e+03
   8.6126663e-03   3.5100000e+03
   1.6974101e-02   3.5250000e+03
   1.9232044e-02   3.5400000e+03
   1.2264511e-02   3.5550000e+03
  -1.2355122e-03   3.5700000e+03
  -1.3981723e-02   3.5850000e+03
  -1.9135244e-02   3.6000000e+03
  -1.4472785e-02   3.6150000e+03
  -2.4330625e-03   3.6300000e+03
   1.2307133e-02   3.6450000e+03
   2.4851145e-02   3.6600000e+03
   3.1501196e-02   3.6750000e+03
   3.1190857e-02   3.6900000e+03
   2.5581913e-02   3.7050000e+03
   1.6775597e-02   3.7200000e+03
   5.1116548e-03   3.7350000e+03
  -9.5535014e-03   3.7500000e+03
  -2.4282420e-02   3.7650000e+03
  -3.2491259e-02   3.7800000e+03
  -2.8639490e-02   3.7950000e+03
  -1.3478548e-02   3.8100000e+03
   6.2297625e-03   3.8250000e+03
   2.3105877e-02   3.8400000e+03
   3.3474535e-02   3.8550000e+03
   3.6943972e-02   3.8700000e+03
   3.4085222e-02   3.8850000e+03
   2.6222143e-02   3.9000000e+03
   1.6572012e-02   3.9150000e+03
   9.3886778e-03   3.9300000e+03
   7.0803491e-03   3.9450000e+03
   8.6360769e-03   3.9600000e+03
   1.0855031e-02   3.9750000e+03
   1.0450596e-02   3.9900000e+03
   5.5447328e-03   4.0050000e+03
  -2.8617783e-03   4.0200000e+03
  -1.0149499e-02   4.0350000e+03
  -1.0786171e-02   4.0500000e+03
  -3.8441988e-03   4.0650000e+03
   4.7651925e-03   4.0800000e+03
   7.3675527e-03   4.0950000e+03
   1.9874815e-03   4.1100000e+03
  -6.1218883e-03   4.1250000e+03
  -9.8359855e-03   4.1400000e+03
  -5.7682488e-03   4.1550000e+03
   4.6259733e-03   4.1700000e+03
   1.7001957e-02   4.1850000e+03
   2.6439738e-02   4.2000000e+03
   2.9828265e-02   4.2150000e+03
   2.7776796e-02   4.2300000e+03
   2.3861105e-02   4.2450000e+03
   2.1057324e-02   4.2600000e+03
   1.8935030e-02   4.2750000e+03
   1.4551848e-02   4.2900000e+03
   5.7395860e-03   4.3050000e+03
  -6.4827236e-03   4.3200000e+03
  -1.7986758e-02   4.3350000e+03
  -2.3900343e-02   4.3500000e+03
  -2.2002891e-02   4.3650000e+03
  -1.4542959e-02   4.3800000e+03
  -6.2581017e-03   4.3950000e+03
  -2.8830991e-04   4.4100000e+03
   3.3841471e-03   4.4250000e+03
   5.5152439e-03   4.4400000e+03
   5.2191536e-03   4.4550000e+03
   1.2548119e-03   4.4700000e+03
  -5.1165670e-03   4.4850000e+03
  -1.0206090e-02   4.5000000e+03
