  -1.1988302e-03   0.0000000e+00
  -1.1988664e-03   1.5000000e+01
  -1.1990024e-03   3.0000000e+01
  -1.1992495e-03   4.5000000e+01
  -1.1994937e-03   6.0000000e+01
  -1.1995744e-03   7.5000000e+01
  -1.1995047e-03   9.0000000e+01
  -1.1995271e-03   1.0500000e+02
  -1.1999466e-03   1.2000000e+02
  -1.2008717e-03   1.3500000e+02
  -1.2019951e-03   1.5000000e+02
  -1.2025853e-03   1.6500000e+02
  -1.2014223e-03   1.8000000e+02
  -1.1953465e-03   1.9500000e+02
  -1.1750134e-03   2.1000000e+02
  -1.1201293e-03   2.2500000e+02
  -1.0036130e-03   2.4000000e+02
  -8.1546669e-04   2.5500000e+02
  -5.9696520e-04   2.7000000e+02
  -4.4229763e-04   2.8500000e+02
  -4.3118544e-04   3.0000000e+02
  -5.3775951e-04   3.1500000e+02
  -6.3286716e-04   3.3000000e+02
  -6.1671110e-04   3.4500000e+02
  -5.3347467e-04   3.6000000e+02
  -5.0352444e-04   3.7500000e+02
  -5.5474485e-04   3.9000000e+02
  -5.9679867e-04   4.0500000e+02
  -5.7041628e-04   4.2000000e+02
  -5.3066667e-04   4.3500000e+02
  -5.4191006e-04   4.5000000e+02
  -5.7523546e-04   4.6500000e+02
  -5.7359802e-04   4.8000000e+02
  -5.5059826e-04   4.9500000e+02
  -5.5219745e-04   5.1000000e+02
  -5.7162059e-04   5.2500000e+02
  -5.7225762e-04   5.4000000e+02
  -5.5719219e-04   5.5500000e+02
  -5.5520149e-04   5.7000000e+02
  -5.6539150e-04   5.8500000e+02
  -5.6579546e-04   6.0000000e+02
  -5.5712019e-04   6.1500000e+02
  -5.5691262e-04   6.3000000e+02
  -5.6484994e-04   6.4500000e+02
  -5.6792877e-04   6.6000000e+02
  -5.6767114e-04   6.7500000e+02
  -5.7416817e-04   6.9000000e+02
  -5.8562245e-04   7.0500000e+02
  -5.9595966e-04   7.2000000e+02
  -6.0996879e-04   7.3500000e+02
  -6.3476799e-04   7.5000000e+02
  -6.6772266e-04   7.6500000e+02
  -7.0221088e-04   7.8000000e+02
  -7.3421217e-04   7.9500000e+02
  -7.5794995e-04   8.1000000e+02
  -7.6641270e-04   8.2500000e+02
  -7.6197000e-04   8.4000000e+02
  -7.5874268e-04   8.5500000e+02
  -7.6999533e-04   8.7000000e+02
  -7.9689443e-04   8.8500000e+02
  -8.2995615e-04   9.0000000e+02
  -8.5799664e-04   9.1500000e+02
  -8.7683002e-04   9.3000000e+02
  -8.9228986e-04   9.4500000e+02
  -9.1353577e-04   9.6000000e+02
  -9.4228773e-04   9.7500000e+02
  -9.7188423e-04   9.9000000e+02
  -9.9794148e-04   1.0050000e+03
  -1.0242064e-03   1.0200000e+03
  -1.0545802e-03   1.0350000e+03
  -1.0854717e-03   1.0500000e+03
  -1.1117491e-03   1.0650000e+03
  -1.1357884e-03   1.0800000e+03
  -1.1637597e-03   1.0950000e+03
  -1.1954274e-03   1.1100000e+03
  -1.2252177e-03   1.1250000e+03
  -1.2530742e-03   1.1400000e+03
  -1.2866487e-03   1.1550000e+03
  -1.3310307e-03   1.1700000e+03
  -1.3831335e-03   1.1850000e+03
  -1.4388991e-03   1.2000000e+03
  -1.4993550e-03   1.2150000e+03
  -1.5653264e-03   1.2300000e+03
  -1.6317861e-03   1.2450000e+03
  -1.6925981e-03   1.2600000e+03
  -1.7473176e-03   1.2750000e+03
  -1.7993266e-03   1.2900000e+03
  -1.8505483e-03   1.3050000e+03
  -1.9013601e-03   1.3200000e+03
  -1.9526239e-03   1.3350000e+03
  -2.0046881e-03   1.3500000e+03
  -2.0567104e-03   1.3650000e+03
  -2.1091122e-03   1.3800000e+03
  -2.1643541e-03   1.3950000e+03
  -2.2234612e-03   1.4100000e+03
  -2.2838875e-03   1.4250000e+03
  -2.3425394e-03   1.4400000e+03
  -2.3989866e-03   1.4550000e+03
  -2.4535591e-03   1.4700000e+03
  -2.5042207e-03   1.4850000e+03
  -2.5486117e-03   1.5000000e+03
  -2.5881536e-03   1.5150000e+03
  -2.6263599e-03   1.5300000e+03
  -2.6631809e-03   1.5450000e+03
  -2.6944804e-03   1.5600000e+03
  -2.7176368e-03   1.5750000e+03
  -2.7348949e-03   1.5900000e+03
  -2.7496777e-03   1.6050000e+03
  -2.7607295e-03   1.6200000e+03
  -2.7613402e-03   1.6350000e+03
  -2.7440721e-03   1.6500000e+03
  -2.7042078e-03   1.6650000e+03
  -2.6377740e-03   1.6800000e+03
  -2.5388293e-03   1.6950000e+03
  -2.4013785e-03   1.7100000e+03
  -2.2231473e-03   1.7250000e+03
  -2.0044630e-03   1.7400000e+03
  -1.7407840e-03   1.7550000e+03
  -1.4157852e-03   1.7700000e+03
  -1.0031773e-03   1.7850000e+03
  -4.7582298e-04   1.8000000e+03
   1.8882801e-04   1.8150000e+03
   1.0133593e-03   1.8300000e+03
   2.0286923e-03   1.8450000e+03
   3.2771495e-03   1.8600000e+03
   4.8106345e-03   1.8750000e+03
   6.6903513e-03   1.8900000e+03
   8.9899534e-03   1.9050000e+03
   1.1799094e-02   1.9200000e+03
   1.5227712e-02   1.9350000e+03
   1.9415304e-02   1.9500000e+03
   2.4545735e-02   1.9650000e+03
   3.0863212e-02   1.9800000e+03
   3.8684145e-02   1.9950000e+03
   4.8397142e-02   2.0100000e+03
   6.0440678e-02   2.0250000e+03
   7.5253375e-02   2.0400000e+03
   9.3202181e-02   2.0550000e+03
   1.1449966e-01   2.0700000e+03
   1.3912551e-01   2.0850000e+03
   1.6677195e-01   2.1000000e+03
   1.9682504e-01   2.1150000e+03
   2.2836755e-01   2.1300000e+03
   2.6016673e-01   2.1450000e+03
   2.9063180e-01   2.1600000e+03
   3.1778342e-01   2.1750000e+03
   3.3930743e-01   2.1900000e+03
   3.5272029e-01   2.2050000e+03
   3.5560340e-01   2.2200000e+03
   3.4587157e-01   2.2350000e+03
   3.2213330e-01   2.2500000e+03
   2.8422126e-01   2.2650000e+03
   2.3378956e-01   2.2800000e+03
   1.7460494e-01   2.2950000e+03
   1.1212451e-01   2.3100000e+03
   5.2329484e-02   2.3250000e+03
   3.1983317e-04   2.3400000e+03
  -4.0635042e-02   2.3550000e+03
  -6.9263749e-02   2.3700000e+03
  -8.5922353e-02   2.3850000e+03
  -9.2148937e-02   2.4000000e+03
  -9.0340108e-02   2.4150000e+03
  -8.3378129e-02   2.4300000e+03
  -7.3998645e-02   2.4450000e+03
  -6.4020075e-02   2.4600000e+03
  -5.3915933e-02   2.4750000e+03
  -4.3188933e-02   2.4900000e+03
  -3.1450968e-02   2.5050000e+03
  -1.9386323e-02   2.5200000e+03
  -8.6402046e-03   2.5350000e+03
  -5.7644327e-04   2.5500000e+03
   4.8997714e-03   2.5650000e+03
   9.1092298e-03   2.5800000e+03
   1.3072458e-02   2.5950000e+03
   1.6374728e-02   2.6100000e+03
   1.7774628e-02   2.6250000e+03
   1.6840560e-02   2.6400000e+03
   1.4607807e-02   2.6550000e+03
   1.2452582e-02   2.6700000e+03
   1.0579919e-02   2.6850000e+03
   7.8882407e-03   2.7000000e+03
   3.1647999e-03   2.7150000e+03
  -3.9046363e-03   2.7300000e+03
  -1.2803809e-02   2.7450000e+03
  -2.2767330e-02   2.7600000e+03
  -3.3079222e-02   2.7750000e+03
  -4.3124147e-02   2.7900000e+03
  -5.2510638e-02   2.8050000e+03
  -6.1083123e-02   2.8200000e+03
  -6.8583190e-02   2.8350000e+03
  -7.4367307e-02   2.8500000e+03
  -7.7709556e-02   2.8650000e+03
  -7.8389145e-02   2.8800000e+03
  -7.6793045e-02   2.8950000e+03
  -7.3489018e-02   2.9100000e+03
  -6.8992488e-02   2.9250000e+03
  -6.4014733e-02   2.9400000e+03
  -5.9597094e-02   2.9550000e+03
  -5.6677375e-02   2.9700000e+03
  -5.5544887e-02   2.9850000e+03
  -5.5833735e-02   3.0000000e+03
  -5.6937505e-02   3.0150000e+03
  -5.8268990e-02   3.0300000e+03
  -5.9244014e-02   3.0450000e+03
  -5.9338544e-02   3.0600000e+03
  -5.8311123e-02   3.0750000e+03
  -5.6273073e-02   3.0900000e+03
  -5.3467266e-02   3.1050000e+03
  -5.0042402e-02   3.1200000e+03
  -4.6074554e-02   3.1350000e+03
  -4.1717641e-02   3.1500000e+03
  -3.7263442e-02   3.1650000e+03
  -3.3097755e-02   3.1800000e+03
  -2.9630437e-02   3.1950000e+03
  -2.7194126e-02   3.2100000e+03
  -2.5925109e-02   3.2250000e+03
  -2.5740419e-02   3.2400000e+03
  -2.6450720e-02   3.2550000e+03
  -2.7860541e-02   3.2700000e+03
  -2.9719207e-02   3.2850000e+03
  -3.1603660e-02   3.3000000e+03
  -3.2920144e-02   3.3150000e+03
  -3.3069991e-02   3.3300000e+03
  -3.1637948e-02   3.3450000e+03
  -2.8441885e-02   3.3600000e+03
  -2.3425611e-02   3.3750000e+03
  -1.6535902e-02   3.3900000e+03
  -7.7421800e-03   3.4050000e+03
   2.8111851e-03   3.4200000e+03
   1.4710566e-02   3.4350000e+03
   2.7382001e-02   3.4500000e+03
   4.0304027e-02   3.4650000e+03
   5.3088449e-02   3.4800000e+03
   6.5344997e-02   3.4950000e+03
   7.6493457e-02   3.5100000e+03
   8.5739389e-02   3.5250000e+03
   9.2266798e-02   3.5400000e+03
   9.5526174e-02   3.5550000e+03
   9.5446289e-02   3.5700000e+03
   9.2452362e-02   3.5850000e+03
   8.7272041e-02   3.6000000e+03
   8.0621086e-02   3.6150000e+03
   7.2934508e-02   3.6300000e+03
   6.4289004e-02   3.6450000e+03
   5.4550271e-02   3.6600000e+03
   4.3641061e-02   3.6750000e+03
   3.1749975e-02   3.6900000e+03
   1.9345265e-02   3.7050000e+03
   7.0115449e-03   3.7200000e+03
  -4.7282963e-03   3.7350000e+03
  -1.5454825e-02   3.7500000e+03
  -2.4774024e-02   3.7650000e+03
  -3.2278143e-02   3.7800000e+03
  -3.7658427e-02   3.7950000e+03
  -4.0901836e-02   3.8100000e+03
  -4.2384528e-02   3.8250000e+03
  -4.2733602e-02   3.8400000e+03
  -4.2510241e-02   3.8550000e+03
  -4.1927774e-02   3.8700000e+03
  -4.0827464e-02   3.8850000e+03
  -3.8953096e-02   3.9000000e+03
  -3.6308113e-02   3.9150000e+03
  -3.3278637e-02   3.9300000e+03
  -3.0397702e-02   3.9450000e+03
  -2.7961660e-02   3.9600000e+03
  -2.5860863e-02   3.9750000e+03
  -2.3789503e-02   3.9900000e+03
  -2.1638496e-02   4.0050000e+03
  -1.9700922e-02   4.0200000e+03
  -1.8492742e-02   4.0350000e+03
  -1.8339043e-02   4.0500000e+03
  -1.9076992e-02   4.0650000e+03
  -2.0115323e-02   4.0800000e+03
  -2.0786649e-02   4.0950000e+03
  -2.0704282e-02   4.1100000e+03
  -1.9866241e-02   4.1250000e+03
  -1.8481346e-02   4.1400000e+03
  -1.6711885e-02   4.1550000e+03
  -1.4555116e-02   4.1700000e+03
  -1.1926116e-02   4.1850000e+03
  -8.8212211e-03   4.2000000e+03
  -5.3959866e-03   4.2150000e+03
  -1.9002140e-03   4.2300000e+03
   1.4481341e-03   4.2450000e+03
   4.5280200e-03   4.2600000e+03
   7.2761974e-03   4.2750000e+03
   9.6092932e-03   4.2900000e+03
   1.1404438e-02   4.3050000e+03
   1.2564736e-02   4.3200000e+03
   1.3098336e-02   4.3350000e+03
   1.3119530e-02   4.3500000e+03
   1.2758700e-02   4.3650000e+03
   1.2059796e-02   4.3800000e+03
   1.0953748e-02   4.3950000e+03
   9.3241408e-03   4.4100000e+03
   7.1083941e-03   4.4250000e+03
   4.3625394e-03   4.4400000e+03
   1.2500098e-03   4.4550000e+03
  -2.0375724e-03   4.4700000e+03
  -5.3720842e-03   4.4850000e+03
  -8.7151667e-03   4.5000000e+03
