  -1.2173993e-03   0.0000000e+00
  -1.2174159e-03   1.5000000e+01
  -1.2174970e-03   3.0000000e+01
  -1.2176575e-03   4.5000000e+01
  -1.2177820e-03   6.0000000e+01
  -1.2177121e-03   7.5000000e+01
  -1.2174558e-03   9.0000000e+01
  -1.2172492e-03   1.0500000e+02
  -1.2174021e-03   1.2000000e+02
  -1.2180286e-03   1.3500000e+02
  -1.2188239e-03   1.5000000e+02
  -1.2190416e-03   1.6500000e+02
  -1.2174546e-03   1.8000000e+02
  -1.2109256e-03   1.9500000e+02
  -1.1901866e-03   2.1000000e+02
  -1.1350957e-03   2.2500000e+02
  -1.0187823e-03   2.4000000e+02
  -8.3139195e-04   2.5500000e+02
  -6.1406899e-04   2.7000000e+02
  -4.6049480e-04   2.8500000e+02
  -4.4983317e-04   3.0000000e+02
  -5.5614457e-04   3.1500000e+02
  -6.5085635e-04   3.3000000e+02
  -6.3477649e-04   3.4500000e+02
  -5.5201026e-04   3.6000000e+02
  -5.2231352e-04   3.7500000e+02
  -5.7330565e-04   3.9000000e+02
  -6.1503198e-04   4.0500000e+02
  -5.8860279e-04   4.2000000e+02
  -5.4892641e-04   4.3500000e+02
  -5.6005182e-04   4.5000000e+02
  -5.9313397e-04   4.6500000e+02
  -5.9136894e-04   4.8000000e+02
  -5.6829478e-04   4.9500000e+02
  -5.6961807e-04   5.1000000e+02
  -5.8856647e-04   5.2500000e+02
  -5.8874668e-04   5.4000000e+02
  -5.7327817e-04   5.5500000e+02
  -5.7079754e-04   5.7000000e+02
  -5.8038114e-04   5.8500000e+02
  -5.8017450e-04   6.0000000e+02
  -5.7092711e-04   6.1500000e+02
  -5.7012530e-04   6.3000000e+02
  -5.7743391e-04   6.4500000e+02
  -5.7986472e-04   6.6000000e+02
  -5.7889137e-04   6.7500000e+02
  -5.8451667e-04   6.9000000e+02
  -5.9491524e-04   7.0500000e+02
  -6.0401007e-04   7.2000000e+02
  -6.1655563e-04   7.3500000e+02
  -6.3963764e-04   7.5000000e+02
  -6.7068386e-04   7.6500000e+02
  -7.0326653e-04   7.8000000e+02
  -7.3370337e-04   7.9500000e+02
  -7.5656408e-04   8.1000000e+02
  -7.6495187e-04   8.2500000e+02
  -7.6089456e-04   8.4000000e+02
  -7.5779244e-04   8.5500000e+02
  -7.6831231e-04   8.7000000e+02
  -7.9363637e-04   8.8500000e+02
  -8.2492270e-04   9.0000000e+02
  -8.5167121e-04   9.1500000e+02
  -8.6974731e-04   9.3000000e+02
  -8.8436517e-04   9.4500000e+02
  -9.0406614e-04   9.6000000e+02
  -9.3061500e-04   9.7500000e+02
  -9.5788290e-04   9.9000000e+02
  -9.8173541e-04   1.0050000e+03
  -1.0055741e-03   1.0200000e+03
  -1.0329196e-03   1.0350000e+03
  -1.0603887e-03   1.0500000e+03
  -1.0834597e-03   1.0650000e+03
  -1.1047712e-03   1.0800000e+03
  -1.1302367e-03   1.0950000e+03
  -1.1594347e-03   1.1100000e+03
  -1.1870111e-03   1.1250000e+03
  -1.2132119e-03   1.1400000e+03
  -1.2456876e-03   1.1550000e+03
  -1.2893968e-03   1.1700000e+03
  -1.3413143e-03   1.1850000e+03
  -1.3974410e-03   1.2000000e+03
  -1.4584794e-03   1.2150000e+03
  -1.5247668e-03   1.2300000e+03
  -1.5911933e-03   1.2450000e+03
  -1.6520272e-03   1.2600000e+03
  -1.7072920e-03   1.2750000e+03
  -1.7607086e-03   1.2900000e+03
  -1.8145065e-03   1.3050000e+03
  -1.8692624e-03   1.3200000e+03
  -1.9257013e-03   1.3350000e+03
  -1.9837944e-03   1.3500000e+03
  -2.0424817e-03   1.3650000e+03
  -2.1022186e-03   1.3800000e+03
  -2.1655234e-03   1.3950000e+03
  -2.2334564e-03   1.4100000e+03
  -2.3036934e-03   1.4250000e+03
  -2.3736260e-03   1.4400000e+03
  -2.4433921e-03   1.4550000e+03
  -2.5137998e-03   1.4700000e+03
  -2.5831370e-03   1.4850000e+03
  -2.6492120e-03   1.5000000e+03
  -2.7135718e-03   1.5150000e+03
  -2.7798624e-03   1.5300000e+03
  -2.8480387e-03   1.5450000e+03
  -2.9138753e-03   1.5600000e+03
  -2.9749991e-03   1.5750000e+03
  -3.0346455e-03   1.5900000e+03
  -3.0976897e-03   1.6050000e+03
  -3.1637889e-03   1.6200000e+03
  -3.2257801e-03   1.6350000e+03
  -3.2746375e-03   1.6500000e+03
  -3.3042030e-03   1.6650000e+03
  -3.3106625e-03   1.6800000e+03
  -3.2900528e-03   1.6950000e+03
  -3.2386824e-03   1.7100000e+03
  -3.1549910e-03   1.7250000e+03
  -3.0378019e-03   1.7400000e+03
  -2.8795504e-03   1.7550000e+03
  -2.6596927e-03   1.7700000e+03
  -2.3458079e-03   1.7850000e+03
  -1.9020775e-03   1.8000000e+03
  -1.2944363e-03   1.8150000e+03
  -4.8443326e-04   1.8300000e+03
   5.8328552e-04   1.8450000e+03
   1.9904294e-03   1.8600000e+03
   3.8504999e-03   1.8750000e+03
   6.3167871e-03   1.8900000e+03
   9.5967315e-03   1.9050000e+03
   1.3971782e-02   1.9200000e+03
   1.9824151e-02   1.9350000e+03
   2.7674124e-02   1.9500000e+03
   3.8226474e-02   1.9650000e+03
   5.2415892e-02   1.9800000e+03
   7.1430072e-02   1.9950000e+03
   9.6668892e-02   2.0100000e+03
   1.2957887e-01   2.0250000e+03
   1.7130642e-01   2.0400000e+03
   2.2214986e-01   2.0550000e+03
   2.8085455e-01   2.0700000e+03
   3.4388956e-01   2.0850000e+03
   4.0496054e-01   2.1000000e+03
   4.5510137e-01   2.1150000e+03
   4.8366252e-01   2.1300000e+03
   4.8031870e-01   2.1450000e+03
   4.3785062e-01   2.1600000e+03
   3.5500965e-01   2.1750000e+03
   2.3841676e-01   2.1900000e+03
   1.0241088e-01   2.2050000e+03
  -3.3743400e-02   2.2200000e+03
  -1.5082560e-01   2.2350000e+03
  -2.3513161e-01   2.2500000e+03
  -2.8214037e-01   2.2650000e+03
  -2.9664415e-01   2.2800000e+03
  -2.8930646e-01   2.2950000e+03
  -2.7148017e-01   2.3100000e+03
  -2.5094920e-01   2.3250000e+03
  -2.3050551e-01   2.3400000e+03
  -2.0948116e-01   2.3550000e+03
  -1.8669643e-01   2.3700000e+03
  -1.6269578e-01   2.3850000e+03
  -1.3986711e-01   2.4000000e+03
  -1.2063968e-01   2.4150000e+03
  -1.0548563e-01   2.4300000e+03
  -9.2717677e-02   2.4450000e+03
  -8.0499329e-02   2.4600000e+03
  -6.9111496e-02   2.4750000e+03
  -6.0753822e-02   2.4900000e+03
  -5.6442305e-02   2.5050000e+03
  -5.3077076e-02   2.5200000e+03
  -4.4477049e-02   2.5350000e+03
  -2.6384886e-02   2.5500000e+03
  -7.1731117e-04   2.5650000e+03
   2.5648097e-02   2.5800000e+03
   4.6642195e-02   2.5950000e+03
   6.1294679e-02   2.6100000e+03
   7.2176322e-02   2.6250000e+03
   8.0437936e-02   2.6400000e+03
   8.3596781e-02   2.6550000e+03
   7.8296229e-02   2.6700000e+03
   6.4018063e-02   2.6850000e+03
   4.3309923e-02   2.7000000e+03
   1.9410007e-02   2.7150000e+03
  -4.7276989e-03   2.7300000e+03
  -2.5248360e-02   2.7450000e+03
  -3.7376236e-02   2.7600000e+03
  -3.8251631e-02   2.7750000e+03
  -2.9512627e-02   2.7900000e+03
  -1.6138105e-02   2.8050000e+03
  -2.8544485e-03   2.8200000e+03
   7.8402516e-03   2.8350000e+03
   1.4992930e-02   2.8500000e+03
   1.8363455e-02   2.8650000e+03
   1.8764760e-02   2.8800000e+03
   1.7923979e-02   2.8950000e+03
   1.6936263e-02   2.9100000e+03
   1.5325983e-02   2.9250000e+03
   1.2344390e-02   2.9400000e+03
   8.6819464e-03   2.9550000e+03
   6.0310550e-03   2.9700000e+03
   5.2793999e-03   2.9850000e+03
   6.0942206e-03   3.0000000e+03
   8.1454376e-03   3.0150000e+03
   1.1534994e-02   3.0300000e+03
   1.5566376e-02   3.0450000e+03
   1.8070526e-02   3.0600000e+03
   1.6958335e-02   3.0750000e+03
   1.2308781e-02   3.0900000e+03
   6.3164760e-03   3.1050000e+03
   1.1783475e-03   3.1200000e+03
  -2.5629080e-03   3.1350000e+03
  -5.6295842e-03   3.1500000e+03
  -8.4936526e-03   3.1650000e+03
  -1.0574632e-02   3.1800000e+03
  -1.0880720e-02   3.1950000e+03
  -9.3493909e-03   3.2100000e+03
  -7.5487536e-03   3.2250000e+03
  -7.9130800e-03   3.2400000e+03
  -1.1970901e-02   3.2550000e+03
  -1.9091023e-02   3.2700000e+03
  -2.6926372e-02   3.2850000e+03
  -3.3071809e-02   3.3000000e+03
  -3.6225777e-02   3.3150000e+03
  -3.5843331e-02   3.3300000e+03
  -3.1160640e-02   3.3450000e+03
  -2.1296669e-02   3.3600000e+03
  -6.7691291e-03   3.3750000e+03
   9.2966510e-03   3.3900000e+03
   2.2179147e-02   3.4050000e+03
   2.8496189e-02   3.4200000e+03
   2.8545203e-02   3.4350000e+03
   2.5901733e-02   3.4500000e+03
   2.4745001e-02   3.4650000e+03
   2.7327716e-02   3.4800000e+03
   3.3363856e-02   3.4950000e+03
   4.1025247e-02   3.5100000e+03
   4.8142504e-02   3.5250000e+03
   5.2832041e-02   3.5400000e+03
   5.3787559e-02   3.5550000e+03
   5.0592437e-02   3.5700000e+03
   4.3879848e-02   3.5850000e+03
   3.5025839e-02   3.6000000e+03
   2.5559889e-02   3.6150000e+03
   1.6825425e-02   3.6300000e+03
   1.0009091e-02   3.6450000e+03
   6.0158251e-03   3.6600000e+03
   4.8145559e-03   3.6750000e+03
   4.8203040e-03   3.6900000e+03
   3.3602444e-03   3.7050000e+03
  -1.6258837e-03   3.7200000e+03
  -9.9515151e-03   3.7350000e+03
  -1.9174818e-02   3.7500000e+03
  -2.6351957e-02   3.7650000e+03
  -3.0037398e-02   3.7800000e+03
  -3.0846931e-02   3.7950000e+03
  -3.0291900e-02   3.8100000e+03
  -2.9125543e-02   3.8250000e+03
  -2.6771311e-02   3.8400000e+03
  -2.2361735e-02   3.8550000e+03
  -1.6406033e-02   3.8700000e+03
  -1.1379517e-02   3.8850000e+03
  -1.0337848e-02   3.9000000e+03
  -1.4499248e-02   3.9150000e+03
  -2.1953477e-02   3.9300000e+03
  -2.8880475e-02   3.9450000e+03
  -3.2398690e-02   3.9600000e+03
  -3.2573301e-02   3.9750000e+03
  -3.1845059e-02   3.9900000e+03
  -3.2517627e-02   4.0050000e+03
  -3.4630701e-02   4.0200000e+03
  -3.5991564e-02   4.0350000e+03
  -3.4073159e-02   4.0500000e+03
  -2.7978491e-02   4.0650000e+03
  -1.8948546e-02   4.0800000e+03
  -9.3488945e-03   4.0950000e+03
  -1.2165952e-03   4.1100000e+03
   4.5495457e-03   4.1250000e+03
   8.0689928e-03   4.1400000e+03
   9.8784911e-03   4.1550000e+03
   1.0456610e-02   4.1700000e+03
   1.0145314e-02   4.1850000e+03
   9.3120364e-03   4.2000000e+03
   8.4231561e-03   4.2150000e+03
   7.8739682e-03   4.2300000e+03
   7.7463086e-03   4.2450000e+03
   7.8053018e-03   4.2600000e+03
   7.8191981e-03   4.2750000e+03
   7.8986231e-03   4.2900000e+03
   8.4515326e-03   4.3050000e+03
   9.7222142e-03   4.3200000e+03
   1.1353514e-02   4.3350000e+03
   1.2429516e-02   4.3500000e+03
   1.1974403e-02   4.3650000e+03
   9.4546666e-03   4.3800000e+03
   4.9194759e-03   4.3950000e+03
  -1.1744453e-03   4.4100000e+03
  -8.1932442e-03   4.4250000e+03
  -1.5471057e-02   4.4400000e+03
  -2.2368772e-02   4.4550000e+03
  -2.8230891e-02   4.4700000e+03
  -3.2262698e-02   4.4850000e+03
  -3.3547912e-02   4.5000000e+03
