  -1.2353223e-03   0.0000000e+00
  -1.2353149e-03   1.5000000e+01
  -1.2353146e-03   3.0000000e+01
  -1.2353498e-03   4.5000000e+01
  -1.2353575e-03   6.0000000e+01
  -1.2352193e-03   7.5000000e+01
  -1.2349006e-03   9.0000000e+01
  -1.2345385e-03   1.0500000e+02
  -1.2343731e-03   1.2000000e+02
  -1.2345274e-03   1.3500000e+02
  -1.2347921e-03   1.5000000e+02
  -1.2345549e-03   1.6500000e+02
  -1.2327268e-03   1.8000000e+02
  -1.2264568e-03   1.9500000e+02
  -1.2074037e-03   2.1000000e+02
  -1.1575440e-03   2.2500000e+02
  -1.0530063e-03   2.4000000e+02
  -8.8543986e-04   2.5500000e+02
  -6.9233938e-04   2.7000000e+02
  -5.5799191e-04   2.8500000e+02
  -5.5292121e-04   3.0000000e+02
  -6.5274374e-04   3.1500000e+02
  -7.4120791e-04   3.3000000e+02
  -7.2946039e-04   3.4500000e+02
  -6.5801397e-04   3.6000000e+02
  -6.3485431e-04   3.7500000e+02
  -6.8418996e-04   3.9000000e+02
  -7.2437507e-04   4.0500000e+02
  -7.0245762e-04   4.2000000e+02
  -6.6843739e-04   4.3500000e+02
  -6.8026438e-04   4.5000000e+02
  -7.1184174e-04   4.6500000e+02
  -7.1208330e-04   4.8000000e+02
  -6.9353130e-04   4.9500000e+02
  -6.9742452e-04   5.1000000e+02
  -7.1740377e-04   5.2500000e+02
  -7.2056940e-04   5.4000000e+02
  -7.0977083e-04   5.5500000e+02
  -7.1061379e-04   5.7000000e+02
  -7.2192517e-04   5.8500000e+02
  -7.2398054e-04   6.0000000e+02
  -7.1777269e-04   6.1500000e+02
  -7.1923621e-04   6.3000000e+02
  -7.2779885e-04   6.4500000e+02
  -7.3130033e-04   6.6000000e+02
  -7.3069549e-04   6.7500000e+02
  -7.3446479e-04   6.9000000e+02
  -7.4005930e-04   7.0500000e+02
  -7.4078189e-04   7.2000000e+02
  -7.3958409e-04   7.3500000e+02
  -7.4204011e-04   7.5000000e+02
  -7.4685615e-04   7.6500000e+02
  -7.5264543e-04   7.8000000e+02
  -7.6388358e-04   7.9500000e+02
  -7.8355696e-04   8.1000000e+02
  -8.0755271e-04   8.2500000e+02
  -8.2981971e-04   8.4000000e+02
  -8.4706716e-04   8.5500000e+02
  -8.5797993e-04   8.7000000e+02
  -8.6445978e-04   8.8500000e+02
  -8.7348971e-04   9.0000000e+02
  -8.9133298e-04   9.1500000e+02
  -9.1526844e-04   9.3000000e+02
  -9.3575963e-04   9.4500000e+02
  -9.4753038e-04   9.6000000e+02
  -9.5517945e-04   9.7500000e+02
  -9.6694648e-04   9.9000000e+02
  -9.8505616e-04   1.0050000e+03
  -1.0036301e-03   1.0200000e+03
  -1.0158932e-03   1.0350000e+03
  -1.0222355e-03   1.0500000e+03
  -1.0293410e-03   1.0650000e+03
  -1.0412879e-03   1.0800000e+03
  -1.0549037e-03   1.0950000e+03
  -1.0657537e-03   1.1100000e+03
  -1.0751346e-03   1.1250000e+03
  -1.0876691e-03   1.1400000e+03
  -1.1046166e-03   1.1550000e+03
  -1.1241477e-03   1.1700000e+03
  -1.1467757e-03   1.1850000e+03
  -1.1755108e-03   1.2000000e+03
  -1.2103834e-03   1.2150000e+03
  -1.2471477e-03   1.2300000e+03
  -1.2823415e-03   1.2450000e+03
  -1.3161252e-03   1.2600000e+03
  -1.3495227e-03   1.2750000e+03
  -1.3825047e-03   1.2900000e+03
  -1.4156966e-03   1.3050000e+03
  -1.4505524e-03   1.3200000e+03
  -1.4866914e-03   1.3350000e+03
  -1.5220424e-03   1.3500000e+03
  -1.5565791e-03   1.3650000e+03
  -1.5931592e-03   1.3800000e+03
  -1.6339459e-03   1.3950000e+03
  -1.6784281e-03   1.4100000e+03
  -1.7253995e-03   1.4250000e+03
  -1.7748037e-03   1.4400000e+03
  -1.8271932e-03   1.4550000e+03
  -1.8824706e-03   1.4700000e+03
  -1.9395909e-03   1.4850000e+03
  -1.9978425e-03   1.5000000e+03
  -2.0587128e-03   1.5150000e+03
  -2.1252823e-03   1.5300000e+03
  -2.1986503e-03   1.5450000e+03
  -2.2763622e-03   1.5600000e+03
  -2.3560710e-03   1.5750000e+03
  -2.4396316e-03   1.5900000e+03
  -2.5314940e-03   1.6050000e+03
  -2.6333141e-03   1.6200000e+03
  -2.7420956e-03   1.6350000e+03
  -2.8539358e-03   1.6500000e+03
  -2.9680249e-03   1.6650000e+03
  -3.0865534e-03   1.6800000e+03
  -3.2126056e-03   1.6950000e+03
  -3.3494339e-03   1.7100000e+03
  -3.5010756e-03   1.7250000e+03
  -3.6722915e-03   1.7400000e+03
  -3.8664776e-03   1.7550000e+03
  -4.0830439e-03   1.7700000e+03
  -4.3185260e-03   1.7850000e+03
  -4.5720120e-03   1.8000000e+03
  -4.8482898e-03   1.8150000e+03
  -5.1537589e-03   1.8300000e+03
  -5.4901959e-03   1.8450000e+03
  -5.8549382e-03   1.8600000e+03
  -6.2480830e-03   1.8750000e+03
  -6.6792285e-03   1.8900000e+03
  -7.1677980e-03   1.9050000e+03
  -7.7374591e-03   1.9200000e+03
  -8.4079606e-03   1.9350000e+03
  -9.1869440e-03   1.9500000e+03
  -1.0061880e-02   1.9650000e+03
  -1.0984777e-02   1.9800000e+03
  -1.1832109e-02   1.9950000e+03
  -1.2318637e-02   2.0100000e+03
  -1.1849861e-02   2.0250000e+03
  -9.3129510e-03   2.0400000e+03
  -2.8429998e-03   2.0550000e+03
   1.0323018e-02   2.0700000e+03
   3.3685070e-02   2.0850000e+03
   7.0704140e-02   2.1000000e+03
   1.2313712e-01   2.1150000e+03
   1.8850490e-01   2.1300000e+03
   2.5737318e-01   2.1450000e+03
   3.1201300e-01   2.1600000e+03
   3.2859874e-01   2.1750000e+03
   2.8454638e-01   2.1900000e+03
   1.7024061e-01   2.2050000e+03
   6.3817186e-04   2.2200000e+03
  -1.8088269e-01   2.2350000e+03
  -3.1337863e-01   2.2500000e+03
  -3.4426975e-01   2.2650000e+03
  -2.5997818e-01   2.2800000e+03
  -1.0269599e-01   2.2950000e+03
   4.2763826e-02   2.3100000e+03
   9.1978379e-02   2.3250000e+03
   1.2093190e-02   2.3400000e+03
  -1.5171875e-01   2.3550000e+03
  -2.9627591e-01   2.3700000e+03
  -3.1950721e-01   2.3850000e+03
  -1.8412262e-01   2.4000000e+03
   5.3824328e-02   2.4150000e+03
   2.7080706e-01   2.4300000e+03
   3.4417695e-01   2.4450000e+03
   2.2681478e-01   2.4600000e+03
  -1.5573131e-02   2.4750000e+03
  -2.3478234e-01   2.4900000e+03
  -2.9166302e-01   2.5050000e+03
  -1.5411051e-01   2.5200000e+03
   7.5359061e-02   2.5350000e+03
   2.3617251e-01   2.5500000e+03
   2.3347107e-01   2.5650000e+03
   1.0036546e-01   2.5800000e+03
  -5.3565927e-02   2.5950000e+03
  -1.4368281e-01   2.6100000e+03
  -1.5527773e-01   2.6250000e+03
  -1.0958695e-01   2.6400000e+03
  -2.5837518e-02   2.6550000e+03
   6.7200080e-02   2.6700000e+03
   1.1605462e-01   2.6850000e+03
   8.3682202e-02   2.7000000e+03
   4.2254385e-03   2.7150000e+03
  -4.2124763e-02   2.7300000e+03
  -2.1282647e-02   2.7450000e+03
   1.9837875e-02   2.7600000e+03
   2.7202109e-02   2.7750000e+03
   1.1765761e-02   2.7900000e+03
   1.3869133e-02   2.8050000e+03
   2.6480159e-02   2.8200000e+03
   7.0486488e-03   2.8350000e+03
  -4.3648586e-02   2.8500000e+03
  -7.0841178e-02   2.8650000e+03
  -4.3289751e-02   2.8800000e+03
   7.0501631e-03   2.8950000e+03
   3.8944330e-02   2.9100000e+03
   4.9097881e-02   2.9250000e+03
   4.3070674e-02   2.9400000e+03
   7.8135952e-03   2.9550000e+03
  -4.8505720e-02   2.9700000e+03
  -7.0064530e-02   2.9850000e+03
  -1.9027589e-02   3.0000000e+03
   5.4723699e-02   3.0150000e+03
   6.3413404e-02   3.0300000e+03
  -4.4366233e-03   3.0450000e+03
  -6.7151733e-02   3.0600000e+03
  -5.3738020e-02   3.0750000e+03
   1.3294502e-02   3.0900000e+03
   5.3467091e-02   3.1050000e+03
   2.1783268e-02   3.1200000e+03
  -4.9528737e-02   3.1350000e+03
  -9.0478927e-02   3.1500000e+03
  -6.3225567e-02   3.1650000e+03
   2.9939518e-03   3.1800000e+03
   4.2920087e-02   3.1950000e+03
   2.3352563e-02   3.2100000e+03
  -2.3254370e-02   3.2250000e+03
  -3.8750034e-02   3.2400000e+03
  -5.3597526e-03   3.2550000e+03
   4.2043205e-02   3.2700000e+03
   6.6298597e-02   3.2850000e+03
   6.8875611e-02   3.3000000e+03
   6.9763146e-02   3.3150000e+03
   6.5257892e-02   3.3300000e+03
   3.2130964e-02   3.3450000e+03
  -2.6658183e-02   3.3600000e+03
  -6.6743419e-02   3.3750000e+03
  -4.9568005e-02   3.3900000e+03
   7.1170027e-03   3.4050000e+03
   4.4662483e-02   3.4200000e+03
   2.8193099e-02   3.4350000e+03
  -1.8027984e-02   3.4500000e+03
  -4.2085569e-02   3.4650000e+03
  -2.0094169e-02   3.4800000e+03
   2.4156358e-02   3.4950000e+03
   4.6165824e-02   3.5100000e+03
   2.0501275e-02   3.5250000e+03
  -3.9253332e-02   3.5400000e+03
  -8.9827918e-02   3.5550000e+03
  -8.9560725e-02   3.5700000e+03
  -3.2629464e-02   3.5850000e+03
   4.1253533e-02   3.6000000e+03
   7.6914735e-02   3.6150000e+03
   5.2272994e-02   3.6300000e+03
  -1.0475264e-03   3.6450000e+03
  -2.8845234e-02   3.6600000e+03
  -7.9190163e-03   3.6750000e+03
   3.2462381e-02   3.6900000e+03
   4.3149058e-02   3.7050000e+03
   7.6219062e-03   3.7200000e+03
  -4.0116902e-02   3.7350000e+03
  -5.1121470e-02   3.7500000e+03
  -1.4072165e-02   3.7650000e+03
   3.0773208e-02   3.7800000e+03
   3.3396021e-02   3.7950000e+03
  -1.0962434e-02   3.8100000e+03
  -5.4018151e-02   3.8250000e+03
  -4.5738339e-02   3.8400000e+03
   9.9074580e-03   3.8550000e+03
   5.7705075e-02   3.8700000e+03
   5.0920576e-02   3.8850000e+03
   1.2147912e-03   3.9000000e+03
  -3.6611944e-02   3.9150000e+03
  -2.5393734e-02   3.9300000e+03
   1.7134281e-02   3.9450000e+03
   4.2151235e-02   3.9600000e+03
   2.2874257e-02   3.9750000e+03
  -2.1178044e-02   3.9900000e+03
  -4.8859566e-02   4.0050000e+03
  -3.9108701e-02   4.0200000e+03
  -6.4606303e-03   4.0350000e+03
   2.0024998e-02   4.0500000e+03
   2.6942834e-02   4.0650000e+03
   2.3613835e-02   4.0800000e+03
   2.3632515e-02   4.0950000e+03
   2.7074799e-02   4.1100000e+03
   2.3886818e-02   4.1250000e+03
   9.5543014e-03   4.1400000e+03
  -8.8508213e-03   4.1550000e+03
  -2.0911599e-02   4.1700000e+03
  -2.1787643e-02   4.1850000e+03
  -1.3226375e-02   4.2000000e+03
  -1.3577138e-03   4.2150000e+03
   4.9824249e-03   4.2300000e+03
  -1.0237694e-03   4.2450000e+03
  -1.7079934e-02   4.2600000e+03
  -3.1333722e-02   4.2750000e+03
  -3.2003760e-02   4.2900000e+03
  -1.7203841e-02   4.3050000e+03
   5.0960802e-03   4.3200000e+03
   2.4351332e-02   4.3350000e+03
   3.3108409e-02   4.3500000e+03
   2.8479915e-02   4.3650000e+03
   1.2590386e-02   4.3800000e+03
  -7.2256676e-03   4.3950000e+03
  -2.0837869e-02   4.4100000e+03
  -2.0530738e-02   4.4250000e+03
  -5.7503548e-03   4.4400000e+03
   1.5925214e-02   4.4550000e+03
   3.2595463e-02   4.4700000e+03
   3.4889583e-02   4.4850000e+03
   2.1664593e-02   4.5000000e+03
