   1.2572962e-02   0.0000000e+00
   1.2531070e-02   1.5000000e+01
   1.2407291e-02   3.0000000e+01
   1.2203987e-02   4.5000000e+01
   1.1910850e-02   6.0000000e+01
   1.1513266e-02   7.5000000e+01
   1.1014792e-02   9.0000000e+01
   1.0432868e-02   1.0500000e+02
   9.7781112e-03   1.2000000e+02
   9.0364693e-03   1.3500000e+02
   8.1671802e-03   1.5000000e+02
   7.1366485e-03   1.6500000e+02
   5.9454641e-03   1.8000000e+02
   4.6177367e-03   1.9500000e+02
   3.2132352e-03   2.1000000e+02
   1.9204335e-03   2.2500000e+02
   1.2722298e-03   2.4000000e+02
   2.5471926e-03   2.5500000e+02
   8.6863907e-03   2.7000000e+02
   2.7292034e-02   2.8500000e+02
   8.0050923e-02   3.0000000e+02
   2.2546528e-01   3.1500000e+02
   5.9090012e-01   3.3000000e+02
   1.3566241e+00   3.4500000e+02
   2.5600302e+00   3.6000000e+02
   3.6988978e+00   3.7500000e+02
   3.6094279e+00   3.9000000e+02
   1.3696069e+00   4.0500000e+02
  -2.2149451e+00   4.2000000e+02
  -4.7045507e+00   4.3500000e+02
  -4.4580855e+00   4.5000000e+02
  -2.3438740e+00   4.6500000e+02
  -3.3462337e-01   4.8000000e+02
   5.3310418e-01   4.9500000e+02
   3.7779677e-01   5.1000000e+02
  -1.6532809e-02   5.2500000e+02
   4.8134420e-02   5.4000000e+02
   2.7726555e-01   5.5500000e+02
   1.2015965e-01   5.7000000e+02
  -1.2504683e-01   5.8500000e+02
  -1.3984831e-01   6.0000000e+02
  -1.1478142e-01   6.1500000e+02
  -8.4799424e-02   6.3000000e+02
  -2.3935296e-02   6.4500000e+02
   4.3447386e-02   6.6000000e+02
   1.7224738e-01   6.7500000e+02
   1.6651201e-01   6.9000000e+02
  -1.2817954e-04   7.0500000e+02
  -5.1506483e-03   7.2000000e+02
   2.8421695e-03   7.3500000e+02
  -1.5714835e-01   7.5000000e+02
  -1.4957440e-01   7.6500000e+02
   1.1511546e-03   7.8000000e+02
   4.4542407e-03   7.9500000e+02
   1.8611724e-03   8.1000000e+02
   6.4604633e-02   8.2500000e+02
   2.8793743e-02   8.4000000e+02
  -4.2563476e-02   8.5500000e+02
  -5.3441230e-02   8.7000000e+02
  -6.6011973e-02   8.8500000e+02
  -7.3646531e-02   9.0000000e+02
  -2.8313637e-02   9.1500000e+02
   2.3207389e-02   9.3000000e+02
   3.7932865e-02   9.4500000e+02
   4.0676616e-02   9.6000000e+02
   3.3874571e-02   9.7500000e+02
  -1.6685267e-03   9.9000000e+02
  -3.2647312e-02   1.0050000e+03
  -2.9176936e-02   1.0200000e+03
  -1.1136457e-02   1.0350000e+03
   1.5253718e-02   1.0500000e+03
   5.1280357e-02   1.0650000e+03
   7.1511112e-02   1.0800000e+03
   6.8108886e-02   1.0950000e+03
   5.6312911e-02   1.1100000e+03
   3.6491949e-02   1.1250000e+03
   9.6805943e-03   1.1400000e+03
  -5.9799501e-03   1.1550000e+03
  -3.1779041e-03   1.1700000e+03
   6.8248115e-03   1.1850000e+03
   1.7556809e-02   1.2000000e+03
   2.7472673e-02   1.2150000e+03
   2.9505309e-02   1.2300000e+03
   2.2409813e-02   1.2450000e+03
   1.3726519e-02   1.2600000e+03
   7.2139534e-03   1.2750000e+03
   4.1828752e-03   1.2900000e+03
   8.4610693e-03   1.3050000e+03
   2.0430161e-02   1.3200000e+03
   3.4933470e-02   1.3350000e+03
   4.5859523e-02   1.3500000e+03
   4.7709987e-02   1.3650000e+03
   3.7037861e-02   1.3800000e+03
   1.6503077e-02   1.3950000e+03
  -6.1017820e-03   1.4100000e+03
  -2.3486661e-02   1.4250000e+03
  -3.1511687e-02   1.4400000e+03
  -3.0639909e-02   1.4550000e+03
  -2.7052838e-02   1.4700000e+03
  -2.8100226e-02   1.4850000e+03
  -3.6012545e-02   1.5000000e+03
  -4.7748912e-02   1.5150000e+03
  -5.8812100e-02   1.5300000e+03
  -6.5303832e-02   1.5450000e+03
  -6.3976489e-02   1.5600000e+03
  -5.2518442e-02   1.5750000e+03
  -3.0591957e-02   1.5900000e+03
  -1.2638454e-03   1.6050000e+03
   2.8298896e-02   1.6200000e+03
   4.8823621e-02   1.6350000e+03
   5.3164110e-02   1.6500000e+03
   3.9651886e-02   1.6650000e+03
   1.2701583e-02   1.6800000e+03
  -1.8981602e-02   1.6950000e+03
  -4.5721628e-02   1.7100000e+03
  -6.0538832e-02   1.7250000e+03
  -6.1503198e-02   1.7400000e+03
  -5.1750753e-02   1.7550000e+03
  -3.7506428e-02   1.7700000e+03
  -2.5248604e-02   1.7850000e+03
  -1.9317640e-02   1.8000000e+03
  -2.0780511e-02   1.8150000e+03
  -2.7335737e-02   1.8300000e+03
  -3.3840768e-02   1.8450000e+03
  -3.3798814e-02   1.8600000e+03
  -2.2060210e-02   1.8750000e+03
   2.2415393e-03   1.8900000e+03
   3.4162581e-02   1.9050000e+03
   6.3868053e-02   1.9200000e+03
   8.0041595e-02   1.9350000e+03
   7.4846752e-02   1.9500000e+03
   4.8403002e-02   1.9650000e+03
   1.0107465e-02   1.9800000e+03
  -2.5029019e-02   1.9950000e+03
  -4.4117585e-02   2.0100000e+03
  -4.3779805e-02   2.0250000e+03
  -3.1615976e-02   2.0400000e+03
  -1.9865690e-02   2.0550000e+03
  -1.5837479e-02   2.0700000e+03
  -1.6937202e-02   2.0850000e+03
  -1.4389394e-02   2.1000000e+03
  -2.1484899e-03   2.1150000e+03
   1.6794624e-02   2.1300000e+03
   3.1730995e-02   2.1450000e+03
   3.1565022e-02   2.1600000e+03
   1.2268108e-02   2.1750000e+03
  -2.0476129e-02   2.1900000e+03
  -5.4312296e-02   2.2050000e+03
  -7.6383509e-02   2.2200000e+03
  -7.9014845e-02   2.2350000e+03
  -6.2252555e-02   2.2500000e+03
  -3.2660615e-02   2.2650000e+03
   1.5617497e-04   2.2800000e+03
   2.7093345e-02   2.2950000e+03
   4.1925952e-02   2.3100000e+03
   4.2618006e-02   2.3250000e+03
   3.1808760e-02   2.3400000e+03
   1.6118137e-02   2.3550000e+03
   3.9409040e-03   2.3700000e+03
   2.2265993e-03   2.3850000e+03
   1.3438612e-02   2.4000000e+03
   3.4022693e-02   2.4150000e+03
   5.5402745e-02   2.4300000e+03
   6.7571886e-02   2.4450000e+03
   6.3812032e-02   2.4600000e+03
   4.4023812e-02   2.4750000e+03
   1.4687935e-02   2.4900000e+03
  -1.4590194e-02   2.5050000e+03
  -3.5933964e-02   2.5200000e+03
  -4.6525616e-02   2.5350000e+03
  -4.8492115e-02   2.5500000e+03
  -4.5864396e-02   2.5650000e+03
  -4.1141897e-02   2.5800000e+03
  -3.3892084e-02   2.5950000e+03
  -2.1966919e-02   2.6100000e+03
  -4.1614422e-03   2.6250000e+03
   1.7480962e-02   2.6400000e+03
   3.7244812e-02   2.6550000e+03
   4.7768541e-02   2.6700000e+03
   4.3450322e-02   2.6850000e+03
   2.2951689e-02   2.7000000e+03
  -1.0630999e-02   2.7150000e+03
  -5.0918661e-02   2.7300000e+03
  -8.8686079e-02   2.7450000e+03
  -1.1169034e-01   2.7600000e+03
  -1.0676897e-01   2.7750000e+03
  -6.6187263e-02   2.7900000e+03
   4.6876133e-03   2.8050000e+03
   8.5149810e-02   2.8200000e+03
   1.4673692e-01   2.8350000e+03
   1.6737621e-01   2.8500000e+03
   1.4284587e-01   2.8650000e+03
   8.7854020e-02   2.8800000e+03
   2.6800729e-02   2.8950000e+03
  -1.8827306e-02   2.9100000e+03
  -3.8851105e-02   2.9250000e+03
  -3.5478529e-02   2.9400000e+03
  -1.8658858e-02   2.9550000e+03
   6.4399146e-04   2.9700000e+03
   1.5614039e-02   2.9850000e+03
   2.4612101e-02   3.0000000e+03
   2.8033096e-02   3.0150000e+03
   2.4426067e-02   3.0300000e+03
   1.0509789e-02   3.0450000e+03
  -1.4056265e-02   3.0600000e+03
  -4.2225290e-02   3.0750000e+03
  -6.1641559e-02   3.0900000e+03
  -6.3042782e-02   3.1050000e+03
  -4.7438543e-02   3.1200000e+03
  -2.5074249e-02   3.1350000e+03
  -7.4336692e-03   3.1500000e+03
   3.0804949e-05   3.1650000e+03
  -1.0662624e-03   3.1800000e+03
  -5.8489335e-03   3.1950000e+03
  -1.0131055e-02   3.2100000e+03
  -1.2079746e-02   3.2250000e+03
  -1.2124117e-02   3.2400000e+03
  -1.1898926e-02   3.2550000e+03
  -1.2431860e-02   3.2700000e+03
  -1.2657504e-02   3.2850000e+03
  -1.0074571e-02   3.3000000e+03
  -3.5460519e-03   3.3150000e+03
   4.5526982e-03   3.3300000e+03
   9.4903652e-03   3.3450000e+03
   7.7776178e-03   3.3600000e+03
  -3.5674410e-04   3.3750000e+03
  -1.1728168e-02   3.3900000e+03
  -2.2672119e-02   3.4050000e+03
  -3.0422475e-02   3.4200000e+03
  -3.2835305e-02   3.4350000e+03
  -2.8268456e-02   3.4500000e+03
  -1.6724596e-02   3.4650000e+03
  -8.7914220e-04   3.4800000e+03
   1.4895690e-02   3.4950000e+03
   2.7034011e-02   3.5100000e+03
   3.4310687e-02   3.5250000e+03
   3.7043404e-02   3.5400000e+03
   3.5354786e-02   3.5550000e+03
   2.8646905e-02   3.5700000e+03
   1.6550710e-02   3.5850000e+03
  -4.3663567e-05   3.6000000e+03
  -1.8724697e-02   3.6150000e+03
  -3.5714164e-02   3.6300000e+03
  -4.6321809e-02   3.6450000e+03
  -4.6386071e-02   3.6600000e+03
  -3.4608308e-02   3.6750000e+03
  -1.3936275e-02   3.6900000e+03
   9.6728653e-03   3.7050000e+03
   3.0181020e-02   3.7200000e+03
   4.3457381e-02   3.7350000e+03
   4.7331765e-02   3.7500000e+03
   4.1368965e-02   3.7650000e+03
   2.7762806e-02   3.7800000e+03
   1.1930887e-02   3.7950000e+03
   3.8213885e-04   3.8100000e+03
  -3.6514855e-03   3.8250000e+03
  -2.9328703e-03   3.8400000e+03
  -4.1275965e-03   3.8550000e+03
  -1.2240567e-02   3.8700000e+03
  -2.6259545e-02   3.8850000e+03
  -3.9424699e-02   3.9000000e+03
  -4.3520160e-02   3.9150000e+03
  -3.4001861e-02   3.9300000e+03
  -1.3110327e-02   3.9450000e+03
   1.0442452e-02   3.9600000e+03
   2.5437972e-02   3.9750000e+03
   2.4313549e-02   3.9900000e+03
   7.8887912e-03   4.0050000e+03
  -1.5058771e-02   4.0200000e+03
  -3.3403181e-02   4.0350000e+03
  -4.0135469e-02   4.0500000e+03
  -3.5111275e-02   4.0650000e+03
  -2.3403723e-02   4.0800000e+03
  -1.1783574e-02   4.0950000e+03
  -5.4957429e-03   4.1100000e+03
  -6.0247695e-03   4.1250000e+03
  -1.0647248e-02   4.1400000e+03
  -1.4708643e-02   4.1550000e+03
  -1.5430100e-02   4.1700000e+03
  -1.3765851e-02   4.1850000e+03
  -1.2342981e-02   4.2000000e+03
  -1.1909189e-02   4.2150000e+03
  -1.0492646e-02   4.2300000e+03
  -6.1336178e-03   4.2450000e+03
   2.4847712e-04   4.2600000e+03
   5.2582207e-03   4.2750000e+03
   6.1233528e-03   4.2900000e+03
   3.0023777e-03   4.3050000e+03
  -1.6892308e-03   4.3200000e+03
  -5.6612720e-03   4.3350000e+03
  -8.0686845e-03   4.3500000e+03
  -8.8002719e-03   4.3650000e+03
  -7.3324735e-03   4.3800000e+03
  -2.9804951e-03   4.3950000e+03
   3.7364010e-03   4.4100000e+03
   1.0522697e-02   4.4250000e+03
   1.4530673e-02   4.4400000e+03
   1.4237612e-02   4.4550000e+03
   1.0194867e-02   4.4700000e+03
   4.3055294e-03   4.4850000e+03
  -1.2875831e-03   4.5000000e+03
