  -1.5776884e-03   0.0000000e+00
  -1.5778008e-03   1.5000000e+01
  -1.5780083e-03   3.0000000e+01
  -1.5781679e-03   4.5000000e+01
  -1.5783554e-03   6.0000000e+01
  -1.5786246e-03   7.5000000e+01
  -1.5790190e-03   9.0000000e+01
  -1.5797768e-03   1.0500000e+02
  -1.5810335e-03   1.2000000e+02
  -1.5825023e-03   1.3500000e+02
  -1.5838853e-03   1.5000000e+02
  -1.5852583e-03   1.6500000e+02
  -1.5867695e-03   1.8000000e+02
  -1.5883780e-03   1.9500000e+02
  -1.5900042e-03   2.1000000e+02
  -1.5916205e-03   2.2500000e+02
  -1.5932145e-03   2.4000000e+02
  -1.5947908e-03   2.5500000e+02
  -1.5963370e-03   2.7000000e+02
  -1.5978584e-03   2.8500000e+02
  -1.5995165e-03   3.0000000e+02
  -1.6015515e-03   3.1500000e+02
  -1.6040220e-03   3.3000000e+02
  -1.6067532e-03   3.4500000e+02
  -1.6095944e-03   3.6000000e+02
  -1.6125768e-03   3.7500000e+02
  -1.6157557e-03   3.9000000e+02
  -1.6190707e-03   4.0500000e+02
  -1.6223709e-03   4.2000000e+02
  -1.6253353e-03   4.3500000e+02
  -1.6273872e-03   4.5000000e+02
  -1.6277207e-03   4.6500000e+02
  -1.6249232e-03   4.8000000e+02
  -1.6160661e-03   4.9500000e+02
  -1.5962623e-03   5.1000000e+02
  -1.5604155e-03   5.2500000e+02
  -1.5076735e-03   5.4000000e+02
  -1.4464019e-03   5.5500000e+02
  -1.3954897e-03   5.7000000e+02
  -1.3776097e-03   5.8500000e+02
  -1.4042839e-03   6.0000000e+02
  -1.4622898e-03   6.1500000e+02
  -1.5163878e-03   6.3000000e+02
  -1.5325824e-03   6.4500000e+02
  -1.5044962e-03   6.6000000e+02
  -1.4553779e-03   6.7500000e+02
  -1.4082462e-03   6.9000000e+02
  -1.3541959e-03   7.0500000e+02
  -1.2593386e-03   7.2000000e+02
  -1.1093613e-03   7.3500000e+02
  -9.4088545e-04   7.5000000e+02
  -8.1874966e-04   7.6500000e+02
  -7.8290317e-04   7.8000000e+02
  -8.2473957e-04   7.9500000e+02
  -9.1081660e-04   8.1000000e+02
  -1.0118304e-03   8.2500000e+02
  -1.1025529e-03   8.4000000e+02
  -1.1550493e-03   8.5500000e+02
  -1.1571782e-03   8.7000000e+02
  -1.1352460e-03   8.8500000e+02
  -1.1371091e-03   9.0000000e+02
  -1.1861642e-03   9.1500000e+02
  -1.2627739e-03   9.3000000e+02
  -1.3317205e-03   9.4500000e+02
  -1.3736128e-03   9.6000000e+02
  -1.3879162e-03   9.7500000e+02
  -1.3848791e-03   9.9000000e+02
  -1.3845675e-03   1.0050000e+03
  -1.4080254e-03   1.0200000e+03
  -1.4551817e-03   1.0350000e+03
  -1.5006327e-03   1.0500000e+03
  -1.5231301e-03   1.0650000e+03
  -1.5318397e-03   1.0800000e+03
  -1.5523138e-03   1.0950000e+03
  -1.5928621e-03   1.1100000e+03
  -1.6370123e-03   1.1250000e+03
  -1.6663567e-03   1.1400000e+03
  -1.6794089e-03   1.1550000e+03
  -1.6869681e-03   1.1700000e+03
  -1.6974164e-03   1.1850000e+03
  -1.7107798e-03   1.2000000e+03
  -1.7249336e-03   1.2150000e+03
  -1.7451613e-03   1.2300000e+03
  -1.7852189e-03   1.2450000e+03
  -1.8557645e-03   1.2600000e+03
  -1.9517913e-03   1.2750000e+03
  -2.0539132e-03   1.2900000e+03
  -2.1405278e-03   1.3050000e+03
  -2.1969529e-03   1.3200000e+03
  -2.2205994e-03   1.3350000e+03
  -2.2279557e-03   1.3500000e+03
  -2.2519901e-03   1.3650000e+03
  -2.3160856e-03   1.3800000e+03
  -2.4060013e-03   1.3950000e+03
  -2.4802899e-03   1.4100000e+03
  -2.5160341e-03   1.4250000e+03
  -2.5359811e-03   1.4400000e+03
  -2.5831203e-03   1.4550000e+03
  -2.6739019e-03   1.4700000e+03
  -2.7830990e-03   1.4850000e+03
  -2.8722170e-03   1.5000000e+03
  -2.9279944e-03   1.5150000e+03
  -2.9728792e-03   1.5300000e+03
  -3.0393624e-03   1.5450000e+03
  -3.1356309e-03   1.5600000e+03
  -3.2398163e-03   1.5750000e+03
  -3.3293532e-03   1.5900000e+03
  -3.4091547e-03   1.6050000e+03
  -3.5022316e-03   1.6200000e+03
  -3.6164271e-03   1.6350000e+03
  -3.7348308e-03   1.6500000e+03
  -3.8429245e-03   1.6650000e+03
  -3.9507337e-03   1.6800000e+03
  -4.0768213e-03   1.6950000e+03
  -4.2205853e-03   1.7100000e+03
  -4.3659690e-03   1.7250000e+03
  -4.5079356e-03   1.7400000e+03
  -4.6583270e-03   1.7550000e+03
  -4.8247022e-03   1.7700000e+03
  -4.9988856e-03   1.7850000e+03
  -5.1713595e-03   1.8000000e+03
  -5.3447210e-03   1.8150000e+03
  -5.5263671e-03   1.8300000e+03
  -5.7170503e-03   1.8450000e+03
  -5.9139607e-03   1.8600000e+03
  -6.1187083e-03   1.8750000e+03
  -6.3346522e-03   1.8900000e+03
  -6.5593938e-03   1.9050000e+03
  -6.7857779e-03   1.9200000e+03
  -7.0085181e-03   1.9350000e+03
  -7.2252234e-03   1.9500000e+03
  -7.4319597e-03   1.9650000e+03
  -7.6210466e-03   1.9800000e+03
  -7.7808378e-03   1.9950000e+03
  -7.8916084e-03   2.0100000e+03
  -7.9187173e-03   2.0250000e+03
  -7.8080245e-03   2.0400000e+03
  -7.4794022e-03   2.0550000e+03
  -6.8078646e-03   2.0700000e+03
  -5.5882055e-03   2.0850000e+03
  -3.4830384e-03   2.1000000e+03
   5.3271426e-05   2.1150000e+03
   5.8866981e-03   2.1300000e+03
   1.5353758e-02   2.1450000e+03
   3.0432705e-02   2.1600000e+03
   5.3886268e-02   2.1750000e+03
   8.9266226e-02   2.1900000e+03
   1.4059055e-01   2.2050000e+03
   2.1145494e-01   2.2200000e+03
   3.0339175e-01   2.2350000e+03
   4.1350508e-01   2.2500000e+03
   5.3183621e-01   2.2650000e+03
   6.3950288e-01   2.2800000e+03
   7.0916784e-01   2.2950000e+03
   7.0937723e-01   2.3100000e+03
   6.1329240e-01   2.3250000e+03
   4.1024348e-01   2.3400000e+03
   1.1602384e-01   2.3550000e+03
  -2.2363941e-01   2.3700000e+03
  -5.4087317e-01   2.3850000e+03
  -7.6482260e-01   2.4000000e+03
  -8.4624505e-01   2.4150000e+03
  -7.7707565e-01   2.4300000e+03
  -5.9492385e-01   2.4450000e+03
  -3.6873198e-01   2.4600000e+03
  -1.7111975e-01   2.4750000e+03
  -4.9988240e-02   2.4900000e+03
  -1.2540720e-02   2.5050000e+03
  -2.8661773e-02   2.5200000e+03
  -5.1132564e-02   2.5350000e+03
  -4.2238034e-02   2.5500000e+03
   6.6404338e-03   2.5650000e+03
   7.2565399e-02   2.5800000e+03
   1.1706284e-01   2.5950000e+03
   1.1123393e-01   2.6100000e+03
   5.4268785e-02   2.6250000e+03
  -2.6529079e-02   2.6400000e+03
  -9.3343481e-02   2.6550000e+03
  -1.1996722e-01   2.6700000e+03
  -1.0371059e-01   2.6850000e+03
  -6.1822385e-02   2.7000000e+03
  -1.8112870e-02   2.7150000e+03
   1.0839894e-02   2.7300000e+03
   2.3392303e-02   2.7450000e+03
   3.1577621e-02   2.7600000e+03
   5.1087596e-02   2.7750000e+03
   8.7793767e-02   2.7900000e+03
   1.3092273e-01   2.8050000e+03
   1.5995243e-01   2.8200000e+03
   1.6055289e-01   2.8350000e+03
   1.3586600e-01   2.8500000e+03
   1.0371470e-01   2.8650000e+03
   8.3307311e-02   2.8800000e+03
   8.2709000e-02   2.8950000e+03
   9.5235407e-02   2.9100000e+03
   1.0548960e-01   2.9250000e+03
   1.0041930e-01   2.9400000e+03
   7.7966526e-02   2.9550000e+03
   4.6668090e-02   2.9700000e+03
   1.6669810e-02   2.9850000e+03
  -8.5896999e-03   3.0000000e+03
  -3.1382676e-02   3.0150000e+03
  -5.2092940e-02   3.0300000e+03
  -6.5721683e-02   3.0450000e+03
  -6.7040592e-02   3.0600000e+03
  -5.7243086e-02   3.0750000e+03
  -4.3527145e-02   3.0900000e+03
  -3.2605894e-02   3.1050000e+03
  -2.6139144e-02   3.1200000e+03
  -2.2512337e-02   3.1350000e+03
  -2.1447958e-02   3.1500000e+03
  -2.5296148e-02   3.1650000e+03
  -3.5381351e-02   3.1800000e+03
  -4.7853760e-02   3.1950000e+03
  -5.4592118e-02   3.2100000e+03
  -4.9337070e-02   3.2250000e+03
  -3.3017896e-02   3.2400000e+03
  -1.2688052e-02   3.2550000e+03
   4.3767001e-03   3.2700000e+03
   1.4721146e-02   3.2850000e+03
   1.7427076e-02   3.3000000e+03
   1.1056435e-02   3.3150000e+03
  -5.9945928e-03   3.3300000e+03
  -3.1825043e-02   3.3450000e+03
  -5.9012465e-02   3.3600000e+03
  -7.7687100e-02   3.3750000e+03
  -8.1510618e-02   3.3900000e+03
  -7.1351849e-02   3.4050000e+03
  -5.3912673e-02   3.4200000e+03
  -3.7137233e-02   3.4350000e+03
  -2.6131425e-02   3.4500000e+03
  -2.1632845e-02   3.4650000e+03
  -2.0696254e-02   3.4800000e+03
  -1.8548761e-02   3.4950000e+03
  -1.0930581e-02   3.5100000e+03
   3.8230526e-03   3.5250000e+03
   2.3989214e-02   3.5400000e+03
   4.5370940e-02   3.5550000e+03
   6.3083373e-02   3.5700000e+03
   7.3004335e-02   3.5850000e+03
   7.2605111e-02   3.6000000e+03
   6.1660975e-02   3.6150000e+03
   4.2815764e-02   3.6300000e+03
   2.1101063e-02   3.6450000e+03
   2.0383066e-03   3.6600000e+03
  -1.0423481e-02   3.6750000e+03
  -1.4545953e-02   3.6900000e+03
  -1.0345295e-02   3.7050000e+03
   6.4246888e-05   3.7200000e+03
   1.1105625e-02   3.7350000e+03
   1.4262175e-02   3.7500000e+03
   2.8659843e-03   3.7650000e+03
  -2.1661200e-02   3.7800000e+03
  -4.8544489e-02   3.7950000e+03
  -6.3991956e-02   3.8100000e+03
  -5.9940919e-02   3.8250000e+03
  -3.7615448e-02   3.8400000e+03
  -4.2897300e-03   3.8550000e+03
   3.1619169e-02   3.8700000e+03
   6.2493730e-02   3.8850000e+03
   8.1373632e-02   3.9000000e+03
   8.2974181e-02   3.9150000e+03
   6.6038683e-02   3.9300000e+03
   3.4385521e-02   3.9450000e+03
  -4.4016168e-03   3.9600000e+03
  -4.0949553e-02   3.9750000e+03
  -6.5654866e-02   3.9900000e+03
  -7.1080804e-02   4.0050000e+03
  -5.5808924e-02   4.0200000e+03
  -2.7006144e-02   4.0350000e+03
   1.8973956e-03   4.0500000e+03
   1.8145353e-02   4.0650000e+03
   1.6544402e-02   4.0800000e+03
   1.6385071e-03   4.0950000e+03
  -1.5652230e-02   4.1100000e+03
  -2.4218986e-02   4.1250000e+03
  -1.8192057e-02   4.1400000e+03
   8.9565624e-04   4.1550000e+03
   2.5796751e-02   4.1700000e+03
   4.7535535e-02   4.1850000e+03
   5.8998547e-02   4.2000000e+03
   5.6498270e-02   4.2150000e+03
   3.9965529e-02   4.2300000e+03
   1.3240977e-02   4.2450000e+03
  -1.5682776e-02   4.2600000e+03
  -3.6318216e-02   4.2750000e+03
  -4.0133320e-02   4.2900000e+03
  -2.5641164e-02   4.3050000e+03
  -2.6529178e-04   4.3200000e+03
   2.3013288e-02   4.3350000e+03
   3.2374468e-02   4.3500000e+03
   2.3133362e-02   4.3650000e+03
  -1.8749310e-04   4.3800000e+03
  -2.6240062e-02   4.3950000e+03
  -4.2240847e-02   4.4100000e+03
  -4.0078953e-02   4.4250000e+03
  -2.0548243e-02   4.4400000e+03
   6.5916758e-03   4.4550000e+03
   2.7404698e-02   4.4700000e+03
   3.1362150e-02   4.4850000e+03
   1.7454002e-02   4.5000000e+03
