  -7.9092709e-04   0.0000000e+00
  -7.9099607e-04   1.5000000e+01
  -7.9111633e-04   3.0000000e+01
  -7.9125160e-04   4.5000000e+01
  -7.9154910e-04   6.0000000e+01
  -7.9213001e-04   7.5000000e+01
  -7.9307990e-04   9.0000000e+01
  -7.9457008e-04   1.0500000e+02
  -7.9663761e-04   1.2000000e+02
  -7.9901877e-04   1.3500000e+02
  -8.0149283e-04   1.5000000e+02
  -8.0416218e-04   1.6500000e+02
  -8.0721546e-04   1.8000000e+02
  -8.1067492e-04   1.9500000e+02
  -8.1444107e-04   2.1000000e+02
  -8.1832992e-04   2.2500000e+02
  -8.2210253e-04   2.4000000e+02
  -8.2562189e-04   2.5500000e+02
  -8.2889851e-04   2.7000000e+02
  -8.3212164e-04   2.8500000e+02
  -8.3571370e-04   3.0000000e+02
  -8.4011629e-04   3.1500000e+02
  -8.4541074e-04   3.3000000e+02
  -8.5127208e-04   3.4500000e+02
  -8.5733994e-04   3.6000000e+02
  -8.6352008e-04   3.7500000e+02
  -8.6991710e-04   3.9000000e+02
  -8.7655865e-04   4.0500000e+02
  -8.8322535e-04   4.2000000e+02
  -8.8952220e-04   4.3500000e+02
  -8.9524931e-04   4.5000000e+02
  -9.0070942e-04   4.6500000e+02
  -9.0661278e-04   4.8000000e+02
  -9.1377617e-04   4.9500000e+02
  -9.2292024e-04   5.1000000e+02
  -9.3471917e-04   5.2500000e+02
  -9.4983506e-04   5.4000000e+02
  -9.6838747e-04   5.5500000e+02
  -9.8926178e-04   5.7000000e+02
  -1.0102043e-03   5.8500000e+02
  -1.0287731e-03   6.0000000e+02
  -1.0435905e-03   6.1500000e+02
  -1.0548407e-03   6.3000000e+02
  -1.0628433e-03   6.4500000e+02
  -1.0653305e-03   6.6000000e+02
  -1.0561225e-03   6.7500000e+02
  -1.0261638e-03   6.9000000e+02
  -9.6609280e-04   7.0500000e+02
  -8.7084319e-04   7.2000000e+02
  -7.4663165e-04   7.3500000e+02
  -6.1624689e-04   7.5000000e+02
  -5.1507942e-04   7.6500000e+02
  -4.7494718e-04   7.8000000e+02
  -5.0465931e-04   7.9500000e+02
  -5.8334426e-04   8.1000000e+02
  -6.7363371e-04   8.2500000e+02
  -7.4349239e-04   8.4000000e+02
  -7.7886390e-04   8.5500000e+02
  -7.8254729e-04   8.7000000e+02
  -7.6961442e-04   8.8500000e+02
  -7.6474552e-04   9.0000000e+02
  -7.9235254e-04   9.1500000e+02
  -8.5664203e-04   9.3000000e+02
  -9.3240972e-04   9.4500000e+02
  -9.8530669e-04   9.6000000e+02
  -1.0033898e-03   9.7500000e+02
  -1.0041668e-03   9.9000000e+02
  -1.0137843e-03   1.0050000e+03
  -1.0462631e-03   1.0200000e+03
  -1.0973811e-03   1.0350000e+03
  -1.1481839e-03   1.0500000e+03
  -1.1793098e-03   1.0650000e+03
  -1.1925036e-03   1.0800000e+03
  -1.2121685e-03   1.0950000e+03
  -1.2555144e-03   1.1100000e+03
  -1.3094759e-03   1.1250000e+03
  -1.3483647e-03   1.1400000e+03
  -1.3656116e-03   1.1550000e+03
  -1.3753871e-03   1.1700000e+03
  -1.3886674e-03   1.1850000e+03
  -1.4008648e-03   1.2000000e+03
  -1.4047039e-03   1.2150000e+03
  -1.4076591e-03   1.2300000e+03
  -1.4299903e-03   1.2450000e+03
  -1.4846775e-03   1.2600000e+03
  -1.5635664e-03   1.2750000e+03
  -1.6446317e-03   1.2900000e+03
  -1.7065401e-03   1.3050000e+03
  -1.7343399e-03   1.3200000e+03
  -1.7237654e-03   1.3350000e+03
  -1.6915253e-03   1.3500000e+03
  -1.6727766e-03   1.3650000e+03
  -1.6910486e-03   1.3800000e+03
  -1.7287565e-03   1.3950000e+03
  -1.7402178e-03   1.4100000e+03
  -1.7001708e-03   1.4250000e+03
  -1.6321638e-03   1.4400000e+03
  -1.5823893e-03   1.4550000e+03
  -1.5690961e-03   1.4700000e+03
  -1.5638425e-03   1.4850000e+03
  -1.5218592e-03   1.5000000e+03
  -1.4260481e-03   1.5150000e+03
  -1.2989428e-03   1.5300000e+03
  -1.1728954e-03   1.5450000e+03
  -1.0519492e-03   1.5600000e+03
  -9.0737263e-04   1.5750000e+03
  -7.1125641e-04   1.5900000e+03
  -4.6623658e-04   1.6050000e+03
  -1.9254940e-04   1.6200000e+03
   1.0969884e-04   1.6350000e+03
   4.6960003e-04   1.6500000e+03
   9.1356615e-04   1.6650000e+03
   1.4412260e-03   1.6800000e+03
   2.0451073e-03   1.6950000e+03
   2.7420011e-03   1.7100000e+03
   3.5678544e-03   1.7250000e+03
   4.5481580e-03   1.7400000e+03
   5.6923046e-03   1.7550000e+03
   7.0166793e-03   1.7700000e+03
   8.5550789e-03   1.7850000e+03
   1.0341809e-02   1.8000000e+03
   1.2400103e-02   1.8150000e+03
   1.4756745e-02   1.8300000e+03
   1.7460642e-02   1.8450000e+03
   2.0581925e-02   1.8600000e+03
   2.4201026e-02   1.8750000e+03
   2.8404452e-02   1.8900000e+03
   3.3282470e-02   1.9050000e+03
   3.8919788e-02   1.9200000e+03
   4.5389865e-02   1.9350000e+03
   5.2767433e-02   1.9500000e+03
   6.1151035e-02   1.9650000e+03
   7.0672952e-02   1.9800000e+03
   8.1485935e-02   1.9950000e+03
   9.3733318e-02   2.0100000e+03
   1.0751188e-01   2.0250000e+03
   1.2283734e-01   2.0400000e+03
   1.3962913e-01   2.0550000e+03
   1.5772934e-01   2.0700000e+03
   1.7695230e-01   2.0850000e+03
   1.9714086e-01   2.1000000e+03
   2.1819340e-01   2.1150000e+03
   2.4001835e-01   2.1300000e+03
   2.6237994e-01   2.1450000e+03
   2.8465539e-01   2.1600000e+03
   3.0562907e-01   2.1750000e+03
   3.2352117e-01   2.1900000e+03
   3.3636174e-01   2.2050000e+03
   3.4256753e-01   2.2200000e+03
   3.4135169e-01   2.2350000e+03
   3.3267492e-01   2.2500000e+03
   3.1685072e-01   2.2650000e+03
   2.9427832e-01   2.2800000e+03
   2.6565868e-01   2.2950000e+03
   2.3247029e-01   2.3100000e+03
   1.9705085e-01   2.3250000e+03
   1.6192152e-01   2.3400000e+03
   1.2882295e-01   2.3550000e+03
   9.8392203e-02   2.3700000e+03
   7.0843667e-02   2.3850000e+03
   4.6935946e-02   2.4000000e+03
   2.8143207e-02   2.4150000e+03
   1.5794083e-02   2.4300000e+03
   1.0032799e-02   2.4450000e+03
   9.5424140e-03   2.4600000e+03
   1.2104338e-02   2.4750000e+03
   1.5421791e-02   2.4900000e+03
   1.7788541e-02   2.5050000e+03
   1.8492851e-02   2.5200000e+03
   1.7768690e-02   2.5350000e+03
   1.6147332e-02   2.5500000e+03
   1.3659706e-02   2.5650000e+03
   9.7188335e-03   2.5800000e+03
   3.8242538e-03   2.5950000e+03
  -3.7842502e-03   2.6100000e+03
  -1.2294132e-02   2.6250000e+03
  -2.0984914e-02   2.6400000e+03
  -2.9552670e-02   2.6550000e+03
  -3.7919432e-02   2.6700000e+03
  -4.6032097e-02   2.6850000e+03
  -5.3918932e-02   2.7000000e+03
  -6.1739717e-02   2.7150000e+03
  -6.9624446e-02   2.7300000e+03
  -7.7496871e-02   2.7450000e+03
  -8.5115924e-02   2.7600000e+03
  -9.2264362e-02   2.7750000e+03
  -9.8866940e-02   2.7900000e+03
  -1.0495046e-01   2.8050000e+03
  -1.1052278e-01   2.8200000e+03
  -1.1550102e-01   2.8350000e+03
  -1.1975839e-01   2.8500000e+03
  -1.2322684e-01   2.8650000e+03
  -1.2592687e-01   2.8800000e+03
  -1.2789971e-01   2.8950000e+03
  -1.2915267e-01   2.9100000e+03
  -1.2969249e-01   2.9250000e+03
  -1.2958035e-01   2.9400000e+03
  -1.2891047e-01   2.9550000e+03
  -1.2772882e-01   2.9700000e+03
  -1.2599313e-01   2.9850000e+03
  -1.2361790e-01   3.0000000e+03
  -1.2053750e-01   3.0150000e+03
  -1.1671806e-01   3.0300000e+03
  -1.1214545e-01   3.0450000e+03
  -1.0684412e-01   3.0600000e+03
  -1.0090040e-01   3.0750000e+03
  -9.4435923e-02   3.0900000e+03
  -8.7558076e-02   3.1050000e+03
  -8.0345429e-02   3.1200000e+03
  -7.2856948e-02   3.1350000e+03
  -6.5131590e-02   3.1500000e+03
  -5.7199165e-02   3.1650000e+03
  -4.9124096e-02   3.1800000e+03
  -4.1044489e-02   3.1950000e+03
  -3.3164416e-02   3.2100000e+03
  -2.5712214e-02   3.2250000e+03
  -1.8901302e-02   3.2400000e+03
  -1.2904481e-02   3.2550000e+03
  -7.8310557e-03   3.2700000e+03
  -3.7063709e-03   3.2850000e+03
  -4.7299959e-04   3.3000000e+03
   1.9768560e-03   3.3150000e+03
   3.7589357e-03   3.3300000e+03
   4.9665421e-03   3.3450000e+03
   5.6491815e-03   3.3600000e+03
   5.8003743e-03   3.3750000e+03
   5.3735063e-03   3.3900000e+03
   4.3243794e-03   3.4050000e+03
   2.6477876e-03   3.4200000e+03
   3.9069093e-04   3.4350000e+03
  -2.3443219e-03   3.4500000e+03
  -5.3983200e-03   3.4650000e+03
  -8.5727116e-03   3.4800000e+03
  -1.1669814e-02   3.4950000e+03
  -1.4536867e-02   3.5100000e+03
  -1.7084593e-02   3.5250000e+03
  -1.9272234e-02   3.5400000e+03
  -2.1078918e-02   3.5550000e+03
  -2.2487316e-02   3.5700000e+03
  -2.3487624e-02   3.5850000e+03
  -2.4089184e-02   3.6000000e+03
  -2.4321489e-02   3.6150000e+03
  -2.4217999e-02   3.6300000e+03
  -2.3796044e-02   3.6450000e+03
  -2.3052283e-02   3.6600000e+03
  -2.1975767e-02   3.6750000e+03
  -2.0562122e-02   3.6900000e+03
  -1.8816404e-02   3.7050000e+03
  -1.6748976e-02   3.7200000e+03
  -1.4375534e-02   3.7350000e+03
  -1.1725709e-02   3.7500000e+03
  -8.8539924e-03   3.7650000e+03
  -5.8419127e-03   3.7800000e+03
  -2.7867374e-03   3.7950000e+03
   2.1569977e-04   3.8100000e+03
   3.0812907e-03   3.8250000e+03
   5.7355245e-03   3.8400000e+03
   8.1044715e-03   3.8550000e+03
   1.0109380e-02   3.8700000e+03
   1.1672214e-02   3.8850000e+03
   1.2732035e-02   3.9000000e+03
   1.3264536e-02   3.9150000e+03
   1.3293312e-02   3.9300000e+03
   1.2884919e-02   3.9450000e+03
   1.2130671e-02   3.9600000e+03
   1.1127311e-02   3.9750000e+03
   9.9665215e-03   3.9900000e+03
   8.7325480e-03   4.0050000e+03
   7.5004599e-03   4.0200000e+03
   6.3314759e-03   4.0350000e+03
   5.2694809e-03   4.0500000e+03
   4.3434827e-03   4.0650000e+03
   3.5737460e-03   4.0800000e+03
   2.9743302e-03   4.0950000e+03
   2.5494988e-03   4.1100000e+03
   2.2907830e-03   4.1250000e+03
   2.1833898e-03   4.1400000e+03
   2.2212814e-03   4.1550000e+03
   2.4188270e-03   4.1700000e+03
   2.8058011e-03   4.1850000e+03
   3.4042227e-03   4.2000000e+03
   4.1998881e-03   4.2150000e+03
   5.1264549e-03   4.2300000e+03
   6.0719806e-03   4.2450000e+03
   6.9041974e-03   4.2600000e+03
   7.5019528e-03   4.2750000e+03
   7.7801715e-03   4.2900000e+03
   7.7011972e-03   4.3050000e+03
   7.2713355e-03   4.3200000e+03
   6.5259268e-03   4.3350000e+03
   5.5095996e-03   4.3500000e+03
   4.2600129e-03   4.3650000e+03
   2.8015513e-03   4.3800000e+03
   1.1503460e-03   4.3950000e+03
  -6.7429699e-04   4.4100000e+03
  -2.6406632e-03   4.4250000e+03
  -4.7047632e-03   4.4400000e+03
  -6.8202694e-03   4.4550000e+03
  -8.9506274e-03   4.4700000e+03
  -1.1072884e-02   4.4850000e+03
  -1.3168977e-02   4.5000000e+03
