  -1.0802511e-03   0.0000000e+00
  -1.0803284e-03   1.5000000e+01
  -1.0804367e-03   3.0000000e+01
  -1.0805032e-03   4.5000000e+01
  -1.0806961e-03   6.0000000e+01
  -1.0811533e-03   7.5000000e+01
  -1.0819752e-03   9.0000000e+01
  -1.0833922e-03   1.0500000e+02
  -1.0854702e-03   1.2000000e+02
  -1.0878626e-03   1.3500000e+02
  -1.0902674e-03   1.5000000e+02
  -1.0928151e-03   1.6500000e+02
  -1.0957455e-03   1.8000000e+02
  -1.0990766e-03   1.9500000e+02
  -1.1026881e-03   2.1000000e+02
  -1.1063821e-03   2.2500000e+02
  -1.1099124e-03   2.4000000e+02
  -1.1131378e-03   2.5500000e+02
  -1.1160683e-03   2.7000000e+02
  -1.1189071e-03   2.8500000e+02
  -1.1221209e-03   3.0000000e+02
  -1.1262106e-03   3.1500000e+02
  -1.1312597e-03   3.3000000e+02
  -1.1368842e-03   3.4500000e+02
  -1.1426935e-03   3.6000000e+02
  -1.1486229e-03   3.7500000e+02
  -1.1547912e-03   3.9000000e+02
  -1.1611994e-03   4.0500000e+02
  -1.1675820e-03   4.2000000e+02
  -1.1734646e-03   4.3500000e+02
  -1.1785366e-03   4.5000000e+02
  -1.1830436e-03   4.6500000e+02
  -1.1876962e-03   4.8000000e+02
  -1.1932019e-03   4.9500000e+02
  -1.1999286e-03   5.1000000e+02
  -1.2081341e-03   5.2500000e+02
  -1.2185073e-03   5.4000000e+02
  -1.2320867e-03   5.5500000e+02
  -1.2495110e-03   5.7000000e+02
  -1.2703778e-03   5.8500000e+02
  -1.2928842e-03   6.0000000e+02
  -1.3140342e-03   6.1500000e+02
  -1.3306795e-03   6.3000000e+02
  -1.3402305e-03   6.4500000e+02
  -1.3401099e-03   6.6000000e+02
  -1.3263195e-03   6.7500000e+02
  -1.2915094e-03   6.9000000e+02
  -1.2246392e-03   7.0500000e+02
  -1.1167402e-03   7.2000000e+02
  -9.7296125e-04   7.3500000e+02
  -8.2140841e-04   7.5000000e+02
  -7.0641632e-04   7.6500000e+02
  -6.6548219e-04   7.8000000e+02
  -7.0589560e-04   7.9500000e+02
  -8.0063619e-04   8.1000000e+02
  -9.0666697e-04   8.2500000e+02
  -9.8886434e-04   8.4000000e+02
  -1.0316831e-03   8.5500000e+02
  -1.0377828e-03   8.7000000e+02
  -1.0247926e-03   8.8500000e+02
  -1.0222975e-03   9.0000000e+02
  -1.0582283e-03   9.1500000e+02
  -1.1352939e-03   9.3000000e+02
  -1.2228242e-03   9.4500000e+02
  -1.2821689e-03   9.6000000e+02
  -1.3017479e-03   9.7500000e+02
  -1.3025217e-03   9.9000000e+02
  -1.3136152e-03   1.0050000e+03
  -1.3501557e-03   1.0200000e+03
  -1.4074564e-03   1.0350000e+03
  -1.4645898e-03   1.0500000e+03
  -1.4998730e-03   1.0650000e+03
  -1.5151991e-03   1.0800000e+03
  -1.5378417e-03   1.0950000e+03
  -1.5866823e-03   1.1100000e+03
  -1.6468420e-03   1.1250000e+03
  -1.6904915e-03   1.1400000e+03
  -1.7121747e-03   1.1550000e+03
  -1.7293628e-03   1.1700000e+03
  -1.7553933e-03   1.1850000e+03
  -1.7860248e-03   1.2000000e+03
  -1.8132253e-03   1.2150000e+03
  -1.8439930e-03   1.2300000e+03
  -1.8991559e-03   1.2450000e+03
  -1.9925092e-03   1.2600000e+03
  -2.1154594e-03   1.2750000e+03
  -2.2443363e-03   1.2900000e+03
  -2.3561751e-03   1.3050000e+03
  -2.4348642e-03   1.3200000e+03
  -2.4757676e-03   1.3350000e+03
  -2.4974702e-03   1.3500000e+03
  -2.5393227e-03   1.3650000e+03
  -2.6277862e-03   1.3800000e+03
  -2.7435364e-03   1.3950000e+03
  -2.8367690e-03   1.4100000e+03
  -2.8817453e-03   1.4250000e+03
  -2.9074012e-03   1.4400000e+03
  -2.9665651e-03   1.4550000e+03
  -3.0791396e-03   1.4700000e+03
  -3.2121569e-03   1.4850000e+03
  -3.3148106e-03   1.5000000e+03
  -3.3682147e-03   1.5150000e+03
  -3.3991777e-03   1.5300000e+03
  -3.4470824e-03   1.5450000e+03
  -3.5205127e-03   1.5600000e+03
  -3.5902087e-03   1.5750000e+03
  -3.6249985e-03   1.5900000e+03
  -3.6261105e-03   1.6050000e+03
  -3.6156510e-03   1.6200000e+03
  -3.5954474e-03   1.6350000e+03
  -3.5345186e-03   1.6500000e+03
  -3.4020923e-03   1.6650000e+03
  -3.1948618e-03   1.6800000e+03
  -2.9164134e-03   1.6950000e+03
  -2.5404426e-03   1.7100000e+03
  -2.0111646e-03   1.7250000e+03
  -1.2713377e-03   1.7400000e+03
  -2.6544585e-04   1.7550000e+03
   1.0905402e-03   1.7700000e+03
   2.9300135e-03   1.7850000e+03
   5.4296837e-03   1.8000000e+03
   8.8104717e-03   1.8150000e+03
   1.3370206e-02   1.8300000e+03
   1.9529032e-02   1.8450000e+03
   2.7867379e-02   1.8600000e+03
   3.9169841e-02   1.8750000e+03
   5.4489315e-02   1.8900000e+03
   7.5208746e-02   1.9050000e+03
   1.0305750e-01   1.9200000e+03
   1.4004803e-01   1.9350000e+03
   1.8828899e-01   1.9500000e+03
   2.4958916e-01   1.9650000e+03
   3.2474580e-01   1.9800000e+03
   4.1247967e-01   1.9950000e+03
   5.0815213e-01   2.0100000e+03
   6.0264879e-01   2.0250000e+03
   6.8206149e-01   2.0400000e+03
   7.2888523e-01   2.0550000e+03
   7.2516638e-01   2.0700000e+03
   6.5730256e-01   2.0850000e+03
   5.2119994e-01   2.1000000e+03
   3.2571289e-01   2.1150000e+03
   9.2325605e-02   2.1300000e+03
  -1.4971882e-01   2.1450000e+03
  -3.7140930e-01   2.1600000e+03
  -5.5155212e-01   2.1750000e+03
  -6.8008995e-01   2.1900000e+03
  -7.5564986e-01   2.2050000e+03
  -7.7983838e-01   2.2200000e+03
  -7.5348556e-01   2.2350000e+03
  -6.7851710e-01   2.2500000e+03
  -5.6374544e-01   2.2650000e+03
  -4.2810440e-01   2.2800000e+03
  -2.9594067e-01   2.2950000e+03
  -1.8620484e-01   2.3100000e+03
  -1.0423091e-01   2.3250000e+03
  -4.3603290e-02   2.3400000e+03
   3.6780429e-03   2.3550000e+03
   3.8720641e-02   2.3700000e+03
   5.6913503e-02   2.3850000e+03
   5.6248639e-02   2.4000000e+03
   4.2963546e-02   2.4150000e+03
   2.8569894e-02   2.4300000e+03
   2.2267282e-02   2.4450000e+03
   2.6838897e-02   2.4600000e+03
   4.0597316e-02   2.4750000e+03
   6.0916312e-02   2.4900000e+03
   8.4863350e-02   2.5050000e+03
   1.0778297e-01   2.5200000e+03
   1.2353754e-01   2.5350000e+03
   1.2748829e-01   2.5500000e+03
   1.1954346e-01   2.5650000e+03
   1.0432011e-01   2.5800000e+03
   8.8285975e-02   2.5950000e+03
   7.6301172e-02   2.6100000e+03
   7.0025995e-02   2.6250000e+03
   6.8616450e-02   2.6400000e+03
   7.0244417e-02   2.6550000e+03
   7.3080882e-02   2.6700000e+03
   7.5719774e-02   2.6850000e+03
   7.7418707e-02   2.7000000e+03
   7.7882603e-02   2.7150000e+03
   7.6512642e-02   2.7300000e+03
   7.2098061e-02   2.7450000e+03
   6.3649386e-02   2.7600000e+03
   5.1418938e-02   2.7750000e+03
   3.6840394e-02   2.7900000e+03
   2.1711659e-02   2.8050000e+03
   7.7221212e-03   2.8200000e+03
  -3.6649082e-03   2.8350000e+03
  -1.1629989e-02   2.8500000e+03
  -1.6484369e-02   2.8650000e+03
  -1.9422892e-02   2.8800000e+03
  -2.1558277e-02   2.8950000e+03
  -2.3043212e-02   2.9100000e+03
  -2.2858569e-02   2.9250000e+03
  -1.9337514e-02   2.9400000e+03
  -1.1219625e-02   2.9550000e+03
   1.3087887e-03   2.9700000e+03
   1.6339367e-02   2.9850000e+03
   3.1026563e-02   3.0000000e+03
   4.2884398e-02   3.0150000e+03
   5.0644651e-02   3.0300000e+03
   5.4128241e-02   3.0450000e+03
   5.3430133e-02   3.0600000e+03
   4.8279900e-02   3.0750000e+03
   3.8212094e-02   3.0900000e+03
   2.3400366e-02   3.1050000e+03
   5.3810785e-03   3.1200000e+03
  -1.3104233e-02   3.1350000e+03
  -2.9255796e-02   3.1500000e+03
  -4.1592911e-02   3.1650000e+03
  -5.0518617e-02   3.1800000e+03
  -5.7651710e-02   3.1950000e+03
  -6.4427786e-02   3.2100000e+03
  -7.0943154e-02   3.2250000e+03
  -7.5836040e-02   3.2400000e+03
  -7.7276498e-02   3.2550000e+03
  -7.4277006e-02   3.2700000e+03
  -6.7311063e-02   3.2850000e+03
  -5.7908662e-02   3.3000000e+03
  -4.7745485e-02   3.3150000e+03
  -3.7974995e-02   3.3300000e+03
  -2.9179003e-02   3.3450000e+03
  -2.1774210e-02   3.3600000e+03
  -1.6387990e-02   3.3750000e+03
  -1.3788473e-02   3.3900000e+03
  -1.4320353e-02   3.4050000e+03
  -1.7218895e-02   3.4200000e+03
  -2.0436054e-02   3.4350000e+03
  -2.1417953e-02   3.4500000e+03
  -1.8516788e-02   3.4650000e+03
  -1.2014623e-02   3.4800000e+03
  -3.9246515e-03   3.4950000e+03
   3.2408575e-03   3.5100000e+03
   7.6958463e-03   3.5250000e+03
   8.7243896e-03   3.5400000e+03
   6.2449402e-03   3.5550000e+03
   4.2512905e-04   3.5700000e+03
  -8.1249410e-03   3.5850000e+03
  -1.7955760e-02   3.6000000e+03
  -2.6916850e-02   3.6150000e+03
  -3.2973450e-02   3.6300000e+03
  -3.5050593e-02   3.6450000e+03
  -3.3203647e-02   3.6600000e+03
  -2.8120121e-02   3.6750000e+03
  -2.0567320e-02   3.6900000e+03
  -1.1256765e-02   3.7050000e+03
  -9.9678931e-04   3.7200000e+03
   9.2687001e-03   3.7350000e+03
   1.8644979e-02   3.7500000e+03
   2.6448207e-02   3.7650000e+03
   3.2152772e-02   3.7800000e+03
   3.5255950e-02   3.7950000e+03
   3.5311978e-02   3.8100000e+03
   3.2166835e-02   3.8250000e+03
   2.6181195e-02   3.8400000e+03
   1.8247945e-02   3.8550000e+03
   9.5886756e-03   3.8700000e+03
   1.4096728e-03   3.8850000e+03
  -5.4953359e-03   3.9000000e+03
  -1.1046799e-02   3.9150000e+03
  -1.5853563e-02   3.9300000e+03
  -2.0730356e-02   3.9450000e+03
  -2.5955640e-02   3.9600000e+03
  -3.0747147e-02   3.9750000e+03
  -3.3377308e-02   3.9900000e+03
  -3.1973355e-02   4.0050000e+03
  -2.5616540e-02   4.0200000e+03
  -1.5134371e-02   4.0350000e+03
  -3.0898051e-03   4.0500000e+03
   7.1132602e-03   4.0650000e+03
   1.2571165e-02   4.0800000e+03
   1.1956492e-02   4.0950000e+03
   5.8145542e-03   4.1100000e+03
  -3.9168783e-03   4.1250000e+03
  -1.4751582e-02   4.1400000e+03
  -2.4417872e-02   4.1550000e+03
  -3.1325307e-02   4.1700000e+03
  -3.4728698e-02   4.1850000e+03
  -3.4655180e-02   4.2000000e+03
  -3.1668641e-02   4.2150000e+03
  -2.6557809e-02   4.2300000e+03
  -2.0041922e-02   4.2450000e+03
  -1.2584604e-02   4.2600000e+03
  -4.3980330e-03   4.2750000e+03
   4.3379534e-03   4.2900000e+03
   1.3161713e-02   4.3050000e+03
   2.1173652e-02   4.3200000e+03
   2.7229553e-02   4.3350000e+03
   3.0397119e-02   4.3500000e+03
   3.0335786e-02   4.3650000e+03
   2.7297715e-02   4.3800000e+03
   2.1768499e-02   4.3950000e+03
   1.4082492e-02   4.4100000e+03
   4.3746596e-03   4.4250000e+03
  -7.0590978e-03   4.4400000e+03
  -1.9290108e-02   4.4550000e+03
  -3.0612258e-02   4.4700000e+03
  -3.8946774e-02   4.4850000e+03
  -4.2605855e-02   4.5000000e+03
