  -9.4847212e-04   0.0000000e+00
  -9.5099065e-04   1.5000000e+01
  -9.5836975e-04   3.0000000e+01
  -9.7089331e-04   4.5000000e+01
  -9.9089800e-04   6.0000000e+01
  -1.0203983e-03   7.5000000e+01
  -1.0566810e-03   9.0000000e+01
  -1.0937909e-03   1.0500000e+02
  -1.1273912e-03   1.2000000e+02
  -1.1576869e-03   1.3500000e+02
  -1.1879667e-03   1.5000000e+02
  -1.2179734e-03   1.6500000e+02
  -1.2412149e-03   1.8000000e+02
  -1.2506309e-03   1.9500000e+02
  -1.2412391e-03   2.1000000e+02
  -1.2042627e-03   2.2500000e+02
  -1.1185252e-03   2.4000000e+02
  -9.4696571e-04   2.5500000e+02
  -6.4417982e-04   2.7000000e+02
  -1.6444118e-04   2.8500000e+02
   5.4770696e-04   3.0000000e+02
   1.5760650e-03   3.1500000e+02
   3.0374166e-03   3.3000000e+02
   5.0724405e-03   3.4500000e+02
   7.8420835e-03   3.6000000e+02
   1.1538214e-02   3.7500000e+02
   1.6405096e-02   3.9000000e+02
   2.2757493e-02   4.0500000e+02
   3.0961836e-02   4.2000000e+02
   4.1377943e-02   4.3500000e+02
   5.4345306e-02   4.5000000e+02
   7.0307560e-02   4.6500000e+02
   9.0056680e-02   4.8000000e+02
   1.1493120e-01   4.9500000e+02
   1.4672075e-01   5.1000000e+02
   1.8716392e-01   5.2500000e+02
   2.3729385e-01   5.4000000e+02
   2.9716805e-01   5.5500000e+02
   3.6626351e-01   5.7000000e+02
   4.4391435e-01   5.8500000e+02
   5.2866298e-01   6.0000000e+02
   6.1672419e-01   6.1500000e+02
   7.0155543e-01   6.3000000e+02
   7.7545631e-01   6.4500000e+02
   8.3128411e-01   6.6000000e+02
   8.6254466e-01   6.7500000e+02
   8.6282080e-01   6.9000000e+02
   8.2611102e-01   7.0500000e+02
   7.4826771e-01   7.2000000e+02
   6.2877089e-01   7.3500000e+02
   4.7182742e-01   7.5000000e+02
   2.8711945e-01   7.6500000e+02
   9.1095336e-02   7.8000000e+02
  -9.3970977e-02   7.9500000e+02
  -2.4638838e-01   8.1000000e+02
  -3.5293651e-01   8.2500000e+02
  -4.1183105e-01   8.4000000e+02
  -4.3017513e-01   8.5500000e+02
  -4.1841701e-01   8.7000000e+02
  -3.8543564e-01   8.8500000e+02
  -3.3816326e-01   9.0000000e+02
  -2.8346702e-01   9.1500000e+02
  -2.2757576e-01   9.3000000e+02
  -1.7488378e-01   9.4500000e+02
  -1.2791348e-01   9.6000000e+02
  -8.6723119e-02   9.7500000e+02
  -5.0013613e-02   9.9000000e+02
  -1.8052645e-02   1.0050000e+03
   8.1081670e-03   1.0200000e+03
   2.8962245e-02   1.0350000e+03
   4.5030080e-02   1.0500000e+03
   5.5879332e-02   1.0650000e+03
   6.2063161e-02   1.0800000e+03
   6.4871006e-02   1.0950000e+03
   6.4707033e-02   1.1100000e+03
   6.1641876e-02   1.1250000e+03
   5.6096267e-02   1.1400000e+03
   4.8666183e-02   1.1550000e+03
   4.0150031e-02   1.1700000e+03
   3.1128749e-02   1.1850000e+03
   2.1677857e-02   1.2000000e+03
   1.1920455e-02   1.2150000e+03
   2.1435898e-03   1.2300000e+03
  -7.5346841e-03   1.2450000e+03
  -1.7090932e-02   1.2600000e+03
  -2.6475720e-02   1.2750000e+03
  -3.5647802e-02   1.2900000e+03
  -4.4589177e-02   1.3050000e+03
  -5.3349219e-02   1.3200000e+03
  -6.2038839e-02   1.3350000e+03
  -7.0828229e-02   1.3500000e+03
  -8.0001019e-02   1.3650000e+03
  -8.9873634e-02   1.3800000e+03
  -1.0067040e-01   1.3950000e+03
  -1.1254728e-01   1.4100000e+03
  -1.2562078e-01   1.4250000e+03
  -1.3987260e-01   1.4400000e+03
  -1.5503478e-01   1.4550000e+03
  -1.7058279e-01   1.4700000e+03
  -1.8583509e-01   1.4850000e+03
  -2.0005976e-01   1.5000000e+03
  -2.1253404e-01   1.5150000e+03
  -2.2259660e-01   1.5300000e+03
  -2.2971644e-01   1.5450000e+03
  -2.3354608e-01   1.5600000e+03
  -2.3393990e-01   1.5750000e+03
  -2.3096400e-01   1.5900000e+03
  -2.2491558e-01   1.6050000e+03
  -2.1632433e-01   1.6200000e+03
  -2.0590277e-01   1.6350000e+03
  -1.9445314e-01   1.6500000e+03
  -1.8277763e-01   1.6650000e+03
  -1.7162420e-01   1.6800000e+03
  -1.6164730e-01   1.6950000e+03
  -1.5334484e-01   1.7100000e+03
  -1.4696983e-01   1.7250000e+03
  -1.4245202e-01   1.7400000e+03
  -1.3936588e-01   1.7550000e+03
  -1.3696194e-01   1.7700000e+03
  -1.3425639e-01   1.7850000e+03
  -1.3015600e-01   1.8000000e+03
  -1.2359706e-01   1.8150000e+03
  -1.1368432e-01   1.8300000e+03
  -9.9811867e-02   1.8450000e+03
  -8.1748001e-02   1.8600000e+03
  -5.9676930e-02   1.8750000e+03
  -3.4194067e-02   1.8900000e+03
  -6.2416308e-03   1.9050000e+03
   2.3014652e-02   1.9200000e+03
   5.2321665e-02   1.9350000e+03
   8.0423631e-02   1.9500000e+03
   1.0608291e-01   1.9650000e+03
   1.2809633e-01   1.9800000e+03
   1.4537245e-01   1.9950000e+03
   1.5706362e-01   2.0100000e+03
   1.6267687e-01   2.0250000e+03
   1.6209894e-01   2.0400000e+03
   1.5554880e-01   2.0550000e+03
   1.4352818e-01   2.0700000e+03
   1.2681381e-01   2.0850000e+03
   1.0646167e-01   2.1000000e+03
   8.3763242e-02   2.1150000e+03
   6.0138524e-02   2.1300000e+03
   3.7007473e-02   2.1450000e+03
   1.5681950e-02   2.1600000e+03
  -2.7270338e-03   2.1750000e+03
  -1.7412165e-02   2.1900000e+03
  -2.7970219e-02   2.2050000e+03
  -3.4445766e-02   2.2200000e+03
  -3.7287489e-02   2.2350000e+03
  -3.7253652e-02   2.2500000e+03
  -3.5324316e-02   2.2650000e+03
  -3.2619186e-02   2.2800000e+03
  -3.0264042e-02   2.2950000e+03
  -2.9188115e-02   2.3100000e+03
  -2.9936939e-02   2.3250000e+03
  -3.2617100e-02   2.3400000e+03
  -3.6992781e-02   2.3550000e+03
  -4.2631742e-02   2.3700000e+03
  -4.8990250e-02   2.3850000e+03
  -5.5428658e-02   2.4000000e+03
  -6.1227258e-02   2.4150000e+03
  -6.5642424e-02   2.4300000e+03
  -6.7975745e-02   2.4450000e+03
  -6.7626685e-02   2.4600000e+03
  -6.4148948e-02   2.4750000e+03
  -5.7335902e-02   2.4900000e+03
  -4.7302008e-02   2.5050000e+03
  -3.4493111e-02   2.5200000e+03
  -1.9608704e-02   2.5350000e+03
  -3.4892475e-03   2.5500000e+03
   1.2979150e-02   2.5650000e+03
   2.8944625e-02   2.5800000e+03
   4.3673322e-02   2.5950000e+03
   5.6616709e-02   2.6100000e+03
   6.7422301e-02   2.6250000e+03
   7.5892344e-02   2.6400000e+03
   8.1941187e-02   2.6550000e+03
   8.5578553e-02   2.6700000e+03
   8.6886711e-02   2.6850000e+03
   8.5958473e-02   2.7000000e+03
   8.2827814e-02   2.7150000e+03
   7.7463895e-02   2.7300000e+03
   6.9851018e-02   2.7450000e+03
   6.0097691e-02   2.7600000e+03
   4.8500419e-02   2.7750000e+03
   3.5539020e-02   2.7900000e+03
   2.1830991e-02   2.8050000e+03
   8.0769248e-03   2.8200000e+03
  -4.9925419e-03   2.8350000e+03
  -1.6668832e-02   2.8500000e+03
  -2.6313784e-02   2.8650000e+03
  -3.3402693e-02   2.8800000e+03
  -3.7573285e-02   2.8950000e+03
  -3.8698092e-02   2.9100000e+03
  -3.6971584e-02   2.9250000e+03
  -3.2950912e-02   2.9400000e+03
  -2.7468208e-02   2.9550000e+03
  -2.1400876e-02   2.9700000e+03
  -1.5410247e-02   2.9850000e+03
  -9.8147569e-03   3.0000000e+03
  -4.6703531e-03   3.0150000e+03
   3.6366509e-05   3.0300000e+03
   4.2550233e-03   3.0450000e+03
   7.8879483e-03   3.0600000e+03
   1.0892874e-02   3.0750000e+03
   1.3337437e-02   3.0900000e+03
   1.5340006e-02   3.1050000e+03
   1.6957661e-02   3.1200000e+03
   1.8133841e-02   3.1350000e+03
   1.8747956e-02   3.1500000e+03
   1.8701518e-02   3.1650000e+03
   1.7949563e-02   3.1800000e+03
   1.6461490e-02   3.1950000e+03
   1.4178224e-02   3.2100000e+03
   1.1031176e-02   3.2250000e+03
   7.0148031e-03   3.2400000e+03
   2.2433240e-03   3.2550000e+03
  -3.0674716e-03   3.2700000e+03
  -8.6868517e-03   3.2850000e+03
  -1.4458960e-02   3.3000000e+03
  -2.0327937e-02   3.3150000e+03
  -2.6283704e-02   3.3300000e+03
  -3.2277670e-02   3.3450000e+03
  -3.8179852e-02   3.3600000e+03
  -4.3812115e-02   3.3750000e+03
  -4.9027171e-02   3.3900000e+03
  -5.3763852e-02   3.4050000e+03
  -5.8031108e-02   3.4200000e+03
  -6.1839137e-02   3.4350000e+03
  -6.5145455e-02   3.4500000e+03
  -6.7865171e-02   3.4650000e+03
  -6.9923639e-02   3.4800000e+03
  -7.1283229e-02   3.4950000e+03
  -7.1908519e-02   3.5100000e+03
  -7.1713246e-02   3.5250000e+03
  -7.0564665e-02   3.5400000e+03
  -6.8364240e-02   3.5550000e+03
  -6.5139100e-02   3.5700000e+03
  -6.1064269e-02   3.5850000e+03
  -5.6410875e-02   3.6000000e+03
  -5.1491722e-02   3.6150000e+03
  -4.6663005e-02   3.6300000e+03
  -4.2355314e-02   3.6450000e+03
  -3.9054055e-02   3.6600000e+03
  -3.7195474e-02   3.6750000e+03
  -3.7036259e-02   3.6900000e+03
  -3.8584795e-02   3.7050000e+03
  -4.1623082e-02   3.7200000e+03
  -4.5776766e-02   3.7350000e+03
  -5.0582711e-02   3.7500000e+03
  -5.5543609e-02   3.7650000e+03
  -6.0180876e-02   3.7800000e+03
  -6.4080499e-02   3.7950000e+03
  -6.6912897e-02   3.8100000e+03
  -6.8426043e-02   3.8250000e+03
  -6.8435743e-02   3.8400000e+03
  -6.6832542e-02   3.8550000e+03
  -6.3599132e-02   3.8700000e+03
  -5.8818966e-02   3.8850000e+03
  -5.2667219e-02   3.9000000e+03
  -4.5387451e-02   3.9150000e+03
  -3.7258402e-02   3.9300000e+03
  -2.8554354e-02   3.9450000e+03
  -1.9512177e-02   3.9600000e+03
  -1.0327124e-02   3.9750000e+03
  -1.1868688e-03   3.9900000e+03
   7.6779337e-03   4.0050000e+03
   1.5967539e-02   4.0200000e+03
   2.3335891e-02   4.0350000e+03
   2.9447792e-02   4.0500000e+03
   3.4033097e-02   4.0650000e+03
   3.6913302e-02   4.0800000e+03
   3.8004711e-02   4.0950000e+03
   3.7314720e-02   4.1100000e+03
   3.4936953e-02   4.1250000e+03
   3.1038968e-02   4.1400000e+03
   2.5840761e-02   4.1550000e+03
   1.9596517e-02   4.1700000e+03
   1.2595098e-02   4.1850000e+03
   5.1790234e-03   4.2000000e+03
  -2.2402022e-03   4.2150000e+03
  -9.2003401e-03   4.2300000e+03
  -1.5253185e-02   4.2450000e+03
  -2.0055538e-02   4.2600000e+03
  -2.3439806e-02   4.2750000e+03
  -2.5421342e-02   4.2900000e+03
  -2.6136355e-02   4.3050000e+03
  -2.5749242e-02   4.3200000e+03
  -2.4386255e-02   4.3350000e+03
  -2.2128403e-02   4.3500000e+03
  -1.9051455e-02   4.3650000e+03
  -1.5272892e-02   4.3800000e+03
  -1.0973513e-02   4.3950000e+03
  -6.3877236e-03   4.4100000e+03
  -1.7729301e-03   4.4250000e+03
   2.6317898e-03   4.4400000e+03
   6.6482383e-03   4.4550000e+03
   1.0186851e-02   4.4700000e+03
   1.3244054e-02   4.4850000e+03
   1.5872970e-02   4.5000000e+03
