  -1.0715590e-02   0.0000000e+00
  -1.0715418e-02   1.5000000e+01
  -1.0716060e-02   3.0000000e+01
  -1.0721835e-02   4.5000000e+01
  -1.0739351e-02   6.0000000e+01
  -1.0773787e-02   7.5000000e+01
  -1.0824262e-02   9.0000000e+01
  -1.0885683e-02   1.0500000e+02
  -1.0955629e-02   1.2000000e+02
  -1.1039761e-02   1.3500000e+02
  -1.1148420e-02   1.5000000e+02
  -1.1287222e-02   1.6500000e+02
  -1.1457493e-02   1.8000000e+02
  -1.1663509e-02   1.9500000e+02
  -1.1911664e-02   2.1000000e+02
  -1.2205886e-02   2.2500000e+02
  -1.2542611e-02   2.4000000e+02
  -1.2906415e-02   2.5500000e+02
  -1.3279832e-02   2.7000000e+02
  -1.3658145e-02   2.8500000e+02
  -1.4046159e-02   3.0000000e+02
  -1.4447709e-02   3.1500000e+02
  -1.4863695e-02   3.3000000e+02
  -1.5290103e-02   3.4500000e+02
  -1.5715301e-02   3.6000000e+02
  -1.6124535e-02   3.7500000e+02
  -1.6506072e-02   3.9000000e+02
  -1.6855927e-02   4.0500000e+02
  -1.7180545e-02   4.2000000e+02
  -1.7480295e-02   4.3500000e+02
  -1.7716834e-02   4.5000000e+02
  -1.7808616e-02   4.6500000e+02
  -1.7665010e-02   4.8000000e+02
  -1.7197579e-02   4.9500000e+02
  -1.6263625e-02   5.1000000e+02
  -1.4586717e-02   5.2500000e+02
  -1.1717559e-02   5.4000000e+02
  -6.9894460e-03   5.5500000e+02
   6.7072368e-04   5.7000000e+02
   1.3166917e-02   5.8500000e+02
   3.3948045e-02   6.0000000e+02
   6.9179460e-02   6.1500000e+02
   1.2946208e-01   6.3000000e+02
   2.3132989e-01   6.4500000e+02
   3.9591751e-01   6.6000000e+02
   6.4013410e-01   6.7500000e+02
   9.5623118e-01   6.9000000e+02
   1.2839944e+00   7.0500000e+02
   1.4974886e+00   7.2000000e+02
   1.4406649e+00   7.3500000e+02
   1.0228877e+00   7.5000000e+02
   3.1885952e-01   7.6500000e+02
  -4.3060702e-01   7.8000000e+02
  -9.5811659e-01   7.9500000e+02
  -1.1407661e+00   8.1000000e+02
  -1.0403793e+00   8.2500000e+02
  -8.0070078e-01   8.4000000e+02
  -5.4800040e-01   8.5500000e+02
  -3.7063918e-01   8.7000000e+02
  -3.0075169e-01   8.8500000e+02
  -2.8077683e-01   9.0000000e+02
  -2.1986361e-01   9.1500000e+02
  -1.1215362e-01   9.3000000e+02
  -3.1527508e-02   9.4500000e+02
  -7.4615241e-03   9.6000000e+02
   2.3399037e-03   9.7500000e+02
   1.9145014e-02   9.9000000e+02
   2.0411840e-02   1.0050000e+03
   4.0269960e-03   1.0200000e+03
  -7.0026256e-03   1.0350000e+03
  -1.0845082e-02   1.0500000e+03
  -1.9762056e-02   1.0650000e+03
  -2.9183598e-02   1.0800000e+03
  -3.0379998e-02   1.0950000e+03
  -2.9111674e-02   1.1100000e+03
  -3.1413112e-02   1.1250000e+03
  -3.2150935e-02   1.1400000e+03
  -2.7130993e-02   1.1550000e+03
  -2.0213041e-02   1.1700000e+03
  -1.5502913e-02   1.1850000e+03
  -1.4727967e-02   1.2000000e+03
  -2.0186303e-02   1.2150000e+03
  -3.0544706e-02   1.2300000e+03
  -3.8801987e-02   1.2450000e+03
  -3.9762411e-02   1.2600000e+03
  -3.2976691e-02   1.2750000e+03
  -1.9237598e-02   1.2900000e+03
  -1.5589957e-03   1.3050000e+03
   1.3990876e-02   1.3200000e+03
   2.2910897e-02   1.3350000e+03
   2.5285563e-02   1.3500000e+03
   2.4964834e-02   1.3650000e+03
   2.6002379e-02   1.3800000e+03
   2.7086519e-02   1.3950000e+03
   2.2132464e-02   1.4100000e+03
   8.0251973e-03   1.4250000e+03
  -1.2365504e-02   1.4400000e+03
  -3.3880368e-02   1.4550000e+03
  -5.1861901e-02   1.4700000e+03
  -6.2879190e-02   1.4850000e+03
  -6.4359084e-02   1.5000000e+03
  -5.3797297e-02   1.5150000e+03
  -3.0717596e-02   1.5300000e+03
   4.2515277e-04   1.5450000e+03
   3.0941390e-02   1.5600000e+03
   5.0843008e-02   1.5750000e+03
   5.2463714e-02   1.5900000e+03
   3.5369765e-02   1.6050000e+03
   8.5464353e-03   1.6200000e+03
  -1.4233739e-02   1.6350000e+03
  -2.2353683e-02   1.6500000e+03
  -1.3086235e-02   1.6650000e+03
   9.2944214e-03   1.6800000e+03
   3.7345074e-02   1.6950000e+03
   6.3270099e-02   1.7100000e+03
   8.0296658e-02   1.7250000e+03
   8.4454454e-02   1.7400000e+03
   7.5939223e-02   1.7550000e+03
   5.7985626e-02   1.7700000e+03
   3.4399245e-02   1.7850000e+03
   8.5171210e-03   1.8000000e+03
  -1.6274387e-02   1.8150000e+03
  -3.6557049e-02   1.8300000e+03
  -5.0202444e-02   1.8450000e+03
  -5.7438705e-02   1.8600000e+03
  -6.0280215e-02   1.8750000e+03
  -6.0994104e-02   1.8900000e+03
  -6.1064683e-02   1.9050000e+03
  -6.1017293e-02   1.9200000e+03
  -6.0546763e-02   1.9350000e+03
  -5.8695901e-02   1.9500000e+03
  -5.4322589e-02   1.9650000e+03
  -4.6800978e-02   1.9800000e+03
  -3.6298461e-02   1.9950000e+03
  -2.3177251e-02   2.0100000e+03
  -7.1478118e-03   2.0250000e+03
   1.2656060e-02   2.0400000e+03
   3.6457423e-02   2.0550000e+03
   6.2518351e-02   2.0700000e+03
   8.6810686e-02   2.0850000e+03
   1.0396415e-01   2.1000000e+03
   1.0925556e-01   2.1150000e+03
   1.0103036e-01   2.1300000e+03
   8.2312360e-02   2.1450000e+03
   6.0159609e-02   2.1600000e+03
   4.2516444e-02   2.1750000e+03
   3.4318097e-02   2.1900000e+03
   3.5419334e-02   2.2050000e+03
   4.1514937e-02   2.2200000e+03
   4.7021147e-02   2.2350000e+03
   4.7907382e-02   2.2500000e+03
   4.2999651e-02   2.2650000e+03
   3.3391211e-02   2.2800000e+03
   2.0701477e-02   2.2950000e+03
   5.6672939e-03   2.3100000e+03
  -1.1742424e-02   2.3250000e+03
  -3.0899879e-02   2.3400000e+03
  -4.9229383e-02   2.3550000e+03
  -6.2339701e-02   2.3700000e+03
  -6.5645792e-02   2.3850000e+03
  -5.6539755e-02   2.4000000e+03
  -3.5932705e-02   2.4150000e+03
  -8.3254576e-03   2.4300000e+03
   1.9687245e-02   2.4450000e+03
   4.1653402e-02   2.4600000e+03
   5.3020012e-02   2.4750000e+03
   5.1785022e-02   2.4900000e+03
   3.8387597e-02   2.5050000e+03
   1.5432289e-02   2.5200000e+03
  -1.2732941e-02   2.5350000e+03
  -4.0977061e-02   2.5500000e+03
  -6.4825065e-02   2.5650000e+03
  -8.1581756e-02   2.5800000e+03
  -9.0406016e-02   2.5950000e+03
  -9.1529347e-02   2.6100000e+03
  -8.5513562e-02   2.6250000e+03
  -7.3105730e-02   2.6400000e+03
  -5.5438858e-02   2.6550000e+03
  -3.4152526e-02   2.6700000e+03
  -1.1488378e-02   2.6850000e+03
   9.4898520e-03   2.7000000e+03
   2.5038293e-02   2.7150000e+03
   3.1954829e-02   2.7300000e+03
   2.9505016e-02   2.7450000e+03
   2.0348402e-02   2.7600000e+03
   9.1853607e-03   2.7750000e+03
   1.4670604e-05   2.7900000e+03
  -5.6529795e-03   2.8050000e+03
  -8.3782682e-03   2.8200000e+03
  -9.2422431e-03   2.8350000e+03
  -8.9535918e-03   2.8500000e+03
  -7.9852566e-03   2.8650000e+03
  -6.7772120e-03   2.8800000e+03
  -5.4721702e-03   2.8950000e+03
  -3.7362466e-03   2.9100000e+03
  -1.1156856e-03   2.9250000e+03
   2.5569515e-03   2.9400000e+03
   7.2369766e-03   2.9550000e+03
   1.2826718e-02   2.9700000e+03
   1.8855842e-02   2.9850000e+03
   2.4176754e-02   3.0000000e+03
   2.7597602e-02   3.0150000e+03
   2.9034112e-02   3.0300000e+03
   2.9515421e-02   3.0450000e+03
   2.9494043e-02   3.0600000e+03
   2.7263880e-02   3.0750000e+03
   1.9571768e-02   3.0900000e+03
   4.0534236e-03   3.1050000e+03
  -1.8898822e-02   3.1200000e+03
  -4.6280883e-02   3.1350000e+03
  -7.3745050e-02   3.1500000e+03
  -9.6539795e-02   3.1650000e+03
  -1.1008697e-01   3.1800000e+03
  -1.1102848e-01   3.1950000e+03
  -9.8678395e-02   3.2100000e+03
  -7.5763933e-02   3.2250000e+03
  -4.7720831e-02   3.2400000e+03
  -2.0937387e-02   3.2550000e+03
  -7.6905161e-04   3.2700000e+03
   1.0097818e-02   3.2850000e+03
   1.2398601e-02   3.3000000e+03
   9.6101770e-03   3.3150000e+03
   5.9842393e-03   3.3300000e+03
   4.4679991e-03   3.3450000e+03
   5.7294462e-03   3.3600000e+03
   8.3966628e-03   3.3750000e+03
   9.7905137e-03   3.3900000e+03
   6.7890398e-03   3.4050000e+03
  -2.9303969e-03   3.4200000e+03
  -1.9398410e-02   3.4350000e+03
  -3.9635852e-02   3.4500000e+03
  -5.8673438e-02   3.4650000e+03
  -7.1929753e-02   3.4800000e+03
  -7.7314295e-02   3.4950000e+03
  -7.5602531e-02   3.5100000e+03
  -6.9068387e-02   3.5250000e+03
  -5.9690036e-02   3.5400000e+03
  -4.8328996e-02   3.5550000e+03
  -3.5192195e-02   3.5700000e+03
  -2.0734139e-02   3.5850000e+03
  -5.9960117e-03   3.6000000e+03
   7.8160092e-03   3.6150000e+03
   1.9904695e-02   3.6300000e+03
   2.9956499e-02   3.6450000e+03
   3.7645366e-02   3.6600000e+03
   4.2086806e-02   3.6750000e+03
   4.1942738e-02   3.6900000e+03
   3.6469679e-02   3.7050000e+03
   2.6907034e-02   3.7200000e+03
   1.6903108e-02   3.7350000e+03
   1.1124605e-02   3.7500000e+03
   1.2756017e-02   3.7650000e+03
   2.1764798e-02   3.7800000e+03
   3.5186946e-02   3.7950000e+03
   4.8866287e-02   3.8100000e+03
   5.9085350e-02   3.8250000e+03
   6.3282296e-02   3.8400000e+03
   6.0286131e-02   3.8550000e+03
   5.0613340e-02   3.8700000e+03
   3.6553394e-02   3.8850000e+03
   2.1487169e-02   3.9000000e+03
   8.6111110e-03   3.9150000e+03
  -9.2012211e-05   3.9300000e+03
  -4.1006533e-03   3.9450000e+03
  -4.0492825e-03   3.9600000e+03
  -1.3214301e-03   3.9750000e+03
   2.3562177e-03   3.9900000e+03
   5.4022311e-03   4.0050000e+03
   6.8240431e-03   4.0200000e+03
   6.3741240e-03   4.0350000e+03
   4.4247513e-03   4.0500000e+03
   1.7895610e-03   4.0650000e+03
  -4.1973908e-04   4.0800000e+03
  -1.0372673e-03   4.0950000e+03
   7.5359066e-04   4.1100000e+03
   5.0411592e-03   4.1250000e+03
   1.1062260e-02   4.1400000e+03
   1.7424142e-02   4.1550000e+03
   2.2643927e-02   4.1700000e+03
   2.5834350e-02   4.1850000e+03
   2.7107324e-02   4.2000000e+03
   2.7258888e-02   4.2150000e+03
   2.6905598e-02   4.2300000e+03
   2.5950840e-02   4.2450000e+03
   2.4048688e-02   4.2600000e+03
   2.1573555e-02   4.2750000e+03
   1.9846123e-02   4.2900000e+03
   2.0088840e-02   4.3050000e+03
   2.2057733e-02   4.3200000e+03
   2.3779988e-02   4.3350000e+03
   2.2724118e-02   4.3500000e+03
   1.7303094e-02   4.3650000e+03
   7.4263215e-03   4.3800000e+03
  -6.0394076e-03   4.3950000e+03
  -2.1919219e-02   4.4100000e+03
  -3.8616803e-02   4.4250000e+03
  -5.3495612e-02   4.4400000e+03
  -6.2864132e-02   4.4550000e+03
  -6.3275918e-02   4.4700000e+03
  -5.3563118e-02   4.4850000e+03
  -3.6113735e-02   4.5000000e+03
