  -8.8683487e-04   0.0000000e+00
  -8.8684558e-04   1.5000000e+01
  -8.8672037e-04   3.0000000e+01
  -8.8642380e-04   4.5000000e+01
  -8.8626181e-04   6.0000000e+01
  -8.8649493e-04   7.5000000e+01
  -8.8731246e-04   9.0000000e+01
  -8.8900153e-04   1.0500000e+02
  -8.9156342e-04   1.2000000e+02
  -8.9448364e-04   1.3500000e+02
  -8.9736661e-04   1.5000000e+02
  -9.0044184e-04   1.6500000e+02
  -9.0411864e-04   1.8000000e+02
  -9.0849167e-04   1.9500000e+02
  -9.1337255e-04   2.1000000e+02
  -9.1833138e-04   2.2500000e+02
  -9.2282187e-04   2.4000000e+02
  -9.2652492e-04   2.5500000e+02
  -9.2948339e-04   2.7000000e+02
  -9.3214354e-04   2.8500000e+02
  -9.3539595e-04   3.0000000e+02
  -9.4010518e-04   3.1500000e+02
  -9.4637147e-04   3.3000000e+02
  -9.5350249e-04   3.4500000e+02
  -9.6077845e-04   3.6000000e+02
  -9.6805295e-04   3.7500000e+02
  -9.7556086e-04   3.9000000e+02
  -9.8334043e-04   4.0500000e+02
  -9.9088741e-04   4.2000000e+02
  -9.9739921e-04   4.3500000e+02
  -1.0026904e-03   4.5000000e+02
  -1.0080582e-03   4.6500000e+02
  -1.0164340e-03   4.8000000e+02
  -1.0321080e-03   4.9500000e+02
  -1.0602836e-03   5.1000000e+02
  -1.1060215e-03   5.2500000e+02
  -1.1715165e-03   5.4000000e+02
  -1.2515340e-03   5.5500000e+02
  -1.3306108e-03   5.7000000e+02
  -1.3875994e-03   5.8500000e+02
  -1.4082011e-03   6.0000000e+02
  -1.3976552e-03   6.1500000e+02
  -1.3806489e-03   6.3000000e+02
  -1.3822159e-03   6.4500000e+02
  -1.4031890e-03   6.6000000e+02
  -1.4153445e-03   6.7500000e+02
  -1.3837036e-03   6.9000000e+02
  -1.2936947e-03   7.0500000e+02
  -1.1568158e-03   7.2000000e+02
  -9.9630654e-04   7.3500000e+02
  -8.3778222e-04   7.5000000e+02
  -7.1510277e-04   7.6500000e+02
  -6.6901534e-04   7.8000000e+02
  -7.1971235e-04   7.9500000e+02
  -8.3881285e-04   8.1000000e+02
  -9.6365181e-04   8.2500000e+02
  -1.0472018e-03   8.4000000e+02
  -1.0857853e-03   8.5500000e+02
  -1.0967725e-03   8.7000000e+02
  -1.0914031e-03   8.8500000e+02
  -1.0860475e-03   9.0000000e+02
  -1.1169284e-03   9.1500000e+02
  -1.2072488e-03   9.3000000e+02
  -1.3248490e-03   9.4500000e+02
  -1.4077820e-03   9.6000000e+02
  -1.4348198e-03   9.7500000e+02
  -1.4412552e-03   9.9000000e+02
  -1.4664131e-03   1.0050000e+03
  -1.5180905e-03   1.0200000e+03
  -1.5854388e-03   1.0350000e+03
  -1.6505208e-03   1.0500000e+03
  -1.6894672e-03   1.0650000e+03
  -1.6968865e-03   1.0800000e+03
  -1.7042208e-03   1.0950000e+03
  -1.7428388e-03   1.1100000e+03
  -1.7993393e-03   1.1250000e+03
  -1.8376933e-03   1.1400000e+03
  -1.8536386e-03   1.1550000e+03
  -1.8778594e-03   1.1700000e+03
  -1.9326190e-03   1.1850000e+03
  -2.0096323e-03   1.2000000e+03
  -2.0921878e-03   1.2150000e+03
  -2.1849931e-03   1.2300000e+03
  -2.3133922e-03   1.2450000e+03
  -2.4944837e-03   1.2600000e+03
  -2.7177555e-03   1.2750000e+03
  -2.9569338e-03   1.2900000e+03
  -3.1890220e-03   1.3050000e+03
  -3.3973856e-03   1.3200000e+03
  -3.5767762e-03   1.3350000e+03
  -3.7519175e-03   1.3500000e+03
  -3.9746989e-03   1.3650000e+03
  -4.2779543e-03   1.3800000e+03
  -4.6346327e-03   1.3950000e+03
  -4.9831811e-03   1.4100000e+03
  -5.2995365e-03   1.4250000e+03
  -5.6323912e-03   1.4400000e+03
  -6.0580601e-03   1.4550000e+03
  -6.6031530e-03   1.4700000e+03
  -7.2177243e-03   1.4850000e+03
  -7.8246891e-03   1.5000000e+03
  -8.3910562e-03   1.5150000e+03
  -8.9473519e-03   1.5300000e+03
  -9.5346859e-03   1.5450000e+03
  -1.0122500e-02   1.5600000e+03
  -1.0549687e-02   1.5750000e+03
  -1.0482269e-02   1.5900000e+03
  -9.2957597e-03   1.6050000e+03
  -5.7583568e-03   1.6200000e+03
   2.5448096e-03   1.6350000e+03
   1.9987030e-02   1.6500000e+03
   5.3662147e-02   1.6650000e+03
   1.1361103e-01   1.6800000e+03
   2.1142228e-01   1.6950000e+03
   3.5561836e-01   1.7100000e+03
   5.4272866e-01   1.7250000e+03
   7.4548924e-01   1.7400000e+03
   9.0431935e-01   1.7550000e+03
   9.3293923e-01   1.7700000e+03
   7.4856186e-01   1.7850000e+03
   3.2551605e-01   1.8000000e+03
  -2.5182569e-01   1.8150000e+03
  -7.8209400e-01   1.8300000e+03
  -1.0249767e+00   1.8450000e+03
  -8.5143459e-01   1.8600000e+03
  -3.7546805e-01   1.8750000e+03
   5.9554040e-02   1.8900000e+03
   9.2710882e-02   1.9050000e+03
  -3.6201686e-01   1.9200000e+03
  -9.8783714e-01   1.9350000e+03
  -1.2677314e+00   1.9500000e+03
  -9.0020496e-01   1.9650000e+03
  -7.0740767e-02   1.9800000e+03
   6.9253242e-01   1.9950000e+03
   9.6122849e-01   2.0100000e+03
   7.2617453e-01   2.0250000e+03
   3.0821359e-01   2.0400000e+03
   1.2793033e-02   2.0550000e+03
  -8.6678371e-02   2.0700000e+03
  -7.7455200e-02   2.0850000e+03
  -4.0733181e-02   2.1000000e+03
  -8.0439858e-03   2.1150000e+03
  -7.6290588e-03   2.1300000e+03
  -5.7368062e-02   2.1450000e+03
  -1.1636170e-01   2.1600000e+03
  -1.1309531e-01   2.1750000e+03
  -3.7363898e-02   2.1900000e+03
   4.1167717e-02   2.2050000e+03
   6.0163464e-02   2.2200000e+03
   3.3423726e-02   2.2350000e+03
   1.5818650e-02   2.2500000e+03
   2.7165346e-02   2.2650000e+03
   3.3915427e-02   2.2800000e+03
   4.1908026e-04   2.2950000e+03
  -5.8050003e-02   2.3100000e+03
  -8.8666208e-02   2.3250000e+03
  -6.7920856e-02   2.3400000e+03
  -2.7188683e-02   2.3550000e+03
   3.0666769e-03   2.3700000e+03
   3.2751169e-02   2.3850000e+03
   6.5604307e-02   2.4000000e+03
   6.6819191e-02   2.4150000e+03
   2.3489565e-02   2.4300000e+03
  -1.8546887e-02   2.4450000e+03
  -2.6112972e-02   2.4600000e+03
  -2.3890875e-02   2.4750000e+03
  -2.6766336e-02   2.4900000e+03
  -4.4547976e-03   2.5050000e+03
   4.5951691e-02   2.5200000e+03
   7.3674478e-02   2.5350000e+03
   5.3647112e-02   2.5500000e+03
   1.5905142e-02   2.5650000e+03
  -1.8460659e-02   2.5800000e+03
  -5.5579323e-02   2.5950000e+03
  -8.2256816e-02   2.6100000e+03
  -6.9707252e-02   2.6250000e+03
  -2.1195685e-02   2.6400000e+03
   2.9525405e-02   2.6550000e+03
   5.5728830e-02   2.6700000e+03
   5.0436910e-02   2.6850000e+03
   2.2754211e-02   2.7000000e+03
  -4.7394880e-03   2.7150000e+03
  -9.6461112e-03   2.7300000e+03
   1.4238558e-02   2.7450000e+03
   5.5032060e-02   2.7600000e+03
   8.9778513e-02   2.7750000e+03
   9.8419100e-02   2.7900000e+03
   7.9537526e-02   2.8050000e+03
   4.6746187e-02   2.8200000e+03
   1.0981066e-02   2.8350000e+03
  -2.3189712e-02   2.8500000e+03
  -5.0649107e-02   2.8650000e+03
  -6.5496661e-02   2.8800000e+03
  -6.1990179e-02   2.8950000e+03
  -3.5881318e-02   2.9100000e+03
   7.0912875e-03   2.9250000e+03
   5.0109968e-02   2.9400000e+03
   7.8638986e-02   2.9550000e+03
   8.7636948e-02   2.9700000e+03
   7.7876501e-02   2.9850000e+03
   5.6012966e-02   3.0000000e+03
   3.4689985e-02   3.0150000e+03
   2.5099216e-02   3.0300000e+03
   3.0563764e-02   3.0450000e+03
   4.3819077e-02   3.0600000e+03
   4.6847180e-02   3.0750000e+03
   2.2814898e-02   3.0900000e+03
  -2.5269831e-02   3.1050000e+03
  -7.3535502e-02   3.1200000e+03
  -9.6541420e-02   3.1350000e+03
  -8.4953070e-02   3.1500000e+03
  -4.8649564e-02   3.1650000e+03
  -7.0515145e-03   3.1800000e+03
   2.5309708e-02   3.1950000e+03
   4.5081414e-02   3.2100000e+03
   5.3799629e-02   3.2250000e+03
   5.0661258e-02   3.2400000e+03
   3.3833656e-02   3.2550000e+03
   5.9395721e-03   3.2700000e+03
  -2.4115225e-02   3.2850000e+03
  -4.5452677e-02   3.3000000e+03
  -5.2240886e-02   3.3150000e+03
  -4.6701256e-02   3.3300000e+03
  -3.5644889e-02   3.3450000e+03
  -2.5386648e-02   3.3600000e+03
  -1.9292507e-02   3.3750000e+03
  -1.6947769e-02   3.3900000e+03
  -1.3892917e-02   3.4050000e+03
  -3.9985925e-03   3.4200000e+03
   1.4649518e-02   3.4350000e+03
   3.4814108e-02   3.4500000e+03
   4.2843174e-02   3.4650000e+03
   2.9442659e-02   3.4800000e+03
  -1.0637026e-03   3.4950000e+03
  -3.2964632e-02   3.5100000e+03
  -5.0843183e-02   3.5250000e+03
  -4.8817296e-02   3.5400000e+03
  -3.0319408e-02   3.5550000e+03
  -3.1326534e-03   3.5700000e+03
   2.3142269e-02   3.5850000e+03
   3.7726656e-02   3.6000000e+03
   3.2273471e-02   3.6150000e+03
   6.6400343e-03   3.6300000e+03
  -3.0067328e-02   3.6450000e+03
  -6.5737113e-02   3.6600000e+03
  -9.1756657e-02   3.6750000e+03
  -1.0273589e-01   3.6900000e+03
  -9.3249016e-02   3.7050000e+03
  -6.0382385e-02   3.7200000e+03
  -1.0939191e-02   3.7350000e+03
   3.7818391e-02   3.7500000e+03
   6.8354368e-02   3.7650000e+03
   7.3842853e-02   3.7800000e+03
   5.8768041e-02   3.7950000e+03
   3.1546809e-02   3.8100000e+03
  -3.9460469e-04   3.8250000e+03
  -2.9898480e-02   3.8400000e+03
  -4.9331907e-02   3.8550000e+03
  -5.3101506e-02   3.8700000e+03
  -4.0276237e-02   3.8850000e+03
  -1.4820643e-02   3.9000000e+03
   1.5095249e-02   3.9150000e+03
   3.8506955e-02   3.9300000e+03
   4.6173286e-02   3.9450000e+03
   3.6649223e-02   3.9600000e+03
   1.7304307e-02   3.9750000e+03
  -1.9749007e-03   3.9900000e+03
  -1.5490637e-02   4.0050000e+03
  -2.2142405e-02   4.0200000e+03
  -2.2255460e-02   4.0350000e+03
  -1.7193096e-02   4.0500000e+03
  -1.1118810e-02   4.0650000e+03
  -9.5116403e-03   4.0800000e+03
  -1.4564614e-02   4.0950000e+03
  -2.3371233e-02   4.1100000e+03
  -3.0936230e-02   4.1250000e+03
  -3.3552919e-02   4.1400000e+03
  -2.9519910e-02   4.1550000e+03
  -1.9378444e-02   4.1700000e+03
  -6.9774208e-03   4.1850000e+03
   1.6120471e-03   4.2000000e+03
   2.5599964e-03   4.2150000e+03
  -2.4917414e-03   4.2300000e+03
  -8.6104097e-03   4.2450000e+03
  -1.2380643e-02   4.2600000e+03
  -1.3673478e-02   4.2750000e+03
  -1.3623109e-02   4.2900000e+03
  -1.2473139e-02   4.3050000e+03
  -9.2439447e-03   4.3200000e+03
  -2.2090839e-03   4.3350000e+03
   1.0197494e-02   4.3500000e+03
   2.7347106e-02   4.3650000e+03
   4.4574115e-02   4.3800000e+03
   5.4516483e-02   4.3950000e+03
   5.1862266e-02   4.4100000e+03
   3.7551861e-02   4.4250000e+03
   1.8583700e-02   4.4400000e+03
   3.7044755e-03   4.4550000e+03
  -1.5988617e-03   4.4700000e+03
   2.2500744e-03   4.4850000e+03
   9.6310964e-03   4.5000000e+03
