  -2.4977601e-03   0.0000000e+00
  -2.4963825e-03   1.5000000e+01
  -2.4926811e-03   3.0000000e+01
  -2.4880993e-03   4.5000000e+01
  -2.4843828e-03   6.0000000e+01
  -2.4827542e-03   7.5000000e+01
  -2.4831914e-03   9.0000000e+01
  -2.4846999e-03   1.0500000e+02
  -2.4864594e-03   1.2000000e+02
  -2.4888045e-03   1.3500000e+02
  -2.4925736e-03   1.5000000e+02
  -2.4978949e-03   1.6500000e+02
  -2.5045346e-03   1.8000000e+02
  -2.5118773e-03   1.9500000e+02
  -2.5178012e-03   2.1000000e+02
  -2.5192432e-03   2.2500000e+02
  -2.5132759e-03   2.4000000e+02
  -2.4965422e-03   2.5500000e+02
  -2.4651664e-03   2.7000000e+02
  -2.4156740e-03   2.8500000e+02
  -2.3441538e-03   3.0000000e+02
  -2.2431689e-03   3.1500000e+02
  -2.0993317e-03   3.3000000e+02
  -1.8943513e-03   3.4500000e+02
  -1.6092346e-03   3.6000000e+02
  -1.2286084e-03   3.7500000e+02
  -7.4216357e-04   3.9000000e+02
  -1.4076850e-04   4.0500000e+02
   5.9253431e-04   4.2000000e+02
   1.4882762e-03   4.3500000e+02
   2.5838842e-03   4.5000000e+02
   3.9129029e-03   4.6500000e+02
   5.5070156e-03   4.8000000e+02
   7.4054236e-03   4.9500000e+02
   9.6498448e-03   5.1000000e+02
   1.2268506e-02   5.2500000e+02
   1.5282970e-02   5.4000000e+02
   1.8747676e-02   5.5500000e+02
   2.2773663e-02   5.7000000e+02
   2.7498787e-02   5.8500000e+02
   3.3055745e-02   6.0000000e+02
   3.9591428e-02   6.1500000e+02
   4.7269139e-02   6.3000000e+02
   5.6190263e-02   6.4500000e+02
   6.6349141e-02   6.6000000e+02
   7.7725500e-02   6.7500000e+02
   9.0402953e-02   6.9000000e+02
   1.0460871e-01   7.0500000e+02
   1.2071543e-01   7.2000000e+02
   1.3916212e-01   7.3500000e+02
   1.6024718e-01   7.5000000e+02
   1.8400535e-01   7.6500000e+02
   2.1031946e-01   7.8000000e+02
   2.3904085e-01   7.9500000e+02
   2.6986036e-01   8.1000000e+02
   3.0198058e-01   8.2500000e+02
   3.3394358e-01   8.4000000e+02
   3.6399180e-01   8.5500000e+02
   3.9073268e-01   8.7000000e+02
   4.1330904e-01   8.8500000e+02
   4.3089896e-01   9.0000000e+02
   4.4232291e-01   9.1500000e+02
   4.4623742e-01   9.3000000e+02
   4.4150349e-01   9.4500000e+02
   4.2739525e-01   9.6000000e+02
   4.0393052e-01   9.7500000e+02
   3.7230036e-01   9.9000000e+02
   3.3464515e-01   1.0050000e+03
   2.9307961e-01   1.0200000e+03
   2.4912742e-01   1.0350000e+03
   2.0412129e-01   1.0500000e+03
   1.5959807e-01   1.0650000e+03
   1.1704523e-01   1.0800000e+03
   7.7644467e-02   1.0950000e+03
   4.2451419e-02   1.1100000e+03
   1.2491211e-02   1.1250000e+03
  -1.1547209e-02   1.1400000e+03
  -2.9537408e-02   1.1550000e+03
  -4.1752234e-02   1.1700000e+03
  -4.8697095e-02   1.1850000e+03
  -5.1166881e-02   1.2000000e+03
  -5.0210793e-02   1.2150000e+03
  -4.6911772e-02   1.2300000e+03
  -4.2231333e-02   1.2450000e+03
  -3.6937315e-02   1.2600000e+03
  -3.1545009e-02   1.2750000e+03
  -2.6348235e-02   1.2900000e+03
  -2.1484241e-02   1.3050000e+03
  -1.6963214e-02   1.3200000e+03
  -1.2752082e-02   1.3350000e+03
  -8.8566337e-03   1.3500000e+03
  -5.2992557e-03   1.3650000e+03
  -2.1007080e-03   1.3800000e+03
   7.0554513e-04   1.3950000e+03
   3.1126561e-03   1.4100000e+03
   5.1641553e-03   1.4250000e+03
   6.9205360e-03   1.4400000e+03
   8.4490385e-03   1.4550000e+03
   9.8130470e-03   1.4700000e+03
   1.1028932e-02   1.4850000e+03
   1.2057426e-02   1.5000000e+03
   1.2820884e-02   1.5150000e+03
   1.3196281e-02   1.5300000e+03
   1.3017091e-02   1.5450000e+03
   1.2101761e-02   1.5600000e+03
   1.0278724e-02   1.5750000e+03
   7.4068485e-03   1.5900000e+03
   3.3972543e-03   1.6050000e+03
  -1.7746753e-03   1.6200000e+03
  -8.0690309e-03   1.6350000e+03
  -1.5392034e-02   1.6500000e+03
  -2.3616865e-02   1.6650000e+03
  -3.2598324e-02   1.6800000e+03
  -4.2165849e-02   1.6950000e+03
  -5.2103538e-02   1.7100000e+03
  -6.2138245e-02   1.7250000e+03
  -7.1947999e-02   1.7400000e+03
  -8.1192210e-02   1.7550000e+03
  -8.9557707e-02   1.7700000e+03
  -9.6805491e-02   1.7850000e+03
  -1.0279939e-01   1.8000000e+03
  -1.0750517e-01   1.8150000e+03
  -1.1096094e-01   1.8300000e+03
  -1.1323467e-01   1.8450000e+03
  -1.1439210e-01   1.8600000e+03
  -1.1448824e-01   1.8750000e+03
  -1.1357805e-01   1.8900000e+03
  -1.1173271e-01   1.9050000e+03
  -1.0905150e-01   1.9200000e+03
  -1.0566899e-01   1.9350000e+03
  -1.0176223e-01   1.9500000e+03
  -9.7554334e-02   1.9650000e+03
  -9.3300961e-02   1.9800000e+03
  -8.9251414e-02   1.9950000e+03
  -8.5600153e-02   2.0100000e+03
  -8.2462296e-02   2.0250000e+03
  -7.9894170e-02   2.0400000e+03
  -7.7943526e-02   2.0550000e+03
  -7.6686822e-02   2.0700000e+03
  -7.6222815e-02   2.0850000e+03
  -7.6630011e-02   2.1000000e+03
  -7.7923089e-02   2.1150000e+03
  -8.0034330e-02   2.1300000e+03
  -8.2819112e-02   2.1450000e+03
  -8.6072840e-02   2.1600000e+03
  -8.9555934e-02   2.1750000e+03
  -9.3025431e-02   2.1900000e+03
  -9.6255720e-02   2.2050000e+03
  -9.9025585e-02   2.2200000e+03
  -1.0108154e-01   2.2350000e+03
  -1.0212800e-01   2.2500000e+03
  -1.0188270e-01   2.2650000e+03
  -1.0016657e-01   2.2800000e+03
  -9.6949011e-02   2.2950000e+03
  -9.2308901e-02   2.3100000e+03
  -8.6361170e-02   2.3250000e+03
  -7.9231940e-02   2.3400000e+03
  -7.1101099e-02   2.3550000e+03
  -6.2248755e-02   2.3700000e+03
  -5.3040821e-02   2.3850000e+03
  -4.3863617e-02   2.4000000e+03
  -3.5069745e-02   2.4150000e+03
  -2.6969321e-02   2.4300000e+03
  -1.9841310e-02   2.4450000e+03
  -1.3927926e-02   2.4600000e+03
  -9.4137657e-03   2.4750000e+03
  -6.4159012e-03   2.4900000e+03
  -4.9895663e-03   2.5050000e+03
  -5.1280945e-03   2.5200000e+03
  -6.7501464e-03   2.5350000e+03
  -9.6993912e-03   2.5500000e+03
  -1.3776619e-02   2.5650000e+03
  -1.8781682e-02   2.5800000e+03
  -2.4523988e-02   2.5950000e+03
  -3.0798830e-02   2.6100000e+03
  -3.7372798e-02   2.6250000e+03
  -4.4009089e-02   2.6400000e+03
  -5.0508033e-02   2.6550000e+03
  -5.6716405e-02   2.6700000e+03
  -6.2500700e-02   2.6850000e+03
  -6.7724250e-02   2.7000000e+03
  -7.2256401e-02   2.7150000e+03
  -7.5996794e-02   2.7300000e+03
  -7.8883767e-02   2.7450000e+03
  -8.0885381e-02   2.7600000e+03
  -8.1995189e-02   2.7750000e+03
  -8.2243189e-02   2.7900000e+03
  -8.1708513e-02   2.8050000e+03
  -8.0516979e-02   2.8200000e+03
  -7.8823283e-02   2.8350000e+03
  -7.6790929e-02   2.8500000e+03
  -7.4581757e-02   2.8650000e+03
  -7.2353654e-02   2.8800000e+03
  -7.0254073e-02   2.8950000e+03
  -6.8401866e-02   2.9100000e+03
  -6.6865660e-02   2.9250000e+03
  -6.5653570e-02   2.9400000e+03
  -6.4716779e-02   2.9550000e+03
  -6.3956849e-02   2.9700000e+03
  -6.3231632e-02   2.9850000e+03
  -6.2366303e-02   3.0000000e+03
  -6.1173744e-02   3.0150000e+03
  -5.9477404e-02   3.0300000e+03
  -5.7128951e-02   3.0450000e+03
  -5.4021794e-02   3.0600000e+03
  -5.0104387e-02   3.0750000e+03
  -4.5390218e-02   3.0900000e+03
  -3.9956845e-02   3.1050000e+03
  -3.3930730e-02   3.1200000e+03
  -2.7464071e-02   3.1350000e+03
  -2.0716222e-02   3.1500000e+03
  -1.3848700e-02   3.1650000e+03
  -7.0295222e-03   3.1800000e+03
  -4.3153876e-04   3.1950000e+03
   5.7842946e-03   3.2100000e+03
   1.1492035e-02   3.2250000e+03
   1.6614394e-02   3.2400000e+03
   2.1121666e-02   3.2550000e+03
   2.5022898e-02   3.2700000e+03
   2.8356154e-02   3.2850000e+03
   3.1178936e-02   3.3000000e+03
   3.3559389e-02   3.3150000e+03
   3.5570536e-02   3.3300000e+03
   3.7286770e-02   3.3450000e+03
   3.8777389e-02   3.3600000e+03
   4.0095210e-02   3.3750000e+03
   4.1266527e-02   3.3900000e+03
   4.2290185e-02   3.4050000e+03
   4.3145418e-02   3.4200000e+03
   4.3801043e-02   3.4350000e+03
   4.4221703e-02   3.4500000e+03
   4.4373251e-02   3.4650000e+03
   4.4228341e-02   3.4800000e+03
   4.3768894e-02   3.4950000e+03
   4.2984646e-02   3.5100000e+03
   4.1874062e-02   3.5250000e+03
   4.0452972e-02   3.5400000e+03
   3.8765583e-02   3.5550000e+03
   3.6886364e-02   3.5700000e+03
   3.4908708e-02   3.5850000e+03
   3.2927554e-02   3.6000000e+03
   3.1025987e-02   3.6150000e+03
   2.9269932e-02   3.6300000e+03
   2.7710140e-02   3.6450000e+03
   2.6388312e-02   3.6600000e+03
   2.5342867e-02   3.6750000e+03
   2.4610003e-02   3.6900000e+03
   2.4220193e-02   3.7050000e+03
   2.4195001e-02   3.7200000e+03
   2.4547292e-02   3.7350000e+03
   2.5281223e-02   3.7500000e+03
   2.6386915e-02   3.7650000e+03
   2.7831724e-02   3.7800000e+03
   2.9556267e-02   3.7950000e+03
   3.1480290e-02   3.8100000e+03
   3.3515055e-02   3.8250000e+03
   3.5575151e-02   3.8400000e+03
   3.7585631e-02   3.8550000e+03
   3.9484292e-02   3.8700000e+03
   4.1219678e-02   3.8850000e+03
   4.2745467e-02   3.9000000e+03
   4.4013754e-02   3.9150000e+03
   4.4971656e-02   3.9300000e+03
   4.5564521e-02   3.9450000e+03
   4.5744427e-02   3.9600000e+03
   4.5479048e-02   3.9750000e+03
   4.4756033e-02   3.9900000e+03
   4.3582100e-02   4.0050000e+03
   4.1979253e-02   4.0200000e+03
   3.9980397e-02   4.0350000e+03
   3.7624400e-02   4.0500000e+03
   3.4950130e-02   4.0650000e+03
   3.1991467e-02   4.0800000e+03
   2.8776461e-02   4.0950000e+03
   2.5331602e-02   4.1100000e+03
   2.1687986e-02   4.1250000e+03
   1.7885501e-02   4.1400000e+03
   1.3973403e-02   4.1550000e+03
   1.0008395e-02   4.1700000e+03
   6.0515259e-03   4.1850000e+03
   2.1643543e-03   4.2000000e+03
  -1.5953254e-03   4.2150000e+03
  -5.1775598e-03   4.2300000e+03
  -8.5430807e-03   4.2450000e+03
  -1.1663903e-02   4.2600000e+03
  -1.4521623e-02   4.2750000e+03
  -1.7104903e-02   4.2900000e+03
  -1.9408453e-02   4.3050000e+03
  -2.1434132e-02   4.3200000e+03
  -2.3192497e-02   4.3350000e+03
  -2.4702961e-02   4.3500000e+03
  -2.5992481e-02   4.3650000e+03
  -2.7093422e-02   4.3800000e+03
  -2.8040260e-02   4.3950000e+03
  -2.8864974e-02   4.4100000e+03
  -2.9592976e-02   4.4250000e+03
  -3.0242229e-02   4.4400000e+03
  -3.0825527e-02   4.4550000e+03
  -3.1353246e-02   4.4700000e+03
  -3.1834487e-02   4.4850000e+03
  -3.2277655e-02   4.5000000e+03
