  -1.3339723e-03   0.0000000e+00
  -1.3340623e-03   1.5000000e+01
  -1.3342389e-03   3.0000000e+01
  -1.3343988e-03   4.5000000e+01
  -1.3345861e-03   6.0000000e+01
  -1.3348311e-03   7.5000000e+01
  -1.3351594e-03   9.0000000e+01
  -1.3357369e-03   1.0500000e+02
  -1.3366669e-03   1.2000000e+02
  -1.3377644e-03   1.3500000e+02
  -1.3388228e-03   1.5000000e+02
  -1.3398818e-03   1.6500000e+02
  -1.3410366e-03   1.8000000e+02
  -1.3422421e-03   1.9500000e+02
  -1.3434466e-03   2.1000000e+02
  -1.3446528e-03   2.2500000e+02
  -1.3458659e-03   2.4000000e+02
  -1.3471098e-03   2.5500000e+02
  -1.3483765e-03   2.7000000e+02
  -1.3496382e-03   2.8500000e+02
  -1.3509803e-03   3.0000000e+02
  -1.3525549e-03   3.1500000e+02
  -1.3544083e-03   3.3000000e+02
  -1.3564428e-03   3.4500000e+02
  -1.3585651e-03   3.6000000e+02
  -1.3607955e-03   3.7500000e+02
  -1.3631686e-03   3.9000000e+02
  -1.3656416e-03   4.0500000e+02
  -1.3681211e-03   4.2000000e+02
  -1.3703598e-03   4.3500000e+02
  -1.3718308e-03   4.5000000e+02
  -1.3716095e-03   4.6500000e+02
  -1.3678967e-03   4.8000000e+02
  -1.3571332e-03   4.9500000e+02
  -1.3336918e-03   5.1000000e+02
  -1.2917533e-03   5.2500000e+02
  -1.2300441e-03   5.4000000e+02
  -1.1574443e-03   5.5500000e+02
  -1.0948345e-03   5.7000000e+02
  -1.0678665e-03   5.8500000e+02
  -1.0902991e-03   6.0000000e+02
  -1.1484997e-03   6.1500000e+02
  -1.2039355e-03   6.3000000e+02
  -1.2189428e-03   6.4500000e+02
  -1.1866374e-03   6.6000000e+02
  -1.1339234e-03   6.7500000e+02
  -1.0888277e-03   6.9000000e+02
  -1.0450424e-03   7.0500000e+02
  -9.6770702e-04   7.2000000e+02
  -8.3938922e-04   7.3500000e+02
  -6.9252367e-04   7.5000000e+02
  -5.8626663e-04   7.6500000e+02
  -5.5436237e-04   7.8000000e+02
  -5.8582454e-04   7.9500000e+02
  -6.5227569e-04   8.1000000e+02
  -7.3400681e-04   8.2500000e+02
  -8.1228319e-04   8.4000000e+02
  -8.5895637e-04   8.5500000e+02
  -8.5896027e-04   8.7000000e+02
  -8.3717075e-04   8.8500000e+02
  -8.3946018e-04   9.0000000e+02
  -8.8411308e-04   9.1500000e+02
  -9.4822346e-04   9.3000000e+02
  -1.0016854e-03   9.4500000e+02
  -1.0344943e-03   9.6000000e+02
  -1.0488124e-03   9.7500000e+02
  -1.0488500e-03   9.9000000e+02
  -1.0484880e-03   1.0050000e+03
  -1.0676322e-03   1.0200000e+03
  -1.1074275e-03   1.0350000e+03
  -1.1443981e-03   1.0500000e+03
  -1.1606705e-03   1.0650000e+03
  -1.1667795e-03   1.0800000e+03
  -1.1842011e-03   1.0950000e+03
  -1.2169410e-03   1.1100000e+03
  -1.2509485e-03   1.1250000e+03
  -1.2736905e-03   1.1400000e+03
  -1.2846956e-03   1.1550000e+03
  -1.2903843e-03   1.1700000e+03
  -1.2956671e-03   1.1850000e+03
  -1.3011235e-03   1.2000000e+03
  -1.3063300e-03   1.2150000e+03
  -1.3156834e-03   1.2300000e+03
  -1.3396209e-03   1.2450000e+03
  -1.3868568e-03   1.2600000e+03
  -1.4543339e-03   1.2750000e+03
  -1.5266266e-03   1.2900000e+03
  -1.5853653e-03   1.3050000e+03
  -1.6183753e-03   1.3200000e+03
  -1.6246126e-03   1.3350000e+03
  -1.6182837e-03   1.3500000e+03
  -1.6257789e-03   1.3650000e+03
  -1.6654691e-03   1.3800000e+03
  -1.7255291e-03   1.3950000e+03
  -1.7717845e-03   1.4100000e+03
  -1.7847612e-03   1.4250000e+03
  -1.7823701e-03   1.4400000e+03
  -1.7995205e-03   1.4550000e+03
  -1.8499801e-03   1.4700000e+03
  -1.9140154e-03   1.4850000e+03
  -1.9611043e-03   1.5000000e+03
  -1.9805306e-03   1.5150000e+03
  -1.9897993e-03   1.5300000e+03
  -2.0142652e-03   1.5450000e+03
  -2.0596387e-03   1.5600000e+03
  -2.1077648e-03   1.5750000e+03
  -2.1408314e-03   1.5900000e+03
  -2.1637324e-03   1.6050000e+03
  -2.1952656e-03   1.6200000e+03
  -2.2408108e-03   1.6350000e+03
  -2.2854779e-03   1.6500000e+03
  -2.3169580e-03   1.6650000e+03
  -2.3432723e-03   1.6800000e+03
  -2.3792463e-03   1.6950000e+03
  -2.4240839e-03   1.7100000e+03
  -2.4647906e-03   1.7250000e+03
  -2.4975603e-03   1.7400000e+03
  -2.5318526e-03   1.7550000e+03
  -2.5728832e-03   1.7700000e+03
  -2.6130155e-03   1.7850000e+03
  -2.6443705e-03   1.8000000e+03
  -2.6697237e-03   1.8150000e+03
  -2.6956301e-03   1.8300000e+03
  -2.7225828e-03   1.8450000e+03
  -2.7479054e-03   1.8600000e+03
  -2.7728186e-03   1.8750000e+03
  -2.8003566e-03   1.8900000e+03
  -2.8291433e-03   1.9050000e+03
  -2.8543735e-03   1.9200000e+03
  -2.8735790e-03   1.9350000e+03
  -2.8877526e-03   1.9500000e+03
  -2.8979117e-03   1.9650000e+03
  -2.9036668e-03   1.9800000e+03
  -2.9043532e-03   1.9950000e+03
  -2.8985811e-03   2.0100000e+03
  -2.8831013e-03   2.0250000e+03
  -2.8546320e-03   2.0400000e+03
  -2.8125513e-03   2.0550000e+03
  -2.7577919e-03   2.0700000e+03
  -2.6894948e-03   2.0850000e+03
  -2.6042776e-03   2.1000000e+03
  -2.4976830e-03   2.1150000e+03
  -2.3642702e-03   2.1300000e+03
  -2.1968158e-03   2.1450000e+03
  -1.9870433e-03   2.1600000e+03
  -1.7266513e-03   2.1750000e+03
  -1.4063532e-03   2.1900000e+03
  -1.0144577e-03   2.2050000e+03
  -5.3756009e-04   2.2200000e+03
   3.8658844e-05   2.2350000e+03
   7.3243212e-04   2.2500000e+03
   1.5715807e-03   2.2650000e+03
   2.5963534e-03   2.2800000e+03
   3.8576268e-03   2.2950000e+03
   5.4150843e-03   2.3100000e+03
   7.3398920e-03   2.3250000e+03
   9.7210817e-03   2.3400000e+03
   1.2671821e-02   2.3550000e+03
   1.6333535e-02   2.3700000e+03
   2.0879429e-02   2.3850000e+03
   2.6520420e-02   2.4000000e+03
   3.3514101e-02   2.4150000e+03
   4.2172201e-02   2.4300000e+03
   5.2859437e-02   2.4450000e+03
   6.5979183e-02   2.4600000e+03
   8.1945017e-02   2.4750000e+03
   1.0113634e-01   2.4900000e+03
   1.2383337e-01   2.5050000e+03
   1.5012869e-01   2.5200000e+03
   1.7982081e-01   2.5350000e+03
   2.1230446e-01   2.5500000e+03
   2.4647461e-01   2.5650000e+03
   2.8066266e-01   2.5800000e+03
   3.1262627e-01   2.5950000e+03
   3.3962277e-01   2.6100000e+03
   3.5859784e-01   2.6250000e+03
   3.6651212e-01   2.6400000e+03
   3.6080423e-01   2.6550000e+03
   3.3994812e-01   2.6700000e+03
   3.0400133e-01   2.6850000e+03
   2.5497729e-01   2.7000000e+03
   1.9684322e-01   2.7150000e+03
   1.3499947e-01   2.7300000e+03
   7.5258084e-02   2.7450000e+03
   2.2566710e-02   2.7600000e+03
  -2.0091671e-02   2.7750000e+03
  -5.2179065e-02   2.7900000e+03
  -7.5234689e-02   2.8050000e+03
  -9.1802359e-02   2.8200000e+03
  -1.0413733e-01   2.8350000e+03
  -1.1329286e-01   2.8500000e+03
  -1.1899347e-01   2.8650000e+03
  -1.2028950e-01   2.8800000e+03
  -1.1657412e-01   2.8950000e+03
  -1.0836039e-01   2.9100000e+03
  -9.7370274e-02   2.9250000e+03
  -8.5898474e-02   2.9400000e+03
  -7.5847849e-02   2.9550000e+03
  -6.8023942e-02   2.9700000e+03
  -6.2095083e-02   2.9850000e+03
  -5.7178594e-02   3.0000000e+03
  -5.2607581e-02   3.0150000e+03
  -4.8355218e-02   3.0300000e+03
  -4.4892680e-02   3.0450000e+03
  -4.2688303e-02   3.0600000e+03
  -4.1785348e-02   3.0750000e+03
  -4.1775048e-02   3.0900000e+03
  -4.2144224e-02   3.1050000e+03
  -4.2695027e-02   3.1200000e+03
  -4.3695681e-02   3.1350000e+03
  -4.5625333e-02   3.1500000e+03
  -4.8676159e-02   3.1650000e+03
  -5.2373432e-02   3.1800000e+03
  -5.5622950e-02   3.1950000e+03
  -5.7202086e-02   3.2100000e+03
  -5.6376342e-02   3.2250000e+03
  -5.3220715e-02   3.2400000e+03
  -4.8457909e-02   3.2550000e+03
  -4.2998858e-02   3.2700000e+03
  -3.7554521e-02   3.2850000e+03
  -3.2537121e-02   3.3000000e+03
  -2.8168820e-02   3.3150000e+03
  -2.4572762e-02   3.3300000e+03
  -2.1737942e-02   3.3450000e+03
  -1.9448403e-02   3.3600000e+03
  -1.7321005e-02   3.3750000e+03
  -1.4975325e-02   3.3900000e+03
  -1.2219849e-02   3.4050000e+03
  -9.1223409e-03   3.4200000e+03
  -5.9323967e-03   3.4350000e+03
  -2.9362070e-03   3.4500000e+03
  -3.5965760e-04   3.4650000e+03
   1.6203908e-03   3.4800000e+03
   2.7967719e-03   3.4950000e+03
   2.8881528e-03   3.5100000e+03
   1.6050173e-03   3.5250000e+03
  -1.1989666e-03   3.5400000e+03
  -5.3944951e-03   3.5550000e+03
  -1.0559612e-02   3.5700000e+03
  -1.6092956e-02   3.5850000e+03
  -2.1387154e-02   3.6000000e+03
  -2.5963565e-02   3.6150000e+03
  -2.9510241e-02   3.6300000e+03
  -3.1842303e-02   3.6450000e+03
  -3.2858413e-02   3.6600000e+03
  -3.2551020e-02   3.6750000e+03
  -3.1055162e-02   3.6900000e+03
  -2.8663889e-02   3.7050000e+03
  -2.5757937e-02   3.7200000e+03
  -2.2673603e-02   3.7350000e+03
  -1.9589912e-02   3.7500000e+03
  -1.6503427e-02   3.7650000e+03
  -1.3295980e-02   3.7800000e+03
  -9.8450370e-03   3.7950000e+03
  -6.1158710e-03   3.8100000e+03
  -2.2015674e-03   3.8250000e+03
   1.6903027e-03   3.8400000e+03
   5.2881818e-03   3.8550000e+03
   8.3240112e-03   3.8700000e+03
   1.0597577e-02   3.8850000e+03
   1.2020782e-02   3.9000000e+03
   1.2634549e-02   3.9150000e+03
   1.2600971e-02   3.9300000e+03
   1.2173783e-02   3.9450000e+03
   1.1646712e-02   3.9600000e+03
   1.1288089e-02   3.9750000e+03
   1.1290580e-02   3.9900000e+03
   1.1769105e-02   4.0050000e+03
   1.2808107e-02   4.0200000e+03
   1.4515605e-02   4.0350000e+03
   1.7033773e-02   4.0500000e+03
   2.0494226e-02   4.0650000e+03
   2.4945939e-02   4.0800000e+03
   3.0283503e-02   4.0950000e+03
   3.6183052e-02   4.1100000e+03
   4.2061426e-02   4.1250000e+03
   4.7110684e-02   4.1400000e+03
   5.0463047e-02   4.1550000e+03
   5.1471047e-02   4.1700000e+03
   4.9990196e-02   4.1850000e+03
   4.6515964e-02   4.2000000e+03
   4.2086702e-02   4.2150000e+03
   3.7972189e-02   4.2300000e+03
   3.5255291e-02   4.2450000e+03
   3.4452200e-02   4.2600000e+03
   3.5307705e-02   4.2750000e+03
   3.6850821e-02   4.2900000e+03
   3.7709411e-02   4.3050000e+03
   3.6585223e-02   4.3200000e+03
   3.2723229e-02   4.3350000e+03
   2.6200742e-02   4.3500000e+03
   1.7916273e-02   4.3650000e+03
   9.2633199e-03   4.3800000e+03
   1.6038163e-03   4.3950000e+03
  -4.2396495e-03   4.4100000e+03
  -8.2393121e-03   4.4250000e+03
  -1.1041505e-02   4.4400000e+03
  -1.3537616e-02   4.4550000e+03
  -1.6361281e-02   4.4700000e+03
  -1.9585475e-02   4.4850000e+03
  -2.2775771e-02   4.5000000e+03
