  -1.2425546e-03   0.0000000e+00
  -1.2426481e-03   1.5000000e+01
  -1.2428111e-03   3.0000000e+01
  -1.2429120e-03   4.5000000e+01
  -1.2430084e-03   6.0000000e+01
  -1.2431410e-03   7.5000000e+01
  -1.2433430e-03   9.0000000e+01
  -1.2438206e-03   1.0500000e+02
  -1.2446947e-03   1.2000000e+02
  -1.2457148e-03   1.3500000e+02
  -1.2466146e-03   1.5000000e+02
  -1.2474664e-03   1.6500000e+02
  -1.2483924e-03   1.8000000e+02
  -1.2493628e-03   1.9500000e+02
  -1.2503145e-03   2.1000000e+02
  -1.2512319e-03   2.2500000e+02
  -1.2521216e-03   2.4000000e+02
  -1.2530021e-03   2.5500000e+02
  -1.2538614e-03   2.7000000e+02
  -1.2546917e-03   2.8500000e+02
  -1.2556111e-03   3.0000000e+02
  -1.2568018e-03   3.1500000e+02
  -1.2582956e-03   3.3000000e+02
  -1.2599519e-03   3.4500000e+02
  -1.2616719e-03   3.6000000e+02
  -1.2635061e-03   3.7500000e+02
  -1.2654957e-03   3.9000000e+02
  -1.2675688e-03   4.0500000e+02
  -1.2696028e-03   4.2000000e+02
  -1.2713713e-03   4.3500000e+02
  -1.2724354e-03   4.5000000e+02
  -1.2722241e-03   4.6500000e+02
  -1.2698730e-03   4.8000000e+02
  -1.2635656e-03   4.9500000e+02
  -1.2501164e-03   5.1000000e+02
  -1.2261622e-03   5.2500000e+02
  -1.1912851e-03   5.4000000e+02
  -1.1513113e-03   5.5500000e+02
  -1.1189627e-03   5.7000000e+02
  -1.1091948e-03   5.8500000e+02
  -1.1292355e-03   6.0000000e+02
  -1.1697458e-03   6.1500000e+02
  -1.2069708e-03   6.3000000e+02
  -1.2183741e-03   6.4500000e+02
  -1.1999736e-03   6.6000000e+02
  -1.1672670e-03   6.7500000e+02
  -1.1349802e-03   6.9000000e+02
  -1.0959166e-03   7.0500000e+02
  -1.0263196e-03   7.2000000e+02
  -9.1692875e-04   7.3500000e+02
  -7.9474173e-04   7.5000000e+02
  -7.0700399e-04   7.6500000e+02
  -6.8329292e-04   7.8000000e+02
  -7.1749726e-04   7.9500000e+02
  -7.8383688e-04   8.1000000e+02
  -8.5882639e-04   8.2500000e+02
  -9.2379411e-04   8.4000000e+02
  -9.6052466e-04   8.5500000e+02
  -9.6193200e-04   8.7000000e+02
  -9.4632560e-04   8.8500000e+02
  -9.4694342e-04   9.0000000e+02
  -9.8128489e-04   9.1500000e+02
  -1.0364573e-03   9.3000000e+02
  -1.0860065e-03   9.4500000e+02
  -1.1134897e-03   9.6000000e+02
  -1.1184363e-03   9.7500000e+02
  -1.1106547e-03   9.9000000e+02
  -1.1058641e-03   1.0050000e+03
  -1.1184027e-03   1.0200000e+03
  -1.1480488e-03   1.0350000e+03
  -1.1775803e-03   1.0500000e+03
  -1.1916633e-03   1.0650000e+03
  -1.1955971e-03   1.0800000e+03
  -1.2074379e-03   1.0950000e+03
  -1.2337343e-03   1.1100000e+03
  -1.2622064e-03   1.1250000e+03
  -1.2785519e-03   1.1400000e+03
  -1.2819219e-03   1.1550000e+03
  -1.2815833e-03   1.1700000e+03
  -1.2849094e-03   1.1850000e+03
  -1.2925097e-03   1.2000000e+03
  -1.3029029e-03   1.2150000e+03
  -1.3196196e-03   1.2300000e+03
  -1.3521587e-03   1.2450000e+03
  -1.4077189e-03   1.2600000e+03
  -1.4821325e-03   1.2750000e+03
  -1.5611289e-03   1.2900000e+03
  -1.6291932e-03   1.3050000e+03
  -1.6754783e-03   1.3200000e+03
  -1.6971969e-03   1.3350000e+03
  -1.7055870e-03   1.3500000e+03
  -1.7248978e-03   1.3650000e+03
  -1.7731474e-03   1.3800000e+03
  -1.8411471e-03   1.3950000e+03
  -1.8999039e-03   1.4100000e+03
  -1.9335692e-03   1.4250000e+03
  -1.9586000e-03   1.4400000e+03
  -2.0053557e-03   1.4550000e+03
  -2.0849407e-03   1.4700000e+03
  -2.1788399e-03   1.4850000e+03
  -2.2594947e-03   1.5000000e+03
  -2.3178251e-03   1.5150000e+03
  -2.3705505e-03   1.5300000e+03
  -2.4417690e-03   1.5450000e+03
  -2.5382580e-03   1.5600000e+03
  -2.6447766e-03   1.5750000e+03
  -2.7445368e-03   1.5900000e+03
  -2.8399990e-03   1.6050000e+03
  -2.9476718e-03   1.6200000e+03
  -3.0748304e-03   1.6350000e+03
  -3.2114575e-03   1.6500000e+03
  -3.3482974e-03   1.6650000e+03
  -3.4926867e-03   1.6800000e+03
  -3.6580453e-03   1.6950000e+03
  -3.8446421e-03   1.7100000e+03
  -4.0422436e-03   1.7250000e+03
  -4.2492310e-03   1.7400000e+03
  -4.4774408e-03   1.7550000e+03
  -4.7371355e-03   1.7700000e+03
  -5.0278134e-03   1.7850000e+03
  -5.3474987e-03   1.8000000e+03
  -5.7027210e-03   1.8150000e+03
  -6.1042211e-03   1.8300000e+03
  -6.5584732e-03   1.8450000e+03
  -7.0686722e-03   1.8600000e+03
  -7.6410202e-03   1.8750000e+03
  -8.2860058e-03   1.8900000e+03
  -9.0144025e-03   1.9050000e+03
  -9.8299580e-03   1.9200000e+03
  -1.0709761e-02   1.9350000e+03
  -1.1556583e-02   1.9500000e+03
  -1.2108968e-02   1.9650000e+03
  -1.1790575e-02   1.9800000e+03
  -9.4728973e-03   1.9950000e+03
  -3.1477595e-03   2.0100000e+03
   1.0410880e-02   2.0250000e+03
   3.5769004e-02   2.0400000e+03
   7.8329697e-02   2.0550000e+03
   1.4267130e-01   2.0700000e+03
   2.2932859e-01   2.0850000e+03
   3.3029357e-01   2.1000000e+03
   4.2484400e-01   2.1150000e+03
   4.7888845e-01   2.1300000e+03
   4.5168096e-01   2.1450000e+03
   3.1186658e-01   2.1600000e+03
   5.9439518e-02   2.1750000e+03
  -2.5713179e-01   2.1900000e+03
  -5.4362202e-01   2.2050000e+03
  -6.9233596e-01   2.2200000e+03
  -6.3648254e-01   2.2350000e+03
  -3.9774686e-01   2.2500000e+03
  -8.9968935e-02   2.2650000e+03
   1.3785918e-01   2.2800000e+03
   1.9200861e-01   2.2950000e+03
   9.4547704e-02   2.3100000e+03
  -3.8613327e-02   2.3250000e+03
  -9.1648489e-02   2.3400000e+03
  -3.7301645e-02   2.3550000e+03
   5.8979686e-02   2.3700000e+03
   1.1843394e-01   2.3850000e+03
   1.2431349e-01   2.4000000e+03
   1.1166243e-01   2.4150000e+03
   9.4697200e-02   2.4300000e+03
   3.7512492e-02   2.4450000e+03
  -8.0842346e-02   2.4600000e+03
  -1.9459037e-01   2.4750000e+03
  -1.9542159e-01   2.4900000e+03
  -6.7583390e-02   2.5050000e+03
   6.2597431e-02   2.5200000e+03
   6.1332844e-02   2.5350000e+03
  -4.3341789e-02   2.5500000e+03
  -8.9085534e-02   2.5650000e+03
   8.8378536e-03   2.5800000e+03
   1.3882622e-01   2.5950000e+03
   1.3896513e-01   2.6100000e+03
   1.2970583e-02   2.6250000e+03
  -8.5334793e-02   2.6400000e+03
  -6.9532797e-02   2.6550000e+03
  -1.9336857e-02   2.6700000e+03
  -2.9601233e-02   2.6850000e+03
  -6.0715932e-02   2.7000000e+03
  -2.1515522e-02   2.7150000e+03
   6.5905578e-02   2.7300000e+03
   9.4104089e-02   2.7450000e+03
   3.9054498e-02   2.7600000e+03
  -1.0307475e-02   2.7750000e+03
   2.7701390e-06   2.7900000e+03
   1.5827509e-02   2.8050000e+03
  -1.5869191e-02   2.8200000e+03
  -5.5897195e-02   2.8350000e+03
  -4.6072822e-02   2.8500000e+03
  -3.2322616e-03   2.8650000e+03
   2.2017494e-02   2.8800000e+03
   2.7771221e-02   2.8950000e+03
   4.0105946e-02   2.9100000e+03
   5.0956931e-02   2.9250000e+03
   3.8262874e-02   2.9400000e+03
   1.8324753e-02   2.9550000e+03
   1.9820318e-02   2.9700000e+03
   2.7133733e-02   2.9850000e+03
   4.5186258e-03   3.0000000e+03
  -3.7568007e-02   3.0150000e+03
  -5.2587654e-02   3.0300000e+03
  -2.8951412e-02   3.0450000e+03
  -3.8460775e-03   3.0600000e+03
  -3.1106570e-03   3.0750000e+03
  -8.0956146e-03   3.0900000e+03
   5.3817960e-03   3.1050000e+03
   2.6239578e-02   3.1200000e+03
   2.6395863e-02   3.1350000e+03
   3.3565676e-03   3.1500000e+03
  -1.6108219e-02   3.1650000e+03
  -1.1436881e-02   3.1800000e+03
   8.1408080e-03   3.1950000e+03
   1.9336130e-02   3.2100000e+03
   1.3652028e-02   3.2250000e+03
   2.0639014e-03   3.2400000e+03
  -4.1139647e-03   3.2550000e+03
  -6.2120543e-03   3.2700000e+03
  -1.0539013e-02   3.2850000e+03
  -1.6305635e-02   3.3000000e+03
  -1.6384542e-02   3.3150000e+03
  -6.0544424e-03   3.3300000e+03
   1.2579016e-02   3.3450000e+03
   3.1245185e-02   3.3600000e+03
   3.8057663e-02   3.3750000e+03
   2.5036952e-02   3.3900000e+03
  -1.7998511e-03   3.4050000e+03
  -2.4213517e-02   3.4200000e+03
  -2.9350640e-02   3.4350000e+03
  -2.2402246e-02   3.4500000e+03
  -1.6894471e-02   3.4650000e+03
  -1.6973952e-02   3.4800000e+03
  -1.5889868e-02   3.4950000e+03
  -7.8395559e-03   3.5100000e+03
   6.6234954e-03   3.5250000e+03
   2.3727152e-02   3.5400000e+03
   3.6266096e-02   3.5550000e+03
   3.3075023e-02   3.5700000e+03
   9.8929936e-03   3.5850000e+03
  -1.8810986e-02   3.6000000e+03
  -3.0269133e-02   3.6150000e+03
  -1.9431604e-02   3.6300000e+03
  -4.8720329e-03   3.6450000e+03
  -3.7230654e-03   3.6600000e+03
  -1.0380926e-02   3.6750000e+03
  -8.2293535e-03   3.6900000e+03
   5.5665914e-03   3.7050000e+03
   1.8622663e-02   3.7200000e+03
   2.2805717e-02   3.7350000e+03
   2.2054883e-02   3.7500000e+03
   1.9520260e-02   3.7650000e+03
   9.5377527e-03   3.7800000e+03
  -1.0370770e-02   3.7950000e+03
  -2.7590254e-02   3.8100000e+03
  -2.4404807e-02   3.8250000e+03
   1.8098512e-03   3.8400000e+03
   3.4643374e-02   3.8550000e+03
   5.3385589e-02   3.8700000e+03
   4.7065124e-02   3.8850000e+03
   1.7901959e-02   3.9000000e+03
  -2.0259811e-02   3.9150000e+03
  -4.7178484e-02   3.9300000e+03
  -4.9268331e-02   3.9450000e+03
  -3.2055676e-02   3.9600000e+03
  -1.4926448e-02   3.9750000e+03
  -9.9304514e-03   3.9900000e+03
  -9.6429493e-03   4.0050000e+03
   1.9183730e-04   4.0200000e+03
   1.9567247e-02   4.0350000e+03
   3.1996831e-02   4.0500000e+03
   2.4036027e-02   4.0650000e+03
   2.3562240e-03   4.0800000e+03
  -1.2130821e-02   4.0950000e+03
  -6.1861873e-03   4.1100000e+03
   1.2330967e-02   4.1250000e+03
   2.3378111e-02   4.1400000e+03
   1.5385567e-02   4.1550000e+03
  -3.9844350e-03   4.1700000e+03
  -1.6712246e-02   4.1850000e+03
  -1.2711989e-02   4.2000000e+03
   6.3826167e-04   4.2150000e+03
   6.3742199e-03   4.2300000e+03
  -4.7963760e-03   4.2450000e+03
  -2.4765845e-02   4.2600000e+03
  -3.5643805e-02   4.2750000e+03
  -2.7204655e-02   4.2900000e+03
  -6.4337663e-03   4.3050000e+03
   9.8454561e-03   4.3200000e+03
   1.0387952e-02   4.3350000e+03
  -2.2155335e-03   4.3500000e+03
  -1.5623113e-02   4.3650000e+03
  -1.7905928e-02   4.3800000e+03
  -5.7659266e-03   4.3950000e+03
   1.3465892e-02   4.4100000e+03
   2.6930621e-02   4.4250000e+03
   2.5456095e-02   4.4400000e+03
   1.0221633e-02   4.4550000e+03
  -8.4831733e-03   4.4700000e+03
  -1.9165862e-02   4.4850000e+03
  -1.6996490e-02   4.5000000e+03
