  -1.6139505e-02   0.0000000e+00
  -1.6136415e-02   1.5000000e+01
  -1.6128521e-02   3.0000000e+01
  -1.6121892e-02   4.5000000e+01
  -1.6126635e-02   6.0000000e+01
  -1.6151184e-02   7.5000000e+01
  -1.6194982e-02   9.0000000e+01
  -1.6251190e-02   1.0500000e+02
  -1.6315820e-02   1.2000000e+02
  -1.6393322e-02   1.3500000e+02
  -1.6492829e-02   1.5000000e+02
  -1.6619055e-02   1.6500000e+02
  -1.6770659e-02   1.8000000e+02
  -1.6944954e-02   1.9500000e+02
  -1.7139835e-02   2.1000000e+02
  -1.7354589e-02   2.2500000e+02
  -1.7590145e-02   2.4000000e+02
  -1.7844237e-02   2.5500000e+02
  -1.8106094e-02   2.7000000e+02
  -1.8363792e-02   2.8500000e+02
  -1.8621134e-02   3.0000000e+02
  -1.8899450e-02   3.1500000e+02
  -1.9223841e-02   3.3000000e+02
  -1.9618366e-02   3.4500000e+02
  -2.0100445e-02   3.6000000e+02
  -2.0662308e-02   3.7500000e+02
  -2.1285035e-02   3.9000000e+02
  -2.1995533e-02   4.0500000e+02
  -2.2869209e-02   4.2000000e+02
  -2.3941571e-02   4.3500000e+02
  -2.5170537e-02   4.5000000e+02
  -2.6528185e-02   4.6500000e+02
  -2.8048825e-02   4.8000000e+02
  -2.9675065e-02   4.9500000e+02
  -3.0930165e-02   5.1000000e+02
  -3.0285232e-02   5.2500000e+02
  -2.3764081e-02   5.4000000e+02
  -2.6365812e-03   5.5500000e+02
   4.8511606e-02   5.7000000e+02
   1.4974700e-01   5.8500000e+02
   3.1482080e-01   6.0000000e+02
   5.2980757e-01   6.1500000e+02
   7.3166353e-01   6.3000000e+02
   8.1136096e-01   6.4500000e+02
   6.6368598e-01   6.6000000e+02
   2.6957405e-01   6.7500000e+02
  -2.5278351e-01   6.9000000e+02
  -6.9312239e-01   7.0500000e+02
  -8.7377864e-01   7.2000000e+02
  -7.4699169e-01   7.3500000e+02
  -3.8950822e-01   7.5000000e+02
   4.6368401e-02   7.6500000e+02
   3.4478584e-01   7.8000000e+02
   2.9037616e-01   7.9500000e+02
  -9.8512702e-02   8.1000000e+02
  -4.1428658e-01   8.2500000e+02
  -2.2544758e-01   8.4000000e+02
   2.8363091e-01   8.5500000e+02
   4.1400287e-01   8.7000000e+02
  -3.7798520e-02   8.8500000e+02
  -3.7483561e-01   9.0000000e+02
  -9.0559244e-02   9.1500000e+02
   2.7375948e-01   9.3000000e+02
   1.0441417e-01   9.4500000e+02
  -1.9865869e-01   9.6000000e+02
  -6.0667209e-02   9.7500000e+02
   1.7874812e-01   9.9000000e+02
   3.7228849e-02   1.0050000e+03
  -1.6740505e-01   1.0200000e+03
  -6.4021774e-02   1.0350000e+03
   6.6084325e-02   1.0500000e+03
  -1.0652475e-02   1.0650000e+03
  -6.2689416e-02   1.0800000e+03
   4.4037593e-03   1.0950000e+03
   1.0901007e-02   1.1100000e+03
  -3.9379567e-02   1.1250000e+03
  -2.6450470e-02   1.1400000e+03
   7.8768452e-04   1.1550000e+03
  -9.9945907e-03   1.1700000e+03
   2.9560272e-03   1.1850000e+03
   4.0746368e-02   1.2000000e+03
   4.6029218e-02   1.2150000e+03
   3.0877624e-02   1.2300000e+03
   2.1198677e-02   1.2450000e+03
   9.3884917e-04   1.2600000e+03
  -2.4045866e-02   1.2750000e+03
  -2.9662197e-02   1.2900000e+03
  -2.3997802e-02   1.3050000e+03
  -1.9177975e-02   1.3200000e+03
  -7.3405071e-03   1.3350000e+03
   9.0002408e-03   1.3500000e+03
   1.5243925e-02   1.3650000e+03
   9.9520711e-03   1.3800000e+03
   1.9138237e-03   1.3950000e+03
  -3.2394456e-03   1.4100000e+03
  -3.4805909e-03   1.4250000e+03
   1.2647789e-03   1.4400000e+03
   1.0054464e-02   1.4550000e+03
   2.1170963e-02   1.4700000e+03
   3.0191751e-02   1.4850000e+03
   3.3204731e-02   1.5000000e+03
   3.1897917e-02   1.5150000e+03
   2.9551595e-02   1.5300000e+03
   2.5300037e-02   1.5450000e+03
   1.7668262e-02   1.5600000e+03
   8.9389673e-03   1.5750000e+03
   1.7247905e-03   1.5900000e+03
  -3.9356449e-03   1.6050000e+03
  -7.4806935e-03   1.6200000e+03
  -6.9681341e-03   1.6350000e+03
  -3.0293255e-03   1.6500000e+03
   5.5628218e-04   1.6650000e+03
   8.2641200e-04   1.6800000e+03
  -2.5991921e-03   1.6950000e+03
  -8.9432634e-03   1.7100000e+03
  -1.7010212e-02   1.7250000e+03
  -2.4587072e-02   1.7400000e+03
  -2.8553648e-02   1.7550000e+03
  -2.6477773e-02   1.7700000e+03
  -1.8404955e-02   1.7850000e+03
  -7.3395367e-03   1.8000000e+03
   1.8554088e-03   1.8150000e+03
   4.5433370e-03   1.8300000e+03
  -1.4155490e-03   1.8450000e+03
  -1.4119677e-02   1.8600000e+03
  -2.8078282e-02   1.8750000e+03
  -3.6880963e-02   1.8900000e+03
  -3.5705186e-02   1.9050000e+03
  -2.2457488e-02   1.9200000e+03
   4.4675526e-04   1.9350000e+03
   2.4821414e-02   1.9500000e+03
   4.0189229e-02   1.9650000e+03
   4.0045485e-02   1.9800000e+03
   2.4608538e-02   1.9950000e+03
  -9.3337719e-04   2.0100000e+03
  -2.9608663e-02   2.0250000e+03
  -5.5403762e-02   2.0400000e+03
  -7.4099623e-02   2.0550000e+03
  -8.1965171e-02   2.0700000e+03
  -7.5266048e-02   2.0850000e+03
  -5.2791271e-02   2.1000000e+03
  -1.9167611e-02   2.1150000e+03
   1.4939392e-02   2.1300000e+03
   3.7135780e-02   2.1450000e+03
   3.9737631e-02   2.1600000e+03
   2.3959847e-02   2.1750000e+03
  -8.6164253e-04   2.1900000e+03
  -2.2291729e-02   2.2050000e+03
  -3.1233182e-02   2.2200000e+03
  -2.6285347e-02   2.2350000e+03
  -1.3215885e-02   2.2500000e+03
   1.4627204e-04   2.2650000e+03
   9.6558593e-03   2.2800000e+03
   1.6955568e-02   2.2950000e+03
   2.6825497e-02   2.3100000e+03
   4.2219970e-02   2.3250000e+03
   6.0819492e-02   2.3400000e+03
   7.5394928e-02   2.3550000e+03
   7.7185996e-02   2.3700000e+03
   5.9853435e-02   2.3850000e+03
   2.2617564e-02   2.4000000e+03
  -2.7642941e-02   2.4150000e+03
  -7.6507486e-02   2.4300000e+03
  -1.0629039e-01   2.4450000e+03
  -1.0399362e-01   2.4600000e+03
  -6.8635128e-02   2.4750000e+03
  -1.2823699e-02   2.4900000e+03
   4.3111898e-02   2.5050000e+03
   8.0946185e-02   2.5200000e+03
   9.1938347e-02   2.5350000e+03
   7.7765808e-02   2.5500000e+03
   4.6727721e-02   2.5650000e+03
   9.5967166e-03   2.5800000e+03
  -2.3283731e-02   2.5950000e+03
  -4.4835743e-02   2.6100000e+03
  -5.3566169e-02   2.6250000e+03
  -5.2584045e-02   2.6400000e+03
  -4.4865586e-02   2.6550000e+03
  -2.9489513e-02   2.6700000e+03
  -4.3606376e-03   2.6850000e+03
   2.6007414e-02   2.7000000e+03
   4.7239225e-02   2.7150000e+03
   4.3980055e-02   2.7300000e+03
   1.4882182e-02   2.7450000e+03
  -2.2542125e-02   2.7600000e+03
  -4.5037098e-02   2.7750000e+03
  -4.2635225e-02   2.7900000e+03
  -2.4113616e-02   2.8050000e+03
  -4.5220270e-03   2.8200000e+03
   9.8740263e-03   2.8350000e+03
   2.3093570e-02   2.8500000e+03
   3.8851798e-02   2.8650000e+03
   5.2885059e-02   2.8800000e+03
   5.7148833e-02   2.8950000e+03
   4.9016248e-02   2.9100000e+03
   3.3649962e-02   2.9250000e+03
   1.8125627e-02   2.9400000e+03
   5.9297094e-03   2.9550000e+03
  -2.6407642e-03   2.9700000e+03
  -7.8358017e-03   2.9850000e+03
  -1.0396259e-02   3.0000000e+03
  -1.2402631e-02   3.0150000e+03
  -1.5378146e-02   3.0300000e+03
  -1.7830892e-02   3.0450000e+03
  -1.7225893e-02   3.0600000e+03
  -1.4755187e-02   3.0750000e+03
  -1.5229288e-02   3.0900000e+03
  -2.0285163e-02   3.1050000e+03
  -2.3966171e-02   3.1200000e+03
  -1.8513257e-02   3.1350000e+03
  -4.2087301e-03   3.1500000e+03
   9.9796951e-03   3.1650000e+03
   1.6605912e-02   3.1800000e+03
   1.7559564e-02   3.1950000e+03
   1.9460568e-02   3.2100000e+03
   2.3658289e-02   3.2250000e+03
   2.4640426e-02   3.2400000e+03
   1.8269351e-02   3.2550000e+03
   7.9583060e-03   3.2700000e+03
   7.3470583e-04   3.2850000e+03
  -8.1974576e-04   3.3000000e+03
  -2.3553803e-04   3.3150000e+03
  -1.4123956e-03   3.3300000e+03
  -3.6721523e-03   3.3450000e+03
  -3.3623490e-03   3.3600000e+03
   1.0147127e-03   3.3750000e+03
   6.5948721e-03   3.3900000e+03
   8.9257527e-03   3.4050000e+03
   6.3395258e-03   3.4200000e+03
   1.5835072e-03   3.4350000e+03
  -6.1909313e-04   3.4500000e+03
   2.1968747e-03   3.4650000e+03
   7.8757973e-03   3.4800000e+03
   1.1078514e-02   3.4950000e+03
   7.2623752e-03   3.5100000e+03
  -3.7465764e-03   3.5250000e+03
  -1.6857771e-02   3.5400000e+03
  -2.4269460e-02   3.5550000e+03
  -2.0658094e-02   3.5700000e+03
  -7.9079727e-03   3.5850000e+03
   5.0556837e-03   3.6000000e+03
   8.7189721e-03   3.6150000e+03
   8.0682250e-04   3.6300000e+03
  -1.1851504e-02   3.6450000e+03
  -1.9225791e-02   3.6600000e+03
  -1.5921941e-02   3.6750000e+03
  -4.1346066e-03   3.6900000e+03
   9.2675788e-03   3.7050000e+03
   1.7553324e-02   3.7200000e+03
   1.7361766e-02   3.7350000e+03
   9.7061349e-03   3.7500000e+03
  -8.8861882e-04   3.7650000e+03
  -8.9557040e-03   3.7800000e+03
  -1.1335690e-02   3.7950000e+03
  -8.8456310e-03   3.8100000e+03
  -4.8773065e-03   3.8250000e+03
  -2.1314023e-03   3.8400000e+03
  -5.7865202e-04   3.8550000e+03
   1.3780659e-03   3.8700000e+03
   3.9386586e-03   3.8850000e+03
   4.8253071e-03   3.9000000e+03
   1.9414289e-03   3.9150000e+03
  -3.1483991e-03   3.9300000e+03
  -5.8419127e-03   3.9450000e+03
  -3.6177288e-03   3.9600000e+03
   3.3222485e-04   3.9750000e+03
   2.7558880e-04   3.9900000e+03
  -5.1425472e-03   4.0050000e+03
  -1.0832839e-02   4.0200000e+03
  -1.1074396e-02   4.0350000e+03
  -6.1171297e-03   4.0500000e+03
  -1.3690026e-03   4.0650000e+03
  -5.9287931e-04   4.0800000e+03
  -1.9613586e-03   4.0950000e+03
  -1.3600193e-03   4.1100000e+03
   2.2276321e-03   4.1250000e+03
   6.1010225e-03   4.1400000e+03
   7.5859679e-03   4.1550000e+03
   6.4640692e-03   4.1700000e+03
   3.6633797e-03   4.1850000e+03
  -4.6131344e-04   4.2000000e+03
  -5.1544351e-03   4.2150000e+03
  -7.6071890e-03   4.2300000e+03
  -4.6300907e-03   4.2450000e+03
   2.8083355e-03   4.2600000e+03
   7.7895424e-03   4.2750000e+03
   2.5304176e-03   4.2900000e+03
  -1.3198226e-02   4.3050000e+03
  -2.9210659e-02   4.3200000e+03
  -3.2273617e-02   4.3350000e+03
  -1.7806986e-02   4.3500000e+03
   5.4244571e-03   4.3650000e+03
   2.2507906e-02   4.3800000e+03
   2.4576299e-02   4.3950000e+03
   1.4726162e-02   4.4100000e+03
   3.3594361e-03   4.4250000e+03
  -1.4119577e-03   4.4400000e+03
   4.5131019e-04   4.4550000e+03
   2.8856744e-03   4.4700000e+03
   5.1538128e-04   4.4850000e+03
  -6.0910676e-03   4.5000000e+03
