   5.7282266e-03   0.0000000e+00
   5.7359855e-03   1.5000000e+01
   5.7601035e-03   3.0000000e+01
   5.8033410e-03   4.5000000e+01
   5.8697695e-03   6.0000000e+01
   5.9641749e-03   7.5000000e+01
   6.0916143e-03   9.0000000e+01
   6.2575801e-03   1.0500000e+02
   6.4691636e-03   1.2000000e+02
   6.7372695e-03   1.3500000e+02
   7.0775729e-03   1.5000000e+02
   7.5112977e-03   1.6500000e+02
   8.0683129e-03   1.8000000e+02
   8.7885205e-03   1.9500000e+02
   9.7221583e-03   2.1000000e+02
   1.0933934e-02   2.2500000e+02
   1.2504871e-02   2.4000000e+02
   1.4530567e-02   2.5500000e+02
   1.7131560e-02   2.7000000e+02
   2.0480486e-02   2.8500000e+02
   2.4820739e-02   3.0000000e+02
   3.0438049e-02   3.1500000e+02
   3.7576836e-02   3.3000000e+02
   4.6363037e-02   3.4500000e+02
   5.6822661e-02   3.6000000e+02
   6.9011234e-02   3.7500000e+02
   8.3163828e-02   3.9000000e+02
   9.9731214e-02   4.0500000e+02
   1.1922129e-01   4.2000000e+02
   1.4192660e-01   4.3500000e+02
   1.6776179e-01   4.5000000e+02
   1.9637565e-01   4.6500000e+02
   2.2749211e-01   4.8000000e+02
   2.6123661e-01   4.9500000e+02
   2.9814053e-01   5.1000000e+02
   3.3870390e-01   5.2500000e+02
   3.8270113e-01   5.4000000e+02
   4.2859656e-01   5.5500000e+02
   4.7352722e-01   5.7000000e+02
   5.1409841e-01   5.8500000e+02
   5.4751009e-01   6.0000000e+02
   5.7209480e-01   6.1500000e+02
   5.8699089e-01   6.3000000e+02
   5.9147698e-01   6.4500000e+02
   5.8445889e-01   6.6000000e+02
   5.6451893e-01   6.7500000e+02
   5.3104502e-01   6.9000000e+02
   4.8587430e-01   7.0500000e+02
   4.3348330e-01   7.2000000e+02
   3.7892362e-01   7.3500000e+02
   3.2543650e-01   7.5000000e+02
   2.7399325e-01   7.6500000e+02
   2.2464329e-01   7.8000000e+02
   1.7788321e-01   7.9500000e+02
   1.3483125e-01   8.1000000e+02
   9.6413374e-02   8.2500000e+02
   6.2566116e-02   8.4000000e+02
   3.2337889e-02   8.5500000e+02
   4.8293867e-03   8.7000000e+02
  -2.0132963e-02   8.8500000e+02
  -4.2394165e-02   9.0000000e+02
  -6.2205784e-02   9.1500000e+02
  -8.0126487e-02   9.3000000e+02
  -9.6354939e-02   9.4500000e+02
  -1.1065648e-01   9.6000000e+02
  -1.2294554e-01   9.7500000e+02
  -1.3356468e-01   9.9000000e+02
  -1.4297895e-01   1.0050000e+03
  -1.5146351e-01   1.0200000e+03
  -1.5909943e-01   1.0350000e+03
  -1.6587704e-01   1.0500000e+03
  -1.7173482e-01   1.0650000e+03
  -1.7658366e-01   1.0800000e+03
  -1.8036275e-01   1.0950000e+03
  -1.8306687e-01   1.1100000e+03
  -1.8472670e-01   1.1250000e+03
  -1.8539123e-01   1.1400000e+03
  -1.8513562e-01   1.1550000e+03
  -1.8408613e-01   1.1700000e+03
  -1.8242712e-01   1.1850000e+03
  -1.8036643e-01   1.2000000e+03
  -1.7809910e-01   1.2150000e+03
  -1.7578986e-01   1.2300000e+03
  -1.7354810e-01   1.2450000e+03
  -1.7140694e-01   1.2600000e+03
  -1.6933282e-01   1.2750000e+03
  -1.6724236e-01   1.2900000e+03
  -1.6500485e-01   1.3050000e+03
  -1.6245300e-01   1.3200000e+03
  -1.5942049e-01   1.3350000e+03
  -1.5578172e-01   1.3500000e+03
  -1.5147077e-01   1.3650000e+03
  -1.4648609e-01   1.3800000e+03
  -1.4088814e-01   1.3950000e+03
  -1.3478813e-01   1.4100000e+03
  -1.2832779e-01   1.4250000e+03
  -1.2165131e-01   1.4400000e+03
  -1.1487438e-01   1.4550000e+03
  -1.0806542e-01   1.4700000e+03
  -1.0124913e-01   1.4850000e+03
  -9.4425112e-02   1.5000000e+03
  -8.7587841e-02   1.5150000e+03
  -8.0738306e-02   1.5300000e+03
  -7.3884085e-02   1.5450000e+03
  -6.7032963e-02   1.5600000e+03
  -6.0191020e-02   1.5750000e+03
  -5.3370591e-02   1.5900000e+03
  -4.6603959e-02   1.6050000e+03
  -3.9956219e-02   1.6200000e+03
  -3.3533204e-02   1.6350000e+03
  -2.7480736e-02   1.6500000e+03
  -2.1970591e-02   1.6650000e+03
  -1.7170347e-02   1.6800000e+03
  -1.3199850e-02   1.6950000e+03
  -1.0087091e-02   1.7100000e+03
  -7.7437335e-03   1.7250000e+03
  -5.9763938e-03   1.7400000e+03
  -4.5341700e-03   1.7550000e+03
  -3.1755855e-03   1.7700000e+03
  -1.7284314e-03   1.7850000e+03
  -1.1860739e-04   1.8000000e+03
   1.6408626e-03   1.8150000e+03
   3.4888375e-03   1.8300000e+03
   5.3569265e-03   1.8450000e+03
   7.1882848e-03   1.8600000e+03
   8.9298729e-03   1.8750000e+03
   1.0516146e-02   1.8900000e+03
   1.1866282e-02   1.9050000e+03
   1.2897305e-02   1.9200000e+03
   1.3533220e-02   1.9350000e+03
   1.3693260e-02   1.9500000e+03
   1.3271937e-02   1.9650000e+03
   1.2146381e-02   1.9800000e+03
   1.0230154e-02   1.9950000e+03
   7.5458735e-03   2.0100000e+03
   4.2590876e-03   2.0250000e+03
   6.3944771e-04   2.0400000e+03
  -3.0258901e-03   2.0550000e+03
  -6.5056412e-03   2.0700000e+03
  -9.6450690e-03   2.0850000e+03
  -1.2346352e-02   2.1000000e+03
  -1.4546682e-02   2.1150000e+03
  -1.6211174e-02   2.1300000e+03
  -1.7327523e-02   2.1450000e+03
  -1.7893918e-02   2.1600000e+03
  -1.7919688e-02   2.1750000e+03
  -1.7457362e-02   2.1900000e+03
  -1.6639907e-02   2.2050000e+03
  -1.5665367e-02   2.2200000e+03
  -1.4713358e-02   2.2350000e+03
  -1.3860647e-02   2.2500000e+03
  -1.3082836e-02   2.2650000e+03
  -1.2343884e-02   2.2800000e+03
  -1.1676806e-02   2.2950000e+03
  -1.1168906e-02   2.3100000e+03
  -1.0876632e-02   2.3250000e+03
  -1.0773470e-02   2.3400000e+03
  -1.0786562e-02   2.3550000e+03
  -1.0870791e-02   2.3700000e+03
  -1.1037047e-02   2.3850000e+03
  -1.1321479e-02   2.4000000e+03
  -1.1751534e-02   2.4150000e+03
  -1.2348189e-02   2.4300000e+03
  -1.3142526e-02   2.4450000e+03
  -1.4170989e-02   2.4600000e+03
  -1.5455845e-02   2.4750000e+03
  -1.7002037e-02   2.4900000e+03
  -1.8811919e-02   2.5050000e+03
  -2.0887885e-02   2.5200000e+03
  -2.3213308e-02   2.5350000e+03
  -2.5742901e-02   2.5500000e+03
  -2.8427381e-02   2.5650000e+03
  -3.1248149e-02   2.5800000e+03
  -3.4218408e-02   2.5950000e+03
  -3.7349183e-02   2.6100000e+03
  -4.0623430e-02   2.6250000e+03
  -4.4006184e-02   2.6400000e+03
  -4.7467887e-02   2.6550000e+03
  -5.0984390e-02   2.6700000e+03
  -5.4515027e-02   2.6850000e+03
  -5.7989836e-02   2.7000000e+03
  -6.1318632e-02   2.7150000e+03
  -6.4402878e-02   2.7300000e+03
  -6.7134134e-02   2.7450000e+03
  -6.9391094e-02   2.7600000e+03
  -7.1054414e-02   2.7750000e+03
  -7.2035685e-02   2.7900000e+03
  -7.2297558e-02   2.8050000e+03
  -7.1850732e-02   2.8200000e+03
  -7.0735961e-02   2.8350000e+03
  -6.9009997e-02   2.8500000e+03
  -6.6745698e-02   2.8650000e+03
  -6.4038523e-02   2.8800000e+03
  -6.1003204e-02   2.8950000e+03
  -5.7756215e-02   2.9100000e+03
  -5.4399744e-02   2.9250000e+03
  -5.1023871e-02   2.9400000e+03
  -4.7720291e-02   2.9550000e+03
  -4.4583548e-02   2.9700000e+03
  -4.1688882e-02   2.9850000e+03
  -3.9062068e-02   3.0000000e+03
  -3.6663841e-02   3.0150000e+03
  -3.4396600e-02   3.0300000e+03
  -3.2127187e-02   3.0450000e+03
  -2.9717082e-02   3.0600000e+03
  -2.7053680e-02   3.0750000e+03
  -2.4077015e-02   3.0900000e+03
  -2.0796757e-02   3.1050000e+03
  -1.7295005e-02   3.1200000e+03
  -1.3712723e-02   3.1350000e+03
  -1.0223655e-02   3.1500000e+03
  -7.0049297e-03   3.1650000e+03
  -4.2114174e-03   3.1800000e+03
  -1.9548661e-03   3.1950000e+03
  -2.8998012e-04   3.2100000e+03
   7.8448886e-04   3.2250000e+03
   1.3052603e-03   3.2400000e+03
   1.3146072e-03   3.2550000e+03
   8.3865644e-04   3.2700000e+03
  -1.1626189e-04   3.2850000e+03
  -1.5521859e-03   3.3000000e+03
  -3.4617994e-03   3.3150000e+03
  -5.8131306e-03   3.3300000e+03
  -8.5438741e-03   3.3450000e+03
  -1.1567413e-02   3.3600000e+03
  -1.4783796e-02   3.3750000e+03
  -1.8086176e-02   3.3900000e+03
  -2.1361677e-02   3.4050000e+03
  -2.4495250e-02   3.4200000e+03
  -2.7382072e-02   3.4350000e+03
  -2.9941702e-02   3.4500000e+03
  -3.2122802e-02   3.4650000e+03
  -3.3897392e-02   3.4800000e+03
  -3.5254568e-02   3.4950000e+03
  -3.6201786e-02   3.5100000e+03
  -3.6770973e-02   3.5250000e+03
  -3.7020836e-02   3.5400000e+03
  -3.7030492e-02   3.5550000e+03
  -3.6886394e-02   3.5700000e+03
  -3.6667511e-02   3.5850000e+03
  -3.6433395e-02   3.6000000e+03
  -3.6217671e-02   3.6150000e+03
  -3.6026366e-02   3.6300000e+03
  -3.5838224e-02   3.6450000e+03
  -3.5606634e-02   3.6600000e+03
  -3.5267513e-02   3.6750000e+03
  -3.4755737e-02   3.6900000e+03
  -3.4023084e-02   3.7050000e+03
  -3.3044469e-02   3.7200000e+03
  -3.1808984e-02   3.7350000e+03
  -3.0309219e-02   3.7500000e+03
  -2.8545534e-02   3.7650000e+03
  -2.6543796e-02   3.7800000e+03
  -2.4366431e-02   3.7950000e+03
  -2.2100497e-02   3.8100000e+03
  -1.9829344e-02   3.8250000e+03
  -1.7610092e-02   3.8400000e+03
  -1.5471490e-02   3.8550000e+03
  -1.3426761e-02   3.8700000e+03
  -1.1486077e-02   3.8850000e+03
  -9.6597848e-03   3.9000000e+03
  -7.9545649e-03   3.9150000e+03
  -6.3683470e-03   3.9300000e+03
  -4.8869159e-03   3.9450000e+03
  -3.4833790e-03   3.9600000e+03
  -2.1227486e-03   3.9750000e+03
  -7.7254418e-04   3.9900000e+03
   5.8516406e-04   4.0050000e+03
   1.9475977e-03   4.0200000e+03
   3.2937280e-03   4.0350000e+03
   4.5909667e-03   4.0500000e+03
   5.8012987e-03   4.0650000e+03
   6.8876767e-03   4.0800000e+03
   7.8234589e-03   4.0950000e+03
   8.6019197e-03   4.1100000e+03
   9.2381481e-03   4.1250000e+03
   9.7609367e-03   4.1400000e+03
   1.0202643e-02   4.1550000e+03
   1.0596834e-02   4.1700000e+03
   1.0983900e-02   4.1850000e+03
   1.1415383e-02   4.2000000e+03
   1.1949513e-02   4.2150000e+03
   1.2639847e-02   4.2300000e+03
   1.3524289e-02   4.2450000e+03
   1.4619170e-02   4.2600000e+03
   1.5918598e-02   4.2750000e+03
   1.7398488e-02   4.2900000e+03
   1.9024992e-02   4.3050000e+03
   2.0764381e-02   4.3200000e+03
   2.2588195e-02   4.3350000e+03
   2.4469709e-02   4.3500000e+03
   2.6375443e-02   4.3650000e+03
   2.8261013e-02   4.3800000e+03
   3.0076886e-02   4.3950000e+03
   3.1780157e-02   4.4100000e+03
   3.3343326e-02   4.4250000e+03
   3.4754813e-02   4.4400000e+03
   3.6014244e-02   4.4550000e+03
   3.7128795e-02   4.4700000e+03
   3.8112886e-02   4.4850000e+03
   3.8988169e-02   4.5000000e+03
