  -1.1141610e-03   0.0000000e+00
  -1.1141415e-03   1.5000000e+01
  -1.1141110e-03   3.0000000e+01
  -1.1140852e-03   4.5000000e+01
  -1.1139299e-03   6.0000000e+01
  -1.1134532e-03   7.5000000e+01
  -1.1126677e-03   9.0000000e+01
  -1.1118660e-03   1.0500000e+02
  -1.1114285e-03   1.2000000e+02
  -1.1114980e-03   1.3500000e+02
  -1.1116858e-03   1.5000000e+02
  -1.1111069e-03   1.6500000e+02
  -1.1085003e-03   1.8000000e+02
  -1.1010484e-03   1.9500000e+02
  -1.0804672e-03   2.1000000e+02
  -1.0284596e-03   2.2500000e+02
  -9.2040747e-04   2.4000000e+02
  -7.4721582e-04   2.5500000e+02
  -5.4658356e-04   2.7000000e+02
  -4.0446385e-04   2.8500000e+02
  -3.9347887e-04   3.0000000e+02
  -4.8979931e-04   3.1500000e+02
  -5.7544478e-04   3.3000000e+02
  -5.5939972e-04   3.4500000e+02
  -4.8209159e-04   3.6000000e+02
  -4.5328806e-04   3.7500000e+02
  -4.9832172e-04   3.9000000e+02
  -5.3494744e-04   4.0500000e+02
  -5.0954812e-04   4.2000000e+02
  -4.7264886e-04   4.3500000e+02
  -4.8280580e-04   4.5000000e+02
  -5.1320333e-04   4.6500000e+02
  -5.1127851e-04   4.8000000e+02
  -4.8898318e-04   4.9500000e+02
  -4.8804551e-04   5.1000000e+02
  -5.0240452e-04   5.2500000e+02
  -4.9897988e-04   5.4000000e+02
  -4.8095518e-04   5.5500000e+02
  -4.7487085e-04   5.7000000e+02
  -4.8002822e-04   5.8500000e+02
  -4.7639778e-04   6.0000000e+02
  -4.6461273e-04   6.1500000e+02
  -4.6076102e-04   6.3000000e+02
  -4.6478381e-04   6.4500000e+02
  -4.6502991e-04   6.6000000e+02
  -4.6305012e-04   6.7500000e+02
  -4.6841288e-04   6.9000000e+02
  -4.8029213e-04   7.0500000e+02
  -4.9440353e-04   7.2000000e+02
  -5.1661447e-04   7.3500000e+02
  -5.5440259e-04   7.5000000e+02
  -6.0432678e-04   7.6500000e+02
  -6.5591902e-04   7.8000000e+02
  -6.9802738e-04   7.9500000e+02
  -7.1806024e-04   8.1000000e+02
  -7.0786657e-04   8.2500000e+02
  -6.7729322e-04   8.4000000e+02
  -6.5391639e-04   8.5500000e+02
  -6.6180463e-04   8.7000000e+02
  -7.0084952e-04   8.8500000e+02
  -7.4766803e-04   9.0000000e+02
  -7.7670382e-04   9.1500000e+02
  -7.8310078e-04   9.3000000e+02
  -7.8582490e-04   9.4500000e+02
  -8.0547034e-04   9.6000000e+02
  -8.4020692e-04   9.7500000e+02
  -8.7028695e-04   9.9000000e+02
  -8.8598317e-04   1.0050000e+03
  -8.9963840e-04   1.0200000e+03
  -9.2469656e-04   1.0350000e+03
  -9.5492217e-04   1.0500000e+03
  -9.7624125e-04   1.0650000e+03
  -9.9091243e-04   1.0800000e+03
  -1.0142323e-03   1.0950000e+03
  -1.0500833e-03   1.1100000e+03
  -1.0867774e-03   1.1250000e+03
  -1.1198191e-03   1.1400000e+03
  -1.1623773e-03   1.1550000e+03
  -1.2258930e-03   1.1700000e+03
  -1.3041270e-03   1.1850000e+03
  -1.3856818e-03   1.2000000e+03
  -1.4700816e-03   1.2150000e+03
  -1.5603291e-03   1.2300000e+03
  -1.6498351e-03   1.2450000e+03
  -1.7295150e-03   1.2600000e+03
  -1.8016470e-03   1.2750000e+03
  -1.8762017e-03   1.2900000e+03
  -1.9583933e-03   1.3050000e+03
  -2.0482384e-03   1.3200000e+03
  -2.1471204e-03   1.3350000e+03
  -2.2564684e-03   1.3500000e+03
  -2.3736411e-03   1.3650000e+03
  -2.4955317e-03   1.3800000e+03
  -2.6232381e-03   1.3950000e+03
  -2.7589167e-03   1.4100000e+03
  -2.9021814e-03   1.4250000e+03
  -3.0545779e-03   1.4400000e+03
  -3.2240413e-03   1.4550000e+03
  -3.4194305e-03   1.4700000e+03
  -3.6428943e-03   1.4850000e+03
  -3.8925805e-03   1.5000000e+03
  -4.1703763e-03   1.5150000e+03
  -4.4809049e-03   1.5300000e+03
  -4.8247636e-03   1.5450000e+03
  -5.2004689e-03   1.5600000e+03
  -5.6155510e-03   1.5750000e+03
  -6.0921418e-03   1.5900000e+03
  -6.6579496e-03   1.6050000e+03
  -7.3284088e-03   1.6200000e+03
  -8.0919378e-03   1.6350000e+03
  -8.9012440e-03   1.6500000e+03
  -9.6531380e-03   1.6650000e+03
  -1.0122049e-02   1.6800000e+03
  -9.8122125e-03   1.6950000e+03
  -7.7138334e-03   1.7100000e+03
  -1.9944545e-03   1.7250000e+03
   1.0260560e-02   1.7400000e+03
   3.3019189e-02   1.7550000e+03
   7.0609443e-02   1.7700000e+03
   1.2596126e-01   1.7850000e+03
   1.9769001e-01   1.8000000e+03
   2.7671617e-01   1.8150000e+03
   3.4420678e-01   1.8300000e+03
   3.7335056e-01   1.8450000e+03
   3.3684799e-01   1.8600000e+03
   2.1936209e-01   1.8750000e+03
   3.0245589e-02   1.8900000e+03
  -1.9089822e-01   1.9050000e+03
  -3.8189426e-01   1.9200000e+03
  -4.7882667e-01   1.9350000e+03
  -4.4235080e-01   1.9500000e+03
  -2.7814066e-01   1.9650000e+03
  -4.2540990e-02   1.9800000e+03
   1.7049856e-01   1.9950000e+03
   2.6179326e-01   2.0100000e+03
   1.7479664e-01   2.0250000e+03
  -5.7885107e-02   2.0400000e+03
  -3.0445659e-01   2.0550000e+03
  -3.9400768e-01   2.0700000e+03
  -2.3467195e-01   2.0850000e+03
   9.1546677e-02   2.1000000e+03
   3.5826027e-01   2.1150000e+03
   3.6265442e-01   2.1300000e+03
   1.0474192e-01   2.1450000e+03
  -1.9779563e-01   2.1600000e+03
  -3.0061224e-01   2.1750000e+03
  -1.5910253e-01   2.1900000e+03
   4.1421346e-02   2.2050000e+03
   9.3756385e-02   2.2200000e+03
  -4.8467559e-03   2.2350000e+03
  -6.6371828e-02   2.2500000e+03
   3.9188448e-02   2.2650000e+03
   1.9652009e-01   2.2800000e+03
   1.7472708e-01   2.2950000e+03
  -5.6228679e-02   2.3100000e+03
  -2.3714222e-01   2.3250000e+03
  -1.3069895e-01   2.3400000e+03
   1.4569956e-01   2.3550000e+03
   2.4809001e-01   2.3700000e+03
   6.7340508e-02   2.3850000e+03
  -1.2865472e-01   2.4000000e+03
  -1.0355192e-01   2.4150000e+03
   3.6355492e-03   2.4300000e+03
  -5.2513871e-02   2.4450000e+03
  -1.8282904e-01   2.4600000e+03
  -1.0732057e-01   2.4750000e+03
   1.3916212e-01   2.4900000e+03
   2.2169702e-01   2.5050000e+03
   4.9466237e-02   2.5200000e+03
  -8.5695140e-02   2.5350000e+03
  -1.6813159e-02   2.5500000e+03
   4.7486655e-02   2.5650000e+03
  -4.8488699e-02   2.5800000e+03
  -1.1564321e-01   2.5950000e+03
   6.1351261e-03   2.6100000e+03
   1.3403505e-01   2.6250000e+03
   7.3070608e-02   2.6400000e+03
  -4.8483305e-02   2.6550000e+03
  -4.5813203e-02   2.6700000e+03
   3.3159258e-03   2.6850000e+03
  -2.9373467e-02   2.7000000e+03
  -5.3987321e-02   2.7150000e+03
   3.5055302e-02   2.7300000e+03
   1.1778934e-01   2.7450000e+03
   5.1472310e-02   2.7600000e+03
  -7.5730197e-02   2.7750000e+03
  -9.9741384e-02   2.7900000e+03
  -2.9943917e-02   2.8050000e+03
   2.2951003e-02   2.8200000e+03
   3.0825108e-02   2.8350000e+03
   2.3921069e-02   2.8500000e+03
  -2.9951285e-03   2.8650000e+03
  -4.9097016e-02   2.8800000e+03
  -6.0291879e-02   2.8950000e+03
  -1.0280353e-02   2.9100000e+03
   3.7555262e-02   2.9250000e+03
   1.6271761e-02   2.9400000e+03
  -4.5990448e-02   2.9550000e+03
  -6.7820497e-02   2.9700000e+03
  -2.1969022e-02   2.9850000e+03
   4.3256629e-02   3.0000000e+03
   7.1374461e-02   3.0150000e+03
   5.2555893e-02   3.0300000e+03
   1.9788966e-02   3.0450000e+03
   1.3670515e-02   3.0600000e+03
   4.6115968e-02   3.0750000e+03
   8.4505089e-02   3.0900000e+03
   7.9310924e-02   3.1050000e+03
   1.9233044e-02   3.1200000e+03
  -5.1633023e-02   3.1350000e+03
  -8.3313063e-02   3.1500000e+03
  -7.2020650e-02   3.1650000e+03
  -4.6477221e-02   3.1800000e+03
  -1.9329058e-02   3.1950000e+03
   1.9695187e-02   3.2100000e+03
   6.7451350e-02   3.2250000e+03
   9.3312003e-02   3.2400000e+03
   7.1310982e-02   3.2550000e+03
   1.2958298e-02   3.2700000e+03
  -4.0158078e-02   3.2850000e+03
  -5.3042188e-02   3.3000000e+03
  -2.6344441e-02   3.3150000e+03
   7.0333262e-03   3.3300000e+03
   1.4130715e-02   3.3450000e+03
  -7.6458361e-03   3.3600000e+03
  -3.2313604e-02   3.3750000e+03
  -3.4787267e-02   3.3900000e+03
  -1.3992683e-02   3.4050000e+03
   1.1202035e-02   3.4200000e+03
   2.1448633e-02   3.4350000e+03
   1.1214326e-02   3.4500000e+03
  -8.9853248e-03   3.4650000e+03
  -2.0235330e-02   3.4800000e+03
  -9.1487681e-03   3.4950000e+03
   2.0361416e-02   3.5100000e+03
   4.8112880e-02   3.5250000e+03
   5.2136663e-02   3.5400000e+03
   2.5135048e-02   3.5550000e+03
  -1.9142561e-02   3.5700000e+03
  -5.3873610e-02   3.5850000e+03
  -5.7606839e-02   3.6000000e+03
  -3.1403109e-02   3.6150000e+03
   5.3994230e-04   3.6300000e+03
   1.1226237e-02   3.6450000e+03
  -4.0900921e-03   3.6600000e+03
  -2.2883706e-02   3.6750000e+03
  -1.7675094e-02   3.6900000e+03
   1.5159340e-02   3.7050000e+03
   4.9728841e-02   3.7200000e+03
   5.5219281e-02   3.7350000e+03
   2.6005186e-02   3.7500000e+03
  -1.3679469e-02   3.7650000e+03
  -3.4170713e-02   3.7800000e+03
  -2.7265865e-02   3.7950000e+03
  -9.1780266e-03   3.8100000e+03
  -6.8906799e-04   3.8250000e+03
  -7.5341263e-03   3.8400000e+03
  -1.9088445e-02   3.8550000e+03
  -2.2455988e-02   3.8700000e+03
  -1.5606611e-02   3.8850000e+03
  -7.4075283e-03   3.9000000e+03
  -6.6661048e-03   3.9150000e+03
  -1.2606155e-02   3.9300000e+03
  -1.6553033e-02   3.9450000e+03
  -1.1990543e-02   3.9600000e+03
  -1.0401264e-03   3.9750000e+03
   9.6002053e-03   3.9900000e+03
   1.6968979e-02   4.0050000e+03
   2.3379456e-02   4.0200000e+03
   3.0088473e-02   4.0350000e+03
   3.2981075e-02   4.0500000e+03
   2.6974946e-02   4.0650000e+03
   1.3187435e-02   4.0800000e+03
  -1.1526935e-03   4.0950000e+03
  -1.0009124e-02   4.1100000e+03
  -1.3489478e-02   4.1250000e+03
  -1.4952087e-02   4.1400000e+03
  -1.5601696e-02   4.1550000e+03
  -1.4112196e-02   4.1700000e+03
  -1.0661304e-02   4.1850000e+03
  -8.5614724e-03   4.2000000e+03
  -1.0353812e-02   4.2150000e+03
  -1.3154114e-02   4.2300000e+03
  -1.0111562e-02   4.2450000e+03
   1.7894239e-03   4.2600000e+03
   1.5936472e-02   4.2750000e+03
   2.0770757e-02   4.2900000e+03
   1.2031714e-02   4.3050000e+03
  -1.2880111e-03   4.3200000e+03
  -5.8074961e-03   4.3350000e+03
   2.0773334e-03   4.3500000e+03
   1.3498401e-02   4.3650000e+03
   1.7884493e-02   4.3800000e+03
   1.2641727e-02   4.3950000e+03
   1.7236492e-03   4.4100000e+03
  -1.0557679e-02   4.4250000e+03
  -2.1077286e-02   4.4400000e+03
  -2.6457988e-02   4.4550000e+03
  -2.4566667e-02   4.4700000e+03
  -1.7133022e-02   4.4850000e+03
  -8.2579972e-03   4.5000000e+03
