   1.3505544e-02   0.0000000e+00
   1.3472475e-02   1.5000000e+01
   1.3370422e-02   3.0000000e+01
   1.3190981e-02   4.5000000e+01
   1.2928158e-02   6.0000000e+01
   1.2579599e-02   7.5000000e+01
   1.2141639e-02   9.0000000e+01
   1.1610693e-02   1.0500000e+02
   1.0988559e-02   1.2000000e+02
   1.0284753e-02   1.3500000e+02
   9.5177731e-03   1.5000000e+02
   8.7079359e-03   1.6500000e+02
   7.8754220e-03   1.8000000e+02
   7.0718681e-03   1.9500000e+02
   6.4174375e-03   2.1000000e+02
   6.1132414e-03   2.2500000e+02
   6.4722225e-03   2.4000000e+02
   8.0232816e-03   2.5500000e+02
   1.1722670e-02   2.7000000e+02
   1.9346504e-02   2.8500000e+02
   3.4274671e-02   3.0000000e+02
   6.3090563e-02   3.1500000e+02
   1.1857895e-01   3.3000000e+02
   2.2455394e-01   3.4500000e+02
   4.2151496e-01   3.6000000e+02
   7.6712316e-01   3.7500000e+02
   1.3159397e+00   3.9000000e+02
   2.0576620e+00   4.0500000e+02
   2.8181796e+00   4.2000000e+02
   3.2028158e+00   4.3500000e+02
   2.7296426e+00   4.5000000e+02
   1.2083760e+00   4.6500000e+02
  -8.9367837e-01   4.8000000e+02
  -2.5796688e+00   4.9500000e+02
  -3.0672915e+00   5.1000000e+02
  -2.4806850e+00   5.2500000e+02
  -1.6461208e+00   5.4000000e+02
  -1.1638007e+00   5.5500000e+02
  -9.1918981e-01   5.7000000e+02
  -5.8840090e-01   5.8500000e+02
  -2.4333003e-01   6.0000000e+02
  -1.4438270e-01   6.1500000e+02
  -2.2889754e-01   6.3000000e+02
  -2.2329636e-01   6.4500000e+02
  -1.0027547e-01   6.6000000e+02
  -4.0870696e-02   6.7500000e+02
  -6.4356528e-02   6.9000000e+02
  -4.2298291e-02   7.0500000e+02
   2.2490606e-02   7.2000000e+02
   2.8128749e-02   7.3500000e+02
  -1.1489742e-02   7.5000000e+02
  -1.6183721e-02   7.6500000e+02
   1.2254004e-03   7.8000000e+02
  -3.9273263e-03   7.9500000e+02
  -3.5589519e-03   8.1000000e+02
   3.0893164e-02   8.2500000e+02
   6.7818888e-02   8.4000000e+02
   8.7680019e-02   8.5500000e+02
   1.0854227e-01   8.7000000e+02
   1.2530594e-01   8.8500000e+02
   1.1256240e-01   9.0000000e+02
   7.3529027e-02   9.1500000e+02
   2.5381092e-02   9.3000000e+02
  -3.1705402e-02   9.4500000e+02
  -9.3605466e-02   9.6000000e+02
  -1.3792601e-01   9.7500000e+02
  -1.4957425e-01   9.9000000e+02
  -1.2899546e-01   1.0050000e+03
  -7.6677419e-02   1.0200000e+03
   1.7867787e-03   1.0350000e+03
   8.5740745e-02   1.0500000e+03
   1.5355979e-01   1.0650000e+03
   1.9465040e-01   1.0800000e+03
   2.0411843e-01   1.0950000e+03
   1.8282606e-01   1.1100000e+03
   1.4283742e-01   1.1250000e+03
   9.9937372e-02   1.1400000e+03
   6.2588811e-02   1.1550000e+03
   3.2759100e-02   1.1700000e+03
   9.9114804e-03   1.1850000e+03
  -9.0987999e-03   1.2000000e+03
  -2.7571876e-02   1.2150000e+03
  -4.5326367e-02   1.2300000e+03
  -6.0065679e-02   1.2450000e+03
  -6.9830246e-02   1.2600000e+03
  -7.3223032e-02   1.2750000e+03
  -7.0926823e-02   1.2900000e+03
  -6.7375369e-02   1.3050000e+03
  -6.8119854e-02   1.3200000e+03
  -7.5511605e-02   1.3350000e+03
  -8.7631859e-02   1.3500000e+03
  -9.9635534e-02   1.3650000e+03
  -1.0544475e-01   1.3800000e+03
  -1.0009492e-01   1.3950000e+03
  -8.1953540e-02   1.4100000e+03
  -5.3556129e-02   1.4250000e+03
  -2.1476341e-02   1.4400000e+03
   5.1012179e-03   1.4550000e+03
   1.8067965e-02   1.4700000e+03
   1.4452420e-02   1.4850000e+03
  -2.4962663e-03   1.5000000e+03
  -2.5664305e-02   1.5150000e+03
  -4.7366075e-02   1.5300000e+03
  -6.1244711e-02   1.5450000e+03
  -6.2616773e-02   1.5600000e+03
  -4.8821881e-02   1.5750000e+03
  -2.0418437e-02   1.5900000e+03
   1.8149711e-02   1.6050000e+03
   5.9786957e-02   1.6200000e+03
   9.6742108e-02   1.6350000e+03
   1.2148759e-01   1.6500000e+03
   1.2697689e-01   1.6650000e+03
   1.0825118e-01   1.6800000e+03
   6.5408722e-02   1.6950000e+03
   5.3752442e-03   1.7100000e+03
  -5.9664913e-02   1.7250000e+03
  -1.1632743e-01   1.7400000e+03
  -1.5366443e-01   1.7550000e+03
  -1.6460404e-01   1.7700000e+03
  -1.4617410e-01   1.7850000e+03
  -1.0031080e-01   1.8000000e+03
  -3.5000741e-02   1.8150000e+03
   3.6393642e-02   1.8300000e+03
   9.8724745e-02   1.8450000e+03
   1.3993666e-01   1.8600000e+03
   1.5452698e-01   1.8750000e+03
   1.4430553e-01   1.8900000e+03
   1.1684121e-01   1.9050000e+03
   8.2331471e-02   1.9200000e+03
   4.9647454e-02   1.9350000e+03
   2.3146054e-02   1.9500000e+03
   2.2462169e-03   1.9650000e+03
  -1.5930489e-02   1.9800000e+03
  -3.3112358e-02   1.9950000e+03
  -4.8315205e-02   2.0100000e+03
  -5.8713187e-02   2.0250000e+03
  -6.1485648e-02   2.0400000e+03
  -5.5264141e-02   2.0550000e+03
  -4.0850103e-02   2.0700000e+03
  -2.1181872e-02   2.0850000e+03
  -4.1732410e-04   2.1000000e+03
   1.7522886e-02   2.1150000e+03
   3.0019157e-02   2.1300000e+03
   3.5841282e-02   2.1450000e+03
   3.4610119e-02   2.1600000e+03
   2.6346212e-02   2.1750000e+03
   1.1474507e-02   2.1900000e+03
  -8.7203430e-03   2.2050000e+03
  -3.1421278e-02   2.2200000e+03
  -5.1945183e-02   2.2350000e+03
  -6.4441778e-02   2.2500000e+03
  -6.3746609e-02   2.2650000e+03
  -4.7525223e-02   2.2800000e+03
  -1.7449513e-02   2.2950000e+03
   2.1203764e-02   2.3100000e+03
   6.1098177e-02   2.3250000e+03
   9.4606705e-02   2.3400000e+03
   1.1520509e-01   2.3550000e+03
   1.1846311e-01   2.3700000e+03
   1.0278931e-01   2.3850000e+03
   6.9817714e-02   2.4000000e+03
   2.4121473e-02   2.4150000e+03
  -2.7800117e-02   2.4300000e+03
  -7.8840159e-02   2.4450000e+03
  -1.2236077e-01   2.4600000e+03
  -1.5281828e-01   2.4750000e+03
  -1.6611606e-01   2.4900000e+03
  -1.5996410e-01   2.5050000e+03
  -1.3437343e-01   2.5200000e+03
  -9.2152476e-02   2.5350000e+03
  -3.8975663e-02   2.5500000e+03
   1.7512513e-02   2.5650000e+03
   6.9681920e-02   2.5800000e+03
   1.1224382e-01   2.5950000e+03
   1.4356071e-01   2.6100000e+03
   1.6498694e-01   2.6250000e+03
   1.7861922e-01   2.6400000e+03
   1.8501207e-01   2.6550000e+03
   1.8238917e-01   2.6700000e+03
   1.6771632e-01   2.6850000e+03
   1.3875806e-01   2.7000000e+03
   9.5824875e-02   2.7150000e+03
   4.2319603e-02   2.7300000e+03
  -1.6098456e-02   2.7450000e+03
  -7.3205590e-02   2.7600000e+03
  -1.2372117e-01   2.7750000e+03
  -1.6369492e-01   2.7900000e+03
  -1.8980893e-01   2.8050000e+03
  -1.9877934e-01   2.8200000e+03
  -1.8809047e-01   2.8350000e+03
  -1.5788375e-01   2.8500000e+03
  -1.1230837e-01   2.8650000e+03
  -5.8796525e-02   2.8800000e+03
  -5.5842432e-03   2.8950000e+03
   4.0616751e-02   2.9100000e+03
   7.5321950e-02   2.9250000e+03
   9.5715150e-02   2.9400000e+03
   1.0026024e-01   2.9550000e+03
   8.9202687e-02   2.9700000e+03
   6.5377675e-02   2.9850000e+03
   3.4371056e-02   3.0000000e+03
   3.5844217e-03   3.0150000e+03
  -1.9762261e-02   3.0300000e+03
  -3.1246662e-02   3.0450000e+03
  -3.1272575e-02   3.0600000e+03
  -2.4893217e-02   3.0750000e+03
  -1.9011317e-02   3.0900000e+03
  -1.8751593e-02   3.1050000e+03
  -2.5525255e-02   3.1200000e+03
  -3.7468981e-02   3.1350000e+03
  -5.0795883e-02   3.1500000e+03
  -6.0780827e-02   3.1650000e+03
  -6.2875263e-02   3.1800000e+03
  -5.4818779e-02   3.1950000e+03
  -3.8832042e-02   3.2100000e+03
  -2.1661662e-02   3.2250000e+03
  -1.1579469e-02   3.2400000e+03
  -1.4085907e-02   3.2550000e+03
  -2.9124849e-02   3.2700000e+03
  -5.1289707e-02   3.2850000e+03
  -7.2463684e-02   3.3000000e+03
  -8.5217118e-02   3.3150000e+03
  -8.5290797e-02   3.3300000e+03
  -7.2237462e-02   3.3450000e+03
  -4.8460633e-02   3.3600000e+03
  -1.7838527e-02   3.3750000e+03
   1.4993131e-02   3.3900000e+03
   4.4744380e-02   3.4050000e+03
   6.5907121e-02   3.4200000e+03
   7.4145243e-02   3.4350000e+03
   6.8111874e-02   3.4500000e+03
   5.0438564e-02   3.4650000e+03
   2.7015546e-02   3.4800000e+03
   4.7865785e-03   3.4950000e+03
  -1.0763129e-02   3.5100000e+03
  -1.7134288e-02   3.5250000e+03
  -1.4843104e-02   3.5400000e+03
  -6.4283023e-03   3.5550000e+03
   4.7325562e-03   3.5700000e+03
   1.5351694e-02   3.5850000e+03
   2.2909677e-02   3.6000000e+03
   2.6112042e-02   3.6150000e+03
   2.5019156e-02   3.6300000e+03
   2.0833891e-02   3.6450000e+03
   1.5463572e-02   3.6600000e+03
   1.0896929e-02   3.6750000e+03
   8.4429523e-03   3.6900000e+03
   8.2133040e-03   3.7050000e+03
   9.3570082e-03   3.7200000e+03
   1.0917299e-02   3.7350000e+03
   1.2416777e-02   3.7500000e+03
   1.3574918e-02   3.7650000e+03
   1.3741313e-02   3.7800000e+03
   1.2082065e-02   3.7950000e+03
   8.5324403e-03   3.8100000e+03
   4.3665320e-03   3.8250000e+03
   1.5356364e-03   3.8400000e+03
   1.2977865e-03   3.8550000e+03
   3.3498562e-03   3.8700000e+03
   6.0135750e-03   3.8850000e+03
   7.0857941e-03   3.9000000e+03
   4.7898209e-03   3.9150000e+03
  -1.4107520e-03   3.9300000e+03
  -1.0313441e-02   3.9450000e+03
  -1.9156491e-02   3.9600000e+03
  -2.4683030e-02   3.9750000e+03
  -2.4691604e-02   3.9900000e+03
  -1.9202068e-02   4.0050000e+03
  -1.0523453e-02   4.0200000e+03
  -2.1743753e-03   4.0350000e+03
   2.7407163e-03   4.0500000e+03
   2.8591005e-03   4.0650000e+03
  -1.0162124e-03   4.0800000e+03
  -6.5183067e-03   4.0950000e+03
  -1.0997934e-02   4.1100000e+03
  -1.2845373e-02   4.1250000e+03
  -1.2175929e-02   4.1400000e+03
  -1.0510419e-02   4.1550000e+03
  -9.6945968e-03   4.1700000e+03
  -1.0841686e-02   4.1850000e+03
  -1.4037087e-02   4.2000000e+03
  -1.8848887e-02   4.2150000e+03
  -2.4953732e-02   4.2300000e+03
  -3.2141671e-02   4.2450000e+03
  -3.9677672e-02   4.2600000e+03
  -4.5783434e-02   4.2750000e+03
  -4.8067544e-02   4.2900000e+03
  -4.4918064e-02   4.3050000e+03
  -3.6855806e-02   4.3200000e+03
  -2.6611047e-02   4.3350000e+03
  -1.7611353e-02   4.3500000e+03
  -1.1920875e-02   4.3650000e+03
  -9.1840010e-03   4.3800000e+03
  -7.2688228e-03   4.3950000e+03
  -3.9069196e-03   4.4100000e+03
   1.9882293e-03   4.4250000e+03
   1.0050047e-02   4.4400000e+03
   1.8972786e-02   4.4550000e+03
   2.7166704e-02   4.4700000e+03
   3.3258330e-02   4.4850000e+03
   3.6544621e-02   4.5000000e+03
