   4.5479387e-03   0.0000000e+00
   4.5467257e-03   1.5000000e+01
   4.5419740e-03   3.0000000e+01
   4.5303442e-03   4.5000000e+01
   4.5098914e-03   6.0000000e+01
   4.4808653e-03   7.5000000e+01
   4.4441856e-03   9.0000000e+01
   4.4020591e-03   1.0500000e+02
   4.3596528e-03   1.2000000e+02
   4.3260478e-03   1.3500000e+02
   4.3151439e-03   1.5000000e+02
   4.3428936e-03   1.6500000e+02
   4.4266004e-03   1.8000000e+02
   4.5966641e-03   1.9500000e+02
   4.9076648e-03   2.1000000e+02
   5.4338085e-03   2.2500000e+02
   6.2607634e-03   2.4000000e+02
   7.4921828e-03   2.5500000e+02
   9.2765801e-03   2.7000000e+02
   1.1845876e-02   2.8500000e+02
   1.5561133e-02   3.0000000e+02
   2.0980401e-02   3.1500000e+02
   2.8943550e-02   3.3000000e+02
   4.0640317e-02   3.4500000e+02
   5.7672232e-02   3.6000000e+02
   8.2200281e-02   3.7500000e+02
   1.1731365e-01   3.9000000e+02
   1.6767250e-01   4.0500000e+02
   2.4015777e-01   4.2000000e+02
   3.4393477e-01   4.3500000e+02
   4.8943105e-01   4.5000000e+02
   6.8577224e-01   4.6500000e+02
   9.3530113e-01   4.8000000e+02
   1.2233900e+00   4.9500000e+02
   1.5056920e+00   5.1000000e+02
   1.7032743e+00   5.2500000e+02
   1.7198322e+00   5.4000000e+02
   1.4836613e+00   5.5500000e+02
   9.9395955e-01   5.7000000e+02
   3.3832127e-01   5.8500000e+02
  -3.3613625e-01   6.0000000e+02
  -8.8238204e-01   6.1500000e+02
  -1.2080512e+00   6.3000000e+02
  -1.2983232e+00   6.4500000e+02
  -1.2045188e+00   6.6000000e+02
  -1.0116711e+00   6.7500000e+02
  -8.0071330e-01   6.9000000e+02
  -6.2011641e-01   7.0500000e+02
  -4.8007616e-01   7.2000000e+02
  -3.7001655e-01   7.3500000e+02
  -2.8099576e-01   7.5000000e+02
  -2.1263561e-01   7.6500000e+02
  -1.6573994e-01   7.8000000e+02
  -1.3725980e-01   7.9500000e+02
  -1.2383250e-01   8.1000000e+02
  -1.2476704e-01   8.2500000e+02
  -1.3866663e-01   8.4000000e+02
  -1.5973096e-01   8.5500000e+02
  -1.7974257e-01   8.7000000e+02
  -1.9267727e-01   8.8500000e+02
  -1.9624765e-01   9.0000000e+02
  -1.9013351e-01   9.1500000e+02
  -1.7461464e-01   9.3000000e+02
  -1.5135241e-01   9.4500000e+02
  -1.2407370e-01   9.6000000e+02
  -9.7068280e-02   9.7500000e+02
  -7.3213398e-02   9.9000000e+02
  -5.3752542e-02   1.0050000e+03
  -3.8817853e-02   1.0200000e+03
  -2.7232679e-02   1.0350000e+03
  -1.6580723e-02   1.0500000e+03
  -4.3778913e-03   1.0650000e+03
   1.0900143e-02   1.0800000e+03
   2.9671514e-02   1.0950000e+03
   5.1199820e-02   1.1100000e+03
   7.3575802e-02   1.1250000e+03
   9.4211780e-02   1.1400000e+03
   1.1033271e-01   1.1550000e+03
   1.1903993e-01   1.1700000e+03
   1.1751579e-01   1.1850000e+03
   1.0375523e-01   1.2000000e+03
   7.7447467e-02   1.2150000e+03
   4.0438984e-02   1.2300000e+03
  -3.4901758e-03   1.2450000e+03
  -4.9435366e-02   1.2600000e+03
  -9.2502512e-02   1.2750000e+03
  -1.2886123e-01   1.2900000e+03
  -1.5621381e-01   1.3050000e+03
  -1.7356683e-01   1.3200000e+03
  -1.8067756e-01   1.3350000e+03
  -1.7763276e-01   1.3500000e+03
  -1.6486810e-01   1.3650000e+03
  -1.4357185e-01   1.3800000e+03
  -1.1602569e-01   1.3950000e+03
  -8.5462660e-02   1.4100000e+03
  -5.5373903e-02   1.4250000e+03
  -2.8567959e-02   1.4400000e+03
  -6.4600753e-03   1.4550000e+03
   1.1080368e-02   1.4700000e+03
   2.5246672e-02   1.4850000e+03
   3.7378181e-02   1.5000000e+03
   4.8131447e-02   1.5150000e+03
   5.7240658e-02   1.5300000e+03
   6.3908778e-02   1.5450000e+03
   6.7417674e-02   1.5600000e+03
   6.7503691e-02   1.5750000e+03
   6.4397931e-02   1.5900000e+03
   5.8740500e-02   1.6050000e+03
   5.1524267e-02   1.6200000e+03
   4.3988831e-02   1.6350000e+03
   3.7314903e-02   1.6500000e+03
   3.2177713e-02   1.6650000e+03
   2.8461073e-02   1.6800000e+03
   2.5371658e-02   1.6950000e+03
   2.1875426e-02   1.7100000e+03
   1.7157573e-02   1.7250000e+03
   1.0870498e-02   1.7400000e+03
   3.1483877e-03   1.7550000e+03
  -5.4975175e-03   1.7700000e+03
  -1.4301384e-02   1.7850000e+03
  -2.2344144e-02   1.8000000e+03
  -2.8623188e-02   1.8150000e+03
  -3.2095663e-02   1.8300000e+03
  -3.1750452e-02   1.8450000e+03
  -2.6793782e-02   1.8600000e+03
  -1.6947664e-02   1.8750000e+03
  -2.7039298e-03   1.8900000e+03
   1.4674713e-02   1.9050000e+03
   3.3470087e-02   1.9200000e+03
   5.1981989e-02   1.9350000e+03
   6.8901189e-02   1.9500000e+03
   8.3412670e-02   1.9650000e+03
   9.5034540e-02   1.9800000e+03
   1.0332379e-01   1.9950000e+03
   1.0761530e-01   2.0100000e+03
   1.0693593e-01   2.0250000e+03
   1.0017485e-01   2.0400000e+03
   8.6497866e-02   2.0550000e+03
   6.5882236e-02   2.0700000e+03
   3.9556209e-02   2.0850000e+03
   1.0106954e-02   2.1000000e+03
  -1.8879324e-02   2.1150000e+03
  -4.3579675e-02   2.1300000e+03
  -6.0844421e-02   2.1450000e+03
  -6.8952143e-02   2.1600000e+03
  -6.8006285e-02   2.1750000e+03
  -5.9898559e-02   2.1900000e+03
  -4.7833260e-02   2.2050000e+03
  -3.5464793e-02   2.2200000e+03
  -2.5835343e-02   2.2350000e+03
  -2.0463454e-02   2.2500000e+03
  -1.8953253e-02   2.2650000e+03
  -1.9281548e-02   2.2800000e+03
  -1.8611386e-02   2.2950000e+03
  -1.4296378e-02   2.3100000e+03
  -4.7476669e-03   2.3250000e+03
   1.0067500e-02   2.3400000e+03
   2.8625930e-02   2.3550000e+03
   4.8341449e-02   2.3700000e+03
   6.6347793e-02   2.3850000e+03
   8.0221742e-02   2.4000000e+03
   8.8359013e-02   2.4150000e+03
   8.9978963e-02   2.4300000e+03
   8.4979348e-02   2.4450000e+03
   7.3867902e-02   2.4600000e+03
   5.7786651e-02   2.4750000e+03
   3.8457323e-02   2.4900000e+03
   1.7909611e-02   2.5050000e+03
  -1.9432653e-03   2.5200000e+03
  -1.9663295e-02   2.5350000e+03
  -3.4400519e-02   2.5500000e+03
  -4.5753550e-02   2.5650000e+03
  -5.3524606e-02   2.5800000e+03
  -5.7551891e-02   2.5950000e+03
  -5.7725687e-02   2.6100000e+03
  -5.4158371e-02   2.6250000e+03
  -4.7354046e-02   2.6400000e+03
  -3.8198523e-02   2.6550000e+03
  -2.7711967e-02   2.6700000e+03
  -1.6701411e-02   2.6850000e+03
  -5.5558938e-03   2.7000000e+03
   5.6538321e-03   2.7150000e+03
   1.6813494e-02   2.7300000e+03
   2.7359845e-02   2.7450000e+03
   3.6091432e-02   2.7600000e+03
   4.1350771e-02   2.7750000e+03
   4.1534960e-02   2.7900000e+03
   3.5700474e-02   2.8050000e+03
   2.3965243e-02   2.8200000e+03
   7.5309011e-03   2.8350000e+03
  -1.1633250e-02   2.8500000e+03
  -3.1243674e-02   2.8650000e+03
  -4.9079705e-02   2.8800000e+03
  -6.3172087e-02   2.8950000e+03
  -7.1830623e-02   2.9100000e+03
  -7.3655270e-02   2.9250000e+03
  -6.7708865e-02   2.9400000e+03
  -5.3923659e-02   2.9550000e+03
  -3.3594675e-02   2.9700000e+03
  -9.6284542e-03   2.9850000e+03
   1.3756032e-02   3.0000000e+03
   3.1905401e-02   3.0150000e+03
   4.0881239e-02   3.0300000e+03
   3.8421307e-02   3.0450000e+03
   2.4387619e-02   3.0600000e+03
   6.6002487e-04   3.0750000e+03
  -2.9356141e-02   3.0900000e+03
  -6.1402418e-02   3.1050000e+03
  -9.1082104e-02   3.1200000e+03
  -1.1454862e-01   3.1350000e+03
  -1.2911317e-01   3.1500000e+03
  -1.3367663e-01   3.1650000e+03
  -1.2883735e-01   3.1800000e+03
  -1.1655816e-01   3.1950000e+03
  -9.9452257e-02   3.2100000e+03
  -7.9978853e-02   3.2250000e+03
  -5.9918582e-02   3.2400000e+03
  -4.0323406e-02   3.2550000e+03
  -2.1839526e-02   3.2700000e+03
  -5.1135067e-03   3.2850000e+03
   8.9856535e-03   3.3000000e+03
   1.9433657e-02   3.3150000e+03
   2.5335331e-02   3.3300000e+03
   2.6246704e-02   3.3450000e+03
   2.2362541e-02   3.3600000e+03
   1.4516170e-02   3.3750000e+03
   4.0744962e-03   3.3900000e+03
  -7.1686776e-03   3.4050000e+03
  -1.7111624e-02   3.4200000e+03
  -2.3586316e-02   3.4350000e+03
  -2.4778344e-02   3.4500000e+03
  -1.9721933e-02   3.4650000e+03
  -8.6759552e-03   3.4800000e+03
   6.7699319e-03   3.4950000e+03
   2.3924008e-02   3.5100000e+03
   3.9561819e-02   3.5250000e+03
   5.0750222e-02   3.5400000e+03
   5.5677287e-02   3.5550000e+03
   5.4136738e-02   3.5700000e+03
   4.7444116e-02   3.5850000e+03
   3.7871640e-02   3.6000000e+03
   2.7915601e-02   3.6150000e+03
   1.9677278e-02   3.6300000e+03
   1.4456268e-02   3.6450000e+03
   1.2550401e-02   3.6600000e+03
   1.3279728e-02   3.6750000e+03
   1.5263252e-02   3.6900000e+03
   1.6885547e-02   3.7050000e+03
   1.6785208e-02   3.7200000e+03
   1.4200801e-02   3.7350000e+03
   9.1092931e-03   3.7500000e+03
   2.1809046e-03   3.7650000e+03
  -5.3959605e-03   3.7800000e+03
  -1.2167369e-02   3.7950000e+03
  -1.6702035e-02   3.8100000e+03
  -1.7892377e-02   3.8250000e+03
  -1.5243529e-02   3.8400000e+03
  -9.0699382e-03   3.8550000e+03
  -4.7004988e-04   3.8700000e+03
   8.9829704e-03   3.8850000e+03
   1.7719949e-02   3.9000000e+03
   2.4589952e-02   3.9150000e+03
   2.9041223e-02   3.9300000e+03
   3.1069709e-02   3.9450000e+03
   3.1033283e-02   3.9600000e+03
   2.9410457e-02   3.9750000e+03
   2.6553163e-02   3.9900000e+03
   2.2512710e-02   4.0050000e+03
   1.7038515e-02   4.0200000e+03
   9.7784894e-03   4.0350000e+03
   5.8440602e-04   4.0500000e+03
  -1.0246295e-02   4.0650000e+03
  -2.1925284e-02   4.0800000e+03
  -3.3352807e-02   4.0950000e+03
  -4.3442551e-02   4.1100000e+03
  -5.1447921e-02   4.1250000e+03
  -5.7145659e-02   4.1400000e+03
  -6.0798068e-02   4.1550000e+03
  -6.2916882e-02   4.1700000e+03
  -6.3941635e-02   4.1850000e+03
  -6.3980885e-02   4.2000000e+03
  -6.2735409e-02   4.2150000e+03
  -5.9645195e-02   4.2300000e+03
  -5.4207135e-02   4.2450000e+03
  -4.6328664e-02   4.2600000e+03
  -3.6541011e-02   4.2750000e+03
  -2.5931278e-02   4.2900000e+03
  -1.5783435e-02   4.3050000e+03
  -7.0974855e-03   4.3200000e+03
  -2.5707786e-04   4.3350000e+03
   4.9695475e-03   4.3500000e+03
   9.1415141e-03   4.3650000e+03
   1.2804430e-02   4.3800000e+03
   1.6313516e-02   4.3950000e+03
   1.9849781e-02   4.4100000e+03
   2.3494668e-02   4.4250000e+03
   2.7236579e-02   4.4400000e+03
   3.0918224e-02   4.4550000e+03
   3.4231424e-02   4.4700000e+03
   3.6824860e-02   4.4850000e+03
   3.8466372e-02   4.5000000e+03
