  -3.7423577e-03   0.0000000e+00
  -3.7424772e-03   1.5000000e+01
  -3.7436301e-03   3.0000000e+01
  -3.7484963e-03   4.5000000e+01
  -3.7604396e-03   6.0000000e+01
  -3.7818451e-03   7.5000000e+01
  -3.8126104e-03   9.0000000e+01
  -3.8507988e-03   1.0500000e+02
  -3.8950867e-03   1.2000000e+02
  -3.9468426e-03   1.3500000e+02
  -4.0087346e-03   1.5000000e+02
  -4.0818737e-03   1.6500000e+02
  -4.1666292e-03   1.8000000e+02
  -4.2634280e-03   1.9500000e+02
  -4.3707015e-03   2.1000000e+02
  -4.4849752e-03   2.2500000e+02
  -4.6014246e-03   2.4000000e+02
  -4.7119060e-03   2.5500000e+02
  -4.8063407e-03   2.7000000e+02
  -4.8769852e-03   2.8500000e+02
  -4.9170055e-03   3.0000000e+02
  -4.9130251e-03   3.1500000e+02
  -4.8387856e-03   3.3000000e+02
  -4.6549011e-03   3.4500000e+02
  -4.3153078e-03   3.6000000e+02
  -3.7762453e-03   3.7500000e+02
  -3.0004664e-03   3.9000000e+02
  -1.9507097e-03   4.0500000e+02
  -5.7195395e-04   4.2000000e+02
   1.2253979e-03   4.3500000e+02
   3.5640353e-03   4.5000000e+02
   6.5862481e-03   4.6500000e+02
   1.0456170e-02   4.8000000e+02
   1.5378642e-02   4.9500000e+02
   2.1600628e-02   5.1000000e+02
   2.9391425e-02   5.2500000e+02
   3.9061680e-02   5.4000000e+02
   5.1056657e-02   5.5500000e+02
   6.6041112e-02   5.7000000e+02
   8.4885634e-02   5.8500000e+02
   1.0863000e-01   6.0000000e+02
   1.3850561e-01   6.1500000e+02
   1.7583761e-01   6.3000000e+02
   2.2165979e-01   6.4500000e+02
   2.7631643e-01   6.6000000e+02
   3.3940393e-01   6.7500000e+02
   4.0993381e-01   6.9000000e+02
   4.8640481e-01   7.0500000e+02
   5.6653672e-01   7.2000000e+02
   6.4632523e-01   7.3500000e+02
   7.1870244e-01   7.5000000e+02
   7.7337432e-01   7.6500000e+02
   7.9906189e-01   7.8000000e+02
   7.8704649e-01   7.9500000e+02
   7.3355871e-01   8.1000000e+02
   6.4001089e-01   8.2500000e+02
   5.1261234e-01   8.4000000e+02
   3.6283463e-01   8.5500000e+02
   2.0680191e-01   8.7000000e+02
   6.0711101e-02   8.8500000e+02
  -6.5327801e-02   9.0000000e+02
  -1.6867983e-01   9.1500000e+02
  -2.4981706e-01   9.3000000e+02
  -3.0868199e-01   9.4500000e+02
  -3.4583545e-01   9.6000000e+02
  -3.6438727e-01   9.7500000e+02
  -3.6880037e-01   9.9000000e+02
  -3.6311370e-01   1.0050000e+03
  -3.5094264e-01   1.0200000e+03
  -3.3515781e-01   1.0350000e+03
  -3.1700584e-01   1.0500000e+03
  -2.9700053e-01   1.0650000e+03
  -2.7625260e-01   1.0800000e+03
  -2.5589696e-01   1.0950000e+03
  -2.3638865e-01   1.1100000e+03
  -2.1808843e-01   1.1250000e+03
  -2.0145841e-01   1.1400000e+03
  -1.8654732e-01   1.1550000e+03
  -1.7304325e-01   1.1700000e+03
  -1.6063881e-01   1.1850000e+03
  -1.4903370e-01   1.2000000e+03
  -1.3786684e-01   1.2150000e+03
  -1.2673178e-01   1.2300000e+03
  -1.1514495e-01   1.2450000e+03
  -1.0252167e-01   1.2600000e+03
  -8.8206083e-02   1.2750000e+03
  -7.1582496e-02   1.2900000e+03
  -5.2228104e-02   1.3050000e+03
  -2.9979525e-02   1.3200000e+03
  -4.9632555e-03   1.3350000e+03
   2.2329858e-02   1.3500000e+03
   5.1002953e-02   1.3650000e+03
   7.9786174e-02   1.3800000e+03
   1.0714152e-01   1.3950000e+03
   1.3142884e-01   1.4100000e+03
   1.5106903e-01   1.4250000e+03
   1.6468713e-01   1.4400000e+03
   1.7124145e-01   1.4550000e+03
   1.7012529e-01   1.4700000e+03
   1.6126543e-01   1.4850000e+03
   1.4516886e-01   1.5000000e+03
   1.2283382e-01   1.5150000e+03
   9.5591173e-02   1.5300000e+03
   6.4964205e-02   1.5450000e+03
   3.2546330e-02   1.5600000e+03
  -9.5648371e-05   1.5750000e+03
  -3.1500686e-02   1.5900000e+03
  -6.0403902e-02   1.6050000e+03
  -8.5811697e-02   1.6200000e+03
  -1.0703121e-01   1.6350000e+03
  -1.2366749e-01   1.6500000e+03
  -1.3560672e-01   1.6650000e+03
  -1.4299202e-01   1.6800000e+03
  -1.4618586e-01   1.6950000e+03
  -1.4571093e-01   1.7100000e+03
  -1.4217627e-01   1.7250000e+03
  -1.3620172e-01   1.7400000e+03
  -1.2835316e-01   1.7550000e+03
  -1.1909962e-01   1.7700000e+03
  -1.0879970e-01   1.7850000e+03
  -9.7717747e-02   1.8000000e+03
  -8.6056553e-02   1.8150000e+03
  -7.3987663e-02   1.8300000e+03
  -6.1674401e-02   1.8450000e+03
  -4.9294807e-02   1.8600000e+03
  -3.7067983e-02   1.8750000e+03
  -2.5273684e-02   1.8900000e+03
  -1.4244690e-02   1.9050000e+03
  -4.3221107e-03   1.9200000e+03
   4.2081471e-03   1.9350000e+03
   1.1163758e-02   1.9500000e+03
   1.6482292e-02   1.9650000e+03
   2.0220183e-02   1.9800000e+03
   2.2553613e-02   1.9950000e+03
   2.3771614e-02   2.0100000e+03
   2.4231404e-02   2.0250000e+03
   2.4267025e-02   2.0400000e+03
   2.4088500e-02   2.0550000e+03
   2.3734629e-02   2.0700000e+03
   2.3118120e-02   2.0850000e+03
   2.2142842e-02   2.1000000e+03
   2.0827902e-02   2.1150000e+03
   1.9376844e-02   2.1300000e+03
   1.8168313e-02   2.1450000e+03
   1.7675890e-02   2.1600000e+03
   1.8336587e-02   2.1750000e+03
   2.0403404e-02   2.1900000e+03
   2.3843717e-02   2.2050000e+03
   2.8339876e-02   2.2200000e+03
   3.3381339e-02   2.2350000e+03
   3.8363442e-02   2.2500000e+03
   4.2621754e-02   2.2650000e+03
   4.5435585e-02   2.2800000e+03
   4.6105001e-02   2.2950000e+03
   4.4137064e-02   2.3100000e+03
   3.9432812e-02   2.3250000e+03
   3.2321747e-02   2.3400000e+03
   2.3413779e-02   2.3550000e+03
   1.3396096e-02   2.3700000e+03
   2.9182816e-03   2.3850000e+03
  -7.4186404e-03   2.4000000e+03
  -1.7061159e-02   2.4150000e+03
  -2.5554396e-02   2.4300000e+03
  -3.2610606e-02   2.4450000e+03
  -3.8127214e-02   2.4600000e+03
  -4.2145588e-02   2.4750000e+03
  -4.4796668e-02   2.4900000e+03
  -4.6261556e-02   2.5050000e+03
  -4.6731424e-02   2.5200000e+03
  -4.6357132e-02   2.5350000e+03
  -4.5219198e-02   2.5500000e+03
  -4.3346748e-02   2.5650000e+03
  -4.0758591e-02   2.5800000e+03
  -3.7471373e-02   2.5950000e+03
  -3.3469494e-02   2.6100000e+03
  -2.8693894e-02   2.6250000e+03
  -2.3090510e-02   2.6400000e+03
  -1.6682470e-02   2.6550000e+03
  -9.6012186e-03   2.6700000e+03
  -2.0707545e-03   2.6850000e+03
   5.6002638e-03   2.7000000e+03
   1.2986756e-02   2.7150000e+03
   1.9513240e-02   2.7300000e+03
   2.4473043e-02   2.7450000e+03
   2.7105913e-02   2.7600000e+03
   2.6695319e-02   2.7750000e+03
   2.2658257e-02   2.7900000e+03
   1.4632650e-02   2.8050000e+03
   2.5679048e-03   2.8200000e+03
  -1.3203659e-02   2.8350000e+03
  -3.1952303e-02   2.8500000e+03
  -5.2611716e-02   2.8650000e+03
  -7.3895864e-02   2.8800000e+03
  -9.4431259e-02   2.8950000e+03
  -1.1287833e-01   2.9100000e+03
  -1.2804614e-01   2.9250000e+03
  -1.3901091e-01   2.9400000e+03
  -1.4522229e-01   2.9550000e+03
  -1.4656036e-01   2.9700000e+03
  -1.4332289e-01   2.9850000e+03
  -1.3615745e-01   3.0000000e+03
  -1.2596466e-01   3.0150000e+03
  -1.1378716e-01   3.0300000e+03
  -1.0069273e-01   3.0450000e+03
  -8.7664858e-02   3.0600000e+03
  -7.5517520e-02   3.0750000e+03
  -6.4840116e-02   3.0900000e+03
  -5.5968296e-02   3.1050000e+03
  -4.8975829e-02   3.1200000e+03
  -4.3691430e-02   3.1350000e+03
  -3.9750528e-02   3.1500000e+03
  -3.6683042e-02   3.1650000e+03
  -3.4014747e-02   3.1800000e+03
  -3.1345382e-02   3.1950000e+03
  -2.8383767e-02   3.2100000e+03
  -2.4952658e-02   3.2250000e+03
  -2.0986479e-02   3.2400000e+03
  -1.6525624e-02   3.2550000e+03
  -1.1695819e-02   3.2700000e+03
  -6.6720913e-03   3.2850000e+03
  -1.6443417e-03   3.3000000e+03
   3.2018074e-03   3.3150000e+03
   7.6918243e-03   3.3300000e+03
   1.1665336e-02   3.3450000e+03
   1.4976527e-02   3.3600000e+03
   1.7492026e-02   3.3750000e+03
   1.9096604e-02   3.3900000e+03
   1.9718504e-02   3.4050000e+03
   1.9367108e-02   3.4200000e+03
   1.8155450e-02   3.4350000e+03
   1.6285127e-02   3.4500000e+03
   1.3997315e-02   3.4650000e+03
   1.1514283e-02   3.4800000e+03
   8.9968788e-03   3.4950000e+03
   6.5326677e-03   3.5100000e+03
   4.1557313e-03   3.5250000e+03
   1.8844411e-03   3.5400000e+03
  -2.4550947e-04   3.5550000e+03
  -2.1670125e-03   3.5700000e+03
  -3.7798227e-03   3.5850000e+03
  -4.9454784e-03   3.6000000e+03
  -5.4773395e-03   3.6150000e+03
  -5.1427181e-03   3.6300000e+03
  -3.6916975e-03   3.6450000e+03
  -9.0633758e-04   3.6600000e+03
   3.3506074e-03   3.6750000e+03
   9.1037052e-03   3.6900000e+03
   1.6252732e-02   3.7050000e+03
   2.4575535e-02   3.7200000e+03
   3.3738766e-02   3.7350000e+03
   4.3309610e-02   3.7500000e+03
   5.2767392e-02   3.7650000e+03
   6.1525054e-02   3.7800000e+03
   6.8974525e-02   3.7950000e+03
   7.4556783e-02   3.8100000e+03
   7.7837922e-02   3.8250000e+03
   7.8567296e-02   3.8400000e+03
   7.6706804e-02   3.8550000e+03
   7.2435834e-02   3.8700000e+03
   6.6136979e-02   3.8850000e+03
   5.8358651e-02   3.9000000e+03
   4.9748465e-02   3.9150000e+03
   4.0965639e-02   3.9300000e+03
   3.2597534e-02   3.9450000e+03
   2.5106519e-02   3.9600000e+03
   1.8813532e-02   3.9750000e+03
   1.3903822e-02   3.9900000e+03
   1.0437123e-02   4.0050000e+03
   8.3578536e-03   4.0200000e+03
   7.5113606e-03   4.0350000e+03
   7.6686009e-03   4.0500000e+03
   8.5526127e-03   4.0650000e+03
   9.8598190e-03   4.0800000e+03
   1.1277231e-02   4.0950000e+03
   1.2502019e-02   4.1100000e+03
   1.3266472e-02   4.1250000e+03
   1.3364903e-02   4.1400000e+03
   1.2675798e-02   4.1550000e+03
   1.1172926e-02   4.1700000e+03
   8.9212004e-03   4.1850000e+03
   6.0574096e-03   4.2000000e+03
   2.7615090e-03   4.2150000e+03
  -7.7257457e-04   4.2300000e+03
  -4.3592746e-03   4.2450000e+03
  -7.8335665e-03   4.2600000e+03
  -1.1053606e-02   4.2750000e+03
  -1.3898152e-02   4.2900000e+03
  -1.6266119e-02   4.3050000e+03
  -1.8084174e-02   4.3200000e+03
  -1.9320669e-02   4.3350000e+03
  -1.9995667e-02   4.3500000e+03
  -2.0175608e-02   4.3650000e+03
  -1.9949859e-02   4.3800000e+03
  -1.9399034e-02   4.3950000e+03
  -1.8571803e-02   4.4100000e+03
  -1.7481770e-02   4.4250000e+03
  -1.6122317e-02   4.4400000e+03
  -1.4486426e-02   4.4550000e+03
  -1.2579259e-02   4.4700000e+03
  -1.0421631e-02   4.4850000e+03
  -8.0509726e-03   4.5000000e+03
