  -1.0876037e-03   0.0000000e+00
  -1.0876667e-03   1.5000000e+01
  -1.0877959e-03   3.0000000e+01
  -1.0879168e-03   4.5000000e+01
  -1.0880416e-03   6.0000000e+01
  -1.0881781e-03   7.5000000e+01
  -1.0883310e-03   9.0000000e+01
  -1.0886061e-03   1.0500000e+02
  -1.0890813e-03   1.2000000e+02
  -1.0896513e-03   1.3500000e+02
  -1.0901905e-03   1.5000000e+02
  -1.0907152e-03   1.6500000e+02
  -1.0912649e-03   1.8000000e+02
  -1.0917985e-03   1.9500000e+02
  -1.0922853e-03   2.1000000e+02
  -1.0927549e-03   2.2500000e+02
  -1.0932594e-03   2.4000000e+02
  -1.0938343e-03   2.5500000e+02
  -1.0944656e-03   2.7000000e+02
  -1.0951028e-03   2.8500000e+02
  -1.0957475e-03   3.0000000e+02
  -1.0964575e-03   3.1500000e+02
  -1.0972652e-03   3.3000000e+02
  -1.0981434e-03   3.4500000e+02
  -1.0990644e-03   3.6000000e+02
  -1.1000497e-03   3.7500000e+02
  -1.1011143e-03   3.9000000e+02
  -1.1022330e-03   4.0500000e+02
  -1.1033525e-03   4.2000000e+02
  -1.1043022e-03   4.3500000e+02
  -1.1046095e-03   4.5000000e+02
  -1.1032708e-03   4.6500000e+02
  -1.0982141e-03   4.8000000e+02
  -1.0854763e-03   4.9500000e+02
  -1.0589907e-03   5.1000000e+02
  -1.0125033e-03   5.2500000e+02
  -9.4442483e-04   5.4000000e+02
  -8.6381112e-04   5.5500000e+02
  -7.9258723e-04   5.7000000e+02
  -7.5810507e-04   5.8500000e+02
  -7.7553740e-04   6.0000000e+02
  -8.3130365e-04   6.1500000e+02
  -8.8535435e-04   6.3000000e+02
  -8.9828827e-04   6.4500000e+02
  -8.6329289e-04   6.6000000e+02
  -8.0984406e-04   6.7500000e+02
  -7.6963776e-04   6.9000000e+02
  -7.3899125e-04   7.0500000e+02
  -6.8335369e-04   7.2000000e+02
  -5.8293209e-04   7.3500000e+02
  -4.6489103e-04   7.5000000e+02
  -3.8061320e-04   7.6500000e+02
  -3.5632434e-04   7.8000000e+02
  -3.7854211e-04   7.9500000e+02
  -4.2411816e-04   8.1000000e+02
  -4.8320481e-04   8.2500000e+02
  -5.4492173e-04   8.4000000e+02
  -5.8330823e-04   8.5500000e+02
  -5.8159383e-04   8.7000000e+02
  -5.6167762e-04   8.8500000e+02
  -5.6480506e-04   9.0000000e+02
  -6.0332438e-04   9.1500000e+02
  -6.5218407e-04   9.3000000e+02
  -6.8721327e-04   9.4500000e+02
  -7.0772989e-04   9.6000000e+02
  -7.1905396e-04   9.7500000e+02
  -7.2021096e-04   9.9000000e+02
  -7.1827864e-04   1.0050000e+03
  -7.3031086e-04   1.0200000e+03
  -7.5856323e-04   1.0350000e+03
  -7.8340631e-04   1.0500000e+03
  -7.9151167e-04   1.0650000e+03
  -7.9374557e-04   1.0800000e+03
  -8.0600026e-04   1.0950000e+03
  -8.2770461e-04   1.1100000e+03
  -8.4789685e-04   1.1250000e+03
  -8.6068892e-04   1.1400000e+03
  -8.6720538e-04   1.1550000e+03
  -8.6979946e-04   1.1700000e+03
  -8.7011320e-04   1.1850000e+03
  -8.6964539e-04   1.2000000e+03
  -8.6982257e-04   1.2150000e+03
  -8.7343145e-04   1.2300000e+03
  -8.8626560e-04   1.2450000e+03
  -9.1418152e-04   1.2600000e+03
  -9.5624593e-04   1.2750000e+03
  -1.0021060e-03   1.2900000e+03
  -1.0379512e-03   1.3050000e+03
  -1.0548697e-03   1.3200000e+03
  -1.0531073e-03   1.3350000e+03
  -1.0433543e-03   1.3500000e+03
  -1.0437551e-03   1.3650000e+03
  -1.0668235e-03   1.3800000e+03
  -1.1043843e-03   1.3950000e+03
  -1.1323832e-03   1.4100000e+03
  -1.1367168e-03   1.4250000e+03
  -1.1296141e-03   1.4400000e+03
  -1.1353391e-03   1.4550000e+03
  -1.1634909e-03   1.4700000e+03
  -1.2007655e-03   1.4850000e+03
  -1.2266247e-03   1.5000000e+03
  -1.2338153e-03   1.5150000e+03
  -1.2340394e-03   1.5300000e+03
  -1.2443336e-03   1.5450000e+03
  -1.2683340e-03   1.5600000e+03
  -1.2933961e-03   1.5750000e+03
  -1.3074647e-03   1.5900000e+03
  -1.3143771e-03   1.6050000e+03
  -1.3273035e-03   1.6200000e+03
  -1.3497361e-03   1.6350000e+03
  -1.3711018e-03   1.6500000e+03
  -1.3827721e-03   1.6650000e+03
  -1.3901888e-03   1.6800000e+03
  -1.4034528e-03   1.6950000e+03
  -1.4220304e-03   1.7100000e+03
  -1.4372614e-03   1.7250000e+03
  -1.4470306e-03   1.7400000e+03
  -1.4582829e-03   1.7550000e+03
  -1.4746934e-03   1.7700000e+03
  -1.4908554e-03   1.7850000e+03
  -1.5014261e-03   1.8000000e+03
  -1.5087647e-03   1.8150000e+03
  -1.5177386e-03   1.8300000e+03
  -1.5284743e-03   1.8450000e+03
  -1.5384706e-03   1.8600000e+03
  -1.5480397e-03   1.8750000e+03
  -1.5593000e-03   1.8900000e+03
  -1.5719204e-03   1.9050000e+03
  -1.5835072e-03   1.9200000e+03
  -1.5931709e-03   1.9350000e+03
  -1.6020387e-03   1.9500000e+03
  -1.6109594e-03   1.9650000e+03
  -1.6197928e-03   1.9800000e+03
  -1.6283729e-03   1.9950000e+03
  -1.6363261e-03   2.0100000e+03
  -1.6423912e-03   2.0250000e+03
  -1.6455649e-03   2.0400000e+03
  -1.6467007e-03   2.0550000e+03
  -1.6476830e-03   2.0700000e+03
  -1.6494007e-03   2.0850000e+03
  -1.6515937e-03   2.1000000e+03
  -1.6539543e-03   2.1150000e+03
  -1.6560907e-03   2.1300000e+03
  -1.6569271e-03   2.1450000e+03
  -1.6552776e-03   2.1600000e+03
  -1.6508208e-03   2.1750000e+03
  -1.6438226e-03   2.1900000e+03
  -1.6343349e-03   2.2050000e+03
  -1.6225118e-03   2.2200000e+03
  -1.6094064e-03   2.2350000e+03
  -1.5962601e-03   2.2500000e+03
  -1.5826981e-03   2.2650000e+03
  -1.5663129e-03   2.2800000e+03
  -1.5443247e-03   2.2950000e+03
  -1.5151810e-03   2.3100000e+03
  -1.4784056e-03   2.3250000e+03
  -1.4334657e-03   2.3400000e+03
  -1.3792946e-03   2.3550000e+03
  -1.3148672e-03   2.3700000e+03
  -1.2399633e-03   2.3850000e+03
  -1.1550729e-03   2.4000000e+03
  -1.0603126e-03   2.4150000e+03
  -9.5437712e-04   2.4300000e+03
  -8.3469629e-04   2.4450000e+03
  -6.9846539e-04   2.4600000e+03
  -5.4315577e-04   2.4750000e+03
  -3.6599668e-04   2.4900000e+03
  -1.6334852e-04   2.5050000e+03
   6.9100905e-05   2.5200000e+03
   3.3577543e-04   2.5350000e+03
   6.4136408e-04   2.5500000e+03
   9.9177146e-04   2.5650000e+03
   1.3947182e-03   2.5800000e+03
   1.8591955e-03   2.5950000e+03
   2.3944804e-03   2.6100000e+03
   3.0099230e-03   2.6250000e+03
   3.7155242e-03   2.6400000e+03
   4.5223585e-03   2.6550000e+03
   5.4424079e-03   2.6700000e+03
   6.4885421e-03   2.6850000e+03
   7.6755844e-03   2.7000000e+03
   9.0224501e-03   2.7150000e+03
   1.0554400e-02   2.7300000e+03
   1.2304274e-02   2.7450000e+03
   1.4312334e-02   2.7600000e+03
   1.6625332e-02   2.7750000e+03
   1.9295825e-02   2.7900000e+03
   2.2382053e-02   2.8050000e+03
   2.5947582e-02   2.8200000e+03
   3.0059725e-02   2.8350000e+03
   3.4786575e-02   2.8500000e+03
   4.0193040e-02   2.8650000e+03
   4.6335950e-02   2.8800000e+03
   5.3257618e-02   2.8950000e+03
   6.0977008e-02   2.9100000e+03
   6.9479026e-02   2.9250000e+03
   7.8703754e-02   2.9400000e+03
   8.8538148e-02   2.9550000e+03
   9.8812208e-02   2.9700000e+03
   1.0930056e-01   2.9850000e+03
   1.1972900e-01   3.0000000e+03
   1.2978531e-01   3.0150000e+03
   1.3913384e-01   3.0300000e+03
   1.4743340e-01   3.0450000e+03
   1.5435717e-01   3.0600000e+03
   1.5961297e-01   3.0750000e+03
   1.6296306e-01   3.0900000e+03
   1.6424304e-01   3.1050000e+03
   1.6337848e-01   3.1200000e+03
   1.6039540e-01   3.1350000e+03
   1.5541926e-01   3.1500000e+03
   1.4866136e-01   3.1650000e+03
   1.4039680e-01   3.1800000e+03
   1.3094218e-01   3.1950000e+03
   1.2063835e-01   3.2100000e+03
   1.0983867e-01   3.2250000e+03
   9.8897688e-02   3.2400000e+03
   8.8155746e-02   3.2550000e+03
   7.7919036e-02   3.2700000e+03
   6.8439879e-02   3.2850000e+03
   5.9904091e-02   3.3000000e+03
   5.2429818e-02   3.3150000e+03
   4.6077184e-02   3.3300000e+03
   4.0863242e-02   3.3450000e+03
   3.6774721e-02   3.3600000e+03
   3.3773076e-02   3.3750000e+03
   3.1791870e-02   3.3900000e+03
   3.0732144e-02   3.4050000e+03
   3.0463314e-02   3.4200000e+03
   3.0833241e-02   3.4350000e+03
   3.1683955e-02   3.4500000e+03
   3.2865383e-02   3.4650000e+03
   3.4241233e-02   3.4800000e+03
   3.5687584e-02   3.4950000e+03
   3.7089329e-02   3.5100000e+03
   3.8339362e-02   3.5250000e+03
   3.9341509e-02   3.5400000e+03
   4.0014863e-02   3.5550000e+03
   4.0296670e-02   3.5700000e+03
   4.0142138e-02   3.5850000e+03
   3.9520651e-02   3.6000000e+03
   3.8409978e-02   3.6150000e+03
   3.6792334e-02   3.6300000e+03
   3.4656681e-02   3.6450000e+03
   3.2007236e-02   3.6600000e+03
   2.8872147e-02   3.6750000e+03
   2.5304789e-02   3.6900000e+03
   2.1376135e-02   3.7050000e+03
   1.7164193e-02   3.7200000e+03
   1.2747691e-02   3.7350000e+03
   8.2061533e-03   3.7500000e+03
   3.6233568e-03   3.7650000e+03
  -9.1013697e-04   3.7800000e+03
  -5.2988916e-03   3.7950000e+03
  -9.4515169e-03   3.8100000e+03
  -1.3295927e-02   3.8250000e+03
  -1.6794227e-02   3.8400000e+03
  -1.9947186e-02   3.8550000e+03
  -2.2783987e-02   3.8700000e+03
  -2.5344322e-02   3.8850000e+03
  -2.7665664e-02   3.9000000e+03
  -2.9782385e-02   3.9150000e+03
  -3.1731281e-02   3.9300000e+03
  -3.3552688e-02   3.9450000e+03
  -3.5282224e-02   3.9600000e+03
  -3.6938451e-02   3.9750000e+03
  -3.8516194e-02   3.9900000e+03
  -3.9990768e-02   4.0050000e+03
  -4.1329622e-02   4.0200000e+03
  -4.2502869e-02   4.0350000e+03
  -4.3486081e-02   4.0500000e+03
  -4.4255503e-02   4.0650000e+03
  -4.4781573e-02   4.0800000e+03
  -4.5027338e-02   4.0950000e+03
  -4.4954378e-02   4.1100000e+03
  -4.4533998e-02   4.1250000e+03
  -4.3758888e-02   4.1400000e+03
  -4.2651460e-02   4.1550000e+03
  -4.1266698e-02   4.1700000e+03
  -3.9688367e-02   4.1850000e+03
  -3.8017794e-02   4.2000000e+03
  -3.6355961e-02   4.2150000e+03
  -3.4783546e-02   4.2300000e+03
  -3.3346977e-02   4.2450000e+03
  -3.2057866e-02   4.2600000e+03
  -3.0907214e-02   4.2750000e+03
  -2.9887889e-02   4.2900000e+03
  -2.9014217e-02   4.3050000e+03
  -2.8328586e-02   4.3200000e+03
  -2.7889689e-02   4.3350000e+03
  -2.7743656e-02   4.3500000e+03
  -2.7887015e-02   4.3650000e+03
  -2.8237753e-02   4.3800000e+03
  -2.8632948e-02   4.3950000e+03
  -2.8862996e-02   4.4100000e+03
  -2.8734900e-02   4.4250000e+03
  -2.8139617e-02   4.4400000e+03
  -2.7092732e-02   4.4550000e+03
  -2.5729017e-02   4.4700000e+03
  -2.4253724e-02   4.4850000e+03
  -2.2873554e-02   4.5000000e+03
