   3.6135132e-03   0.0000000e+00
   3.6129234e-03   1.5000000e+01
   3.6111863e-03   3.0000000e+01
   3.6085369e-03   4.5000000e+01
   3.6053550e-03   6.0000000e+01
   3.6016749e-03   7.5000000e+01
   3.5969357e-03   9.0000000e+01
   3.5905016e-03   1.0500000e+02
   3.5823486e-03   1.2000000e+02
   3.5729874e-03   1.3500000e+02
   3.5627431e-03   1.5000000e+02
   3.5510776e-03   1.6500000e+02
   3.5363468e-03   1.8000000e+02
   3.5144875e-03   1.9500000e+02
   3.4744546e-03   2.1000000e+02
   3.3932009e-03   2.2500000e+02
   3.2420990e-03   2.4000000e+02
   3.0166421e-03   2.5500000e+02
   2.7750765e-03   2.7000000e+02
   2.6336946e-03   2.8500000e+02
   2.6799564e-03   3.0000000e+02
   2.8655594e-03   3.1500000e+02
   3.0220989e-03   3.3000000e+02
   3.0323027e-03   3.4500000e+02
   2.9634021e-03   3.6000000e+02
   2.9675395e-03   3.7500000e+02
   3.0695461e-03   3.9000000e+02
   3.1478712e-03   4.0500000e+02
   3.1311838e-03   4.2000000e+02
   3.0971400e-03   4.3500000e+02
   3.1292450e-03   4.5000000e+02
   3.1876976e-03   4.6500000e+02
   3.2000751e-03   4.8000000e+02
   3.1865879e-03   4.9500000e+02
   3.2046493e-03   5.1000000e+02
   3.2421630e-03   5.2500000e+02
   3.2531065e-03   5.4000000e+02
   3.2438219e-03   5.5500000e+02
   3.2491002e-03   5.7000000e+02
   3.2635776e-03   5.8500000e+02
   3.2591741e-03   6.0000000e+02
   3.2411404e-03   6.1500000e+02
   3.2338658e-03   6.3000000e+02
   3.2329021e-03   6.4500000e+02
   3.2155893e-03   6.6000000e+02
   3.1786875e-03   6.7500000e+02
   3.1272369e-03   6.9000000e+02
   3.0446802e-03   7.0500000e+02
   2.9025481e-03   7.2000000e+02
   2.6834640e-03   7.3500000e+02
   2.3806167e-03   7.5000000e+02
   2.0023475e-03   7.6500000e+02
   1.6025017e-03   7.8000000e+02
   1.2900172e-03   7.9500000e+02
   1.1757574e-03   8.1000000e+02
   1.2874627e-03   8.2500000e+02
   1.5204467e-03   8.4000000e+02
   1.6732571e-03   8.5500000e+02
   1.5747355e-03   8.7000000e+02
   1.2268431e-03   8.8500000e+02
   8.1925839e-04   9.0000000e+02
   5.5640942e-04   9.1500000e+02
   4.5030029e-04   9.3000000e+02
   3.1368717e-04   9.4500000e+02
  -2.0932202e-05   9.6000000e+02
  -5.1044009e-04   9.7500000e+02
  -9.7535597e-04   9.9000000e+02
  -1.3430632e-03   1.0050000e+03
  -1.7342893e-03   1.0200000e+03
  -2.2772392e-03   1.0350000e+03
  -2.9207557e-03   1.0500000e+03
  -3.5176752e-03   1.0650000e+03
  -4.0378845e-03   1.0800000e+03
  -4.5724157e-03   1.0950000e+03
  -5.1271603e-03   1.1100000e+03
  -5.5384054e-03   1.1250000e+03
  -5.6217797e-03   1.1400000e+03
  -5.2609155e-03   1.1550000e+03
  -4.2319787e-03   1.1700000e+03
  -1.9646033e-03   1.1850000e+03
   2.5659460e-03   1.2000000e+03
   1.1028294e-02   1.2150000e+03
   2.6318343e-02   1.2300000e+03
   5.3486001e-02   1.2450000e+03
   1.0070567e-01   1.2600000e+03
   1.7995977e-01   1.2750000e+03
   3.0664444e-01   1.2900000e+03
   4.9628606e-01   1.3050000e+03
   7.5604773e-01   1.3200000e+03
   1.0701467e+00   1.3350000e+03
   1.3826010e+00   1.3500000e+03
   1.5875396e+00   1.3650000e+03
   1.5432737e+00   1.3800000e+03
   1.1236876e+00   1.3950000e+03
   3.0122030e-01   1.4100000e+03
  -7.7773565e-01   1.4250000e+03
  -1.7895926e+00   1.4400000e+03
  -2.3498809e+00   1.4550000e+03
  -2.2207754e+00   1.4700000e+03
  -1.4856067e+00   1.4850000e+03
  -5.3926075e-01   1.5000000e+03
   1.4746146e-01   1.5150000e+03
   3.3839428e-01   1.5300000e+03
   1.6447772e-01   1.5450000e+03
  -4.4175662e-02   1.5600000e+03
  -6.9273733e-02   1.5750000e+03
   4.3630380e-02   1.5900000e+03
   1.1967810e-01   1.6050000e+03
   8.5084915e-02   1.6200000e+03
   1.6393941e-02   1.6350000e+03
  -1.2529607e-02   1.6500000e+03
  -4.3393929e-02   1.6650000e+03
  -1.4676730e-01   1.6800000e+03
  -2.7974662e-01   1.6950000e+03
  -3.1257766e-01   1.7100000e+03
  -1.9197579e-01   1.7250000e+03
  -6.5442170e-03   1.7400000e+03
   1.2651290e-01   1.7550000e+03
   1.7588462e-01   1.7700000e+03
   1.6766536e-01   1.7850000e+03
   1.0825346e-01   1.8000000e+03
  -1.4477182e-04   1.8150000e+03
  -1.0027646e-01   1.8300000e+03
  -1.0767556e-01   1.8450000e+03
  -2.7366830e-03   1.8600000e+03
   1.4634386e-01   1.8750000e+03
   2.5431979e-01   1.8900000e+03
   2.8158599e-01   1.9050000e+03
   2.3360255e-01   1.9200000e+03
   1.3937150e-01   1.9350000e+03
   4.0428035e-02   1.9500000e+03
  -2.6819889e-02   1.9650000e+03
  -5.2768432e-02   1.9800000e+03
  -5.1004317e-02   1.9950000e+03
  -3.5743512e-02   2.0100000e+03
  -1.5363093e-02   2.0250000e+03
  -2.6770362e-03   2.0400000e+03
  -1.3116333e-02   2.0550000e+03
  -4.8145451e-02   2.0700000e+03
  -8.8296212e-02   2.0850000e+03
  -1.0594709e-01   2.1000000e+03
  -8.6440407e-02   2.1150000e+03
  -4.2193666e-02   2.1300000e+03
  -6.0656136e-03   2.1450000e+03
  -2.8440447e-03   2.1600000e+03
  -2.5123769e-02   2.1750000e+03
  -4.2982727e-02   2.1900000e+03
  -3.6992420e-02   2.2050000e+03
  -1.4730722e-02   2.2200000e+03
   4.2189104e-03   2.2350000e+03
   1.0055353e-02   2.2500000e+03
   6.7216312e-03   2.2650000e+03
   1.8287988e-03   2.2800000e+03
  -1.0151617e-03   2.2950000e+03
  -1.7977316e-03   2.3100000e+03
  -6.1895396e-04   2.3250000e+03
   4.2048404e-03   2.3400000e+03
   1.5163783e-02   2.3550000e+03
   3.2231227e-02   2.3700000e+03
   5.0369658e-02   2.3850000e+03
   6.1885305e-02   2.4000000e+03
   6.2639661e-02   2.4150000e+03
   5.5751637e-02   2.4300000e+03
   4.8564639e-02   2.4450000e+03
   4.5981169e-02   2.4600000e+03
   4.7099628e-02   2.4750000e+03
   4.8200663e-02   2.4900000e+03
   4.7699921e-02   2.5050000e+03
   4.6674564e-02   2.5200000e+03
   4.5120332e-02   2.5350000e+03
   4.0325522e-02   2.5500000e+03
   3.0490072e-02   2.5650000e+03
   1.8575009e-02   2.5800000e+03
   1.0282747e-02   2.5950000e+03
   8.0365082e-03   2.6100000e+03
   8.6701168e-03   2.6250000e+03
   7.5212759e-03   2.6400000e+03
   2.9999248e-03   2.6550000e+03
  -3.6417218e-03   2.6700000e+03
  -1.0805428e-02   2.6850000e+03
  -1.6933270e-02   2.7000000e+03
  -2.0014951e-02   2.7150000e+03
  -1.9267567e-02   2.7300000e+03
  -1.7009832e-02   2.7450000e+03
  -1.6679715e-02   2.7600000e+03
  -1.8467480e-02   2.7750000e+03
  -1.8394001e-02   2.7900000e+03
  -1.2422789e-02   2.8050000e+03
  -5.6660373e-04   2.8200000e+03
   1.3345387e-02   2.8350000e+03
   2.4585918e-02   2.8500000e+03
   2.9533533e-02   2.8650000e+03
   2.6547311e-02   2.8800000e+03
   1.7085120e-02   2.8950000e+03
   5.8404319e-03   2.9100000e+03
  -2.2244288e-03   2.9250000e+03
  -6.0827741e-03   2.9400000e+03
  -9.2107579e-03   2.9550000e+03
  -1.5388262e-02   2.9700000e+03
  -2.4652299e-02   2.9850000e+03
  -3.3905596e-02   3.0000000e+03
  -4.0329952e-02   3.0150000e+03
  -4.2697813e-02   3.0300000e+03
  -3.9755005e-02   3.0450000e+03
  -2.9401917e-02   3.0600000e+03
  -1.0993550e-02   3.0750000e+03
   1.1755769e-02   3.0900000e+03
   3.1336434e-02   3.1050000e+03
   4.0998936e-02   3.1200000e+03
   3.9502431e-02   3.1350000e+03
   3.1819072e-02   3.1500000e+03
   2.5149794e-02   3.1650000e+03
   2.3656627e-02   3.1800000e+03
   2.6222032e-02   3.1950000e+03
   2.8529510e-02   3.2100000e+03
   2.6701987e-02   3.2250000e+03
   1.8905684e-02   3.2400000e+03
   4.5546661e-03   3.2550000e+03
  -1.6203433e-02   3.2700000e+03
  -4.1221026e-02   3.2850000e+03
  -6.5385699e-02   3.3000000e+03
  -8.2645006e-02   3.3150000e+03
  -9.0003707e-02   3.3300000e+03
  -8.9321144e-02   3.3450000e+03
  -8.4632806e-02   3.3600000e+03
  -7.7647246e-02   3.3750000e+03
  -6.6139579e-02   3.3900000e+03
  -4.6845671e-02   3.4050000e+03
  -1.9787531e-02   3.4200000e+03
   1.0341679e-02   3.4350000e+03
   3.7051465e-02   3.4500000e+03
   5.6423977e-02   3.4650000e+03
   6.9010690e-02   3.4800000e+03
   7.7811897e-02   3.4950000e+03
   8.4518738e-02   3.5100000e+03
   8.7521769e-02   3.5250000e+03
   8.3262399e-02   3.5400000e+03
   6.9430232e-02   3.5550000e+03
   4.7120366e-02   3.5700000e+03
   2.0311743e-02   3.5850000e+03
  -6.4894548e-03   3.6000000e+03
  -3.0143838e-02   3.6150000e+03
  -4.8819285e-02   3.6300000e+03
  -6.0696103e-02   3.6450000e+03
  -6.3489228e-02   3.6600000e+03
  -5.5820014e-02   3.6750000e+03
  -3.9155170e-02   3.6900000e+03
  -1.8043496e-02   3.7050000e+03
   2.0479106e-03   3.7200000e+03
   1.7530408e-02   3.7350000e+03
   2.7694773e-02   3.7500000e+03
   3.3340514e-02   3.7650000e+03
   3.4817751e-02   3.7800000e+03
   3.1638771e-02   3.7950000e+03
   2.3863183e-02   3.8100000e+03
   1.3342813e-02   3.8250000e+03
   3.0097282e-03   3.8400000e+03
  -5.3178831e-03   3.8550000e+03
  -1.2209584e-02   3.8700000e+03
  -1.9327503e-02   3.8850000e+03
  -2.6694184e-02   3.9000000e+03
  -3.1422831e-02   3.9150000e+03
  -2.9543463e-02   3.9300000e+03
  -1.9528056e-02   3.9450000e+03
  -4.4083619e-03   3.9600000e+03
   9.4289063e-03   3.9750000e+03
   1.5901243e-02   3.9900000e+03
   1.2627341e-02   4.0050000e+03
   1.7583410e-03   4.0200000e+03
  -1.2030656e-02   4.0350000e+03
  -2.4678553e-02   4.0500000e+03
  -3.4725741e-02   4.0650000e+03
  -4.2999242e-02   4.0800000e+03
  -5.0728142e-02   4.0950000e+03
  -5.7925090e-02   4.1100000e+03
  -6.3302413e-02   4.1250000e+03
  -6.5394782e-02   4.1400000e+03
  -6.3540272e-02   4.1550000e+03
  -5.7857361e-02   4.1700000e+03
  -4.8633657e-02   4.1850000e+03
  -3.6112752e-02   4.2000000e+03
  -2.0958710e-02   4.2150000e+03
  -4.6560001e-03   4.2300000e+03
   1.0930065e-02   4.2450000e+03
   2.4581673e-02   4.2600000e+03
   3.6260691e-02   4.2750000e+03
   4.6476956e-02   4.2900000e+03
   5.5070464e-02   4.3050000e+03
   6.0651861e-02   4.3200000e+03
   6.1309181e-02   4.3350000e+03
   5.5986837e-02   4.3500000e+03
   4.5413937e-02   4.3650000e+03
   3.1971894e-02   4.3800000e+03
   1.8766157e-02   4.3950000e+03
   8.5922461e-03   4.4100000e+03
   3.2707567e-03   4.4250000e+03
   3.3583494e-03   4.4400000e+03
   8.0244010e-03   4.4550000e+03
   1.5092442e-02   4.4700000e+03
   2.1545129e-02   4.4850000e+03
   2.4643958e-02   4.5000000e+03
