  -1.7550275e-02   0.0000000e+00
  -1.7547984e-02   1.5000000e+01
  -1.7543487e-02   3.0000000e+01
  -1.7545365e-02   4.5000000e+01
  -1.7566986e-02   6.0000000e+01
  -1.7618766e-02   7.5000000e+01
  -1.7697802e-02   9.0000000e+01
  -1.7792061e-02   1.0500000e+02
  -1.7896589e-02   1.2000000e+02
  -1.8026665e-02   1.3500000e+02
  -1.8208552e-02   1.5000000e+02
  -1.8454107e-02   1.6500000e+02
  -1.8762125e-02   1.8000000e+02
  -1.9140687e-02   1.9500000e+02
  -1.9607186e-02   2.1000000e+02
  -2.0174168e-02   2.2500000e+02
  -2.0833779e-02   2.4000000e+02
  -2.1545986e-02   2.5500000e+02
  -2.2263860e-02   2.7000000e+02
  -2.2967704e-02   2.8500000e+02
  -2.3656456e-02   3.0000000e+02
  -2.4343507e-02   3.1500000e+02
  -2.5080213e-02   3.3000000e+02
  -2.5945820e-02   3.4500000e+02
  -2.7014188e-02   3.6000000e+02
  -2.8343029e-02   3.7500000e+02
  -2.9935157e-02   3.9000000e+02
  -3.1596463e-02   4.0500000e+02
  -3.2425549e-02   4.2000000e+02
  -2.8727001e-02   4.3500000e+02
  -7.5981985e-03   4.5000000e+02
   6.6051058e-02   4.6500000e+02
   2.6117936e-01   4.8000000e+02
   6.5815771e-01   4.9500000e+02
   1.2479453e+00   5.1000000e+02
   1.7875212e+00   5.2500000e+02
   1.8197720e+00   5.4000000e+02
   1.0657365e+00   5.5500000e+02
  -9.2919186e-02   5.7000000e+02
  -8.2906038e-01   5.8500000e+02
  -8.9028418e-01   6.0000000e+02
  -9.8832780e-01   6.1500000e+02
  -1.5112555e+00   6.3000000e+02
  -1.4596901e+00   6.4500000e+02
  -1.7710349e-02   6.6000000e+02
   1.3887165e+00   6.7500000e+02
   7.5936723e-01   6.9000000e+02
  -1.0146872e+00   7.0500000e+02
  -1.1460814e+00   7.2000000e+02
   4.8597735e-01   7.3500000e+02
   1.0806559e+00   7.5000000e+02
  -2.3597021e-01   7.6500000e+02
  -1.0081552e+00   7.8000000e+02
   9.9937497e-03   7.9500000e+02
   7.6794469e-01   8.1000000e+02
  -3.4996793e-02   8.2500000e+02
  -6.5485400e-01   8.4000000e+02
   6.0334504e-02   8.5500000e+02
   5.2674943e-01   8.7000000e+02
  -1.5888432e-01   8.8500000e+02
  -4.7275800e-01   9.0000000e+02
   1.7537695e-01   9.1500000e+02
   3.2131770e-01   9.3000000e+02
  -2.2262441e-01   9.4500000e+02
  -1.4663349e-01   9.6000000e+02
   2.6517260e-01   9.7500000e+02
   8.1568379e-03   9.9000000e+02
  -2.3859262e-01   1.0050000e+03
   8.0494672e-02   1.0200000e+03
   1.5199220e-01   1.0350000e+03
  -9.3419716e-02   1.0500000e+03
  -1.4399344e-02   1.0650000e+03
   1.1685351e-01   1.0800000e+03
  -1.0038654e-02   1.0950000e+03
  -4.9496841e-02   1.1100000e+03
   2.3168188e-02   1.1250000e+03
  -8.6885383e-03   1.1400000e+03
  -3.6526848e-02   1.1550000e+03
   1.6037464e-02   1.1700000e+03
   4.6363279e-02   1.1850000e+03
   2.7161945e-02   1.2000000e+03
  -7.6573197e-04   1.2150000e+03
  -1.9751858e-02   1.2300000e+03
  -4.2210754e-02   1.2450000e+03
  -6.8107910e-02   1.2600000e+03
  -7.2964229e-02   1.2750000e+03
  -5.4310534e-02   1.2900000e+03
  -1.4300723e-02   1.3050000e+03
   4.1594867e-02   1.3200000e+03
   7.8510590e-02   1.3350000e+03
   8.8844337e-02   1.3500000e+03
   9.1100372e-02   1.3650000e+03
   8.2256518e-02   1.3800000e+03
   6.5287396e-02   1.3950000e+03
   4.5088064e-02   1.4100000e+03
   1.4701235e-02   1.4250000e+03
  -1.4321108e-02   1.4400000e+03
  -3.1943738e-02   1.4550000e+03
  -4.6411015e-02   1.4700000e+03
  -5.6307495e-02   1.4850000e+03
  -5.4554839e-02   1.5000000e+03
  -3.9413437e-02   1.5150000e+03
  -1.3397576e-02   1.5300000e+03
   1.1303828e-02   1.5450000e+03
   2.3790227e-02   1.5600000e+03
   2.0995030e-02   1.5750000e+03
   1.0554676e-03   1.5900000e+03
  -3.0044494e-02   1.6050000e+03
  -5.7546888e-02   1.6200000e+03
  -6.9590315e-02   1.6350000e+03
  -6.5356560e-02   1.6500000e+03
  -5.5083938e-02   1.6650000e+03
  -4.6231542e-02   1.6800000e+03
  -3.6678273e-02   1.6950000e+03
  -2.6023276e-02   1.7100000e+03
  -1.6355934e-02   1.7250000e+03
  -4.7741854e-03   1.7400000e+03
   1.2208404e-02   1.7550000e+03
   3.1613614e-02   1.7700000e+03
   4.4420093e-02   1.7850000e+03
   4.2922813e-02   1.8000000e+03
   2.7767032e-02   1.8150000e+03
   5.7794936e-03   1.8300000e+03
  -1.5494561e-02   1.8450000e+03
  -2.9717131e-02   1.8600000e+03
  -3.2540850e-02   1.8750000e+03
  -2.2274271e-02   1.8900000e+03
  -1.4266410e-03   1.9050000e+03
   2.2814950e-02   1.9200000e+03
   4.2833701e-02   1.9350000e+03
   5.4360114e-02   1.9500000e+03
   5.5165481e-02   1.9650000e+03
   4.3252651e-02   1.9800000e+03
   1.8383268e-02   1.9950000e+03
  -1.5145654e-02   2.0100000e+03
  -4.8251584e-02   2.0250000e+03
  -7.0185475e-02   2.0400000e+03
  -7.2856419e-02   2.0550000e+03
  -5.4404736e-02   2.0700000e+03
  -2.0500295e-02   2.0850000e+03
   1.7517071e-02   2.1000000e+03
   4.6790257e-02   2.1150000e+03
   5.8217101e-02   2.1300000e+03
   5.0925925e-02   2.1450000e+03
   3.2301087e-02   2.1600000e+03
   1.2393825e-02   2.1750000e+03
  -2.5696941e-03   2.1900000e+03
  -1.1847490e-02   2.2050000e+03
  -1.7307488e-02   2.2200000e+03
  -2.0841261e-02   2.2350000e+03
  -2.4052583e-02   2.2500000e+03
  -2.8159365e-02   2.2650000e+03
  -3.2963570e-02   2.2800000e+03
  -3.6271006e-02   2.2950000e+03
  -3.4773458e-02   2.3100000e+03
  -2.5740558e-02   2.3250000e+03
  -8.8237897e-03   2.3400000e+03
   1.2418460e-02   2.3550000e+03
   3.0824024e-02   2.3700000e+03
   3.9251052e-02   2.3850000e+03
   3.5424247e-02   2.4000000e+03
   2.3190636e-02   2.4150000e+03
   8.8126250e-03   2.4300000e+03
  -3.3439510e-03   2.4450000e+03
  -1.1748066e-02   2.4600000e+03
  -1.6543161e-02   2.4750000e+03
  -1.8862063e-02   2.4900000e+03
  -2.0157564e-02   2.5050000e+03
  -2.0941315e-02   2.5200000e+03
  -2.0639295e-02   2.5350000e+03
  -1.9005487e-02   2.5500000e+03
  -1.6580710e-02   2.5650000e+03
  -1.3107840e-02   2.5800000e+03
  -6.5363031e-03   2.5950000e+03
   5.0636521e-03   2.6100000e+03
   2.0276142e-02   2.6250000e+03
   3.3439219e-02   2.6400000e+03
   3.7595641e-02   2.6550000e+03
   2.9128456e-02   2.6700000e+03
   1.0321052e-02   2.6850000e+03
  -1.2052066e-02   2.7000000e+03
  -3.0774748e-02   2.7150000e+03
  -4.1961569e-02   2.7300000e+03
  -4.6217039e-02   2.7450000e+03
  -4.6527028e-02   2.7600000e+03
  -4.4576794e-02   2.7750000e+03
  -3.9056372e-02   2.7900000e+03
  -2.8130131e-02   2.8050000e+03
  -1.3518108e-02   2.8200000e+03
  -9.2404761e-04   2.8350000e+03
   4.5623248e-03   2.8500000e+03
   2.9762739e-03   2.8650000e+03
  -1.5108453e-03   2.8800000e+03
  -5.5345502e-03   2.8950000e+03
  -9.0631573e-03   2.9100000e+03
  -1.3173782e-02   2.9250000e+03
  -1.7399367e-02   2.9400000e+03
  -2.0308118e-02   2.9550000e+03
  -2.0916022e-02   2.9700000e+03
  -1.7645745e-02   2.9850000e+03
  -7.3394887e-03   3.0000000e+03
   1.1391051e-02   3.0150000e+03
   3.3195153e-02   3.0300000e+03
   4.7031090e-02   3.0450000e+03
   4.4224259e-02   3.0600000e+03
   2.5068467e-02   3.0750000e+03
  -2.5395404e-03   3.0900000e+03
  -2.8757034e-02   3.1050000e+03
  -4.5069106e-02   3.1200000e+03
  -4.5334645e-02   3.1350000e+03
  -2.8416039e-02   3.1500000e+03
  -9.8326849e-04   3.1650000e+03
   2.4649369e-02   3.1800000e+03
   3.7559360e-02   3.1950000e+03
   3.3749651e-02   3.2100000e+03
   1.5880523e-02   3.2250000e+03
  -1.0354130e-02   3.2400000e+03
  -3.8625192e-02   3.2550000e+03
  -6.2191091e-02   3.2700000e+03
  -7.4365430e-02   3.2850000e+03
  -7.0977010e-02   3.3000000e+03
  -5.3510293e-02   3.3150000e+03
  -2.9822547e-02   3.3300000e+03
  -1.0745965e-02   3.3450000e+03
  -4.2217686e-03   3.3600000e+03
  -1.0771596e-02   3.3750000e+03
  -2.3361668e-02   3.3900000e+03
  -3.1898439e-02   3.4050000e+03
  -2.9508946e-02   3.4200000e+03
  -1.6265815e-02   3.4350000e+03
   2.1322414e-03   3.4500000e+03
   1.8770156e-02   3.4650000e+03
   2.8599480e-02   3.4800000e+03
   2.8572952e-02   3.4950000e+03
   1.7547702e-02   3.5100000e+03
  -1.8388346e-03   3.5250000e+03
  -2.1778544e-02   3.5400000e+03
  -3.2211181e-02   3.5550000e+03
  -2.7018853e-02   3.5700000e+03
  -7.9125939e-03   3.5850000e+03
   1.7312260e-02   3.6000000e+03
   3.9487109e-02   3.6150000e+03
   5.1336486e-02   3.6300000e+03
   4.8675515e-02   3.6450000e+03
   3.1698104e-02   3.6600000e+03
   6.3020717e-03   3.6750000e+03
  -1.7400382e-02   3.6900000e+03
  -3.0147897e-02   3.7050000e+03
  -2.8372156e-02   3.7200000e+03
  -1.4808769e-02   3.7350000e+03
   4.4071842e-03   3.7500000e+03
   2.2497244e-02   3.7650000e+03
   3.3421587e-02   3.7800000e+03
   3.3611298e-02   3.7950000e+03
   2.4194792e-02   3.8100000e+03
   1.0928058e-02   3.8250000e+03
   6.0951844e-04   3.8400000e+03
  -2.9083288e-03   3.8550000e+03
   2.9916345e-04   3.8700000e+03
   7.5379303e-03   3.8850000e+03
   1.4595409e-02   3.9000000e+03
   1.6920399e-02   3.9150000e+03
   1.2382060e-02   3.9300000e+03
   3.5831004e-03   3.9450000e+03
  -4.0589245e-03   3.9600000e+03
  -7.3226769e-03   3.9750000e+03
  -7.3784520e-03   3.9900000e+03
  -6.8672593e-03   4.0050000e+03
  -6.5682447e-03   4.0200000e+03
  -5.9303506e-03   4.0350000e+03
  -5.1552006e-03   4.0500000e+03
  -4.7682701e-03   4.0650000e+03
  -3.7636387e-03   4.0800000e+03
  -2.3214398e-05   4.0950000e+03
   7.2384397e-03   4.1100000e+03
   1.6422614e-02   4.1250000e+03
   2.4829429e-02   4.1400000e+03
   3.0221479e-02   4.1550000e+03
   3.1573243e-02   4.1700000e+03
   2.9411351e-02   4.1850000e+03
   2.5309825e-02   4.2000000e+03
   2.0212403e-02   4.2150000e+03
   1.3635667e-02   4.2300000e+03
   5.5455202e-03   4.2450000e+03
  -1.5842535e-03   4.2600000e+03
  -4.3560453e-03   4.2750000e+03
  -2.3358685e-03   4.2900000e+03
   1.1141822e-03   4.3050000e+03
   2.4410342e-03   4.3200000e+03
   1.1395379e-03   4.3350000e+03
  -1.2922735e-03   4.3500000e+03
  -4.4848677e-03   4.3650000e+03
  -9.9209175e-03   4.3800000e+03
  -1.8458491e-02   4.3950000e+03
  -2.7700203e-02   4.4100000e+03
  -3.2250945e-02   4.4250000e+03
  -2.7344327e-02   4.4400000e+03
  -1.3349536e-02   4.4550000e+03
   2.9818867e-03   4.4700000e+03
   1.2699833e-02   4.4850000e+03
   1.1299028e-02   4.5000000e+03
