  -8.5804076e-04   0.0000000e+00
  -8.5801358e-04   1.5000000e+01
  -8.5796311e-04   3.0000000e+01
  -8.5788470e-04   4.5000000e+01
  -8.5758464e-04   6.0000000e+01
  -8.5683761e-04   7.5000000e+01
  -8.5571018e-04   9.0000000e+01
  -8.5461000e-04   1.0500000e+02
  -8.5399544e-04   1.2000000e+02
  -8.5398654e-04   1.3500000e+02
  -8.5408101e-04   1.5000000e+02
  -8.5326808e-04   1.6500000e+02
  -8.5028540e-04   1.8000000e+02
  -8.4260391e-04   1.9500000e+02
  -8.2270225e-04   2.1000000e+02
  -7.7367557e-04   2.2500000e+02
  -6.7244237e-04   2.4000000e+02
  -5.0994515e-04   2.5500000e+02
  -3.2043282e-04   2.7000000e+02
  -1.8333276e-04   2.8500000e+02
  -1.6659897e-04   3.0000000e+02
  -2.4942227e-04   3.1500000e+02
  -3.2340887e-04   3.3000000e+02
  -3.0398497e-04   3.4500000e+02
  -2.2751738e-04   3.6000000e+02
  -1.9513519e-04   3.7500000e+02
  -2.3105030e-04   3.9000000e+02
  -2.6032340e-04   4.0500000e+02
  -2.3365155e-04   4.2000000e+02
  -1.9711988e-04   4.3500000e+02
  -2.0426932e-04   4.5000000e+02
  -2.3014372e-04   4.6500000e+02
  -2.2574241e-04   4.8000000e+02
  -2.0130919e-04   4.9500000e+02
  -1.9510117e-04   5.1000000e+02
  -2.0191810e-04   5.2500000e+02
  -1.9162262e-04   5.4000000e+02
  -1.6743634e-04   5.5500000e+02
  -1.5438508e-04   5.7000000e+02
  -1.5244177e-04   5.8500000e+02
  -1.4322549e-04   6.0000000e+02
  -1.2685596e-04   6.1500000e+02
  -1.1791708e-04   6.3000000e+02
  -1.1682104e-04   6.4500000e+02
  -1.1359689e-04   6.6000000e+02
  -1.1033344e-04   6.7500000e+02
  -1.1667916e-04   6.9000000e+02
  -1.3311300e-04   7.0500000e+02
  -1.5727038e-04   7.2000000e+02
  -1.9625558e-04   7.3500000e+02
  -2.5789658e-04   7.5000000e+02
  -3.3720836e-04   7.6500000e+02
  -4.1764005e-04   7.8000000e+02
  -4.7702424e-04   7.9500000e+02
  -4.9205782e-04   8.1000000e+02
  -4.5269771e-04   8.2500000e+02
  -3.8099507e-04   8.4000000e+02
  -3.2671177e-04   8.5500000e+02
  -3.3170363e-04   8.7000000e+02
  -3.9383394e-04   8.8500000e+02
  -4.6725481e-04   9.0000000e+02
  -5.0316873e-04   9.1500000e+02
  -4.9548037e-04   9.3000000e+02
  -4.8441452e-04   9.4500000e+02
  -5.0988694e-04   9.6000000e+02
  -5.6586298e-04   9.7500000e+02
  -6.1253650e-04   9.9000000e+02
  -6.3128502e-04   1.0050000e+03
  -6.4709794e-04   1.0200000e+03
  -6.8768620e-04   1.0350000e+03
  -7.4173813e-04   1.0500000e+03
  -7.7933882e-04   1.0650000e+03
  -8.0012815e-04   1.0800000e+03
  -8.3238527e-04   1.0950000e+03
  -8.8771147e-04   1.1100000e+03
  -9.4822538e-04   1.1250000e+03
  -1.0058865e-03   1.1400000e+03
  -1.0843609e-03   1.1550000e+03
  -1.2052351e-03   1.1700000e+03
  -1.3564549e-03   1.1850000e+03
  -1.5138162e-03   1.2000000e+03
  -1.6735502e-03   1.2150000e+03
  -1.8416981e-03   1.2300000e+03
  -2.0081070e-03   1.2450000e+03
  -2.1558937e-03   1.2600000e+03
  -2.2876118e-03   1.2750000e+03
  -2.4221304e-03   1.2900000e+03
  -2.5731947e-03   1.3050000e+03
  -2.7470598e-03   1.3200000e+03
  -2.9520877e-03   1.3350000e+03
  -3.1935785e-03   1.3500000e+03
  -3.4644247e-03   1.3650000e+03
  -3.7541636e-03   1.3800000e+03
  -4.0633716e-03   1.3950000e+03
  -4.4010007e-03   1.4100000e+03
  -4.7754231e-03   1.4250000e+03
  -5.1985318e-03   1.4400000e+03
  -5.6920778e-03   1.4550000e+03
  -6.2776241e-03   1.4700000e+03
  -6.9606989e-03   1.4850000e+03
  -7.7263326e-03   1.5000000e+03
  -8.5260170e-03   1.5150000e+03
  -9.2116799e-03   1.5300000e+03
  -9.3897413e-03   1.5450000e+03
  -8.1817117e-03   1.5600000e+03
  -3.8699482e-03   1.5750000e+03
   6.5431842e-03   1.5900000e+03
   2.7639028e-02   1.6050000e+03
   6.5201543e-02   1.6200000e+03
   1.2433809e-01   1.6350000e+03
   2.0547070e-01   1.6500000e+03
   2.9867360e-01   1.6650000e+03
   3.7898293e-01   1.6800000e+03
   4.0756634e-01   1.6950000e+03
   3.4371704e-01   1.7100000e+03
   1.6791631e-01   1.7250000e+03
  -9.3362182e-02   1.7400000e+03
  -3.5945436e-01   1.7550000e+03
  -5.2082694e-01   1.7700000e+03
  -4.9624458e-01   1.7850000e+03
  -2.9152980e-01   1.8000000e+03
  -1.4173483e-02   1.8150000e+03
   1.8167531e-01   1.8300000e+03
   1.9350554e-01   1.8450000e+03
   4.2092256e-02   1.8600000e+03
  -1.4367279e-01   1.8750000e+03
  -2.2344558e-01   1.8900000e+03
  -1.5026398e-01   1.9050000e+03
  -9.2597568e-04   1.9200000e+03
   9.2740014e-02   1.9350000e+03
   5.9341844e-02   1.9500000e+03
  -4.3156885e-02   1.9650000e+03
  -7.5464085e-02   1.9800000e+03
   3.6746580e-02   1.9950000e+03
   1.9022992e-01   2.0100000e+03
   1.7795238e-01   2.0250000e+03
  -6.9744058e-02   2.0400000e+03
  -3.3774084e-01   2.0550000e+03
  -3.1495136e-01   2.0700000e+03
   2.8811364e-02   2.0850000e+03
   3.4742382e-01   2.1000000e+03
   2.9863909e-01   2.1150000e+03
  -4.0535465e-02   2.1300000e+03
  -2.7491841e-01   2.1450000e+03
  -1.8467492e-01   2.1600000e+03
   5.2462365e-02   2.1750000e+03
   1.6470572e-01   2.1900000e+03
   1.2321945e-01   2.2050000e+03
   6.5856613e-02   2.2200000e+03
   4.1173737e-02   2.2350000e+03
  -5.3376826e-03   2.2500000e+03
  -7.2787471e-02   2.2650000e+03
  -8.9703411e-02   2.2800000e+03
  -3.3140097e-02   2.2950000e+03
   3.6058962e-02   2.3100000e+03
   4.5708321e-02   2.3250000e+03
  -1.8026890e-02   2.3400000e+03
  -9.0298235e-02   2.3550000e+03
  -9.2520483e-02   2.3700000e+03
  -4.9776200e-02   2.3850000e+03
  -5.9003484e-02   2.4000000e+03
  -9.2696793e-02   2.4150000e+03
  -6.7568808e-03   2.4300000e+03
   1.6918221e-01   2.4450000e+03
   2.0069233e-01   2.4600000e+03
   4.0599089e-02   2.4750000e+03
  -5.7090275e-02   2.4900000e+03
   2.3397807e-02   2.5050000e+03
   6.7449674e-02   2.5200000e+03
  -4.2578690e-02   2.5350000e+03
  -1.0702597e-01   2.5500000e+03
  -8.4785363e-03   2.5650000e+03
   7.2643131e-02   2.5800000e+03
   2.1026790e-02   2.5950000e+03
  -2.3965620e-02   2.6100000e+03
   1.5814876e-02   2.6250000e+03
   1.8970059e-02   2.6400000e+03
  -5.2572612e-02   2.6550000e+03
  -6.4329691e-02   2.6700000e+03
   2.2535274e-02   2.6850000e+03
   7.4061945e-02   2.7000000e+03
   2.1074900e-02   2.7150000e+03
  -4.8639946e-02   2.7300000e+03
  -5.8508188e-02   2.7450000e+03
  -3.3400230e-02   2.7600000e+03
  -1.2151345e-02   2.7750000e+03
   5.6880270e-03   2.7900000e+03
   1.8753050e-02   2.8050000e+03
   1.1696399e-02   2.8200000e+03
  -1.0383391e-02   2.8350000e+03
  -2.1999983e-02   2.8500000e+03
  -1.1943653e-02   2.8650000e+03
   6.0545923e-03   2.8800000e+03
   1.3424261e-02   2.8950000e+03
   6.6595683e-03   2.9100000e+03
   3.0763194e-04   2.9250000e+03
   9.8996246e-03   2.9400000e+03
   2.9851949e-02   2.9550000e+03
   3.7785020e-02   2.9700000e+03
   2.4287343e-02   2.9850000e+03
   5.3669345e-03   3.0000000e+03
   7.2483363e-04   3.0150000e+03
   1.1554268e-02   3.0300000e+03
   2.4118043e-02   3.0450000e+03
   2.6467513e-02   3.0600000e+03
   1.7927311e-02   3.0750000e+03
   6.6158883e-03   3.0900000e+03
  -1.9497683e-04   3.1050000e+03
  -4.0955422e-03   3.1200000e+03
  -1.2585509e-02   3.1350000e+03
  -2.6596965e-02   3.1500000e+03
  -3.4908079e-02   3.1650000e+03
  -2.7232518e-02   3.1800000e+03
  -1.0567896e-02   3.1950000e+03
  -2.4736749e-03   3.2100000e+03
  -6.3962177e-03   3.2250000e+03
  -4.4169659e-03   3.2400000e+03
   1.9363850e-02   3.2550000e+03
   5.5032458e-02   3.2700000e+03
   7.3170200e-02   3.2850000e+03
   5.3364530e-02   3.3000000e+03
   4.0684161e-03   3.3150000e+03
  -4.3967269e-02   3.3300000e+03
  -6.2411986e-02   3.3450000e+03
  -4.5794681e-02   3.3600000e+03
  -1.1323609e-02   3.3750000e+03
   1.8355148e-02   3.3900000e+03
   3.1012299e-02   3.4050000e+03
   2.6768515e-02   3.4200000e+03
   1.1394371e-02   3.4350000e+03
  -8.1885941e-03   3.4500000e+03
  -2.5276810e-02   3.4650000e+03
  -3.5398465e-02   3.4800000e+03
  -3.6713619e-02   3.4950000e+03
  -2.7014047e-02   3.5100000e+03
  -4.2731375e-03   3.5250000e+03
   2.5279917e-02   3.5400000e+03
   4.3178972e-02   3.5550000e+03
   3.2022089e-02   3.5700000e+03
  -3.1282986e-03   3.5850000e+03
  -3.2120753e-02   3.6000000e+03
  -2.6773863e-02   3.6150000e+03
   7.6004802e-03   3.6300000e+03
   3.3499755e-02   3.6450000e+03
   1.9489303e-02   3.6600000e+03
  -2.4741430e-02   3.6750000e+03
  -5.7200562e-02   3.6900000e+03
  -4.7663976e-02   3.7050000e+03
  -7.3307944e-03   3.7200000e+03
   2.7288567e-02   3.7350000e+03
   3.3557273e-02   3.7500000e+03
   1.9802893e-02   3.7650000e+03
   7.2994414e-03   3.7800000e+03
   5.0508007e-03   3.7950000e+03
   5.9407088e-03   3.8100000e+03
   1.4470272e-03   3.8250000e+03
  -7.1295411e-03   3.8400000e+03
  -1.1805154e-02   3.8550000e+03
  -7.4643735e-03   3.8700000e+03
   3.0803445e-03   3.8850000e+03
   1.0979326e-02   3.9000000e+03
   7.6923077e-03   3.9150000e+03
  -7.5069941e-03   3.9300000e+03
  -2.4666816e-02   3.9450000e+03
  -3.0206449e-02   3.9600000e+03
  -1.9529579e-02   3.9750000e+03
  -2.0454871e-03   3.9900000e+03
   7.9581989e-03   4.0050000e+03
   4.8239836e-03   4.0200000e+03
  -5.2153566e-03   4.0350000e+03
  -1.2706337e-02   4.0500000e+03
  -1.4010990e-02   4.0650000e+03
  -1.1570208e-02   4.0800000e+03
  -8.2524661e-03   4.0950000e+03
  -4.0129283e-03   4.1100000e+03
   2.3117322e-03   4.1250000e+03
   1.0002876e-02   4.1400000e+03
   1.6381817e-02   4.1550000e+03
   1.9265704e-02   4.1700000e+03
   1.8663935e-02   4.1850000e+03
   1.5965696e-02   4.2000000e+03
   1.2178991e-02   4.2150000e+03
   7.5260228e-03   4.2300000e+03
   2.2728671e-03   4.2450000e+03
  -3.0619730e-03   4.2600000e+03
  -8.3918031e-03   4.2750000e+03
  -1.3897934e-02   4.2900000e+03
  -1.8628750e-02   4.3050000e+03
  -2.0193910e-02   4.3200000e+03
  -1.7012326e-02   4.3350000e+03
  -1.0651436e-02   4.3500000e+03
  -4.8236977e-03   4.3650000e+03
  -1.7472599e-03   4.3800000e+03
  -2.9031499e-04   4.3950000e+03
   1.7827378e-03   4.4100000e+03
   4.4574281e-03   4.4250000e+03
   5.4452228e-03   4.4400000e+03
   3.5340954e-03   4.4550000e+03
   8.5189793e-04   4.4700000e+03
   8.5917156e-04   4.4850000e+03
   4.3360097e-03   4.5000000e+03
