  -1.1827854e-03   0.0000000e+00
  -1.1827683e-03   1.5000000e+01
  -1.1827487e-03   3.0000000e+01
  -1.1827446e-03   4.5000000e+01
  -1.1826447e-03   6.0000000e+01
  -1.1822795e-03   7.5000000e+01
  -1.1816429e-03   9.0000000e+01
  -1.1809794e-03   1.0500000e+02
  -1.1806254e-03   1.2000000e+02
  -1.1807247e-03   1.3500000e+02
  -1.1809451e-03   1.5000000e+02
  -1.1804732e-03   1.6500000e+02
  -1.1780815e-03   1.8000000e+02
  -1.1708930e-03   1.9500000e+02
  -1.1504629e-03   2.1000000e+02
  -1.0982815e-03   2.2500000e+02
  -9.8957773e-04   2.4000000e+02
  -8.1537309e-04   2.5500000e+02
  -6.1397650e-04   2.7000000e+02
  -4.7226867e-04   2.8500000e+02
  -4.6338199e-04   3.0000000e+02
  -5.6283042e-04   3.1500000e+02
  -6.5113889e-04   3.3000000e+02
  -6.3647202e-04   3.4500000e+02
  -5.6002772e-04   3.6000000e+02
  -5.3287466e-04   3.7500000e+02
  -5.8036187e-04   3.9000000e+02
  -6.1898446e-04   4.0500000e+02
  -5.9442566e-04   4.2000000e+02
  -5.5794505e-04   4.3500000e+02
  -5.6893157e-04   4.5000000e+02
  -6.0034962e-04   4.6500000e+02
  -5.9923786e-04   4.8000000e+02
  -5.7798182e-04   4.9500000e+02
  -5.7887693e-04   5.1000000e+02
  -5.9564644e-04   5.2500000e+02
  -5.9468695e-04   5.4000000e+02
  -5.7911227e-04   5.5500000e+02
  -5.7557074e-04   5.7000000e+02
  -5.8315875e-04   5.8500000e+02
  -5.8159721e-04   6.0000000e+02
  -5.7167327e-04   6.1500000e+02
  -5.6972733e-04   6.3000000e+02
  -5.7551306e-04   6.4500000e+02
  -5.7698443e-04   6.6000000e+02
  -5.7548576e-04   6.7500000e+02
  -5.8037404e-04   6.9000000e+02
  -5.9026707e-04   7.0500000e+02
  -6.0010364e-04   7.2000000e+02
  -6.1501149e-04   7.3500000e+02
  -6.4206263e-04   7.5000000e+02
  -6.7849777e-04   7.6500000e+02
  -7.1660918e-04   7.8000000e+02
  -7.5006229e-04   7.9500000e+02
  -7.7102339e-04   8.1000000e+02
  -7.7239127e-04   8.2500000e+02
  -7.5889810e-04   8.4000000e+02
  -7.4851076e-04   8.5500000e+02
  -7.5747824e-04   8.7000000e+02
  -7.8644213e-04   8.8500000e+02
  -8.2161423e-04   9.0000000e+02
  -8.4742607e-04   9.1500000e+02
  -8.5963932e-04   9.3000000e+02
  -8.6820946e-04   9.4500000e+02
  -8.8554982e-04   9.6000000e+02
  -9.1175898e-04   9.7500000e+02
  -9.3577785e-04   9.9000000e+02
  -9.5162849e-04   1.0050000e+03
  -9.6602406e-04   1.0200000e+03
  -9.8614220e-04   1.0350000e+03
  -1.0078494e-03   1.0500000e+03
  -1.0236867e-03   1.0650000e+03
  -1.0366526e-03   1.0800000e+03
  -1.0562817e-03   1.0950000e+03
  -1.0835682e-03   1.1100000e+03
  -1.1104229e-03   1.1250000e+03
  -1.1348366e-03   1.1400000e+03
  -1.1661082e-03   1.1550000e+03
  -1.2115394e-03   1.1700000e+03
  -1.2671724e-03   1.1850000e+03
  -1.3264954e-03   1.2000000e+03
  -1.3896516e-03   1.2150000e+03
  -1.4577386e-03   1.2300000e+03
  -1.5253266e-03   1.2450000e+03
  -1.5863116e-03   1.2600000e+03
  -1.6425836e-03   1.2750000e+03
  -1.7006911e-03   1.2900000e+03
  -1.7637160e-03   1.3050000e+03
  -1.8312091e-03   1.3200000e+03
  -1.9032921e-03   1.3350000e+03
  -1.9801960e-03   1.3500000e+03
  -2.0606278e-03   1.3650000e+03
  -2.1441516e-03   1.3800000e+03
  -2.2327390e-03   1.3950000e+03
  -2.3276210e-03   1.4100000e+03
  -2.4274718e-03   1.4250000e+03
  -2.5322963e-03   1.4400000e+03
  -2.6465943e-03   1.4550000e+03
  -2.7754267e-03   1.4700000e+03
  -2.9191989e-03   1.4850000e+03
  -3.0759294e-03   1.5000000e+03
  -3.2469509e-03   1.5150000e+03
  -3.4357251e-03   1.5300000e+03
  -3.6418836e-03   1.5450000e+03
  -3.8617775e-03   1.5600000e+03
  -4.0965793e-03   1.5750000e+03
  -4.3570236e-03   1.5900000e+03
  -4.6578483e-03   1.6050000e+03
  -5.0072693e-03   1.6200000e+03
  -5.4024057e-03   1.6350000e+03
  -5.8359369e-03   1.6500000e+03
  -6.3079367e-03   1.6650000e+03
  -6.8318159e-03   1.6800000e+03
  -7.4290545e-03   1.6950000e+03
  -8.1148753e-03   1.7100000e+03
  -8.8776620e-03   1.7250000e+03
  -9.6470006e-03   1.7400000e+03
  -1.0232055e-02   1.7550000e+03
  -1.0203503e-02   1.7700000e+03
  -8.6969696e-03   1.7850000e+03
  -4.1359430e-03   1.8000000e+03
   6.0728681e-03   1.8150000e+03
   2.5694957e-02   1.8300000e+03
   5.9320346e-02   1.8450000e+03
   1.1104341e-01   1.8600000e+03
   1.8183957e-01   1.8750000e+03
   2.6589304e-01   1.8900000e+03
   3.4719974e-01   1.9050000e+03
   3.9897138e-01   1.9200000e+03
   3.8878942e-01   1.9350000e+03
   2.9089111e-01   1.9500000e+03
   1.0287705e-01   1.9650000e+03
  -1.4111516e-01   1.9800000e+03
  -3.7146363e-01   1.9950000e+03
  -5.0509268e-01   2.0100000e+03
  -4.8368856e-01   2.0250000e+03
  -3.0965227e-01   2.0400000e+03
  -5.6050848e-02   2.0550000e+03
   1.6219443e-01   2.0700000e+03
   2.4490583e-01   2.0850000e+03
   1.5957586e-01   2.1000000e+03
  -4.1032728e-02   2.1150000e+03
  -2.4630751e-01   2.1300000e+03
  -3.4314799e-01   2.1450000e+03
  -2.7108693e-01   2.1600000e+03
  -5.5779353e-02   2.1750000e+03
   1.9194341e-01   2.1900000e+03
   3.2230937e-01   2.2050000e+03
   2.3617984e-01   2.2200000e+03
  -2.5476679e-02   2.2350000e+03
  -2.7567783e-01   2.2500000e+03
  -3.0928990e-01   2.2650000e+03
  -8.8817701e-02   2.2800000e+03
   1.9331171e-01   2.2950000e+03
   2.8177467e-01   2.3100000e+03
   1.1675981e-01   2.3250000e+03
  -1.0198762e-01   2.3400000e+03
  -1.4552800e-01   2.3550000e+03
  -1.9350877e-02   2.3700000e+03
   7.4137002e-02   2.3850000e+03
   2.7881768e-02   2.4000000e+03
  -3.1106224e-02   2.4150000e+03
   3.6569927e-02   2.4300000e+03
   1.3311544e-01   2.4450000e+03
   5.4276332e-02   2.4600000e+03
  -1.6767587e-01   2.4750000e+03
  -2.5336349e-01   2.4900000e+03
  -6.6998914e-02   2.5050000e+03
   1.7124061e-01   2.5200000e+03
   1.9347760e-01   2.5350000e+03
   4.6315361e-02   2.5500000e+03
  -3.9413411e-02   2.5650000e+03
  -1.7009694e-02   2.5800000e+03
  -2.4146399e-02   2.5950000e+03
  -8.1582971e-02   2.6100000e+03
  -6.0857255e-02   2.6250000e+03
   4.4665031e-02   2.6400000e+03
   7.9181612e-02   2.6550000e+03
   2.2822854e-03   2.6700000e+03
  -3.8834792e-02   2.6850000e+03
   1.5620480e-02   2.7000000e+03
   3.2966599e-02   2.7150000e+03
  -4.7731370e-02   2.7300000e+03
  -8.3185934e-02   2.7450000e+03
   1.6636150e-02   2.7600000e+03
   1.1239726e-01   2.7750000e+03
   6.3425250e-02   2.7900000e+03
  -4.7905251e-02   2.8050000e+03
  -6.9798678e-02   2.8200000e+03
  -1.1309835e-02   2.8350000e+03
   2.4291685e-02   2.8500000e+03
   1.6505597e-02   2.8650000e+03
   5.2444832e-03   2.8800000e+03
  -1.4722547e-02   2.8950000e+03
  -5.7957184e-02   2.9100000e+03
  -7.6226309e-02   2.9250000e+03
  -2.4744501e-02   2.9400000e+03
   4.7071487e-02   2.9550000e+03
   5.5257857e-02   2.9700000e+03
   2.0744474e-04   2.9850000e+03
  -4.2005267e-02   3.0000000e+03
  -2.7812188e-02   3.0150000e+03
   1.0338390e-02   3.0300000e+03
   2.2427781e-02   3.0450000e+03
   8.0009631e-04   3.0600000e+03
  -2.1837655e-02   3.0750000e+03
  -9.6198572e-03   3.0900000e+03
   4.3120731e-02   3.1050000e+03
   1.0054385e-01   3.1200000e+03
   1.1079525e-01   3.1350000e+03
   5.6755800e-02   3.1500000e+03
  -2.2956843e-02   3.1650000e+03
  -7.4475318e-02   3.1800000e+03
  -8.0346517e-02   3.1950000e+03
  -5.7130188e-02   3.2100000e+03
  -1.7218580e-02   3.2250000e+03
   3.8324013e-02   3.2400000e+03
   9.1709435e-02   3.2550000e+03
   1.0471860e-01   3.2700000e+03
   5.8710255e-02   3.2850000e+03
  -1.5430820e-02   3.3000000e+03
  -6.1656740e-02   3.3150000e+03
  -5.1461775e-02   3.3300000e+03
  -8.3868681e-03   3.3450000e+03
   1.7435895e-02   3.3600000e+03
  -2.0507900e-03   3.3750000e+03
  -4.6509665e-02   3.3900000e+03
  -6.8040073e-02   3.4050000e+03
  -3.8907427e-02   3.4200000e+03
   2.1658251e-02   3.4350000e+03
   6.6747904e-02   3.4500000e+03
   6.4619534e-02   3.4650000e+03
   2.4196699e-02   3.4800000e+03
  -1.5412290e-02   3.4950000e+03
  -1.9516271e-02   3.5100000e+03
   1.1220422e-02   3.5250000e+03
   4.0145781e-02   3.5400000e+03
   2.9006628e-02   3.5550000e+03
  -2.2511041e-02   3.5700000e+03
  -7.3213428e-02   3.5850000e+03
  -7.9153426e-02   3.6000000e+03
  -3.4999806e-02   3.6150000e+03
   2.3744592e-02   3.6300000e+03
   5.5680949e-02   3.6450000e+03
   4.7293626e-02   3.6600000e+03
   1.6136311e-02   3.6750000e+03
  -1.0929068e-02   3.6900000e+03
  -1.9263901e-02   3.7050000e+03
  -1.2049855e-02   3.7200000e+03
  -2.6988368e-03   3.7350000e+03
  -3.6033017e-03   3.7500000e+03
  -1.7186677e-02   3.7650000e+03
  -3.3239096e-02   3.7800000e+03
  -3.6573943e-02   3.7950000e+03
  -2.1946611e-02   3.8100000e+03
  -1.8977141e-03   3.8250000e+03
   4.4733831e-03   3.8400000e+03
  -7.2187860e-03   3.8550000e+03
  -2.0129159e-02   3.8700000e+03
  -1.5024691e-02   3.8850000e+03
   6.3659209e-03   3.9000000e+03
   2.2840844e-02   3.9150000e+03
   1.9913819e-02   3.9300000e+03
   8.2947100e-03   3.9450000e+03
   1.0223628e-02   3.9600000e+03
   3.0090090e-02   3.9750000e+03
   4.7149349e-02   3.9900000e+03
   4.0388189e-02   4.0050000e+03
   1.3847134e-02   4.0200000e+03
  -9.5212096e-03   4.0350000e+03
  -1.5690532e-02   4.0500000e+03
  -1.2400452e-02   4.0650000e+03
  -1.3577835e-02   4.0800000e+03
  -2.0398911e-02   4.0950000e+03
  -2.3952538e-02   4.1100000e+03
  -2.0580441e-02   4.1250000e+03
  -1.5468564e-02   4.1400000e+03
  -1.2334591e-02   4.1550000e+03
  -8.3464747e-03   4.1700000e+03
  -1.5483053e-03   4.1850000e+03
   3.7326606e-03   4.2000000e+03
   3.4643747e-03   4.2150000e+03
   1.3589876e-03   4.2300000e+03
   4.4005942e-03   4.2450000e+03
   1.2964641e-02   4.2600000e+03
   2.0141618e-02   4.2750000e+03
   2.0435723e-02   4.2900000e+03
   1.5369674e-02   4.3050000e+03
   9.9817459e-03   4.3200000e+03
   6.4189881e-03   4.3350000e+03
   2.1230197e-03   4.3500000e+03
  -6.4495993e-03   4.3650000e+03
  -1.8518386e-02   4.3800000e+03
  -2.7480526e-02   4.3950000e+03
  -2.6161758e-02   4.4100000e+03
  -1.4490707e-02   4.4250000e+03
  -7.1591092e-04   4.4400000e+03
   5.9679202e-03   4.4550000e+03
   2.9841666e-03   4.4700000e+03
  -5.4502017e-03   4.4850000e+03
  -1.2957308e-02   4.5000000e+03
