  -1.2767120e-03   0.0000000e+00
  -1.2767903e-03   1.5000000e+01
  -1.2769515e-03   3.0000000e+01
  -1.2771020e-03   4.5000000e+01
  -1.2772587e-03   6.0000000e+01
  -1.2774244e-03   7.5000000e+01
  -1.2776057e-03   9.0000000e+01
  -1.2779327e-03   1.0500000e+02
  -1.2785041e-03   1.2000000e+02
  -1.2791915e-03   1.3500000e+02
  -1.2798348e-03   1.5000000e+02
  -1.2804562e-03   1.6500000e+02
  -1.2811021e-03   1.8000000e+02
  -1.2817255e-03   1.9500000e+02
  -1.2822920e-03   2.1000000e+02
  -1.2828355e-03   2.2500000e+02
  -1.2834220e-03   2.4000000e+02
  -1.2841017e-03   2.5500000e+02
  -1.2848539e-03   2.7000000e+02
  -1.2856211e-03   2.8500000e+02
  -1.2863983e-03   3.0000000e+02
  -1.2872452e-03   3.1500000e+02
  -1.2882045e-03   3.3000000e+02
  -1.2892439e-03   3.4500000e+02
  -1.2903329e-03   3.6000000e+02
  -1.2915058e-03   3.7500000e+02
  -1.2927831e-03   3.9000000e+02
  -1.2941235e-03   4.0500000e+02
  -1.2954653e-03   4.2000000e+02
  -1.2966243e-03   4.3500000e+02
  -1.2970517e-03   4.5000000e+02
  -1.2955879e-03   4.6500000e+02
  -1.2898929e-03   4.8000000e+02
  -1.2754876e-03   4.9500000e+02
  -1.2454867e-03   5.1000000e+02
  -1.1927800e-03   5.2500000e+02
  -1.1155935e-03   5.4000000e+02
  -1.0242884e-03   5.5500000e+02
  -9.4382442e-04   5.7000000e+02
  -9.0526714e-04   5.8500000e+02
  -9.2578860e-04   6.0000000e+02
  -9.8985259e-04   6.1500000e+02
  -1.0518635e-03   6.3000000e+02
  -1.0670495e-03   6.4500000e+02
  -1.0277226e-03   6.6000000e+02
  -9.6739724e-04   6.7500000e+02
  -9.2199264e-04   6.9000000e+02
  -8.8709395e-04   7.0500000e+02
  -8.2323456e-04   7.2000000e+02
  -7.0797320e-04   7.3500000e+02
  -5.7260506e-04   7.5000000e+02
  -4.7616786e-04   7.6500000e+02
  -4.4894224e-04   7.8000000e+02
  -4.7560362e-04   7.9500000e+02
  -5.2937929e-04   8.1000000e+02
  -5.9847708e-04   8.2500000e+02
  -6.7014544e-04   8.4000000e+02
  -7.1479671e-04   8.5500000e+02
  -7.1345893e-04   8.7000000e+02
  -6.9118629e-04   8.8500000e+02
  -6.9514802e-04   9.0000000e+02
  -7.3973031e-04   9.1500000e+02
  -7.9654116e-04   9.3000000e+02
  -8.3771755e-04   9.4500000e+02
  -8.6193561e-04   9.6000000e+02
  -8.7510195e-04   9.7500000e+02
  -8.7646366e-04   9.9000000e+02
  -8.7449374e-04   1.0050000e+03
  -8.8877702e-04   1.0200000e+03
  -9.2186104e-04   1.0350000e+03
  -9.5122959e-04   1.0500000e+03
  -9.6142478e-04   1.0650000e+03
  -9.6473016e-04   1.0800000e+03
  -9.7953435e-04   1.0950000e+03
  -1.0054657e-03   1.1100000e+03
  -1.0298545e-03   1.1250000e+03
  -1.0455848e-03   1.1400000e+03
  -1.0538840e-03   1.1550000e+03
  -1.0577602e-03   1.1700000e+03
  -1.0593601e-03   1.1850000e+03
  -1.0603861e-03   1.2000000e+03
  -1.0623500e-03   1.2150000e+03
  -1.0684376e-03   1.2300000e+03
  -1.0853905e-03   1.2450000e+03
  -1.1199524e-03   1.2600000e+03
  -1.1709158e-03   1.2750000e+03
  -1.2262751e-03   1.2900000e+03
  -1.2701940e-03   1.3050000e+03
  -1.2924465e-03   1.3200000e+03
  -1.2932071e-03   1.3350000e+03
  -1.2847000e-03   1.3500000e+03
  -1.2879071e-03   1.3650000e+03
  -1.3173595e-03   1.3800000e+03
  -1.3636381e-03   1.3950000e+03
  -1.3989856e-03   1.4100000e+03
  -1.4071988e-03   1.4250000e+03
  -1.4024551e-03   1.4400000e+03
  -1.4127498e-03   1.4550000e+03
  -1.4490769e-03   1.4700000e+03
  -1.4959945e-03   1.4850000e+03
  -1.5297731e-03   1.5000000e+03
  -1.5420743e-03   1.5150000e+03
  -1.5464582e-03   1.5300000e+03
  -1.5626539e-03   1.5450000e+03
  -1.5949379e-03   1.5600000e+03
  -1.6287727e-03   1.5750000e+03
  -1.6501928e-03   1.5900000e+03
  -1.6635061e-03   1.6050000e+03
  -1.6838709e-03   1.6200000e+03
  -1.7154020e-03   1.6350000e+03
  -1.7460184e-03   1.6500000e+03
  -1.7657995e-03   1.6650000e+03
  -1.7810012e-03   1.6800000e+03
  -1.8032603e-03   1.6950000e+03
  -1.8319371e-03   1.7100000e+03
  -1.8569992e-03   1.7250000e+03
  -1.8759784e-03   1.7400000e+03
  -1.8969249e-03   1.7550000e+03
  -1.9241773e-03   1.7700000e+03
  -1.9515943e-03   1.7850000e+03
  -1.9730064e-03   1.8000000e+03
  -1.9910363e-03   1.8150000e+03
  -2.0112009e-03   1.8300000e+03
  -2.0336250e-03   1.8450000e+03
  -2.0554734e-03   1.8600000e+03
  -2.0771492e-03   1.8750000e+03
  -2.1011161e-03   1.8900000e+03
  -2.1270199e-03   1.9050000e+03
  -2.1521607e-03   1.9200000e+03
  -2.1755989e-03   1.9350000e+03
  -2.1987322e-03   1.9500000e+03
  -2.2226353e-03   1.9650000e+03
  -2.2472269e-03   1.9800000e+03
  -2.2723689e-03   1.9950000e+03
  -2.2976270e-03   2.0100000e+03
  -2.3214505e-03   2.0250000e+03
  -2.3425682e-03   2.0400000e+03
  -2.3619628e-03   2.0550000e+03
  -2.3819651e-03   2.0700000e+03
  -2.4038155e-03   2.0850000e+03
  -2.4273249e-03   2.1000000e+03
  -2.4520531e-03   2.1150000e+03
  -2.4773201e-03   2.1300000e+03
  -2.5016437e-03   2.1450000e+03
  -2.5235431e-03   2.1600000e+03
  -2.5426801e-03   2.1750000e+03
  -2.5594640e-03   2.1900000e+03
  -2.5740834e-03   2.2050000e+03
  -2.5869561e-03   2.2200000e+03
  -2.5996699e-03   2.2350000e+03
  -2.6139510e-03   2.2500000e+03
  -2.6292494e-03   2.2650000e+03
  -2.6421924e-03   2.2800000e+03
  -2.6487771e-03   2.2950000e+03
  -2.6465626e-03   2.3100000e+03
  -2.6345768e-03   2.3250000e+03
  -2.6118422e-03   2.3400000e+03
  -2.5766755e-03   2.3550000e+03
  -2.5273443e-03   2.3700000e+03
  -2.4630250e-03   2.3850000e+03
  -2.3836482e-03   2.4000000e+03
  -2.2883469e-03   2.4150000e+03
  -2.1739348e-03   2.4300000e+03
  -2.0349461e-03   2.4450000e+03
  -1.8649102e-03   2.4600000e+03
  -1.6570134e-03   2.4750000e+03
  -1.4033092e-03   2.4900000e+03
  -1.0936294e-03   2.5050000e+03
  -7.1546563e-04   2.5200000e+03
  -2.5425456e-04   2.5350000e+03
   3.0744090e-04   2.5500000e+03
   9.9195633e-04   2.5650000e+03
   1.8281012e-03   2.5800000e+03
   2.8513353e-03   2.5950000e+03
   4.1037011e-03   2.6100000e+03
   5.6353048e-03   2.6250000e+03
   7.5073484e-03   2.6400000e+03
   9.7952606e-03   2.6550000e+03
   1.2591174e-02   2.6700000e+03
   1.6006866e-02   2.6850000e+03
   2.0178316e-02   2.7000000e+03
   2.5271505e-02   2.7150000e+03
   3.1487357e-02   2.7300000e+03
   3.9063014e-02   2.7450000e+03
   4.8266970e-02   2.7600000e+03
   5.9385963e-02   2.7750000e+03
   7.2701156e-02   2.7900000e+03
   8.8450186e-02   2.8050000e+03
   1.0677127e-01   2.8200000e+03
   1.2762842e-01   2.8350000e+03
   1.5072285e-01   2.8500000e+03
   1.7540351e-01   2.8650000e+03
   2.0059699e-01   2.8800000e+03
   2.2478205e-01   2.8950000e+03
   2.4603587e-01   2.9100000e+03
   2.6217511e-01   2.9250000e+03
   2.7100024e-01   2.9400000e+03
   2.7062607e-01   2.9550000e+03
   2.5984862e-01   2.9700000e+03
   2.3846677e-01   2.9850000e+03
   2.0746432e-01   3.0000000e+03
   1.6897444e-01   3.0150000e+03
   1.2599975e-01   3.0300000e+03
   8.1935793e-02   3.0450000e+03
   4.0014483e-02   3.0600000e+03
   2.8177588e-03   3.0750000e+03
  -2.8009988e-02   3.0900000e+03
  -5.1795181e-02   3.1050000e+03
  -6.8654306e-02   3.1200000e+03
  -7.9213299e-02   3.1350000e+03
  -8.4356047e-02   3.1500000e+03
  -8.5081495e-02   3.1650000e+03
  -8.2466662e-02   3.1800000e+03
  -7.7668250e-02   3.1950000e+03
  -7.1882956e-02   3.2100000e+03
  -6.6227473e-02   3.2250000e+03
  -6.1560713e-02   3.2400000e+03
  -5.8314599e-02   3.2550000e+03
  -5.6403354e-02   3.2700000e+03
  -5.5250525e-02   3.2850000e+03
  -5.3933050e-02   3.3000000e+03
  -5.1412206e-02   3.3150000e+03
  -4.6805944e-02   3.3300000e+03
  -3.9645750e-02   3.3450000e+03
  -3.0050289e-02   3.3600000e+03
  -1.8748758e-02   3.3750000e+03
  -6.9174939e-03   3.3900000e+03
   4.1423361e-03   3.4050000e+03
   1.3384232e-02   3.4200000e+03
   2.0309897e-02   3.4350000e+03
   2.5057210e-02   3.4500000e+03
   2.8249145e-02   3.4650000e+03
   3.0678095e-02   3.4800000e+03
   3.2972381e-02   3.4950000e+03
   3.5387535e-02   3.5100000e+03
   3.7787355e-02   3.5250000e+03
   3.9777089e-02   3.5400000e+03
   4.0887624e-02   3.5550000e+03
   4.0718406e-02   3.5700000e+03
   3.9005660e-02   3.5850000e+03
   3.5637442e-02   3.6000000e+03
   3.0650485e-02   3.6150000e+03
   2.4223857e-02   3.6300000e+03
   1.6663829e-02   3.6450000e+03
   8.3729131e-03   3.6600000e+03
  -1.9336653e-04   3.6750000e+03
  -8.5723437e-03   3.6900000e+03
  -1.6337147e-02   3.7050000e+03
  -2.3138199e-02   3.7200000e+03
  -2.8746124e-02   3.7350000e+03
  -3.3092078e-02   3.7500000e+03
  -3.6291905e-02   3.7650000e+03
  -3.8637243e-02   3.7800000e+03
  -4.0543836e-02   3.7950000e+03
  -4.2462718e-02   3.8100000e+03
  -4.4776101e-02   3.8250000e+03
  -4.7708984e-02   3.8400000e+03
  -5.1285122e-02   3.8550000e+03
  -5.5338945e-02   3.8700000e+03
  -5.9570342e-02   3.8850000e+03
  -6.3611716e-02   3.9000000e+03
  -6.7079298e-02   3.9150000e+03
  -6.9597632e-02   3.9300000e+03
  -7.0802853e-02   3.9450000e+03
  -7.0339121e-02   3.9600000e+03
  -6.7866594e-02   3.9750000e+03
  -6.3098960e-02   3.9900000e+03
  -5.5876151e-02   4.0050000e+03
  -4.6251319e-02   4.0200000e+03
  -3.4550801e-02   4.0350000e+03
  -2.1372885e-02   4.0500000e+03
  -7.5253933e-03   4.0650000e+03
   6.0672536e-03   4.0800000e+03
   1.8457834e-02   4.0950000e+03
   2.8768629e-02   4.1100000e+03
   3.6297981e-02   4.1250000e+03
   4.0639110e-02   4.1400000e+03
   4.1771024e-02   4.1550000e+03
   4.0067576e-02   4.1700000e+03
   3.6208048e-02   4.1850000e+03
   3.1034505e-02   4.2000000e+03
   2.5430718e-02   4.2150000e+03
   2.0263787e-02   4.2300000e+03
   1.6362265e-02   4.2450000e+03
   1.4464818e-02   4.2600000e+03
   1.5095705e-02   4.2750000e+03
   1.8386466e-02   4.2900000e+03
   2.3916971e-02   4.3050000e+03
   3.0661605e-02   4.3200000e+03
   3.7101120e-02   4.3350000e+03
   4.1513652e-02   4.3500000e+03
   4.2398442e-02   4.3650000e+03
   3.8921356e-02   4.3800000e+03
   3.1228628e-02   4.3950000e+03
   2.0491831e-02   4.4100000e+03
   8.6350190e-03   4.4250000e+03
  -2.1803218e-03   4.4400000e+03
  -1.0139802e-02   4.4550000e+03
  -1.4235919e-02   4.4700000e+03
  -1.4464542e-02   4.4850000e+03
  -1.1716548e-02   4.5000000e+03
