  -3.0105119e-03   0.0000000e+00
  -3.0095722e-03   1.5000000e+01
  -3.0067686e-03   3.0000000e+01
  -3.0026222e-03   4.5000000e+01
  -2.9988925e-03   6.0000000e+01
  -2.9972414e-03   7.5000000e+01
  -2.9967993e-03   9.0000000e+01
  -2.9948675e-03   1.0500000e+02
  -2.9895934e-03   1.2000000e+02
  -2.9817359e-03   1.3500000e+02
  -2.9741044e-03   1.5000000e+02
  -2.9682457e-03   1.6500000e+02
  -2.9630305e-03   1.8000000e+02
  -2.9575417e-03   1.9500000e+02
  -2.9528821e-03   2.1000000e+02
  -2.9499729e-03   2.2500000e+02
  -2.9458208e-03   2.4000000e+02
  -2.9319793e-03   2.5500000e+02
  -2.8985145e-03   2.7000000e+02
  -2.8399676e-03   2.8500000e+02
  -2.7549276e-03   3.0000000e+02
  -2.6392522e-03   3.1500000e+02
  -2.4814571e-03   3.3000000e+02
  -2.2645686e-03   3.4500000e+02
  -1.9707715e-03   3.6000000e+02
  -1.5846946e-03   3.7500000e+02
  -1.0936139e-03   3.9000000e+02
  -4.8410293e-04   4.0500000e+02
   2.5952395e-04   4.2000000e+02
   1.1503875e-03   4.3500000e+02
   2.1977241e-03   4.5000000e+02
   3.4177676e-03   4.6500000e+02
   4.8437254e-03   4.8000000e+02
   6.5205046e-03   4.9500000e+02
   8.4932726e-03   5.1000000e+02
   1.0804447e-02   5.2500000e+02
   1.3494010e-02   5.4000000e+02
   1.6598808e-02   5.5500000e+02
   2.0170396e-02   5.7000000e+02
   2.4306389e-02   5.8500000e+02
   2.9137298e-02   6.0000000e+02
   3.4761533e-02   6.1500000e+02
   4.1219432e-02   6.3000000e+02
   4.8545465e-02   6.4500000e+02
   5.6827608e-02   6.6000000e+02
   6.6235274e-02   6.7500000e+02
   7.7023149e-02   6.9000000e+02
   8.9480557e-02   7.0500000e+02
   1.0384715e-01   7.2000000e+02
   1.2028307e-01   7.3500000e+02
   1.3889217e-01   7.5000000e+02
   1.5976089e-01   7.6500000e+02
   1.8301086e-01   7.8000000e+02
   2.0871276e-01   7.9500000e+02
   2.3653001e-01   8.1000000e+02
   2.6545051e-01   8.2500000e+02
   2.9411793e-01   8.4000000e+02
   3.2155898e-01   8.5500000e+02
   3.4747347e-01   8.7000000e+02
   3.7175578e-01   8.8500000e+02
   3.9399102e-01   9.0000000e+02
   4.1366363e-01   9.1500000e+02
   4.3051726e-01   9.3000000e+02
   4.4403237e-01   9.4500000e+02
   4.5236024e-01   9.6000000e+02
   4.5211905e-01   9.7500000e+02
   4.3974775e-01   9.9000000e+02
   4.1381583e-01   1.0050000e+03
   3.7667030e-01   1.0200000e+03
   3.3365348e-01   1.0350000e+03
   2.9017758e-01   1.0500000e+03
   2.4947752e-01   1.0650000e+03
   2.1287528e-01   1.0800000e+03
   1.8105817e-01   1.0950000e+03
   1.5432659e-01   1.1100000e+03
   1.3212785e-01   1.1250000e+03
   1.1319438e-01   1.1400000e+03
   9.6340194e-02   1.1550000e+03
   8.1071407e-02   1.1700000e+03
   6.7572556e-02   1.1850000e+03
   5.6180857e-02   1.2000000e+03
   4.6765819e-02   1.2150000e+03
   3.8635392e-02   1.2300000e+03
   3.1104401e-02   1.2450000e+03
   2.3947995e-02   1.2600000e+03
   1.7161915e-02   1.2750000e+03
   1.0601727e-02   1.2900000e+03
   4.1576978e-03   1.3050000e+03
  -1.9562272e-03   1.3200000e+03
  -7.4363253e-03   1.3350000e+03
  -1.2318324e-02   1.3500000e+03
  -1.6937098e-02   1.3650000e+03
  -2.1547170e-02   1.3800000e+03
  -2.6193261e-02   1.3950000e+03
  -3.0900845e-02   1.4100000e+03
  -3.5789862e-02   1.4250000e+03
  -4.0958598e-02   1.4400000e+03
  -4.6370476e-02   1.4550000e+03
  -5.1923234e-02   1.4700000e+03
  -5.7574533e-02   1.4850000e+03
  -6.3329265e-02   1.5000000e+03
  -6.9137007e-02   1.5150000e+03
  -7.4886404e-02   1.5300000e+03
  -8.0495462e-02   1.5450000e+03
  -8.5934900e-02   1.5600000e+03
  -9.1159463e-02   1.5750000e+03
  -9.6085705e-02   1.5900000e+03
  -1.0066476e-01   1.6050000e+03
  -1.0494206e-01   1.6200000e+03
  -1.0903152e-01   1.6350000e+03
  -1.1306341e-01   1.6500000e+03
  -1.1717238e-01   1.6650000e+03
  -1.2149230e-01   1.6800000e+03
  -1.2609896e-01   1.6950000e+03
  -1.3092580e-01   1.7100000e+03
  -1.3573498e-01   1.7250000e+03
  -1.4017856e-01   1.7400000e+03
  -1.4390893e-01   1.7550000e+03
  -1.4668652e-01   1.7700000e+03
  -1.4846307e-01   1.7850000e+03
  -1.4942397e-01   1.8000000e+03
  -1.4995874e-01   1.8150000e+03
  -1.5055159e-01   1.8300000e+03
  -1.5163746e-01   1.8450000e+03
  -1.5349098e-01   1.8600000e+03
  -1.5618098e-01   1.8750000e+03
  -1.5957712e-01   1.8900000e+03
  -1.6338359e-01   1.9050000e+03
  -1.6719444e-01   1.9200000e+03
  -1.7057598e-01   1.9350000e+03
  -1.7316510e-01   1.9500000e+03
  -1.7474541e-01   1.9650000e+03
  -1.7526102e-01   1.9800000e+03
  -1.7476043e-01   1.9950000e+03
  -1.7330827e-01   2.0100000e+03
  -1.7092349e-01   2.0250000e+03
  -1.6757809e-01   2.0400000e+03
  -1.6324234e-01   2.0550000e+03
  -1.5793329e-01   2.0700000e+03
  -1.5173732e-01   2.0850000e+03
  -1.4481094e-01   2.1000000e+03
  -1.3737585e-01   2.1150000e+03
  -1.2970287e-01   2.1300000e+03
  -1.2206607e-01   2.1450000e+03
  -1.1467165e-01   2.1600000e+03
  -1.0760494e-01   2.1750000e+03
  -1.0083794e-01   2.1900000e+03
  -9.4286919e-02   2.2050000e+03
  -8.7861188e-02   2.2200000e+03
  -8.1462584e-02   2.2350000e+03
  -7.4961849e-02   2.2500000e+03
  -6.8211325e-02   2.2650000e+03
  -6.1106868e-02   2.2800000e+03
  -5.3642798e-02   2.2950000e+03
  -4.5902982e-02   2.3100000e+03
  -3.8004398e-02   2.3250000e+03
  -3.0062750e-02   2.3400000e+03
  -2.2214584e-02   2.3550000e+03
  -1.4654228e-02   2.3700000e+03
  -7.6258541e-03   2.3850000e+03
  -1.3675168e-03   2.4000000e+03
   3.9442796e-03   2.4150000e+03
   8.2158195e-03   2.4300000e+03
   1.1436048e-02   2.4450000e+03
   1.3676639e-02   2.4600000e+03
   1.5083069e-02   2.4750000e+03
   1.5836228e-02   2.4900000e+03
   1.6096238e-02   2.5050000e+03
   1.5969386e-02   2.5200000e+03
   1.5521920e-02   2.5350000e+03
   1.4824059e-02   2.5500000e+03
   1.3994662e-02   2.5650000e+03
   1.3233177e-02   2.5800000e+03
   1.2832207e-02   2.5950000e+03
   1.3151719e-02   2.6100000e+03
   1.4540737e-02   2.6250000e+03
   1.7230624e-02   2.6400000e+03
   2.1256309e-02   2.6550000e+03
   2.6445381e-02   2.6700000e+03
   3.2467760e-02   2.6850000e+03
   3.8912974e-02   2.7000000e+03
   4.5371458e-02   2.7150000e+03
   5.1506892e-02   2.7300000e+03
   5.7098873e-02   2.7450000e+03
   6.2034253e-02   2.7600000e+03
   6.6254362e-02   2.7750000e+03
   6.9699243e-02   2.7900000e+03
   7.2288230e-02   2.8050000e+03
   7.3939025e-02   2.8200000e+03
   7.4595764e-02   2.8350000e+03
   7.4239202e-02   2.8500000e+03
   7.2878510e-02   2.8650000e+03
   7.0544027e-02   2.8800000e+03
   6.7296863e-02   2.8950000e+03
   6.3250028e-02   2.9100000e+03
   5.8578249e-02   2.9250000e+03
   5.3499155e-02   2.9400000e+03
   4.8233267e-02   2.9550000e+03
   4.2965543e-02   2.9700000e+03
   3.7822835e-02   2.9850000e+03
   3.2866649e-02   3.0000000e+03
   2.8100258e-02   3.0150000e+03
   2.3494400e-02   3.0300000e+03
   1.9027684e-02   3.0450000e+03
   1.4722619e-02   3.0600000e+03
   1.0658973e-02   3.0750000e+03
   6.9633946e-03   3.0900000e+03
   3.7870824e-03   3.1050000e+03
   1.2797702e-03   3.1200000e+03
  -4.4123299e-04   3.1350000e+03
  -1.3286487e-03   3.1500000e+03
  -1.4406167e-03   3.1650000e+03
  -9.5377502e-04   3.1800000e+03
  -1.3698719e-04   3.1950000e+03
   7.0970692e-04   3.2100000e+03
   1.3223677e-03   3.2250000e+03
   1.5144201e-03   3.2400000e+03
   1.1790879e-03   3.2550000e+03
   2.6362814e-04   3.2700000e+03
  -1.2628909e-03   3.2850000e+03
  -3.4285942e-03   3.3000000e+03
  -6.2558376e-03   3.3150000e+03
  -9.7429892e-03   3.3300000e+03
  -1.3847806e-02   3.3450000e+03
  -1.8484244e-02   3.3600000e+03
  -2.3530070e-02   3.3750000e+03
  -2.8836032e-02   3.3900000e+03
  -3.4234174e-02   3.4050000e+03
  -3.9549120e-02   3.4200000e+03
  -4.4612255e-02   3.4350000e+03
  -4.9273044e-02   3.4500000e+03
  -5.3406402e-02   3.4650000e+03
  -5.6922503e-02   3.4800000e+03
  -5.9781197e-02   3.4950000e+03
  -6.1999790e-02   3.5100000e+03
  -6.3640468e-02   3.5250000e+03
  -6.4780466e-02   3.5400000e+03
  -6.5485887e-02   3.5550000e+03
  -6.5806925e-02   3.5700000e+03
  -6.5791167e-02   3.5850000e+03
  -6.5495998e-02   3.6000000e+03
  -6.4986408e-02   3.6150000e+03
  -6.4321280e-02   3.6300000e+03
  -6.3540235e-02   3.6450000e+03
  -6.2659644e-02   3.6600000e+03
  -6.1678469e-02   3.6750000e+03
  -6.0589410e-02   3.6900000e+03
  -5.9388585e-02   3.7050000e+03
  -5.8076706e-02   3.7200000e+03
  -5.6650650e-02   3.7350000e+03
  -5.5094033e-02   3.7500000e+03
  -5.3378277e-02   3.7650000e+03
  -5.1474657e-02   3.7800000e+03
  -4.9364921e-02   3.7950000e+03
  -4.7038868e-02   3.8100000e+03
  -4.4483118e-02   3.8250000e+03
  -4.1676566e-02   3.8400000e+03
  -3.8601428e-02   3.8550000e+03
  -3.5262663e-02   3.8700000e+03
  -3.1701699e-02   3.8850000e+03
  -2.7997922e-02   3.9000000e+03
  -2.4261018e-02   3.9150000e+03
  -2.0617450e-02   3.9300000e+03
  -1.7190281e-02   3.9450000e+03
  -1.4074899e-02   3.9600000e+03
  -1.1322631e-02   3.9750000e+03
  -8.9444909e-03   3.9900000e+03
  -6.9319443e-03   4.0050000e+03
  -5.2757445e-03   4.0200000e+03
  -3.9678016e-03   4.0350000e+03
  -2.9911792e-03   4.0500000e+03
  -2.3151042e-03   4.0650000e+03
  -1.9011874e-03   4.0800000e+03
  -1.7099758e-03   4.0950000e+03
  -1.6972296e-03   4.1100000e+03
  -1.8052410e-03   4.1250000e+03
  -1.9619947e-03   4.1400000e+03
  -2.0888865e-03   4.1550000e+03
  -2.1041709e-03   4.1700000e+03
  -1.9154847e-03   4.1850000e+03
  -1.4137174e-03   4.2000000e+03
  -4.8636729e-04   4.2150000e+03
   9.4823493e-04   4.2300000e+03
   2.9046074e-03   4.2450000e+03
   5.3121652e-03   4.2600000e+03
   8.0217738e-03   4.2750000e+03
   1.0831373e-02   4.2900000e+03
   1.3524606e-02   4.3050000e+03
   1.5916668e-02   4.3200000e+03
   1.7895017e-02   4.3350000e+03
   1.9437652e-02   4.3500000e+03
   2.0600028e-02   4.3650000e+03
   2.1478722e-02   4.3800000e+03
   2.2169186e-02   4.3950000e+03
   2.2730887e-02   4.4100000e+03
   2.3166327e-02   4.4250000e+03
   2.3420297e-02   4.4400000e+03
   2.3404714e-02   4.4550000e+03
   2.3042630e-02   4.4700000e+03
   2.2309257e-02   4.4850000e+03
   2.1246474e-02   4.5000000e+03
