  -9.9377865e-03   0.0000000e+00
  -9.9382438e-03   1.5000000e+01
  -9.9412771e-03   3.0000000e+01
  -9.9527398e-03   4.5000000e+01
  -9.9808732e-03   6.0000000e+01
  -1.0032021e-02   7.5000000e+01
  -1.0105782e-02   9.0000000e+01
  -1.0196907e-02   1.0500000e+02
  -1.0302874e-02   1.2000000e+02
  -1.0430315e-02   1.3500000e+02
  -1.0591168e-02   1.5000000e+02
  -1.0792448e-02   1.6500000e+02
  -1.1037452e-02   1.8000000e+02
  -1.1332860e-02   1.9500000e+02
  -1.1686480e-02   2.1000000e+02
  -1.2102765e-02   2.2500000e+02
  -1.2577021e-02   2.4000000e+02
  -1.3088838e-02   2.5500000e+02
  -1.3614211e-02   2.7000000e+02
  -1.4145909e-02   2.8500000e+02
  -1.4690569e-02   3.0000000e+02
  -1.5252142e-02   3.1500000e+02
  -1.5823729e-02   3.3000000e+02
  -1.6383076e-02   3.4500000e+02
  -1.6890543e-02   3.6000000e+02
  -1.7295703e-02   3.7500000e+02
  -1.7546428e-02   3.9000000e+02
  -1.7595109e-02   4.0500000e+02
  -1.7389974e-02   4.2000000e+02
  -1.6823640e-02   4.3500000e+02
  -1.5652349e-02   4.5000000e+02
  -1.3445192e-02   4.6500000e+02
  -9.5481500e-03   4.8000000e+02
  -2.9317336e-03   4.9500000e+02
   8.1963520e-03   5.1000000e+02
   2.7058803e-02   5.2500000e+02
   5.9379533e-02   5.4000000e+02
   1.1511633e-01   5.5500000e+02
   2.1073192e-01   5.7000000e+02
   3.7027842e-01   5.8500000e+02
   6.2046504e-01   6.0000000e+02
   9.7191823e-01   6.1500000e+02
   1.3828627e+00   6.3000000e+02
   1.7223357e+00   6.4500000e+02
   1.7815800e+00   6.6000000e+02
   1.3810481e+00   6.7500000e+02
   5.3791064e-01   6.9000000e+02
  -4.5892805e-01   7.0500000e+02
  -1.2033182e+00   7.2000000e+02
  -1.4614961e+00   7.3500000e+02
  -1.3053629e+00   7.5000000e+02
  -9.6517175e-01   7.6500000e+02
  -6.2699413e-01   7.8000000e+02
  -3.9100468e-01   7.9500000e+02
  -2.9049748e-01   8.1000000e+02
  -2.6376975e-01   8.2500000e+02
  -2.1124122e-01   8.4000000e+02
  -1.3276660e-01   8.5500000e+02
  -9.7115986e-02   8.7000000e+02
  -9.2304640e-02   8.8500000e+02
  -5.9217080e-02   9.0000000e+02
  -1.7417524e-02   9.1500000e+02
  -8.7074246e-03   9.3000000e+02
  -8.2844840e-03   9.4500000e+02
   5.5457158e-03   9.6000000e+02
   9.4467234e-03   9.7500000e+02
   1.3925543e-03   9.9000000e+02
   2.9975695e-03   1.0050000e+03
   1.2649486e-02   1.0200000e+03
   2.0022571e-02   1.0350000e+03
   2.3694128e-02   1.0500000e+03
   1.8700253e-02   1.0650000e+03
   2.2810872e-03   1.0800000e+03
  -1.9561151e-02   1.0950000e+03
  -4.0200531e-02   1.1100000e+03
  -5.4843817e-02   1.1250000e+03
  -6.3872583e-02   1.1400000e+03
  -7.1886115e-02   1.1550000e+03
  -7.6912038e-02   1.1700000e+03
  -7.3094845e-02   1.1850000e+03
  -5.8958657e-02   1.2000000e+03
  -3.3984739e-02   1.2150000e+03
   6.8085711e-04   1.2300000e+03
   3.8314499e-02   1.2450000e+03
   7.0655935e-02   1.2600000e+03
   8.9953631e-02   1.2750000e+03
   9.0490818e-02   1.2900000e+03
   7.4862055e-02   1.3050000e+03
   5.2657489e-02   1.3200000e+03
   3.2172773e-02   1.3350000e+03
   1.7188104e-02   1.3500000e+03
   7.3404815e-03   1.3650000e+03
  -7.8260910e-04   1.3800000e+03
  -1.0637153e-02   1.3950000e+03
  -2.3927383e-02   1.4100000e+03
  -4.0184624e-02   1.4250000e+03
  -5.5857651e-02   1.4400000e+03
  -6.6228464e-02   1.4550000e+03
  -6.9764152e-02   1.4700000e+03
  -6.8717256e-02   1.4850000e+03
  -6.5604784e-02   1.5000000e+03
  -6.0711779e-02   1.5150000e+03
  -5.2792903e-02   1.5300000e+03
  -4.1184813e-02   1.5450000e+03
  -2.6437381e-02   1.5600000e+03
  -9.1528697e-03   1.5750000e+03
   9.6742995e-03   1.5900000e+03
   2.6295600e-02   1.6050000e+03
   3.4648202e-02   1.6200000e+03
   3.1516850e-02   1.6350000e+03
   2.0894682e-02   1.6500000e+03
   1.1925790e-02   1.6650000e+03
   1.2163325e-02   1.6800000e+03
   2.2686850e-02   1.6950000e+03
   3.8759243e-02   1.7100000e+03
   5.3938933e-02   1.7250000e+03
   6.3465871e-02   1.7400000e+03
   6.5074086e-02   1.7550000e+03
   5.8404446e-02   1.7700000e+03
   4.4660885e-02   1.7850000e+03
   2.6431147e-02   1.8000000e+03
   6.7150770e-03   1.8150000e+03
  -1.2430495e-02   1.8300000e+03
  -3.0009979e-02   1.8450000e+03
  -4.4801380e-02   1.8600000e+03
  -5.4720879e-02   1.8750000e+03
  -5.8093987e-02   1.8900000e+03
  -5.5178035e-02   1.9050000e+03
  -4.7913868e-02   1.9200000e+03
  -3.8536672e-02   1.9350000e+03
  -2.8992081e-02   1.9500000e+03
  -2.1322213e-02   1.9650000e+03
  -1.7436165e-02   1.9800000e+03
  -1.7589802e-02   1.9950000e+03
  -1.9045059e-02   2.0100000e+03
  -1.6788924e-02   2.0250000e+03
  -6.2623573e-03   2.0400000e+03
   1.3947397e-02   2.0550000e+03
   4.1343190e-02   2.0700000e+03
   7.0767544e-02   2.0850000e+03
   9.6496806e-02   2.1000000e+03
   1.1413822e-01   2.1150000e+03
   1.2178162e-01   2.1300000e+03
   1.2009309e-01   2.1450000e+03
   1.1140630e-01   2.1600000e+03
   9.8397925e-02   2.1750000e+03
   8.3100647e-02   2.1900000e+03
   6.6679165e-02   2.2050000e+03
   4.9875200e-02   2.2200000e+03
   3.3585254e-02   2.2350000e+03
   1.8948441e-02   2.2500000e+03
   6.7713237e-03   2.2650000e+03
  -3.2465507e-03   2.2800000e+03
  -1.2781169e-02   2.2950000e+03
  -2.4214648e-02   2.3100000e+03
  -3.9124530e-02   2.3250000e+03
  -5.6655362e-02   2.3400000e+03
  -7.2976716e-02   2.3550000e+03
  -8.2723022e-02   2.3700000e+03
  -8.1912108e-02   2.3850000e+03
  -7.0378698e-02   2.4000000e+03
  -5.1850520e-02   2.4150000e+03
  -3.1640671e-02   2.4300000e+03
  -1.3828872e-02   2.4450000e+03
   3.9561201e-06   2.4600000e+03
   9.9670617e-03   2.4750000e+03
   1.6214093e-02   2.4900000e+03
   1.8135695e-02   2.5050000e+03
   1.4967972e-02   2.5200000e+03
   6.9663064e-03   2.5350000e+03
  -4.0826192e-03   2.5500000e+03
  -1.5428529e-02   2.5650000e+03
  -2.4480842e-02   2.5800000e+03
  -2.9737165e-02   2.5950000e+03
  -3.1101875e-02   2.6100000e+03
  -2.9537877e-02   2.6250000e+03
  -2.6236610e-02   2.6400000e+03
  -2.1748338e-02   2.6550000e+03
  -1.5689027e-02   2.6700000e+03
  -7.4054049e-03   2.6850000e+03
   2.7553323e-03   2.7000000e+03
   1.2652235e-02   2.7150000e+03
   1.8984798e-02   2.7300000e+03
   1.9089868e-02   2.7450000e+03
   1.2418495e-02   2.7600000e+03
   4.4459110e-04   2.7750000e+03
  -1.4650151e-02   2.7900000e+03
  -3.1060204e-02   2.8050000e+03
  -4.7385123e-02   2.8200000e+03
  -6.2115259e-02   2.8350000e+03
  -7.3355071e-02   2.8500000e+03
  -7.8826621e-02   2.8650000e+03
  -7.5952105e-02   2.8800000e+03
  -6.2380917e-02   2.8950000e+03
  -3.7333645e-02   2.9100000e+03
  -3.0265953e-03   2.9250000e+03
   3.5239566e-02   2.9400000e+03
   7.0673719e-02   2.9550000e+03
   9.7015031e-02   2.9700000e+03
   1.0973051e-01   2.9850000e+03
   1.0656149e-01   3.0000000e+03
   8.8157482e-02   3.0150000e+03
   5.8433417e-02   3.0300000e+03
   2.3497082e-02   3.0450000e+03
  -1.0787900e-02   3.0600000e+03
  -4.0739395e-02   3.0750000e+03
  -6.4701036e-02   3.0900000e+03
  -8.1481665e-02   3.1050000e+03
  -8.9504585e-02   3.1200000e+03
  -8.7617591e-02   3.1350000e+03
  -7.6425843e-02   3.1500000e+03
  -5.8580734e-02   3.1650000e+03
  -3.7824962e-02   3.1800000e+03
  -1.7790060e-02   3.1950000e+03
  -1.3934340e-03   3.2100000e+03
   9.1437735e-03   3.2250000e+03
   1.2155466e-02   3.2400000e+03
   6.7931372e-03   3.2550000e+03
  -6.1608055e-03   3.2700000e+03
  -2.3541447e-02   3.2850000e+03
  -4.0236369e-02   3.3000000e+03
  -5.1239002e-02   3.3150000e+03
  -5.4143060e-02   3.3300000e+03
  -5.0162952e-02   3.3450000e+03
  -4.2959180e-02   3.3600000e+03
  -3.6390450e-02   3.3750000e+03
  -3.2813471e-02   3.3900000e+03
  -3.2577980e-02   3.4050000e+03
  -3.4421071e-02   3.4200000e+03
  -3.6356747e-02   3.4350000e+03
  -3.6760405e-02   3.4500000e+03
  -3.5134524e-02   3.4650000e+03
  -3.2001719e-02   3.4800000e+03
  -2.8002305e-02   3.4950000e+03
  -2.3062106e-02   3.5100000e+03
  -1.6508695e-02   3.5250000e+03
  -8.1000067e-03   3.5400000e+03
   1.0617854e-03   3.5550000e+03
   8.8148350e-03   3.5700000e+03
   1.3436672e-02   3.5850000e+03
   1.5113035e-02   3.6000000e+03
   1.5966589e-02   3.6150000e+03
   1.8471491e-02   3.6300000e+03
   2.3546247e-02   3.6450000e+03
   2.9851245e-02   3.6600000e+03
   3.4692530e-02   3.6750000e+03
   3.5710603e-02   3.6900000e+03
   3.2268319e-02   3.7050000e+03
   2.5914833e-02   3.7200000e+03
   1.9745996e-02   3.7350000e+03
   1.6842471e-02   3.7500000e+03
   1.8554991e-02   3.7650000e+03
   2.3800561e-02   3.7800000e+03
   2.9907934e-02   3.7950000e+03
   3.4213237e-02   3.8100000e+03
   3.5066087e-02   3.8250000e+03
   3.1846520e-02   3.8400000e+03
   2.4741326e-02   3.8550000e+03
   1.4885439e-02   3.8700000e+03
   4.4487938e-03   3.8850000e+03
  -4.0232968e-03   3.9000000e+03
  -8.7951077e-03   3.9150000e+03
  -9.6453680e-03   3.9300000e+03
  -7.5124577e-03   3.9450000e+03
  -3.5487837e-03   3.9600000e+03
   1.5269512e-03   3.9750000e+03
   7.3745507e-03   3.9900000e+03
   1.3554680e-02   4.0050000e+03
   1.9205226e-02   4.0200000e+03
   2.3273522e-02   4.0350000e+03
   2.5183413e-02   4.0500000e+03
   2.5276404e-02   4.0650000e+03
   2.4419107e-02   4.0800000e+03
   2.3017714e-02   4.0950000e+03
   2.0483879e-02   4.1100000e+03
   1.5881401e-02   4.1250000e+03
   9.2302747e-03   4.1400000e+03
   2.1546234e-03   4.1550000e+03
  -2.8573466e-03   4.1700000e+03
  -4.0216018e-03   4.1850000e+03
  -1.4177328e-03   4.2000000e+03
   3.0731570e-03   4.2150000e+03
   6.9328831e-03   4.2300000e+03
   8.4966728e-03   4.2450000e+03
   7.8933397e-03   4.2600000e+03
   6.8860892e-03   4.2750000e+03
   7.6356609e-03   4.2900000e+03
   1.1056982e-02   4.3050000e+03
   1.5855469e-02   4.3200000e+03
   1.9074470e-02   4.3350000e+03
   1.7960822e-02   4.3500000e+03
   1.1831931e-02   4.3650000e+03
   2.4750400e-03   4.3800000e+03
  -7.2283871e-03   4.3950000e+03
  -1.5266584e-02   4.4100000e+03
  -2.1449158e-02   4.4250000e+03
  -2.6745668e-02   4.4400000e+03
  -3.1782035e-02   4.4550000e+03
  -3.5800718e-02   4.4700000e+03
  -3.6862165e-02   4.4850000e+03
  -3.3109814e-02   4.5000000e+03
