  -9.0463035e-04   0.0000000e+00
  -9.0467918e-04   1.5000000e+01
  -9.0485119e-04   3.0000000e+01
  -9.0514222e-04   4.5000000e+01
  -9.0538658e-04   6.0000000e+01
  -9.0538862e-04   7.5000000e+01
  -9.0520526e-04   9.0000000e+01
  -9.0518181e-04   1.0500000e+02
  -9.0570218e-04   1.2000000e+02
  -9.0686069e-04   1.3500000e+02
  -9.0824487e-04   1.5000000e+02
  -9.0900977e-04   1.6500000e+02
  -9.0797211e-04   1.8000000e+02
  -9.0239203e-04   1.9500000e+02
  -8.8412623e-04   2.1000000e+02
  -8.3518616e-04   2.2500000e+02
  -7.3124317e-04   2.4000000e+02
  -5.6281016e-04   2.5500000e+02
  -3.6592083e-04   2.7000000e+02
  -2.2409768e-04   2.8500000e+02
  -2.0882662e-04   3.0000000e+02
  -2.9832881e-04   3.1500000e+02
  -3.7871333e-04   3.3000000e+02
  -3.6104166e-04   3.4500000e+02
  -2.8353551e-04   3.6000000e+02
  -2.5257232e-04   3.7500000e+02
  -2.9358233e-04   3.9000000e+02
  -3.2744318e-04   4.0500000e+02
  -3.0180663e-04   4.2000000e+02
  -2.6490216e-04   4.3500000e+02
  -2.7330479e-04   4.5000000e+02
  -3.0136525e-04   4.6500000e+02
  -2.9826543e-04   4.8000000e+02
  -2.7543548e-04   4.9500000e+02
  -2.7341730e-04   5.1000000e+02
  -2.8659916e-04   5.2500000e+02
  -2.8283847e-04   5.4000000e+02
  -2.6495726e-04   5.5500000e+02
  -2.5875462e-04   5.7000000e+02
  -2.6388117e-04   5.8500000e+02
  -2.6095012e-04   6.0000000e+02
  -2.5020435e-04   6.1500000e+02
  -2.4701114e-04   6.3000000e+02
  -2.5155942e-04   6.4500000e+02
  -2.5300833e-04   6.6000000e+02
  -2.5324579e-04   6.7500000e+02
  -2.6207598e-04   6.9000000e+02
  -2.7962113e-04   7.0500000e+02
  -3.0303880e-04   7.2000000e+02
  -3.3945497e-04   7.3500000e+02
  -3.9704802e-04   7.5000000e+02
  -4.7166878e-04   7.6500000e+02
  -5.4900721e-04   7.8000000e+02
  -6.1057555e-04   7.9500000e+02
  -6.3615933e-04   8.1000000e+02
  -6.1536359e-04   8.2500000e+02
  -5.6502712e-04   8.4000000e+02
  -5.2669283e-04   8.5500000e+02
  -5.3626118e-04   8.7000000e+02
  -5.9329020e-04   8.8500000e+02
  -6.6114787e-04   9.0000000e+02
  -7.0016133e-04   9.1500000e+02
  -7.0468942e-04   9.3000000e+02
  -7.0677296e-04   9.4500000e+02
  -7.3887897e-04   9.6000000e+02
  -7.9639832e-04   9.7500000e+02
  -8.4693119e-04   9.9000000e+02
  -8.7517098e-04   1.0050000e+03
  -9.0148067e-04   1.0200000e+03
  -9.4834313e-04   1.0350000e+03
  -1.0063053e-03   1.0500000e+03
  -1.0510173e-03   1.0650000e+03
  -1.0822845e-03   1.0800000e+03
  -1.1222565e-03   1.0950000e+03
  -1.1781207e-03   1.1100000e+03
  -1.2326289e-03   1.1250000e+03
  -1.2772282e-03   1.1400000e+03
  -1.3299906e-03   1.1550000e+03
  -1.4080647e-03   1.1700000e+03
  -1.5027351e-03   1.1850000e+03
  -1.5976300e-03   1.2000000e+03
  -1.6943687e-03   1.2150000e+03
  -1.8016878e-03   1.2300000e+03
  -1.9125991e-03   1.2450000e+03
  -2.0120807e-03   1.2600000e+03
  -2.0991082e-03   1.2750000e+03
  -2.1842283e-03   1.2900000e+03
  -2.2719465e-03   1.3050000e+03
  -2.3598454e-03   1.3200000e+03
  -2.4488857e-03   1.3350000e+03
  -2.5415120e-03   1.3500000e+03
  -2.6343656e-03   1.3650000e+03
  -2.7232850e-03   1.3800000e+03
  -2.8108384e-03   1.3950000e+03
  -2.9001767e-03   1.4100000e+03
  -2.9860593e-03   1.4250000e+03
  -3.0597858e-03   1.4400000e+03
  -3.1184289e-03   1.4550000e+03
  -3.1615063e-03   1.4700000e+03
  -3.1826475e-03   1.4850000e+03
  -3.1724060e-03   1.5000000e+03
  -3.1257155e-03   1.5150000e+03
  -3.0380795e-03   1.5300000e+03
  -2.8959098e-03   1.5450000e+03
  -2.6769440e-03   1.5600000e+03
  -2.3581390e-03   1.5750000e+03
  -1.9161594e-03   1.5900000e+03
  -1.3175643e-03   1.6050000e+03
  -5.0821790e-04   1.6200000e+03
   5.9095101e-04   1.6350000e+03
   2.0845348e-03   1.6500000e+03
   4.1093016e-03   1.6650000e+03
   6.8531642e-03   1.6800000e+03
   1.0581686e-02   1.6950000e+03
   1.5665429e-02   1.7100000e+03
   2.2612702e-02   1.7250000e+03
   3.2120332e-02   1.7400000e+03
   4.5148551e-02   1.7550000e+03
   6.3008465e-02   1.7700000e+03
   8.7429941e-02   1.7850000e+03
   1.2055828e-01   1.8000000e+03
   1.6479923e-01   1.8150000e+03
   2.2238794e-01   1.8300000e+03
   2.9453322e-01   1.8450000e+03
   3.8005272e-01   1.8600000e+03
   4.7362635e-01   1.8750000e+03
   5.6415921e-01   1.8900000e+03
   6.3418162e-01   1.9050000e+03
   6.6150445e-01   1.9200000e+03
   6.2411189e-01   1.9350000e+03
   5.0812525e-01   1.9500000e+03
   3.1665537e-01   1.9650000e+03
   7.5336702e-02   1.9800000e+03
  -1.7010167e-01   1.9950000e+03
  -3.6636949e-01   2.0100000e+03
  -4.7214189e-01   2.0250000e+03
  -4.7601739e-01   2.0400000e+03
  -4.0262735e-01   2.0550000e+03
  -3.0131030e-01   2.0700000e+03
  -2.2154807e-01   2.0850000e+03
  -1.8852285e-01   2.1000000e+03
  -1.9372529e-01   2.1150000e+03
  -2.0663273e-01   2.1300000e+03
  -1.9897871e-01   2.1450000e+03
  -1.6377962e-01   2.1600000e+03
  -1.1556535e-01   2.1750000e+03
  -7.3944047e-02   2.1900000e+03
  -4.6554808e-02   2.2050000e+03
  -2.6570998e-02   2.2200000e+03
  -4.7019427e-03   2.2350000e+03
   1.8663408e-02   2.2500000e+03
   3.4077045e-02   2.2650000e+03
   3.4250550e-02   2.2800000e+03
   2.2358092e-02   2.2950000e+03
   8.7711308e-03   2.3100000e+03
   1.4491917e-03   2.3250000e+03
   8.6489337e-04   2.3400000e+03
   2.6397051e-03   2.3550000e+03
   2.1762825e-03   2.3700000e+03
  -3.3936517e-03   2.3850000e+03
  -1.4522278e-02   2.4000000e+03
  -2.8061625e-02   2.4150000e+03
  -3.8176857e-02   2.4300000e+03
  -4.1127894e-02   2.4450000e+03
  -3.9304931e-02   2.4600000e+03
  -3.8841750e-02   2.4750000e+03
  -4.2972285e-02   2.4900000e+03
  -4.8958018e-02   2.5050000e+03
  -5.1487319e-02   2.5200000e+03
  -4.7560427e-02   2.5350000e+03
  -3.7989832e-02   2.5500000e+03
  -2.6287096e-02   2.5650000e+03
  -1.7365659e-02   2.5800000e+03
  -1.5765358e-02   2.5950000e+03
  -2.2860978e-02   2.6100000e+03
  -3.5300050e-02   2.6250000e+03
  -4.6802286e-02   2.6400000e+03
  -5.1698737e-02   2.6550000e+03
  -4.7009341e-02   2.6700000e+03
  -3.2507721e-02   2.6850000e+03
  -1.0419768e-02   2.7000000e+03
   1.4795399e-02   2.7150000e+03
   3.7672333e-02   2.7300000e+03
   5.4009885e-02   2.7450000e+03
   6.2487163e-02   2.7600000e+03
   6.4376213e-02   2.7750000e+03
   6.1942458e-02   2.7900000e+03
   5.6862075e-02   2.8050000e+03
   4.9395017e-02   2.8200000e+03
   3.8585752e-02   2.8350000e+03
   2.3599729e-02   2.8500000e+03
   5.5454904e-03   2.8650000e+03
  -1.1765866e-02   2.8800000e+03
  -2.3164812e-02   2.8950000e+03
  -2.4786973e-02   2.9100000e+03
  -1.6143883e-02   2.9250000e+03
  -3.5645880e-04   2.9400000e+03
   1.7319787e-02   2.9550000e+03
   3.1745028e-02   2.9700000e+03
   3.9777193e-02   2.9850000e+03
   4.0843301e-02   3.0000000e+03
   3.6115684e-02   3.0150000e+03
   2.7281966e-02   3.0300000e+03
   1.5975421e-02   3.0450000e+03
   3.8587630e-03   3.0600000e+03
  -7.4421386e-03   3.0750000e+03
  -1.6885549e-02   3.0900000e+03
  -2.4450026e-02   3.1050000e+03
  -3.0776894e-02   3.1200000e+03
  -3.6111310e-02   3.1350000e+03
  -3.9370269e-02   3.1500000e+03
  -3.8234890e-02   3.1650000e+03
  -3.0508008e-02   3.1800000e+03
  -1.5928300e-02   3.1950000e+03
   3.0000743e-03   3.2100000e+03
   2.1985743e-02   3.2250000e+03
   3.7015472e-02   3.2400000e+03
   4.5867492e-02   3.2550000e+03
   4.8143104e-02   3.2700000e+03
   4.4354863e-02   3.2850000e+03
   3.5220060e-02   3.3000000e+03
   2.1671334e-02   3.3150000e+03
   5.2075768e-03   3.3300000e+03
  -1.2002083e-02   3.3450000e+03
  -2.7428774e-02   3.3600000e+03
  -3.8651012e-02   3.3750000e+03
  -4.3725431e-02   3.3900000e+03
  -4.1519769e-02   3.4050000e+03
  -3.2171849e-02   3.4200000e+03
  -1.7477490e-02   3.4350000e+03
  -6.5402972e-04   3.4500000e+03
   1.4745954e-02   3.4650000e+03
   2.6145454e-02   3.4800000e+03
   3.2488670e-02   3.4950000e+03
   3.3719197e-02   3.5100000e+03
   2.9919274e-02   3.5250000e+03
   2.1072878e-02   3.5400000e+03
   7.6539251e-03   3.5550000e+03
  -8.6488482e-03   3.5700000e+03
  -2.4911424e-02   3.5850000e+03
  -3.7886236e-02   3.6000000e+03
  -4.5313906e-02   3.6150000e+03
  -4.6784822e-02   3.6300000e+03
  -4.3582994e-02   3.6450000e+03
  -3.7604559e-02   3.6600000e+03
  -3.0079721e-02   3.6750000e+03
  -2.1020798e-02   3.6900000e+03
  -9.8359687e-03   3.7050000e+03
   3.3776709e-03   3.7200000e+03
   1.6985094e-02   3.7350000e+03
   2.8223958e-02   3.7500000e+03
   3.4612246e-02   3.7650000e+03
   3.5229810e-02   3.7800000e+03
   3.0925663e-02   3.7950000e+03
   2.3483764e-02   3.8100000e+03
   1.4575649e-02   3.8250000e+03
   5.2720211e-03   3.8400000e+03
  -3.7778385e-03   3.8550000e+03
  -1.1946022e-02   3.8700000e+03
  -1.8485682e-02   3.8850000e+03
  -2.2768827e-02   3.9000000e+03
  -2.4645636e-02   3.9150000e+03
  -2.4564566e-02   3.9300000e+03
  -2.3298599e-02   3.9450000e+03
  -2.1459628e-02   3.9600000e+03
  -1.9176295e-02   3.9750000e+03
  -1.6190162e-02   3.9900000e+03
  -1.2279385e-02   4.0050000e+03
  -7.6420512e-03   4.0200000e+03
  -2.9130259e-03   4.0350000e+03
   1.1799955e-03   4.0500000e+03
   4.1937358e-03   4.0650000e+03
   6.0480204e-03   4.0800000e+03
   6.7988653e-03   4.0950000e+03
   6.4237826e-03   4.1100000e+03
   4.9073710e-03   4.1250000e+03
   2.5447807e-03   4.1400000e+03
   7.7586628e-05   4.1550000e+03
  -1.5966557e-03   4.1700000e+03
  -1.9602932e-03   4.1850000e+03
  -1.2051284e-03   4.2000000e+03
  -9.2234586e-05   4.2150000e+03
   4.9861195e-04   4.2300000e+03
  -4.3515956e-05   4.2450000e+03
  -1.9592978e-03   4.2600000e+03
  -5.2435123e-03   4.2750000e+03
  -9.7985016e-03   4.2900000e+03
  -1.5478097e-02   4.3050000e+03
  -2.2008320e-02   4.3200000e+03
  -2.8858459e-02   4.3350000e+03
  -3.5165723e-02   4.3500000e+03
  -3.9798234e-02   4.3650000e+03
  -4.1579857e-02   4.3800000e+03
  -3.9616469e-02   4.3950000e+03
  -3.3598471e-02   4.4100000e+03
  -2.3953365e-02   4.4250000e+03
  -1.1794554e-02   4.4400000e+03
   1.2929287e-03   4.4550000e+03
   1.3554456e-02   4.4700000e+03
   2.3417629e-02   4.4850000e+03
   2.9869502e-02   4.5000000e+03
