   5.8145085e-03   0.0000000e+00
   5.8228439e-03   1.5000000e+01
   5.8483169e-03   3.0000000e+01
   5.8926768e-03   4.5000000e+01
   5.9596132e-03   6.0000000e+01
   6.0538314e-03   7.5000000e+01
   6.1792010e-03   9.0000000e+01
   6.3393768e-03   1.0500000e+02
   6.5406258e-03   1.2000000e+02
   6.7950534e-03   1.3500000e+02
   7.1211816e-03   1.5000000e+02
   7.5415606e-03   1.6500000e+02
   8.0845486e-03   1.8000000e+02
   8.7909028e-03   1.9500000e+02
   9.7177308e-03   2.1000000e+02
   1.0937067e-02   2.2500000e+02
   1.2528205e-02   2.4000000e+02
   1.4573298e-02   2.5500000e+02
   1.7176745e-02   2.7000000e+02
   2.0500895e-02   2.8500000e+02
   2.4781026e-02   3.0000000e+02
   3.0297736e-02   3.1500000e+02
   3.7310652e-02   3.3000000e+02
   4.5980752e-02   3.4500000e+02
   5.6339201e-02   3.6000000e+02
   6.8362862e-02   3.7500000e+02
   8.2160294e-02   3.9000000e+02
   9.8162420e-02   4.0500000e+02
   1.1711308e-01   4.2000000e+02
   1.3974784e-01   4.3500000e+02
   1.6638526e-01   4.5000000e+02
   1.9684079e-01   4.6500000e+02
   2.3073409e-01   4.8000000e+02
   2.6779553e-01   4.9500000e+02
   3.0788925e-01   5.1000000e+02
   3.5088325e-01   5.2500000e+02
   3.9637169e-01   5.4000000e+02
   4.4295216e-01   5.5500000e+02
   4.8739362e-01   5.7000000e+02
   5.2494705e-01   5.8500000e+02
   5.5129850e-01   6.0000000e+02
   5.6462765e-01   6.1500000e+02
   5.6580985e-01   6.3000000e+02
   5.5684912e-01   6.4500000e+02
   5.3936660e-01   6.6000000e+02
   5.1429009e-01   6.7500000e+02
   4.8229310e-01   6.9000000e+02
   4.4420961e-01   7.0500000e+02
   4.0135440e-01   7.2000000e+02
   3.5584992e-01   7.3500000e+02
   3.1049943e-01   7.5000000e+02
   2.6773518e-01   7.6500000e+02
   2.2830309e-01   7.8000000e+02
   1.9112989e-01   7.9500000e+02
   1.5465504e-01   8.1000000e+02
   1.1813433e-01   8.2500000e+02
   8.1694096e-02   8.4000000e+02
   4.5746043e-02   8.5500000e+02
   1.0880603e-02   8.7000000e+02
  -2.1927672e-02   8.8500000e+02
  -5.1644132e-02   9.0000000e+02
  -7.7887416e-02   9.1500000e+02
  -1.0111279e-01   9.3000000e+02
  -1.2209357e-01   9.4500000e+02
  -1.4142768e-01   9.6000000e+02
  -1.5948856e-01   9.7500000e+02
  -1.7652467e-01   9.9000000e+02
  -1.9260566e-01   1.0050000e+03
  -2.0753962e-01   1.0200000e+03
  -2.2097173e-01   1.0350000e+03
  -2.3258889e-01   1.0500000e+03
  -2.4221699e-01   1.0650000e+03
  -2.4978603e-01   1.0800000e+03
  -2.5529948e-01   1.0950000e+03
  -2.5884646e-01   1.1100000e+03
  -2.6057088e-01   1.1250000e+03
  -2.6059210e-01   1.1400000e+03
  -2.5897560e-01   1.1550000e+03
  -2.5576901e-01   1.1700000e+03
  -2.5101930e-01   1.1850000e+03
  -2.4475726e-01   1.2000000e+03
  -2.3701087e-01   1.2150000e+03
  -2.2785152e-01   1.2300000e+03
  -2.1742195e-01   1.2450000e+03
  -2.0593141e-01   1.2600000e+03
  -1.9364005e-01   1.2750000e+03
  -1.8082951e-01   1.2900000e+03
  -1.6775678e-01   1.3050000e+03
  -1.5462135e-01   1.3200000e+03
  -1.4156757e-01   1.3350000e+03
  -1.2870504e-01   1.3500000e+03
  -1.1612460e-01   1.3650000e+03
  -1.0390498e-01   1.3800000e+03
  -9.2107154e-02   1.3950000e+03
  -8.0758102e-02   1.4100000e+03
  -6.9839470e-02   1.4250000e+03
  -5.9294898e-02   1.4400000e+03
  -4.9054377e-02   1.4550000e+03
  -3.9064545e-02   1.4700000e+03
  -2.9311094e-02   1.4850000e+03
  -1.9820306e-02   1.5000000e+03
  -1.0639323e-02   1.5150000e+03
  -1.8131387e-03   1.5300000e+03
   6.6237845e-03   1.5450000e+03
   1.4640370e-02   1.5600000e+03
   2.2197586e-02   1.5750000e+03
   2.9243721e-02   1.5900000e+03
   3.5718873e-02   1.6050000e+03
   4.1561954e-02   1.6200000e+03
   4.6712279e-02   1.6350000e+03
   5.1106017e-02   1.6500000e+03
   5.4674193e-02   1.6650000e+03
   5.7348896e-02   1.6800000e+03
   5.9081413e-02   1.6950000e+03
   5.9869882e-02   1.7100000e+03
   5.9782796e-02   1.7250000e+03
   5.8960270e-02   1.7400000e+03
   5.7584491e-02   1.7550000e+03
   5.5828407e-02   1.7700000e+03
   5.3804666e-02   1.7850000e+03
   5.1540449e-02   1.8000000e+03
   4.8993364e-02   1.8150000e+03
   4.6100993e-02   1.8300000e+03
   4.2835522e-02   1.8450000e+03
   3.9232705e-02   1.8600000e+03
   3.5384875e-02   1.8750000e+03
   3.1414736e-02   1.8900000e+03
   2.7456617e-02   1.9050000e+03
   2.3654118e-02   1.9200000e+03
   2.0156834e-02   1.9350000e+03
   1.7095812e-02   1.9500000e+03
   1.4544816e-02   1.9650000e+03
   1.2501882e-02   1.9800000e+03
   1.0917141e-02   1.9950000e+03
   9.7507210e-03   2.0100000e+03
   9.0105105e-03   2.0250000e+03
   8.7330509e-03   2.0400000e+03
   8.9241061e-03   2.0550000e+03
   9.5146392e-03   2.0700000e+03
   1.0370830e-02   2.0850000e+03
   1.1342208e-02   2.1000000e+03
   1.2300134e-02   2.1150000e+03
   1.3140867e-02   2.1300000e+03
   1.3768900e-02   2.1450000e+03
   1.4084803e-02   2.1600000e+03
   1.3976304e-02   2.1750000e+03
   1.3300856e-02   2.1900000e+03
   1.1876270e-02   2.2050000e+03
   9.5178671e-03   2.2200000e+03
   6.1222981e-03   2.2350000e+03
   1.7303929e-03   2.2500000e+03
  -3.5028411e-03   2.2650000e+03
  -9.4142249e-03   2.2800000e+03
  -1.5911128e-02   2.2950000e+03
  -2.2946671e-02   2.3100000e+03
  -3.0432992e-02   2.3250000e+03
  -3.8202818e-02   2.3400000e+03
  -4.6065692e-02   2.3550000e+03
  -5.3890876e-02   2.3700000e+03
  -6.1624411e-02   2.3850000e+03
  -6.9234081e-02   2.4000000e+03
  -7.6655507e-02   2.4150000e+03
  -8.3792165e-02   2.4300000e+03
  -9.0546697e-02   2.4450000e+03
  -9.6835442e-02   2.4600000e+03
  -1.0258183e-01   2.4750000e+03
  -1.0771900e-01   2.4900000e+03
  -1.1220941e-01   2.5050000e+03
  -1.1605417e-01   2.5200000e+03
  -1.1927734e-01   2.5350000e+03
  -1.2190975e-01   2.5500000e+03
  -1.2399655e-01   2.5650000e+03
  -1.2560996e-01   2.5800000e+03
  -1.2682997e-01   2.5950000e+03
  -1.2769642e-01   2.6100000e+03
  -1.2817989e-01   2.6250000e+03
  -1.2820080e-01   2.6400000e+03
  -1.2766963e-01   2.6550000e+03
  -1.2650436e-01   2.6700000e+03
  -1.2462392e-01   2.6850000e+03
  -1.2195255e-01   2.7000000e+03
  -1.1844885e-01   2.7150000e+03
  -1.1413302e-01   2.7300000e+03
  -1.0908530e-01   2.7450000e+03
  -1.0342472e-01   2.7600000e+03
  -9.7295508e-02   2.7750000e+03
  -9.0867564e-02   2.7900000e+03
  -8.4332682e-02   2.8050000e+03
  -7.7881455e-02   2.8200000e+03
  -7.1668118e-02   2.8350000e+03
  -6.5785423e-02   2.8500000e+03
  -6.0265437e-02   2.8650000e+03
  -5.5101462e-02   2.8800000e+03
  -5.0270561e-02   2.8950000e+03
  -4.5741104e-02   2.9100000e+03
  -4.1470438e-02   2.9250000e+03
  -3.7407700e-02   2.9400000e+03
  -3.3504099e-02   2.9550000e+03
  -2.9719522e-02   2.9700000e+03
  -2.6020339e-02   2.9850000e+03
  -2.2377282e-02   3.0000000e+03
  -1.8770404e-02   3.0150000e+03
  -1.5195493e-02   3.0300000e+03
  -1.1663727e-02   3.0450000e+03
  -8.1966091e-03   3.0600000e+03
  -4.8240996e-03   3.0750000e+03
  -1.5880825e-03   3.0900000e+03
   1.4546885e-03   3.1050000e+03
   4.2370846e-03   3.1200000e+03
   6.6936221e-03   3.1350000e+03
   8.7713283e-03   3.1500000e+03
   1.0430112e-02   3.1650000e+03
   1.1634802e-02   3.1800000e+03
   1.2352259e-02   3.1950000e+03
   1.2562258e-02   3.2100000e+03
   1.2274440e-02   3.2250000e+03
   1.1536677e-02   3.2400000e+03
   1.0428921e-02   3.2550000e+03
   9.0471078e-03   3.2700000e+03
   7.4835960e-03   3.2850000e+03
   5.8096801e-03   3.3000000e+03
   4.0671392e-03   3.3150000e+03
   2.2733260e-03   3.3300000e+03
   4.3472811e-04   3.3450000e+03
  -1.4423194e-03   3.3600000e+03
  -3.3492441e-03   3.3750000e+03
  -5.2766195e-03   3.3900000e+03
  -7.2137956e-03   3.4050000e+03
  -9.1484981e-03   3.4200000e+03
  -1.1070615e-02   3.4350000e+03
  -1.2978326e-02   3.4500000e+03
  -1.4879991e-02   3.4650000e+03
  -1.6789440e-02   3.4800000e+03
  -1.8719113e-02   3.4950000e+03
  -2.0675505e-02   3.5100000e+03
  -2.2656815e-02   3.5250000e+03
  -2.4651546e-02   3.5400000e+03
  -2.6639409e-02   3.5550000e+03
  -2.8595507e-02   3.5700000e+03
  -3.0494941e-02   3.5850000e+03
  -3.2314252e-02   3.6000000e+03
  -3.4029938e-02   3.6150000e+03
  -3.5617020e-02   3.6300000e+03
  -3.7048399e-02   3.6450000e+03
  -3.8293336e-02   3.6600000e+03
  -3.9315086e-02   3.6750000e+03
  -4.0070470e-02   3.6900000e+03
  -4.0511902e-02   3.7050000e+03
  -4.0589049e-02   3.7200000e+03
  -4.0248904e-02   3.7350000e+03
  -3.9438669e-02   3.7500000e+03
  -3.8115624e-02   3.7650000e+03
  -3.6260214e-02   3.7800000e+03
  -3.3882350e-02   3.7950000e+03
  -3.1015987e-02   3.8100000e+03
  -2.7708048e-02   3.8250000e+03
  -2.4012003e-02   3.8400000e+03
  -1.9989476e-02   3.8550000e+03
  -1.5713952e-02   3.8700000e+03
  -1.1269128e-02   3.8850000e+03
  -6.7408555e-03   3.9000000e+03
  -2.2076142e-03   3.9150000e+03
   2.2661767e-03   3.9300000e+03
   6.6340524e-03   3.9450000e+03
   1.0870374e-02   3.9600000e+03
   1.4971083e-02   3.9750000e+03
   1.8949402e-02   3.9900000e+03
   2.2826849e-02   4.0050000e+03
   2.6624504e-02   4.0200000e+03
   3.0358456e-02   4.0350000e+03
   3.4037538e-02   4.0500000e+03
   3.7659261e-02   4.0650000e+03
   4.1204542e-02   4.0800000e+03
   4.4636596e-02   4.0950000e+03
   4.7906216e-02   4.1100000e+03
   5.0958656e-02   4.1250000e+03
   5.3736288e-02   4.1400000e+03
   5.6178376e-02   4.1550000e+03
   5.8224365e-02   4.1700000e+03
   5.9823409e-02   4.1850000e+03
   6.0944825e-02   4.2000000e+03
   6.1582513e-02   4.2150000e+03
   6.1752524e-02   4.2300000e+03
   6.1488423e-02   4.2450000e+03
   6.0837667e-02   4.2600000e+03
   5.9857849e-02   4.2750000e+03
   5.8610957e-02   4.2900000e+03
   5.7157259e-02   4.3050000e+03
   5.5552583e-02   4.3200000e+03
   5.3849857e-02   4.3350000e+03
   5.2101068e-02   4.3500000e+03
   5.0355397e-02   4.3650000e+03
   4.8653655e-02   4.3800000e+03
   4.7023382e-02   4.3950000e+03
   4.5478009e-02   4.4100000e+03
   4.4019680e-02   4.4250000e+03
   4.2643394e-02   4.4400000e+03
   4.1341528e-02   4.4550000e+03
   4.0109061e-02   4.4700000e+03
   3.8948346e-02   4.4850000e+03
   3.7870619e-02   4.5000000e+03
