  -7.6714513e-04   0.0000000e+00
  -7.6720660e-04   1.5000000e+01
  -7.6741562e-04   3.0000000e+01
  -7.6776586e-04   4.5000000e+01
  -7.6813693e-04   6.0000000e+01
  -7.6838169e-04   7.5000000e+01
  -7.6854473e-04   9.0000000e+01
  -7.6887774e-04   1.0500000e+02
  -7.6965126e-04   1.2000000e+02
  -7.7093428e-04   1.3500000e+02
  -7.7243522e-04   1.5000000e+02
  -7.7353453e-04   1.6500000e+02
  -7.7329867e-04   1.8000000e+02
  -7.6940830e-04   1.9500000e+02
  -7.5494719e-04   2.1000000e+02
  -7.1478426e-04   2.2500000e+02
  -6.2854425e-04   2.4000000e+02
  -4.8833981e-04   2.5500000e+02
  -3.2437174e-04   2.7000000e+02
  -2.0653942e-04   2.8500000e+02
  -1.9464851e-04   3.0000000e+02
  -2.7043643e-04   3.1500000e+02
  -3.3856105e-04   3.3000000e+02
  -3.2460247e-04   3.4500000e+02
  -2.6059762e-04   3.6000000e+02
  -2.3562998e-04   3.7500000e+02
  -2.7094866e-04   3.9000000e+02
  -3.0016026e-04   4.0500000e+02
  -2.7926636e-04   4.2000000e+02
  -2.4859665e-04   4.3500000e+02
  -2.5562776e-04   4.5000000e+02
  -2.7906400e-04   4.6500000e+02
  -2.7657789e-04   4.8000000e+02
  -2.5794999e-04   4.9500000e+02
  -2.5720010e-04   5.1000000e+02
  -2.6955787e-04   5.2500000e+02
  -2.6796834e-04   5.4000000e+02
  -2.5464315e-04   5.5500000e+02
  -2.5102653e-04   5.7000000e+02
  -2.5671333e-04   5.8500000e+02
  -2.5544688e-04   6.0000000e+02
  -2.4747770e-04   6.1500000e+02
  -2.4567900e-04   6.3000000e+02
  -2.5009157e-04   6.4500000e+02
  -2.5148311e-04   6.6000000e+02
  -2.5131850e-04   6.7500000e+02
  -2.5762175e-04   6.9000000e+02
  -2.7013046e-04   7.0500000e+02
  -2.8592721e-04   7.2000000e+02
  -3.1034424e-04   7.3500000e+02
  -3.4980266e-04   7.5000000e+02
  -4.0127232e-04   7.6500000e+02
  -4.5477692e-04   7.8000000e+02
  -4.9827184e-04   7.9500000e+02
  -5.1824644e-04   8.1000000e+02
  -5.0682557e-04   8.2500000e+02
  -4.7450140e-04   8.4000000e+02
  -4.4916460e-04   8.5500000e+02
  -4.5522157e-04   8.7000000e+02
  -4.9276714e-04   8.8500000e+02
  -5.3791207e-04   9.0000000e+02
  -5.6452979e-04   9.1500000e+02
  -5.6835252e-04   9.3000000e+02
  -5.6981674e-04   9.4500000e+02
  -5.9031154e-04   9.6000000e+02
  -6.2740030e-04   9.7500000e+02
  -6.6023815e-04   9.9000000e+02
  -6.7878346e-04   1.0050000e+03
  -6.9613953e-04   1.0200000e+03
  -7.2665245e-04   1.0350000e+03
  -7.6376245e-04   1.0500000e+03
  -7.9147558e-04   1.0650000e+03
  -8.0982875e-04   1.0800000e+03
  -8.3313946e-04   1.0950000e+03
  -8.6542050e-04   1.1100000e+03
  -8.9473295e-04   1.1250000e+03
  -9.1527024e-04   1.1400000e+03
  -9.3882880e-04   1.1550000e+03
  -9.7647525e-04   1.1700000e+03
  -1.0224739e-03   1.1850000e+03
  -1.0665462e-03   1.2000000e+03
  -1.1103464e-03   1.2150000e+03
  -1.1597425e-03   1.2300000e+03
  -1.2097630e-03   1.2450000e+03
  -1.2500576e-03   1.2600000e+03
  -1.2795320e-03   1.2750000e+03
  -1.3044619e-03   1.2900000e+03
  -1.3266859e-03   1.3050000e+03
  -1.3433851e-03   1.3200000e+03
  -1.3544695e-03   1.3350000e+03
  -1.3616960e-03   1.3500000e+03
  -1.3636983e-03   1.3650000e+03
  -1.3586028e-03   1.3800000e+03
  -1.3482485e-03   1.3950000e+03
  -1.3340141e-03   1.4100000e+03
  -1.3116038e-03   1.4250000e+03
  -1.2750716e-03   1.4400000e+03
  -1.2229012e-03   1.4550000e+03
  -1.1551988e-03   1.4700000e+03
  -1.0678315e-03   1.4850000e+03
  -9.5470960e-04   1.5000000e+03
  -8.1366114e-04   1.5150000e+03
  -6.4485928e-04   1.5300000e+03
  -4.4501139e-04   1.5450000e+03
  -2.0729894e-04   1.5600000e+03
   7.4432137e-05   1.5750000e+03
   4.0527392e-04   1.5900000e+03
   7.9280883e-04   1.6050000e+03
   1.2487330e-03   1.6200000e+03
   1.7860465e-03   1.6350000e+03
   2.4150631e-03   1.6500000e+03
   3.1444526e-03   1.6650000e+03
   3.9888555e-03   1.6800000e+03
   4.9748188e-03   1.6950000e+03
   6.1366665e-03   1.7100000e+03
   7.5067976e-03   1.7250000e+03
   9.1128889e-03   1.7400000e+03
   1.0985430e-02   1.7550000e+03
   1.3165521e-02   1.7700000e+03
   1.5703650e-02   1.7850000e+03
   1.8654011e-02   1.8000000e+03
   2.2075405e-02   1.8150000e+03
   2.6038954e-02   1.8300000e+03
   3.0630615e-02   1.8450000e+03
   3.5940867e-02   1.8600000e+03
   4.2048793e-02   1.8750000e+03
   4.9014751e-02   1.8900000e+03
   5.6887452e-02   1.9050000e+03
   6.5718055e-02   1.9200000e+03
   7.5569883e-02   1.9350000e+03
   8.6515702e-02   1.9500000e+03
   9.8615371e-02   1.9650000e+03
   1.1186992e-01   1.9800000e+03
   1.2616344e-01   1.9950000e+03
   1.4122653e-01   2.0100000e+03
   1.5665977e-01   2.0250000e+03
   1.7202200e-01   2.0400000e+03
   1.8692879e-01   2.0550000e+03
   2.0107587e-01   2.0700000e+03
   2.1415658e-01   2.0850000e+03
   2.2574876e-01   2.1000000e+03
   2.3528840e-01   2.1150000e+03
   2.4215683e-01   2.1300000e+03
   2.4578078e-01   2.1450000e+03
   2.4565180e-01   2.1600000e+03
   2.4132730e-01   2.1750000e+03
   2.3256955e-01   2.1900000e+03
   2.1962805e-01   2.2050000e+03
   2.0341077e-01   2.2200000e+03
   1.8527395e-01   2.2350000e+03
   1.6650879e-01   2.2500000e+03
   1.4794882e-01   2.2650000e+03
   1.3001183e-01   2.2800000e+03
   1.1300243e-01   2.2950000e+03
   9.7236797e-02   2.3100000e+03
   8.2869999e-02   2.3250000e+03
   6.9771998e-02   2.3400000e+03
   5.7732664e-02   2.3550000e+03
   4.6747770e-02   2.3700000e+03
   3.6952320e-02   2.3850000e+03
   2.8279457e-02   2.4000000e+03
   2.0396685e-02   2.4150000e+03
   1.3107045e-02   2.4300000e+03
   6.6448287e-03   2.4450000e+03
   1.3200241e-03   2.4600000e+03
  -3.1154326e-03   2.4750000e+03
  -7.4968087e-03   2.4900000e+03
  -1.2535296e-02   2.5050000e+03
  -1.8243257e-02   2.5200000e+03
  -2.4182348e-02   2.5350000e+03
  -3.0084603e-02   2.5500000e+03
  -3.5970200e-02   2.5650000e+03
  -4.1743979e-02   2.5800000e+03
  -4.7037691e-02   2.5950000e+03
  -5.1600069e-02   2.6100000e+03
  -5.5619042e-02   2.6250000e+03
  -5.9445385e-02   2.6400000e+03
  -6.3107982e-02   2.6550000e+03
  -6.6320062e-02   2.6700000e+03
  -6.8932094e-02   2.6850000e+03
  -7.1151853e-02   2.7000000e+03
  -7.3232934e-02   2.7150000e+03
  -7.5094417e-02   2.7300000e+03
  -7.6383300e-02   2.7450000e+03
  -7.6861978e-02   2.7600000e+03
  -7.6627612e-02   2.7750000e+03
  -7.5969957e-02   2.7900000e+03
  -7.5111195e-02   2.8050000e+03
  -7.4092068e-02   2.8200000e+03
  -7.2814047e-02   2.8350000e+03
  -7.1128361e-02   2.8500000e+03
  -6.8920352e-02   2.8650000e+03
  -6.6171132e-02   2.8800000e+03
  -6.2965490e-02   2.8950000e+03
  -5.9447665e-02   2.9100000e+03
  -5.5767119e-02   2.9250000e+03
  -5.2035261e-02   2.9400000e+03
  -4.8289940e-02   2.9550000e+03
  -4.4488315e-02   2.9700000e+03
  -4.0551767e-02   2.9850000e+03
  -3.6434658e-02   3.0000000e+03
  -3.2161210e-02   3.0150000e+03
  -2.7813373e-02   3.0300000e+03
  -2.3492413e-02   3.0450000e+03
  -1.9279404e-02   3.0600000e+03
  -1.5213322e-02   3.0750000e+03
  -1.1300026e-02   3.0900000e+03
  -7.5453524e-03   3.1050000e+03
  -3.9851721e-03   3.1200000e+03
  -6.8740972e-04   3.1350000e+03
   2.2790560e-03   3.1500000e+03
   4.8880666e-03   3.1650000e+03
   7.1727782e-03   3.1800000e+03
   9.1899289e-03   3.1950000e+03
   1.0956484e-02   3.2100000e+03
   1.2414250e-02   3.2250000e+03
   1.3450791e-02   3.2400000e+03
   1.3955910e-02   3.2550000e+03
   1.3873952e-02   3.2700000e+03
   1.3223060e-02   3.2850000e+03
   1.2073976e-02   3.3000000e+03
   1.0511678e-02   3.3150000e+03
   8.6222133e-03   3.3300000e+03
   6.5174405e-03   3.3450000e+03
   4.3552206e-03   3.3600000e+03
   2.3094534e-03   3.3750000e+03
   5.0870265e-04   3.3900000e+03
  -9.9102000e-04   3.4050000e+03
  -2.1694638e-03   3.4200000e+03
  -2.9850141e-03   3.4350000e+03
  -3.3637809e-03   3.4500000e+03
  -3.2508811e-03   3.4650000e+03
  -2.6739123e-03   3.4800000e+03
  -1.7556198e-03   3.4950000e+03
  -6.6382636e-04   3.5100000e+03
   4.5404257e-04   3.5250000e+03
   1.5011108e-03   3.5400000e+03
   2.4256445e-03   3.5550000e+03
   3.2158690e-03   3.5700000e+03
   3.9073490e-03   3.5850000e+03
   4.5735925e-03   3.6000000e+03
   5.2784742e-03   3.6150000e+03
   6.0212221e-03   3.6300000e+03
   6.7287106e-03   3.6450000e+03
   7.3064836e-03   3.6600000e+03
   7.6981257e-03   3.6750000e+03
   7.8958608e-03   3.6900000e+03
   7.9010976e-03   3.7050000e+03
   7.6871449e-03   3.7200000e+03
   7.2094644e-03   3.7350000e+03
   6.4535104e-03   3.7500000e+03
   5.4687830e-03   3.7650000e+03
   4.3512611e-03   3.7800000e+03
   3.1860454e-03   3.7950000e+03
   1.9977193e-03   3.8100000e+03
   7.4822875e-04   3.8250000e+03
  -6.1770470e-04   3.8400000e+03
  -2.1180550e-03   3.8550000e+03
  -3.7161177e-03   3.8700000e+03
  -5.3561232e-03   3.8850000e+03
  -7.0213652e-03   3.9000000e+03
  -8.7623987e-03   3.9150000e+03
  -1.0667348e-02   3.9300000e+03
  -1.2796194e-02   3.9450000e+03
  -1.5129535e-02   3.9600000e+03
  -1.7567284e-02   3.9750000e+03
  -1.9973833e-02   3.9900000e+03
  -2.2237830e-02   4.0050000e+03
  -2.4311705e-02   4.0200000e+03
  -2.6211571e-02   4.0350000e+03
  -2.7981961e-02   4.0500000e+03
  -2.9652031e-02   4.0650000e+03
  -3.1215996e-02   4.0800000e+03
  -3.2649916e-02   4.0950000e+03
  -3.3943392e-02   4.1100000e+03
  -3.5110947e-02   4.1250000e+03
  -3.6171049e-02   4.1400000e+03
  -3.7117016e-02   4.1550000e+03
  -3.7912022e-02   4.1700000e+03
  -3.8512632e-02   4.1850000e+03
  -3.8894244e-02   4.2000000e+03
  -3.9053034e-02   4.2150000e+03
  -3.8987547e-02   4.2300000e+03
  -3.8684148e-02   4.2450000e+03
  -3.8122457e-02   4.2600000e+03
  -3.7292656e-02   4.2750000e+03
  -3.6204610e-02   4.2900000e+03
  -3.4880526e-02   4.3050000e+03
  -3.3342540e-02   4.3200000e+03
  -3.1611759e-02   4.3350000e+03
  -2.9720040e-02   4.3500000e+03
  -2.7718237e-02   4.3650000e+03
  -2.5665989e-02   4.3800000e+03
  -2.3609087e-02   4.3950000e+03
  -2.1566009e-02   4.4100000e+03
  -1.9535843e-02   4.4250000e+03
  -1.7515672e-02   4.4400000e+03
  -1.5506947e-02   4.4550000e+03
  -1.3507522e-02   4.4700000e+03
  -1.1505301e-02   4.4850000e+03
  -9.4859432e-03   4.5000000e+03
