  -1.3061827e-04   0.0000000e+00
  -1.3080535e-04   1.5000000e+01
  -1.3138734e-04   3.0000000e+01
  -1.3232521e-04   4.5000000e+01
  -1.3340177e-04   6.0000000e+01
  -1.3441840e-04   7.5000000e+01
  -1.3552126e-04   9.0000000e+01
  -1.3713543e-04   1.0500000e+02
  -1.3963672e-04   1.2000000e+02
  -1.4304297e-04   1.3500000e+02
  -1.4690394e-04   1.5000000e+02
  -1.5049563e-04   1.6500000e+02
  -1.5303667e-04   1.8000000e+02
  -1.5300183e-04   1.9500000e+02
  -1.4570296e-04   2.1000000e+02
  -1.2038663e-04   2.2500000e+02
  -6.1952145e-05   2.4000000e+02
   3.6685924e-05   2.5500000e+02
   1.5590203e-04   2.7000000e+02
   2.4690834e-04   2.8500000e+02
   2.6585275e-04   3.0000000e+02
   2.2236272e-04   3.1500000e+02
   1.8128939e-04   3.3000000e+02
   1.9574918e-04   3.4500000e+02
   2.4589608e-04   3.6000000e+02
   2.7035258e-04   3.7500000e+02
   2.5245480e-04   3.9000000e+02
   2.3631465e-04   4.0500000e+02
   2.5257442e-04   4.2000000e+02
   2.7481536e-04   4.3500000e+02
   2.7091010e-04   4.5000000e+02
   2.5528797e-04   4.6500000e+02
   2.5754634e-04   4.8000000e+02
   2.7197503e-04   4.9500000e+02
   2.7513725e-04   5.1000000e+02
   2.6947955e-04   5.2500000e+02
   2.7343186e-04   5.4000000e+02
   2.8565401e-04   5.5500000e+02
   2.9080239e-04   5.7000000e+02
   2.8821896e-04   5.8500000e+02
   2.8906160e-04   6.0000000e+02
   2.9405692e-04   6.1500000e+02
   2.9471857e-04   6.3000000e+02
   2.9001723e-04   6.4500000e+02
   2.8489213e-04   6.6000000e+02
   2.7719772e-04   6.7500000e+02
   2.5957025e-04   6.9000000e+02
   2.2868525e-04   7.0500000e+02
   1.8139608e-04   7.2000000e+02
   1.0814801e-04   7.3500000e+02
   6.3737389e-07   7.5000000e+02
  -1.3555482e-04   7.6500000e+02
  -2.7671058e-04   7.8000000e+02
  -3.8440211e-04   7.9500000e+02
  -4.1861529e-04   8.1000000e+02
  -3.6509437e-04   8.2500000e+02
  -2.6040597e-04   8.4000000e+02
  -1.8210322e-04   8.5500000e+02
  -1.9583831e-04   8.7000000e+02
  -2.9930499e-04   8.8500000e+02
  -4.1996237e-04   9.0000000e+02
  -4.8037901e-04   9.1500000e+02
  -4.7361900e-04   9.3000000e+02
  -4.6733365e-04   9.4500000e+02
  -5.2499137e-04   9.6000000e+02
  -6.3292682e-04   9.7500000e+02
  -7.2406157e-04   9.9000000e+02
  -7.6864619e-04   1.0050000e+03
  -8.0951641e-04   1.0200000e+03
  -8.9422602e-04   1.0350000e+03
  -1.0053047e-03   1.0500000e+03
  -1.0916378e-03   1.0650000e+03
  -1.1479484e-03   1.0800000e+03
  -1.2166877e-03   1.0950000e+03
  -1.3145473e-03   1.1100000e+03
  -1.4074107e-03   1.1250000e+03
  -1.4723162e-03   1.1400000e+03
  -1.5377731e-03   1.1550000e+03
  -1.6353265e-03   1.1700000e+03
  -1.7492181e-03   1.1850000e+03
  -1.8480810e-03   1.2000000e+03
  -1.9360060e-03   1.2150000e+03
  -2.0338765e-03   1.2300000e+03
  -2.1323513e-03   1.2450000e+03
  -2.2020079e-03   1.2600000e+03
  -2.2356207e-03   1.2750000e+03
  -2.2456553e-03   1.2900000e+03
  -2.2303942e-03   1.3050000e+03
  -2.1728005e-03   1.3200000e+03
  -2.0640632e-03   1.3350000e+03
  -1.9018189e-03   1.3500000e+03
  -1.6718399e-03   1.3650000e+03
  -1.3524547e-03   1.3800000e+03
  -9.2855725e-04   1.3950000e+03
  -3.8144854e-04   1.4100000e+03
   3.2901525e-04   1.4250000e+03
   1.2574034e-03   1.4400000e+03
   2.4569693e-03   1.4550000e+03
   3.9878930e-03   1.4700000e+03
   5.9376112e-03   1.4850000e+03
   8.4239366e-03   1.5000000e+03
   1.1589098e-02   1.5150000e+03
   1.5608070e-02   1.5300000e+03
   2.0705527e-02   1.5450000e+03
   2.7167907e-02   1.5600000e+03
   3.5360120e-02   1.5750000e+03
   4.5751497e-02   1.5900000e+03
   5.8925737e-02   1.6050000e+03
   7.5549938e-02   1.6200000e+03
   9.6309304e-02   1.6350000e+03
   1.2183587e-01   1.6500000e+03
   1.5265542e-01   1.6650000e+03
   1.8914518e-01   1.6800000e+03
   2.3144794e-01   1.6950000e+03
   2.7927384e-01   1.7100000e+03
   3.3156919e-01   1.7250000e+03
   3.8610816e-01   1.7400000e+03
   4.3912673e-01   1.7550000e+03
   4.8518798e-01   1.7700000e+03
   5.1753998e-01   1.7850000e+03
   5.2919644e-01   1.8000000e+03
   5.1469702e-01   1.8150000e+03
   4.7202834e-01   1.8300000e+03
   4.0382239e-01   1.8450000e+03
   3.1707981e-01   1.8600000e+03
   2.2138707e-01   1.8750000e+03
   1.2648100e-01   1.8900000e+03
   4.0337570e-02   1.9050000e+03
  -3.1617984e-02   1.9200000e+03
  -8.6527079e-02   1.9350000e+03
  -1.2400895e-01   1.9500000e+03
  -1.4604625e-01   1.9650000e+03
  -1.5629789e-01   1.9800000e+03
  -1.5862966e-01   1.9950000e+03
  -1.5567182e-01   2.0100000e+03
  -1.4853150e-01   2.0250000e+03
  -1.3775811e-01   2.0400000e+03
  -1.2441847e-01   2.0550000e+03
  -1.1020989e-01   2.0700000e+03
  -9.6772283e-02   2.0850000e+03
  -8.5139647e-02   2.1000000e+03
  -7.5753458e-02   2.1150000e+03
  -6.8612203e-02   2.1300000e+03
  -6.3178301e-02   2.1450000e+03
  -5.8366824e-02   2.1600000e+03
  -5.3112157e-02   2.1750000e+03
  -4.7285318e-02   2.1900000e+03
  -4.2078115e-02   2.2050000e+03
  -3.9348934e-02   2.2200000e+03
  -4.0468637e-02   2.2350000e+03
  -4.5639448e-02   2.2500000e+03
  -5.4029573e-02   2.2650000e+03
  -6.4312190e-02   2.2800000e+03
  -7.5176537e-02   2.2950000e+03
  -8.5699826e-02   2.3100000e+03
  -9.5481388e-02   2.3250000e+03
  -1.0439079e-01   2.3400000e+03
  -1.1209334e-01   2.3550000e+03
  -1.1782636e-01   2.3700000e+03
  -1.2069659e-01   2.3850000e+03
  -1.2024775e-01   2.4000000e+03
  -1.1677220e-01   2.4150000e+03
  -1.1107176e-01   2.4300000e+03
  -1.0389857e-01   2.4450000e+03
  -9.5592417e-02   2.4600000e+03
  -8.6156026e-02   2.4750000e+03
  -7.5562276e-02   2.4900000e+03
  -6.4023271e-02   2.5050000e+03
  -5.2138176e-02   2.5200000e+03
  -4.0848222e-02   2.5350000e+03
  -3.1109083e-02   2.5500000e+03
  -2.3452865e-02   2.5650000e+03
  -1.7828701e-02   2.5800000e+03
  -1.3843973e-02   2.5950000e+03
  -1.1099092e-02   2.6100000e+03
  -9.3065510e-03   2.6250000e+03
  -8.2112784e-03   2.6400000e+03
  -7.4884254e-03   2.6550000e+03
  -6.7238598e-03   2.6700000e+03
  -5.5112308e-03   2.6850000e+03
  -3.6245754e-03   2.7000000e+03
  -1.1226680e-03   2.7150000e+03
   1.7075943e-03   2.7300000e+03
   4.4847834e-03   2.7450000e+03
   6.8407166e-03   2.7600000e+03
   8.5135996e-03   2.7750000e+03
   9.4247060e-03   2.7900000e+03
   9.6679823e-03   2.8050000e+03
   9.4217975e-03   2.8200000e+03
   8.8819191e-03   2.8350000e+03
   8.2434658e-03   2.8500000e+03
   7.6823467e-03   2.8650000e+03
   7.3346575e-03   2.8800000e+03
   7.3105539e-03   2.8950000e+03
   7.7245631e-03   2.9100000e+03
   8.6894352e-03   2.9250000e+03
   1.0265585e-02   2.9400000e+03
   1.2407838e-02   2.9550000e+03
   1.4953753e-02   2.9700000e+03
   1.7676814e-02   2.9850000e+03
   2.0396028e-02   3.0000000e+03
   2.3086188e-02   3.0150000e+03
   2.5907576e-02   3.0300000e+03
   2.9113265e-02   3.0450000e+03
   3.2874040e-02   3.0600000e+03
   3.7121266e-02   3.0750000e+03
   4.1502789e-02   3.0900000e+03
   4.5471482e-02   3.1050000e+03
   4.8432913e-02   3.1200000e+03
   4.9856048e-02   3.1350000e+03
   4.9318112e-02   3.1500000e+03
   4.6531010e-02   3.1650000e+03
   4.1404050e-02   3.1800000e+03
   3.4138951e-02   3.1950000e+03
   2.5286969e-02   3.2100000e+03
   1.5689308e-02   3.2250000e+03
   6.2896623e-03   3.2400000e+03
  -2.1013254e-03   3.2550000e+03
  -8.9768525e-03   3.2700000e+03
  -1.4177103e-02   3.2850000e+03
  -1.7820630e-02   3.3000000e+03
  -2.0180374e-02   3.3150000e+03
  -2.1554191e-02   3.3300000e+03
  -2.2161052e-02   3.3450000e+03
  -2.2085447e-02   3.3600000e+03
  -2.1289362e-02   3.3750000e+03
  -1.9696457e-02   3.3900000e+03
  -1.7316276e-02   3.4050000e+03
  -1.4337541e-02   3.4200000e+03
  -1.1121786e-02   3.4350000e+03
  -8.0887172e-03   3.4500000e+03
  -5.5617630e-03   3.4650000e+03
  -3.6712277e-03   3.4800000e+03
  -2.3673908e-03   3.4950000e+03
  -1.5174107e-03   3.5100000e+03
  -1.0139768e-03   3.5250000e+03
  -8.3805353e-04   3.5400000e+03
  -1.0643223e-03   3.5550000e+03
  -1.8289156e-03   3.5700000e+03
  -3.2780301e-03   3.5850000e+03
  -5.5054012e-03   3.6000000e+03
  -8.4919324e-03   3.6150000e+03
  -1.2074524e-02   3.6300000e+03
  -1.5965374e-02   3.6450000e+03
  -1.9813007e-02   3.6600000e+03
  -2.3271265e-02   3.6750000e+03
  -2.6049463e-02   3.6900000e+03
  -2.7944911e-02   3.7050000e+03
  -2.8871553e-02   3.7200000e+03
  -2.8879210e-02   3.7350000e+03
  -2.8133873e-02   3.7500000e+03
  -2.6841179e-02   3.7650000e+03
  -2.5144225e-02   3.7800000e+03
  -2.3066260e-02   3.7950000e+03
  -2.0549696e-02   3.8100000e+03
  -1.7570268e-02   3.8250000e+03
  -1.4240469e-02   3.8400000e+03
  -1.0821117e-02   3.8550000e+03
  -7.6340707e-03   3.8700000e+03
  -4.9491292e-03   3.8850000e+03
  -2.9332843e-03   3.9000000e+03
  -1.6874351e-03   3.9150000e+03
  -1.3107877e-03   3.9300000e+03
  -1.9043839e-03   3.9450000e+03
  -3.4826689e-03   3.9600000e+03
  -5.8578220e-03   3.9750000e+03
  -8.6080749e-03   3.9900000e+03
  -1.1189462e-02   4.0050000e+03
  -1.3139108e-02   4.0200000e+03
  -1.4243759e-02   4.0350000e+03
  -1.4575057e-02   4.0500000e+03
  -1.4395588e-02   4.0650000e+03
  -1.4023803e-02   4.0800000e+03
  -1.3743266e-02   4.0950000e+03
  -1.3771931e-02   4.1100000e+03
  -1.4249061e-02   4.1250000e+03
  -1.5204964e-02   4.1400000e+03
  -1.6530382e-02   4.1550000e+03
  -1.7991811e-02   4.1700000e+03
  -1.9309698e-02   4.1850000e+03
  -2.0257546e-02   4.2000000e+03
  -2.0714339e-02   4.2150000e+03
  -2.0639932e-02   4.2300000e+03
  -2.0009119e-02   4.2450000e+03
  -1.8772129e-02   4.2600000e+03
  -1.6877109e-02   4.2750000e+03
  -1.4327475e-02   4.2900000e+03
  -1.1215664e-02   4.3050000e+03
  -7.7022347e-03   4.3200000e+03
  -3.9621121e-03   4.3350000e+03
  -1.4363359e-04   4.3500000e+03
   3.6375290e-03   4.3650000e+03
   7.2853598e-03   4.3800000e+03
   1.0718022e-02   4.3950000e+03
   1.3875632e-02   4.4100000e+03
   1.6725168e-02   4.4250000e+03
   1.9249344e-02   4.4400000e+03
   2.1426111e-02   4.4550000e+03
   2.3216698e-02   4.4700000e+03
   2.4570849e-02   4.4850000e+03
   2.5441349e-02   4.5000000e+03
