  -1.5790440e-03   0.0000000e+00
  -1.5791567e-03   1.5000000e+01
  -1.5793700e-03   3.0000000e+01
  -1.5795423e-03   4.5000000e+01
  -1.5797308e-03   6.0000000e+01
  -1.5799742e-03   7.5000000e+01
  -1.5803097e-03   9.0000000e+01
  -1.5809515e-03   1.0500000e+02
  -1.5820406e-03   1.2000000e+02
  -1.5833225e-03   1.3500000e+02
  -1.5845160e-03   1.5000000e+02
  -1.5856910e-03   1.6500000e+02
  -1.5869646e-03   1.8000000e+02
  -1.5882867e-03   1.9500000e+02
  -1.5895943e-03   2.1000000e+02
  -1.5908821e-03   2.2500000e+02
  -1.5921732e-03   2.4000000e+02
  -1.5934950e-03   2.5500000e+02
  -1.5948280e-03   2.7000000e+02
  -1.5961514e-03   2.8500000e+02
  -1.5975714e-03   3.0000000e+02
  -1.5992747e-03   3.1500000e+02
  -1.6013205e-03   3.3000000e+02
  -1.6035720e-03   3.4500000e+02
  -1.6059176e-03   3.6000000e+02
  -1.6084022e-03   3.7500000e+02
  -1.6110659e-03   3.9000000e+02
  -1.6138480e-03   4.0500000e+02
  -1.6166256e-03   4.2000000e+02
  -1.6191073e-03   4.3500000e+02
  -1.6206974e-03   4.5000000e+02
  -1.6204431e-03   4.6500000e+02
  -1.6165931e-03   4.8000000e+02
  -1.6056470e-03   4.9500000e+02
  -1.5819356e-03   5.1000000e+02
  -1.5395671e-03   5.2500000e+02
  -1.4774040e-03   5.4000000e+02
  -1.4047949e-03   5.5500000e+02
  -1.3432284e-03   5.7000000e+02
  -1.3187658e-03   5.8500000e+02
  -1.3450179e-03   6.0000000e+02
  -1.4074706e-03   6.1500000e+02
  -1.4663558e-03   6.3000000e+02
  -1.4831597e-03   6.4500000e+02
  -1.4509496e-03   6.6000000e+02
  -1.3970148e-03   6.7500000e+02
  -1.3491075e-03   6.9000000e+02
  -1.2991923e-03   7.0500000e+02
  -1.2102528e-03   7.2000000e+02
  -1.0649621e-03   7.3500000e+02
  -8.9992845e-04   7.5000000e+02
  -7.8100822e-04   7.6500000e+02
  -7.4693543e-04   7.8000000e+02
  -7.8668428e-04   7.9500000e+02
  -8.6729234e-04   8.1000000e+02
  -9.6336496e-04   8.2500000e+02
  -1.0523887e-03   8.4000000e+02
  -1.1049351e-03   8.5500000e+02
  -1.1064303e-03   8.7000000e+02
  -1.0838206e-03   8.8500000e+02
  -1.0866012e-03   9.0000000e+02
  -1.1364334e-03   9.1500000e+02
  -1.2103274e-03   9.3000000e+02
  -1.2737998e-03   9.4500000e+02
  -1.3119540e-03   9.6000000e+02
  -1.3261683e-03   9.7500000e+02
  -1.3239762e-03   9.9000000e+02
  -1.3228885e-03   1.0050000e+03
  -1.3443519e-03   1.0200000e+03
  -1.3891029e-03   1.0350000e+03
  -1.4316583e-03   1.0500000e+03
  -1.4516165e-03   1.0650000e+03
  -1.4593400e-03   1.0800000e+03
  -1.4792550e-03   1.0950000e+03
  -1.5174580e-03   1.1100000e+03
  -1.5579084e-03   1.1250000e+03
  -1.5847153e-03   1.1400000e+03
  -1.5971102e-03   1.1550000e+03
  -1.6040716e-03   1.1700000e+03
  -1.6125528e-03   1.1850000e+03
  -1.6231517e-03   1.2000000e+03
  -1.6347661e-03   1.2150000e+03
  -1.6522207e-03   1.2300000e+03
  -1.6876548e-03   1.2450000e+03
  -1.7509181e-03   1.2600000e+03
  -1.8379063e-03   1.2750000e+03
  -1.9307067e-03   1.2900000e+03
  -2.0086984e-03   1.3050000e+03
  -2.0580150e-03   1.3200000e+03
  -2.0766964e-03   1.3350000e+03
  -2.0804235e-03   1.3500000e+03
  -2.0997655e-03   1.3650000e+03
  -2.1564222e-03   1.3800000e+03
  -2.2371996e-03   1.3950000e+03
  -2.3032930e-03   1.4100000e+03
  -2.3329323e-03   1.4250000e+03
  -2.3470041e-03   1.4400000e+03
  -2.3854007e-03   1.4550000e+03
  -2.4634323e-03   1.4700000e+03
  -2.5579464e-03   1.4850000e+03
  -2.6336389e-03   1.5000000e+03
  -2.6783491e-03   1.5150000e+03
  -2.7126353e-03   1.5300000e+03
  -2.7662425e-03   1.5450000e+03
  -2.8464436e-03   1.5600000e+03
  -2.9328049e-03   1.5750000e+03
  -3.0045290e-03   1.5900000e+03
  -3.0664587e-03   1.6050000e+03
  -3.1400039e-03   1.6200000e+03
  -3.2321683e-03   1.6350000e+03
  -3.3269315e-03   1.6500000e+03
  -3.4106541e-03   1.6650000e+03
  -3.4925065e-03   1.6800000e+03
  -3.5894681e-03   1.6950000e+03
  -3.7007406e-03   1.7100000e+03
  -3.8114649e-03   1.7250000e+03
  -3.9173132e-03   1.7400000e+03
  -4.0296298e-03   1.7550000e+03
  -4.1555217e-03   1.7700000e+03
  -4.2873444e-03   1.7850000e+03
  -4.4163782e-03   1.8000000e+03
  -4.5454078e-03   1.8150000e+03
  -4.6816450e-03   1.8300000e+03
  -4.8258826e-03   1.8450000e+03
  -4.9754670e-03   1.8600000e+03
  -5.1320414e-03   1.8750000e+03
  -5.2993852e-03   1.8900000e+03
  -5.4767281e-03   1.9050000e+03
  -5.6598010e-03   1.9200000e+03
  -5.8469134e-03   1.9350000e+03
  -6.0398364e-03   1.9500000e+03
  -6.2399069e-03   1.9650000e+03
  -6.4467583e-03   1.9800000e+03
  -6.6596153e-03   1.9950000e+03
  -6.8760272e-03   2.0100000e+03
  -7.0895064e-03   2.0250000e+03
  -7.2911228e-03   2.0400000e+03
  -7.4726418e-03   2.0550000e+03
  -7.6244199e-03   2.0700000e+03
  -7.7286074e-03   2.0850000e+03
  -7.7532767e-03   2.1000000e+03
  -7.6473439e-03   2.1150000e+03
  -7.3313871e-03   2.1300000e+03
  -6.6819759e-03   2.1450000e+03
  -5.5066925e-03   2.1600000e+03
  -3.5006350e-03   2.1750000e+03
  -1.7406205e-04   2.1900000e+03
   5.2520814e-03   2.2050000e+03
   1.3979550e-02   2.2200000e+03
   2.7783897e-02   2.2350000e+03
   4.9143199e-02   2.2500000e+03
   8.1244722e-02   2.2650000e+03
   1.2770082e-01   2.2800000e+03
   1.9176775e-01   2.2950000e+03
   2.7490282e-01   2.3100000e+03
   3.7467262e-01   2.3250000e+03
   4.8239252e-01   2.3400000e+03
   5.8139890e-01   2.3550000e+03
   6.4732653e-01   2.3700000e+03
   6.5178996e-01   2.3850000e+03
   5.7004035e-01   2.4000000e+03
   3.9135307e-01   2.4150000e+03
   1.2862064e-01   2.4300000e+03
  -1.7788652e-01   2.4450000e+03
  -4.6688935e-01   2.4600000e+03
  -6.7319316e-01   2.4750000e+03
  -7.5049591e-01   2.4900000e+03
  -6.9030011e-01   2.5050000e+03
  -5.2704835e-01   2.5200000e+03
  -3.2508236e-01   2.5350000e+03
  -1.5208942e-01   2.5500000e+03
  -5.1316213e-02   2.5650000e+03
  -2.6167391e-02   2.5800000e+03
  -4.4650614e-02   2.5950000e+03
  -6.0823947e-02   2.6100000e+03
  -4.1626856e-02   2.6250000e+03
   1.5222304e-02   2.6400000e+03
   8.1873938e-02   2.6550000e+03
   1.1907979e-01   2.6700000e+03
   1.0188153e-01   2.6850000e+03
   3.6128867e-02   2.7000000e+03
  -4.5098204e-02   2.7150000e+03
  -1.0254969e-01   2.7300000e+03
  -1.1425064e-01   2.7450000e+03
  -8.5140713e-02   2.7600000e+03
  -3.8250264e-02   2.7750000e+03
   3.3346813e-03   2.7900000e+03
   2.9993501e-02   2.8050000e+03
   4.7361430e-02   2.8200000e+03
   6.8232536e-02   2.8350000e+03
   1.0086255e-01   2.8500000e+03
   1.4043392e-01   2.8650000e+03
   1.6956635e-01   2.8800000e+03
   1.6964200e-01   2.8950000e+03
   1.3604718e-01   2.9100000e+03
   8.4311321e-02   2.9250000e+03
   4.0051859e-02   2.9400000e+03
   2.0632237e-02   2.9550000e+03
   2.4667347e-02   2.9700000e+03
   3.7289154e-02   2.9850000e+03
   4.3896940e-02   3.0000000e+03
   3.9482176e-02   3.0150000e+03
   2.7906336e-02   3.0300000e+03
   1.5106671e-02   3.0450000e+03
   3.2384053e-03   3.0600000e+03
  -1.0006741e-02   3.0750000e+03
  -2.7198613e-02   3.0900000e+03
  -4.6433721e-02   3.1050000e+03
  -6.1294653e-02   3.1200000e+03
  -6.6187553e-02   3.1350000e+03
  -6.1601434e-02   3.1500000e+03
  -5.3658266e-02   3.1650000e+03
  -4.8776839e-02   3.1800000e+03
  -4.9149666e-02   3.1950000e+03
  -5.2478321e-02   3.2100000e+03
  -5.4407194e-02   3.2250000e+03
  -5.0896816e-02   3.2400000e+03
  -3.9887864e-02   3.2550000e+03
  -2.2514815e-02   3.2700000e+03
  -3.1254664e-03   3.2850000e+03
   1.2680500e-02   3.3000000e+03
   2.0991391e-02   3.3150000e+03
   2.1161309e-02   3.3300000e+03
   1.4693920e-02   3.3450000e+03
   2.7096171e-03   3.3600000e+03
  -1.5065435e-02   3.3750000e+03
  -3.8228177e-02   3.3900000e+03
  -6.2596738e-02   3.4050000e+03
  -8.0092534e-02   3.4200000e+03
  -8.3034806e-02   3.4350000e+03
  -6.9469608e-02   3.4500000e+03
  -4.4638295e-02   3.4650000e+03
  -1.7372528e-02   3.4800000e+03
   5.1118117e-03   3.4950000e+03
   1.9884173e-02   3.5100000e+03
   2.7576333e-02   3.5250000e+03
   3.0373409e-02   3.5400000e+03
   3.0673355e-02   3.5550000e+03
   3.0530576e-02   3.5700000e+03
   3.1229794e-02   3.5850000e+03
   3.2975469e-02   3.6000000e+03
   3.5037622e-02   3.6150000e+03
   3.6130395e-02   3.6300000e+03
   3.4550443e-02   3.6450000e+03
   2.8365653e-02   3.6600000e+03
   1.6439015e-02   3.6750000e+03
   7.3746836e-05   3.6900000e+03
  -1.6331801e-02   3.7050000e+03
  -2.6919587e-02   3.7200000e+03
  -2.7554117e-02   3.7350000e+03
  -1.8309912e-02   3.7500000e+03
  -3.6478224e-03   3.7650000e+03
   9.5721213e-03   3.7800000e+03
   1.5059975e-02   3.7950000e+03
   9.9065145e-03   3.8100000e+03
  -3.7372350e-03   3.8250000e+03
  -1.9073466e-02   3.8400000e+03
  -2.7488247e-02   3.8550000e+03
  -2.2644630e-02   3.8700000e+03
  -3.6166015e-03   3.8850000e+03
   2.4574878e-02   3.9000000e+03
   5.2954078e-02   3.9150000e+03
   7.1852885e-02   3.9300000e+03
   7.4178860e-02   3.9450000e+03
   5.7812098e-02   3.9600000e+03
   2.6398679e-02   3.9750000e+03
  -1.1882978e-02   3.9900000e+03
  -4.7167417e-02   4.0050000e+03
  -7.1163520e-02   4.0200000e+03
  -7.9584979e-02   4.0350000e+03
  -7.2978601e-02   4.0500000e+03
  -5.5721182e-02   4.0650000e+03
  -3.3621129e-02   4.0800000e+03
  -1.1322962e-02   4.0950000e+03
   9.1106594e-03   4.1100000e+03
   2.7864097e-02   4.1250000e+03
   4.5750331e-02   4.1400000e+03
   6.2229659e-02   4.1550000e+03
   7.4034870e-02   4.1700000e+03
   7.5446442e-02   4.1850000e+03
   6.0884271e-02   4.2000000e+03
   2.9068073e-02   4.2150000e+03
  -1.3703736e-02   4.2300000e+03
  -5.3951532e-02   4.2450000e+03
  -7.6074913e-02   4.2600000e+03
  -6.9997489e-02   4.2750000e+03
  -3.7061390e-02   4.2900000e+03
   9.6667232e-03   4.3050000e+03
   5.1190849e-02   4.3200000e+03
   7.1294867e-02   4.3350000e+03
   6.3711464e-02   4.3500000e+03
   3.4662090e-02   4.3650000e+03
  -2.4399492e-04   4.3800000e+03
  -2.3846576e-02   4.3950000e+03
  -2.6714513e-02   4.4100000e+03
  -1.2549615e-02   4.4250000e+03
   4.4360543e-03   4.4400000e+03
   9.1617135e-03   4.4550000e+03
  -4.0444434e-03   4.4700000e+03
  -2.7677761e-02   4.4850000e+03
  -4.6311777e-02   4.5000000e+03
