  -8.0677884e-04   0.0000000e+00
  -8.0678216e-04   1.5000000e+01
  -8.0682948e-04   3.0000000e+01
  -8.0690242e-04   4.5000000e+01
  -8.0676517e-04   6.0000000e+01
  -8.0616109e-04   7.5000000e+01
  -8.0519752e-04   9.0000000e+01
  -8.0436014e-04   1.0500000e+02
  -8.0416177e-04   1.2000000e+02
  -8.0470945e-04   1.3500000e+02
  -8.0542831e-04   1.5000000e+02
  -8.0521143e-04   1.6500000e+02
  -8.0271601e-04   1.8000000e+02
  -7.9521869e-04   1.9500000e+02
  -7.7458547e-04   2.1000000e+02
  -7.2248286e-04   2.2500000e+02
  -6.1377720e-04   2.4000000e+02
  -4.3828905e-04   2.5500000e+02
  -2.3252424e-04   2.7000000e+02
  -8.2069440e-05   2.8500000e+02
  -6.0737329e-05   3.0000000e+02
  -1.4700191e-04   3.1500000e+02
  -2.2456434e-04   3.3000000e+02
  -2.0196931e-04   3.4500000e+02
  -1.1770881e-04   3.6000000e+02
  -8.0555488e-05   3.7500000e+02
  -1.1712409e-04   3.9000000e+02
  -1.4721708e-04   4.0500000e+02
  -1.1759103e-04   4.2000000e+02
  -7.7342520e-05   4.3500000e+02
  -8.3930994e-05   4.5000000e+02
  -1.1070014e-04   4.6500000e+02
  -1.0499298e-04   4.8000000e+02
  -7.7708683e-05   4.9500000e+02
  -7.0058100e-05   5.1000000e+02
  -7.6642573e-05   5.2500000e+02
  -6.5010136e-05   5.4000000e+02
  -3.8465896e-05   5.5500000e+02
  -2.3997654e-05   5.7000000e+02
  -2.1807227e-05   5.8500000e+02
  -1.2144028e-05   6.0000000e+02
   5.0990820e-06   6.1500000e+02
   1.4377383e-05   6.3000000e+02
   1.5071055e-05   6.4500000e+02
   1.7591447e-05   6.6000000e+02
   1.9432628e-05   6.7500000e+02
   9.8318196e-06   6.9000000e+02
  -1.2466535e-05   7.0500000e+02
  -4.6035711e-05   7.2000000e+02
  -9.9788122e-05   7.3500000e+02
  -1.8302926e-04   7.5000000e+02
  -2.8981766e-04   7.6500000e+02
  -3.9902987e-04   7.8000000e+02
  -4.8062229e-04   7.9500000e+02
  -5.0302781e-04   8.1000000e+02
  -4.5334981e-04   8.2500000e+02
  -3.6106340e-04   8.4000000e+02
  -2.9154407e-04   8.5500000e+02
  -2.9995217e-04   8.7000000e+02
  -3.8387178e-04   8.8500000e+02
  -4.8297353e-04   9.0000000e+02
  -5.3297391e-04   9.1500000e+02
  -5.2660378e-04   9.3000000e+02
  -5.1798590e-04   9.4500000e+02
  -5.5990042e-04   9.6000000e+02
  -6.4337783e-04   9.7500000e+02
  -7.1481080e-04   9.9000000e+02
  -7.4936863e-04   1.0050000e+03
  -7.8069081e-04   1.0200000e+03
  -8.4636215e-04   1.0350000e+03
  -9.3189080e-04   1.0500000e+03
  -9.9705253e-04   1.0650000e+03
  -1.0399666e-03   1.0800000e+03
  -1.0969486e-03   1.0950000e+03
  -1.1828971e-03   1.1100000e+03
  -1.2734712e-03   1.1250000e+03
  -1.3565456e-03   1.1400000e+03
  -1.4618923e-03   1.1550000e+03
  -1.6177417e-03   1.1700000e+03
  -1.8094402e-03   1.1850000e+03
  -2.0078043e-03   1.2000000e+03
  -2.2121714e-03   1.2150000e+03
  -2.4354639e-03   1.2300000e+03
  -2.6674774e-03   1.2450000e+03
  -2.8854676e-03   1.2600000e+03
  -3.0893092e-03   1.2750000e+03
  -3.2994985e-03   1.2900000e+03
  -3.5301109e-03   1.3050000e+03
  -3.7858540e-03   1.3200000e+03
  -4.0752417e-03   1.3350000e+03
  -4.4046291e-03   1.3500000e+03
  -4.7662943e-03   1.3650000e+03
  -5.1498758e-03   1.3800000e+03
  -5.5593429e-03   1.3950000e+03
  -6.0053184e-03   1.4100000e+03
  -6.4885537e-03   1.4250000e+03
  -7.0036855e-03   1.4400000e+03
  -7.5509646e-03   1.4550000e+03
  -8.1292884e-03   1.4700000e+03
  -8.7206764e-03   1.4850000e+03
  -9.2878304e-03   1.5000000e+03
  -9.7648362e-03   1.5150000e+03
  -9.9976510e-03   1.5300000e+03
  -9.6159047e-03   1.5450000e+03
  -7.8192586e-03   1.5600000e+03
  -3.0032510e-03   1.5750000e+03
   7.8881206e-03   1.5900000e+03
   3.0298539e-02   1.6050000e+03
   7.2986506e-02   1.6200000e+03
   1.4806643e-01   1.6350000e+03
   2.6853642e-01   1.6500000e+03
   4.4125751e-01   1.6650000e+03
   6.5439367e-01   1.6800000e+03
   8.6214590e-01   1.6950000e+03
   9.7629714e-01   1.7100000e+03
   8.8019884e-01   1.7250000e+03
   4.7849286e-01   1.7400000e+03
  -2.2331846e-01   1.7550000e+03
  -1.0498484e+00   1.7700000e+03
  -1.6654538e+00   1.7850000e+03
  -1.7133956e+00   1.8000000e+03
  -1.0509617e+00   1.8150000e+03
   6.7014262e-02   1.8300000e+03
   1.0430610e+00   1.8450000e+03
   1.2870014e+00   1.8600000e+03
   6.5896183e-01   1.8750000e+03
  -3.6489329e-01   1.8900000e+03
  -1.0222778e+00   1.9050000e+03
  -8.7669235e-01   1.9200000e+03
  -1.7390911e-01   1.9350000e+03
   4.1598502e-01   1.9500000e+03
   4.3833888e-01   1.9650000e+03
   3.9109338e-02   1.9800000e+03
  -2.7377507e-01   1.9950000e+03
  -1.8803358e-01   2.0100000e+03
   1.4864188e-01   2.0250000e+03
   3.7060800e-01   2.0400000e+03
   2.8321531e-01   2.0550000e+03
  -1.5727399e-02   2.0700000e+03
  -2.9137081e-01   2.0850000e+03
  -3.6001152e-01   2.1000000e+03
  -1.8782865e-01   2.1150000e+03
   8.7480307e-02   2.1300000e+03
   2.4785191e-01   2.1450000e+03
   1.9331153e-01   2.1600000e+03
   4.1393500e-02   2.1750000e+03
  -3.5292905e-02   2.1900000e+03
  -2.5292438e-02   2.2050000e+03
  -3.3434220e-02   2.2200000e+03
  -7.5788513e-02   2.2350000e+03
  -7.3824890e-02   2.2500000e+03
  -3.2541063e-02   2.2650000e+03
  -4.5420732e-02   2.2800000e+03
  -1.0486646e-01   2.2950000e+03
  -9.0205997e-02   2.3100000e+03
   1.4103639e-02   2.3250000e+03
   7.2119802e-02   2.3400000e+03
   2.9260010e-02   2.3550000e+03
   8.7543698e-03   2.3700000e+03
   9.2156984e-02   2.3850000e+03
   1.7424725e-01   2.4000000e+03
   1.3897066e-01   2.4150000e+03
   3.6196560e-02   2.4300000e+03
  -2.1227526e-02   2.4450000e+03
  -2.0420758e-02   2.4600000e+03
  -1.2497363e-02   2.4750000e+03
  -5.2648243e-03   2.4900000e+03
   2.1964533e-02   2.5050000e+03
   5.6729488e-02   2.5200000e+03
   7.0050746e-02   2.5350000e+03
   5.7981513e-02   2.5500000e+03
   3.2166388e-02   2.5650000e+03
  -1.1909405e-03   2.5800000e+03
  -3.3745214e-02   2.5950000e+03
  -4.9467016e-02   2.6100000e+03
  -3.9217744e-02   2.6250000e+03
  -1.1247073e-02   2.6400000e+03
   1.3591425e-02   2.6550000e+03
   1.3781892e-02   2.6700000e+03
  -1.6502634e-02   2.6850000e+03
  -5.7064004e-02   2.7000000e+03
  -7.5811669e-02   2.7150000e+03
  -5.8563024e-02   2.7300000e+03
  -2.1012776e-02   2.7450000e+03
   8.6032562e-03   2.7600000e+03
   1.3593932e-02   2.7750000e+03
  -2.3885451e-03   2.7900000e+03
  -2.2501936e-02   2.8050000e+03
  -2.9907400e-02   2.8200000e+03
  -1.8970432e-02   2.8350000e+03
   6.7235687e-04   2.8500000e+03
   1.0841066e-02   2.8650000e+03
   7.5969077e-04   2.8800000e+03
  -2.0525491e-02   2.8950000e+03
  -3.1246020e-02   2.9100000e+03
  -1.9433644e-02   2.9250000e+03
   5.8344817e-03   2.9400000e+03
   2.8344974e-02   2.9550000e+03
   4.2836100e-02   2.9700000e+03
   5.3132232e-02   2.9850000e+03
   5.8727138e-02   3.0000000e+03
   5.2745163e-02   3.0150000e+03
   3.2004256e-02   3.0300000e+03
   2.8539121e-03   3.0450000e+03
  -2.2516288e-02   3.0600000e+03
  -3.2883164e-02   3.0750000e+03
  -2.4871035e-02   3.0900000e+03
  -7.1508330e-03   3.1050000e+03
   5.5066729e-03   3.1200000e+03
   6.2486548e-03   3.1350000e+03
   1.7077157e-03   3.1500000e+03
   1.5576362e-03   3.1650000e+03
   7.0686950e-03   3.1800000e+03
   1.3461808e-02   3.1950000e+03
   1.8578865e-02   3.2100000e+03
   2.2941720e-02   3.2250000e+03
   2.3619855e-02   3.2400000e+03
   1.5332424e-02   3.2550000e+03
  -4.2071543e-04   3.2700000e+03
  -1.1416219e-02   3.2850000e+03
  -3.6630544e-03   3.3000000e+03
   2.4267595e-02   3.3150000e+03
   5.5703703e-02   3.3300000e+03
   6.6491112e-02   3.3450000e+03
   4.4449639e-02   3.3600000e+03
   1.0472522e-04   3.3750000e+03
  -4.1946501e-02   3.3900000e+03
  -6.2175106e-02   3.4050000e+03
  -5.7102662e-02   3.4200000e+03
  -3.4926787e-02   3.4350000e+03
  -5.5286037e-03   3.4500000e+03
   2.3607636e-02   3.4650000e+03
   4.5201357e-02   3.4800000e+03
   5.0603557e-02   3.4950000e+03
   3.2977369e-02   3.5100000e+03
  -6.4768861e-03   3.5250000e+03
  -5.4491501e-02   3.5400000e+03
  -8.9385666e-02   3.5550000e+03
  -9.3307160e-02   3.5700000e+03
  -6.5609105e-02   3.5850000e+03
  -2.5466440e-02   3.6000000e+03
   1.4593103e-03   3.6150000e+03
   3.1810943e-03   3.6300000e+03
  -9.2136553e-03   3.6450000e+03
  -1.2691251e-02   3.6600000e+03
   5.3574680e-03   3.6750000e+03
   3.4657400e-02   3.6900000e+03
   5.1724602e-02   3.7050000e+03
   4.2030841e-02   3.7200000e+03
   1.3008393e-02   3.7350000e+03
  -1.3562199e-02   3.7500000e+03
  -2.0759879e-02   3.7650000e+03
  -8.9358492e-03   3.7800000e+03
   8.0464706e-03   3.7950000e+03
   1.6394239e-02   3.8100000e+03
   1.2444445e-02   3.8250000e+03
   1.8622210e-03   3.8400000e+03
  -8.2675135e-03   3.8550000e+03
  -1.5260166e-02   3.8700000e+03
  -1.9613914e-02   3.8850000e+03
  -2.0358648e-02   3.9000000e+03
  -1.4173155e-02   3.9150000e+03
  -2.7530486e-04   3.9300000e+03
   1.4915636e-02   3.9450000e+03
   2.0458207e-02   3.9600000e+03
   1.0115501e-02   3.9750000e+03
  -1.0799279e-02   3.9900000e+03
  -2.8513946e-02   4.0050000e+03
  -3.1598434e-02   4.0200000e+03
  -1.9705907e-02   4.0350000e+03
  -2.8471705e-03   4.0500000e+03
   7.2137308e-03   4.0650000e+03
   5.4702992e-03   4.0800000e+03
  -4.4188346e-03   4.0950000e+03
  -1.4682462e-02   4.1100000e+03
  -1.9180259e-02   4.1250000e+03
  -1.5793270e-02   4.1400000e+03
  -5.6059235e-03   4.1550000e+03
   8.1786001e-03   4.1700000e+03
   2.0582778e-02   4.1850000e+03
   2.6303602e-02   4.2000000e+03
   2.2943582e-02   4.2150000e+03
   1.3106198e-02   4.2300000e+03
   2.4424770e-03   4.2450000e+03
  -4.7124294e-03   4.2600000e+03
  -7.6325475e-03   4.2750000e+03
  -7.9321042e-03   4.2900000e+03
  -7.5721852e-03   4.3050000e+03
  -8.4367963e-03   4.3200000e+03
  -1.2034712e-02   4.3350000e+03
  -1.7649965e-02   4.3500000e+03
  -2.1204835e-02   4.3650000e+03
  -1.8232059e-02   4.3800000e+03
  -9.1576390e-03   4.3950000e+03
  -4.0044461e-04   4.4100000e+03
   1.4191290e-03   4.4250000e+03
  -3.7931188e-03   4.4400000e+03
  -9.7557660e-03   4.4550000e+03
  -1.0453545e-02   4.4700000e+03
  -5.3170761e-03   4.4850000e+03
   2.0836128e-03   4.5000000e+03
