  -1.3173302e-03   0.0000000e+00
  -1.3173514e-03   1.5000000e+01
  -1.3174420e-03   3.0000000e+01
  -1.3176179e-03   4.5000000e+01
  -1.3177918e-03   6.0000000e+01
  -1.3178237e-03   7.5000000e+01
  -1.3177098e-03   9.0000000e+01
  -1.3176353e-03   1.0500000e+02
  -1.3178686e-03   1.2000000e+02
  -1.3185205e-03   1.3500000e+02
  -1.3193316e-03   1.5000000e+02
  -1.3196415e-03   1.6500000e+02
  -1.3182325e-03   1.8000000e+02
  -1.3118004e-03   1.9500000e+02
  -1.2905970e-03   2.1000000e+02
  -1.2335756e-03   2.2500000e+02
  -1.1128180e-03   2.4000000e+02
  -9.1825123e-04   2.5500000e+02
  -6.9294195e-04   2.7000000e+02
  -5.3455058e-04   2.8500000e+02
  -5.2534678e-04   3.0000000e+02
  -6.3794386e-04   3.1500000e+02
  -7.3813373e-04   3.3000000e+02
  -7.2265364e-04   3.4500000e+02
  -6.3778815e-04   3.6000000e+02
  -6.0850562e-04   3.7500000e+02
  -6.6340028e-04   3.9000000e+02
  -7.0834701e-04   4.0500000e+02
  -6.8180036e-04   4.2000000e+02
  -6.4116082e-04   4.3500000e+02
  -6.5338233e-04   4.5000000e+02
  -6.8845641e-04   4.6500000e+02
  -6.8729796e-04   4.8000000e+02
  -6.6428958e-04   4.9500000e+02
  -6.6716550e-04   5.1000000e+02
  -6.8871083e-04   5.2500000e+02
  -6.9083873e-04   5.4000000e+02
  -6.7674584e-04   5.5500000e+02
  -6.7617459e-04   5.7000000e+02
  -6.8801985e-04   5.8500000e+02
  -6.8947813e-04   6.0000000e+02
  -6.8145362e-04   6.1500000e+02
  -6.8220706e-04   6.3000000e+02
  -6.9117406e-04   6.4500000e+02
  -6.9454982e-04   6.6000000e+02
  -6.9367688e-04   6.7500000e+02
  -6.9857581e-04   6.9000000e+02
  -7.0645765e-04   7.0500000e+02
  -7.0963317e-04   7.2000000e+02
  -7.1146945e-04   7.3500000e+02
  -7.1828935e-04   7.5000000e+02
  -7.2828279e-04   7.6500000e+02
  -7.3898619e-04   7.8000000e+02
  -7.5405103e-04   7.9500000e+02
  -7.7542907e-04   8.1000000e+02
  -7.9813960e-04   8.2500000e+02
  -8.1709097e-04   8.4000000e+02
  -8.3190587e-04   8.5500000e+02
  -8.4378454e-04   8.7000000e+02
  -8.5463055e-04   8.8500000e+02
  -8.6918834e-04   9.0000000e+02
  -8.9125772e-04   9.1500000e+02
  -9.1747945e-04   9.3000000e+02
  -9.3996397e-04   9.4500000e+02
  -9.5560751e-04   9.6000000e+02
  -9.6945994e-04   9.7500000e+02
  -9.8843558e-04   9.9000000e+02
  -1.0138863e-03   1.0050000e+03
  -1.0407435e-03   1.0200000e+03
  -1.0631020e-03   1.0350000e+03
  -1.0805198e-03   1.0500000e+03
  -1.0980288e-03   1.0650000e+03
  -1.1193056e-03   1.0800000e+03
  -1.1420638e-03   1.0950000e+03
  -1.1623321e-03   1.1100000e+03
  -1.1810474e-03   1.1250000e+03
  -1.2029973e-03   1.1400000e+03
  -1.2305707e-03   1.1550000e+03
  -1.2625123e-03   1.1700000e+03
  -1.2985046e-03   1.1850000e+03
  -1.3406645e-03   1.2000000e+03
  -1.3893755e-03   1.2150000e+03
  -1.4410309e-03   1.2300000e+03
  -1.4914522e-03   1.2450000e+03
  -1.5390021e-03   1.2600000e+03
  -1.5833663e-03   1.2750000e+03
  -1.6242211e-03   1.2900000e+03
  -1.6626118e-03   1.3050000e+03
  -1.7010625e-03   1.3200000e+03
  -1.7407145e-03   1.3350000e+03
  -1.7804330e-03   1.3500000e+03
  -1.8198183e-03   1.3650000e+03
  -1.8608136e-03   1.3800000e+03
  -1.9052617e-03   1.3950000e+03
  -1.9527305e-03   1.4100000e+03
  -2.0015640e-03   1.4250000e+03
  -2.0506529e-03   1.4400000e+03
  -2.0994861e-03   1.4550000e+03
  -2.1471996e-03   1.4700000e+03
  -2.1922183e-03   1.4850000e+03
  -2.2336207e-03   1.5000000e+03
  -2.2731207e-03   1.5150000e+03
  -2.3141087e-03   1.5300000e+03
  -2.3576547e-03   1.5450000e+03
  -2.4010537e-03   1.5600000e+03
  -2.4418694e-03   1.5750000e+03
  -2.4819355e-03   1.5900000e+03
  -2.5252262e-03   1.6050000e+03
  -2.5723302e-03   1.6200000e+03
  -2.6192411e-03   1.6350000e+03
  -2.6615446e-03   1.6500000e+03
  -2.6974585e-03   1.6650000e+03
  -2.7261672e-03   1.6800000e+03
  -2.7458973e-03   1.6950000e+03
  -2.7557304e-03   1.7100000e+03
  -2.7583260e-03   1.7250000e+03
  -2.7587030e-03   1.7400000e+03
  -2.7586562e-03   1.7550000e+03
  -2.7521327e-03   1.7700000e+03
  -2.7276645e-03   1.7850000e+03
  -2.6765016e-03   1.8000000e+03
  -2.5972717e-03   1.8150000e+03
  -2.4920350e-03   1.8300000e+03
  -2.3596948e-03   1.8450000e+03
  -2.1946521e-03   1.8600000e+03
  -1.9898587e-03   1.8750000e+03
  -1.7382791e-03   1.8900000e+03
  -1.4314346e-03   1.9050000e+03
  -1.0582525e-03   1.9200000e+03
  -6.0495088e-04   1.9350000e+03
  -5.4162774e-05   1.9500000e+03
   6.1622058e-04   1.9650000e+03
   1.4335476e-03   1.9800000e+03
   2.4321347e-03   1.9950000e+03
   3.6568644e-03   2.0100000e+03
   5.1647946e-03   2.0250000e+03
   7.0227464e-03   2.0400000e+03
   9.3054706e-03   2.0550000e+03
   1.2098970e-02   2.0700000e+03
   1.5507359e-02   2.0850000e+03
   1.9659737e-02   2.1000000e+03
   2.4717862e-02   2.1150000e+03
   3.0886294e-02   2.1300000e+03
   3.8419470e-02   2.1450000e+03
   4.7614984e-02   2.1600000e+03
   5.8789961e-02   2.1750000e+03
   7.2250828e-02   2.1900000e+03
   8.8268049e-02   2.2050000e+03
   1.0705325e-01   2.2200000e+03
   1.2872374e-01   2.2350000e+03
   1.5324150e-01   2.2500000e+03
   1.8032275e-01   2.2650000e+03
   2.0932198e-01   2.2800000e+03
   2.3910776e-01   2.2950000e+03
   2.6797196e-01   2.3100000e+03
   2.9364088e-01   2.3250000e+03
   3.1345865e-01   2.3400000e+03
   3.2476422e-01   2.3550000e+03
   3.2538995e-01   2.3700000e+03
   3.1413364e-01   2.3850000e+03
   2.9105896e-01   2.4000000e+03
   2.5755945e-01   2.4150000e+03
   2.1619812e-01   2.4300000e+03
   1.7034800e-01   2.4450000e+03
   1.2363745e-01   2.4600000e+03
   7.9248585e-02   2.4750000e+03
   3.9264221e-02   2.4900000e+03
   4.3943599e-03   2.5050000e+03
  -2.5665389e-02   2.5200000e+03
  -5.1355496e-02   2.5350000e+03
  -7.2401501e-02   2.5500000e+03
  -8.7640665e-02   2.5650000e+03
  -9.5730834e-02   2.5800000e+03
  -9.6232288e-02   2.5950000e+03
  -9.0199180e-02   2.6100000e+03
  -7.9808950e-02   2.6250000e+03
  -6.7372225e-02   2.6400000e+03
  -5.4525472e-02   2.6550000e+03
  -4.2089313e-02   2.6700000e+03
  -3.0383402e-02   2.6850000e+03
  -1.9491563e-02   2.7000000e+03
  -9.2994887e-03   2.7150000e+03
   4.5134075e-04   2.7300000e+03
   9.8995995e-03   2.7450000e+03
   1.8781619e-02   2.7600000e+03
   2.6454957e-02   2.7750000e+03
   3.2236423e-02   2.7900000e+03
   3.5739113e-02   2.8050000e+03
   3.6969684e-02   2.8200000e+03
   3.6233470e-02   2.8350000e+03
   3.3968493e-02   2.8500000e+03
   3.0509420e-02   2.8650000e+03
   2.5825480e-02   2.8800000e+03
   1.9486945e-02   2.8950000e+03
   1.1057501e-02   2.9100000e+03
   6.5800804e-04   2.9250000e+03
  -1.0856274e-02   2.9400000e+03
  -2.2331903e-02   2.9550000e+03
  -3.2967344e-02   2.9700000e+03
  -4.2602897e-02   2.9850000e+03
  -5.1498581e-02   3.0000000e+03
  -5.9898213e-02   3.0150000e+03
  -6.7723192e-02   3.0300000e+03
  -7.4540235e-02   3.0450000e+03
  -7.9792850e-02   3.0600000e+03
  -8.3170995e-02   3.0750000e+03
  -8.4866919e-02   3.0900000e+03
  -8.5494198e-02   3.1050000e+03
  -8.5720405e-02   3.1200000e+03
  -8.5912041e-02   3.1350000e+03
  -8.6028934e-02   3.1500000e+03
  -8.5748471e-02   3.1650000e+03
  -8.4671415e-02   3.1800000e+03
  -8.2521997e-02   3.1950000e+03
  -7.9306222e-02   3.2100000e+03
  -7.5352117e-02   3.2250000e+03
  -7.1160436e-02   3.2400000e+03
  -6.7131273e-02   3.2550000e+03
  -6.3369207e-02   3.2700000e+03
  -5.9727266e-02   3.2850000e+03
  -5.6037113e-02   3.3000000e+03
  -5.2296504e-02   3.3150000e+03
  -4.8636343e-02   3.3300000e+03
  -4.5119680e-02   3.3450000e+03
  -4.1591473e-02   3.3600000e+03
  -3.7731916e-02   3.3750000e+03
  -3.3262644e-02   3.3900000e+03
  -2.8130457e-02   3.4050000e+03
  -2.2535540e-02   3.4200000e+03
  -1.6796259e-02   3.4350000e+03
  -1.1145459e-02   3.4500000e+03
  -5.5878218e-03   3.4650000e+03
   9.5929317e-05   3.4800000e+03
   6.2131844e-03   3.4950000e+03
   1.2991291e-02   3.5100000e+03
   2.0476233e-02   3.5250000e+03
   2.8529473e-02   3.5400000e+03
   3.6891248e-02   3.5550000e+03
   4.5257468e-02   3.5700000e+03
   5.3323910e-02   3.5850000e+03
   6.0777020e-02   3.6000000e+03
   6.7257270e-02   3.6150000e+03
   7.2358385e-02   3.6300000e+03
   7.5702451e-02   3.6450000e+03
   7.7050187e-02   3.6600000e+03
   7.6350294e-02   3.6750000e+03
   7.3674127e-02   3.6900000e+03
   6.9092169e-02   3.7050000e+03
   6.2615514e-02   3.7200000e+03
   5.4274455e-02   3.7350000e+03
   4.4279836e-02   3.7500000e+03
   3.3126745e-02   3.7650000e+03
   2.1530531e-02   3.7800000e+03
   1.0208220e-02   3.7950000e+03
  -3.5913836e-04   3.8100000e+03
  -1.0014311e-02   3.8250000e+03
  -1.8782988e-02   3.8400000e+03
  -2.6594842e-02   3.8550000e+03
  -3.3089157e-02   3.8700000e+03
  -3.7693735e-02   3.8850000e+03
  -3.9952025e-02   3.9000000e+03
  -3.9845873e-02   3.9150000e+03
  -3.7841573e-02   3.9300000e+03
  -3.4617793e-02   3.9450000e+03
  -3.0703111e-02   3.9600000e+03
  -2.6302552e-02   3.9750000e+03
  -2.1397008e-02   3.9900000e+03
  -1.5968448e-02   4.0050000e+03
  -1.0147128e-02   4.0200000e+03
  -4.1999994e-03   4.0350000e+03
   1.5721018e-03   4.0500000e+03
   6.9163088e-03   4.0650000e+03
   1.1637413e-02   4.0800000e+03
   1.5565813e-02   4.0950000e+03
   1.8541671e-02   4.1100000e+03
   2.0436469e-02   4.1250000e+03
   2.1182653e-02   4.1400000e+03
   2.0777263e-02   4.1550000e+03
   1.9269550e-02   4.1700000e+03
   1.6773934e-02   4.1850000e+03
   1.3514823e-02   4.2000000e+03
   9.8430375e-03   4.2150000e+03
   6.1576907e-03   4.2300000e+03
   2.7533416e-03   4.2450000e+03
  -2.9637886e-04   4.2600000e+03
  -3.1190654e-03   4.2750000e+03
  -5.9012193e-03   4.2900000e+03
  -8.7392367e-03   4.3050000e+03
  -1.1593588e-02   4.3200000e+03
  -1.4357146e-02   4.3350000e+03
  -1.6954659e-02   4.3500000e+03
  -1.9381072e-02   4.3650000e+03
  -2.1657042e-02   4.3800000e+03
  -2.3757365e-02   4.3950000e+03
  -2.5581034e-02   4.4100000e+03
  -2.6977457e-02   4.4250000e+03
  -2.7788991e-02   4.4400000e+03
  -2.7875017e-02   4.4550000e+03
  -2.7128534e-02   4.4700000e+03
  -2.5512427e-02   4.4850000e+03
  -2.3104653e-02   4.5000000e+03
