   1.1485767e-01   0.0000000e+00
   1.1469626e-01   1.5000000e+01
   1.1421455e-01   3.0000000e+01
   1.1342342e-01   4.5000000e+01
   1.1235294e-01   6.0000000e+01
   1.1101146e-01   7.5000000e+01
   1.0929390e-01   9.0000000e+01
   1.0698098e-01   1.0500000e+02
   1.0379230e-01   1.2000000e+02
   9.9429749e-02   1.3500000e+02
   9.3889043e-02   1.5000000e+02
   8.9699842e-02   1.6500000e+02
   1.0218151e-01   1.8000000e+02
   1.8725808e-01   1.9500000e+02
   4.7280416e-01   2.1000000e+02
   1.1070079e+00   2.2500000e+02
   2.0110419e+00   2.4000000e+02
   2.5502195e+00   2.5500000e+02
   1.6830891e+00   2.7000000e+02
  -9.6275246e-01   2.8500000e+02
  -4.0226960e+00   3.0000000e+02
  -5.0825739e+00   3.1500000e+02
  -2.9853745e+00   3.3000000e+02
   5.7450277e-01   3.4500000e+02
   2.4765739e+00   3.6000000e+02
   1.6370466e+00   3.7500000e+02
  -2.7168310e-01   3.9000000e+02
  -1.2003057e+00   4.0500000e+02
  -3.4316632e-01   4.2000000e+02
   8.9641631e-01   4.3500000e+02
   5.9560049e-01   4.5000000e+02
  -3.0628458e-01   4.6500000e+02
  -3.3493170e-01   4.8000000e+02
   4.6420619e-02   4.9500000e+02
   3.7071884e-01   5.1000000e+02
   8.3267383e-02   5.2500000e+02
  -4.7376758e-01   5.4000000e+02
   8.7135341e-03   5.5500000e+02
   3.5068581e-01   5.7000000e+02
  -2.5783184e-01   5.8500000e+02
  -2.1359664e-01   6.0000000e+02
   2.0948455e-01   6.1500000e+02
   6.9964327e-02   6.3000000e+02
  -4.4611800e-02   6.4500000e+02
  -1.1156416e-02   6.6000000e+02
   3.1334963e-02   6.7500000e+02
   7.1406677e-02   6.9000000e+02
  -1.2252144e-02   7.0500000e+02
   1.8327646e-02   7.2000000e+02
   7.9619788e-02   7.3500000e+02
  -6.8481401e-02   7.5000000e+02
  -1.6224532e-01   7.6500000e+02
  -9.7753391e-02   7.8000000e+02
  -5.0384544e-02   7.9500000e+02
  -3.4992781e-02   8.1000000e+02
   3.4057021e-02   8.2500000e+02
   1.1202410e-01   8.4000000e+02
   8.6265236e-02   8.5500000e+02
   4.2074163e-02   8.7000000e+02
   6.6352665e-02   8.8500000e+02
   6.1145611e-02   9.0000000e+02
   1.7937742e-02   9.1500000e+02
   5.1649353e-03   9.3000000e+02
  -5.3375093e-03   9.4500000e+02
  -4.3444831e-02   9.6000000e+02
  -7.9854690e-02   9.7500000e+02
  -9.1674037e-02   9.9000000e+02
  -9.2454568e-02   1.0050000e+03
  -8.6244784e-02   1.0200000e+03
  -5.7796497e-02   1.0350000e+03
  -2.1993412e-02   1.0500000e+03
  -1.8987502e-04   1.0650000e+03
   1.8819232e-02   1.0800000e+03
   4.2092137e-02   1.0950000e+03
   5.3697001e-02   1.1100000e+03
   5.1174443e-02   1.1250000e+03
   5.3739272e-02   1.1400000e+03
   6.4114578e-02   1.1550000e+03
   6.5850906e-02   1.1700000e+03
   5.4881029e-02   1.1850000e+03
   3.5241280e-02   1.2000000e+03
   8.4656905e-03   1.2150000e+03
  -1.4272872e-02   1.2300000e+03
  -2.0111667e-02   1.2450000e+03
  -1.4140891e-02   1.2600000e+03
  -1.1459812e-02   1.2750000e+03
  -1.8141314e-02   1.2900000e+03
  -3.0150069e-02   1.3050000e+03
  -4.1211799e-02   1.3200000e+03
  -4.5009494e-02   1.3350000e+03
  -3.8056888e-02   1.3500000e+03
  -2.4010172e-02   1.3650000e+03
  -1.0144957e-02   1.3800000e+03
  -1.5151202e-03   1.3950000e+03
  -6.0572440e-04   1.4100000e+03
  -6.4832866e-03   1.4250000e+03
  -1.3719087e-02   1.4400000e+03
  -1.7378407e-02   1.4550000e+03
  -1.7195642e-02   1.4700000e+03
  -1.5489215e-02   1.4850000e+03
  -1.5468796e-02   1.5000000e+03
  -2.0313226e-02   1.5150000e+03
  -2.8936788e-02   1.5300000e+03
  -3.4370713e-02   1.5450000e+03
  -2.9445758e-02   1.5600000e+03
  -1.2543895e-02   1.5750000e+03
   1.2199720e-02   1.5900000e+03
   3.6869496e-02   1.6050000e+03
   5.2285012e-02   1.6200000e+03
   5.2544590e-02   1.6350000e+03
   3.8506433e-02   1.6500000e+03
   1.6909109e-02   1.6650000e+03
  -2.9261748e-03   1.6800000e+03
  -1.3097649e-02   1.6950000e+03
  -1.1459513e-02   1.7100000e+03
  -2.6935262e-03   1.7250000e+03
   5.9123794e-03   1.7400000e+03
   9.0379100e-03   1.7550000e+03
   4.2729164e-03   1.7700000e+03
  -7.7509806e-03   1.7850000e+03
  -2.2082049e-02   1.8000000e+03
  -3.0255895e-02   1.8150000e+03
  -2.5034068e-02   1.8300000e+03
  -5.9082699e-03   1.8450000e+03
   1.9065440e-02   1.8600000e+03
   3.7240885e-02   1.8750000e+03
   3.9250452e-02   1.8900000e+03
   2.5050387e-02   1.9050000e+03
   3.5325275e-03   1.9200000e+03
  -1.3396322e-02   1.9350000e+03
  -1.8033687e-02   1.9500000e+03
  -1.1370268e-02   1.9650000e+03
  -1.8659767e-03   1.9800000e+03
   1.1649837e-03   1.9950000e+03
  -5.6926287e-03   2.0100000e+03
  -1.8357826e-02   2.0250000e+03
  -2.8642796e-02   2.0400000e+03
  -2.9207386e-02   2.0550000e+03
  -1.7801898e-02   2.0700000e+03
   1.0718415e-03   2.0850000e+03
   1.9135484e-02   2.1000000e+03
   3.0356558e-02   2.1150000e+03
   3.4357727e-02   2.1300000e+03
   3.4177236e-02   2.1450000e+03
   3.1834189e-02   2.1600000e+03
   2.6715597e-02   2.1750000e+03
   1.7680472e-02   2.1900000e+03
   6.0158838e-03   2.2050000e+03
  -4.0937155e-03   2.2200000e+03
  -8.6640920e-03   2.2350000e+03
  -7.8348089e-03   2.2500000e+03
  -6.1825160e-03   2.2650000e+03
  -8.6869476e-03   2.2800000e+03
  -1.6676169e-02   2.2950000e+03
  -2.7598370e-02   2.3100000e+03
  -3.7554435e-02   2.3250000e+03
  -4.3231852e-02   2.3400000e+03
  -4.2165600e-02   2.3550000e+03
  -3.2804865e-02   2.3700000e+03
  -1.5593952e-02   2.3850000e+03
   5.7872082e-03   2.4000000e+03
   2.5069702e-02   2.4150000e+03
   3.6557078e-02   2.4300000e+03
   3.8519673e-02   2.4450000e+03
   3.3676822e-02   2.4600000e+03
   2.6348621e-02   2.4750000e+03
   1.9114215e-02   2.4900000e+03
   1.1909313e-02   2.5050000e+03
   3.8013379e-03   2.5200000e+03
  -4.7174729e-03   2.5350000e+03
  -1.1304956e-02   2.5500000e+03
  -1.3790497e-02   2.5650000e+03
  -1.2677630e-02   2.5800000e+03
  -1.1208335e-02   2.5950000e+03
  -1.2349854e-02   2.6100000e+03
  -1.5607283e-02   2.6250000e+03
  -1.7118227e-02   2.6400000e+03
  -1.3071054e-02   2.6550000e+03
  -3.0859166e-03   2.6700000e+03
   9.4327917e-03   2.6850000e+03
   1.9833447e-02   2.7000000e+03
   2.5278492e-02   2.7150000e+03
   2.6196616e-02   2.7300000e+03
   2.5365839e-02   2.7450000e+03
   2.5140904e-02   2.7600000e+03
   2.4655163e-02   2.7750000e+03
   1.9704934e-02   2.7900000e+03
   6.5025967e-03   2.8050000e+03
  -1.3516886e-02   2.8200000e+03
  -3.2859258e-02   2.8350000e+03
  -4.2626981e-02   2.8500000e+03
  -3.8278122e-02   2.8650000e+03
  -2.1402886e-02   2.8800000e+03
   2.1840644e-03   2.8950000e+03
   2.4358394e-02   2.9100000e+03
   3.6120456e-02   2.9250000e+03
   3.1159133e-02   2.9400000e+03
   1.0622823e-02   2.9550000e+03
  -1.6248191e-02   2.9700000e+03
  -3.7514742e-02   2.9850000e+03
  -4.4718429e-02   3.0000000e+03
  -3.4975585e-02   3.0150000e+03
  -1.0875438e-02   3.0300000e+03
   1.8661048e-02   3.0450000e+03
   3.9477497e-02   3.0600000e+03
   3.9481666e-02   3.0750000e+03
   1.8041039e-02   3.0900000e+03
  -1.2382161e-02   3.1050000e+03
  -3.5022892e-02   3.1200000e+03
  -3.9511245e-02   3.1350000e+03
  -2.5739154e-02   3.1500000e+03
  -1.3496901e-03   3.1650000e+03
   2.2241535e-02   3.1800000e+03
   3.4457751e-02   3.1950000e+03
   3.1680703e-02   3.2100000e+03
   2.0201780e-02   3.2250000e+03
   9.8866653e-03   3.2400000e+03
   3.1030539e-03   3.2550000e+03
  -7.2354190e-03   3.2700000e+03
  -2.5972579e-02   3.2850000e+03
  -4.4733103e-02   3.3000000e+03
  -4.7450192e-02   3.3150000e+03
  -2.7353607e-02   3.3300000e+03
   4.7703888e-03   3.3450000e+03
   3.0073134e-02   3.3600000e+03
   3.7043013e-02   3.3750000e+03
   2.7744146e-02   3.3900000e+03
   1.3116864e-02   3.4050000e+03
   4.2744307e-03   3.4200000e+03
   5.0076870e-03   3.4350000e+03
   9.2478301e-03   3.4500000e+03
   7.0980228e-03   3.4650000e+03
  -4.2539565e-03   3.4800000e+03
  -1.6830465e-02   3.4950000e+03
  -2.0832926e-02   3.5100000e+03
  -1.5138148e-02   3.5250000e+03
  -6.1367084e-03   3.5400000e+03
   1.3485638e-03   3.5550000e+03
   7.1969354e-03   3.5700000e+03
   1.0807347e-02   3.5850000e+03
   8.4688412e-03   3.6000000e+03
  -1.6660778e-03   3.6150000e+03
  -1.5261401e-02   3.6300000e+03
  -2.5153138e-02   3.6450000e+03
  -2.7451511e-02   3.6600000e+03
  -2.2686724e-02   3.6750000e+03
  -1.2915213e-02   3.6900000e+03
  -3.6098226e-04   3.7050000e+03
   1.1624919e-02   3.7200000e+03
   1.8720120e-02   3.7350000e+03
   1.8050700e-02   3.7500000e+03
   1.0623907e-02   3.7650000e+03
   1.4813434e-03   3.7800000e+03
  -3.1207367e-03   3.7950000e+03
  -2.0181861e-04   3.8100000e+03
   7.4099284e-03   3.8250000e+03
   1.3538904e-02   3.8400000e+03
   1.3988317e-02   3.8550000e+03
   9.0144677e-03   3.8700000e+03
   1.0975116e-03   3.8850000e+03
  -7.7091567e-03   3.9000000e+03
  -1.5292150e-02   3.9150000e+03
  -1.8248038e-02   3.9300000e+03
  -1.3755757e-02   3.9450000e+03
  -3.1573772e-03   3.9600000e+03
   7.7376384e-03   3.9750000e+03
   1.2976025e-02   3.9900000e+03
   1.0997781e-02   4.0050000e+03
   4.7565456e-03   4.0200000e+03
  -1.9757231e-03   4.0350000e+03
  -7.5620427e-03   4.0500000e+03
  -1.1887978e-02   4.0650000e+03
  -1.4077861e-02   4.0800000e+03
  -1.2218219e-02   4.0950000e+03
  -5.7312516e-03   4.1100000e+03
   2.6425775e-03   4.1250000e+03
   7.9830661e-03   4.1400000e+03
   6.6633988e-03   4.1550000e+03
  -8.5596094e-04   4.1700000e+03
  -9.9651022e-03   4.1850000e+03
  -1.4575309e-02   4.2000000e+03
  -1.1142571e-02   4.2150000e+03
  -1.5851974e-03   4.2300000e+03
   7.6153278e-03   4.2450000e+03
   1.0346637e-02   4.2600000e+03
   5.8694961e-03   4.2750000e+03
  -9.6748251e-04   4.2900000e+03
  -4.5269239e-03   4.3050000e+03
  -3.2169744e-03   4.3200000e+03
   1.3180370e-04   4.3350000e+03
   1.6605858e-03   4.3500000e+03
  -3.1309618e-04   4.3650000e+03
  -4.6147830e-03   4.3800000e+03
  -8.4145358e-03   4.3950000e+03
  -8.9811683e-03   4.4100000e+03
  -5.3159930e-03   4.4250000e+03
   1.1000343e-03   4.4400000e+03
   7.2704898e-03   4.4550000e+03
   1.0814954e-02   4.4700000e+03
   1.1350406e-02   4.4850000e+03
   1.0003124e-02   4.5000000e+03
