  -1.3858153e-02   0.0000000e+00
  -1.3857463e-02   1.5000000e+01
  -1.3856026e-02   3.0000000e+01
  -1.3856803e-02   4.5000000e+01
  -1.3865733e-02   6.0000000e+01
  -1.3887618e-02   7.5000000e+01
  -1.3920059e-02   9.0000000e+01
  -1.3955993e-02   1.0500000e+02
  -1.3992233e-02   1.2000000e+02
  -1.4035325e-02   1.3500000e+02
  -1.4097217e-02   1.5000000e+02
  -1.4182840e-02   1.6500000e+02
  -1.4289330e-02   1.8000000e+02
  -1.4417561e-02   1.9500000e+02
  -1.4573789e-02   2.1000000e+02
  -1.4761941e-02   2.2500000e+02
  -1.4977297e-02   2.4000000e+02
  -1.5204525e-02   2.5500000e+02
  -1.5427581e-02   2.7000000e+02
  -1.5639305e-02   2.8500000e+02
  -1.5834648e-02   3.0000000e+02
  -1.6009195e-02   3.1500000e+02
  -1.6172107e-02   3.3000000e+02
  -1.6347107e-02   3.4500000e+02
  -1.6561881e-02   3.6000000e+02
  -1.6844101e-02   3.7500000e+02
  -1.7212847e-02   3.9000000e+02
  -1.7664250e-02   4.0500000e+02
  -1.8180499e-02   4.2000000e+02
  -1.8756710e-02   4.3500000e+02
  -1.9407934e-02   4.5000000e+02
  -2.0159684e-02   4.6500000e+02
  -2.1050368e-02   4.8000000e+02
  -2.2137845e-02   4.9500000e+02
  -2.3481246e-02   5.1000000e+02
  -2.5101984e-02   5.2500000e+02
  -2.6964169e-02   5.4000000e+02
  -2.8922800e-02   5.5500000e+02
  -3.0293286e-02   5.7000000e+02
  -2.8345782e-02   5.8500000e+02
  -1.4871288e-02   6.0000000e+02
   2.9339565e-02   6.1500000e+02
   1.3884176e-01   6.3000000e+02
   3.5610512e-01   6.4500000e+02
   6.9699049e-01   6.6000000e+02
   1.0897206e+00   6.7500000e+02
   1.3353502e+00   6.9000000e+02
   1.1790202e+00   7.0500000e+02
   5.2439243e-01   7.2000000e+02
  -3.6555609e-01   7.3500000e+02
  -9.7211415e-01   7.5000000e+02
  -9.8578644e-01   7.6500000e+02
  -6.6090232e-01   7.8000000e+02
  -4.9415261e-01   7.9500000e+02
  -5.0696844e-01   8.1000000e+02
  -2.1834603e-01   8.2500000e+02
   4.2751554e-01   8.4000000e+02
   6.4216214e-01   8.5500000e+02
  -4.9353804e-02   8.7000000e+02
  -7.5135726e-01   8.8500000e+02
  -3.8624710e-01   9.0000000e+02
   4.6367106e-01   9.1500000e+02
   4.0652615e-01   9.3000000e+02
  -3.5649681e-01   9.4500000e+02
  -4.1194984e-01   9.6000000e+02
   2.5613245e-01   9.7500000e+02
   3.3833858e-01   9.9000000e+02
  -2.3081511e-01   1.0050000e+03
  -2.8913158e-01   1.0200000e+03
   1.7356879e-01   1.0350000e+03
   1.8436435e-01   1.0500000e+03
  -1.4692467e-01   1.0650000e+03
  -7.3614009e-02   1.0800000e+03
   1.4834754e-01   1.0950000e+03
   3.7314461e-03   1.1100000e+03
  -1.3842618e-01   1.1250000e+03
   3.3684947e-02   1.1400000e+03
   1.3451445e-01   1.1550000e+03
   3.0753415e-02   1.1700000e+03
   2.4777913e-02   1.1850000e+03
   8.2057729e-02   1.2000000e+03
   2.0926283e-03   1.2150000e+03
  -7.6105468e-02   1.2300000e+03
  -3.1903625e-02   1.2450000e+03
  -3.9378698e-03   1.2600000e+03
  -2.6626587e-02   1.2750000e+03
  -4.7425628e-03   1.2900000e+03
   2.4974458e-02   1.3050000e+03
   5.6203309e-04   1.3200000e+03
  -2.4005355e-02   1.3350000e+03
  -2.0881433e-02   1.3500000e+03
  -3.3823632e-02   1.3650000e+03
  -6.3340150e-02   1.3800000e+03
  -7.2129257e-02   1.3950000e+03
  -5.0503187e-02   1.4100000e+03
  -5.9134476e-03   1.4250000e+03
   4.4842701e-02   1.4400000e+03
   7.2187252e-02   1.4550000e+03
   6.7823276e-02   1.4700000e+03
   4.9676720e-02   1.4850000e+03
   2.7819997e-02   1.5000000e+03
   8.2602911e-03   1.5150000e+03
   3.4208873e-03   1.5300000e+03
   8.4921410e-03   1.5450000e+03
   6.8333782e-03   1.5600000e+03
  -1.9165144e-03   1.5750000e+03
  -1.1026331e-02   1.5900000e+03
  -1.6498128e-02   1.6050000e+03
  -1.0209360e-02   1.6200000e+03
   7.2527216e-03   1.6350000e+03
   2.4400204e-02   1.6500000e+03
   3.6696386e-02   1.6650000e+03
   4.1885238e-02   1.6800000e+03
   3.4643285e-02   1.6950000e+03
   1.7306291e-02   1.7100000e+03
  -4.0472872e-03   1.7250000e+03
  -2.5579814e-02   1.7400000e+03
  -4.2804237e-02   1.7550000e+03
  -5.4954693e-02   1.7700000e+03
  -6.1778158e-02   1.7850000e+03
  -5.6279276e-02   1.8000000e+03
  -3.6026247e-02   1.8150000e+03
  -1.0589040e-02   1.8300000e+03
   9.1341361e-03   1.8450000e+03
   1.8642517e-02   1.8600000e+03
   1.9715760e-02   1.8750000e+03
   1.7324813e-02   1.8900000e+03
   1.5117216e-02   1.9050000e+03
   1.4556936e-02   1.9200000e+03
   1.4850883e-02   1.9350000e+03
   1.2219388e-02   1.9500000e+03
   3.6147423e-03   1.9650000e+03
  -9.3786372e-03   1.9800000e+03
  -2.1450674e-02   1.9950000e+03
  -2.6699949e-02   2.0100000e+03
  -2.2058826e-02   2.0250000e+03
  -8.9994567e-03   2.0400000e+03
   7.4069174e-03   2.0550000e+03
   2.0137260e-02   2.0700000e+03
   2.2837769e-02   2.0850000e+03
   1.3492568e-02   2.1000000e+03
  -3.7224093e-03   2.1150000e+03
  -2.0343496e-02   2.1300000e+03
  -2.8771767e-02   2.1450000e+03
  -2.7487595e-02   2.1600000e+03
  -2.2077546e-02   2.1750000e+03
  -2.0769043e-02   2.1900000e+03
  -2.7277617e-02   2.2050000e+03
  -3.6782179e-02   2.2200000e+03
  -3.9539047e-02   2.2350000e+03
  -2.9318597e-02   2.2500000e+03
  -8.5563399e-03   2.2650000e+03
   1.4247765e-02   2.2800000e+03
   3.1485200e-02   2.2950000e+03
   4.0975649e-02   2.3100000e+03
   4.5025852e-02   2.3250000e+03
   4.6471179e-02   2.3400000e+03
   4.5806922e-02   2.3550000e+03
   4.1362811e-02   2.3700000e+03
   3.1529587e-02   2.3850000e+03
   1.6725756e-02   2.4000000e+03
  -3.2165853e-04   2.4150000e+03
  -1.5800918e-02   2.4300000e+03
  -2.6519978e-02   2.4450000e+03
  -3.1157846e-02   2.4600000e+03
  -3.0557012e-02   2.4750000e+03
  -2.6851071e-02   2.4900000e+03
  -2.1783641e-02   2.5050000e+03
  -1.5500383e-02   2.5200000e+03
  -7.0594796e-03   2.5350000e+03
   3.7492590e-03   2.5500000e+03
   1.5132898e-02   2.5650000e+03
   2.3753479e-02   2.5800000e+03
   2.6323013e-02   2.5950000e+03
   2.1183169e-02   2.6100000e+03
   9.2901085e-03   2.6250000e+03
  -5.9003895e-03   2.6400000e+03
  -2.0199113e-02   2.6550000e+03
  -3.1282198e-02   2.6700000e+03
  -3.9634753e-02   2.6850000e+03
  -4.6436261e-02   2.7000000e+03
  -5.0630812e-02   2.7150000e+03
  -4.8982389e-02   2.7300000e+03
  -3.9503891e-02   2.7450000e+03
  -2.4259683e-02   2.7600000e+03
  -8.2151340e-03   2.7750000e+03
   4.2194203e-03   2.7900000e+03
   1.0911027e-02   2.8050000e+03
   1.1126882e-02   2.8200000e+03
   4.7858511e-03   2.8350000e+03
  -6.5971809e-03   2.8500000e+03
  -1.9154493e-02   2.8650000e+03
  -2.8046066e-02   2.8800000e+03
  -2.9806998e-02   2.8950000e+03
  -2.3380872e-02   2.9100000e+03
  -9.8842308e-03   2.9250000e+03
   7.4614696e-03   2.9400000e+03
   2.3602325e-02   2.9550000e+03
   3.3624839e-02   2.9700000e+03
   3.5460785e-02   2.9850000e+03
   3.0278249e-02   3.0000000e+03
   2.0183727e-02   3.0150000e+03
   6.7049041e-03   3.0300000e+03
  -7.8889504e-03   3.0450000e+03
  -1.9281493e-02   3.0600000e+03
  -2.3173463e-02   3.0750000e+03
  -1.8973781e-02   3.0900000e+03
  -1.0535044e-02   3.1050000e+03
  -3.0869099e-03   3.1200000e+03
   1.0201483e-04   3.1350000e+03
  -1.1584529e-03   3.1500000e+03
  -4.3415343e-03   3.1650000e+03
  -5.4102927e-03   3.1800000e+03
  -1.5978994e-03   3.1950000e+03
   5.5358731e-03   3.2100000e+03
   1.0549872e-02   3.2250000e+03
   8.8339690e-03   3.2400000e+03
   7.1415899e-04   3.2550000e+03
  -9.5768431e-03   3.2700000e+03
  -1.8132867e-02   3.2850000e+03
  -2.3590634e-02   3.3000000e+03
  -2.6071712e-02   3.3150000e+03
  -2.5925215e-02   3.3300000e+03
  -2.4003092e-02   3.3450000e+03
  -2.1827266e-02   3.3600000e+03
  -2.0405414e-02   3.3750000e+03
  -1.9193102e-02   3.3900000e+03
  -1.6859313e-02   3.4050000e+03
  -1.3015595e-02   3.4200000e+03
  -8.8421796e-03   3.4350000e+03
  -5.9993225e-03   3.4500000e+03
  -5.0476054e-03   3.4650000e+03
  -4.8279255e-03   3.4800000e+03
  -3.2389143e-03   3.4950000e+03
   1.1495305e-03   3.5100000e+03
   7.6324060e-03   3.5250000e+03
   1.3058092e-02   3.5400000e+03
   1.3336878e-02   3.5550000e+03
   6.3369321e-03   3.5700000e+03
  -5.8485027e-03   3.5850000e+03
  -1.7487509e-02   3.6000000e+03
  -2.2560205e-02   3.6150000e+03
  -1.8212544e-02   3.6300000e+03
  -5.9649833e-03   3.6450000e+03
   9.3079414e-03   3.6600000e+03
   2.1591457e-02   3.6750000e+03
   2.6607823e-02   3.6900000e+03
   2.4239549e-02   3.7050000e+03
   1.8238112e-02   3.7200000e+03
   1.2670742e-02   3.7350000e+03
   8.4023336e-03   3.7500000e+03
   3.4212724e-03   3.7650000e+03
  -3.6857785e-03   3.7800000e+03
  -1.1547905e-02   3.7950000e+03
  -1.7397165e-02   3.8100000e+03
  -1.9452712e-02   3.8250000e+03
  -1.7078513e-02   3.8400000e+03
  -9.5852166e-03   3.8550000e+03
   3.1947382e-03   3.8700000e+03
   1.8712189e-02   3.8850000e+03
   3.1695448e-02   3.9000000e+03
   3.7798211e-02   3.9150000e+03
   3.6895968e-02   3.9300000e+03
   3.1952471e-02   3.9450000e+03
   2.5428331e-02   3.9600000e+03
   1.8317999e-02   3.9750000e+03
   1.2224231e-02   3.9900000e+03
   9.8509416e-03   4.0050000e+03
   1.2036020e-02   4.0200000e+03
   1.5579641e-02   4.0350000e+03
   1.5660884e-02   4.0500000e+03
   1.0123057e-02   4.0650000e+03
   5.2263413e-04   4.0800000e+03
  -1.0129357e-02   4.0950000e+03
  -1.9013425e-02   4.1100000e+03
  -2.3406265e-02   4.1250000e+03
  -2.1298092e-02   4.1400000e+03
  -1.3177035e-02   4.1550000e+03
  -2.2000396e-03   4.1700000e+03
   8.0498047e-03   4.1850000e+03
   1.5336866e-02   4.2000000e+03
   1.8572886e-02   4.2150000e+03
   1.7758135e-02   4.2300000e+03
   1.4929368e-02   4.2450000e+03
   1.3288820e-02   4.2600000e+03
   1.3575490e-02   4.2750000e+03
   1.2320565e-02   4.2900000e+03
   5.8245654e-03   4.3050000e+03
  -4.1780891e-03   4.3200000e+03
  -1.0615259e-02   4.3350000e+03
  -7.5839604e-03   4.3500000e+03
   3.8725673e-03   4.3650000e+03
   1.6541928e-02   4.3800000e+03
   2.2749634e-02   4.3950000e+03
   1.9372495e-02   4.4100000e+03
   8.7827975e-03   4.4250000e+03
  -3.6414790e-03   4.4400000e+03
  -1.2845791e-02   4.4550000e+03
  -1.6157404e-02   4.4700000e+03
  -1.3806356e-02   4.4850000e+03
  -8.8440021e-03   4.5000000e+03
