  -1.3283545e-03   0.0000000e+00
  -1.3284350e-03   1.5000000e+01
  -1.3286091e-03   3.0000000e+01
  -1.3287747e-03   4.5000000e+01
  -1.3289270e-03   6.0000000e+01
  -1.3290563e-03   7.5000000e+01
  -1.3291562e-03   9.0000000e+01
  -1.3293482e-03   1.0500000e+02
  -1.3297361e-03   1.2000000e+02
  -1.3302133e-03   1.3500000e+02
  -1.3306398e-03   1.5000000e+02
  -1.3310182e-03   1.6500000e+02
  -1.3313747e-03   1.8000000e+02
  -1.3316518e-03   1.9500000e+02
  -1.3318249e-03   2.1000000e+02
  -1.3319626e-03   2.2500000e+02
  -1.3321688e-03   2.4000000e+02
  -1.3325186e-03   2.5500000e+02
  -1.3329968e-03   2.7000000e+02
  -1.3335088e-03   2.8500000e+02
  -1.3339844e-03   3.0000000e+02
  -1.3344276e-03   3.1500000e+02
  -1.3348693e-03   3.3000000e+02
  -1.3353259e-03   3.4500000e+02
  -1.3358175e-03   3.6000000e+02
  -1.3363921e-03   3.7500000e+02
  -1.3370541e-03   3.9000000e+02
  -1.3377604e-03   4.0500000e+02
  -1.3384806e-03   4.2000000e+02
  -1.3390485e-03   4.3500000e+02
  -1.3388668e-03   4.5000000e+02
  -1.3365821e-03   4.6500000e+02
  -1.3294187e-03   4.8000000e+02
  -1.3121454e-03   4.9500000e+02
  -1.2767976e-03   5.1000000e+02
  -1.2151605e-03   5.2500000e+02
  -1.1250897e-03   5.4000000e+02
  -1.0183700e-03   5.5500000e+02
  -9.2363375e-04   5.7000000e+02
  -8.7665633e-04   5.8500000e+02
  -8.9741923e-04   6.0000000e+02
  -9.6844084e-04   6.1500000e+02
  -1.0377098e-03   6.3000000e+02
  -1.0541118e-03   6.4500000e+02
  -1.0092199e-03   6.6000000e+02
  -9.4221876e-04   6.7500000e+02
  -8.9549198e-04   6.9000000e+02
  -8.6551247e-04   7.0500000e+02
  -8.0811046e-04   7.2000000e+02
  -6.9672387e-04   7.3500000e+02
  -5.6341809e-04   7.5000000e+02
  -4.6988612e-04   7.6500000e+02
  -4.4560333e-04   7.8000000e+02
  -4.7172210e-04   7.9500000e+02
  -5.2107469e-04   8.1000000e+02
  -5.8617280e-04   8.2500000e+02
  -6.5752881e-04   8.4000000e+02
  -7.0356106e-04   8.5500000e+02
  -7.0211833e-04   8.7000000e+02
  -6.7936222e-04   8.8500000e+02
  -6.8522082e-04   9.0000000e+02
  -7.3231710e-04   9.1500000e+02
  -7.8768324e-04   9.3000000e+02
  -8.2357158e-04   9.4500000e+02
  -8.4388192e-04   9.6000000e+02
  -8.5714279e-04   9.7500000e+02
  -8.5964386e-04   9.9000000e+02
  -8.5694023e-04   1.0050000e+03
  -8.6922524e-04   1.0200000e+03
  -9.0005528e-04   1.0350000e+03
  -9.2661532e-04   1.0500000e+03
  -9.3425094e-04   1.0650000e+03
  -9.3674642e-04   1.0800000e+03
  -9.5135713e-04   1.0950000e+03
  -9.7504555e-04   1.1100000e+03
  -9.9541852e-04   1.1250000e+03
  -1.0083677e-03   1.1400000e+03
  -1.0163076e-03   1.1550000e+03
  -1.0204408e-03   1.1700000e+03
  -1.0214384e-03   1.1850000e+03
  -1.0218219e-03   1.2000000e+03
  -1.0243218e-03   1.2150000e+03
  -1.0313828e-03   1.2300000e+03
  -1.0475977e-03   1.2450000e+03
  -1.0786601e-03   1.2600000e+03
  -1.1244237e-03   1.2750000e+03
  -1.1745569e-03   1.2900000e+03
  -1.2142708e-03   1.3050000e+03
  -1.2342370e-03   1.3200000e+03
  -1.2353573e-03   1.3350000e+03
  -1.2289806e-03   1.3500000e+03
  -1.2334841e-03   1.3650000e+03
  -1.2615942e-03   1.3800000e+03
  -1.3050571e-03   1.3950000e+03
  -1.3391207e-03   1.4100000e+03
  -1.3491468e-03   1.4250000e+03
  -1.3476260e-03   1.4400000e+03
  -1.3592357e-03   1.4550000e+03
  -1.3934909e-03   1.4700000e+03
  -1.4369400e-03   1.4850000e+03
  -1.4692174e-03   1.5000000e+03
  -1.4832177e-03   1.5150000e+03
  -1.4905639e-03   1.5300000e+03
  -1.5082348e-03   1.5450000e+03
  -1.5398674e-03   1.5600000e+03
  -1.5727360e-03   1.5750000e+03
  -1.5947123e-03   1.5900000e+03
  -1.6097309e-03   1.6050000e+03
  -1.6311457e-03   1.6200000e+03
  -1.6625320e-03   1.6350000e+03
  -1.6932730e-03   1.6500000e+03
  -1.7146183e-03   1.6650000e+03
  -1.7318747e-03   1.6800000e+03
  -1.7550475e-03   1.6950000e+03
  -1.7835665e-03   1.7100000e+03
  -1.8088637e-03   1.7250000e+03
  -1.8291408e-03   1.7400000e+03
  -1.8517732e-03   1.7550000e+03
  -1.8806758e-03   1.7700000e+03
  -1.9103898e-03   1.7850000e+03
  -1.9354842e-03   1.8000000e+03
  -1.9583893e-03   1.8150000e+03
  -1.9840002e-03   1.8300000e+03
  -2.0121343e-03   1.8450000e+03
  -2.0397406e-03   1.8600000e+03
  -2.0667119e-03   1.8750000e+03
  -2.0951489e-03   1.8900000e+03
  -2.1251254e-03   1.9050000e+03
  -2.1548776e-03   1.9200000e+03
  -2.1840807e-03   1.9350000e+03
  -2.2141575e-03   1.9500000e+03
  -2.2460234e-03   1.9650000e+03
  -2.2795263e-03   1.9800000e+03
  -2.3145054e-03   1.9950000e+03
  -2.3505853e-03   2.0100000e+03
  -2.3864638e-03   2.0250000e+03
  -2.4211328e-03   2.0400000e+03
  -2.4555549e-03   2.0550000e+03
  -2.4918704e-03   2.0700000e+03
  -2.5313473e-03   2.0850000e+03
  -2.5740934e-03   2.1000000e+03
  -2.6199957e-03   2.1150000e+03
  -2.6686192e-03   2.1300000e+03
  -2.7187185e-03   2.1450000e+03
  -2.7690507e-03   2.1600000e+03
  -2.8194864e-03   2.1750000e+03
  -2.8706694e-03   2.1900000e+03
  -2.9231007e-03   2.2050000e+03
  -2.9774241e-03   2.2200000e+03
  -3.0351877e-03   2.2350000e+03
  -3.0981253e-03   2.2500000e+03
  -3.1664276e-03   2.2650000e+03
  -3.2384288e-03   2.2800000e+03
  -3.3122390e-03   2.2950000e+03
  -3.3871671e-03   2.3100000e+03
  -3.4634324e-03   2.3250000e+03
  -3.5412086e-03   2.3400000e+03
  -3.6204548e-03   2.3550000e+03
  -3.7015348e-03   2.3700000e+03
  -3.7857005e-03   2.3850000e+03
  -3.8747876e-03   2.4000000e+03
  -3.9702649e-03   2.4150000e+03
  -4.0725316e-03   2.4300000e+03
  -4.1811028e-03   2.4450000e+03
  -4.2953603e-03   2.4600000e+03
  -4.4148900e-03   2.4750000e+03
  -4.5392886e-03   2.4900000e+03
  -4.6680747e-03   2.5050000e+03
  -4.8010503e-03   2.5200000e+03
  -4.9385470e-03   2.5350000e+03
  -5.0809262e-03   2.5500000e+03
  -5.2277059e-03   2.5650000e+03
  -5.3773574e-03   2.5800000e+03
  -5.5280677e-03   2.5950000e+03
  -5.6784833e-03   2.6100000e+03
  -5.8274074e-03   2.6250000e+03
  -5.9726499e-03   2.6400000e+03
  -6.1100372e-03   2.6550000e+03
  -6.2329108e-03   2.6700000e+03
  -6.3313749e-03   2.6850000e+03
  -6.3904962e-03   2.7000000e+03
  -6.3872510e-03   2.7150000e+03
  -6.2862160e-03   2.7300000e+03
  -6.0334741e-03   2.7450000e+03
  -5.5473084e-03   2.7600000e+03
  -4.7035562e-03   2.7750000e+03
  -3.3134760e-03   2.7900000e+03
  -1.0933107e-03   2.8050000e+03
   2.3722374e-03   2.8200000e+03
   7.6659499e-03   2.8350000e+03
   1.5560929e-02   2.8500000e+03
   2.7010009e-02   2.8650000e+03
   4.3072581e-02   2.8800000e+03
   6.4744264e-02   2.8950000e+03
   9.2662059e-02   2.9100000e+03
   1.2668715e-01   2.9250000e+03
   1.6542260e-01   2.9400000e+03
   2.0579697e-01   2.9550000e+03
   2.4291314e-01   2.9700000e+03
   2.7038565e-01   2.9850000e+03
   2.8132275e-01   3.0000000e+03
   2.6992220e-01   3.0150000e+03
   2.3336631e-01   3.0300000e+03
   1.7341803e-01   3.0450000e+03
   9.6993797e-02   3.0600000e+03
   1.5169661e-02   3.0750000e+03
  -5.9397373e-02   3.0900000e+03
  -1.1593516e-01   3.1050000e+03
  -1.4864178e-01   3.1200000e+03
  -1.5806492e-01   3.1350000e+03
  -1.5007415e-01   3.1500000e+03
  -1.3282782e-01   3.1650000e+03
  -1.1317064e-01   3.1800000e+03
  -9.4247527e-02   3.1950000e+03
  -7.5488813e-02   3.2100000e+03
  -5.4795463e-02   3.2250000e+03
  -3.1483017e-02   3.2400000e+03
  -8.1078978e-03   3.2550000e+03
   1.0009883e-02   3.2700000e+03
   1.7349781e-02   3.2850000e+03
   1.1363847e-02   3.3000000e+03
  -5.5765426e-03   3.3150000e+03
  -2.6589466e-02   3.3300000e+03
  -4.2881750e-02   3.3450000e+03
  -4.7273315e-02   3.3600000e+03
  -3.7045956e-02   3.3750000e+03
  -1.4989606e-02   3.3900000e+03
   1.1613837e-02   3.4050000e+03
   3.3578951e-02   3.4200000e+03
   4.3095134e-02   3.4350000e+03
   3.6689911e-02   3.4500000e+03
   1.6866811e-02   3.4650000e+03
  -8.4090652e-03   3.4800000e+03
  -2.8588394e-02   3.4950000e+03
  -3.4921058e-02   3.5100000e+03
  -2.4471011e-02   3.5250000e+03
  -1.6965639e-03   3.5400000e+03
   2.3445247e-02   3.5550000e+03
   4.0114045e-02   3.5700000e+03
   4.1636892e-02   3.5850000e+03
   2.8383616e-02   3.6000000e+03
   6.9765868e-03   3.6150000e+03
  -1.3643089e-02   3.6300000e+03
  -2.6964935e-02   3.6450000e+03
  -3.1675931e-02   3.6600000e+03
  -3.0967815e-02   3.6750000e+03
  -2.9252645e-02   3.6900000e+03
  -2.8835477e-02   3.7050000e+03
  -2.8809210e-02   3.7200000e+03
  -2.6503852e-02   3.7350000e+03
  -1.9956887e-02   3.7500000e+03
  -9.5506739e-03   3.7650000e+03
   1.9286119e-03   3.7800000e+03
   1.0350517e-02   3.7950000e+03
   1.1656150e-02   3.8100000e+03
   3.2395422e-03   3.8250000e+03
  -1.4885670e-02   3.8400000e+03
  -3.9554317e-02   3.8550000e+03
  -6.5138914e-02   3.8700000e+03
  -8.5572988e-02   3.8850000e+03
  -9.6875891e-02   3.9000000e+03
  -9.8741092e-02   3.9150000e+03
  -9.4138213e-02   3.9300000e+03
  -8.7087967e-02   3.9450000e+03
  -7.9913110e-02   3.9600000e+03
  -7.1532071e-02   3.9750000e+03
  -5.7683419e-02   3.9900000e+03
  -3.2958884e-02   4.0050000e+03
   6.2114182e-03   4.0200000e+03
   5.8797687e-02   4.0350000e+03
   1.1783436e-01   4.0500000e+03
   1.7138931e-01   4.0650000e+03
   2.0587590e-01   4.0800000e+03
   2.1057710e-01   4.0950000e+03
   1.8148182e-01   4.1100000e+03
   1.2283516e-01   4.1250000e+03
   4.6038065e-02   4.1400000e+03
  -3.3241779e-02   4.1550000e+03
  -9.8531768e-02   4.1700000e+03
  -1.3584796e-01   4.1850000e+03
  -1.3659336e-01   4.2000000e+03
  -9.9793591e-02   4.2150000e+03
  -3.3045191e-02   4.2300000e+03
   4.8466243e-02   4.2450000e+03
   1.2497413e-01   4.2600000e+03
   1.7657667e-01   4.2750000e+03
   1.8817753e-01   4.2900000e+03
   1.5392159e-01   4.3050000e+03
   8.0056533e-02   4.3200000e+03
  -1.4952911e-02   4.3350000e+03
  -1.0399508e-01   4.3500000e+03
  -1.5859538e-01   4.3650000e+03
  -1.5844914e-01   4.3800000e+03
  -1.0016128e-01   4.3950000e+03
  -1.2865262e-03   4.4100000e+03
   1.0348486e-01   4.4250000e+03
   1.7430814e-01   4.4400000e+03
   1.8246379e-01   4.4550000e+03
   1.2374256e-01   4.4700000e+03
   2.1771578e-02   4.4850000e+03
  -8.1589140e-02   4.5000000e+03
