   5.4482277e-03   0.0000000e+00
   5.4473300e-03   1.5000000e+01
   5.4447190e-03   3.0000000e+01
   5.4406766e-03   4.5000000e+01
   5.4354803e-03   6.0000000e+01
   5.4289601e-03   7.5000000e+01
   5.4205097e-03   9.0000000e+01
   5.4097483e-03   1.0500000e+02
   5.3970818e-03   1.2000000e+02
   5.3832531e-03   1.3500000e+02
   5.3681252e-03   1.5000000e+02
   5.3499825e-03   1.6500000e+02
   5.3254822e-03   1.8000000e+02
   5.2869376e-03   1.9500000e+02
   5.2128551e-03   2.1000000e+02
   5.0571808e-03   2.2500000e+02
   4.7607068e-03   2.4000000e+02
   4.3089068e-03   2.5500000e+02
   3.8101338e-03   2.7000000e+02
   3.4914040e-03   2.8500000e+02
   3.5313573e-03   3.0000000e+02
   3.8474009e-03   3.1500000e+02
   4.1171522e-03   3.3000000e+02
   4.1073980e-03   3.4500000e+02
   3.9402223e-03   3.6000000e+02
   3.9100465e-03   3.7500000e+02
   4.0726056e-03   3.9000000e+02
   4.1987752e-03   4.0500000e+02
   4.1488819e-03   4.2000000e+02
   4.0674005e-03   4.3500000e+02
   4.1132206e-03   4.5000000e+02
   4.2102300e-03   4.6500000e+02
   4.2174538e-03   4.8000000e+02
   4.1711801e-03   4.9500000e+02
   4.1827420e-03   5.1000000e+02
   4.2313868e-03   5.2500000e+02
   4.2283121e-03   5.4000000e+02
   4.1848104e-03   5.5500000e+02
   4.1704760e-03   5.7000000e+02
   4.1791676e-03   5.8500000e+02
   4.1573909e-03   6.0000000e+02
   4.1118148e-03   6.1500000e+02
   4.0872875e-03   6.3000000e+02
   4.0778713e-03   6.4500000e+02
   4.0443977e-03   6.6000000e+02
   3.9842166e-03   6.7500000e+02
   3.9118794e-03   6.9000000e+02
   3.8043940e-03   7.0500000e+02
   3.6201943e-03   7.2000000e+02
   3.3411838e-03   7.3500000e+02
   2.9647136e-03   7.5000000e+02
   2.4983152e-03   7.6500000e+02
   2.0011922e-03   7.8000000e+02
   1.6011512e-03   7.9500000e+02
   1.4266011e-03   8.1000000e+02
   1.5053664e-03   8.2500000e+02
   1.7151618e-03   8.4000000e+02
   1.8276516e-03   8.5500000e+02
   1.6487164e-03   8.7000000e+02
   1.1799744e-03   8.8500000e+02
   6.3889392e-04   9.0000000e+02
   2.6044791e-04   9.1500000e+02
   5.6394128e-05   9.3000000e+02
  -1.9153849e-04   9.4500000e+02
  -6.7662820e-04   9.6000000e+02
  -1.3477111e-03   9.7500000e+02
  -1.9954087e-03   9.9000000e+02
  -2.5276325e-03   1.0050000e+03
  -3.0621360e-03   1.0200000e+03
  -3.7089169e-03   1.0350000e+03
  -4.3528387e-03   1.0500000e+03
  -4.7409190e-03   1.0650000e+03
  -4.7043320e-03   1.0800000e+03
  -4.1139959e-03   1.0950000e+03
  -2.5520145e-03   1.1100000e+03
   9.4075513e-04   1.1250000e+03
   7.9482934e-03   1.1400000e+03
   2.0984238e-02   1.1550000e+03
   4.4286344e-02   1.1700000e+03
   8.4791541e-02   1.1850000e+03
   1.5272042e-01   1.2000000e+03
   2.6120698e-01   1.2150000e+03
   4.2395836e-01   1.2300000e+03
   6.4925259e-01   1.2450000e+03
   9.2919528e-01   1.2600000e+03
   1.2261845e+00   1.2750000e+03
   1.4633890e+00   1.2900000e+03
   1.5303335e+00   1.3050000e+03
   1.3141607e+00   1.3200000e+03
   7.5673443e-01   1.3350000e+03
  -8.3201990e-02   1.3500000e+03
  -1.0043724e+00   1.3650000e+03
  -1.7146262e+00   1.3800000e+03
  -1.9621977e+00   1.3950000e+03
  -1.6844187e+00   1.4100000e+03
  -1.0689451e+00   1.4250000e+03
  -4.5579430e-01   1.4400000e+03
  -1.2188136e-01   1.4550000e+03
  -1.0318668e-01   1.4700000e+03
  -2.0686617e-01   1.4850000e+03
  -2.1236107e-01   1.5000000e+03
  -7.9061992e-02   1.5150000e+03
   4.1507747e-02   1.5300000e+03
  -3.0494877e-03   1.5450000e+03
  -1.8367195e-01   1.5600000e+03
  -3.2244572e-01   1.5750000e+03
  -2.9766509e-01   1.5900000e+03
  -1.7240140e-01   1.6050000e+03
  -9.4580777e-02   1.6200000e+03
  -1.0724116e-01   1.6350000e+03
  -1.1740555e-01   1.6500000e+03
  -4.9529579e-02   1.6650000e+03
   4.4265293e-02   1.6800000e+03
   7.3786952e-02   1.6950000e+03
   6.0681917e-02   1.7100000e+03
   1.1924838e-01   1.7250000e+03
   2.8986129e-01   1.7400000e+03
   4.6613407e-01   1.7550000e+03
   5.1834571e-01   1.7700000e+03
   4.3431863e-01   1.7850000e+03
   2.9603839e-01   1.8000000e+03
   1.6379514e-01   1.8150000e+03
   4.5202229e-02   1.8300000e+03
  -4.7518868e-02   1.8450000e+03
  -8.4570296e-02   1.8600000e+03
  -7.1471736e-02   1.8750000e+03
  -5.7731308e-02   1.8900000e+03
  -7.2132938e-02   1.9050000e+03
  -8.9287199e-02   1.9200000e+03
  -7.8314751e-02   1.9350000e+03
  -4.8636477e-02   1.9500000e+03
  -2.7369507e-02   1.9650000e+03
  -2.2366378e-02   1.9800000e+03
  -2.8668482e-02   1.9950000e+03
  -4.5102265e-02   2.0100000e+03
  -6.3432634e-02   2.0250000e+03
  -6.3177682e-02   2.0400000e+03
  -3.7397917e-02   2.0550000e+03
  -6.7188134e-03   2.0700000e+03
   7.7132992e-03   2.0850000e+03
   8.9660445e-03   2.1000000e+03
   9.6989451e-03   2.1150000e+03
   1.0418185e-02   2.1300000e+03
   5.8986433e-03   2.1450000e+03
  -1.4358293e-03   2.1600000e+03
  -7.3998426e-03   2.1750000e+03
  -1.4223458e-02   2.1900000e+03
  -2.3121675e-02   2.2050000e+03
  -2.8170822e-02   2.2200000e+03
  -2.5106223e-02   2.2350000e+03
  -1.8562773e-02   2.2500000e+03
  -1.5597560e-02   2.2650000e+03
  -1.8381538e-02   2.2800000e+03
  -2.5529876e-02   2.2950000e+03
  -3.4076117e-02   2.3100000e+03
  -3.8701847e-02   2.3250000e+03
  -3.4892444e-02   2.3400000e+03
  -2.3884824e-02   2.3550000e+03
  -1.0427782e-02   2.3700000e+03
   3.5045822e-03   2.3850000e+03
   1.8777622e-02   2.4000000e+03
   3.4506686e-02   2.4150000e+03
   4.7814120e-02   2.4300000e+03
   5.7585049e-02   2.4450000e+03
   6.5175854e-02   2.4600000e+03
   7.1340837e-02   2.4750000e+03
   7.4311100e-02   2.4900000e+03
   7.1366861e-02   2.5050000e+03
   6.2213972e-02   2.5200000e+03
   5.0712522e-02   2.5350000e+03
   4.2111710e-02   2.5500000e+03
   3.7908889e-02   2.5650000e+03
   3.4771554e-02   2.5800000e+03
   2.9097246e-02   2.5950000e+03
   2.0758120e-02   2.6100000e+03
   1.1637330e-02   2.6250000e+03
   2.9154429e-03   2.6400000e+03
  -4.5132339e-03   2.6550000e+03
  -8.7463083e-03   2.6700000e+03
  -8.2999347e-03   2.6850000e+03
  -4.5973561e-03   2.7000000e+03
  -1.5613646e-03   2.7150000e+03
  -2.2710166e-03   2.7300000e+03
  -6.4205551e-03   2.7450000e+03
  -1.1036966e-02   2.7600000e+03
  -1.3092278e-02   2.7750000e+03
  -1.1289126e-02   2.7900000e+03
  -6.1324812e-03   2.8050000e+03
   8.4067276e-04   2.8200000e+03
   7.9385433e-03   2.8350000e+03
   1.4112931e-02   2.8500000e+03
   1.9233307e-02   2.8650000e+03
   2.3393180e-02   2.8800000e+03
   2.5908848e-02   2.8950000e+03
   2.5425522e-02   2.9100000e+03
   2.1371076e-02   2.9250000e+03
   1.5110123e-02   2.9400000e+03
   9.2179682e-03   2.9550000e+03
   5.4414812e-03   2.9700000e+03
   3.3935041e-03   2.9850000e+03
   1.1216132e-03   3.0000000e+03
  -3.2411767e-03   3.0150000e+03
  -1.0321955e-02   3.0300000e+03
  -1.9583862e-02   3.0450000e+03
  -3.0032799e-02   3.0600000e+03
  -4.0495470e-02   3.0750000e+03
  -4.9219813e-02   3.0900000e+03
  -5.3680360e-02   3.1050000e+03
  -5.1524997e-02   3.1200000e+03
  -4.2295702e-02   3.1350000e+03
  -2.8277854e-02   3.1500000e+03
  -1.3270038e-02   3.1650000e+03
  -1.2797072e-04   3.1800000e+03
   1.0588100e-02   3.1950000e+03
   1.9578330e-02   3.2100000e+03
   2.6733918e-02   3.2250000e+03
   3.0569363e-02   3.2400000e+03
   2.9896185e-02   3.2550000e+03
   2.5738874e-02   3.2700000e+03
   2.1057317e-02   3.2850000e+03
   1.8257497e-02   3.3000000e+03
   1.6978094e-02   3.3150000e+03
   1.4437564e-02   3.3300000e+03
   7.9977028e-03   3.3450000e+03
  -2.6043768e-03   3.3600000e+03
  -1.5436961e-02   3.3750000e+03
  -2.8518228e-02   3.3900000e+03
  -4.1535191e-02   3.4050000e+03
  -5.5314232e-02   3.4200000e+03
  -6.9611587e-02   3.4350000e+03
  -8.1559569e-02   3.4500000e+03
  -8.6547911e-02   3.4650000e+03
  -8.1046425e-02   3.4800000e+03
  -6.5042630e-02   3.4950000e+03
  -4.2048723e-02   3.5100000e+03
  -1.6787952e-02   3.5250000e+03
   7.2713131e-03   3.5400000e+03
   2.8431740e-02   3.5550000e+03
   4.5457870e-02   3.5700000e+03
   5.6599785e-02   3.5850000e+03
   6.0535654e-02   3.6000000e+03
   5.8156639e-02   3.6150000e+03
   5.2628689e-02   3.6300000e+03
   4.6983302e-02   3.6450000e+03
   4.1613769e-02   3.6600000e+03
   3.4523241e-02   3.6750000e+03
   2.4127526e-02   3.6900000e+03
   1.1469006e-02   3.7050000e+03
  -5.2986963e-04   3.7200000e+03
  -9.6405242e-03   3.7350000e+03
  -1.5666960e-02   3.7500000e+03
  -1.9287517e-02   3.7650000e+03
  -2.0178439e-02   3.7800000e+03
  -1.6796416e-02   3.7950000e+03
  -8.0302525e-03   3.8100000e+03
   5.1031127e-03   3.8250000e+03
   1.9296749e-02   3.8400000e+03
   3.0256175e-02   3.8550000e+03
   3.4416441e-02   3.8700000e+03
   3.0262088e-02   3.8850000e+03
   1.8906772e-02   3.9000000e+03
   3.6719069e-03   3.9150000e+03
  -1.1412971e-02   3.9300000e+03
  -2.3556201e-02   3.9450000e+03
  -3.2334030e-02   3.9600000e+03
  -3.9132319e-02   3.9750000e+03
  -4.5373730e-02   3.9900000e+03
  -5.1061779e-02   4.0050000e+03
  -5.4813594e-02   4.0200000e+03
  -5.5088904e-02   4.0350000e+03
  -5.1290020e-02   4.0500000e+03
  -4.3864559e-02   4.0650000e+03
  -3.3795897e-02   4.0800000e+03
  -2.2326075e-02   4.0950000e+03
  -1.1000850e-02   4.1100000e+03
  -1.4225285e-03   4.1250000e+03
   5.4631508e-03   4.1400000e+03
   9.8265577e-03   4.1550000e+03
   1.2528216e-02   4.1700000e+03
   1.4230582e-02   4.1850000e+03
   1.5025421e-02   4.2000000e+03
   1.4861981e-02   4.2150000e+03
   1.4127751e-02   4.2300000e+03
   1.3738931e-02   4.2450000e+03
   1.4771510e-02   4.2600000e+03
   1.7990937e-02   4.2750000e+03
   2.3448296e-02   4.2900000e+03
   3.0217027e-02   4.3050000e+03
   3.6500439e-02   4.3200000e+03
   4.0265542e-02   4.3350000e+03
   4.0131908e-02   4.3500000e+03
   3.5979401e-02   4.3650000e+03
   2.8947646e-02   4.3800000e+03
   2.0882687e-02   4.3950000e+03
   1.3520665e-02   4.4100000e+03
   7.8124572e-03   4.4250000e+03
   3.7726553e-03   4.4400000e+03
   8.9805678e-04   4.4550000e+03
  -1.2820382e-03   4.4700000e+03
  -3.0140744e-03   4.4850000e+03
  -4.4719470e-03   4.5000000e+03
