   3.0866913e-03   0.0000000e+00
   3.0858172e-03   1.5000000e+01
   3.0832144e-03   3.0000000e+01
   3.0789545e-03   4.5000000e+01
   3.0730974e-03   6.0000000e+01
   3.0655838e-03   7.5000000e+01
   3.0562722e-03   9.0000000e+01
   3.0451089e-03   1.0500000e+02
   3.0322364e-03   1.2000000e+02
   3.0178500e-03   1.3500000e+02
   3.0018347e-03   1.5000000e+02
   2.9834844e-03   1.6500000e+02
   2.9609231e-03   1.8000000e+02
   2.9282370e-03   1.9500000e+02
   2.8681397e-03   2.1000000e+02
   2.7441776e-03   2.2500000e+02
   2.5092387e-03   2.4000000e+02
   2.1491665e-03   2.5500000e+02
   1.7432626e-03   2.7000000e+02
   1.4638809e-03   2.8500000e+02
   1.4514070e-03   3.0000000e+02
   1.6503867e-03   3.1500000e+02
   1.8202089e-03   3.3000000e+02
   1.7814776e-03   3.4500000e+02
   1.6216601e-03   3.6000000e+02
   1.5632181e-03   3.7500000e+02
   1.6529274e-03   3.9000000e+02
   1.7206315e-03   4.0500000e+02
   1.6583465e-03   4.2000000e+02
   1.5709882e-03   4.3500000e+02
   1.5777686e-03   4.5000000e+02
   1.6234579e-03   4.6500000e+02
   1.6029369e-03   4.8000000e+02
   1.5433289e-03   4.9500000e+02
   1.5291861e-03   5.1000000e+02
   1.5459275e-03   5.2500000e+02
   1.5260262e-03   5.4000000e+02
   1.4767905e-03   5.5500000e+02
   1.4514199e-03   5.7000000e+02
   1.4473292e-03   5.8500000e+02
   1.4245579e-03   6.0000000e+02
   1.3862874e-03   6.1500000e+02
   1.3650235e-03   6.3000000e+02
   1.3574451e-03   6.4500000e+02
   1.3366016e-03   6.6000000e+02
   1.3030845e-03   6.7500000e+02
   1.2705348e-03   6.9000000e+02
   1.2247717e-03   7.0500000e+02
   1.1379223e-03   7.2000000e+02
   9.9945848e-04   7.3500000e+02
   8.0940628e-04   7.5000000e+02
   5.7281938e-04   7.6500000e+02
   3.2767968e-04   7.8000000e+02
   1.5613032e-04   7.9500000e+02
   1.3928911e-04   8.1000000e+02
   2.9323663e-04   8.2500000e+02
   5.4090976e-04   8.4000000e+02
   7.4222469e-04   8.5500000e+02
   7.8226411e-04   8.7000000e+02
   6.7209394e-04   8.8500000e+02
   5.5942748e-04   9.0000000e+02
   5.9946207e-04   9.1500000e+02
   8.0030051e-04   9.3000000e+02
   1.0224869e-03   9.4500000e+02
   1.1487947e-03   9.6000000e+02
   1.2274871e-03   9.7500000e+02
   1.4118812e-03   9.9000000e+02
   1.7739183e-03   1.0050000e+03
   2.2383993e-03   1.0200000e+03
   2.7250643e-03   1.0350000e+03
   3.2950051e-03   1.0500000e+03
   4.0917695e-03   1.0650000e+03
   5.1742690e-03   1.0800000e+03
   6.4999335e-03   1.0950000e+03
   8.0722179e-03   1.1100000e+03
   1.0003215e-02   1.1250000e+03
   1.2391216e-02   1.1400000e+03
   1.5223842e-02   1.1550000e+03
   1.8465722e-02   1.1700000e+03
   2.2175740e-02   1.1850000e+03
   2.6467530e-02   1.2000000e+03
   3.1409536e-02   1.2150000e+03
   3.7042663e-02   1.2300000e+03
   4.3454047e-02   1.2450000e+03
   5.0746325e-02   1.2600000e+03
   5.8950081e-02   1.2750000e+03
   6.8034336e-02   1.2900000e+03
   7.7988334e-02   1.3050000e+03
   8.8836506e-02   1.3200000e+03
   1.0059941e-01   1.3350000e+03
   1.1331372e-01   1.3500000e+03
   1.2708975e-01   1.3650000e+03
   1.4208743e-01   1.3800000e+03
   1.5840384e-01   1.3950000e+03
   1.7596887e-01   1.4100000e+03
   1.9449317e-01   1.4250000e+03
   2.1346501e-01   1.4400000e+03
   2.3221648e-01   1.4550000e+03
   2.5003719e-01   1.4700000e+03
   2.6621810e-01   1.4850000e+03
   2.7996480e-01   1.5000000e+03
   2.9031068e-01   1.5150000e+03
   2.9621157e-01   1.5300000e+03
   2.9683152e-01   1.5450000e+03
   2.9184496e-01   1.5600000e+03
   2.8156430e-01   1.5750000e+03
   2.6681861e-01   1.5900000e+03
   2.4866772e-01   1.6050000e+03
   2.2813088e-01   1.6200000e+03
   2.0605178e-01   1.6350000e+03
   1.8306617e-01   1.6500000e+03
   1.5958284e-01   1.6650000e+03
   1.3578138e-01   1.6800000e+03
   1.1169805e-01   1.6950000e+03
   8.7397471e-02   1.7100000e+03
   6.3122712e-02   1.7250000e+03
   3.9331585e-02   1.7400000e+03
   1.6634129e-02   1.7550000e+03
  -4.2938921e-03   1.7700000e+03
  -2.2789629e-02   1.7850000e+03
  -3.8295321e-02   1.8000000e+03
  -5.0463885e-02   1.8150000e+03
  -5.9228253e-02   1.8300000e+03
  -6.4801775e-02   1.8450000e+03
  -6.7637272e-02   1.8600000e+03
  -6.8369240e-02   1.8750000e+03
  -6.7706890e-02   1.8900000e+03
  -6.6263326e-02   1.9050000e+03
  -6.4409323e-02   1.9200000e+03
  -6.2263310e-02   1.9350000e+03
  -5.9805363e-02   1.9500000e+03
  -5.6997798e-02   1.9650000e+03
  -5.3846024e-02   1.9800000e+03
  -5.0434016e-02   1.9950000e+03
  -4.6957366e-02   2.0100000e+03
  -4.3699380e-02   2.0250000e+03
  -4.0914651e-02   2.0400000e+03
  -3.8703859e-02   2.0550000e+03
  -3.7008349e-02   2.0700000e+03
  -3.5734095e-02   2.0850000e+03
  -3.4870483e-02   2.1000000e+03
  -3.4482241e-02   2.1150000e+03
  -3.4603447e-02   2.1300000e+03
  -3.5165723e-02   2.1450000e+03
  -3.6035266e-02   2.1600000e+03
  -3.7100766e-02   2.1750000e+03
  -3.8307328e-02   2.1900000e+03
  -3.9613113e-02   2.2050000e+03
  -4.0943619e-02   2.2200000e+03
  -4.2212568e-02   2.2350000e+03
  -4.3385606e-02   2.2500000e+03
  -4.4504669e-02   2.2650000e+03
  -4.5634944e-02   2.2800000e+03
  -4.6785977e-02   2.2950000e+03
  -4.7889274e-02   2.3100000e+03
  -4.8852324e-02   2.3250000e+03
  -4.9623773e-02   2.3400000e+03
  -5.0198138e-02   2.3550000e+03
  -5.0570168e-02   2.3700000e+03
  -5.0710924e-02   2.3850000e+03
  -5.0598662e-02   2.4000000e+03
  -5.0256737e-02   2.4150000e+03
  -4.9744159e-02   2.4300000e+03
  -4.9113959e-02   2.4450000e+03
  -4.8395623e-02   2.4600000e+03
  -4.7617786e-02   2.4750000e+03
  -4.6830650e-02   2.4900000e+03
  -4.6092845e-02   2.5050000e+03
  -4.5439962e-02   2.5200000e+03
  -4.4876624e-02   2.5350000e+03
  -4.4400718e-02   2.5500000e+03
  -4.4026326e-02   2.5650000e+03
  -4.3777071e-02   2.5800000e+03
  -4.3662608e-02   2.5950000e+03
  -4.3670215e-02   2.6100000e+03
  -4.3778475e-02   2.6250000e+03
  -4.3970183e-02   2.6400000e+03
  -4.4227868e-02   2.6550000e+03
  -4.4522550e-02   2.6700000e+03
  -4.4814214e-02   2.6850000e+03
  -4.5063831e-02   2.7000000e+03
  -4.5241363e-02   2.7150000e+03
  -4.5321733e-02   2.7300000e+03
  -4.5276362e-02   2.7450000e+03
  -4.5070469e-02   2.7600000e+03
  -4.4666354e-02   2.7750000e+03
  -4.4026412e-02   2.7900000e+03
  -4.3113701e-02   2.8050000e+03
  -4.1893069e-02   2.8200000e+03
  -4.0334158e-02   2.8350000e+03
  -3.8413204e-02   2.8500000e+03
  -3.6112335e-02   2.8650000e+03
  -3.3420004e-02   2.8800000e+03
  -3.0334946e-02   2.8950000e+03
  -2.6869103e-02   2.9100000e+03
  -2.3044067e-02   2.9250000e+03
  -1.8883353e-02   2.9400000e+03
  -1.4408911e-02   2.9550000e+03
  -9.6452171e-03   2.9700000e+03
  -4.6253237e-03   2.9850000e+03
   6.0750492e-04   3.0000000e+03
   6.0017928e-03   3.0150000e+03
   1.1498799e-02   3.0300000e+03
   1.7031606e-02   3.0450000e+03
   2.2526294e-02   3.0600000e+03
   2.7907658e-02   3.0750000e+03
   3.3107206e-02   3.0900000e+03
   3.8069163e-02   3.1050000e+03
   4.2752091e-02   3.1200000e+03
   4.7126673e-02   3.1350000e+03
   5.1171828e-02   3.1500000e+03
   5.4871202e-02   3.1650000e+03
   5.8210343e-02   3.1800000e+03
   6.1173052e-02   3.1950000e+03
   6.3736230e-02   3.2100000e+03
   6.5865800e-02   3.2250000e+03
   6.7517884e-02   3.2400000e+03
   6.8646833e-02   3.2550000e+03
   6.9216602e-02   3.2700000e+03
   6.9209523e-02   3.2850000e+03
   6.8629444e-02   3.3000000e+03
   6.7500122e-02   3.3150000e+03
   6.5862022e-02   3.3300000e+03
   6.3768826e-02   3.3450000e+03
   6.1283771e-02   3.3600000e+03
   5.8475275e-02   3.3750000e+03
   5.5411831e-02   3.3900000e+03
   5.2156765e-02   3.4050000e+03
   4.8763525e-02   3.4200000e+03
   4.5272339e-02   3.4350000e+03
   4.1708816e-02   3.4500000e+03
   3.8084585e-02   3.4650000e+03
   3.4400325e-02   3.4800000e+03
   3.0651778e-02   3.4950000e+03
   2.6837967e-02   3.5100000e+03
   2.2968384e-02   3.5250000e+03
   1.9065224e-02   3.5400000e+03
   1.5159850e-02   3.5550000e+03
   1.1286587e-02   3.5700000e+03
   7.4779619e-03   3.5850000e+03
   3.7628151e-03   3.6000000e+03
   1.6606192e-04   3.6150000e+03
  -3.2910898e-03   3.6300000e+03
  -6.5899580e-03   3.6450000e+03
  -9.7115934e-03   3.6600000e+03
  -1.2633609e-02   3.6750000e+03
  -1.5329157e-02   3.6900000e+03
  -1.7769467e-02   3.7050000e+03
  -1.9928420e-02   3.7200000e+03
  -2.1785788e-02   3.7350000e+03
  -2.3327108e-02   3.7500000e+03
  -2.4541166e-02   3.7650000e+03
  -2.5418730e-02   3.7800000e+03
  -2.5955614e-02   3.7950000e+03
  -2.6159819e-02   3.8100000e+03
  -2.6058687e-02   3.8250000e+03
  -2.5701076e-02   3.8400000e+03
  -2.5152842e-02   3.8550000e+03
  -2.4488855e-02   3.8700000e+03
  -2.3786593e-02   3.8850000e+03
  -2.3123316e-02   3.9000000e+03
  -2.2574220e-02   3.9150000e+03
  -2.2207811e-02   3.9300000e+03
  -2.2078583e-02   3.9450000e+03
  -2.2221114e-02   3.9600000e+03
  -2.2649532e-02   3.9750000e+03
  -2.3361657e-02   3.9900000e+03
  -2.4343465e-02   4.0050000e+03
  -2.5570629e-02   4.0200000e+03
  -2.7008301e-02   4.0350000e+03
  -2.8612811e-02   4.0500000e+03
  -3.0337015e-02   4.0650000e+03
  -3.2136977e-02   4.0800000e+03
  -3.3976119e-02   4.0950000e+03
  -3.5825647e-02   4.1100000e+03
  -3.7663341e-02   4.1250000e+03
  -3.9473150e-02   4.1400000e+03
  -4.1245319e-02   4.1550000e+03
  -4.2974427e-02   4.1700000e+03
  -4.4654116e-02   4.1850000e+03
  -4.6270736e-02   4.2000000e+03
  -4.7800198e-02   4.2150000e+03
  -4.9210526e-02   4.2300000e+03
  -5.0468624e-02   4.2450000e+03
  -5.1547121e-02   4.2600000e+03
  -5.2427862e-02   4.2750000e+03
  -5.3101540e-02   4.2900000e+03
  -5.3565048e-02   4.3050000e+03
  -5.3818509e-02   4.3200000e+03
  -5.3862810e-02   4.3350000e+03
  -5.3697940e-02   4.3500000e+03
  -5.3322069e-02   4.3650000e+03
  -5.2731678e-02   4.3800000e+03
  -5.1922616e-02   4.3950000e+03
  -5.0891586e-02   4.4100000e+03
  -4.9636889e-02   4.4250000e+03
  -4.8157744e-02   4.4400000e+03
  -4.6452660e-02   4.4550000e+03
  -4.4518635e-02   4.4700000e+03
  -4.2352460e-02   4.4850000e+03
  -3.9953768e-02   4.5000000e+03
