   7.1625859e-03   0.0000000e+00
   7.1613756e-03   1.5000000e+01
   7.1578543e-03   3.0000000e+01
   7.1523031e-03   4.5000000e+01
   7.1448009e-03   6.0000000e+01
   7.1349586e-03   7.5000000e+01
   7.1222531e-03   9.0000000e+01
   7.1067163e-03   1.0500000e+02
   7.0892009e-03   1.2000000e+02
   7.0705307e-03   1.3500000e+02
   7.0500164e-03   1.5000000e+02
   7.0247995e-03   1.6500000e+02
   6.9897701e-03   1.8000000e+02
   6.9328095e-03   1.9500000e+02
   6.8193739e-03   2.1000000e+02
   6.5750843e-03   2.2500000e+02
   6.1030085e-03   2.4000000e+02
   5.3750831e-03   2.5500000e+02
   4.5583746e-03   2.7000000e+02
   4.0128022e-03   2.8500000e+02
   4.0287091e-03   3.0000000e+02
   4.4857822e-03   3.1500000e+02
   4.8787738e-03   3.3000000e+02
   4.8341788e-03   3.4500000e+02
   4.5374623e-03   3.6000000e+02
   4.4533084e-03   3.7500000e+02
   4.6765846e-03   3.9000000e+02
   4.8507391e-03   4.0500000e+02
   4.7529340e-03   4.2000000e+02
   4.6052281e-03   4.3500000e+02
   4.6561081e-03   4.5000000e+02
   4.7873948e-03   4.6500000e+02
   4.7774133e-03   4.8000000e+02
   4.6821339e-03   4.9500000e+02
   4.6777907e-03   5.1000000e+02
   4.7334912e-03   5.2500000e+02
   4.7083055e-03   5.4000000e+02
   4.6180496e-03   5.5500000e+02
   4.5737848e-03   5.7000000e+02
   4.5695314e-03   5.8500000e+02
   4.5219678e-03   6.0000000e+02
   4.4386224e-03   6.1500000e+02
   4.3878965e-03   6.3000000e+02
   4.3623629e-03   6.4500000e+02
   4.3040467e-03   6.6000000e+02
   4.2116148e-03   6.7500000e+02
   4.1115908e-03   6.9000000e+02
   3.9748237e-03   7.0500000e+02
   3.7467233e-03   7.2000000e+02
   3.4109990e-03   7.3500000e+02
   2.9715134e-03   7.5000000e+02
   2.4342702e-03   7.6500000e+02
   1.8605983e-03   7.8000000e+02
   1.3920143e-03   7.9500000e+02
   1.1678230e-03   8.1000000e+02
   1.2111888e-03   8.2500000e+02
   1.3841388e-03   8.4000000e+02
   1.4406813e-03   8.5500000e+02
   1.1751164e-03   8.7000000e+02
   5.9568085e-04   8.8500000e+02
  -5.2305222e-05   9.0000000e+02
  -5.0690380e-04   9.1500000e+02
  -7.5804308e-04   9.3000000e+02
  -1.0505628e-03   9.4500000e+02
  -1.5927902e-03   9.6000000e+02
  -2.3078597e-03   9.7500000e+02
  -2.9264730e-03   9.9000000e+02
  -3.2850220e-03   1.0050000e+03
  -3.4110018e-03   1.0200000e+03
  -3.2460270e-03   1.0350000e+03
  -2.3350103e-03   1.0500000e+03
   1.9428352e-04   1.0650000e+03
   5.5643646e-03   1.0800000e+03
   1.5668251e-02   1.0950000e+03
   3.3815421e-02   1.1100000e+03
   6.5426208e-02   1.1250000e+03
   1.1829164e-01   1.1400000e+03
   2.0226564e-01   1.1550000e+03
   3.2782513e-01   1.1700000e+03
   5.0222927e-01   1.1850000e+03
   7.2241557e-01   1.2000000e+03
   9.6584988e-01   1.2150000e+03
   1.1834906e+00   1.2300000e+03
   1.3015014e+00   1.2450000e+03
   1.2384549e+00   1.2600000e+03
   9.3959320e-01   1.2750000e+03
   4.1786197e-01   1.2900000e+03
  -2.2197855e-01   1.3050000e+03
  -8.0274200e-01   1.3200000e+03
  -1.1457247e+00   1.3350000e+03
  -1.1646634e+00   1.3500000e+03
  -9.2359865e-01   1.3650000e+03
  -6.0666770e-01   1.3800000e+03
  -4.0403542e-01   1.3950000e+03
  -3.8962793e-01   1.4100000e+03
  -4.8819175e-01   1.4250000e+03
  -5.6369984e-01   1.4400000e+03
  -5.5176115e-01   1.4550000e+03
  -5.0988215e-01   1.4700000e+03
  -5.3512663e-01   1.4850000e+03
  -6.3656336e-01   1.5000000e+03
  -7.0418924e-01   1.5150000e+03
  -6.1446160e-01   1.5300000e+03
  -3.5776949e-01   1.5450000e+03
  -4.4712488e-02   1.5600000e+03
   2.1114908e-01   1.5750000e+03
   3.9094150e-01   1.5900000e+03
   5.3687370e-01   1.6050000e+03
   6.4748156e-01   1.6200000e+03
   6.5210956e-01   1.6350000e+03
   5.0353336e-01   1.6500000e+03
   2.6313546e-01   1.6650000e+03
   5.9156023e-02   1.6800000e+03
  -3.3079006e-02   1.6950000e+03
  -4.0922940e-02   1.7100000e+03
  -2.7750932e-02   1.7250000e+03
  -1.5186341e-02   1.7400000e+03
   9.2311371e-03   1.7550000e+03
   3.9970402e-02   1.7700000e+03
   5.1914684e-02   1.7850000e+03
   4.5500547e-02   1.8000000e+03
   5.2404951e-02   1.8150000e+03
   8.2359448e-02   1.8300000e+03
   9.6137084e-02   1.8450000e+03
   5.7400711e-02   1.8600000e+03
  -8.4993420e-03   1.8750000e+03
  -4.0316813e-02   1.8900000e+03
  -1.9925216e-02   1.9050000e+03
   6.7065218e-03   1.9200000e+03
  -6.3513657e-03   1.9350000e+03
  -4.8122484e-02   1.9500000e+03
  -7.3398277e-02   1.9650000e+03
  -6.1028004e-02   1.9800000e+03
  -2.8283209e-02   1.9950000e+03
   1.1261372e-04   2.0100000e+03
   1.3569573e-02   2.0250000e+03
   1.0300145e-02   2.0400000e+03
  -7.4527599e-03   2.0550000e+03
  -2.8964749e-02   2.0700000e+03
  -4.0819064e-02   2.0850000e+03
  -4.1681219e-02   2.1000000e+03
  -4.1063417e-02   2.1150000e+03
  -4.1917779e-02   2.1300000e+03
  -3.5693455e-02   2.1450000e+03
  -1.7035661e-02   2.1600000e+03
   7.4859597e-03   2.1750000e+03
   2.8996913e-02   2.1900000e+03
   4.5587454e-02   2.2050000e+03
   5.8216766e-02   2.2200000e+03
   6.4910732e-02   2.2350000e+03
   6.2813111e-02   2.2500000e+03
   5.0927348e-02   2.2650000e+03
   2.9396890e-02   2.2800000e+03
   1.1894257e-03   2.2950000e+03
  -2.5478732e-02   2.3100000e+03
  -4.2559084e-02   2.3250000e+03
  -5.0539676e-02   2.3400000e+03
  -5.5857457e-02   2.3550000e+03
  -6.0077805e-02   2.3700000e+03
  -5.7875238e-02   2.3850000e+03
  -4.6510980e-02   2.4000000e+03
  -3.1217879e-02   2.4150000e+03
  -1.8955683e-02   2.4300000e+03
  -1.1178063e-02   2.4450000e+03
  -5.1206639e-03   2.4600000e+03
   8.7857124e-04   2.4750000e+03
   5.9524882e-03   2.4900000e+03
   9.1928607e-03   2.5050000e+03
   1.1498319e-02   2.5200000e+03
   1.4826962e-02   2.5350000e+03
   2.0371808e-02   2.5500000e+03
   2.7929682e-02   2.5650000e+03
   3.6959819e-02   2.5800000e+03
   4.7358472e-02   2.5950000e+03
   5.8334794e-02   2.6100000e+03
   6.7148395e-02   2.6250000e+03
   7.0372909e-02   2.6400000e+03
   6.6630624e-02   2.6550000e+03
   5.7392228e-02   2.6700000e+03
   4.5338288e-02   2.6850000e+03
   3.2883413e-02   2.7000000e+03
   2.2055339e-02   2.7150000e+03
   1.4370220e-02   2.7300000e+03
   1.0030860e-02   2.7450000e+03
   7.6898751e-03   2.7600000e+03
   5.5397665e-03   2.7750000e+03
   2.6749838e-03   2.7900000e+03
  -5.2826980e-04   2.8050000e+03
  -3.0014862e-03   2.8200000e+03
  -3.8513374e-03   2.8350000e+03
  -3.1017156e-03   2.8500000e+03
  -2.0694840e-03   2.8650000e+03
  -2.9665218e-03   2.8800000e+03
  -7.6474524e-03   2.8950000e+03
  -1.6300425e-02   2.9100000e+03
  -2.7161622e-02   2.9250000e+03
  -3.7397567e-02   2.9400000e+03
  -4.4228237e-02   2.9550000e+03
  -4.5526665e-02   2.9700000e+03
  -4.0123492e-02   2.9850000e+03
  -2.8313791e-02   3.0000000e+03
  -1.2323738e-02   3.0150000e+03
   3.9660702e-03   3.0300000e+03
   1.6231718e-02   3.0450000e+03
   2.1343175e-02   3.0600000e+03
   1.8744698e-02   3.0750000e+03
   1.0960343e-02   3.0900000e+03
   2.6987933e-03   3.1050000e+03
  -1.3938133e-03   3.1200000e+03
   7.8630092e-04   3.1350000e+03
   7.7374689e-03   3.1500000e+03
   1.5507474e-02   3.1650000e+03
   2.0232756e-02   3.1800000e+03
   2.0242721e-02   3.1950000e+03
   1.6375603e-02   3.2100000e+03
   1.0610593e-02   3.2250000e+03
   4.3667066e-03   3.2400000e+03
  -2.1352486e-03   3.2550000e+03
  -9.1692451e-03   3.2700000e+03
  -1.6385037e-02   3.2850000e+03
  -2.2396846e-02   3.3000000e+03
  -2.5389111e-02   3.3150000e+03
  -2.4163596e-02   3.3300000e+03
  -1.8835122e-02   3.3450000e+03
  -1.0764332e-02   3.3600000e+03
  -1.8574573e-03   3.3750000e+03
   6.2384601e-03   3.3900000e+03
   1.2467491e-02   3.4050000e+03
   1.6070662e-02   3.4200000e+03
   1.6140398e-02   3.4350000e+03
   1.1698226e-02   3.4500000e+03
   2.4315312e-03   3.4650000e+03
  -1.0550980e-02   3.4800000e+03
  -2.4762845e-02   3.4950000e+03
  -3.7342601e-02   3.5100000e+03
  -4.6315916e-02   3.5250000e+03
  -5.1191118e-02   3.5400000e+03
  -5.2569106e-02   3.5550000e+03
  -5.1276449e-02   3.5700000e+03
  -4.7789197e-02   3.5850000e+03
  -4.2249452e-02   3.6000000e+03
  -3.4787495e-02   3.6150000e+03
  -2.5758686e-02   3.6300000e+03
  -1.5799848e-02   3.6450000e+03
  -5.7848128e-03   3.6600000e+03
   3.3395570e-03   3.6750000e+03
   1.0872210e-02   3.6900000e+03
   1.6632073e-02   3.7050000e+03
   2.0879554e-02   3.7200000e+03
   2.3920903e-02   3.7350000e+03
   2.5863348e-02   3.7500000e+03
   2.6865855e-02   3.7650000e+03
   2.7579209e-02   3.7800000e+03
   2.9093292e-02   3.7950000e+03
   3.2178752e-02   3.8100000e+03
   3.6455493e-02   3.8250000e+03
   4.0340740e-02   3.8400000e+03
   4.1915148e-02   3.8550000e+03
   3.9974198e-02   3.8700000e+03
   3.4441985e-02   3.8850000e+03
   2.6028793e-02   3.9000000e+03
   1.5671173e-02   3.9150000e+03
   4.2599351e-03   3.9300000e+03
  -7.3353942e-03   3.9450000e+03
  -1.8238194e-02   3.9600000e+03
  -2.7682286e-02   3.9750000e+03
  -3.5167072e-02   3.9900000e+03
  -4.0514134e-02   4.0050000e+03
  -4.3825801e-02   4.0200000e+03
  -4.5392223e-02   4.0350000e+03
  -4.5530811e-02   4.0500000e+03
  -4.4373762e-02   4.0650000e+03
  -4.1775350e-02   4.0800000e+03
  -3.7519969e-02   4.0950000e+03
  -3.1713542e-02   4.1100000e+03
  -2.4942799e-02   4.1250000e+03
  -1.7943570e-02   4.1400000e+03
  -1.1058371e-02   4.1550000e+03
  -4.0448518e-03   4.1700000e+03
   3.5825693e-03   4.1850000e+03
   1.2096916e-02   4.2000000e+03
   2.1468794e-02   4.2150000e+03
   3.1580508e-02   4.2300000e+03
   4.2279042e-02   4.2450000e+03
   5.3080872e-02   4.2600000e+03
   6.2904604e-02   4.2750000e+03
   7.0276871e-02   4.2900000e+03
   7.3934726e-02   4.3050000e+03
   7.3313005e-02   4.3200000e+03
   6.8573318e-02   4.3350000e+03
   6.0317393e-02   4.3500000e+03
   4.9323220e-02   4.3650000e+03
   3.6427438e-02   4.3800000e+03
   2.2454217e-02   4.3950000e+03
   8.1346445e-03   4.4100000e+03
  -5.9071626e-03   4.4250000e+03
  -1.9069986e-02   4.4400000e+03
  -3.0714899e-02   4.4550000e+03
  -4.0246956e-02   4.4700000e+03
  -4.7266901e-02   4.4850000e+03
  -5.1601514e-02   4.5000000e+03
