   5.5614039e-03   0.0000000e+00
   5.5608824e-03   1.5000000e+01
   5.5594272e-03   3.0000000e+01
   5.5573764e-03   4.5000000e+01
   5.5550355e-03   6.0000000e+01
   5.5521829e-03   7.5000000e+01
   5.5481070e-03   9.0000000e+01
   5.5424082e-03   1.0500000e+02
   5.5356403e-03   1.2000000e+02
   5.5287182e-03   1.3500000e+02
   5.5214567e-03   1.5000000e+02
   5.5118329e-03   1.6500000e+02
   5.4962924e-03   1.8000000e+02
   5.4676710e-03   1.9500000e+02
   5.4062624e-03   2.1000000e+02
   5.2693142e-03   2.2500000e+02
   5.0016837e-03   2.4000000e+02
   4.5906743e-03   2.5500000e+02
   4.1396390e-03   2.7000000e+02
   3.8630548e-03   2.8500000e+02
   3.9280634e-03   3.0000000e+02
   4.2541409e-03   3.1500000e+02
   4.5352709e-03   3.3000000e+02
   4.5518936e-03   3.4500000e+02
   4.4210944e-03   3.6000000e+02
   4.4212751e-03   3.7500000e+02
   4.6034548e-03   3.9000000e+02
   4.7500045e-03   4.0500000e+02
   4.7301012e-03   4.2000000e+02
   4.6824384e-03   4.3500000e+02
   4.7578700e-03   4.5000000e+02
   4.8833927e-03   4.6500000e+02
   4.9246131e-03   4.8000000e+02
   4.9154535e-03   4.9500000e+02
   4.9609784e-03   5.1000000e+02
   5.0415113e-03   5.2500000e+02
   5.0736917e-03   5.4000000e+02
   5.0690272e-03   5.5500000e+02
   5.0932528e-03   5.7000000e+02
   5.1396885e-03   5.8500000e+02
   5.1574144e-03   6.0000000e+02
   5.1535452e-03   6.1500000e+02
   5.1715071e-03   6.3000000e+02
   5.2058445e-03   6.4500000e+02
   5.2188863e-03   6.6000000e+02
   5.2073728e-03   6.7500000e+02
   5.1844027e-03   6.9000000e+02
   5.1272349e-03   7.0500000e+02
   4.9952036e-03   7.2000000e+02
   4.7702133e-03   7.3500000e+02
   4.4493633e-03   7.5000000e+02
   4.0392107e-03   7.6500000e+02
   3.5949640e-03   7.8000000e+02
   3.2374717e-03   7.9500000e+02
   3.0893805e-03   8.1000000e+02
   3.1791092e-03   8.2500000e+02
   3.3932710e-03   8.4000000e+02
   3.5165073e-03   8.5500000e+02
   3.3615280e-03   8.7000000e+02
   2.9210020e-03   8.8500000e+02
   2.3893628e-03   9.0000000e+02
   1.9805124e-03   9.1500000e+02
   1.7037909e-03   9.3000000e+02
   1.3555005e-03   9.4500000e+02
   7.5242040e-04   9.6000000e+02
  -6.7489782e-05   9.7500000e+02
  -9.2408573e-04   9.9000000e+02
  -1.7420878e-03   1.0050000e+03
  -2.6217396e-03   1.0200000e+03
  -3.6181645e-03   1.0350000e+03
  -4.5062043e-03   1.0500000e+03
  -4.7665229e-03   1.0650000e+03
  -3.5462531e-03   1.0800000e+03
   9.0268441e-04   1.0950000e+03
   1.2469320e-02   1.1100000e+03
   3.8855981e-02   1.1250000e+03
   9.3288757e-02   1.1400000e+03
   1.9534168e-01   1.1550000e+03
   3.6825904e-01   1.1700000e+03
   6.2838662e-01   1.1850000e+03
   9.6352077e-01   1.2000000e+03
   1.3041859e+00   1.2150000e+03
   1.5050449e+00   1.2300000e+03
   1.3661197e+00   1.2450000e+03
   7.1968544e-01   1.2600000e+03
  -4.2827436e-01   1.2750000e+03
  -1.7792664e+00   1.2900000e+03
  -2.7714906e+00   1.3050000e+03
  -2.8375731e+00   1.3200000e+03
  -1.8029482e+00   1.3350000e+03
  -1.4167506e-01   1.3500000e+03
   1.2089288e+00   1.3650000e+03
   1.4749148e+00   1.3800000e+03
   6.6790086e-01   1.3950000e+03
  -3.8968143e-01   1.4100000e+03
  -7.7336073e-01   1.4250000e+03
  -2.9179311e-01   1.4400000e+03
   3.9607194e-01   1.4550000e+03
   5.3520721e-01   1.4700000e+03
   8.0072433e-02   1.4850000e+03
  -3.6028355e-01   1.5000000e+03
  -3.2448483e-01   1.5150000e+03
  -1.3681315e-02   1.5300000e+03
   1.0267826e-01   1.5450000e+03
  -3.1777456e-02   1.5600000e+03
  -6.8396680e-02   1.5750000e+03
   1.2788631e-01   1.5900000e+03
   2.3896448e-01   1.6050000e+03
   4.8154141e-03   1.6200000e+03
  -3.3390036e-01   1.6350000e+03
  -3.6585301e-01   1.6500000e+03
  -8.1420563e-02   1.6650000e+03
   1.9404835e-01   1.6800000e+03
   3.1299457e-01   1.6950000e+03
   3.9486533e-01   1.7100000e+03
   4.4357264e-01   1.7250000e+03
   2.7151382e-01   1.7400000e+03
  -1.0812556e-01   1.7550000e+03
  -3.6651415e-01   1.7700000e+03
  -2.9954499e-01   1.7850000e+03
  -9.8066278e-02   1.8000000e+03
  -6.3177338e-03   1.8150000e+03
   1.9466938e-02   1.8300000e+03
   1.0928718e-01   1.8450000e+03
   1.8927237e-01   1.8600000e+03
   1.3987286e-01   1.8750000e+03
   4.6920478e-02   1.8900000e+03
   4.6584781e-02   1.9050000e+03
   7.5699933e-02   1.9200000e+03
   8.7939221e-03   1.9350000e+03
  -9.2465237e-02   1.9500000e+03
  -8.9454457e-02   1.9650000e+03
  -1.0873084e-02   1.9800000e+03
   1.8712457e-02   1.9950000e+03
  -3.9212820e-03   2.0100000e+03
   1.0064485e-03   2.0250000e+03
   2.7994923e-02   2.0400000e+03
   1.8900722e-02   2.0550000e+03
  -1.1519548e-02   2.0700000e+03
  -1.6705241e-02   2.0850000e+03
  -1.4127482e-02   2.1000000e+03
  -3.5373557e-02   2.1150000e+03
  -5.3650253e-02   2.1300000e+03
  -4.1913964e-02   2.1450000e+03
  -2.7862705e-02   2.1600000e+03
  -3.1717032e-02   2.1750000e+03
  -2.7203262e-02   2.1900000e+03
  -5.7238215e-03   2.2050000e+03
  -4.1035854e-04   2.2200000e+03
  -1.8790420e-02   2.2350000e+03
  -2.6486201e-02   2.2500000e+03
  -1.3048890e-02   2.2650000e+03
  -6.0774800e-03   2.2800000e+03
  -1.4540882e-02   2.2950000e+03
  -1.6477522e-02   2.3100000e+03
  -3.1062514e-03   2.3250000e+03
   9.3675544e-03   2.3400000e+03
   9.0500154e-03   2.3550000e+03
   1.6450856e-03   2.3700000e+03
  -1.7119719e-04   2.3850000e+03
   1.1053022e-02   2.4000000e+03
   2.8152522e-02   2.4150000e+03
   3.2820463e-02   2.4300000e+03
   1.8170366e-02   2.4450000e+03
  -1.8962746e-04   2.4600000e+03
  -5.4639163e-03   2.4750000e+03
  -5.1869938e-05   2.4900000e+03
   4.9103424e-03   2.5050000e+03
   6.9298637e-03   2.5200000e+03
   8.6835278e-03   2.5350000e+03
   8.4524546e-03   2.5500000e+03
   4.5596533e-03   2.5650000e+03
   2.3192528e-03   2.5800000e+03
   8.0491193e-03   2.5950000e+03
   2.0089660e-02   2.6100000e+03
   3.1480227e-02   2.6250000e+03
   3.8303982e-02   2.6400000e+03
   4.0764004e-02   2.6550000e+03
   3.8846873e-02   2.6700000e+03
   3.1918719e-02   2.6850000e+03
   2.2076596e-02   2.7000000e+03
   1.4307762e-02   2.7150000e+03
   1.2079763e-02   2.7300000e+03
   1.3738912e-02   2.7450000e+03
   1.4226702e-02   2.7600000e+03
   1.0492019e-02   2.7750000e+03
   4.3554362e-03   2.7900000e+03
  -6.1087130e-04   2.8050000e+03
  -3.7749228e-03   2.8200000e+03
  -7.3364298e-03   2.8350000e+03
  -1.2225175e-02   2.8500000e+03
  -1.6201682e-02   2.8650000e+03
  -1.6493894e-02   2.8800000e+03
  -1.3128759e-02   2.8950000e+03
  -9.0276124e-03   2.9100000e+03
  -7.2709308e-03   2.9250000e+03
  -8.6702639e-03   2.9400000e+03
  -1.1833764e-02   2.9550000e+03
  -1.5274864e-02   2.9700000e+03
  -1.9302243e-02   2.9850000e+03
  -2.5486417e-02   3.0000000e+03
  -3.3520002e-02   3.0150000e+03
  -3.8531009e-02   3.0300000e+03
  -3.3121660e-02   3.0450000e+03
  -1.4195675e-02   3.0600000e+03
   1.1851930e-02   3.0750000e+03
   3.2257579e-02   3.0900000e+03
   3.7659805e-02   3.1050000e+03
   2.9075116e-02   3.1200000e+03
   1.5261807e-02   3.1350000e+03
   4.0280828e-03   3.1500000e+03
  -3.1219635e-03   3.1650000e+03
  -8.5738888e-03   3.1800000e+03
  -1.2844291e-02   3.1950000e+03
  -1.2596915e-02   3.2100000e+03
  -4.5597982e-03   3.2250000e+03
   9.0355966e-03   3.2400000e+03
   1.9743571e-02   3.2550000e+03
   1.8862907e-02   3.2700000e+03
   5.2337460e-03   3.2850000e+03
  -1.2605485e-02   3.3000000e+03
  -2.2597088e-02   3.3150000e+03
  -1.8548392e-02   3.3300000e+03
  -4.5721978e-03   3.3450000e+03
   8.9527024e-03   3.3600000e+03
   1.3875350e-02   3.3750000e+03
   9.6622203e-03   3.3900000e+03
   1.5479947e-03   3.4050000e+03
  -5.6765089e-03   3.4200000e+03
  -1.1520639e-02   3.4350000e+03
  -1.7817169e-02   3.4500000e+03
  -2.4347233e-02   3.4650000e+03
  -2.8141961e-02   3.4800000e+03
  -2.7474349e-02   3.4950000e+03
  -2.4982514e-02   3.5100000e+03
  -2.5059585e-02   3.5250000e+03
  -2.8200539e-02   3.5400000e+03
  -2.9528266e-02   3.5550000e+03
  -2.3886174e-02   3.5700000e+03
  -1.1701862e-02   3.5850000e+03
   1.2260383e-03   3.6000000e+03
   9.6310191e-03   3.6150000e+03
   1.3597433e-02   3.6300000e+03
   1.7284395e-02   3.6450000e+03
   2.3518119e-02   3.6600000e+03
   3.0206330e-02   3.6750000e+03
   3.2027140e-02   3.6900000e+03
   2.5513319e-02   3.7050000e+03
   1.2804700e-02   3.7200000e+03
   7.8674156e-04   3.7350000e+03
  -3.7734548e-03   3.7500000e+03
   7.5022300e-04   3.7650000e+03
   9.6700201e-03   3.7800000e+03
   1.5547264e-02   3.7950000e+03
   1.3540864e-02   3.8100000e+03
   4.4263289e-03   3.8250000e+03
  -6.5473123e-03   3.8400000e+03
  -1.3555215e-02   3.8550000e+03
  -1.3909639e-02   3.8700000e+03
  -9.2221908e-03   3.8850000e+03
  -3.4515096e-03   3.9000000e+03
   4.6550221e-04   3.9150000e+03
   2.3936096e-03   3.9300000e+03
   3.6841570e-03   3.9450000e+03
   4.7516655e-03   3.9600000e+03
   4.8092040e-03   3.9750000e+03
   3.8866650e-03   3.9900000e+03
   3.7667765e-03   4.0050000e+03
   5.9090797e-03   4.0200000e+03
   9.0295384e-03   4.0350000e+03
   9.9109868e-03   4.0500000e+03
   6.6522583e-03   4.0650000e+03
   2.9288430e-04   4.0800000e+03
  -6.7953244e-03   4.0950000e+03
  -1.3166528e-02   4.1100000e+03
  -1.8648302e-02   4.1250000e+03
  -2.3395576e-02   4.1400000e+03
  -2.7375517e-02   4.1550000e+03
  -3.0336812e-02   4.1700000e+03
  -3.1585321e-02   4.1850000e+03
  -3.0023683e-02   4.2000000e+03
  -2.5032355e-02   4.2150000e+03
  -1.7258734e-02   4.2300000e+03
  -8.1873070e-03   4.2450000e+03
   7.8659685e-04   4.2600000e+03
   8.3940784e-03   4.2750000e+03
   1.3091398e-02   4.2900000e+03
   1.3711377e-02   4.3050000e+03
   1.0799826e-02   4.3200000e+03
   6.6097686e-03   4.3350000e+03
   3.3489147e-03   4.3500000e+03
   1.7787721e-03   4.3650000e+03
   1.6737658e-03   4.3800000e+03
   3.0049738e-03   4.3950000e+03
   6.1352854e-03   4.4100000e+03
   1.1214738e-02   4.4250000e+03
   1.7941015e-02   4.4400000e+03
   2.5697643e-02   4.4550000e+03
   3.3331703e-02   4.4700000e+03
   3.8846090e-02   4.4850000e+03
   3.9986286e-02   4.5000000e+03
