  -4.1591632e-03   0.0000000e+00
  -4.1589071e-03   1.5000000e+01
  -4.1582971e-03   3.0000000e+01
  -4.1579790e-03   4.5000000e+01
  -4.1590892e-03   6.0000000e+01
  -4.1625556e-03   7.5000000e+01
  -4.1681305e-03   9.0000000e+01
  -4.1747685e-03   1.0500000e+02
  -4.1819229e-03   1.2000000e+02
  -4.1904668e-03   1.3500000e+02
  -4.2021298e-03   1.5000000e+02
  -4.2178147e-03   1.6500000e+02
  -4.2374860e-03   1.8000000e+02
  -4.2614723e-03   1.9500000e+02
  -4.2905905e-03   2.1000000e+02
  -4.3253563e-03   2.2500000e+02
  -4.3652141e-03   2.4000000e+02
  -4.4080638e-03   2.5500000e+02
  -4.4515883e-03   2.7000000e+02
  -4.4951718e-03   2.8500000e+02
  -4.5394120e-03   3.0000000e+02
  -4.5845308e-03   3.1500000e+02
  -4.6299617e-03   3.3000000e+02
  -4.6743071e-03   3.4500000e+02
  -4.7153919e-03   3.6000000e+02
  -4.7511854e-03   3.7500000e+02
  -4.7809696e-03   3.9000000e+02
  -4.8057954e-03   4.0500000e+02
  -4.8277602e-03   4.2000000e+02
  -4.8475564e-03   4.3500000e+02
  -4.8620859e-03   4.5000000e+02
  -4.8660510e-03   4.6500000e+02
  -4.8567560e-03   4.8000000e+02
  -4.8360387e-03   4.9500000e+02
  -4.8068254e-03   5.1000000e+02
  -4.7693811e-03   5.2500000e+02
  -4.7225961e-03   5.4000000e+02
  -4.6674320e-03   5.5500000e+02
  -4.6055880e-03   5.7000000e+02
  -4.5352778e-03   5.8500000e+02
  -4.4523324e-03   6.0000000e+02
  -4.3549952e-03   6.1500000e+02
  -4.2433310e-03   6.3000000e+02
  -4.1146264e-03   6.4500000e+02
  -3.9638071e-03   6.6000000e+02
  -3.7879550e-03   6.7500000e+02
  -3.5867302e-03   6.9000000e+02
  -3.3597657e-03   7.0500000e+02
  -3.1071657e-03   7.2000000e+02
  -2.8298041e-03   7.3500000e+02
  -2.5260425e-03   7.5000000e+02
  -2.1911541e-03   7.6500000e+02
  -1.8202008e-03   7.8000000e+02
  -1.4075444e-03   7.9500000e+02
  -9.4509887e-04   8.1000000e+02
  -4.2402861e-04   8.2500000e+02
   1.6372450e-04   8.4000000e+02
   8.2527660e-04   8.5500000e+02
   1.5646248e-03   8.7000000e+02
   2.3808940e-03   8.8500000e+02
   3.2715076e-03   9.0000000e+02
   4.2391000e-03   9.1500000e+02
   5.2963025e-03   9.3000000e+02
   6.4639398e-03   9.4500000e+02
   7.7660936e-03   9.6000000e+02
   9.2279892e-03   9.7500000e+02
   1.0875387e-02   9.9000000e+02
   1.2733632e-02   1.0050000e+03
   1.4829768e-02   1.0200000e+03
   1.7195858e-02   1.0350000e+03
   1.9865390e-02   1.0500000e+03
   2.2863854e-02   1.0650000e+03
   2.6207460e-02   1.0800000e+03
   2.9918985e-02   1.0950000e+03
   3.4048732e-02   1.1100000e+03
   3.8678184e-02   1.1250000e+03
   4.3899637e-02   1.1400000e+03
   4.9785536e-02   1.1550000e+03
   5.6363285e-02   1.1700000e+03
   6.3605540e-02   1.1850000e+03
   7.1439758e-02   1.2000000e+03
   7.9767965e-02   1.2150000e+03
   8.8480413e-02   1.2300000e+03
   9.7460166e-02   1.2450000e+03
   1.0659238e-01   1.2600000e+03
   1.1578324e-01   1.2750000e+03
   1.2497286e-01   1.2900000e+03
   1.3412687e-01   1.3050000e+03
   1.4321275e-01   1.3200000e+03
   1.5217981e-01   1.3350000e+03
   1.6095068e-01   1.3500000e+03
   1.6941711e-01   1.3650000e+03
   1.7743421e-01   1.3800000e+03
   1.8481636e-01   1.3950000e+03
   1.9134192e-01   1.4100000e+03
   1.9677135e-01   1.4250000e+03
   2.0088360e-01   1.4400000e+03
   2.0352289e-01   1.4550000e+03
   2.0462869e-01   1.4700000e+03
   2.0422462e-01   1.4850000e+03
   2.0237970e-01   1.5000000e+03
   1.9918464e-01   1.5150000e+03
   1.9476277e-01   1.5300000e+03
   1.8928891e-01   1.5450000e+03
   1.8297897e-01   1.5600000e+03
   1.7605133e-01   1.5750000e+03
   1.6869266e-01   1.5900000e+03
   1.6104685e-01   1.6050000e+03
   1.5321574e-01   1.6200000e+03
   1.4525914e-01   1.6350000e+03
   1.3720417e-01   1.6500000e+03
   1.2907086e-01   1.6650000e+03
   1.2089267e-01   1.6800000e+03
   1.1270867e-01   1.6950000e+03
   1.0454158e-01   1.7100000e+03
   9.6396193e-02   1.7250000e+03
   8.8281460e-02   1.7400000e+03
   8.0226220e-02   1.7550000e+03
   7.2273754e-02   1.7700000e+03
   6.4471334e-02   1.7850000e+03
   5.6868684e-02   1.8000000e+03
   4.9517520e-02   1.8150000e+03
   4.2464748e-02   1.8300000e+03
   3.5745449e-02   1.8450000e+03
   2.9380163e-02   1.8600000e+03
   2.3371181e-02   1.8750000e+03
   1.7697794e-02   1.8900000e+03
   1.2320847e-02   1.9050000e+03
   7.2014946e-03   1.9200000e+03
   2.3239397e-03   1.9350000e+03
  -2.2917155e-03   1.9500000e+03
  -6.5909275e-03   1.9650000e+03
  -1.0497423e-02   1.9800000e+03
  -1.3933958e-02   1.9950000e+03
  -1.6848188e-02   2.0100000e+03
  -1.9236753e-02   2.0250000e+03
  -2.1155873e-02   2.0400000e+03
  -2.2706980e-02   2.0550000e+03
  -2.3996206e-02   2.0700000e+03
  -2.5084890e-02   2.0850000e+03
  -2.5962463e-02   2.1000000e+03
  -2.6566489e-02   2.1150000e+03
  -2.6844362e-02   2.1300000e+03
  -2.6815489e-02   2.1450000e+03
  -2.6584003e-02   2.1600000e+03
  -2.6286935e-02   2.1750000e+03
  -2.6017727e-02   2.1900000e+03
  -2.5789374e-02   2.2050000e+03
  -2.5567153e-02   2.2200000e+03
  -2.5337754e-02   2.2350000e+03
  -2.5149969e-02   2.2500000e+03
  -2.5091290e-02   2.2650000e+03
  -2.5225563e-02   2.2800000e+03
  -2.5552092e-02   2.2950000e+03
  -2.6024071e-02   2.3100000e+03
  -2.6604975e-02   2.3250000e+03
  -2.7303509e-02   2.3400000e+03
  -2.8151099e-02   2.3550000e+03
  -2.9149277e-02   2.3700000e+03
  -3.0248733e-02   2.3850000e+03
  -3.1385086e-02   2.4000000e+03
  -3.2529753e-02   2.4150000e+03
  -3.3697158e-02   2.4300000e+03
  -3.4903195e-02   2.4450000e+03
  -3.6126193e-02   2.4600000e+03
  -3.7312318e-02   2.4750000e+03
  -3.8410135e-02   2.4900000e+03
  -3.9390225e-02   2.5050000e+03
  -4.0235478e-02   2.5200000e+03
  -4.0926762e-02   2.5350000e+03
  -4.1445646e-02   2.5500000e+03
  -4.1785426e-02   2.5650000e+03
  -4.1951261e-02   2.5800000e+03
  -4.1949335e-02   2.5950000e+03
  -4.1780140e-02   2.6100000e+03
  -4.1442025e-02   2.6250000e+03
  -4.0936887e-02   2.6400000e+03
  -4.0271308e-02   2.6550000e+03
  -3.9455671e-02   2.6700000e+03
  -3.8503002e-02   2.6850000e+03
  -3.7423022e-02   2.7000000e+03
  -3.6211915e-02   2.7150000e+03
  -3.4850799e-02   2.7300000e+03
  -3.3322431e-02   2.7450000e+03
  -3.1633370e-02   2.7600000e+03
  -2.9816559e-02   2.7750000e+03
  -2.7910044e-02   2.7900000e+03
  -2.5937263e-02   2.8050000e+03
  -2.3911918e-02   2.8200000e+03
  -2.1857269e-02   2.8350000e+03
  -1.9811150e-02   2.8500000e+03
  -1.7809495e-02   2.8650000e+03
  -1.5870687e-02   2.8800000e+03
  -1.4000037e-02   2.8950000e+03
  -1.2206322e-02   2.9100000e+03
  -1.0509211e-02   2.9250000e+03
  -8.9310985e-03   2.9400000e+03
  -7.4847732e-03   2.9550000e+03
  -6.1693820e-03   2.9700000e+03
  -4.9764584e-03   2.9850000e+03
  -3.8991573e-03   3.0000000e+03
  -2.9366454e-03   3.0150000e+03
  -2.0913268e-03   3.0300000e+03
  -1.3645932e-03   3.0450000e+03
  -7.5787067e-04   3.0600000e+03
  -2.7726882e-04   3.0750000e+03
   6.6625762e-05   3.0900000e+03
   2.6684912e-04   3.1050000e+03
   3.2892841e-04   3.1200000e+03
   2.7227207e-04   3.1350000e+03
   1.2327236e-04   3.1500000e+03
  -9.4724783e-05   3.1650000e+03
  -3.6903692e-04   3.1800000e+03
  -6.9875288e-04   3.1950000e+03
  -1.0878644e-03   3.2100000e+03
  -1.5341059e-03   3.2250000e+03
  -2.0214338e-03   3.2400000e+03
  -2.5222453e-03   3.2550000e+03
  -3.0080874e-03   3.2700000e+03
  -3.4613118e-03   3.2850000e+03
  -3.8803394e-03   3.3000000e+03
  -4.2773760e-03   3.3150000e+03
  -4.6729431e-03   3.3300000e+03
  -5.0909091e-03   3.3450000e+03
  -5.5538178e-03   3.3600000e+03
  -6.0781012e-03   3.3750000e+03
  -6.6715959e-03   3.3900000e+03
  -7.3352908e-03   3.4050000e+03
  -8.0669811e-03   3.4200000e+03
  -8.8631734e-03   3.4350000e+03
  -9.7187096e-03   3.4500000e+03
  -1.0626428e-02   3.4650000e+03
  -1.1578658e-02   3.4800000e+03
  -1.2570500e-02   3.4950000e+03
  -1.3603432e-02   3.5100000e+03
  -1.4686400e-02   3.5250000e+03
  -1.5831914e-02   3.5400000e+03
  -1.7048771e-02   3.5550000e+03
  -1.8337119e-02   3.5700000e+03
  -1.9690135e-02   3.5850000e+03
  -2.1100068e-02   3.6000000e+03
  -2.2562105e-02   3.6150000e+03
  -2.4071932e-02   3.6300000e+03
  -2.5619449e-02   3.6450000e+03
  -2.7184980e-02   3.6600000e+03
  -2.8742537e-02   3.6750000e+03
  -3.0268827e-02   3.6900000e+03
  -3.1751554e-02   3.7050000e+03
  -3.3190839e-02   3.7200000e+03
  -3.4593653e-02   3.7350000e+03
  -3.5967302e-02   3.7500000e+03
  -3.7317913e-02   3.7650000e+03
  -3.8653515e-02   3.7800000e+03
  -3.9986148e-02   3.7950000e+03
  -4.1328724e-02   3.8100000e+03
  -4.2688496e-02   3.8250000e+03
  -4.4062555e-02   3.8400000e+03
  -4.5438781e-02   3.8550000e+03
  -4.6800822e-02   3.8700000e+03
  -4.8133079e-02   3.8850000e+03
  -4.9422950e-02   3.9000000e+03
  -5.0660491e-02   3.9150000e+03
  -5.1837839e-02   3.9300000e+03
  -5.2949753e-02   3.9450000e+03
  -5.3994674e-02   3.9600000e+03
  -5.4974549e-02   3.9750000e+03
  -5.5892624e-02   3.9900000e+03
  -5.6750305e-02   4.0050000e+03
  -5.7545040e-02   4.0200000e+03
  -5.8270063e-02   4.0350000e+03
  -5.8915604e-02   4.0500000e+03
  -5.9470642e-02   4.0650000e+03
  -5.9924137e-02   4.0800000e+03
  -6.0264975e-02   4.0950000e+03
  -6.0480800e-02   4.1100000e+03
  -6.0557708e-02   4.1250000e+03
  -6.0482588e-02   4.1400000e+03
  -6.0247362e-02   4.1550000e+03
  -5.9851572e-02   4.1700000e+03
  -5.9300866e-02   4.1850000e+03
  -5.8602851e-02   4.2000000e+03
  -5.7764187e-02   4.2150000e+03
  -5.6790680e-02   4.2300000e+03
  -5.5688828e-02   4.2450000e+03
  -5.4466520e-02   4.2600000e+03
  -5.3132631e-02   4.2750000e+03
  -5.1697034e-02   4.2900000e+03
  -5.0171319e-02   4.3050000e+03
  -4.8568558e-02   4.3200000e+03
  -4.6901062e-02   4.3350000e+03
  -4.5177601e-02   4.3500000e+03
  -4.3402869e-02   4.3650000e+03
  -4.1579746e-02   4.3800000e+03
  -3.9712086e-02   4.3950000e+03
  -3.7805434e-02   4.4100000e+03
  -3.5866018e-02   4.4250000e+03
  -3.3900153e-02   4.4400000e+03
  -3.1914923e-02   4.4550000e+03
  -2.9918799e-02   4.4700000e+03
  -2.7920740e-02   4.4850000e+03
  -2.5928808e-02   4.5000000e+03
