  -8.8420184e-03   0.0000000e+00
  -8.8418182e-03   1.5000000e+01
  -8.8414615e-03   3.0000000e+01
  -8.8421833e-03   4.5000000e+01
  -8.8465344e-03   6.0000000e+01
  -8.8566421e-03   7.5000000e+01
  -8.8716168e-03   9.0000000e+01
  -8.8885929e-03   1.0500000e+02
  -8.9061595e-03   1.2000000e+02
  -8.9266673e-03   1.3500000e+02
  -8.9547457e-03   1.5000000e+02
  -8.9926766e-03   1.6500000e+02
  -9.0398276e-03   1.8000000e+02
  -9.0967529e-03   1.9500000e+02
  -9.1660507e-03   2.1000000e+02
  -9.2495549e-03   2.2500000e+02
  -9.3456199e-03   2.4000000e+02
  -9.4482275e-03   2.5500000e+02
  -9.5510576e-03   2.7000000e+02
  -9.6522560e-03   2.8500000e+02
  -9.7526237e-03   3.0000000e+02
  -9.8525891e-03   3.1500000e+02
  -9.9533368e-03   3.3000000e+02
  -1.0057056e-02   3.4500000e+02
  -1.0165133e-02   3.6000000e+02
  -1.0278304e-02   3.7500000e+02
  -1.0397357e-02   3.9000000e+02
  -1.0522921e-02   4.0500000e+02
  -1.0656663e-02   4.2000000e+02
  -1.0800771e-02   4.3500000e+02
  -1.0952695e-02   4.5000000e+02
  -1.1104145e-02   4.6500000e+02
  -1.1250004e-02   4.8000000e+02
  -1.1395104e-02   4.9500000e+02
  -1.1547348e-02   5.1000000e+02
  -1.1706064e-02   5.2500000e+02
  -1.1864288e-02   5.4000000e+02
  -1.2023547e-02   5.5500000e+02
  -1.2195460e-02   5.7000000e+02
  -1.2383649e-02   5.8500000e+02
  -1.2577490e-02   6.0000000e+02
  -1.2771143e-02   6.1500000e+02
  -1.2971791e-02   6.3000000e+02
  -1.3179494e-02   6.4500000e+02
  -1.3379684e-02   6.6000000e+02
  -1.3566208e-02   6.7500000e+02
  -1.3746969e-02   6.9000000e+02
  -1.3919899e-02   7.0500000e+02
  -1.4068628e-02   7.2000000e+02
  -1.4175669e-02   7.3500000e+02
  -1.4213833e-02   7.5000000e+02
  -1.4137187e-02   7.6500000e+02
  -1.3888198e-02   7.8000000e+02
  -1.3386858e-02   7.9500000e+02
  -1.2506147e-02   8.1000000e+02
  -1.1051187e-02   8.2500000e+02
  -8.7098954e-03   8.4000000e+02
  -4.9646185e-03   8.5500000e+02
   1.0328111e-03   8.7000000e+02
   1.0675717e-02   8.8500000e+02
   2.6236106e-02   9.0000000e+02
   5.1265992e-02   9.1500000e+02
   9.0929106e-02   9.3000000e+02
   1.5187488e-01   9.4500000e+02
   2.4090481e-01   9.6000000e+02
   3.6160505e-01   9.7500000e+02
   5.0881559e-01   9.9000000e+02
   6.6265357e-01   1.0050000e+03
   7.8632379e-01   1.0200000e+03
   8.3298260e-01   1.0350000e+03
   7.6359737e-01   1.0500000e+03
   5.6957918e-01   1.0650000e+03
   2.8599611e-01   1.0800000e+03
  -1.7650068e-02   1.0950000e+03
  -2.6784590e-01   1.1100000e+03
  -4.1973650e-01   1.1250000e+03
  -4.6983883e-01   1.1400000e+03
  -4.4404402e-01   1.1550000e+03
  -3.7698698e-01   1.1700000e+03
  -2.9988074e-01   1.1850000e+03
  -2.3677522e-01   1.2000000e+03
  -1.9984046e-01   1.2150000e+03
  -1.8489623e-01   1.2300000e+03
  -1.7753722e-01   1.2450000e+03
  -1.6784294e-01   1.2600000e+03
  -1.5632243e-01   1.2750000e+03
  -1.4431193e-01   1.2900000e+03
  -1.2537374e-01   1.3050000e+03
  -9.2144109e-02   1.3200000e+03
  -4.7627095e-02   1.3350000e+03
  -3.0063989e-03   1.3500000e+03
   3.3767816e-02   1.3650000e+03
   6.1336994e-02   1.3800000e+03
   7.8752421e-02   1.3950000e+03
   8.2811438e-02   1.4100000e+03
   7.2429270e-02   1.4250000e+03
   5.1143240e-02   1.4400000e+03
   2.4434932e-02   1.4550000e+03
  -2.3572298e-03   1.4700000e+03
  -2.3670893e-02   1.4850000e+03
  -3.5217222e-02   1.5000000e+03
  -3.7682682e-02   1.5150000e+03
  -3.7423354e-02   1.5300000e+03
  -4.2010088e-02   1.5450000e+03
  -5.4490276e-02   1.5600000e+03
  -7.0919208e-02   1.5750000e+03
  -8.2661889e-02   1.5900000e+03
  -8.2138360e-02   1.6050000e+03
  -6.8305016e-02   1.6200000e+03
  -4.7430426e-02   1.6350000e+03
  -2.8200196e-02   1.6500000e+03
  -1.5471832e-02   1.6650000e+03
  -7.9786042e-03   1.6800000e+03
  -9.8140619e-04   1.6950000e+03
   9.2545701e-03   1.7100000e+03
   2.2541068e-02   1.7250000e+03
   3.4880523e-02   1.7400000e+03
   4.1279182e-02   1.7550000e+03
   3.9391145e-02   1.7700000e+03
   3.1376459e-02   1.7850000e+03
   2.2536075e-02   1.8000000e+03
   1.7769935e-02   1.8150000e+03
   1.8571792e-02   1.8300000e+03
   2.2763014e-02   1.8450000e+03
   2.6838763e-02   1.8600000e+03
   2.8643653e-02   1.8750000e+03
   2.8261865e-02   1.8900000e+03
   2.7121933e-02   1.9050000e+03
   2.6699733e-02   1.9200000e+03
   2.7691780e-02   1.9350000e+03
   2.9721469e-02   1.9500000e+03
   3.1687807e-02   1.9650000e+03
   3.2801967e-02   1.9800000e+03
   3.3471454e-02   1.9950000e+03
   3.4777906e-02   2.0100000e+03
   3.6653824e-02   2.0250000e+03
   3.6739796e-02   2.0400000e+03
   3.1658787e-02   2.0550000e+03
   1.9897072e-02   2.0700000e+03
   3.6559848e-03   2.0850000e+03
  -1.1880935e-02   2.1000000e+03
  -2.1022802e-02   2.1150000e+03
  -2.0050894e-02   2.1300000e+03
  -8.7892469e-03   2.1450000e+03
   9.0133017e-03   2.1600000e+03
   2.6938427e-02   2.1750000e+03
   3.8770176e-02   2.1900000e+03
   4.1398399e-02   2.2050000e+03
   3.5592876e-02   2.2200000e+03
   2.4335645e-02   2.2350000e+03
   1.0630405e-02   2.2500000e+03
  -3.4505751e-03   2.2650000e+03
  -1.6651567e-02   2.2800000e+03
  -2.8380807e-02   2.2950000e+03
  -3.8620878e-02   2.3100000e+03
  -4.7310751e-02   2.3250000e+03
  -5.3390149e-02   2.3400000e+03
  -5.4584928e-02   2.3550000e+03
  -4.8482880e-02   2.3700000e+03
  -3.4193713e-02   2.3850000e+03
  -1.3460396e-02   2.4000000e+03
   9.3984567e-03   2.4150000e+03
   2.8754150e-02   2.4300000e+03
   3.9714310e-02   2.4450000e+03
   3.9947651e-02   2.4600000e+03
   3.0140122e-02   2.4750000e+03
   1.2900576e-02   2.4900000e+03
  -8.7010330e-03   2.5050000e+03
  -3.1620450e-02   2.5200000e+03
  -5.2352335e-02   2.5350000e+03
  -6.6709176e-02   2.5500000e+03
  -7.0781037e-02   2.5650000e+03
  -6.2618315e-02   2.5800000e+03
  -4.3380100e-02   2.5950000e+03
  -1.7127069e-02   2.6100000e+03
   1.0634308e-02   2.6250000e+03
   3.4945346e-02   2.6400000e+03
   5.2991167e-02   2.6550000e+03
   6.4428702e-02   2.6700000e+03
   7.0218325e-02   2.6850000e+03
   7.0883930e-02   2.7000000e+03
   6.5757088e-02   2.7150000e+03
   5.3933643e-02   2.7300000e+03
   3.6030218e-02   2.7450000e+03
   1.5077246e-02   2.7600000e+03
  -4.3062456e-03   2.7750000e+03
  -1.7984135e-02   2.7900000e+03
  -2.4471277e-02   2.8050000e+03
  -2.6023615e-02   2.8200000e+03
  -2.7742371e-02   2.8350000e+03
  -3.4632072e-02   2.8500000e+03
  -4.8103310e-02   2.8650000e+03
  -6.4438574e-02   2.8800000e+03
  -7.6702505e-02   2.8950000e+03
  -7.8903206e-02   2.9100000e+03
  -6.9370359e-02   2.9250000e+03
  -5.1125105e-02   2.9400000e+03
  -2.9562408e-02   2.9550000e+03
  -9.5702093e-03   2.9700000e+03
   6.0466183e-03   2.9850000e+03
   1.6473534e-02   3.0000000e+03
   2.1955071e-02   3.0150000e+03
   2.3031462e-02   3.0300000e+03
   2.0409921e-02   3.0450000e+03
   1.5266277e-02   3.0600000e+03
   9.3829939e-03   3.0750000e+03
   4.6449201e-03   3.0900000e+03
   1.9923355e-03   3.1050000e+03
   5.4179161e-04   3.1200000e+03
  -2.3297970e-03   3.1350000e+03
  -9.7146127e-03   3.1500000e+03
  -2.3277147e-02   3.1650000e+03
  -4.1748431e-02   3.1800000e+03
  -6.0766101e-02   3.1950000e+03
  -7.4450955e-02   3.2100000e+03
  -7.8110665e-02   3.2250000e+03
  -7.0487358e-02   3.2400000e+03
  -5.3983480e-02   3.2550000e+03
  -3.2765482e-02   3.2700000e+03
  -1.0422989e-02   3.2850000e+03
   1.0923377e-02   3.3000000e+03
   2.9844511e-02   3.3150000e+03
   4.4607095e-02   3.3300000e+03
   5.3243391e-02   3.3450000e+03
   5.4463454e-02   3.3600000e+03
   4.8332870e-02   3.3750000e+03
   3.6208116e-02   3.3900000e+03
   2.0252904e-02   3.4050000e+03
   2.8767933e-03   3.4200000e+03
  -1.3889457e-02   3.4350000e+03
  -2.8887320e-02   3.4500000e+03
  -4.1673686e-02   3.4650000e+03
  -5.1655453e-02   3.4800000e+03
  -5.7421986e-02   3.4950000e+03
  -5.7271242e-02   3.5100000e+03
  -5.0687984e-02   3.5250000e+03
  -3.9340992e-02   3.5400000e+03
  -2.6515726e-02   3.5550000e+03
  -1.5444807e-02   3.5700000e+03
  -7.9929484e-03   3.5850000e+03
  -4.5960327e-03   3.6000000e+03
  -5.0354977e-03   3.6150000e+03
  -8.9948392e-03   3.6300000e+03
  -1.5867639e-02   3.6450000e+03
  -2.4216058e-02   3.6600000e+03
  -3.1662717e-02   3.6750000e+03
  -3.5589788e-02   3.6900000e+03
  -3.4285013e-02   3.7050000e+03
  -2.7747199e-02   3.7200000e+03
  -1.7561035e-02   3.7350000e+03
  -5.9201941e-03   3.7500000e+03
   5.4885359e-03   3.7650000e+03
   1.5945408e-02   3.7800000e+03
   2.5275158e-02   3.7950000e+03
   3.3056945e-02   3.8100000e+03
   3.8245220e-02   3.8250000e+03
   3.9562635e-02   3.8400000e+03
   3.6359631e-02   3.8550000e+03
   2.9297207e-02   3.8700000e+03
   2.0373577e-02   3.8850000e+03
   1.2244935e-02   3.9000000e+03
   7.1986648e-03   3.9150000e+03
   6.3460185e-03   3.9300000e+03
   9.4753383e-03   3.9450000e+03
   1.5547266e-02   3.9600000e+03
   2.3349846e-02   3.9750000e+03
   3.1815682e-02   3.9900000e+03
   3.9962437e-02   4.0050000e+03
   4.6830557e-02   4.0200000e+03
   5.1695123e-02   4.0350000e+03
   5.4385271e-02   4.0500000e+03
   5.5309381e-02   4.0650000e+03
   5.5019904e-02   4.0800000e+03
   5.3600635e-02   4.0950000e+03
   5.0405998e-02   4.1100000e+03
   4.4513196e-02   4.1250000e+03
   3.5717662e-02   4.1400000e+03
   2.5329800e-02   4.1550000e+03
   1.5937438e-02   4.1700000e+03
   9.9895597e-03   4.1850000e+03
   8.1078010e-03   4.2000000e+03
   8.4656449e-03   4.2150000e+03
   7.8439098e-03   4.2300000e+03
   3.6537519e-03   4.2450000e+03
  -4.5099817e-03   4.2600000e+03
  -1.4775415e-02   4.2750000e+03
  -2.4220321e-02   4.2900000e+03
  -3.0423790e-02   4.3050000e+03
  -3.2329276e-02   4.3200000e+03
  -3.0090673e-02   4.3350000e+03
  -2.4381967e-02   4.3500000e+03
  -1.5969619e-02   4.3650000e+03
  -5.9292754e-03   4.3800000e+03
   3.8997990e-03   4.3950000e+03
   1.1031033e-02   4.4100000e+03
   1.3374696e-02   4.4250000e+03
   1.0611675e-02   4.4400000e+03
   4.7538038e-03   4.4550000e+03
  -7.7807705e-04   4.4700000e+03
  -3.0634867e-03   4.4850000e+03
  -1.2458580e-03   4.5000000e+03
