  -1.1376904e-03   0.0000000e+00
  -1.1377524e-03   1.5000000e+01
  -1.1378875e-03   3.0000000e+01
  -1.1380172e-03   4.5000000e+01
  -1.1381407e-03   6.0000000e+01
  -1.1382507e-03   7.5000000e+01
  -1.1383428e-03   9.0000000e+01
  -1.1385134e-03   1.0500000e+02
  -1.1388374e-03   1.2000000e+02
  -1.1392381e-03   1.3500000e+02
  -1.1396045e-03   1.5000000e+02
  -1.1399408e-03   1.6500000e+02
  -1.1402662e-03   1.8000000e+02
  -1.1405346e-03   1.9500000e+02
  -1.1407280e-03   2.1000000e+02
  -1.1408943e-03   2.2500000e+02
  -1.1411135e-03   2.4000000e+02
  -1.1414414e-03   2.5500000e+02
  -1.1418634e-03   2.7000000e+02
  -1.1423106e-03   2.8500000e+02
  -1.1427309e-03   3.0000000e+02
  -1.1431337e-03   3.1500000e+02
  -1.1435441e-03   3.3000000e+02
  -1.1439754e-03   3.4500000e+02
  -1.1444363e-03   3.6000000e+02
  -1.1449574e-03   3.7500000e+02
  -1.1455442e-03   3.9000000e+02
  -1.1461676e-03   4.0500000e+02
  -1.1467946e-03   4.2000000e+02
  -1.1472739e-03   4.3500000e+02
  -1.1470772e-03   4.5000000e+02
  -1.1449852e-03   4.6500000e+02
  -1.1384500e-03   4.8000000e+02
  -1.1226729e-03   4.9500000e+02
  -1.0903657e-03   5.1000000e+02
  -1.0340166e-03   5.2500000e+02
  -9.5160119e-04   5.4000000e+02
  -8.5376209e-04   5.5500000e+02
  -7.6654303e-04   5.7000000e+02
  -7.2262232e-04   5.8500000e+02
  -7.4037479e-04   6.0000000e+02
  -8.0404727e-04   6.1500000e+02
  -8.6630636e-04   6.3000000e+02
  -8.8048453e-04   6.4500000e+02
  -8.3878828e-04   6.6000000e+02
  -7.7693933e-04   6.7500000e+02
  -7.3380140e-04   6.9000000e+02
  -7.0655352e-04   7.0500000e+02
  -6.5523211e-04   7.2000000e+02
  -5.5550283e-04   7.3500000e+02
  -4.3591950e-04   7.5000000e+02
  -3.5171807e-04   7.6500000e+02
  -3.2899852e-04   7.8000000e+02
  -3.5054478e-04   7.9500000e+02
  -3.9230773e-04   8.1000000e+02
  -4.4845982e-04   8.2500000e+02
  -5.1103474e-04   8.4000000e+02
  -5.5139163e-04   8.5500000e+02
  -5.4916821e-04   8.7000000e+02
  -5.2793341e-04   8.8500000e+02
  -5.3275883e-04   9.0000000e+02
  -5.7458540e-04   9.1500000e+02
  -6.2316924e-04   9.3000000e+02
  -6.5381103e-04   9.4500000e+02
  -6.7098264e-04   9.6000000e+02
  -6.8274082e-04   9.7500000e+02
  -6.8514794e-04   9.9000000e+02
  -6.8253663e-04   1.0050000e+03
  -6.9294899e-04   1.0200000e+03
  -7.1964262e-04   1.0350000e+03
  -7.4217463e-04   1.0500000e+03
  -7.4771314e-04   1.0650000e+03
  -7.4895448e-04   1.0800000e+03
  -7.6108001e-04   1.0950000e+03
  -7.8082009e-04   1.1100000e+03
  -7.9722487e-04   1.1250000e+03
  -8.0728903e-04   1.1400000e+03
  -8.1334572e-04   1.1550000e+03
  -8.1594574e-04   1.1700000e+03
  -8.1522134e-04   1.1850000e+03
  -8.1346941e-04   1.2000000e+03
  -8.1338524e-04   1.2150000e+03
  -8.1716781e-04   1.2300000e+03
  -8.2871952e-04   1.2450000e+03
  -8.5309264e-04   1.2600000e+03
  -8.9040212e-04   1.2750000e+03
  -9.3160110e-04   1.2900000e+03
  -9.6340303e-04   1.3050000e+03
  -9.7742293e-04   1.3200000e+03
  -9.7466348e-04   1.3350000e+03
  -9.6539187e-04   1.3500000e+03
  -9.6581597e-04   1.3650000e+03
  -9.8702556e-04   1.3800000e+03
  -1.0216876e-03   1.3950000e+03
  -1.0479061e-03   1.4100000e+03
  -1.0526547e-03   1.4250000e+03
  -1.0469236e-03   1.4400000e+03
  -1.0525974e-03   1.4550000e+03
  -1.0782183e-03   1.4700000e+03
  -1.1119756e-03   1.4850000e+03
  -1.1358503e-03   1.5000000e+03
  -1.1434903e-03   1.5150000e+03
  -1.1451232e-03   1.5300000e+03
  -1.1557189e-03   1.5450000e+03
  -1.1783899e-03   1.5600000e+03
  -1.2017740e-03   1.5750000e+03
  -1.2151834e-03   1.5900000e+03
  -1.2222789e-03   1.6050000e+03
  -1.2349716e-03   1.6200000e+03
  -1.2563284e-03   1.6350000e+03
  -1.2767991e-03   1.6500000e+03
  -1.2885752e-03   1.6650000e+03
  -1.2963725e-03   1.6800000e+03
  -1.3091043e-03   1.6950000e+03
  -1.3263527e-03   1.7100000e+03
  -1.3406306e-03   1.7250000e+03
  -1.3503751e-03   1.7400000e+03
  -1.3619948e-03   1.7550000e+03
  -1.3787058e-03   1.7700000e+03
  -1.3954584e-03   1.7850000e+03
  -1.4074176e-03   1.8000000e+03
  -1.4169354e-03   1.8150000e+03
  -1.4285990e-03   1.8300000e+03
  -1.4423854e-03   1.8450000e+03
  -1.4556195e-03   1.8600000e+03
  -1.4682277e-03   1.8750000e+03
  -1.4820908e-03   1.8900000e+03
  -1.4971975e-03   1.9050000e+03
  -1.5117797e-03   1.9200000e+03
  -1.5252762e-03   1.9350000e+03
  -1.5387038e-03   1.9500000e+03
  -1.5526960e-03   1.9650000e+03
  -1.5670117e-03   1.9800000e+03
  -1.5814815e-03   1.9950000e+03
  -1.5958895e-03   2.0100000e+03
  -1.6093240e-03   2.0250000e+03
  -1.6211185e-03   2.0400000e+03
  -1.6321169e-03   2.0550000e+03
  -1.6438817e-03   2.0700000e+03
  -1.6570694e-03   2.0850000e+03
  -1.6715162e-03   2.1000000e+03
  -1.6872556e-03   2.1150000e+03
  -1.7043320e-03   2.1300000e+03
  -1.7221288e-03   2.1450000e+03
  -1.7398529e-03   2.1600000e+03
  -1.7574276e-03   2.1750000e+03
  -1.7752273e-03   2.1900000e+03
  -1.7932638e-03   2.2050000e+03
  -1.8113818e-03   2.2200000e+03
  -1.8300303e-03   2.2350000e+03
  -1.8499944e-03   2.2500000e+03
  -1.8712494e-03   2.2650000e+03
  -1.8927178e-03   2.2800000e+03
  -1.9133774e-03   2.2950000e+03
  -1.9331120e-03   2.3100000e+03
  -1.9523249e-03   2.3250000e+03
  -1.9711526e-03   2.3400000e+03
  -1.9893348e-03   2.3550000e+03
  -2.0066372e-03   2.3700000e+03
  -2.0232354e-03   2.3850000e+03
  -2.0396672e-03   2.4000000e+03
  -2.0564406e-03   2.4150000e+03
  -2.0737879e-03   2.4300000e+03
  -2.0918383e-03   2.4450000e+03
  -2.1108738e-03   2.4600000e+03
  -2.1311461e-03   2.4750000e+03
  -2.1523749e-03   2.4900000e+03
  -2.1736072e-03   2.5050000e+03
  -2.1936856e-03   2.5200000e+03
  -2.2118222e-03   2.5350000e+03
  -2.2276896e-03   2.5500000e+03
  -2.2410848e-03   2.5650000e+03
  -2.2517073e-03   2.5800000e+03
  -2.2593013e-03   2.5950000e+03
  -2.2638286e-03   2.6100000e+03
  -2.2653118e-03   2.6250000e+03
  -2.2635553e-03   2.6400000e+03
  -2.2581643e-03   2.6550000e+03
  -2.2488530e-03   2.6700000e+03
  -2.2355688e-03   2.6850000e+03
  -2.2181582e-03   2.7000000e+03
  -2.1958717e-03   2.7150000e+03
  -2.1670607e-03   2.7300000e+03
  -2.1293268e-03   2.7450000e+03
  -2.0801830e-03   2.7600000e+03
  -2.0179029e-03   2.7750000e+03
  -1.9420313e-03   2.7900000e+03
  -1.8530432e-03   2.8050000e+03
  -1.7513349e-03   2.8200000e+03
  -1.6362766e-03   2.8350000e+03
  -1.5057981e-03   2.8500000e+03
  -1.3563507e-03   2.8650000e+03
  -1.1828204e-03   2.8800000e+03
  -9.7838778e-04   2.8950000e+03
  -7.3476834e-04   2.9100000e+03
  -4.4294234e-04   2.9250000e+03
  -9.3869086e-05   2.9400000e+03
   3.2146822e-04   2.9550000e+03
   8.1278704e-04   2.9700000e+03
   1.3914639e-03   2.9850000e+03
   2.0712642e-03   3.0000000e+03
   2.8689862e-03   3.0150000e+03
   3.8055468e-03   3.0300000e+03
   4.9076788e-03   3.0450000e+03
   6.2095304e-03   3.0600000e+03
   7.7532134e-03   3.0750000e+03
   9.5881950e-03   3.0900000e+03
   1.1770640e-02   3.1050000e+03
   1.4363904e-02   3.1200000e+03
   1.7440032e-02   3.1350000e+03
   2.1080917e-02   3.1500000e+03
   2.5377832e-02   3.1650000e+03
   3.0429197e-02   3.1800000e+03
   3.6336999e-02   3.1950000e+03
   4.3201618e-02   3.2100000e+03
   5.1113639e-02   3.2250000e+03
   6.0141265e-02   3.2400000e+03
   7.0312537e-02   3.2550000e+03
   8.1593178e-02   3.2700000e+03
   9.3861945e-02   3.2850000e+03
   1.0688671e-01   3.3000000e+03
   1.2030683e-01   3.3150000e+03
   1.3362892e-01   3.3300000e+03
   1.4624350e-01   3.3450000e+03
   1.5746643e-01   3.3600000e+03
   1.6660312e-01   3.3750000e+03
   1.7302647e-01   3.3900000e+03
   1.7625493e-01   3.4050000e+03
   1.7601608e-01   3.4200000e+03
   1.7228319e-01   3.4350000e+03
   1.6527821e-01   3.4500000e+03
   1.5544209e-01   3.4650000e+03
   1.4337984e-01   3.4800000e+03
   1.2979232e-01   3.4950000e+03
   1.1540683e-01   3.5100000e+03
   1.0091551e-01   3.5250000e+03
   8.6926900e-02   3.5400000e+03
   7.3932722e-02   3.5550000e+03
   6.2289152e-02   3.5700000e+03
   5.2211314e-02   3.5850000e+03
   4.3778699e-02   3.6000000e+03
   3.6950450e-02   3.6150000e+03
   3.1589776e-02   3.6300000e+03
   2.7496584e-02   3.6450000e+03
   2.4445135e-02   3.6600000e+03
   2.2220707e-02   3.6750000e+03
   2.0647641e-02   3.6900000e+03
   1.9602336e-02   3.7050000e+03
   1.9008715e-02   3.7200000e+03
   1.8819753e-02   3.7350000e+03
   1.8993653e-02   3.7500000e+03
   1.9475007e-02   3.7650000e+03
   2.0188099e-02   3.7800000e+03
   2.1043349e-02   3.7950000e+03
   2.1951547e-02   3.8100000e+03
   2.2837861e-02   3.8250000e+03
   2.3649156e-02   3.8400000e+03
   2.4352098e-02   3.8550000e+03
   2.4923455e-02   3.8700000e+03
   2.5336348e-02   3.8850000e+03
   2.5547044e-02   3.9000000e+03
   2.5487052e-02   3.9150000e+03
   2.5064437e-02   3.9300000e+03
   2.4176193e-02   3.9450000e+03
   2.2729576e-02   3.9600000e+03
   2.0665906e-02   3.9750000e+03
   1.7977616e-02   3.9900000e+03
   1.4710450e-02   4.0050000e+03
   1.0948457e-02   4.0200000e+03
   6.7871320e-03   4.0350000e+03
   2.3058366e-03   4.0500000e+03
  -2.4493593e-03   4.0650000e+03
  -7.4673537e-03   4.0800000e+03
  -1.2761606e-02   4.0950000e+03
  -1.8356351e-02   4.1100000e+03
  -2.4277503e-02   4.1250000e+03
  -3.0551245e-02   4.1400000e+03
  -3.7207343e-02   4.1550000e+03
  -4.4280518e-02   4.1700000e+03
  -5.1802859e-02   4.1850000e+03
  -5.9782881e-02   4.2000000e+03
  -6.8172514e-02   4.2150000e+03
  -7.6830246e-02   4.2300000e+03
  -8.5494094e-02   4.2450000e+03
  -9.3777612e-02   4.2600000e+03
  -1.0119510e-01   4.2750000e+03
  -1.0721354e-01   4.2900000e+03
  -1.1132235e-01   4.3050000e+03
  -1.1311112e-01   4.3200000e+03
  -1.1234371e-01   4.3350000e+03
  -1.0901351e-01   4.3500000e+03
  -1.0336211e-01   4.3650000e+03
  -9.5847994e-02   4.3800000e+03
  -8.7068401e-02   4.3950000e+03
  -7.7656351e-02   4.4100000e+03
  -6.8186179e-02   4.4250000e+03
  -5.9115347e-02   4.4400000e+03
  -5.0771844e-02   4.4550000e+03
  -4.3374777e-02   4.4700000e+03
  -3.7063885e-02   4.4850000e+03
  -3.1915199e-02   4.5000000e+03
