   4.5899223e-03   7.6500000e+02
   4.7087176e-03   7.8000000e+02
   4.7373758e-03   7.9500000e+02
   4.5998306e-03   8.1000000e+02
   4.3975306e-03   8.2500000e+02
   4.2346860e-03   8.4000000e+02
   4.0576635e-03   8.5500000e+02
   3.7682755e-03   8.7000000e+02
   3.4016143e-03   8.8500000e+02
   3.0410555e-03   9.0000000e+02
   2.6119379e-03   9.1500000e+02
   1.9577809e-03   9.3000000e+02
   1.1838230e-03   9.4500000e+02
   8.9677557e-04   9.6000000e+02
   2.3729366e-03   9.7500000e+02
   8.2073947e-03   9.9000000e+02
   2.3715727e-02   1.0050000e+03
   5.8566753e-02   1.0200000e+03
   1.2749045e-01   1.0350000e+03
   2.4816829e-01   1.0500000e+03
   4.3354884e-01   1.0650000e+03
   6.7669767e-01   1.0800000e+03
   9.3122166e-01   1.0950000e+03
   1.0988379e+00   1.1100000e+03
   1.0426919e+00   1.1250000e+03
   6.4152265e-01   1.1400000e+03
  -1.2237811e-01   1.1550000e+03
  -1.0852916e+00   1.1700000e+03
  -1.9042681e+00   1.1850000e+03
  -2.1876888e+00   1.2000000e+03
  -1.7195841e+00   1.2150000e+03
  -6.4392757e-01   1.2300000e+03
   5.4897755e-01   1.2450000e+03
   1.2800107e+00   1.2600000e+03
   1.2362635e+00   1.2750000e+03
   5.6716186e-01   1.2900000e+03
  -2.3488830e-01   1.3050000e+03
  -6.7779011e-01   1.3200000e+03
  -5.7301122e-01   1.3350000e+03
  -9.7545072e-02   1.3500000e+03
   3.7415940e-01   1.3650000e+03
   5.1766640e-01   1.3800000e+03
   2.5240719e-01   1.3950000e+03
  -1.9770481e-01   1.4100000e+03
  -4.4574684e-01   1.4250000e+03
  -2.6493874e-01   1.4400000e+03
   1.5508620e-01   1.4550000e+03
   3.5080847e-01   1.4700000e+03
   8.9871563e-02   1.4850000e+03
  -3.1506288e-01   1.5000000e+03
  -3.4845462e-01   1.5150000e+03
   5.3067528e-02   1.5300000e+03
   3.9193431e-01   1.5450000e+03
   2.6031232e-01   1.5600000e+03
  -1.0976445e-01   1.5750000e+03
  -1.8982230e-01   1.5900000e+03
   8.1858806e-02   1.6050000e+03
   2.3928791e-01   1.6200000e+03
   1.9872189e-02   1.6350000e+03
  -2.3672995e-01   1.6500000e+03
  -1.3712813e-01   1.6650000e+03
   1.4444469e-01   1.6800000e+03
