  -2.0907053e-03   1.5000000e+02
  -2.0926883e-03   1.6500000e+02
  -2.0949282e-03   1.8000000e+02
  -2.0974220e-03   1.9500000e+02
  -2.0998928e-03   2.1000000e+02
  -2.1019925e-03   2.2500000e+02
  -2.1037243e-03   2.4000000e+02
  -2.1055378e-03   2.5500000e+02
  -2.1079376e-03   2.7000000e+02
  -2.1109961e-03   2.8500000e+02
  -2.1142680e-03   3.0000000e+02
  -2.1172590e-03   3.1500000e+02
  -2.1199018e-03   3.3000000e+02
  -2.1225521e-03   3.4500000e+02
  -2.1256886e-03   3.6000000e+02
  -2.1296591e-03   3.7500000e+02
  -2.1345706e-03   3.9000000e+02
  -2.1403371e-03   4.0500000e+02
  -2.1466948e-03   4.2000000e+02
  -2.1530252e-03   4.3500000e+02
  -2.1585505e-03   4.5000000e+02
  -2.1630512e-03   4.6500000e+02
  -2.1670146e-03   4.8000000e+02
  -2.1709264e-03   4.9500000e+02
  -2.1749767e-03   5.1000000e+02
  -2.1795069e-03   5.2500000e+02
  -2.1851282e-03   5.4000000e+02
  -2.1920709e-03   5.5500000e+02
  -2.1999488e-03   5.7000000e+02
  -2.2084690e-03   5.8500000e+02
  -2.2177494e-03   6.0000000e+02
