  -1.9039462e-03   1.5000000e+03
  -1.9386504e-03   1.5150000e+03
  -1.9757769e-03   1.5300000e+03
  -2.0168761e-03   1.5450000e+03
  -2.0600897e-03   1.5600000e+03
  -2.1027296e-03   1.5750000e+03
  -2.1456566e-03   1.5900000e+03
  -2.1924423e-03   1.6050000e+03
  -2.2443039e-03   1.6200000e+03
  -2.2985442e-03   1.6350000e+03
  -2.3521525e-03   1.6500000e+03
  -2.4043163e-03   1.6650000e+03
  -2.4549675e-03   1.6800000e+03
  -2.5034973e-03   1.6950000e+03
  -2.5502199e-03   1.7100000e+03
  -2.5979495e-03   1.7250000e+03
  -2.6507669e-03   1.7400000e+03
  -2.7103028e-03   1.7550000e+03
  -2.7728770e-03   1.7700000e+03
  -2.8315128e-03   1.7850000e+03
  -2.8820348e-03   1.8000000e+03
  -2.9263017e-03   1.8150000e+03
  -2.9686198e-03   1.8300000e+03
  -3.0105251e-03   1.8450000e+03
  -3.0503992e-03   1.8600000e+03
  -3.0866361e-03   1.8750000e+03
  -3.1190566e-03   1.8900000e+03
  -3.1476843e-03   1.9050000e+03
  -3.1717089e-03   1.9200000e+03
  -3.1892967e-03   1.9350000e+03
  -3.1972185e-03   1.9500000e+03
  -3.1913910e-03   1.9650000e+03
  -3.1689224e-03   1.9800000e+03
  -3.1288541e-03   1.9950000e+03
  -3.0697195e-03   2.0100000e+03
  -2.9870030e-03   2.0250000e+03
  -2.8734447e-03   2.0400000e+03
  -2.7200682e-03   2.0550000e+03
  -2.5147209e-03   2.0700000e+03
  -2.2394625e-03   2.0850000e+03
  -1.8700666e-03   2.1000000e+03
  -1.3771999e-03   2.1150000e+03
  -7.2535343e-04   2.1300000e+03
   1.3219660e-04   2.1450000e+03
   1.2594244e-03   2.1600000e+03
   2.7422088e-03   2.1750000e+03
   4.6941624e-03   2.1900000e+03
