  -5.3025889e-03   1.5000000e+03
  -5.6504635e-03   1.5150000e+03
  -6.0341628e-03   1.5300000e+03
  -6.4534317e-03   1.5450000e+03
  -6.9017606e-03   1.5600000e+03
  -7.3799207e-03   1.5750000e+03
  -7.9019843e-03   1.5900000e+03
  -8.4824655e-03   1.6050000e+03
  -9.1121420e-03   1.6200000e+03
  -9.7361375e-03   1.6350000e+03
  -1.0235693e-02   1.6500000e+03
  -1.0391260e-02   1.6650000e+03
  -9.7836871e-03   1.6800000e+03
  -7.5834072e-03   1.6950000e+03
  -2.1875356e-03   1.7100000e+03
   9.2940545e-03   1.7250000e+03
   3.1593781e-02   1.7400000e+03
   7.1551114e-02   1.7550000e+03
   1.3741466e-01   1.7700000e+03
   2.3620282e-01   1.7850000e+03
   3.6829790e-01   1.8000000e+03
   5.1965314e-01   1.8150000e+03
   6.5455031e-01   1.8300000e+03
   7.1503031e-01   1.8450000e+03
   6.3450176e-01   1.8600000e+03
   3.6896583e-01   1.8750000e+03
  -6.2343277e-02   1.8900000e+03
  -5.5043858e-01   1.9050000e+03
  -9.1470623e-01   1.9200000e+03
  -9.8024672e-01   1.9350000e+03
  -6.8760306e-01   1.9500000e+03
  -1.6440263e-01   1.9650000e+03
   3.1451339e-01   1.9800000e+03
   4.8645651e-01   1.9950000e+03
   2.8412116e-01   2.0100000e+03
  -1.0568626e-01   2.0250000e+03
  -3.8137856e-01   2.0400000e+03
  -3.6748093e-01   2.0550000e+03
  -1.4714114e-01   2.0700000e+03
   4.2594381e-02   2.0850000e+03
   5.2328106e-02   2.1000000e+03
  -4.8771545e-02   2.1150000e+03
  -8.5074708e-02   2.1300000e+03
   9.1579277e-03   2.1450000e+03
   1.2357984e-01   2.1600000e+03
   1.2141289e-01   2.1750000e+03
   5.6202258e-03   2.1900000e+03
