  -1.4269928e-03   1.5000000e+03
  -1.4423247e-03   1.5150000e+03
  -1.4590032e-03   1.5300000e+03
  -1.4789873e-03   1.5450000e+03
  -1.5015957e-03   1.5600000e+03
  -1.5237433e-03   1.5750000e+03
  -1.5446297e-03   1.5900000e+03
  -1.5667288e-03   1.6050000e+03
  -1.5915688e-03   1.6200000e+03
  -1.6180211e-03   1.6350000e+03
  -1.6449757e-03   1.6500000e+03
  -1.6724509e-03   1.6650000e+03
  -1.6999372e-03   1.6800000e+03
  -1.7263159e-03   1.6950000e+03
  -1.7517731e-03   1.7100000e+03
  -1.7781642e-03   1.7250000e+03
  -1.8071682e-03   1.7400000e+03
  -1.8383734e-03   1.7550000e+03
  -1.8688607e-03   1.7700000e+03
  -1.8951772e-03   1.7850000e+03
  -1.9165778e-03   1.8000000e+03
  -1.9356627e-03   1.8150000e+03
  -1.9551264e-03   1.8300000e+03
  -1.9751745e-03   1.8450000e+03
  -1.9950890e-03   1.8600000e+03
  -2.0155206e-03   1.8750000e+03
  -2.0375713e-03   1.8900000e+03
  -2.0608772e-03   1.9050000e+03
  -2.0841698e-03   1.9200000e+03
  -2.1068479e-03   1.9350000e+03
  -2.1288267e-03   1.9500000e+03
  -2.1497644e-03   1.9650000e+03
  -2.1697341e-03   1.9800000e+03
  -2.1900677e-03   1.9950000e+03
  -2.2122557e-03   2.0100000e+03
  -2.2361935e-03   2.0250000e+03
  -2.2604715e-03   2.0400000e+03
  -2.2843368e-03   2.0550000e+03
  -2.3084355e-03   2.0700000e+03
  -2.3333966e-03   2.0850000e+03
  -2.3584850e-03   2.1000000e+03
  -2.3820724e-03   2.1150000e+03
  -2.4028863e-03   2.1300000e+03
  -2.4204385e-03   2.1450000e+03
  -2.4348623e-03   2.1600000e+03
  -2.4468733e-03   2.1750000e+03
  -2.4574792e-03   2.1900000e+03
