  -7.0641632e-04   7.6500000e+02
  -6.6548219e-04   7.8000000e+02
  -7.0589560e-04   7.9500000e+02
  -8.0063619e-04   8.1000000e+02
  -9.0666697e-04   8.2500000e+02
  -9.8886434e-04   8.4000000e+02
  -1.0316831e-03   8.5500000e+02
  -1.0377828e-03   8.7000000e+02
  -1.0247926e-03   8.8500000e+02
  -1.0222975e-03   9.0000000e+02
  -1.0582283e-03   9.1500000e+02
  -1.1352939e-03   9.3000000e+02
  -1.2228242e-03   9.4500000e+02
  -1.2821689e-03   9.6000000e+02
  -1.3017479e-03   9.7500000e+02
  -1.3025217e-03   9.9000000e+02
  -1.3136152e-03   1.0050000e+03
  -1.3501557e-03   1.0200000e+03
  -1.4074564e-03   1.0350000e+03
  -1.4645898e-03   1.0500000e+03
  -1.4998730e-03   1.0650000e+03
  -1.5151991e-03   1.0800000e+03
  -1.5378417e-03   1.0950000e+03
  -1.5866823e-03   1.1100000e+03
  -1.6468420e-03   1.1250000e+03
  -1.6904915e-03   1.1400000e+03
  -1.7121747e-03   1.1550000e+03
  -1.7293628e-03   1.1700000e+03
  -1.7553933e-03   1.1850000e+03
  -1.7860248e-03   1.2000000e+03
  -1.8132253e-03   1.2150000e+03
  -1.8439930e-03   1.2300000e+03
  -1.8991559e-03   1.2450000e+03
  -1.9925092e-03   1.2600000e+03
  -2.1154594e-03   1.2750000e+03
  -2.2443363e-03   1.2900000e+03
  -2.3561751e-03   1.3050000e+03
  -2.4348642e-03   1.3200000e+03
  -2.4757676e-03   1.3350000e+03
  -2.4974702e-03   1.3500000e+03
  -2.5393227e-03   1.3650000e+03
  -2.6277862e-03   1.3800000e+03
  -2.7435364e-03   1.3950000e+03
  -2.8367690e-03   1.4100000e+03
  -2.8817453e-03   1.4250000e+03
  -2.9074012e-03   1.4400000e+03
  -2.9665651e-03   1.4550000e+03
  -3.0791396e-03   1.4700000e+03
  -3.2121569e-03   1.4850000e+03
  -3.3148106e-03   1.5000000e+03
  -3.3682147e-03   1.5150000e+03
  -3.3991777e-03   1.5300000e+03
  -3.4470824e-03   1.5450000e+03
  -3.5205127e-03   1.5600000e+03
  -3.5902087e-03   1.5750000e+03
  -3.6249985e-03   1.5900000e+03
  -3.6261105e-03   1.6050000e+03
  -3.6156510e-03   1.6200000e+03
  -3.5954474e-03   1.6350000e+03
  -3.5345186e-03   1.6500000e+03
  -3.4020923e-03   1.6650000e+03
  -3.1948618e-03   1.6800000e+03
