   4.7018856e-02   1.5000000e+02
   4.5099746e-02   1.6500000e+02
   4.3923426e-02   1.8000000e+02
   4.4924133e-02   1.9500000e+02
   5.2154113e-02   2.1000000e+02
   7.7975929e-02   2.2500000e+02
   1.5891106e-01   2.4000000e+02
   3.8802943e-01   2.5500000e+02
   9.4409031e-01   2.7000000e+02
   2.0227125e+00   2.8500000e+02
   3.5314407e+00   3.0000000e+02
   4.6492672e+00   3.1500000e+02
   3.9105179e+00   3.3000000e+02
   4.9984822e-01   3.4500000e+02
  -4.0871658e+00   3.6000000e+02
  -6.5348673e+00   3.7500000e+02
  -5.0662794e+00   3.9000000e+02
  -1.7694069e+00   4.0500000e+02
   8.1378073e-03   4.2000000e+02
  -5.4207850e-02   4.3500000e+02
   1.2615100e-01   4.5000000e+02
   8.6638743e-01   4.6500000e+02
   5.6892681e-01   4.8000000e+02
  -5.6388050e-01   4.9500000e+02
  -5.9079117e-01   5.1000000e+02
   4.0070289e-01   5.2500000e+02
   5.0045979e-01   5.4000000e+02
  -2.8693402e-01   5.5500000e+02
  -3.1346294e-01   5.7000000e+02
   3.4394535e-01   5.8500000e+02
   3.3556250e-01   6.0000000e+02
