  -7.2241984e-03   1.5000000e+02
  -7.2763725e-03   1.6500000e+02
  -7.3410864e-03   1.8000000e+02
  -7.4197296e-03   1.9500000e+02
  -7.5147669e-03   2.1000000e+02
  -7.6275961e-03   2.2500000e+02
  -7.7564372e-03   2.4000000e+02
  -7.8947274e-03   2.5500000e+02
  -8.0352230e-03   2.7000000e+02
  -8.1759952e-03   2.8500000e+02
  -8.3187725e-03   3.0000000e+02
  -8.4641986e-03   3.1500000e+02
  -8.6108735e-03   3.3000000e+02
  -8.7549947e-03   3.4500000e+02
  -8.8900533e-03   3.6000000e+02
  -9.0095336e-03   3.7500000e+02
  -9.1100903e-03   3.9000000e+02
  -9.1929240e-03   4.0500000e+02
  -9.2629800e-03   4.2000000e+02
  -9.3219168e-03   4.3500000e+02
  -9.3582626e-03   4.5000000e+02
  -9.3502365e-03   4.6500000e+02
  -9.2820879e-03   4.8000000e+02
  -9.1515956e-03   4.9500000e+02
  -8.9566391e-03   5.1000000e+02
  -8.6799394e-03   5.2500000e+02
  -8.2948981e-03   5.4000000e+02
  -7.7811703e-03   5.5500000e+02
  -7.1198223e-03   5.7000000e+02
  -6.2726266e-03   5.8500000e+02
  -5.1780706e-03   6.0000000e+02
