  -1.5557245e-03   1.5000000e+03
  -1.5770266e-03   1.5150000e+03
  -1.6000974e-03   1.5300000e+03
  -1.6267736e-03   1.5450000e+03
  -1.6560298e-03   1.5600000e+03
  -1.6849358e-03   1.5750000e+03
  -1.7131476e-03   1.5900000e+03
  -1.7433712e-03   1.6050000e+03
  -1.7769900e-03   1.6200000e+03
  -1.8124552e-03   1.6350000e+03
  -1.8481765e-03   1.6500000e+03
  -1.8840226e-03   1.6650000e+03
  -1.9197323e-03   1.6800000e+03
  -1.9543988e-03   1.6950000e+03
  -1.9881902e-03   1.7100000e+03
  -2.0231304e-03   1.7250000e+03
  -2.0615961e-03   1.7400000e+03
  -2.1039378e-03   1.7550000e+03
  -2.1472515e-03   1.7700000e+03
  -2.1872069e-03   1.7850000e+03
  -2.2220516e-03   1.8000000e+03
  -2.2541101e-03   1.8150000e+03
  -2.2865627e-03   1.8300000e+03
  -2.3201015e-03   1.8450000e+03
  -2.3538091e-03   1.8600000e+03
  -2.3876915e-03   1.8750000e+03
  -2.4226632e-03   1.8900000e+03
  -2.4589740e-03   1.9050000e+03
  -2.4961568e-03   1.9200000e+03
  -2.5338635e-03   1.9350000e+03
  -2.5716191e-03   1.9500000e+03
  -2.6085286e-03   1.9650000e+03
  -2.6444041e-03   1.9800000e+03
  -2.6806833e-03   1.9950000e+03
  -2.7191229e-03   2.0100000e+03
  -2.7599868e-03   2.0250000e+03
  -2.8023415e-03   2.0400000e+03
  -2.8455849e-03   2.0550000e+03
  -2.8895959e-03   2.0700000e+03
  -2.9334524e-03   2.0850000e+03
  -2.9749919e-03   2.1000000e+03
  -3.0119524e-03   2.1150000e+03
  -3.0429438e-03   2.1300000e+03
  -3.0670855e-03   2.1450000e+03
  -3.0834912e-03   2.1600000e+03
  -3.0916792e-03   2.1750000e+03
  -3.0916731e-03   2.1900000e+03
