  -3.9586369e-03   1.5000000e+02
  -3.9658588e-03   1.6500000e+02
  -3.9744326e-03   1.8000000e+02
  -3.9843423e-03   1.9500000e+02
  -3.9952542e-03   2.1000000e+02
  -4.0067481e-03   2.2500000e+02
  -4.0188767e-03   2.4000000e+02
  -4.0321006e-03   2.5500000e+02
  -4.0467284e-03   2.7000000e+02
  -4.0625273e-03   2.8500000e+02
  -4.0788623e-03   3.0000000e+02
  -4.0952475e-03   3.1500000e+02
  -4.1117379e-03   3.3000000e+02
  -4.1288002e-03   3.4500000e+02
  -4.1467468e-03   3.6000000e+02
  -4.1652927e-03   3.7500000e+02
  -4.1838996e-03   3.9000000e+02
  -4.2026998e-03   4.0500000e+02
  -4.2221681e-03   4.2000000e+02
  -4.2412626e-03   4.3500000e+02
  -4.2573488e-03   4.5000000e+02
  -4.2690123e-03   4.6500000e+02
  -4.2775045e-03   4.8000000e+02
  -4.2848205e-03   4.9500000e+02
  -4.2920532e-03   5.1000000e+02
  -4.3000709e-03   5.2500000e+02
  -4.3100044e-03   5.4000000e+02
  -4.3221479e-03   5.5500000e+02
  -4.3354854e-03   5.7000000e+02
  -4.3492890e-03   5.8500000e+02
  -4.3639420e-03   6.0000000e+02
