  -5.0513266e-04   7.6500000e+02
  -4.5774010e-04   7.8000000e+02
  -5.0084316e-04   7.9500000e+02
  -6.2894862e-04   8.1000000e+02
  -7.6912163e-04   8.2500000e+02
  -8.5925608e-04   8.4000000e+02
  -9.0691081e-04   8.5500000e+02
  -9.4665767e-04   8.7000000e+02
  -9.7718230e-04   8.8500000e+02
  -9.8752487e-04   9.0000000e+02
  -1.0172687e-03   9.1500000e+02
  -1.1229176e-03   9.3000000e+02
  -1.2871140e-03   9.4500000e+02
  -1.4263100e-03   9.6000000e+02
  -1.4985170e-03   9.7500000e+02
  -1.5459852e-03   9.9000000e+02
  -1.6223688e-03   1.0050000e+03
  -1.7355836e-03   1.0200000e+03
  -1.8707208e-03   1.0350000e+03
  -2.0113082e-03   1.0500000e+03
  -2.1305259e-03   1.0650000e+03
  -2.2151771e-03   1.0800000e+03
  -2.3001186e-03   1.0950000e+03
  -2.4293798e-03   1.1100000e+03
  -2.5878986e-03   1.1250000e+03
  -2.7181269e-03   1.1400000e+03
  -2.7961554e-03   1.1550000e+03
  -2.8472375e-03   1.1700000e+03
  -2.8895100e-03   1.1850000e+03
  -2.9016729e-03   1.2000000e+03
  -2.8569312e-03   1.2150000e+03
  -2.7659468e-03   1.2300000e+03
  -2.6663579e-03   1.2450000e+03
  -2.5724319e-03   1.2600000e+03
  -2.4497730e-03   1.2750000e+03
  -2.2388503e-03   1.2900000e+03
  -1.8828564e-03   1.3050000e+03
  -1.3293165e-03   1.3200000e+03
  -5.3408265e-04   1.3350000e+03
   5.1735743e-04   1.3500000e+03
   1.8154017e-03   1.3650000e+03
   3.3840011e-03   1.3800000e+03
   5.3349710e-03   1.3950000e+03
   7.8517664e-03   1.4100000e+03
   1.1119694e-02   1.4250000e+03
   1.5287583e-02   1.4400000e+03
   2.0512050e-02   1.4550000e+03
   2.7042799e-02   1.4700000e+03
   3.5264596e-02   1.4850000e+03
   4.5666959e-02   1.5000000e+03
   5.8798436e-02   1.5150000e+03
   7.5276069e-02   1.5300000e+03
   9.5847927e-02   1.5450000e+03
   1.2142945e-01   1.5600000e+03
   1.5302877e-01   1.5750000e+03
   1.9154309e-01   1.5900000e+03
   2.3747858e-01   1.6050000e+03
   2.9065341e-01   1.6200000e+03
   3.4990418e-01   1.6350000e+03
   4.1283175e-01   1.6500000e+03
   4.7570580e-01   1.6650000e+03
   5.3364557e-01   1.6800000e+03
