  -1.4272733e-03   1.5000000e+03
  -1.4462285e-03   1.5150000e+03
  -1.4670255e-03   1.5300000e+03
  -1.4915735e-03   1.5450000e+03
  -1.5192039e-03   1.5600000e+03
  -1.5468983e-03   1.5750000e+03
  -1.5737587e-03   1.5900000e+03
  -1.6020434e-03   1.6050000e+03
  -1.6332110e-03   1.6200000e+03
  -1.6662477e-03   1.6350000e+03
  -1.7001460e-03   1.6500000e+03
  -1.7350205e-03   1.6650000e+03
  -1.7706373e-03   1.6800000e+03
  -1.8062523e-03   1.6950000e+03
  -1.8421431e-03   1.7100000e+03
  -1.8798208e-03   1.7250000e+03
  -1.9205819e-03   1.7400000e+03
  -1.9640957e-03   1.7550000e+03
  -2.0080279e-03   1.7700000e+03
  -2.0494817e-03   1.7850000e+03
  -2.0877570e-03   1.8000000e+03
  -2.1251130e-03   1.8150000e+03
  -2.1639860e-03   1.8300000e+03
  -2.2045416e-03   1.8450000e+03
  -2.2458842e-03   1.8600000e+03
  -2.2882654e-03   1.8750000e+03
  -2.3326823e-03   1.8900000e+03
  -2.3793573e-03   1.9050000e+03
  -2.4279496e-03   1.9200000e+03
  -2.4785115e-03   1.9350000e+03
  -2.5311622e-03   1.9500000e+03
  -2.5855599e-03   1.9650000e+03
  -2.6417410e-03   1.9800000e+03
  -2.7010432e-03   1.9950000e+03
  -2.7652010e-03   2.0100000e+03
  -2.8347485e-03   2.0250000e+03
  -2.9090645e-03   2.0400000e+03
  -2.9877636e-03   2.0550000e+03
  -3.0712695e-03   2.0700000e+03
  -3.1598641e-03   2.0850000e+03
  -3.2528094e-03   2.1000000e+03
  -3.3486767e-03   2.1150000e+03
  -3.4462418e-03   2.1300000e+03
  -3.5451236e-03   2.1450000e+03
  -3.6462930e-03   2.1600000e+03
  -3.7522570e-03   2.1750000e+03
  -3.8660413e-03   2.1900000e+03
