  -3.4089957e-04   7.6500000e+02
  -3.1832905e-04   7.8000000e+02
  -3.3891064e-04   7.9500000e+02
  -3.8030854e-04   8.1000000e+02
  -4.3494598e-04   8.2500000e+02
  -4.9375382e-04   8.4000000e+02
  -5.3090986e-04   8.5500000e+02
  -5.2892376e-04   8.7000000e+02
  -5.0931342e-04   8.8500000e+02
  -5.1290914e-04   9.0000000e+02
  -5.5080815e-04   9.1500000e+02
  -5.9695332e-04   9.3000000e+02
  -6.2817638e-04   9.4500000e+02
  -6.4609601e-04   9.6000000e+02
  -6.5696693e-04   9.7500000e+02
  -6.5855519e-04   9.9000000e+02
  -6.5635715e-04   1.0050000e+03
  -6.6698145e-04   1.0200000e+03
  -6.9300365e-04   1.0350000e+03
  -7.1542995e-04   1.0500000e+03
  -7.2184787e-04   1.0650000e+03
  -7.2338316e-04   1.0800000e+03
  -7.3479960e-04   1.0950000e+03
  -7.5436535e-04   1.1100000e+03
  -7.7168870e-04   1.1250000e+03
  -7.8245433e-04   1.1400000e+03
  -7.8825519e-04   1.1550000e+03
  -7.9050724e-04   1.1700000e+03
  -7.9008198e-04   1.1850000e+03
  -7.8874442e-04   1.2000000e+03
  -7.8841345e-04   1.2150000e+03
  -7.9149543e-04   1.2300000e+03
  -8.0267503e-04   1.2450000e+03
  -8.2717487e-04   1.2600000e+03
  -8.6457859e-04   1.2750000e+03
  -9.0562418e-04   1.2900000e+03
  -9.3741342e-04   1.3050000e+03
  -9.5170015e-04   1.3200000e+03
  -9.4904867e-04   1.3350000e+03
  -9.3944394e-04   1.3500000e+03
  -9.3928154e-04   1.3650000e+03
  -9.5982052e-04   1.3800000e+03
  -9.9366053e-04   1.3950000e+03
  -1.0188925e-03   1.4100000e+03
  -1.0225718e-03   1.4250000e+03
  -1.0157586e-03   1.4400000e+03
  -1.0204701e-03   1.4550000e+03
  -1.0453856e-03   1.4700000e+03
  -1.0785363e-03   1.4850000e+03
  -1.1015045e-03   1.5000000e+03
  -1.1077825e-03   1.5150000e+03
  -1.1078442e-03   1.5300000e+03
  -1.1169701e-03   1.5450000e+03
  -1.1383729e-03   1.5600000e+03
  -1.1605895e-03   1.5750000e+03
  -1.1727724e-03   1.5900000e+03
  -1.1785085e-03   1.6050000e+03
  -1.1897719e-03   1.6200000e+03
  -1.2096827e-03   1.6350000e+03
  -1.2286250e-03   1.6500000e+03
  -1.2387489e-03   1.6650000e+03
  -1.2449134e-03   1.6800000e+03
