  -6.5754668e-04   7.6500000e+02
  -6.2133203e-04   7.8000000e+02
  -6.5649621e-04   7.9500000e+02
  -7.3442812e-04   8.1000000e+02
  -8.2693103e-04   8.2500000e+02
  -9.0898009e-04   8.4000000e+02
  -9.5567777e-04   8.5500000e+02
  -9.5748983e-04   8.7000000e+02
  -9.3768514e-04   8.8500000e+02
  -9.3806419e-04   9.0000000e+02
  -9.8071096e-04   9.1500000e+02
  -1.0507039e-03   9.3000000e+02
  -1.1168991e-03   9.4500000e+02
  -1.1592743e-03   9.6000000e+02
  -1.1752624e-03   9.7500000e+02
  -1.1748042e-03   9.9000000e+02
  -1.1775374e-03   1.0050000e+03
  -1.2026305e-03   1.0200000e+03
  -1.2493884e-03   1.0350000e+03
  -1.2943725e-03   1.0500000e+03
  -1.3177567e-03   1.0650000e+03
  -1.3274651e-03   1.0800000e+03
  -1.3476275e-03   1.0950000e+03
  -1.3873838e-03   1.1100000e+03
  -1.4318365e-03   1.1250000e+03
  -1.4626264e-03   1.1400000e+03
  -1.4773019e-03   1.1550000e+03
  -1.4860712e-03   1.1700000e+03
  -1.4968461e-03   1.1850000e+03
  -1.5086776e-03   1.2000000e+03
  -1.5187159e-03   1.2150000e+03
  -1.5326072e-03   1.2300000e+03
  -1.5648421e-03   1.2450000e+03
  -1.6261732e-03   1.2600000e+03
  -1.7114570e-03   1.2750000e+03
  -1.8018417e-03   1.2900000e+03
  -1.8767199e-03   1.3050000e+03
  -1.9221245e-03   1.3200000e+03
  -1.9356865e-03   1.3350000e+03
  -1.9335130e-03   1.3500000e+03
  -1.9473343e-03   1.3650000e+03
  -1.9991207e-03   1.3800000e+03
  -2.0744277e-03   1.3950000e+03
  -2.1327822e-03   1.4100000e+03
  -2.1517279e-03   1.4250000e+03
  -2.1531205e-03   1.4400000e+03
  -2.1788958e-03   1.4550000e+03
  -2.2455929e-03   1.4700000e+03
  -2.3289670e-03   1.4850000e+03
  -2.3913193e-03   1.5000000e+03
  -2.4193418e-03   1.5150000e+03
  -2.4345547e-03   1.5300000e+03
  -2.4680744e-03   1.5450000e+03
  -2.5270681e-03   1.5600000e+03
  -2.5896614e-03   1.5750000e+03
  -2.6340391e-03   1.5900000e+03
  -2.6655162e-03   1.6050000e+03
  -2.7063859e-03   1.6200000e+03
  -2.7631421e-03   1.6350000e+03
  -2.8178543e-03   1.6500000e+03
  -2.8555288e-03   1.6650000e+03
  -2.8857351e-03   1.6800000e+03
