  -2.4176440e-03   1.5000000e+03
  -2.4746195e-03   1.5150000e+03
  -2.5343704e-03   1.5300000e+03
  -2.5975408e-03   1.5450000e+03
  -2.6608228e-03   1.5600000e+03
  -2.7219609e-03   1.5750000e+03
  -2.7837318e-03   1.5900000e+03
  -2.8509868e-03   1.6050000e+03
  -2.9243692e-03   1.6200000e+03
  -2.9987488e-03   1.6350000e+03
  -3.0677966e-03   1.6500000e+03
  -3.1281363e-03   1.6650000e+03
  -3.1785774e-03   1.6800000e+03
  -3.2179973e-03   1.6950000e+03
  -3.2461341e-03   1.7100000e+03
  -3.2655483e-03   1.7250000e+03
  -3.2802997e-03   1.7400000e+03
  -3.2903911e-03   1.7550000e+03
  -3.2867759e-03   1.7700000e+03
  -3.2534290e-03   1.7850000e+03
  -3.1759765e-03   1.8000000e+03
  -3.0472155e-03   1.8150000e+03
  -2.8629480e-03   1.8300000e+03
  -2.6135347e-03   1.8450000e+03
  -2.2802278e-03   1.8600000e+03
  -1.8368406e-03   1.8750000e+03
  -1.2504879e-03   1.8900000e+03
  -4.7849299e-04   1.9050000e+03
   5.3635624e-04   1.9200000e+03
   1.8712347e-03   1.9350000e+03
   3.6308621e-03   1.9500000e+03
   5.9576151e-03   1.9650000e+03
   9.0452535e-03   1.9800000e+03
   1.3160043e-02   1.9950000e+03
   1.8668938e-02   2.0100000e+03
   2.6067009e-02   2.0250000e+03
   3.5997745e-02   2.0400000e+03
   4.9266018e-02   2.0550000e+03
   6.6838801e-02   2.0700000e+03
   8.9811295e-02   2.0850000e+03
   1.1930124e-01   2.1000000e+03
   1.5622966e-01   2.1150000e+03
   2.0095210e-01   2.1300000e+03
   2.5272721e-01   2.1450000e+03
   3.0907318e-01   2.1600000e+03
   3.6517912e-01   2.1750000e+03
   4.1367954e-01   2.1900000e+03
