  -1.7998049e-03   7.6500000e+02
  -1.8783287e-03   7.8000000e+02
  -1.8916107e-03   7.9500000e+02
  -1.9340996e-03   8.1000000e+02
  -1.9583690e-03   8.2500000e+02
  -1.9092071e-03   8.4000000e+02
  -1.8585294e-03   8.5500000e+02
  -1.8933874e-03   8.7000000e+02
  -1.9418594e-03   8.8500000e+02
  -1.8534396e-03   9.0000000e+02
  -1.6249019e-03   9.1500000e+02
  -1.3946040e-03   9.3000000e+02
  -1.2046489e-03   9.4500000e+02
  -9.1676530e-04   9.6000000e+02
  -3.9224088e-04   9.7500000e+02
   3.9305215e-04   9.9000000e+02
   1.4641609e-03   1.0050000e+03
   2.9482420e-03   1.0200000e+03
   5.0140349e-03   1.0350000e+03
   7.8401323e-03   1.0500000e+03
   1.1706800e-02   1.0650000e+03
   1.7032282e-02   1.0800000e+03
   2.4300296e-02   1.0950000e+03
   3.4061190e-02   1.1100000e+03
   4.7036689e-02   1.1250000e+03
   6.4137295e-02   1.1400000e+03
   8.6354390e-02   1.1550000e+03
   1.1470744e-01   1.1700000e+03
   1.5030253e-01   1.1850000e+03
   1.9432028e-01   1.2000000e+03
   2.4777004e-01   1.2150000e+03
   3.1104738e-01   1.2300000e+03
   3.8344145e-01   1.2450000e+03
   4.6270895e-01   1.2600000e+03
   5.4480833e-01   1.2750000e+03
   6.2392098e-01   1.2900000e+03
   6.9285369e-01   1.3050000e+03
   7.4376506e-01   1.3200000e+03
   7.6908070e-01   1.3350000e+03
   7.6256645e-01   1.3500000e+03
   7.2057390e-01   1.3650000e+03
   6.4325535e-01   1.3800000e+03
   5.3527439e-01   1.3950000e+03
   4.0558180e-01   1.4100000e+03
   2.6619124e-01   1.4250000e+03
   1.3025236e-01   1.4400000e+03
   9.8494003e-03   1.4550000e+03
  -8.6099096e-02   1.4700000e+03
  -1.5345399e-01   1.4850000e+03
  -1.9343370e-01   1.5000000e+03
  -2.1163332e-01   1.5150000e+03
  -2.1559516e-01   1.5300000e+03
  -2.1202831e-01   1.5450000e+03
  -2.0516151e-01   1.5600000e+03
  -1.9691265e-01   1.5750000e+03
  -1.8819733e-01   1.5900000e+03
  -1.8004149e-01   1.6050000e+03
  -1.7373891e-01   1.6200000e+03
  -1.7035288e-01   1.6350000e+03
  -1.7028657e-01   1.6500000e+03
  -1.7322534e-01   1.6650000e+03
  -1.7825410e-01   1.6800000e+03
