  -9.8189234e-04   1.5000000e+03
  -9.8882371e-04   1.5150000e+03
  -9.9652261e-04   1.5300000e+03
  -1.0066679e-03   1.5450000e+03
  -1.0190866e-03   1.5600000e+03
  -1.0311085e-03   1.5750000e+03
  -1.0415864e-03   1.5900000e+03
  -1.0523334e-03   1.6050000e+03
  -1.0647997e-03   1.6200000e+03
  -1.0785251e-03   1.6350000e+03
  -1.0930615e-03   1.6500000e+03
  -1.1084987e-03   1.6650000e+03
  -1.1241698e-03   1.6800000e+03
  -1.1391183e-03   1.6950000e+03
  -1.1537275e-03   1.7100000e+03
  -1.1693281e-03   1.7250000e+03
  -1.1863388e-03   1.7400000e+03
  -1.2034577e-03   1.7550000e+03
  -1.2183661e-03   1.7700000e+03
  -1.2293793e-03   1.7850000e+03
  -1.2370754e-03   1.8000000e+03
  -1.2438623e-03   1.8150000e+03
  -1.2513691e-03   1.8300000e+03
  -1.2592174e-03   1.8450000e+03
  -1.2669943e-03   1.8600000e+03
  -1.2758238e-03   1.8750000e+03
  -1.2867415e-03   1.8900000e+03
  -1.2988533e-03   1.9050000e+03
  -1.3103801e-03   1.9200000e+03
  -1.3205775e-03   1.9350000e+03
  -1.3296745e-03   1.9500000e+03
  -1.3378306e-03   1.9650000e+03
  -1.3453306e-03   1.9800000e+03
  -1.3532912e-03   1.9950000e+03
  -1.3628764e-03   2.0100000e+03
  -1.3737589e-03   2.0250000e+03
  -1.3842396e-03   2.0400000e+03
  -1.3932858e-03   2.0550000e+03
  -1.4018265e-03   2.0700000e+03
  -1.4115406e-03   2.0850000e+03
  -1.4227676e-03   2.1000000e+03
  -1.4341578e-03   2.1150000e+03
  -1.4441744e-03   2.1300000e+03
  -1.4524661e-03   2.1450000e+03
  -1.4599068e-03   2.1600000e+03
  -1.4676498e-03   2.1750000e+03
  -1.4761128e-03   2.1900000e+03
