  -7.5258105e-04   7.6500000e+02
  -9.7469072e-04   7.8000000e+02
  -1.1868842e-03   7.9500000e+02
  -1.5187991e-03   8.1000000e+02
  -1.8851786e-03   8.2500000e+02
  -2.1890756e-03   8.4000000e+02
  -2.5229761e-03   8.5500000e+02
  -3.0139748e-03   8.7000000e+02
  -3.5781753e-03   8.8500000e+02
  -4.0312731e-03   9.0000000e+02
  -4.3939757e-03   9.1500000e+02
  -4.8622023e-03   9.3000000e+02
  -5.4593077e-03   9.4500000e+02
  -5.9240661e-03   9.6000000e+02
  -5.9676021e-03   9.7500000e+02
  -5.3970800e-03   9.9000000e+02
  -3.8476896e-03   1.0050000e+03
  -4.5262001e-04   1.0200000e+03
   6.3718413e-03   1.0350000e+03
   1.9342810e-02   1.0500000e+03
   4.3098945e-02   1.0650000e+03
   8.5064039e-02   1.0800000e+03
   1.5603781e-01   1.0950000e+03
   2.7005690e-01   1.1100000e+03
   4.4231081e-01   1.1250000e+03
   6.8332535e-01   1.1400000e+03
   9.8848879e-01   1.1550000e+03
   1.3245337e+00   1.1700000e+03
   1.6183906e+00   1.1850000e+03
   1.7578775e+00   1.2000000e+03
   1.6149688e+00   1.2150000e+03
   1.0961400e+00   1.2300000e+03
   2.0808196e-01   1.2450000e+03
  -8.9364582e-01   1.2600000e+03
  -1.9156945e+00   1.2750000e+03
  -2.5228777e+00   1.2900000e+03
  -2.4950440e+00   1.3050000e+03
  -1.8639420e+00   1.3200000e+03
  -9.3044305e-01   1.3350000e+03
  -1.1819633e-01   1.3500000e+03
   2.6675349e-01   1.3650000e+03
   2.1045551e-01   1.3800000e+03
  -3.6269885e-02   1.3950000e+03
  -1.7431106e-01   1.4100000e+03
  -8.8075757e-02   1.4250000e+03
   1.0172895e-01   1.4400000e+03
   1.9788986e-01   1.4550000e+03
   1.3226050e-01   1.4700000e+03
   1.3430514e-02   1.4850000e+03
  -1.4125090e-02   1.5000000e+03
   7.0391685e-02   1.5150000e+03
   1.6117656e-01   1.5300000e+03
   1.6305248e-01   1.5450000e+03
   9.3629971e-02   1.5600000e+03
   3.6954913e-02   1.5750000e+03
   2.8201196e-02   1.5900000e+03
   2.3155192e-02   1.6050000e+03
  -2.2553239e-02   1.6200000e+03
  -8.5606754e-02   1.6350000e+03
  -1.0866658e-01   1.6500000e+03
  -7.7837147e-02   1.6650000e+03
  -3.5070799e-02   1.6800000e+03
