  -6.2547743e-01   1.5000000e+03
  -9.1626030e-01   1.5150000e+03
  -5.8472377e-01   1.5300000e+03
  -6.5321751e-02   1.5450000e+03
   2.1028578e-01   1.5600000e+03
   1.7473149e-01   1.5750000e+03
   3.1290349e-02   1.5900000e+03
  -5.0387301e-02   1.6050000e+03
  -5.1361941e-02   1.6200000e+03
  -8.8639641e-03   1.6350000e+03
   4.8778608e-02   1.6500000e+03
   7.4253790e-02   1.6650000e+03
   2.4132492e-02   1.6800000e+03
  -6.0434900e-02   1.6950000e+03
  -8.3679751e-02   1.7100000e+03
  -3.5461936e-02   1.7250000e+03
  -1.1440837e-02   1.7400000e+03
  -5.3160060e-02   1.7550000e+03
  -7.0609868e-02   1.7700000e+03
   3.1318972e-03   1.7850000e+03
   7.8996882e-02   1.8000000e+03
   4.3709010e-02   1.8150000e+03
  -5.0129171e-02   1.8300000e+03
  -6.0864620e-02   1.8450000e+03
   1.7976349e-02   1.8600000e+03
   5.8254618e-02   1.8750000e+03
   1.2607020e-02   1.8900000e+03
  -2.2167595e-02   1.9050000e+03
   1.7474193e-02   1.9200000e+03
   6.2563002e-02   1.9350000e+03
   4.4212073e-02   1.9500000e+03
   5.1148483e-03   1.9650000e+03
   8.3926367e-03   1.9800000e+03
   3.2938737e-02   1.9950000e+03
   3.4781583e-02   2.0100000e+03
   3.2585379e-02   2.0250000e+03
   5.5417877e-02   2.0400000e+03
   6.9706969e-02   2.0550000e+03
   3.3442978e-02   2.0700000e+03
  -2.5160220e-02   2.0850000e+03
  -4.9978506e-02   2.1000000e+03
  -3.8918626e-02   2.1150000e+03
  -2.5948094e-02   2.1300000e+03
  -1.7797129e-02   2.1450000e+03
  -4.2471266e-03   2.1600000e+03
  -9.2156924e-04   2.1750000e+03
  -2.7305018e-02   2.1900000e+03
