  -6.3966829e-03   1.5000000e+02
  -6.4120968e-03   1.6500000e+02
  -6.4303041e-03   1.8000000e+02
  -6.4511825e-03   1.9500000e+02
  -6.4740404e-03   2.1000000e+02
  -6.4981175e-03   2.2500000e+02
  -6.5236175e-03   2.4000000e+02
  -6.5514906e-03   2.5500000e+02
  -6.5822164e-03   2.7000000e+02
  -6.6150553e-03   2.8500000e+02
  -6.6485913e-03   3.0000000e+02
  -6.6820248e-03   3.1500000e+02
  -6.7159301e-03   3.3000000e+02
  -6.7518889e-03   3.4500000e+02
  -6.7910491e-03   3.6000000e+02
  -6.8326793e-03   3.7500000e+02
  -6.8750647e-03   3.9000000e+02
  -6.9183097e-03   4.0500000e+02
  -6.9638919e-03   4.2000000e+02
  -7.0100417e-03   4.3500000e+02
  -7.0512043e-03   4.5000000e+02
  -7.0844945e-03   4.6500000e+02
  -7.1130046e-03   4.8000000e+02
  -7.1410895e-03   4.9500000e+02
  -7.1705412e-03   5.1000000e+02
  -7.2026830e-03   5.2500000e+02
  -7.2400426e-03   5.4000000e+02
  -7.2838040e-03   5.5500000e+02
  -7.3324265e-03   5.7000000e+02
  -7.3849126e-03   5.8500000e+02
  -7.4422192e-03   6.0000000e+02
