  -8.5980917e-04   1.5000000e+03
  -8.6530281e-04   1.5150000e+03
  -8.7149604e-04   1.5300000e+03
  -8.8000804e-04   1.5450000e+03
  -8.9096493e-04   1.5600000e+03
  -9.0166030e-04   1.5750000e+03
  -9.1058091e-04   1.5900000e+03
  -9.1934064e-04   1.6050000e+03
  -9.2955900e-04   1.6200000e+03
  -9.4118249e-04   1.6350000e+03
  -9.5407350e-04   1.6500000e+03
  -9.6827827e-04   1.6650000e+03
  -9.8294916e-04   1.6800000e+03
  -9.9732319e-04   1.6950000e+03
  -1.0121743e-03   1.7100000e+03
  -1.0286148e-03   1.7250000e+03
  -1.0460172e-03   1.7400000e+03
  -1.0621517e-03   1.7550000e+03
  -1.0749392e-03   1.7700000e+03
  -1.0839307e-03   1.7850000e+03
  -1.0907698e-03   1.8000000e+03
  -1.0979526e-03   1.8150000e+03
  -1.1064849e-03   1.8300000e+03
  -1.1155308e-03   1.8450000e+03
  -1.1248387e-03   1.8600000e+03
  -1.1359071e-03   1.8750000e+03
  -1.1497540e-03   1.8900000e+03
  -1.1650244e-03   1.9050000e+03
  -1.1794781e-03   1.9200000e+03
  -1.1922795e-03   1.9350000e+03
  -1.2039075e-03   1.9500000e+03
  -1.2148656e-03   1.9650000e+03
  -1.2256356e-03   1.9800000e+03
  -1.2373602e-03   1.9950000e+03
  -1.2511881e-03   2.0100000e+03
  -1.2666377e-03   2.0250000e+03
  -1.2815848e-03   2.0400000e+03
  -1.2946128e-03   2.0550000e+03
  -1.3068871e-03   2.0700000e+03
  -1.3209401e-03   2.0850000e+03
  -1.3377395e-03   2.1000000e+03
  -1.3556874e-03   2.1150000e+03
  -1.3726018e-03   2.1300000e+03
  -1.3881616e-03   2.1450000e+03
  -1.4040987e-03   2.1600000e+03
  -1.4221787e-03   2.1750000e+03
  -1.4423135e-03   2.1900000e+03
