  -2.6492120e-03   1.5000000e+03
  -2.7135718e-03   1.5150000e+03
  -2.7798624e-03   1.5300000e+03
  -2.8480387e-03   1.5450000e+03
  -2.9138753e-03   1.5600000e+03
  -2.9749991e-03   1.5750000e+03
  -3.0346455e-03   1.5900000e+03
  -3.0976897e-03   1.6050000e+03
  -3.1637889e-03   1.6200000e+03
  -3.2257801e-03   1.6350000e+03
  -3.2746375e-03   1.6500000e+03
  -3.3042030e-03   1.6650000e+03
  -3.3106625e-03   1.6800000e+03
  -3.2900528e-03   1.6950000e+03
  -3.2386824e-03   1.7100000e+03
  -3.1549910e-03   1.7250000e+03
  -3.0378019e-03   1.7400000e+03
  -2.8795504e-03   1.7550000e+03
  -2.6596927e-03   1.7700000e+03
  -2.3458079e-03   1.7850000e+03
  -1.9020775e-03   1.8000000e+03
  -1.2944363e-03   1.8150000e+03
  -4.8443326e-04   1.8300000e+03
   5.8328552e-04   1.8450000e+03
   1.9904294e-03   1.8600000e+03
   3.8504999e-03   1.8750000e+03
   6.3167871e-03   1.8900000e+03
   9.5967315e-03   1.9050000e+03
   1.3971782e-02   1.9200000e+03
   1.9824151e-02   1.9350000e+03
   2.7674124e-02   1.9500000e+03
   3.8226474e-02   1.9650000e+03
   5.2415892e-02   1.9800000e+03
   7.1430072e-02   1.9950000e+03
   9.6668892e-02   2.0100000e+03
   1.2957887e-01   2.0250000e+03
   1.7130642e-01   2.0400000e+03
   2.2214986e-01   2.0550000e+03
   2.8085455e-01   2.0700000e+03
   3.4388956e-01   2.0850000e+03
   4.0496054e-01   2.1000000e+03
   4.5510137e-01   2.1150000e+03
   4.8366252e-01   2.1300000e+03
   4.8031870e-01   2.1450000e+03
   4.3785062e-01   2.1600000e+03
   3.5500965e-01   2.1750000e+03
   2.3841676e-01   2.1900000e+03
