  -2.9741044e-03   1.5000000e+02
  -2.9682457e-03   1.6500000e+02
  -2.9630305e-03   1.8000000e+02
  -2.9575417e-03   1.9500000e+02
  -2.9528821e-03   2.1000000e+02
  -2.9499729e-03   2.2500000e+02
  -2.9458208e-03   2.4000000e+02
  -2.9319793e-03   2.5500000e+02
  -2.8985145e-03   2.7000000e+02
  -2.8399676e-03   2.8500000e+02
  -2.7549276e-03   3.0000000e+02
  -2.6392522e-03   3.1500000e+02
  -2.4814571e-03   3.3000000e+02
  -2.2645686e-03   3.4500000e+02
  -1.9707715e-03   3.6000000e+02
  -1.5846946e-03   3.7500000e+02
  -1.0936139e-03   3.9000000e+02
  -4.8410293e-04   4.0500000e+02
   2.5952395e-04   4.2000000e+02
   1.1503875e-03   4.3500000e+02
   2.1977241e-03   4.5000000e+02
   3.4177676e-03   4.6500000e+02
   4.8437254e-03   4.8000000e+02
   6.5205046e-03   4.9500000e+02
   8.4932726e-03   5.1000000e+02
   1.0804447e-02   5.2500000e+02
   1.3494010e-02   5.4000000e+02
   1.6598808e-02   5.5500000e+02
   2.0170396e-02   5.7000000e+02
   2.4306389e-02   5.8500000e+02
   2.9137298e-02   6.0000000e+02
