  -3.0494351e-03   1.5000000e+03
  -3.1427557e-03   1.5150000e+03
  -3.2430396e-03   1.5300000e+03
  -3.3513303e-03   1.5450000e+03
  -3.4638897e-03   1.5600000e+03
  -3.5782072e-03   1.5750000e+03
  -3.6981949e-03   1.5900000e+03
  -3.8308154e-03   1.6050000e+03
  -3.9780932e-03   1.6200000e+03
  -4.1346420e-03   1.6350000e+03
  -4.2931922e-03   1.6500000e+03
  -4.4504087e-03   1.6650000e+03
  -4.6070060e-03   1.6800000e+03
  -4.7652791e-03   1.6950000e+03
  -4.9287621e-03   1.7100000e+03
  -5.1031257e-03   1.7250000e+03
  -5.2947649e-03   1.7400000e+03
  -5.5058380e-03   1.7550000e+03
  -5.7296497e-03   1.7700000e+03
  -5.9531881e-03   1.7850000e+03
  -6.1668362e-03   1.8000000e+03
  -6.3705170e-03   1.8150000e+03
  -6.5681851e-03   1.8300000e+03
  -6.7571145e-03   1.8450000e+03
  -6.9237244e-03   1.8600000e+03
  -7.0471405e-03   1.8750000e+03
  -7.1015842e-03   1.8900000e+03
  -7.0511596e-03   1.9050000e+03
  -6.8379054e-03   1.9200000e+03
  -6.3649202e-03   1.9350000e+03
  -5.4741609e-03   1.9500000e+03
  -3.9162687e-03   1.9650000e+03
  -1.3027097e-03   1.9800000e+03
   2.9761102e-03   1.9950000e+03
   9.8735522e-03   2.0100000e+03
   2.0832395e-02   2.0250000e+03
   3.7909251e-02   2.0400000e+03
   6.3800111e-02   2.0550000e+03
   1.0163357e-01   2.0700000e+03
   1.5434051e-01   2.0850000e+03
   2.2341776e-01   2.1000000e+03
   3.0706310e-01   2.1150000e+03
   3.9802027e-01   2.1300000e+03
   4.8199308e-01   2.1450000e+03
   5.3796357e-01   2.1600000e+03
   5.4178911e-01   2.1750000e+03
   4.7361106e-01   2.1900000e+03
