  -3.4209667e-04   7.6500000e+02
  -3.2730246e-04   7.8000000e+02
  -3.4533037e-04   7.9500000e+02
  -3.7780666e-04   8.1000000e+02
  -4.2085166e-04   8.2500000e+02
  -4.6901577e-04   8.4000000e+02
  -5.0064491e-04   8.5500000e+02
  -5.0006883e-04   8.7000000e+02
  -4.8509424e-04   8.8500000e+02
  -4.8986723e-04   9.0000000e+02
  -5.2235340e-04   9.1500000e+02
  -5.5926974e-04   9.3000000e+02
  -5.8207917e-04   9.4500000e+02
  -5.9477688e-04   9.6000000e+02
  -6.0376443e-04   9.7500000e+02
  -6.0579198e-04   9.9000000e+02
  -6.0385000e-04   1.0050000e+03
  -6.1167002e-04   1.0200000e+03
  -6.3194305e-04   1.0350000e+03
  -6.4933073e-04   1.0500000e+03
  -6.5418362e-04   1.0650000e+03
  -6.5607729e-04   1.0800000e+03
  -6.6627510e-04   1.0950000e+03
  -6.8205752e-04   1.1100000e+03
  -6.9517770e-04   1.1250000e+03
  -7.0363149e-04   1.1400000e+03
  -7.0934725e-04   1.1550000e+03
  -7.1271532e-04   1.1700000e+03
  -7.1387854e-04   1.1850000e+03
  -7.1478751e-04   1.2000000e+03
  -7.1758602e-04   1.2150000e+03
  -7.2365976e-04   1.2300000e+03
  -7.3543581e-04   1.2450000e+03
  -7.5638603e-04   1.2600000e+03
  -7.8667141e-04   1.2750000e+03
  -8.1987353e-04   1.2900000e+03
  -8.4649445e-04   1.3050000e+03
  -8.6062169e-04   1.3200000e+03
  -8.6302584e-04   1.3350000e+03
  -8.6094497e-04   1.3500000e+03
  -8.6587545e-04   1.3650000e+03
  -8.8582438e-04   1.3800000e+03
  -9.1565249e-04   1.3950000e+03
  -9.3973085e-04   1.4100000e+03
  -9.4875385e-04   1.4250000e+03
  -9.5055561e-04   1.4400000e+03
  -9.6057431e-04   1.4550000e+03
  -9.8466279e-04   1.4700000e+03
  -1.0144337e-03   1.4850000e+03
  -1.0373521e-03   1.5000000e+03
  -1.0490960e-03   1.5150000e+03
  -1.0568355e-03   1.5300000e+03
  -1.0710565e-03   1.5450000e+03
  -1.0940224e-03   1.5600000e+03
  -1.1178347e-03   1.5750000e+03
  -1.1349490e-03   1.5900000e+03
  -1.1478283e-03   1.6050000e+03
  -1.1647987e-03   1.6200000e+03
  -1.1881046e-03   1.6350000e+03
  -1.2111476e-03   1.6500000e+03
  -1.2284690e-03   1.6650000e+03
  -1.2433112e-03   1.6800000e+03
