  -3.5965818e-04   7.6500000e+02
  -3.3847083e-04   7.8000000e+02
  -3.5967355e-04   7.9500000e+02
  -4.0013556e-04   8.1000000e+02
  -4.5430401e-04   8.2500000e+02
  -5.1461306e-04   8.4000000e+02
  -5.5362773e-04   8.5500000e+02
  -5.5181351e-04   8.7000000e+02
  -5.3175347e-04   8.8500000e+02
  -5.3664815e-04   9.0000000e+02
  -5.7696435e-04   9.1500000e+02
  -6.2368490e-04   9.3000000e+02
  -6.5314554e-04   9.4500000e+02
  -6.6966604e-04   9.6000000e+02
  -6.8099302e-04   9.7500000e+02
  -6.8334775e-04   9.9000000e+02
  -6.8087887e-04   1.0050000e+03
  -6.9091551e-04   1.0200000e+03
  -7.1662705e-04   1.0350000e+03
  -7.3842995e-04   1.0500000e+03
  -7.4399833e-04   1.0650000e+03
  -7.4546767e-04   1.0800000e+03
  -7.5738115e-04   1.0950000e+03
  -7.7661127e-04   1.1100000e+03
  -7.9265295e-04   1.1250000e+03
  -8.0261566e-04   1.1400000e+03
  -8.0875616e-04   1.1550000e+03
  -8.1165502e-04   1.1700000e+03
  -8.1149396e-04   1.1850000e+03
  -8.1050914e-04   1.2000000e+03
  -8.1127638e-04   1.2150000e+03
  -8.1584451e-04   1.2300000e+03
  -8.2786521e-04   1.2450000e+03
  -8.5211842e-04   1.2600000e+03
  -8.8870246e-04   1.2750000e+03
  -9.2900987e-04   1.2900000e+03
  -9.6041203e-04   1.3050000e+03
  -9.7496336e-04   1.3200000e+03
  -9.7361510e-04   1.3350000e+03
  -9.6609717e-04   1.3500000e+03
  -9.6781517e-04   1.3650000e+03
  -9.8935387e-04   1.3800000e+03
  -1.0237556e-03   1.3950000e+03
  -1.0501805e-03   1.4100000e+03
  -1.0562510e-03   1.4250000e+03
  -1.0524440e-03   1.4400000e+03
  -1.0595405e-03   1.4550000e+03
  -1.0856055e-03   1.4700000e+03
  -1.1193933e-03   1.4850000e+03
  -1.1438128e-03   1.5000000e+03
  -1.1528706e-03   1.5150000e+03
  -1.1562817e-03   1.5300000e+03
  -1.1682522e-03   1.5450000e+03
  -1.1917615e-03   1.5600000e+03
  -1.2160563e-03   1.5750000e+03
  -1.2309771e-03   1.5900000e+03
  -1.2399539e-03   1.6050000e+03
  -1.2542731e-03   1.6200000e+03
  -1.2768769e-03   1.6350000e+03
  -1.2987425e-03   1.6500000e+03
  -1.3124662e-03   1.6650000e+03
  -1.3225105e-03   1.6800000e+03
