  -2.9545412e-03   7.6500000e+02
  -3.2223077e-03   7.8000000e+02
  -3.2404773e-03   7.9500000e+02
  -3.1512943e-03   8.1000000e+02
  -2.9910922e-03   8.2500000e+02
  -2.7920979e-03   8.4000000e+02
  -2.6923013e-03   8.5500000e+02
  -2.7948872e-03   8.7000000e+02
  -2.9741935e-03   8.8500000e+02
  -2.9775968e-03   9.0000000e+02
  -2.7172815e-03   9.1500000e+02
  -2.3253658e-03   9.3000000e+02
  -1.9174834e-03   9.4500000e+02
  -1.4500353e-03   9.6000000e+02
  -8.2827185e-04   9.7500000e+02
   1.8739547e-05   9.9000000e+02
   1.2415419e-03   1.0050000e+03
   3.1111829e-03   1.0200000e+03
   5.8936086e-03   1.0350000e+03
   9.8223081e-03   1.0500000e+03
   1.5287056e-02   1.0650000e+03
   2.2970224e-02   1.0800000e+03
   3.3767283e-02   1.0950000e+03
   4.8699796e-02   1.1100000e+03
   6.8994902e-02   1.1250000e+03
   9.6204251e-02   1.1400000e+03
   1.3220772e-01   1.1550000e+03
   1.7912218e-01   1.1700000e+03
   2.3913349e-01   1.1850000e+03
   3.1413212e-01   1.2000000e+03
   4.0502504e-01   1.2150000e+03
   5.1073933e-01   1.2300000e+03
   6.2707788e-01   1.2450000e+03
   7.4568778e-01   1.2600000e+03
   8.5348970e-01   1.2750000e+03
   9.3302572e-01   1.2900000e+03
   9.6425205e-01   1.3050000e+03
   9.2821503e-01   1.3200000e+03
   8.1257910e-01   1.3350000e+03
   6.1789709e-01   1.3500000e+03
   3.6207011e-01   1.3650000e+03
   7.9694219e-02   1.3800000e+03
  -1.8574791e-01   1.3950000e+03
  -3.9547291e-01   1.4100000e+03
  -5.2942926e-01   1.4250000e+03
  -5.9354985e-01   1.4400000e+03
  -6.1513776e-01   1.4550000e+03
  -6.2737179e-01   1.4700000e+03
  -6.5091127e-01   1.4850000e+03
  -6.8361109e-01   1.5000000e+03
  -7.0509416e-01   1.5150000e+03
  -6.9312900e-01   1.5300000e+03
  -6.4017719e-01   1.5450000e+03
  -5.5813241e-01   1.5600000e+03
  -4.6832711e-01   1.5750000e+03
  -3.8556099e-01   1.5900000e+03
  -3.0939168e-01   1.6050000e+03
  -2.2911844e-01   1.6200000e+03
  -1.3679582e-01   1.6350000e+03
  -3.6229864e-02   1.6500000e+03
   5.9231292e-02   1.6650000e+03
   1.3649872e-01   1.6800000e+03
