   1.6513868e-01   1.5000000e+03
   5.2777058e-01   1.5150000e+03
   2.9468161e-01   1.5300000e+03
  -3.1423074e-01   1.5450000e+03
  -5.8188713e-01   1.5600000e+03
  -1.8098582e-01   1.5750000e+03
   3.1319228e-01   1.5900000e+03
   2.1020998e-01   1.6050000e+03
  -2.0837556e-01   1.6200000e+03
  -1.3191594e-01   1.6350000e+03
   3.4766179e-01   1.6500000e+03
   3.2756335e-01   1.6650000e+03
  -2.6955235e-01   1.6800000e+03
  -4.8713270e-01   1.6950000e+03
  -5.5773050e-02   1.7100000e+03
   1.9912432e-01   1.7250000e+03
   1.6461503e-02   1.7400000e+03
   6.6406183e-02   1.7550000e+03
   3.7784010e-01   1.7700000e+03
   2.4188410e-01   1.7850000e+03
  -2.0854101e-01   1.8000000e+03
  -2.0359622e-01   1.8150000e+03
   8.6056039e-02   1.8300000e+03
  -2.2933519e-02   1.8450000e+03
  -3.0971226e-01   1.8600000e+03
  -2.4101305e-01   1.8750000e+03
  -5.2874643e-02   1.8900000e+03
  -5.4531287e-02   1.9050000e+03
  -1.0657858e-03   1.9200000e+03
   1.7337061e-01   1.9350000e+03
   1.8828009e-01   1.9500000e+03
   1.0051388e-01   1.9650000e+03
   1.2820651e-01   1.9800000e+03
   1.3548018e-01   1.9950000e+03
   3.3759205e-03   2.0100000e+03
  -8.5932203e-02   2.0250000e+03
  -5.8085267e-02   2.0400000e+03
  -2.1483632e-02   2.0550000e+03
   2.4168644e-02   2.0700000e+03
   8.7188095e-02   2.0850000e+03
   6.2247060e-02   2.1000000e+03
  -4.8267961e-02   2.1150000e+03
  -1.0920136e-01   2.1300000e+03
  -7.6102652e-02   2.1450000e+03
  -4.6751462e-03   2.1600000e+03
   5.7028670e-02   2.1750000e+03
   6.8910539e-02   2.1900000e+03
