  -1.2402893e-03   1.5000000e+03
  -1.2541472e-03   1.5150000e+03
  -1.2694288e-03   1.5300000e+03
  -1.2879716e-03   1.5450000e+03
  -1.3094256e-03   1.5600000e+03
  -1.3308588e-03   1.5750000e+03
  -1.3510899e-03   1.5900000e+03
  -1.3720801e-03   1.6050000e+03
  -1.3953256e-03   1.6200000e+03
  -1.4201984e-03   1.6350000e+03
  -1.4460785e-03   1.6500000e+03
  -1.4730964e-03   1.6650000e+03
  -1.5007933e-03   1.6800000e+03
  -1.5283889e-03   1.6950000e+03
  -1.5562975e-03   1.7100000e+03
  -1.5858384e-03   1.7250000e+03
  -1.6175635e-03   1.7400000e+03
  -1.6504360e-03   1.7550000e+03
  -1.6822693e-03   1.7700000e+03
  -1.7111333e-03   1.7850000e+03
  -1.7371979e-03   1.8000000e+03
  -1.7627414e-03   1.8150000e+03
  -1.7895694e-03   1.8300000e+03
  -1.8174164e-03   1.8450000e+03
  -1.8456323e-03   1.8600000e+03
  -1.8749505e-03   1.8750000e+03
  -1.9063534e-03   1.8900000e+03
  -1.9394032e-03   1.9050000e+03
  -1.9729799e-03   1.9200000e+03
  -2.0067925e-03   1.9350000e+03
  -2.0411862e-03   1.9500000e+03
  -2.0762689e-03   1.9650000e+03
  -2.1123136e-03   1.9800000e+03
  -2.1505232e-03   1.9950000e+03
  -2.1922381e-03   2.0100000e+03
  -2.2374298e-03   2.0250000e+03
  -2.2848086e-03   2.0400000e+03
  -2.3335966e-03   2.0550000e+03
  -2.3845644e-03   2.0700000e+03
  -2.4389357e-03   2.0850000e+03
  -2.4966588e-03   2.1000000e+03
  -2.5561587e-03   2.1150000e+03
  -2.6155845e-03   2.1300000e+03
  -2.6741771e-03   2.1450000e+03
  -2.7328043e-03   2.1600000e+03
  -2.7935361e-03   2.1750000e+03
  -2.8583496e-03   2.1900000e+03
