  -1.5444034e-03   1.5000000e+03
   3.6349252e-03   1.5150000e+03
   1.2503672e-02   1.5300000e+03
   2.7592970e-02   1.5450000e+03
   5.3008776e-02   1.5600000e+03
   9.4979651e-02   1.5750000e+03
   1.6207981e-01   1.5900000e+03
   2.6437801e-01   1.6050000e+03
   4.1038188e-01   1.6200000e+03
   6.0075510e-01   1.6350000e+03
   8.1900024e-01   1.6500000e+03
   1.0220504e+00   1.6650000e+03
   1.1374302e+00   1.6800000e+03
   1.0758864e+00   1.6950000e+03
   7.6508605e-01   1.7100000e+03
   1.9819236e-01   1.7250000e+03
  -5.2607077e-01   1.7400000e+03
  -1.2058274e+00   1.7550000e+03
  -1.6030551e+00   1.7700000e+03
  -1.5584329e+00   1.7850000e+03
  -1.0918589e+00   1.8000000e+03
  -4.1439193e-01   1.8150000e+03
   1.7518683e-01   1.8300000e+03
   4.5263267e-01   1.8450000e+03
   3.8169482e-01   1.8600000e+03
   1.0488488e-01   1.8750000e+03
  -1.6835538e-01   1.8900000e+03
  -2.8746018e-01   1.9050000e+03
  -2.2467867e-01   1.9200000e+03
  -6.2253889e-02   1.9350000e+03
   7.1849830e-02   1.9500000e+03
   8.7545909e-02   1.9650000e+03
  -6.2033362e-03   1.9800000e+03
  -1.1198585e-01   1.9950000e+03
  -1.3056915e-01   2.0100000e+03
  -4.6508066e-02   2.0250000e+03
   7.3345244e-02   2.0400000e+03
   1.5354894e-01   2.0550000e+03
   1.6123459e-01   2.0700000e+03
   9.6743993e-02   2.0850000e+03
  -1.9422129e-02   2.1000000e+03
  -1.3280392e-01   2.1150000e+03
  -1.7061566e-01   2.1300000e+03
  -1.1099625e-01   2.1450000e+03
  -1.8412098e-02   2.1600000e+03
   2.2477793e-02   2.1750000e+03
  -4.5086849e-03   2.1900000e+03
