  -4.0142363e-04   7.6500000e+02
  -3.8545232e-04   7.8000000e+02
  -4.0582323e-04   7.9500000e+02
  -4.4283160e-04   8.1000000e+02
  -4.9071229e-04   8.2500000e+02
  -5.4258533e-04   8.4000000e+02
  -5.7620322e-04   8.5500000e+02
  -5.7603547e-04   8.7000000e+02
  -5.6064216e-04   8.8500000e+02
  -5.6542119e-04   9.0000000e+02
  -5.9948687e-04   9.1500000e+02
  -6.3959567e-04   9.3000000e+02
  -6.6584622e-04   9.4500000e+02
  -6.8059482e-04   9.6000000e+02
  -6.8983820e-04   9.7500000e+02
  -6.9131731e-04   9.9000000e+02
  -6.8929425e-04   1.0050000e+03
  -6.9815281e-04   1.0200000e+03
  -7.2044862e-04   1.0350000e+03
  -7.4003043e-04   1.0500000e+03
  -7.4632862e-04   1.0650000e+03
  -7.4892252e-04   1.0800000e+03
  -7.6016859e-04   1.0950000e+03
  -7.7811530e-04   1.1100000e+03
  -7.9383515e-04   1.1250000e+03
  -8.0408982e-04   1.1400000e+03
  -8.1056065e-04   1.1550000e+03
  -8.1440265e-04   1.1700000e+03
  -8.1638730e-04   1.1850000e+03
  -8.1840705e-04   1.2000000e+03
  -8.2235003e-04   1.2150000e+03
  -8.2985428e-04   1.2300000e+03
  -8.4409822e-04   1.2450000e+03
  -8.6903817e-04   1.2600000e+03
  -9.0447051e-04   1.2750000e+03
  -9.4306399e-04   1.2900000e+03
  -9.7449136e-04   1.3050000e+03
  -9.9223794e-04   1.3200000e+03
  -9.9679490e-04   1.3350000e+03
  -9.9597010e-04   1.3500000e+03
  -1.0027464e-03   1.3650000e+03
  -1.0262777e-03   1.3800000e+03
  -1.0608706e-03   1.3950000e+03
  -1.0891063e-03   1.4100000e+03
  -1.1006730e-03   1.4250000e+03
  -1.1043403e-03   1.4400000e+03
  -1.1173619e-03   1.4550000e+03
  -1.1462773e-03   1.4700000e+03
  -1.1815920e-03   1.4850000e+03
  -1.2090988e-03   1.5000000e+03
  -1.2239256e-03   1.5150000e+03
  -1.2342712e-03   1.5300000e+03
  -1.2520674e-03   1.5450000e+03
  -1.2799600e-03   1.5600000e+03
  -1.3091174e-03   1.5750000e+03
  -1.3309841e-03   1.5900000e+03
  -1.3481667e-03   1.6050000e+03
  -1.3699657e-03   1.6200000e+03
  -1.3989904e-03   1.6350000e+03
  -1.4279549e-03   1.6500000e+03
  -1.4507902e-03   1.6650000e+03
  -1.4711563e-03   1.6800000e+03
