  -6.2643406e-03   1.5000000e+03
   8.4515131e-04   1.5150000e+03
   1.6398666e-02   1.5300000e+03
   4.7863312e-02   1.5450000e+03
   1.0689490e-01   1.5600000e+03
   2.0868364e-01   1.5750000e+03
   3.6744073e-01   1.5900000e+03
   5.8556777e-01   1.6050000e+03
   8.3631301e-01   1.6200000e+03
   1.0460546e+00   1.6350000e+03
   1.0916178e+00   1.6500000e+03
   8.3336318e-01   1.6650000e+03
   1.9429636e-01   1.6800000e+03
  -7.3868895e-01   1.6950000e+03
  -1.6607487e+00   1.7100000e+03
  -2.1275105e+00   1.7250000e+03
  -1.7908686e+00   1.7400000e+03
  -6.8247128e-01   1.7550000e+03
   6.7886961e-01   1.7700000e+03
   1.5300264e+00   1.7850000e+03
   1.3725475e+00   1.8000000e+03
   3.7495127e-01   1.8150000e+03
  -7.1428424e-01   1.8300000e+03
  -1.1403501e+00   1.8450000e+03
  -7.2910321e-01   1.8600000e+03
   3.9878000e-02   1.8750000e+03
   5.1628935e-01   1.8900000e+03
   4.2655432e-01   1.9050000e+03
  -4.7103902e-03   1.9200000e+03
  -3.5688353e-01   1.9350000e+03
  -3.6482397e-01   1.9500000e+03
  -5.4417718e-02   1.9650000e+03
   3.2144296e-01   1.9800000e+03
   4.6297619e-01   1.9950000e+03
   2.5927687e-01   2.0100000e+03
  -9.6748330e-02   2.0250000e+03
  -2.9761758e-01   2.0400000e+03
  -2.4579404e-01   2.0550000e+03
  -9.5847167e-02   2.0700000e+03
   2.2410767e-02   2.0850000e+03
   1.4118308e-01   2.1000000e+03
   2.5633720e-01   2.1150000e+03
   2.2170925e-01   2.1300000e+03
   3.2606185e-03   2.1450000e+03
  -1.6410178e-01   2.1600000e+03
  -9.2739016e-02   2.1750000e+03
   5.2454624e-02   2.1900000e+03
