  -3.8486638e-04   7.6500000e+02
  -3.6288143e-04   7.8000000e+02
  -3.8510899e-04   7.9500000e+02
  -4.2781211e-04   8.1000000e+02
  -4.8445258e-04   8.2500000e+02
  -5.4666412e-04   8.4000000e+02
  -5.8666925e-04   8.5500000e+02
  -5.8500655e-04   8.7000000e+02
  -5.6466099e-04   8.8500000e+02
  -5.6947937e-04   9.0000000e+02
  -6.1054010e-04   9.1500000e+02
  -6.5889920e-04   9.3000000e+02
  -6.9021876e-04   9.4500000e+02
  -7.0794462e-04   9.6000000e+02
  -7.1954989e-04   9.7500000e+02
  -7.2172825e-04   9.9000000e+02
  -7.1931531e-04   1.0050000e+03
  -7.3001027e-04   1.0200000e+03
  -7.5689814e-04   1.0350000e+03
  -7.7992817e-04   1.0500000e+03
  -7.8627432e-04   1.0650000e+03
  -7.8808825e-04   1.0800000e+03
  -8.0052239e-04   1.0950000e+03
  -8.2087913e-04   1.1100000e+03
  -8.3830458e-04   1.1250000e+03
  -8.4923970e-04   1.1400000e+03
  -8.5578515e-04   1.1550000e+03
  -8.5891684e-04   1.1700000e+03
  -8.5914246e-04   1.1850000e+03
  -8.5862901e-04   1.2000000e+03
  -8.5978600e-04   1.2150000e+03
  -8.6482306e-04   1.2300000e+03
  -8.7785476e-04   1.2450000e+03
  -9.0394699e-04   1.2600000e+03
  -9.4299176e-04   1.2750000e+03
  -9.8586606e-04   1.2900000e+03
  -1.0194693e-03   1.3050000e+03
  -1.0355219e-03   1.3200000e+03
  -1.0348449e-03   1.3350000e+03
  -1.0275259e-03   1.3500000e+03
  -1.0298155e-03   1.3650000e+03
  -1.0529079e-03   1.3800000e+03
  -1.0894811e-03   1.3950000e+03
  -1.1176568e-03   1.4100000e+03
  -1.1244760e-03   1.4250000e+03
  -1.1209716e-03   1.4400000e+03
  -1.1290066e-03   1.4550000e+03
  -1.1570668e-03   1.4700000e+03
  -1.1932697e-03   1.4850000e+03
  -1.2195457e-03   1.5000000e+03
  -1.2295588e-03   1.5150000e+03
  -1.2335994e-03   1.5300000e+03
  -1.2467022e-03   1.5450000e+03
  -1.2720508e-03   1.5600000e+03
  -1.2983299e-03   1.5750000e+03
  -1.3148140e-03   1.5900000e+03
  -1.3250511e-03   1.6050000e+03
  -1.3408937e-03   1.6200000e+03
  -1.3654697e-03   1.6350000e+03
  -1.3893140e-03   1.6500000e+03
  -1.4046521e-03   1.6650000e+03
  -1.4162096e-03   1.6800000e+03
