   4.2502072e-02   1.5000000e+03
   5.0543200e-02   1.5150000e+03
   5.9869427e-02   1.5300000e+03
   7.0576183e-02   1.5450000e+03
   8.2768671e-02   1.5600000e+03
   9.6593991e-02   1.5750000e+03
   1.1224525e-01   1.5900000e+03
   1.2989575e-01   1.6050000e+03
   1.4956310e-01   1.6200000e+03
   1.7095928e-01   1.6350000e+03
   1.9340272e-01   1.6500000e+03
   2.1585965e-01   1.6650000e+03
   2.3713748e-01   1.6800000e+03
   2.5615460e-01   1.6950000e+03
   2.7212733e-01   1.7100000e+03
   2.8456035e-01   1.7250000e+03
   2.9308480e-01   1.7400000e+03
   2.9730901e-01   1.7550000e+03
   2.9682386e-01   1.7700000e+03
   2.9137254e-01   1.7850000e+03
   2.8105706e-01   1.8000000e+03
   2.6640987e-01   1.8150000e+03
   2.4824660e-01   1.8300000e+03
   2.2738433e-01   1.8450000e+03
   2.0441802e-01   1.8600000e+03
   1.7970589e-01   1.8750000e+03
   1.5355331e-01   1.8900000e+03
   1.2642354e-01   1.9050000e+03
   9.8979235e-02   1.9200000e+03
   7.1933366e-02   1.9350000e+03
   4.5909692e-02   1.9500000e+03
   2.1498173e-02   1.9650000e+03
  -5.9044117e-04   1.9800000e+03
  -1.9544136e-02   1.9950000e+03
  -3.4705482e-02   2.0100000e+03
  -4.5804035e-02   2.0250000e+03
  -5.2945677e-02   2.0400000e+03
  -5.6469690e-02   2.0550000e+03
  -5.6884967e-02   2.0700000e+03
  -5.4848872e-02   2.0850000e+03
  -5.1031489e-02   2.1000000e+03
  -4.5946199e-02   2.1150000e+03
  -3.9977971e-02   2.1300000e+03
  -3.3564724e-02   2.1450000e+03
  -2.7226351e-02   2.1600000e+03
  -2.1379616e-02   2.1750000e+03
  -1.6229674e-02   2.1900000e+03
