  -5.8786734e-04   7.6500000e+02
  -5.5881351e-04   7.8000000e+02
  -5.8968610e-04   7.9500000e+02
  -6.5284240e-04   8.1000000e+02
  -7.3038111e-04   8.2500000e+02
  -8.0535072e-04   8.4000000e+02
  -8.5049117e-04   8.5500000e+02
  -8.5062516e-04   8.7000000e+02
  -8.2981179e-04   8.8500000e+02
  -8.3265157e-04   9.0000000e+02
  -8.7618752e-04   9.1500000e+02
  -9.3722477e-04   9.3000000e+02
  -9.8680530e-04   9.4500000e+02
  -1.0166332e-03   9.6000000e+02
  -1.0296282e-03   9.7500000e+02
  -1.0292896e-03   9.9000000e+02
  -1.0281591e-03   1.0050000e+03
  -1.0453226e-03   1.0200000e+03
  -1.0821639e-03   1.0350000e+03
  -1.1163042e-03   1.0500000e+03
  -1.1308903e-03   1.0650000e+03
  -1.1362713e-03   1.0800000e+03
  -1.1526111e-03   1.0950000e+03
  -1.1830255e-03   1.1100000e+03
  -1.2141113e-03   1.1250000e+03
  -1.2346662e-03   1.1400000e+03
  -1.2446546e-03   1.1550000e+03
  -1.2498760e-03   1.1700000e+03
  -1.2547495e-03   1.1850000e+03
  -1.2601708e-03   1.2000000e+03
  -1.2661114e-03   1.2150000e+03
  -1.2764408e-03   1.2300000e+03
  -1.3003498e-03   1.2450000e+03
  -1.3457661e-03   1.2600000e+03
  -1.4100493e-03   1.2750000e+03
  -1.4790056e-03   1.2900000e+03
  -1.5355042e-03   1.3050000e+03
  -1.5682169e-03   1.3200000e+03
  -1.5762321e-03   1.3350000e+03
  -1.5726838e-03   1.3500000e+03
  -1.5819479e-03   1.3650000e+03
  -1.6211222e-03   1.3800000e+03
  -1.6794393e-03   1.3950000e+03
  -1.7253702e-03   1.4100000e+03
  -1.7409190e-03   1.4250000e+03
  -1.7426310e-03   1.4400000e+03
  -1.7626254e-03   1.4550000e+03
  -1.8134173e-03   1.4700000e+03
  -1.8767742e-03   1.4850000e+03
  -1.9247151e-03   1.5000000e+03
  -1.9474938e-03   1.5150000e+03
  -1.9612319e-03   1.5300000e+03
  -1.9892813e-03   1.5450000e+03
  -2.0370088e-03   1.5600000e+03
  -2.0877970e-03   1.5750000e+03
  -2.1252069e-03   1.5900000e+03
  -2.1536238e-03   1.6050000e+03
  -2.1903284e-03   1.6200000e+03
  -2.2404275e-03   1.6350000e+03
  -2.2904330e-03   1.6500000e+03
  -2.3290985e-03   1.6650000e+03
  -2.3637316e-03   1.6800000e+03
