  -2.5027362e-03   7.6500000e+02
  -3.0490600e-03   7.8000000e+02
  -3.2472492e-03   7.9500000e+02
  -3.2929480e-03   8.1000000e+02
  -3.2695117e-03   8.2500000e+02
  -3.2648088e-03   8.4000000e+02
  -3.4927998e-03   8.5500000e+02
  -4.0999269e-03   8.7000000e+02
  -4.9122754e-03   8.8500000e+02
  -5.5719502e-03   9.0000000e+02
  -5.9322054e-03   9.1500000e+02
  -6.1594974e-03   9.3000000e+02
  -6.4389491e-03   9.4500000e+02
  -6.7319279e-03   9.6000000e+02
  -6.7593339e-03   9.7500000e+02
  -5.8223852e-03   9.9000000e+02
  -2.1963173e-03   1.0050000e+03
   7.7559529e-03   1.0200000e+03
   3.0765833e-02   1.0350000e+03
   7.8298263e-02   1.0500000e+03
   1.6775647e-01   1.0650000e+03
   3.2051373e-01   1.0800000e+03
   5.5312574e-01   1.0950000e+03
   8.5965586e-01   1.1100000e+03
   1.1884905e+00   1.1250000e+03
   1.4267759e+00   1.1400000e+03
   1.4150504e+00   1.1550000e+03
   1.0115360e+00   1.1700000e+03
   1.9749203e-01   1.1850000e+03
  -8.3304656e-01   1.2000000e+03
  -1.6885378e+00   1.2150000e+03
  -1.9557469e+00   1.2300000e+03
  -1.4749279e+00   1.2450000e+03
  -5.2333194e-01   1.2600000e+03
   2.9145873e-01   1.2750000e+03
   4.3350253e-01   1.2900000e+03
  -1.4069702e-01   1.3050000e+03
  -9.1726464e-01   1.3200000e+03
  -1.2315695e+00   1.3350000e+03
  -8.2364708e-01   1.3500000e+03
  -3.8721878e-02   1.3650000e+03
   5.1321775e-01   1.3800000e+03
   4.9766561e-01   1.3950000e+03
   7.8928940e-02   1.4100000e+03
  -3.2497343e-01   1.4250000e+03
  -4.3200094e-01   1.4400000e+03
  -2.4975081e-01   1.4550000e+03
   4.6390064e-02   1.4700000e+03
   2.8801814e-01   1.4850000e+03
   3.9263389e-01   1.5000000e+03
   3.7140647e-01   1.5150000e+03
   3.0115277e-01   1.5300000e+03
   2.4737577e-01   1.5450000e+03
   1.9283870e-01   1.5600000e+03
   7.7915691e-02   1.5750000e+03
  -8.2110263e-02   1.5900000e+03
  -1.8079957e-01   1.6050000e+03
  -1.5027502e-01   1.6200000e+03
  -4.7059879e-02   1.6350000e+03
   3.7229899e-02   1.6500000e+03
   9.5525846e-02   1.6650000e+03
   1.7232175e-01   1.6800000e+03
