  -7.7187258e-04   7.6500000e+02
  -7.1977091e-04   7.8000000e+02
  -7.7579718e-04   7.9500000e+02
  -9.1195485e-04   8.1000000e+02
  -1.0575411e-03   8.2500000e+02
  -1.1573996e-03   8.4000000e+02
  -1.2070150e-03   8.5500000e+02
  -1.2268905e-03   8.7000000e+02
  -1.2288279e-03   8.8500000e+02
  -1.2290752e-03   9.0000000e+02
  -1.2686709e-03   9.1500000e+02
  -1.3770774e-03   9.3000000e+02
  -1.5204138e-03   9.4500000e+02
  -1.6274499e-03   9.6000000e+02
  -1.6714610e-03   9.7500000e+02
  -1.6917556e-03   9.9000000e+02
  -1.7345645e-03   1.0050000e+03
  -1.8103594e-03   1.0200000e+03
  -1.9070680e-03   1.0350000e+03
  -2.0038344e-03   1.0500000e+03
  -2.0733341e-03   1.0650000e+03
  -2.1099038e-03   1.0800000e+03
  -2.1505437e-03   1.0950000e+03
  -2.2322880e-03   1.1100000e+03
  -2.3395491e-03   1.1250000e+03
  -2.4283817e-03   1.1400000e+03
  -2.4899472e-03   1.1550000e+03
  -2.5561908e-03   1.1700000e+03
  -2.6505117e-03   1.1850000e+03
  -2.7620932e-03   1.2000000e+03
  -2.8724109e-03   1.2150000e+03
  -2.9902055e-03   1.2300000e+03
  -3.1484999e-03   1.2450000e+03
  -3.3685155e-03   1.2600000e+03
  -3.6370244e-03   1.2750000e+03
  -3.9217034e-03   1.2900000e+03
  -4.1944883e-03   1.3050000e+03
  -4.4354862e-03   1.3200000e+03
  -4.6380609e-03   1.3350000e+03
  -4.8288014e-03   1.3500000e+03
  -5.0638127e-03   1.3650000e+03
  -5.3769760e-03   1.3800000e+03
  -5.7340595e-03   1.3950000e+03
  -6.0604732e-03   1.4100000e+03
  -6.3220612e-03   1.4250000e+03
  -6.5660044e-03   1.4400000e+03
  -6.8711177e-03   1.4550000e+03
  -7.2601633e-03   1.4700000e+03
  -7.6677469e-03   1.4850000e+03
  -7.9938509e-03   1.5000000e+03
  -8.1815310e-03   1.5150000e+03
  -8.2360916e-03   1.5300000e+03
  -8.1658447e-03   1.5450000e+03
  -7.8999419e-03   1.5600000e+03
  -7.2519733e-03   1.5750000e+03
  -5.9343497e-03   1.5900000e+03
  -3.5463632e-03   1.6050000e+03
   5.5151148e-04   1.6200000e+03
   7.4841091e-03   1.6350000e+03
   1.9168833e-02   1.6500000e+03
   3.8659271e-02   1.6650000e+03
   7.0539929e-02   1.6800000e+03
