  -1.1925329e-02   1.5000000e+02
  -1.2039143e-02   1.6500000e+02
  -1.2178944e-02   1.8000000e+02
  -1.2346156e-02   1.9500000e+02
  -1.2544539e-02   2.1000000e+02
  -1.2777947e-02   2.2500000e+02
  -1.3046175e-02   2.4000000e+02
  -1.3340107e-02   2.5500000e+02
  -1.3644760e-02   2.7000000e+02
  -1.3953001e-02   2.8500000e+02
  -1.4275026e-02   3.0000000e+02
  -1.4628261e-02   3.1500000e+02
  -1.5017087e-02   3.3000000e+02
  -1.5427002e-02   3.4500000e+02
  -1.5834771e-02   3.6000000e+02
  -1.6218303e-02   3.7500000e+02
  -1.6567718e-02   3.9000000e+02
  -1.6894996e-02   4.0500000e+02
  -1.7214255e-02   4.2000000e+02
  -1.7499926e-02   4.3500000e+02
  -1.7685803e-02   4.5000000e+02
  -1.7715523e-02   4.6500000e+02
  -1.7564738e-02   4.8000000e+02
  -1.7197926e-02   4.9500000e+02
  -1.6518081e-02   5.1000000e+02
  -1.5346828e-02   5.2500000e+02
  -1.3400890e-02   5.4000000e+02
  -1.0226935e-02   5.5500000e+02
  -5.0899964e-03   5.7000000e+02
   3.2124538e-03   5.8500000e+02
   1.6733008e-02   6.0000000e+02
