   1.8609466e-01   1.5000000e+03
   2.5640434e-01   1.5150000e+03
   3.4686217e-01   1.5300000e+03
   4.5735073e-01   1.5450000e+03
   5.8266586e-01   1.5600000e+03
   7.0994991e-01   1.5750000e+03
   8.1712532e-01   1.5900000e+03
   8.7402767e-01   1.6050000e+03
   8.4794849e-01   1.6200000e+03
   7.1406817e-01   1.6350000e+03
   4.6847194e-01   1.6500000e+03
   1.3807420e-01   1.6650000e+03
  -2.1976982e-01   1.6800000e+03
  -5.3223592e-01   1.6950000e+03
  -7.3700434e-01   1.7100000e+03
  -8.0692101e-01   1.7250000e+03
  -7.5863719e-01   1.7400000e+03
  -6.3903660e-01   1.7550000e+03
  -4.9842256e-01   1.7700000e+03
  -3.6906275e-01   1.7850000e+03
  -2.6211736e-01   1.8000000e+03
  -1.7919111e-01   1.8150000e+03
  -1.2285661e-01   1.8300000e+03
  -9.5533542e-02   1.8450000e+03
  -9.1807187e-02   1.8600000e+03
  -9.7130358e-02   1.8750000e+03
  -9.7064413e-02   1.8900000e+03
  -8.7647796e-02   1.9050000e+03
  -7.6212011e-02   1.9200000e+03
  -7.3146425e-02   1.9350000e+03
  -8.3452061e-02   1.9500000e+03
  -1.0376480e-01   1.9650000e+03
  -1.2379158e-01   1.9800000e+03
  -1.3027449e-01   1.9950000e+03
  -1.1362087e-01   2.0100000e+03
  -7.5033017e-02   2.0250000e+03
  -2.8150810e-02   2.0400000e+03
   8.0948491e-03   2.0550000e+03
   2.0712646e-02   2.0700000e+03
   9.4569148e-03   2.0850000e+03
  -1.4942874e-02   2.1000000e+03
  -3.8536783e-02   2.1150000e+03
  -5.2163649e-02   2.1300000e+03
  -5.4778606e-02   2.1450000e+03
  -5.0433457e-02   2.1600000e+03
  -4.2064045e-02   2.1750000e+03
  -2.8250173e-02   2.1900000e+03
