  -6.4628752e-04   7.6500000e+02
  -6.1438861e-04   7.8000000e+02
  -6.4818241e-04   7.9500000e+02
  -7.1934180e-04   8.1000000e+02
  -8.0437888e-04   8.2500000e+02
  -8.8231592e-04   8.4000000e+02
  -9.2773791e-04   8.5500000e+02
  -9.2879345e-04   8.7000000e+02
  -9.0879819e-04   8.8500000e+02
  -9.1030844e-04   9.0000000e+02
  -9.5291960e-04   9.1500000e+02
  -1.0180818e-03   9.3000000e+02
  -1.0757291e-03   9.4500000e+02
  -1.1111924e-03   9.6000000e+02
  -1.1246083e-03   9.7500000e+02
  -1.1232333e-03   9.9000000e+02
  -1.1233209e-03   1.0050000e+03
  -1.1436078e-03   1.0200000e+03
  -1.1843592e-03   1.0350000e+03
  -1.2230874e-03   1.0500000e+03
  -1.2415836e-03   1.0650000e+03
  -1.2486160e-03   1.0800000e+03
  -1.2661417e-03   1.0950000e+03
  -1.3004629e-03   1.1100000e+03
  -1.3374815e-03   1.1250000e+03
  -1.3622851e-03   1.1400000e+03
  -1.3736896e-03   1.1550000e+03
  -1.3799942e-03   1.1700000e+03
  -1.3876025e-03   1.1850000e+03
  -1.3965486e-03   1.2000000e+03
  -1.4053436e-03   1.2150000e+03
  -1.4186079e-03   1.2300000e+03
  -1.4479959e-03   1.2450000e+03
  -1.5026999e-03   1.2600000e+03
  -1.5787792e-03   1.2750000e+03
  -1.6598239e-03   1.2900000e+03
  -1.7271920e-03   1.3050000e+03
  -1.7683328e-03   1.3200000e+03
  -1.7814434e-03   1.3350000e+03
  -1.7808727e-03   1.3500000e+03
  -1.7945041e-03   1.3650000e+03
  -1.8419001e-03   1.3800000e+03
  -1.9107141e-03   1.3950000e+03
  -1.9653842e-03   1.4100000e+03
  -1.9860114e-03   1.4250000e+03
  -1.9917123e-03   1.4400000e+03
  -2.0191344e-03   1.4550000e+03
  -2.0825255e-03   1.4700000e+03
  -2.1607026e-03   1.4850000e+03
  -2.2210833e-03   1.5000000e+03
  -2.2523063e-03   1.5150000e+03
  -2.2731444e-03   1.5300000e+03
  -2.3107764e-03   1.5450000e+03
  -2.3716488e-03   1.5600000e+03
  -2.4368460e-03   1.5750000e+03
  -2.4873486e-03   1.5900000e+03
  -2.5277564e-03   1.6050000e+03
  -2.5776564e-03   1.6200000e+03
  -2.6430883e-03   1.6350000e+03
  -2.7088667e-03   1.6500000e+03
  -2.7622050e-03   1.6650000e+03
  -2.8115218e-03   1.6800000e+03
