  -6.2605306e-03   1.5000000e+02
  -6.2754154e-03   1.6500000e+02
  -6.2927622e-03   1.8000000e+02
  -6.3123526e-03   1.9500000e+02
  -6.3332445e-03   2.1000000e+02
  -6.3544409e-03   2.2500000e+02
  -6.3762213e-03   2.4000000e+02
  -6.3999780e-03   2.5500000e+02
  -6.4266552e-03   2.7000000e+02
  -6.4554913e-03   2.8500000e+02
  -6.4845383e-03   3.0000000e+02
  -6.5125367e-03   3.1500000e+02
  -6.5403036e-03   3.3000000e+02
  -6.5704091e-03   3.4500000e+02
  -6.6051288e-03   3.6000000e+02
  -6.6442653e-03   3.7500000e+02
  -6.6858758e-03   3.9000000e+02
  -6.7295590e-03   4.0500000e+02
  -6.7765377e-03   4.2000000e+02
  -6.8251067e-03   4.3500000e+02
  -6.8699494e-03   4.5000000e+02
  -6.9086072e-03   4.6500000e+02
  -6.9445428e-03   4.8000000e+02
  -6.9818692e-03   4.9500000e+02
  -7.0216716e-03   5.1000000e+02
  -7.0650675e-03   5.2500000e+02
  -7.1153301e-03   5.4000000e+02
  -7.1746521e-03   5.5500000e+02
  -7.2420775e-03   5.7000000e+02
  -7.3167216e-03   5.8500000e+02
  -7.3992275e-03   6.0000000e+02
