  -6.7617423e-03   1.5000000e+02
  -6.7938911e-03   1.6500000e+02
  -6.8339463e-03   1.8000000e+02
  -6.8825660e-03   1.9500000e+02
  -6.9416561e-03   2.1000000e+02
  -7.0124795e-03   2.2500000e+02
  -7.0938198e-03   2.4000000e+02
  -7.1810996e-03   2.5500000e+02
  -7.2693932e-03   2.7000000e+02
  -7.3573664e-03   2.8500000e+02
  -7.4460213e-03   3.0000000e+02
  -7.5358422e-03   3.1500000e+02
  -7.6268483e-03   3.3000000e+02
  -7.7185794e-03   3.4500000e+02
  -7.8093577e-03   3.6000000e+02
  -7.8973109e-03   3.7500000e+02
  -7.9818647e-03   3.9000000e+02
  -8.0641899e-03   4.0500000e+02
  -8.1472527e-03   4.2000000e+02
  -8.2330694e-03   4.3500000e+02
  -8.3175041e-03   4.5000000e+02
  -8.3911410e-03   4.6500000e+02
  -8.4483922e-03   4.8000000e+02
  -8.4926859e-03   4.9500000e+02
  -8.5294982e-03   5.1000000e+02
  -8.5569229e-03   5.2500000e+02
  -8.5684666e-03   5.4000000e+02
  -8.5640168e-03   5.5500000e+02
  -8.5492386e-03   5.7000000e+02
  -8.5225189e-03   5.8500000e+02
  -8.4729157e-03   6.0000000e+02
