   4.6288944e-03   1.5000000e+03
  -2.2575098e-01   1.5150000e+03
  -1.7286192e-01   1.5300000e+03
   8.9525402e-02   1.5450000e+03
   2.5078568e-01   1.5600000e+03
   1.4245097e-01   1.5750000e+03
  -1.0047829e-01   1.5900000e+03
  -2.1267530e-01   1.6050000e+03
  -9.8713852e-02   1.6200000e+03
   6.1075337e-02   1.6350000e+03
   4.8095740e-02   1.6500000e+03
  -8.9211762e-02   1.6650000e+03
  -1.0343274e-01   1.6800000e+03
   7.4687257e-02   1.6950000e+03
   2.2614186e-01   1.7100000e+03
   1.8226533e-01   1.7250000e+03
   5.2148219e-02   1.7400000e+03
  -1.5748011e-02   1.7550000e+03
  -6.6836834e-02   1.7700000e+03
  -1.5469353e-01   1.7850000e+03
  -1.5216286e-01   1.8000000e+03
   2.0393837e-02   1.8150000e+03
   1.7787388e-01   1.8300000e+03
   1.2877984e-01   1.8450000e+03
  -2.3922371e-02   1.8600000e+03
  -7.6524228e-02   1.8750000e+03
  -4.1238707e-02   1.8900000e+03
  -3.3291474e-02   1.9050000e+03
  -2.3592900e-02   1.9200000e+03
   5.2774478e-02   1.9350000e+03
   1.0973869e-01   1.9500000e+03
   6.0818542e-02   1.9650000e+03
  -3.6638575e-03   1.9800000e+03
   1.2232415e-02   1.9950000e+03
   3.2855675e-02   2.0100000e+03
  -1.9541379e-02   2.0250000e+03
  -6.1190400e-02   2.0400000e+03
  -1.6814943e-02   2.0550000e+03
   2.6180815e-02   2.0700000e+03
  -1.6152933e-02   2.0850000e+03
  -6.8453766e-02   2.1000000e+03
  -3.9344527e-02   2.1150000e+03
   2.1338258e-02   2.1300000e+03
   2.2764888e-02   2.1450000e+03
  -2.2153305e-02   2.1600000e+03
  -4.2769585e-02   2.1750000e+03
  -1.8193314e-02   2.1900000e+03
