   1.5082520e-02   1.5000000e+02
   1.5558138e-02   1.6500000e+02
   1.6322324e-02   1.8000000e+02
   1.7516684e-02   1.9500000e+02
   1.9365340e-02   2.1000000e+02
   2.2192853e-02   2.2500000e+02
   2.6437307e-02   2.4000000e+02
   3.2703716e-02   2.5500000e+02
   4.1919723e-02   2.7000000e+02
   5.5597305e-02   2.8500000e+02
   7.6143727e-02   3.0000000e+02
   1.0717074e-01   3.1500000e+02
   1.5372258e-01   3.3000000e+02
   2.2229803e-01   3.4500000e+02
   3.2065767e-01   3.6000000e+02
   4.5759818e-01   3.7500000e+02
   6.4257729e-01   3.9000000e+02
   8.8368976e-01   4.0500000e+02
   1.1808631e+00   4.2000000e+02
   1.5124784e+00   4.3500000e+02
   1.8204145e+00   4.5000000e+02
   2.0070274e+00   4.6500000e+02
   1.9584709e+00   4.8000000e+02
   1.5960181e+00   4.9500000e+02
   9.3443787e-01   5.1000000e+02
   1.0747419e-01   5.2500000e+02
  -6.7419755e-01   5.4000000e+02
  -1.2235485e+00   5.5500000e+02
  -1.4698685e+00   5.7000000e+02
  -1.4696194e+00   5.8500000e+02
  -1.3332648e+00   6.0000000e+02
