  -2.2246880e-03   1.5000000e+03
  -2.3051302e-03   1.5150000e+03
  -2.3932038e-03   1.5300000e+03
  -2.4896157e-03   1.5450000e+03
  -2.5914034e-03   1.5600000e+03
  -2.6966047e-03   1.5750000e+03
  -2.8084067e-03   1.5900000e+03
  -2.9326663e-03   1.6050000e+03
  -3.0716090e-03   1.6200000e+03
  -3.2215510e-03   1.6350000e+03
  -3.3772700e-03   1.6500000e+03
  -3.5374491e-03   1.6650000e+03
  -3.7056617e-03   1.6800000e+03
  -3.8879369e-03   1.6950000e+03
  -4.0907660e-03   1.7100000e+03
  -4.3207849e-03   1.7250000e+03
  -4.5847544e-03   1.7400000e+03
  -4.8879711e-03   1.7550000e+03
  -5.2320058e-03   1.7700000e+03
  -5.6161056e-03   1.7850000e+03
  -6.0429671e-03   1.8000000e+03
  -6.5216427e-03   1.8150000e+03
  -7.0620063e-03   1.8300000e+03
  -7.6667122e-03   1.8450000e+03
  -8.3303815e-03   1.8600000e+03
  -9.0450635e-03   1.8750000e+03
  -9.7980294e-03   1.8900000e+03
  -1.0545188e-02   1.9050000e+03
  -1.1147086e-02   1.9200000e+03
  -1.1255648e-02   1.9350000e+03
  -1.0142583e-02   1.9500000e+03
  -6.4773951e-03   1.9650000e+03
   1.8928112e-03   1.9800000e+03
   1.8023169e-02   1.9950000e+03
   4.5546118e-02   2.0100000e+03
   8.7580867e-02   2.0250000e+03
   1.4459974e-01   2.0400000e+03
   2.1141626e-01   2.0550000e+03
   2.7433807e-01   2.0700000e+03
   3.1060302e-01   2.0850000e+03
   2.9275221e-01   2.1000000e+03
   1.9947287e-01   2.1150000e+03
   3.0919340e-02   2.1300000e+03
  -1.7860378e-01   2.1450000e+03
  -3.6128893e-01   2.1600000e+03
  -4.3798664e-01   2.1750000e+03
  -3.5889110e-01   2.1900000e+03
