  -6.9536734e-04   1.5000000e+03
  -6.9948938e-04   1.5150000e+03
  -7.0417509e-04   1.5300000e+03
  -7.1079528e-04   1.5450000e+03
  -7.1959256e-04   1.5600000e+03
  -7.2819594e-04   1.5750000e+03
  -7.3513296e-04   1.5900000e+03
  -7.4173068e-04   1.6050000e+03
  -7.4947532e-04   1.6200000e+03
  -7.5850193e-04   1.6350000e+03
  -7.6883560e-04   1.6500000e+03
  -7.8047207e-04   1.6650000e+03
  -7.9257914e-04   1.6800000e+03
  -8.0458110e-04   1.6950000e+03
  -8.1734761e-04   1.7100000e+03
  -8.3175272e-04   1.7250000e+03
  -8.4676023e-04   1.7400000e+03
  -8.5997628e-04   1.7550000e+03
  -8.6967746e-04   1.7700000e+03
  -8.7604555e-04   1.7850000e+03
  -8.8102114e-04   1.8000000e+03
  -8.8683103e-04   1.8150000e+03
  -8.9408120e-04   1.8300000e+03
  -9.0183830e-04   1.8450000e+03
  -9.0995565e-04   1.8600000e+03
  -9.1992959e-04   1.8750000e+03
  -9.3264779e-04   1.8900000e+03
  -9.4668241e-04   1.9050000e+03
  -9.5983723e-04   1.9200000e+03
  -9.7132009e-04   1.9350000e+03
  -9.8163995e-04   1.9500000e+03
  -9.9138485e-04   1.9650000e+03
  -1.0010563e-03   1.9800000e+03
  -1.0116680e-03   1.9950000e+03
  -1.0242069e-03   2.0100000e+03
  -1.0381693e-03   2.0250000e+03
  -1.0514895e-03   2.0400000e+03
  -1.0627308e-03   2.0550000e+03
  -1.0730248e-03   2.0700000e+03
  -1.0849827e-03   2.0850000e+03
  -1.0997443e-03   2.1000000e+03
  -1.1157934e-03   2.1150000e+03
  -1.1309531e-03   2.1300000e+03
  -1.1449985e-03   2.1450000e+03
  -1.1598447e-03   2.1600000e+03
  -1.1772668e-03   2.1750000e+03
  -1.1968515e-03   2.1900000e+03
