  -8.4982492e-04   1.5000000e+03
  -8.5478806e-04   1.5150000e+03
  -8.6038746e-04   1.5300000e+03
  -8.6823001e-04   1.5450000e+03
  -8.7833923e-04   1.5600000e+03
  -8.8810595e-04   1.5750000e+03
  -8.9619681e-04   1.5900000e+03
  -9.0424810e-04   1.6050000e+03
  -9.1376877e-04   1.6200000e+03
  -9.2455966e-04   1.6350000e+03
  -9.3639473e-04   1.6500000e+03
  -9.4935211e-04   1.6650000e+03
  -9.6265977e-04   1.6800000e+03
  -9.7546936e-04   1.6950000e+03
  -9.8836003e-04   1.7100000e+03
  -1.0025000e-03   1.7250000e+03
  -1.0177030e-03   1.7400000e+03
  -1.0321446e-03   1.7550000e+03
  -1.0436821e-03   1.7700000e+03
  -1.0513987e-03   1.7850000e+03
  -1.0565112e-03   1.8000000e+03
  -1.0614457e-03   1.8150000e+03
  -1.0674197e-03   1.8300000e+03
  -1.0737900e-03   1.8450000e+03
  -1.0802610e-03   1.8600000e+03
  -1.0881791e-03   1.8750000e+03
  -1.0985663e-03   1.8900000e+03
  -1.1102569e-03   1.9050000e+03
  -1.1212057e-03   1.9200000e+03
  -1.1306014e-03   1.9350000e+03
  -1.1387975e-03   1.9500000e+03
  -1.1461484e-03   1.9650000e+03
  -1.1530410e-03   1.9800000e+03
  -1.1605700e-03   1.9950000e+03
  -1.1698623e-03   2.0100000e+03
  -1.1805132e-03   2.0250000e+03
  -1.1906009e-03   2.0400000e+03
  -1.1988762e-03   2.0550000e+03
  -1.2063895e-03   2.0700000e+03
  -1.2152951e-03   2.0850000e+03
  -1.2263292e-03   2.1000000e+03
  -1.2380743e-03   2.1150000e+03
  -1.2487073e-03   2.1300000e+03
  -1.2579621e-03   2.1450000e+03
  -1.2672090e-03   2.1600000e+03
  -1.2778820e-03   2.1750000e+03
  -1.2900061e-03   2.1900000e+03
