   2.8730014e-02   1.5000000e+02
   2.7099669e-02   1.6500000e+02
   2.5532629e-02   1.8000000e+02
   2.4403861e-02   1.9500000e+02
   2.4562905e-02   2.1000000e+02
   2.8225306e-02   2.2500000e+02
   4.1641343e-02   2.4000000e+02
   8.3214916e-02   2.5500000e+02
   2.0508617e-01   2.7000000e+02
   5.3141749e-01   2.8500000e+02
   1.2691331e+00   3.0000000e+02
   2.5516796e+00   3.1500000e+02
   4.0109940e+00   3.3000000e+02
   4.4339480e+00   3.4500000e+02
   2.4145653e+00   3.6000000e+02
  -1.8189425e+00   3.7500000e+02
  -5.4877281e+00   3.9000000e+02
  -5.6591892e+00   4.0500000e+02
  -2.8813770e+00   4.2000000e+02
  -5.3704447e-01   4.3500000e+02
  -1.0716370e-01   4.5000000e+02
   6.3946776e-02   4.6500000e+02
   7.0807040e-01   4.8000000e+02
   4.8506412e-01   4.9500000e+02
  -4.1546151e-01   5.1000000e+02
  -2.7679804e-01   5.2500000e+02
   4.9983215e-01   5.4000000e+02
   3.1026113e-01   5.5500000e+02
  -3.1246296e-01   5.7000000e+02
  -1.0076443e-01   5.8500000e+02
   3.1888303e-01   6.0000000e+02
