  -6.2046817e-04   7.6500000e+02
  -5.9574953e-04   7.8000000e+02
  -6.2671787e-04   7.9500000e+02
  -6.8596326e-04   8.1000000e+02
  -7.5888727e-04   8.2500000e+02
  -8.3147408e-04   8.4000000e+02
  -8.7635737e-04   8.5500000e+02
  -8.7688520e-04   8.7000000e+02
  -8.5696299e-04   8.8500000e+02
  -8.6139404e-04   9.0000000e+02
  -9.0540550e-04   9.1500000e+02
  -9.6346397e-04   9.3000000e+02
  -1.0075098e-03   9.4500000e+02
  -1.0329271e-03   9.6000000e+02
  -1.0444933e-03   9.7500000e+02
  -1.0439341e-03   9.9000000e+02
  -1.0414827e-03   1.0050000e+03
  -1.0558679e-03   1.0200000e+03
  -1.0891767e-03   1.0350000e+03
  -1.1198585e-03   1.0500000e+03
  -1.1322171e-03   1.0650000e+03
  -1.1370392e-03   1.0800000e+03
  -1.1528764e-03   1.0950000e+03
  -1.1808996e-03   1.1100000e+03
  -1.2082816e-03   1.1250000e+03
  -1.2261639e-03   1.1400000e+03
  -1.2353738e-03   1.1550000e+03
  -1.2404554e-03   1.1700000e+03
  -1.2448736e-03   1.1850000e+03
  -1.2502712e-03   1.2000000e+03
  -1.2575659e-03   1.2150000e+03
  -1.2698496e-03   1.2300000e+03
  -1.2942193e-03   1.2450000e+03
  -1.3373918e-03   1.2600000e+03
  -1.3975280e-03   1.2750000e+03
  -1.4622498e-03   1.2900000e+03
  -1.5160127e-03   1.3050000e+03
  -1.5486332e-03   1.3200000e+03
  -1.5595390e-03   1.3350000e+03
  -1.5603902e-03   1.3500000e+03
  -1.5726284e-03   1.3650000e+03
  -1.6115730e-03   1.3800000e+03
  -1.6680817e-03   1.3950000e+03
  -1.7143739e-03   1.4100000e+03
  -1.7344066e-03   1.4250000e+03
  -1.7425931e-03   1.4400000e+03
  -1.7669176e-03   1.4550000e+03
  -1.8180551e-03   1.4700000e+03
  -1.8800916e-03   1.4850000e+03
  -1.9289970e-03   1.5000000e+03
  -1.9565600e-03   1.5150000e+03
  -1.9767962e-03   1.5300000e+03
  -2.0099874e-03   1.5450000e+03
  -2.0608935e-03   1.5600000e+03
  -2.1151181e-03   1.5750000e+03
  -2.1582856e-03   1.5900000e+03
  -2.1941122e-03   1.6050000e+03
  -2.2376878e-03   1.6200000e+03
  -2.2936978e-03   1.6350000e+03
  -2.3506712e-03   1.6500000e+03
  -2.3989014e-03   1.6650000e+03
  -2.4445599e-03   1.6800000e+03
