  -1.1992304e-03   1.5000000e+03
  -1.2100249e-03   1.5150000e+03
  -1.2217653e-03   1.5300000e+03
  -1.2361620e-03   1.5450000e+03
  -1.2526219e-03   1.5600000e+03
  -1.2684873e-03   1.5750000e+03
  -1.2830882e-03   1.5900000e+03
  -1.2985794e-03   1.6050000e+03
  -1.3162451e-03   1.6200000e+03
  -1.3350740e-03   1.6350000e+03
  -1.3541167e-03   1.6500000e+03
  -1.3734170e-03   1.6650000e+03
  -1.3924887e-03   1.6800000e+03
  -1.4102211e-03   1.6950000e+03
  -1.4266433e-03   1.7100000e+03
  -1.4434046e-03   1.7250000e+03
  -1.4621317e-03   1.7400000e+03
  -1.4825570e-03   1.7550000e+03
  -1.5020258e-03   1.7700000e+03
  -1.5173332e-03   1.7850000e+03
  -1.5277351e-03   1.8000000e+03
  -1.5355253e-03   1.8150000e+03
  -1.5430908e-03   1.8300000e+03
  -1.5506238e-03   1.8450000e+03
  -1.5575266e-03   1.8600000e+03
  -1.5644263e-03   1.8750000e+03
  -1.5723037e-03   1.8900000e+03
  -1.5807531e-03   1.9050000e+03
  -1.5884881e-03   1.9200000e+03
  -1.5948223e-03   1.9350000e+03
  -1.5996123e-03   1.9500000e+03
  -1.6025343e-03   1.9650000e+03
  -1.6035992e-03   1.9800000e+03
  -1.6038609e-03   1.9950000e+03
  -1.6044710e-03   2.0100000e+03
  -1.6051641e-03   2.0250000e+03
  -1.6045746e-03   2.0400000e+03
  -1.6020023e-03   2.0550000e+03
  -1.5979999e-03   2.0700000e+03
  -1.5931129e-03   2.0850000e+03
  -1.5867340e-03   2.1000000e+03
  -1.5775309e-03   2.1150000e+03
  -1.5644433e-03   2.1300000e+03
  -1.5468646e-03   2.1450000e+03
  -1.5244187e-03   2.1600000e+03
  -1.4971761e-03   2.1750000e+03
  -1.4656957e-03   2.1900000e+03
