   1.4023236e-02   1.5000000e+02
   1.4482995e-02   1.6500000e+02
   1.5204848e-02   1.8000000e+02
   1.6312767e-02   1.9500000e+02
   1.7981527e-02   2.1000000e+02
   2.0474408e-02   2.2500000e+02
   2.4190160e-02   2.4000000e+02
   2.9720275e-02   2.5500000e+02
   3.7955973e-02   2.7000000e+02
   5.0296325e-02   2.8500000e+02
   6.8943828e-02   3.0000000e+02
   9.7159766e-02   3.1500000e+02
   1.3939270e-01   3.3000000e+02
   2.0145656e-01   3.4500000e+02
   2.9103807e-01   3.6000000e+02
   4.1832119e-01   3.7500000e+02
   5.9552878e-01   3.9000000e+02
   8.3330995e-01   4.0500000e+02
   1.1320717e+00   4.2000000e+02
   1.4686458e+00   4.3500000e+02
   1.7836802e+00   4.5000000e+02
   1.9812372e+00   4.6500000e+02
   1.9531384e+00   4.8000000e+02
   1.6285145e+00   4.9500000e+02
   1.0257436e+00   5.1000000e+02
   2.6839501e-01   5.2500000e+02
  -4.5968685e-01   5.4000000e+02
  -1.0019846e+00   5.5500000e+02
  -1.3001007e+00   5.7000000e+02
  -1.3943722e+00   5.8500000e+02
  -1.3627608e+00   6.0000000e+02
