  -7.6607727e-03   1.5000000e+02
  -7.6764184e-03   1.6500000e+02
  -7.6959929e-03   1.8000000e+02
  -7.7191382e-03   1.9500000e+02
  -7.7476818e-03   2.1000000e+02
  -7.7830348e-03   2.2500000e+02
  -7.8237858e-03   2.4000000e+02
  -7.8656627e-03   2.5500000e+02
  -7.9045165e-03   2.7000000e+02
  -7.9388674e-03   2.8500000e+02
  -7.9682879e-03   3.0000000e+02
  -7.9922676e-03   3.1500000e+02
  -8.0125993e-03   3.3000000e+02
  -8.0341808e-03   3.4500000e+02
  -8.0627687e-03   3.6000000e+02
  -8.1032552e-03   3.7500000e+02
  -8.1582898e-03   3.9000000e+02
  -8.2266461e-03   4.0500000e+02
  -8.3049629e-03   4.2000000e+02
  -8.3917920e-03   4.3500000e+02
  -8.4873633e-03   4.5000000e+02
  -8.5902512e-03   4.6500000e+02
  -8.6978655e-03   4.8000000e+02
  -8.8101793e-03   4.9500000e+02
  -8.9304289e-03   5.1000000e+02
  -9.0612760e-03   5.2500000e+02
  -9.2034647e-03   5.4000000e+02
  -9.3615353e-03   5.5500000e+02
  -9.5460527e-03   5.7000000e+02
  -9.7633842e-03   5.8500000e+02
  -1.0008000e-02   6.0000000e+02
