  -1.0440690e-02   1.5000000e+02
  -1.0512065e-02   1.6500000e+02
  -1.0600326e-02   1.8000000e+02
  -1.0707132e-02   1.9500000e+02
  -1.0836535e-02   2.1000000e+02
  -1.0991181e-02   2.2500000e+02
  -1.1168609e-02   2.4000000e+02
  -1.1359337e-02   2.5500000e+02
  -1.1553137e-02   2.7000000e+02
  -1.1747138e-02   2.8500000e+02
  -1.1943093e-02   3.0000000e+02
  -1.2142136e-02   3.1500000e+02
  -1.2345924e-02   3.3000000e+02
  -1.2556459e-02   3.4500000e+02
  -1.2773558e-02   3.6000000e+02
  -1.2996253e-02   3.7500000e+02
  -1.3224709e-02   3.9000000e+02
  -1.3460531e-02   4.0500000e+02
  -1.3708907e-02   4.2000000e+02
  -1.3975553e-02   4.3500000e+02
  -1.4255187e-02   4.5000000e+02
  -1.4530763e-02   4.6500000e+02
  -1.4792210e-02   4.8000000e+02
  -1.5048540e-02   4.9500000e+02
  -1.5311255e-02   5.1000000e+02
  -1.5569717e-02   5.2500000e+02
  -1.5796723e-02   5.4000000e+02
  -1.5978495e-02   5.5500000e+02
  -1.6117087e-02   5.7000000e+02
  -1.6194612e-02   5.8500000e+02
  -1.6160490e-02   6.0000000e+02
