  -5.8150647e-04   7.6500000e+02
  -5.5780058e-04   7.8000000e+02
  -5.8709120e-04   7.9500000e+02
  -6.4271700e-04   8.1000000e+02
  -7.1211939e-04   8.2500000e+02
  -7.8271644e-04   8.4000000e+02
  -8.2687987e-04   8.5500000e+02
  -8.2710729e-04   8.7000000e+02
  -8.0720161e-04   8.8500000e+02
  -8.1198325e-04   9.0000000e+02
  -8.5566647e-04   9.1500000e+02
  -9.1165199e-04   9.3000000e+02
  -9.5269782e-04   9.4500000e+02
  -9.7630516e-04   9.6000000e+02
  -9.8800287e-04   9.7500000e+02
  -9.8820147e-04   9.9000000e+02
  -9.8578795e-04   1.0050000e+03
  -9.9936570e-04   1.0200000e+03
  -1.0313304e-03   1.0350000e+03
  -1.0603974e-03   1.0500000e+03
  -1.0715075e-03   1.0650000e+03
  -1.0758500e-03   1.0800000e+03
  -1.0911927e-03   1.0950000e+03
  -1.1177062e-03   1.1100000e+03
  -1.1429987e-03   1.1250000e+03
  -1.1595230e-03   1.1400000e+03
  -1.1684427e-03   1.1550000e+03
  -1.1734162e-03   1.1700000e+03
  -1.1771858e-03   1.1850000e+03
  -1.1815720e-03   1.2000000e+03
  -1.1878918e-03   1.2150000e+03
  -1.1989819e-03   1.2300000e+03
  -1.2211399e-03   1.2450000e+03
  -1.2606455e-03   1.2600000e+03
  -1.3161025e-03   1.2750000e+03
  -1.3759651e-03   1.2900000e+03
  -1.4253345e-03   1.3050000e+03
  -1.4545502e-03   1.3200000e+03
  -1.4633865e-03   1.3350000e+03
  -1.4630596e-03   1.3500000e+03
  -1.4736688e-03   1.3650000e+03
  -1.5094958e-03   1.3800000e+03
  -1.5618827e-03   1.3950000e+03
  -1.6045516e-03   1.4100000e+03
  -1.6222304e-03   1.4250000e+03
  -1.6284396e-03   1.4400000e+03
  -1.6495464e-03   1.4550000e+03
  -1.6956251e-03   1.4700000e+03
  -1.7518252e-03   1.4850000e+03
  -1.7957162e-03   1.5000000e+03
  -1.8196146e-03   1.5150000e+03
  -1.8365454e-03   1.5300000e+03
  -1.8653873e-03   1.5450000e+03
  -1.9104935e-03   1.5600000e+03
  -1.9583006e-03   1.5750000e+03
  -1.9953940e-03   1.5900000e+03
  -2.0254259e-03   1.6050000e+03
  -2.0626138e-03   1.6200000e+03
  -2.1112275e-03   1.6350000e+03
  -2.1603252e-03   1.6500000e+03
  -2.2007064e-03   1.6650000e+03
  -2.2381535e-03   1.6800000e+03
