  -8.4522745e-04   1.5000000e+03
  -8.5011416e-04   1.5150000e+03
  -8.5567054e-04   1.5300000e+03
  -8.6356804e-04   1.5450000e+03
  -8.7406480e-04   1.5600000e+03
  -8.8429672e-04   1.5750000e+03
  -8.9253427e-04   1.5900000e+03
  -9.0041076e-04   1.6050000e+03
  -9.0970407e-04   1.6200000e+03
  -9.2052150e-04   1.6350000e+03
  -9.3284540e-04   1.6500000e+03
  -9.4668870e-04   1.6650000e+03
  -9.6107030e-04   1.6800000e+03
  -9.7525137e-04   1.6950000e+03
  -9.9021394e-04   1.7100000e+03
  -1.0070612e-03   1.7250000e+03
  -1.0246995e-03   1.7400000e+03
  -1.0403708e-03   1.7550000e+03
  -1.0519517e-03   1.7700000e+03
  -1.0594653e-03   1.7850000e+03
  -1.0651075e-03   1.8000000e+03
  -1.0715679e-03   1.8150000e+03
  -1.0796704e-03   1.8300000e+03
  -1.0883539e-03   1.8450000e+03
  -1.0974215e-03   1.8600000e+03
  -1.1086350e-03   1.8750000e+03
  -1.1230749e-03   1.8900000e+03
  -1.1390877e-03   1.9050000e+03
  -1.1540748e-03   1.9200000e+03
  -1.1670815e-03   1.9350000e+03
  -1.1786930e-03   1.9500000e+03
  -1.1895576e-03   1.9650000e+03
  -1.2002571e-03   1.9800000e+03
  -1.2120121e-03   1.9950000e+03
  -1.2260228e-03   2.0100000e+03
  -1.2417121e-03   2.0250000e+03
  -1.2566412e-03   2.0400000e+03
  -1.2691297e-03   2.0550000e+03
  -1.2805033e-03   2.0700000e+03
  -1.2937941e-03   2.0850000e+03
  -1.3102929e-03   2.1000000e+03
  -1.3282186e-03   2.1150000e+03
  -1.3450488e-03   2.1300000e+03
  -1.3605260e-03   2.1450000e+03
  -1.3768539e-03   2.1600000e+03
  -1.3960907e-03   2.1750000e+03
  -1.4177945e-03   2.1900000e+03
