   1.2351984e-02   1.5000000e+02
   1.1086596e-02   1.6500000e+02
   9.6766632e-03   1.8000000e+02
   8.1682475e-03   1.9500000e+02
   6.7444528e-03   2.1000000e+02
   5.8122561e-03   2.2500000e+02
   6.2668985e-03   2.4000000e+02
   1.0258834e-02   2.5500000e+02
   2.3412146e-02   2.7000000e+02
   6.1282497e-02   2.8500000e+02
   1.6529089e-01   3.0000000e+02
   4.2844865e-01   3.1500000e+02
   9.9967897e-01   3.3000000e+02
   1.9807658e+00   3.4500000e+02
   3.1559978e+00   3.6000000e+02
   3.7526937e+00   3.7500000e+02
   2.7401891e+00   3.9000000e+02
  -1.3963726e-01   4.0500000e+02
  -3.5218756e+00   4.2000000e+02
  -5.1407552e+00   4.3500000e+02
  -3.9511456e+00   4.5000000e+02
  -1.3256210e+00   4.6500000e+02
   4.2795035e-01   4.8000000e+02
   5.6352258e-01   4.9500000e+02
   1.3595536e-01   5.1000000e+02
   1.7296250e-03   5.2500000e+02
  -5.2655566e-02   5.4000000e+02
  -1.6977656e-01   5.5500000e+02
  -4.5487609e-02   5.7000000e+02
   1.7123835e-01   5.8500000e+02
   8.7603323e-02   6.0000000e+02
