  -8.9190115e-04   1.5000000e+03
  -8.9886627e-04   1.5150000e+03
  -9.0665661e-04   1.5300000e+03
  -9.1684458e-04   1.5450000e+03
  -9.2952035e-04   1.5600000e+03
  -9.4205677e-04   1.5750000e+03
  -9.5299212e-04   1.5900000e+03
  -9.6386392e-04   1.6050000e+03
  -9.7620778e-04   1.6200000e+03
  -9.8995212e-04   1.6350000e+03
  -1.0049543e-03   1.6500000e+03
  -1.0212689e-03   1.6650000e+03
  -1.0381363e-03   1.6800000e+03
  -1.0548781e-03   1.6950000e+03
  -1.0722424e-03   1.7100000e+03
  -1.0912524e-03   1.7250000e+03
  -1.1112976e-03   1.7400000e+03
  -1.1303073e-03   1.7550000e+03
  -1.1463678e-03   1.7700000e+03
  -1.1590607e-03   1.7850000e+03
  -1.1698836e-03   1.8000000e+03
  -1.1811475e-03   1.8150000e+03
  -1.1937945e-03   1.8300000e+03
  -1.2070284e-03   1.8450000e+03
  -1.2205528e-03   1.8600000e+03
  -1.2357197e-03   1.8750000e+03
  -1.2534749e-03   1.8900000e+03
  -1.2725980e-03   1.9050000e+03
  -1.2910744e-03   1.9200000e+03
  -1.3082145e-03   1.9350000e+03
  -1.3245322e-03   1.9500000e+03
  -1.3405426e-03   1.9650000e+03
  -1.3567444e-03   1.9800000e+03
  -1.3742230e-03   1.9950000e+03
  -1.3940504e-03   2.0100000e+03
  -1.4157746e-03   2.0250000e+03
  -1.4374343e-03   2.0400000e+03
  -1.4577347e-03   2.0550000e+03
  -1.4777910e-03   2.0700000e+03
  -1.4999748e-03   2.0850000e+03
  -1.5251680e-03   2.1000000e+03
  -1.5517747e-03   2.1150000e+03
  -1.5775609e-03   2.1300000e+03
  -1.6019996e-03   2.1450000e+03
  -1.6266216e-03   2.1600000e+03
  -1.6532573e-03   2.1750000e+03
  -1.6821825e-03   2.1900000e+03
