  -1.9148779e-04   7.6500000e+02
  -1.3833755e-04   7.8000000e+02
  -2.0718935e-04   7.9500000e+02
  -3.9307561e-04   8.1000000e+02
  -5.9341593e-04   8.2500000e+02
  -7.2437094e-04   8.4000000e+02
  -8.0573570e-04   8.5500000e+02
  -8.9105312e-04   8.7000000e+02
  -9.7102654e-04   8.8500000e+02
  -1.0188547e-03   9.0000000e+02
  -1.0892195e-03   9.1500000e+02
  -1.2703845e-03   9.3000000e+02
  -1.5438825e-03   9.4500000e+02
  -1.7917213e-03   9.6000000e+02
  -1.9554251e-03   9.7500000e+02
  -2.0964302e-03   9.9000000e+02
  -2.2853506e-03   1.0050000e+03
  -2.5232846e-03   1.0200000e+03
  -2.7870161e-03   1.0350000e+03
  -3.0622333e-03   1.0500000e+03
  -3.3201014e-03   1.0650000e+03
  -3.5446421e-03   1.0800000e+03
  -3.7872791e-03   1.0950000e+03
  -4.1171038e-03   1.1100000e+03
  -4.5217304e-03   1.1250000e+03
  -4.9272245e-03   1.1400000e+03
  -5.3050932e-03   1.1550000e+03
  -5.6934990e-03   1.1700000e+03
  -6.1170245e-03   1.1850000e+03
  -6.5422892e-03   1.2000000e+03
  -6.9271098e-03   1.2150000e+03
  -7.2801486e-03   1.2300000e+03
  -7.6442063e-03   1.2450000e+03
  -8.0227954e-03   1.2600000e+03
  -8.3385771e-03   1.2750000e+03
  -8.4536672e-03   1.2900000e+03
  -8.1866682e-03   1.3050000e+03
  -7.2778272e-03   1.3200000e+03
  -5.3285188e-03   1.3350000e+03
  -1.7148786e-03   1.3500000e+03
   4.6099559e-03   1.3650000e+03
   1.5492665e-02   1.3800000e+03
   3.4100149e-02   1.3950000e+03
   6.5492518e-02   1.4100000e+03
   1.1711451e-01   1.4250000e+03
   1.9884558e-01   1.4400000e+03
   3.2176819e-01   1.4550000e+03
   4.9436021e-01   1.4700000e+03
   7.1504754e-01   1.4850000e+03
   9.6173841e-01   1.5000000e+03
   1.1823666e+00   1.5150000e+03
   1.2944621e+00   1.5300000e+03
   1.2031647e+00   1.5450000e+03
   8.4146988e-01   1.5600000e+03
   2.2175045e-01   1.5750000e+03
  -5.3066969e-01   1.5900000e+03
  -1.1976858e+00   1.6050000e+03
  -1.5565594e+00   1.6200000e+03
  -1.5013142e+00   1.6350000e+03
  -1.1178008e+00   1.6500000e+03
  -6.4057809e-01   1.6650000e+03
  -2.9966009e-01   1.6800000e+03
