  -6.3292484e-04   7.6500000e+02
  -6.1183324e-04   7.8000000e+02
  -6.4208859e-04   7.9500000e+02
  -6.9937605e-04   8.1000000e+02
  -7.6665822e-04   8.2500000e+02
  -8.2939334e-04   8.4000000e+02
  -8.6685631e-04   8.5500000e+02
  -8.6809497e-04   8.7000000e+02
  -8.5230905e-04   8.8500000e+02
  -8.5504341e-04   9.0000000e+02
  -8.9098798e-04   9.1500000e+02
  -9.4237213e-04   9.3000000e+02
  -9.8443311e-04   9.4500000e+02
  -1.0079620e-03   9.6000000e+02
  -1.0151607e-03   9.7500000e+02
  -1.0111688e-03   9.9000000e+02
  -1.0076175e-03   1.0050000e+03
  -1.0195525e-03   1.0200000e+03
  -1.0479422e-03   1.0350000e+03
  -1.0752678e-03   1.0500000e+03
  -1.0875132e-03   1.0650000e+03
  -1.0920159e-03   1.0800000e+03
  -1.1052645e-03   1.0950000e+03
  -1.1305742e-03   1.1100000e+03
  -1.1565344e-03   1.1250000e+03
  -1.1727600e-03   1.1400000e+03
  -1.1792521e-03   1.1550000e+03
  -1.1821213e-03   1.1700000e+03
  -1.1862008e-03   1.1850000e+03
  -1.1926480e-03   1.2000000e+03
  -1.2013691e-03   1.2150000e+03
  -1.2153136e-03   1.2300000e+03
  -1.2417870e-03   1.2450000e+03
  -1.2869653e-03   1.2600000e+03
  -1.3482171e-03   1.2750000e+03
  -1.4136662e-03   1.2900000e+03
  -1.4694348e-03   1.3050000e+03
  -1.5061167e-03   1.3200000e+03
  -1.5221314e-03   1.3350000e+03
  -1.5275431e-03   1.3500000e+03
  -1.5426554e-03   1.3650000e+03
  -1.5824542e-03   1.3800000e+03
  -1.6389639e-03   1.3950000e+03
  -1.6869537e-03   1.4100000e+03
  -1.7120778e-03   1.4250000e+03
  -1.7278097e-03   1.4400000e+03
  -1.7598454e-03   1.4550000e+03
  -1.8177440e-03   1.4700000e+03
  -1.8863134e-03   1.4850000e+03
  -1.9428788e-03   1.5000000e+03
  -1.9799129e-03   1.5150000e+03
  -2.0110039e-03   1.5300000e+03
  -2.0556722e-03   1.5450000e+03
  -2.1188816e-03   1.5600000e+03
  -2.1874041e-03   1.5750000e+03
  -2.2473854e-03   1.5900000e+03
  -2.3015409e-03   1.6050000e+03
  -2.3638101e-03   1.6200000e+03
  -2.4393655e-03   1.6350000e+03
  -2.5185186e-03   1.6500000e+03
  -2.5926654e-03   1.6650000e+03
  -2.6674713e-03   1.6800000e+03
