  -7.0738359e-03   1.5000000e+03
  -7.5962208e-03   1.5150000e+03
  -8.1605325e-03   1.5300000e+03
  -8.7507265e-03   1.5450000e+03
  -9.3237748e-03   1.5600000e+03
  -9.8074563e-03   1.5750000e+03
  -1.0064247e-02   1.5900000e+03
  -9.7802011e-03   1.6050000e+03
  -8.2464507e-03   1.6200000e+03
  -3.9967359e-03   1.6350000e+03
   5.7366025e-03   1.6500000e+03
   2.5724977e-02   1.6650000e+03
   6.3365519e-02   1.6800000e+03
   1.2854685e-01   1.6950000e+03
   2.3152207e-01   1.7100000e+03
   3.7730178e-01   1.7250000e+03
   5.5598271e-01   1.7400000e+03
   7.3136681e-01   1.7550000e+03
   8.3504820e-01   1.7700000e+03
   7.7723116e-01   1.7850000e+03
   4.8343423e-01   1.8000000e+03
  -4.7516800e-02   1.8150000e+03
  -6.9275385e-01   1.8300000e+03
  -1.2094873e+00   1.8450000e+03
  -1.3302604e+00   1.8600000e+03
  -9.2878371e-01   1.8750000e+03
  -1.5731294e-01   1.8900000e+03
   5.7523221e-01   1.9050000e+03
   8.3434683e-01   1.9200000e+03
   4.7562066e-01   1.9350000e+03
  -2.0886162e-01   1.9500000e+03
  -6.8802643e-01   1.9650000e+03
  -6.1934972e-01   1.9800000e+03
  -1.3829659e-01   1.9950000e+03
   2.8355831e-01   2.0100000e+03
   2.9884142e-01   2.0250000e+03
   4.8314356e-03   2.0400000e+03
  -2.0875773e-01   2.0550000e+03
  -1.0580058e-01   2.0700000e+03
   1.6125190e-01   2.0850000e+03
   2.7050063e-01   2.1000000e+03
   1.0639526e-01   2.1150000e+03
  -1.5307422e-01   2.1300000e+03
  -2.7863488e-01   2.1450000e+03
  -2.1293510e-01   2.1600000e+03
  -4.6335973e-02   2.1750000e+03
   1.1429974e-01   2.1900000e+03
