   1.2969060e+00   1.5000000e+03
   1.2762567e+00   1.5150000e+03
   9.7186112e-01   1.5300000e+03
   3.6783376e-01   1.5450000e+03
  -4.2470330e-01   1.5600000e+03
  -1.1753132e+00   1.5750000e+03
  -1.6255574e+00   1.5900000e+03
  -1.6295990e+00   1.6050000e+03
  -1.2503346e+00   1.6200000e+03
  -7.2355002e-01   1.6350000e+03
  -2.9869163e-01   1.6500000e+03
  -7.9862587e-02   1.6650000e+03
  -2.7199932e-03   1.6800000e+03
   4.5284685e-02   1.6950000e+03
   9.8395400e-02   1.7100000e+03
   1.1043386e-01   1.7250000e+03
   5.1676419e-02   1.7400000e+03
  -3.3249434e-02   1.7550000e+03
  -7.2933078e-02   1.7700000e+03
  -4.2846747e-02   1.7850000e+03
   2.8870689e-02   1.8000000e+03
   1.0236487e-01   1.8150000e+03
   1.4103490e-01   1.8300000e+03
   1.0600902e-01   1.8450000e+03
  -1.5745766e-02   1.8600000e+03
  -1.7046493e-01   1.8750000e+03
  -2.6046854e-01   1.8900000e+03
  -2.2544138e-01   1.9050000e+03
  -8.6862661e-02   1.9200000e+03
   8.4452949e-02   1.9350000e+03
   2.1527249e-01   1.9500000e+03
   2.4717578e-01   1.9650000e+03
   1.5774260e-01   1.9800000e+03
  -3.8419813e-03   1.9950000e+03
  -1.3138105e-01   2.0100000e+03
  -1.4955148e-01   2.0250000e+03
  -7.9577401e-02   2.0400000e+03
   2.6616526e-03   2.0550000e+03
   5.3834133e-02   2.0700000e+03
   7.9518564e-02   2.0850000e+03
   8.7321579e-02   2.1000000e+03
   7.2102621e-02   2.1150000e+03
   4.3838978e-02   2.1300000e+03
   2.6624527e-02   2.1450000e+03
   2.4394976e-02   2.1600000e+03
   1.7281150e-02   2.1750000e+03
  -7.2830310e-03   2.1900000e+03
