   3.3129600e-03   1.5000000e+02
   3.3750823e-03   1.6500000e+02
   3.4880068e-03   1.8000000e+02
   3.6786541e-03   1.9500000e+02
   3.9759236e-03   2.1000000e+02
   4.4247610e-03   2.2500000e+02
   5.1076692e-03   2.4000000e+02
   6.1561200e-03   2.5500000e+02
   7.7439053e-03   2.7000000e+02
   1.0093567e-02   2.8500000e+02
   1.3535766e-02   3.0000000e+02
   1.8592974e-02   3.1500000e+02
   2.6030948e-02   3.3000000e+02
   3.6900163e-02   3.4500000e+02
   5.2645195e-02   3.6000000e+02
   7.5321898e-02   3.7500000e+02
   1.0791800e-01   3.9000000e+02
   1.5469477e-01   4.0500000e+02
   2.2129516e-01   4.2000000e+02
   3.1436595e-01   4.3500000e+02
   4.4077811e-01   4.5000000e+02
   6.0673505e-01   4.6500000e+02
   8.1635189e-01   4.8000000e+02
   1.0673605e+00   4.9500000e+02
   1.3406540e+00   5.1000000e+02
   1.5855751e+00   5.2500000e+02
   1.7148412e+00   5.4000000e+02
   1.6295353e+00   5.5500000e+02
   1.2773924e+00   5.7000000e+02
   7.0807421e-01   5.8500000e+02
   6.8070494e-02   6.0000000e+02
