  -2.6804430e-03   7.6500000e+02
  -3.0881525e-03   7.8000000e+02
  -3.3036047e-03   7.9500000e+02
  -3.4994620e-03   8.1000000e+02
  -3.6664812e-03   8.2500000e+02
  -3.7851331e-03   8.4000000e+02
  -4.0064040e-03   8.5500000e+02
  -4.4755731e-03   8.7000000e+02
  -5.0682672e-03   8.8500000e+02
  -5.5147316e-03   9.0000000e+02
  -5.7611191e-03   9.1500000e+02
  -5.9953611e-03   9.3000000e+02
  -6.2971059e-03   9.4500000e+02
  -6.4594471e-03   9.6000000e+02
  -6.1672218e-03   9.7500000e+02
  -5.0778557e-03   9.9000000e+02
  -2.5487561e-03   1.0050000e+03
   2.6889823e-03   1.0200000e+03
   1.2776367e-02   1.0350000e+03
   3.1246850e-02   1.0500000e+03
   6.3956276e-02   1.0650000e+03
   1.1993904e-01   1.0800000e+03
   2.1154913e-01   1.0950000e+03
   3.5320169e-01   1.1100000e+03
   5.5748564e-01   1.1250000e+03
   8.2718539e-01   1.1400000e+03
   1.1432348e+00   1.1550000e+03
   1.4520780e+00   1.1700000e+03
   1.6602336e+00   1.1850000e+03
   1.6467279e+00   1.2000000e+03
   1.3015296e+00   1.2150000e+03
   5.8625090e-01   1.2300000e+03
  -4.0660927e-01   1.2450000e+03
  -1.4367205e+00   1.2600000e+03
  -2.1779277e+00   1.2750000e+03
  -2.3578339e+00   1.2900000e+03
  -1.9132847e+00   1.3050000e+03
  -1.0592531e+00   1.3200000e+03
  -1.9593512e-01   1.3350000e+03
   3.1719118e-01   1.3500000e+03
   3.7551159e-01   1.3650000e+03
   1.6514595e-01   1.3800000e+03
  -2.0614997e-02   1.3950000e+03
  -3.5572398e-02   1.4100000e+03
   2.1365171e-02   1.4250000e+03
  -4.5277406e-02   1.4400000e+03
  -2.8584114e-01   1.4550000e+03
  -5.2695507e-01   1.4700000e+03
  -5.4438239e-01   1.4850000e+03
  -3.0030456e-01   1.5000000e+03
   1.6534742e-02   1.5150000e+03
   1.8599220e-01   1.5300000e+03
   1.5924872e-01   1.5450000e+03
   5.0853238e-02   1.5600000e+03
  -3.1619903e-02   1.5750000e+03
  -9.0229139e-02   1.5900000e+03
  -1.6675453e-01   1.6050000e+03
  -2.3638970e-01   1.6200000e+03
  -2.2484465e-01   1.6350000e+03
  -1.0753273e-01   1.6500000e+03
   6.4335860e-02   1.6650000e+03
   2.3477519e-01   1.6800000e+03
