   1.5397801e-01   1.5000000e+03
   2.2288370e-01   1.5150000e+03
   4.3922529e-01   1.5300000e+03
   5.5625731e-01   1.5450000e+03
   4.4080600e-01   1.5600000e+03
   2.4976605e-01   1.5750000e+03
   1.6082457e-01   1.5900000e+03
   9.6010759e-02   1.6050000e+03
  -1.1464745e-01   1.6200000e+03
  -3.8747233e-01   1.6350000e+03
  -4.3082649e-01   1.6500000e+03
  -1.5847680e-01   1.6650000e+03
   1.4603856e-01   1.6800000e+03
   1.8206850e-01   1.6950000e+03
   3.2932807e-03   1.7100000e+03
  -1.0541906e-01   1.7250000e+03
  -2.7940322e-02   1.7400000e+03
   7.9978585e-02   1.7550000e+03
   6.3867256e-02   1.7700000e+03
  -2.6732024e-02   1.7850000e+03
  -6.0306855e-02   1.8000000e+03
  -1.8832276e-02   1.8150000e+03
   2.1075139e-02   1.8300000e+03
   2.6524823e-02   1.8450000e+03
   2.4944557e-02   1.8600000e+03
   1.6473023e-02   1.8750000e+03
  -2.6281461e-02   1.8900000e+03
  -7.0014015e-02   1.9050000e+03
  -3.2032620e-02   1.9200000e+03
   8.7500356e-02   1.9350000e+03
   1.7178896e-01   1.9500000e+03
   1.3945712e-01   1.9650000e+03
   5.4812238e-02   1.9800000e+03
   1.9623503e-02   1.9950000e+03
   2.6874455e-02   2.0100000e+03
   7.9641370e-03   2.0250000e+03
  -3.6034770e-02   2.0400000e+03
  -5.1197182e-02   2.0550000e+03
  -3.6597025e-02   2.0700000e+03
  -3.5287987e-02   2.0850000e+03
  -4.9539488e-02   2.1000000e+03
  -5.0107915e-02   2.1150000e+03
  -3.9440535e-02   2.1300000e+03
  -3.2666706e-02   2.1450000e+03
  -1.3796438e-02   2.1600000e+03
   2.3600057e-02   2.1750000e+03
   3.8176708e-02   2.1900000e+03
