  -8.3499629e-04   7.6500000e+02
  -8.0058258e-04   7.8000000e+02
  -8.4390369e-04   7.9500000e+02
  -9.3391642e-04   8.1000000e+02
  -1.0339856e-03   8.2500000e+02
  -1.1153014e-03   8.4000000e+02
  -1.1589964e-03   8.5500000e+02
  -1.1619312e-03   8.7000000e+02
  -1.1445875e-03   8.8500000e+02
  -1.1430841e-03   9.0000000e+02
  -1.1824043e-03   9.1500000e+02
  -1.2550334e-03   9.3000000e+02
  -1.3281504e-03   9.4500000e+02
  -1.3720843e-03   9.6000000e+02
  -1.3815142e-03   9.7500000e+02
  -1.3736797e-03   9.9000000e+02
  -1.3728921e-03   1.0050000e+03
  -1.3953625e-03   1.0200000e+03
  -1.4386959e-03   1.0350000e+03
  -1.4819978e-03   1.0500000e+03
  -1.5049189e-03   1.0650000e+03
  -1.5114733e-03   1.0800000e+03
  -1.5262084e-03   1.0950000e+03
  -1.5622519e-03   1.1100000e+03
  -1.6043115e-03   1.1250000e+03
  -1.6299111e-03   1.1400000e+03
  -1.6365458e-03   1.1550000e+03
  -1.6394077e-03   1.1700000e+03
  -1.6503265e-03   1.1850000e+03
  -1.6681623e-03   1.2000000e+03
  -1.6882397e-03   1.2150000e+03
  -1.7157245e-03   1.2300000e+03
  -1.7660245e-03   1.2450000e+03
  -1.8499952e-03   1.2600000e+03
  -1.9607882e-03   1.2750000e+03
  -2.0779502e-03   1.2900000e+03
  -2.1805677e-03   1.3050000e+03
  -2.2538751e-03   1.3200000e+03
  -2.2936692e-03   1.3350000e+03
  -2.3161431e-03   1.3500000e+03
  -2.3563132e-03   1.3650000e+03
  -2.4391953e-03   1.3800000e+03
  -2.5501489e-03   1.3950000e+03
  -2.6471673e-03   1.4100000e+03
  -2.7085398e-03   1.4250000e+03
  -2.7596781e-03   1.4400000e+03
  -2.8460615e-03   1.4550000e+03
  -2.9845191e-03   1.4700000e+03
  -3.1472805e-03   1.4850000e+03
  -3.2924025e-03   1.5000000e+03
  -3.4056446e-03   1.5150000e+03
  -3.5120305e-03   1.5300000e+03
  -3.6482231e-03   1.5450000e+03
  -3.8255085e-03   1.5600000e+03
  -4.0225987e-03   1.5750000e+03
  -4.2155194e-03   1.5900000e+03
  -4.4082301e-03   1.6050000e+03
  -4.6253856e-03   1.6200000e+03
  -4.8783505e-03   1.6350000e+03
  -5.1532313e-03   1.6500000e+03
  -5.4375357e-03   1.6650000e+03
  -5.7439068e-03   1.6800000e+03
