  -3.0759294e-03   1.5000000e+03
  -3.2469509e-03   1.5150000e+03
  -3.4357251e-03   1.5300000e+03
  -3.6418836e-03   1.5450000e+03
  -3.8617775e-03   1.5600000e+03
  -4.0965793e-03   1.5750000e+03
  -4.3570236e-03   1.5900000e+03
  -4.6578483e-03   1.6050000e+03
  -5.0072693e-03   1.6200000e+03
  -5.4024057e-03   1.6350000e+03
  -5.8359369e-03   1.6500000e+03
  -6.3079367e-03   1.6650000e+03
  -6.8318159e-03   1.6800000e+03
  -7.4290545e-03   1.6950000e+03
  -8.1148753e-03   1.7100000e+03
  -8.8776620e-03   1.7250000e+03
  -9.6470006e-03   1.7400000e+03
  -1.0232055e-02   1.7550000e+03
  -1.0203503e-02   1.7700000e+03
  -8.6969696e-03   1.7850000e+03
  -4.1359430e-03   1.8000000e+03
   6.0728681e-03   1.8150000e+03
   2.5694957e-02   1.8300000e+03
   5.9320346e-02   1.8450000e+03
   1.1104341e-01   1.8600000e+03
   1.8183957e-01   1.8750000e+03
   2.6589304e-01   1.8900000e+03
   3.4719974e-01   1.9050000e+03
   3.9897138e-01   1.9200000e+03
   3.8878942e-01   1.9350000e+03
   2.9089111e-01   1.9500000e+03
   1.0287705e-01   1.9650000e+03
  -1.4111516e-01   1.9800000e+03
  -3.7146363e-01   1.9950000e+03
  -5.0509268e-01   2.0100000e+03
  -4.8368856e-01   2.0250000e+03
  -3.0965227e-01   2.0400000e+03
  -5.6050848e-02   2.0550000e+03
   1.6219443e-01   2.0700000e+03
   2.4490583e-01   2.0850000e+03
   1.5957586e-01   2.1000000e+03
  -4.1032728e-02   2.1150000e+03
  -2.4630751e-01   2.1300000e+03
  -3.4314799e-01   2.1450000e+03
  -2.7108693e-01   2.1600000e+03
  -5.5779353e-02   2.1750000e+03
   1.9194341e-01   2.1900000e+03
