  -7.5343037e-03   1.5000000e+02
  -7.5863097e-03   1.6500000e+02
  -7.6510953e-03   1.8000000e+02
  -7.7292291e-03   1.9500000e+02
  -7.8230472e-03   2.1000000e+02
  -7.9349540e-03   2.2500000e+02
  -8.0643715e-03   2.4000000e+02
  -8.2049714e-03   2.5500000e+02
  -8.3473371e-03   2.7000000e+02
  -8.4871463e-03   2.8500000e+02
  -8.6291470e-03   3.0000000e+02
  -8.7802494e-03   3.1500000e+02
  -8.9388015e-03   3.3000000e+02
  -9.0924026e-03   3.4500000e+02
  -9.2241261e-03   3.6000000e+02
  -9.3189757e-03   3.7500000e+02
  -9.3696387e-03   3.9000000e+02
  -9.3791531e-03   4.0500000e+02
  -9.3504824e-03   4.2000000e+02
  -9.2693446e-03   4.3500000e+02
  -9.1050565e-03   4.5000000e+02
  -8.8311033e-03   4.6500000e+02
  -8.4363418e-03   4.8000000e+02
  -7.9146447e-03   4.9500000e+02
  -7.2496217e-03   5.1000000e+02
  -6.4047207e-03   5.2500000e+02
  -5.3177639e-03   5.4000000e+02
  -3.9009629e-03   5.5500000e+02
  -2.0448219e-03   5.7000000e+02
   3.7951258e-04   5.8500000e+02
   3.5297871e-03   6.0000000e+02
