   5.1768965e-01   1.5000000e+03
   4.4728202e-01   1.5150000e+03
   3.5519406e-01   1.5300000e+03
   2.4923886e-01   1.5450000e+03
   1.3996649e-01   1.5600000e+03
   3.8368069e-02   1.5750000e+03
  -4.7251754e-02   1.5900000e+03
  -1.1387733e-01   1.6050000e+03
  -1.6432148e-01   1.6200000e+03
  -2.0515549e-01   1.6350000e+03
  -2.4312697e-01   1.6500000e+03
  -2.8212264e-01   1.6650000e+03
  -3.2216522e-01   1.6800000e+03
  -3.6040625e-01   1.6950000e+03
  -3.9294058e-01   1.7100000e+03
  -4.1626978e-01   1.7250000e+03
  -4.2797983e-01   1.7400000e+03
  -4.2683154e-01   1.7550000e+03
  -4.1262746e-01   1.7700000e+03
  -3.8610944e-01   1.7850000e+03
  -3.4898630e-01   1.8000000e+03
  -3.0399874e-01   1.8150000e+03
  -2.5478059e-01   1.8300000e+03
  -2.0535962e-01   1.8450000e+03
  -1.5943371e-01   1.8600000e+03
  -1.1972062e-01   1.8750000e+03
  -8.7549374e-02   1.8900000e+03
  -6.2701479e-02   1.9050000e+03
  -4.3557666e-02   1.9200000e+03
  -2.7664786e-02   1.9350000e+03
  -1.2644174e-02   1.9500000e+03
   2.9223091e-03   1.9650000e+03
   1.9028438e-02   1.9800000e+03
   3.4377962e-02   1.9950000e+03
   4.7057960e-02   2.0100000e+03
   5.5517163e-02   2.0250000e+03
   5.9414294e-02   2.0400000e+03
   5.9810881e-02   2.0550000e+03
   5.8505978e-02   2.0700000e+03
   5.6962304e-02   2.0850000e+03
   5.5644263e-02   2.1000000e+03
   5.4222021e-02   2.1150000e+03
   5.2314781e-02   2.1300000e+03
   5.0033767e-02   2.1450000e+03
   4.7901560e-02   2.1600000e+03
   4.6363812e-02   2.1750000e+03
   4.5422308e-02   2.1900000e+03
