  -1.0591168e-02   1.5000000e+02
  -1.0792448e-02   1.6500000e+02
  -1.1037452e-02   1.8000000e+02
  -1.1332860e-02   1.9500000e+02
  -1.1686480e-02   2.1000000e+02
  -1.2102765e-02   2.2500000e+02
  -1.2577021e-02   2.4000000e+02
  -1.3088838e-02   2.5500000e+02
  -1.3614211e-02   2.7000000e+02
  -1.4145909e-02   2.8500000e+02
  -1.4690569e-02   3.0000000e+02
  -1.5252142e-02   3.1500000e+02
  -1.5823729e-02   3.3000000e+02
  -1.6383076e-02   3.4500000e+02
  -1.6890543e-02   3.6000000e+02
  -1.7295703e-02   3.7500000e+02
  -1.7546428e-02   3.9000000e+02
  -1.7595109e-02   4.0500000e+02
  -1.7389974e-02   4.2000000e+02
  -1.6823640e-02   4.3500000e+02
  -1.5652349e-02   4.5000000e+02
  -1.3445192e-02   4.6500000e+02
  -9.5481500e-03   4.8000000e+02
  -2.9317336e-03   4.9500000e+02
   8.1963520e-03   5.1000000e+02
   2.7058803e-02   5.2500000e+02
   5.9379533e-02   5.4000000e+02
   1.1511633e-01   5.5500000e+02
   2.1073192e-01   5.7000000e+02
   3.7027842e-01   5.8500000e+02
   6.2046504e-01   6.0000000e+02
