  -1.6786689e-04   7.6500000e+02
  -1.1565330e-04   7.8000000e+02
  -1.5718010e-04   7.9500000e+02
  -2.9210656e-04   8.1000000e+02
  -4.3871728e-04   8.2500000e+02
  -5.2826398e-04   8.4000000e+02
  -5.7626946e-04   8.5500000e+02
  -6.2657043e-04   8.7000000e+02
  -6.7127607e-04   8.8500000e+02
  -6.8683847e-04   9.0000000e+02
  -7.1627903e-04   9.1500000e+02
  -8.3201268e-04   9.3000000e+02
  -1.0206331e-03   9.4500000e+02
  -1.1860759e-03   9.6000000e+02
  -1.2786816e-03   9.7500000e+02
  -1.3471551e-03   9.9000000e+02
  -1.4503759e-03   1.0050000e+03
  -1.5915002e-03   1.0200000e+03
  -1.7517846e-03   1.0350000e+03
  -1.9172828e-03   1.0500000e+03
  -2.0611682e-03   1.0650000e+03
  -2.1664877e-03   1.0800000e+03
  -2.2705419e-03   1.0950000e+03
  -2.4249640e-03   1.1100000e+03
  -2.6147857e-03   1.1250000e+03
  -2.7732304e-03   1.1400000e+03
  -2.8685171e-03   1.1550000e+03
  -2.9226551e-03   1.1700000e+03
  -2.9471009e-03   1.1850000e+03
  -2.9062517e-03   1.2000000e+03
  -2.7571719e-03   1.2150000e+03
  -2.4978854e-03   1.2300000e+03
  -2.1522043e-03   1.2450000e+03
  -1.7082809e-03   1.2600000e+03
  -1.0859602e-03   1.2750000e+03
  -1.5863479e-04   1.2900000e+03
   1.2223222e-03   1.3050000e+03
   3.2352533e-03   1.3200000e+03
   6.0968744e-03   1.3350000e+03
   1.0058126e-02   1.3500000e+03
   1.5438365e-02   1.3650000e+03
   2.2728410e-02   1.3800000e+03
   3.2709446e-02   1.3950000e+03
   4.6522770e-02   1.4100000e+03
   6.5702192e-02   1.4250000e+03
   9.2230439e-02   1.4400000e+03
   1.2862487e-01   1.4550000e+03
   1.7793992e-01   1.4700000e+03
   2.4349675e-01   1.4850000e+03
   3.2816395e-01   1.5000000e+03
   4.3307552e-01   1.5150000e+03
   5.5574983e-01   1.5300000e+03
   6.8776512e-01   1.5450000e+03
   8.1259334e-01   1.5600000e+03
   9.0485388e-01   1.5750000e+03
   9.3272859e-01   1.5900000e+03
   8.6495292e-01   1.6050000e+03
   6.8213463e-01   1.6200000e+03
   3.8929483e-01   1.6350000e+03
   2.3689903e-02   1.6500000e+03
  -3.4873453e-01   1.6650000e+03
  -6.5149862e-01   1.6800000e+03
