  -4.2266981e-03   1.5000000e+02
  -4.2464691e-03   1.6500000e+02
  -4.2712884e-03   1.8000000e+02
  -4.3016295e-03   1.9500000e+02
  -4.3382701e-03   2.1000000e+02
  -4.3815500e-03   2.2500000e+02
  -4.4307136e-03   2.4000000e+02
  -4.4832840e-03   2.5500000e+02
  -4.5365002e-03   2.7000000e+02
  -4.5896103e-03   2.8500000e+02
  -4.6432917e-03   3.0000000e+02
  -4.6975166e-03   3.1500000e+02
  -4.7506969e-03   3.3000000e+02
  -4.7996431e-03   3.4500000e+02
  -4.8400695e-03   3.6000000e+02
  -4.8682624e-03   3.7500000e+02
  -4.8828446e-03   3.9000000e+02
  -4.8852582e-03   4.0500000e+02
  -4.8781992e-03   4.2000000e+02
  -4.8616463e-03   4.3500000e+02
  -4.8298957e-03   4.5000000e+02
  -4.7745863e-03   4.6500000e+02
  -4.6912599e-03   4.8000000e+02
  -4.5812340e-03   4.9500000e+02
  -4.4469517e-03   5.1000000e+02
  -4.2879200e-03   5.2500000e+02
  -4.1025244e-03   5.4000000e+02
  -3.8907528e-03   5.5500000e+02
  -3.6512259e-03   5.7000000e+02
  -3.3776290e-03   5.8500000e+02
  -3.0619823e-03   6.0000000e+02
