  -8.4962994e-03   1.5000000e+02
  -8.5260356e-03   1.6500000e+02
  -8.5615311e-03   1.8000000e+02
  -8.6025493e-03   1.9500000e+02
  -8.6484505e-03   2.1000000e+02
  -8.6986655e-03   2.2500000e+02
  -8.7536350e-03   2.4000000e+02
  -8.8139977e-03   2.5500000e+02
  -8.8790655e-03   2.7000000e+02
  -8.9469030e-03   2.8500000e+02
  -9.0160789e-03   3.0000000e+02
  -9.0868752e-03   3.1500000e+02
  -9.1609620e-03   3.3000000e+02
  -9.2404997e-03   3.4500000e+02
  -9.3262345e-03   3.6000000e+02
  -9.4152950e-03   3.7500000e+02
  -9.5037026e-03   3.9000000e+02
  -9.5926486e-03   4.0500000e+02
  -9.6870316e-03   4.2000000e+02
  -9.7847246e-03   4.3500000e+02
  -9.8747732e-03   4.5000000e+02
  -9.9509992e-03   4.6500000e+02
  -1.0019600e-02   4.8000000e+02
  -1.0089650e-02   4.9500000e+02
  -1.0164536e-02   5.1000000e+02
  -1.0245707e-02   5.2500000e+02
  -1.0336795e-02   5.4000000e+02
  -1.0439777e-02   5.5500000e+02
  -1.0552553e-02   5.7000000e+02
  -1.0674589e-02   5.8500000e+02
  -1.0808643e-02   6.0000000e+02
