  -1.2203761e-03   1.5000000e+03
  -1.2311754e-03   1.5150000e+03
  -1.2431545e-03   1.5300000e+03
  -1.2583234e-03   1.5450000e+03
  -1.2765689e-03   1.5600000e+03
  -1.2946179e-03   1.5750000e+03
  -1.3108908e-03   1.5900000e+03
  -1.3274545e-03   1.6050000e+03
  -1.3461226e-03   1.6200000e+03
  -1.3665223e-03   1.6350000e+03
  -1.3882361e-03   1.6500000e+03
  -1.4113541e-03   1.6650000e+03
  -1.4350814e-03   1.6800000e+03
  -1.4584967e-03   1.6950000e+03
  -1.4822932e-03   1.7100000e+03
  -1.5078909e-03   1.7250000e+03
  -1.5352187e-03   1.7400000e+03
  -1.5623241e-03   1.7550000e+03
  -1.5867001e-03   1.7700000e+03
  -1.6070030e-03   1.7850000e+03
  -1.6243545e-03   1.8000000e+03
  -1.6415480e-03   1.8150000e+03
  -1.6601795e-03   1.8300000e+03
  -1.6795784e-03   1.8450000e+03
  -1.6992521e-03   1.8600000e+03
  -1.7205658e-03   1.8750000e+03
  -1.7446904e-03   1.8900000e+03
  -1.7704880e-03   1.9050000e+03
  -1.7958693e-03   1.9200000e+03
  -1.8201105e-03   1.9350000e+03
  -1.8436991e-03   1.9500000e+03
  -1.8670401e-03   1.9650000e+03
  -1.8906195e-03   1.9800000e+03
  -1.9157908e-03   1.9950000e+03
  -1.9439450e-03   2.0100000e+03
  -1.9746919e-03   2.0250000e+03
  -2.0059333e-03   2.0400000e+03
  -2.0363512e-03   2.0550000e+03
  -2.0671398e-03   2.0700000e+03
  -2.1006111e-03   2.0850000e+03
  -2.1373751e-03   2.1000000e+03
  -2.1755707e-03   2.1150000e+03
  -2.2128012e-03   2.1300000e+03
  -2.2483927e-03   2.1450000e+03
  -2.2837678e-03   2.1600000e+03
  -2.3209874e-03   2.1750000e+03
  -2.3609411e-03   2.1900000e+03
