   5.1325738e-01   1.5000000e+03
   7.3807073e-01   1.5150000e+03
   9.7817957e-01   1.5300000e+03
   1.1702943e+00   1.5450000e+03
   1.2224450e+00   1.5600000e+03
   1.0413457e+00   1.5750000e+03
   5.8207405e-01   1.5900000e+03
  -1.0032587e-01   1.6050000e+03
  -8.3505344e-01   1.6200000e+03
  -1.3875786e+00   1.6350000e+03
  -1.5714338e+00   1.6500000e+03
  -1.3569551e+00   1.6650000e+03
  -8.9386594e-01   1.6800000e+03
  -4.1617787e-01   1.6950000e+03
  -9.4378605e-02   1.7100000e+03
   4.7527544e-02   1.7250000e+03
   8.9429677e-02   1.7400000e+03
   1.0622744e-01   1.7550000e+03
   1.0749383e-01   1.7700000e+03
   6.9886684e-02   1.7850000e+03
  -1.5674975e-03   1.8000000e+03
  -6.2681995e-02   1.8150000e+03
  -7.1190253e-02   1.8300000e+03
  -2.5050078e-02   1.8450000e+03
   3.4430530e-02   1.8600000e+03
   4.9164772e-02   1.8750000e+03
  -1.1873138e-02   1.8900000e+03
  -1.1644088e-01   1.9050000e+03
  -1.8456079e-01   1.9200000e+03
  -1.5819630e-01   1.9350000e+03
  -5.0542075e-02   1.9500000e+03
   7.9972848e-02   1.9650000e+03
   1.7969038e-01   1.9800000e+03
   2.1009773e-01   1.9950000e+03
   1.5239549e-01   2.0100000e+03
   4.2356227e-02   2.0250000e+03
  -3.5108011e-02   2.0400000e+03
  -3.4638058e-02   2.0550000e+03
  -6.1564404e-03   2.0700000e+03
  -2.0973355e-02   2.0850000e+03
  -7.7126458e-02   2.1000000e+03
  -1.1934298e-01   2.1150000e+03
  -1.1418778e-01   2.1300000e+03
  -6.5245144e-02   2.1450000e+03
   7.9164999e-03   2.1600000e+03
   7.1147881e-02   2.1750000e+03
   8.9286193e-02   2.1900000e+03
