  -4.2065950e-03   1.5000000e+02
  -4.2190989e-03   1.6500000e+02
  -4.2358702e-03   1.8000000e+02
  -4.2568920e-03   1.9500000e+02
  -4.2834557e-03   2.1000000e+02
  -4.3168613e-03   2.2500000e+02
  -4.3562273e-03   2.4000000e+02
  -4.3971809e-03   2.5500000e+02
  -4.4340761e-03   2.7000000e+02
  -4.4644163e-03   2.8500000e+02
  -4.4897660e-03   3.0000000e+02
  -4.5115254e-03   3.1500000e+02
  -4.5265094e-03   3.3000000e+02
  -4.5268578e-03   3.4500000e+02
  -4.5030746e-03   3.6000000e+02
  -4.4471035e-03   3.7500000e+02
  -4.3546702e-03   3.9000000e+02
  -4.2254413e-03   4.0500000e+02
  -4.0593459e-03   4.2000000e+02
  -3.8523946e-03   4.3500000e+02
  -3.5966900e-03   4.5000000e+02
  -3.2837042e-03   4.6500000e+02
  -2.9068815e-03   4.8000000e+02
  -2.4623831e-03   4.9500000e+02
  -1.9475602e-03   5.1000000e+02
  -1.3566368e-03   5.2500000e+02
  -6.7796634e-04   5.4000000e+02
   1.0363701e-04   5.5500000e+02
   1.0059053e-03   5.7000000e+02
   2.0517937e-03   5.8500000e+02
   3.2659613e-03   6.0000000e+02
