  -2.2722560e-03   1.5000000e+03
  -2.3188274e-03   1.5150000e+03
  -2.3691137e-03   1.5300000e+03
  -2.4250350e-03   1.5450000e+03
  -2.4844788e-03   1.5600000e+03
  -2.5441714e-03   1.5750000e+03
  -2.6049614e-03   1.5900000e+03
  -2.6710692e-03   1.6050000e+03
  -2.7441306e-03   1.6200000e+03
  -2.8212115e-03   1.6350000e+03
  -2.8989464e-03   1.6500000e+03
  -2.9765614e-03   1.6650000e+03
  -3.0543713e-03   1.6800000e+03
  -3.1322755e-03   1.6950000e+03
  -3.2111311e-03   1.7100000e+03
  -3.2941885e-03   1.7250000e+03
  -3.3858442e-03   1.7400000e+03
  -3.4879483e-03   1.7550000e+03
  -3.5968418e-03   1.7700000e+03
  -3.7054345e-03   1.7850000e+03
  -3.8098088e-03   1.8000000e+03
  -3.9127879e-03   1.8150000e+03
  -4.0198131e-03   1.8300000e+03
  -4.1329069e-03   1.8450000e+03
  -4.2502899e-03   1.8600000e+03
  -4.3704491e-03   1.8750000e+03
  -4.4943453e-03   1.8900000e+03
  -4.6242117e-03   1.9050000e+03
  -4.7618481e-03   1.9200000e+03
  -4.9075508e-03   1.9350000e+03
  -5.0593019e-03   1.9500000e+03
  -5.2138087e-03   1.9650000e+03
  -5.3698048e-03   1.9800000e+03
  -5.5297064e-03   1.9950000e+03
  -5.6969835e-03   2.0100000e+03
  -5.8727050e-03   2.0250000e+03
  -6.0549900e-03   2.0400000e+03
  -6.2397048e-03   2.0550000e+03
  -6.4192088e-03   2.0700000e+03
  -6.5802257e-03   2.0850000e+03
  -6.7037791e-03   2.1000000e+03
  -6.7662001e-03   2.1150000e+03
  -6.7368038e-03   2.1300000e+03
  -6.5697478e-03   2.1450000e+03
  -6.1912076e-03   2.1600000e+03
  -5.4818075e-03   2.1750000e+03
  -4.2496710e-03   2.1900000e+03
