  -3.0560131e-04   1.5000000e+02
  -3.6926885e-04   1.6500000e+02
  -4.2727243e-04   1.8000000e+02
  -4.7119820e-04   1.9500000e+02
  -4.8158053e-04   2.1000000e+02
  -4.3095570e-04   2.2500000e+02
  -2.8793328e-04   2.4000000e+02
  -1.3069985e-05   2.5500000e+02
   4.4693143e-04   2.7000000e+02
   1.1632740e-03   2.8500000e+02
   2.2373965e-03   3.0000000e+02
   3.8311933e-03   3.1500000e+02
   6.2028808e-03   3.3000000e+02
   9.7246030e-03   3.4500000e+02
   1.4883772e-02   3.6000000e+02
   2.2300720e-02   3.7500000e+02
   3.2807481e-02   3.9000000e+02
   4.7631320e-02   4.0500000e+02
   6.8667270e-02   4.2000000e+02
   9.8731995e-02   4.3500000e+02
   1.4175718e-01   4.5000000e+02
   2.0307088e-01   4.6500000e+02
   2.8975689e-01   4.8000000e+02
   4.1038129e-01   4.9500000e+02
   5.7285368e-01   5.1000000e+02
   7.7973175e-01   5.2500000e+02
   1.0215602e+00   5.4000000e+02
   1.2696950e+00   5.5500000e+02
   1.4710846e+00   5.7000000e+02
   1.5509121e+00   5.8500000e+02
   1.4323275e+00   6.0000000e+02
