   4.0391046e-03   1.5000000e+02
   4.1232486e-03   1.6500000e+02
   4.2771385e-03   1.8000000e+02
   4.5334222e-03   1.9500000e+02
   4.9329582e-03   2.1000000e+02
   5.5343998e-03   2.2500000e+02
   6.4246105e-03   2.4000000e+02
   7.7249394e-03   2.5500000e+02
   9.5973453e-03   2.7000000e+02
   1.2263901e-02   2.8500000e+02
   1.6041031e-02   3.0000000e+02
   2.1352265e-02   3.1500000e+02
   2.8691282e-02   3.3000000e+02
   3.8581632e-02   3.4500000e+02
   5.1612962e-02   3.6000000e+02
   6.8559349e-02   3.7500000e+02
   9.0487696e-02   3.9000000e+02
   1.1873634e-01   4.0500000e+02
   1.5469781e-01   4.2000000e+02
   1.9946857e-01   4.3500000e+02
   2.5358421e-01   4.5000000e+02
   3.1716883e-01   4.6500000e+02
   3.9071545e-01   4.8000000e+02
   4.7596723e-01   4.9500000e+02
   5.7534307e-01   5.1000000e+02
   6.8879074e-01   5.2500000e+02
   8.0963480e-01   5.4000000e+02
   9.2344934e-01   5.5500000e+02
   1.0124490e+00   5.7000000e+02
   1.0621815e+00   5.8500000e+02
   1.0639852e+00   6.0000000e+02
