  -1.0179392e-03   1.5000000e+03
  -1.0259395e-03   1.5150000e+03
  -1.0348422e-03   1.5300000e+03
  -1.0463926e-03   1.5450000e+03
  -1.0605337e-03   1.5600000e+03
  -1.0744156e-03   1.5750000e+03
  -1.0866433e-03   1.5900000e+03
  -1.0990258e-03   1.6050000e+03
  -1.1131662e-03   1.6200000e+03
  -1.1287685e-03   1.6350000e+03
  -1.1455000e-03   1.6500000e+03
  -1.1634331e-03   1.6650000e+03
  -1.1818139e-03   1.6800000e+03
  -1.1997906e-03   1.6950000e+03
  -1.2179797e-03   1.7100000e+03
  -1.2376452e-03   1.7250000e+03
  -1.2586924e-03   1.7400000e+03
  -1.2793225e-03   1.7550000e+03
  -1.2972776e-03   1.7700000e+03
  -1.3114259e-03   1.7850000e+03
  -1.3228591e-03   1.8000000e+03
  -1.3340864e-03   1.8150000e+03
  -1.3464937e-03   1.8300000e+03
  -1.3594659e-03   1.8450000e+03
  -1.3726152e-03   1.8600000e+03
  -1.3872326e-03   1.8750000e+03
  -1.4043731e-03   1.8900000e+03
  -1.4229369e-03   1.9050000e+03
  -1.4409429e-03   1.9200000e+03
  -1.4576543e-03   1.9350000e+03
  -1.4734706e-03   1.9500000e+03
  -1.4887550e-03   1.9650000e+03
  -1.5039211e-03   1.9800000e+03
  -1.5201595e-03   1.9950000e+03
  -1.5386973e-03   2.0100000e+03
  -1.5591452e-03   2.0250000e+03
  -1.5795690e-03   2.0400000e+03
  -1.5987394e-03   2.0550000e+03
  -1.6177363e-03   2.0700000e+03
  -1.6386902e-03   2.0850000e+03
  -1.6622199e-03   2.1000000e+03
  -1.6867295e-03   2.1150000e+03
  -1.7101818e-03   2.1300000e+03
  -1.7321102e-03   2.1450000e+03
  -1.7538415e-03   2.1600000e+03
  -1.7770532e-03   2.1750000e+03
  -1.8021998e-03   2.1900000e+03
