  -2.6129475e-03   7.6500000e+02
  -2.7585123e-03   7.8000000e+02
  -2.7681740e-03   7.9500000e+02
  -2.7552620e-03   8.1000000e+02
  -2.7056129e-03   8.2500000e+02
  -2.5959476e-03   8.4000000e+02
  -2.5186352e-03   8.5500000e+02
  -2.5635262e-03   8.7000000e+02
  -2.6405817e-03   8.8500000e+02
  -2.5665434e-03   9.0000000e+02
  -2.3107203e-03   9.1500000e+02
  -2.0106086e-03   9.3000000e+02
  -1.7357668e-03   9.4500000e+02
  -1.3811442e-03   9.6000000e+02
  -8.2029228e-04   9.7500000e+02
  -1.1891689e-05   9.9000000e+02
   1.1030349e-03   1.0050000e+03
   2.6797883e-03   1.0200000e+03
   4.8901681e-03   1.0350000e+03
   7.8876242e-03   1.0500000e+03
   1.1916571e-02   1.0650000e+03
   1.7364733e-02   1.0800000e+03
   2.4672074e-02   1.0950000e+03
   3.4283876e-02   1.1100000e+03
   4.6727959e-02   1.1250000e+03
   6.2659167e-02   1.1400000e+03
   8.2812645e-02   1.1550000e+03
   1.0801281e-01   1.1700000e+03
   1.3929647e-01   1.1850000e+03
   1.7798832e-01   1.2000000e+03
   2.2555830e-01   1.2150000e+03
   2.8325540e-01   1.2300000e+03
   3.5160750e-01   1.2450000e+03
   4.2984626e-01   1.2600000e+03
   5.1528835e-01   1.2750000e+03
   6.0276872e-01   1.2900000e+03
   6.8432105e-01   1.3050000e+03
   7.4939954e-01   1.3200000e+03
   7.8603232e-01   1.3350000e+03
   7.8324974e-01   1.3500000e+03
   7.3461151e-01   1.3650000e+03
   6.4171153e-01   1.3800000e+03
   5.1582646e-01   1.3950000e+03
   3.7616491e-01   1.4100000e+03
   2.4461441e-01   1.4250000e+03
   1.3883844e-01   1.4400000e+03
   6.6900857e-02   1.4550000e+03
   2.6187696e-02   1.4700000e+03
   7.0927464e-03   1.4850000e+03
  -9.6910272e-04   1.5000000e+03
  -5.0820261e-03   1.5150000e+03
  -8.4355781e-03   1.5300000e+03
  -1.3270773e-02   1.5450000e+03
  -2.3640962e-02   1.5600000e+03
  -4.4700328e-02   1.5750000e+03
  -7.8647643e-02   1.5900000e+03
  -1.2114292e-01   1.6050000e+03
  -1.6229993e-01   1.6200000e+03
  -1.9247276e-01   1.6350000e+03
  -2.0843475e-01   1.6500000e+03
  -2.1477878e-01   1.6650000e+03
  -2.1946606e-01   1.6800000e+03
