  -4.1150910e-04   7.6500000e+02
  -3.8867723e-04   7.8000000e+02
  -4.1199449e-04   7.9500000e+02
  -4.5710511e-04   8.1000000e+02
  -5.1635713e-04   8.2500000e+02
  -5.8049097e-04   8.4000000e+02
  -6.2145700e-04   8.5500000e+02
  -6.1997137e-04   8.7000000e+02
  -5.9937761e-04   8.8500000e+02
  -6.0407945e-04   9.0000000e+02
  -6.4582314e-04   9.1500000e+02
  -6.9587847e-04   9.3000000e+02
  -7.2922441e-04   9.4500000e+02
  -7.4826734e-04   9.6000000e+02
  -7.6013326e-04   9.7500000e+02
  -7.6209509e-04   9.9000000e+02
  -7.5975992e-04   1.0050000e+03
  -7.7116874e-04   1.0200000e+03
  -7.9929148e-04   1.0350000e+03
  -8.2363683e-04   1.0500000e+03
  -8.3084579e-04   1.0650000e+03
  -8.3304325e-04   1.0800000e+03
  -8.4601564e-04   1.0950000e+03
  -8.6757855e-04   1.1100000e+03
  -8.8651967e-04   1.1250000e+03
  -8.9852070e-04   1.1400000e+03
  -9.0549531e-04   1.1550000e+03
  -9.0887607e-04   1.1700000e+03
  -9.0954138e-04   1.1850000e+03
  -9.0957095e-04   1.2000000e+03
  -9.1117353e-04   1.2150000e+03
  -9.1673573e-04   1.2300000e+03
  -9.3088584e-04   1.2450000e+03
  -9.5900730e-04   1.2600000e+03
  -1.0007551e-03   1.2750000e+03
  -1.0464434e-03   1.2900000e+03
  -1.0824710e-03   1.3050000e+03
  -1.1002033e-03   1.3200000e+03
  -1.1003066e-03   1.3350000e+03
  -1.0932436e-03   1.3500000e+03
  -1.0961799e-03   1.3650000e+03
  -1.1209749e-03   1.3800000e+03
  -1.1599137e-03   1.3950000e+03
  -1.1899968e-03   1.4100000e+03
  -1.1976557e-03   1.4250000e+03
  -1.1945261e-03   1.4400000e+03
  -1.2036290e-03   1.4550000e+03
  -1.2339096e-03   1.4700000e+03
  -1.2727974e-03   1.4850000e+03
  -1.3011483e-03   1.5000000e+03
  -1.3122562e-03   1.5150000e+03
  -1.3170376e-03   1.5300000e+03
  -1.3314291e-03   1.5450000e+03
  -1.3588439e-03   1.5600000e+03
  -1.3873704e-03   1.5750000e+03
  -1.4056503e-03   1.5900000e+03
  -1.4173565e-03   1.6050000e+03
  -1.4349603e-03   1.6200000e+03
  -1.4617851e-03   1.6350000e+03
  -1.4878926e-03   1.6500000e+03
  -1.5051154e-03   1.6650000e+03
  -1.5184666e-03   1.6800000e+03
