  -3.5664286e-03   1.5000000e+02
  -3.5712130e-03   1.6500000e+02
  -3.5767993e-03   1.8000000e+02
  -3.5831863e-03   1.9500000e+02
  -3.5899968e-03   2.1000000e+02
  -3.5967533e-03   2.2500000e+02
  -3.6034875e-03   2.4000000e+02
  -3.6107651e-03   2.5500000e+02
  -3.6191442e-03   2.7000000e+02
  -3.6285918e-03   2.8500000e+02
  -3.6384698e-03   3.0000000e+02
  -3.6481468e-03   3.1500000e+02
  -3.6575741e-03   3.3000000e+02
  -3.6672251e-03   3.4500000e+02
  -3.6776124e-03   3.6000000e+02
  -3.6889052e-03   3.7500000e+02
  -3.7009802e-03   3.9000000e+02
  -3.7138297e-03   4.0500000e+02
  -3.7274244e-03   4.2000000e+02
  -3.7407968e-03   4.3500000e+02
  -3.7521648e-03   4.5000000e+02
  -3.7607313e-03   4.6500000e+02
  -3.7674163e-03   4.8000000e+02
  -3.7734746e-03   4.9500000e+02
  -3.7795545e-03   5.1000000e+02
  -3.7863390e-03   5.2500000e+02
  -3.7948270e-03   5.4000000e+02
  -3.8053293e-03   5.5500000e+02
  -3.8170738e-03   5.7000000e+02
  -3.8294818e-03   5.8500000e+02
  -3.8427957e-03   6.0000000e+02
