   8.4239366e-03   1.5000000e+03
   1.1589098e-02   1.5150000e+03
   1.5608070e-02   1.5300000e+03
   2.0705527e-02   1.5450000e+03
   2.7167907e-02   1.5600000e+03
   3.5360120e-02   1.5750000e+03
   4.5751497e-02   1.5900000e+03
   5.8925737e-02   1.6050000e+03
   7.5549938e-02   1.6200000e+03
   9.6309304e-02   1.6350000e+03
   1.2183587e-01   1.6500000e+03
   1.5265542e-01   1.6650000e+03
   1.8914518e-01   1.6800000e+03
   2.3144794e-01   1.6950000e+03
   2.7927384e-01   1.7100000e+03
   3.3156919e-01   1.7250000e+03
   3.8610816e-01   1.7400000e+03
   4.3912673e-01   1.7550000e+03
   4.8518798e-01   1.7700000e+03
   5.1753998e-01   1.7850000e+03
   5.2919644e-01   1.8000000e+03
   5.1469702e-01   1.8150000e+03
   4.7202834e-01   1.8300000e+03
   4.0382239e-01   1.8450000e+03
   3.1707981e-01   1.8600000e+03
   2.2138707e-01   1.8750000e+03
   1.2648100e-01   1.8900000e+03
   4.0337570e-02   1.9050000e+03
  -3.1617984e-02   1.9200000e+03
  -8.6527079e-02   1.9350000e+03
  -1.2400895e-01   1.9500000e+03
  -1.4604625e-01   1.9650000e+03
  -1.5629789e-01   1.9800000e+03
  -1.5862966e-01   1.9950000e+03
  -1.5567182e-01   2.0100000e+03
  -1.4853150e-01   2.0250000e+03
  -1.3775811e-01   2.0400000e+03
  -1.2441847e-01   2.0550000e+03
  -1.1020989e-01   2.0700000e+03
  -9.6772283e-02   2.0850000e+03
  -8.5139647e-02   2.1000000e+03
  -7.5753458e-02   2.1150000e+03
  -6.8612203e-02   2.1300000e+03
  -6.3178301e-02   2.1450000e+03
  -5.8366824e-02   2.1600000e+03
  -5.3112157e-02   2.1750000e+03
  -4.7285318e-02   2.1900000e+03
