  -5.8859880e-03   1.5000000e+02
  -5.8988659e-03   1.6500000e+02
  -5.9140408e-03   1.8000000e+02
  -5.9314156e-03   1.9500000e+02
  -5.9503396e-03   2.1000000e+02
  -5.9700701e-03   2.2500000e+02
  -5.9907609e-03   2.4000000e+02
  -6.0133385e-03   2.5500000e+02
  -6.0383948e-03   2.7000000e+02
  -6.0653845e-03   2.8500000e+02
  -6.0930094e-03   3.0000000e+02
  -6.1204070e-03   3.1500000e+02
  -6.1479704e-03   3.3000000e+02
  -6.1770766e-03   3.4500000e+02
  -6.2088035e-03   3.6000000e+02
  -6.2427199e-03   3.7500000e+02
  -6.2775351e-03   3.9000000e+02
  -6.3132723e-03   4.0500000e+02
  -6.3509229e-03   4.2000000e+02
  -6.3888384e-03   4.3500000e+02
  -6.4223809e-03   4.5000000e+02
  -6.4491984e-03   4.6500000e+02
  -6.4718630e-03   4.8000000e+02
  -6.4939475e-03   4.9500000e+02
  -6.5169642e-03   5.1000000e+02
  -6.5421378e-03   5.2500000e+02
  -6.5716947e-03   5.4000000e+02
  -6.6066249e-03   5.5500000e+02
  -6.6455216e-03   5.7000000e+02
  -6.6874106e-03   5.8500000e+02
  -6.7330189e-03   6.0000000e+02
