  -1.1666653e-03   0.0000000e+00
  -1.1666677e-03   1.5000000e+01
  -1.1666887e-03   3.0000000e+01
  -1.1667470e-03   4.5000000e+01
  -1.1668315e-03   6.0000000e+01
  -1.1668977e-03   7.5000000e+01
  -1.1669142e-03   9.0000000e+01
  -1.1669077e-03   1.0500000e+02
  -1.1669619e-03   1.2000000e+02
  -1.1671417e-03   1.3500000e+02
  -1.1673820e-03   1.5000000e+02
  -1.1673868e-03   1.6500000e+02
  -1.1663358e-03   1.8000000e+02
  -1.1614863e-03   1.9500000e+02
  -1.1447478e-03   2.1000000e+02
  -1.0990015e-03   2.2500000e+02
  -1.0018445e-03   2.4000000e+02
  -8.4556657e-04   2.5500000e+02
  -6.6540460e-04   2.7000000e+02
  -5.4035737e-04   2.8500000e+02
  -5.3645251e-04   3.0000000e+02
  -6.3076685e-04   3.1500000e+02
  -7.1430160e-04   3.3000000e+02
  -7.0381095e-04   3.4500000e+02
  -6.3744164e-04   3.6000000e+02
  -6.1665761e-04   3.7500000e+02
  -6.6419109e-04   3.9000000e+02
  -7.0311344e-04   4.0500000e+02
  -6.8330462e-04   4.2000000e+02
  -6.5159367e-04   4.3500000e+02
  -6.6257408e-04   4.5000000e+02
  -6.9196947e-04   4.6500000e+02
  -6.9211703e-04   4.8000000e+02
  -6.7512755e-04   4.9500000e+02
  -6.7977264e-04   5.1000000e+02
  -6.9984642e-04   5.2500000e+02
  -7.0428185e-04   5.4000000e+02
  -6.9568941e-04   5.5500000e+02
  -6.9804210e-04   5.7000000e+02
  -7.1023096e-04   5.8500000e+02
  -7.1379100e-04   6.0000000e+02
  -7.0968183e-04   6.1500000e+02
  -7.1269571e-04   6.3000000e+02
  -7.2186167e-04   6.4500000e+02
  -7.2540715e-04   6.6000000e+02
  -7.2394597e-04   6.7500000e+02
  -7.2449655e-04   6.9000000e+02
  -7.2225160e-04   7.0500000e+02
  -7.0692023e-04   7.2000000e+02
  -6.7645661e-04   7.3500000e+02
  -6.3274399e-04   7.5000000e+02
  -5.7660171e-04   7.6500000e+02
  -5.1789102e-04   7.8000000e+02
  -4.8068169e-04   7.9500000e+02
  -4.8812336e-04   8.1000000e+02
  -5.4281711e-04   8.2500000e+02
  -6.2098436e-04   8.4000000e+02
  -6.8247109e-04   8.5500000e+02
  -6.9470226e-04   8.7000000e+02
  -6.6083041e-04   8.8500000e+02
  -6.2333373e-04   9.0000000e+02
  -6.2623568e-04   9.1500000e+02
  -6.6938211e-04   9.3000000e+02
  -7.0914038e-04   9.4500000e+02
  -7.0947345e-04   9.6000000e+02
  -6.8355363e-04   9.7500000e+02
  -6.7433482e-04   9.9000000e+02
  -6.9880299e-04   1.0050000e+03
  -7.2860293e-04   1.0200000e+03
  -7.3195796e-04   1.0350000e+03
  -7.1717834e-04   1.0500000e+03
  -7.1603642e-04   1.0650000e+03
  -7.3456432e-04   1.0800000e+03
  -7.4743858e-04   1.0950000e+03
  -7.4164791e-04   1.1100000e+03
  -7.3662493e-04   1.1250000e+03
  -7.4986444e-04   1.1400000e+03
  -7.6845789e-04   1.1550000e+03
  -7.7339011e-04   1.1700000e+03
  -7.7169127e-04   1.1850000e+03
  -7.8194204e-04   1.2000000e+03
  -8.0279668e-04   1.2150000e+03
  -8.1949827e-04   1.2300000e+03
  -8.3111675e-04   1.2450000e+03
  -8.4798975e-04   1.2600000e+03
  -8.6884864e-04   1.2750000e+03
  -8.8217854e-04   1.2900000e+03
  -8.8660681e-04   1.3050000e+03
  -8.9149555e-04   1.3200000e+03
  -9.0016710e-04   1.3350000e+03
  -9.0832519e-04   1.3500000e+03
  -9.1615284e-04   1.3650000e+03
  -9.2797464e-04   1.3800000e+03
  -9.4254228e-04   1.3950000e+03
  -9.5531339e-04   1.4100000e+03
  -9.6746697e-04   1.4250000e+03
  -9.8285824e-04   1.4400000e+03
  -9.9939760e-04   1.4550000e+03
  -1.0118714e-03   1.4700000e+03
  -1.0199551e-03   1.4850000e+03
  -1.0268802e-03   1.5000000e+03
  -1.0340465e-03   1.5150000e+03
  -1.0420560e-03   1.5300000e+03
  -1.0527417e-03   1.5450000e+03
  -1.0660881e-03   1.5600000e+03
  -1.0791029e-03   1.5750000e+03
  -1.0902825e-03   1.5900000e+03
  -1.1015212e-03   1.6050000e+03
  -1.1145330e-03   1.6200000e+03
  -1.1290523e-03   1.6350000e+03
  -1.1447736e-03   1.6500000e+03
  -1.1617705e-03   1.6650000e+03
  -1.1792026e-03   1.6800000e+03
  -1.1961389e-03   1.6950000e+03
  -1.2132408e-03   1.7100000e+03
  -1.2318452e-03   1.7250000e+03
  -1.2517796e-03   1.7400000e+03
  -1.2710345e-03   1.7550000e+03
  -1.2871923e-03   1.7700000e+03
  -1.2991433e-03   1.7850000e+03
  -1.3081775e-03   1.8000000e+03
  -1.3170161e-03   1.8150000e+03
  -1.3270871e-03   1.8300000e+03
  -1.3376925e-03   1.8450000e+03
  -1.3484625e-03   1.8600000e+03
  -1.3608647e-03   1.8750000e+03
  -1.3760327e-03   1.8900000e+03
  -1.3927101e-03   1.9050000e+03
  -1.4086679e-03   1.9200000e+03
  -1.4230441e-03   1.9350000e+03
  -1.4362568e-03   1.9500000e+03
  -1.4486969e-03   1.9650000e+03
  -1.4608046e-03   1.9800000e+03
  -1.4738356e-03   1.9950000e+03
  -1.4890799e-03   2.0100000e+03
  -1.5060914e-03   2.0250000e+03
  -1.5227420e-03   2.0400000e+03
  -1.5376628e-03   2.0550000e+03
  -1.5520310e-03   2.0700000e+03
  -1.5682261e-03   2.0850000e+03
  -1.5870044e-03   2.1000000e+03
  -1.6067100e-03   2.1150000e+03
  -1.6252304e-03   2.1300000e+03
  -1.6421822e-03   2.1450000e+03
  -1.6590772e-03   2.1600000e+03
  -1.6776209e-03   2.1750000e+03
  -1.6980293e-03   2.1900000e+03
  -1.7189640e-03   2.2050000e+03
  -1.7390191e-03   2.2200000e+03
  -1.7580542e-03   2.2350000e+03
  -1.7768011e-03   2.2500000e+03
  -1.7955245e-03   2.2650000e+03
  -1.8137218e-03   2.2800000e+03
  -1.8310796e-03   2.2950000e+03
  -1.8479746e-03   2.3100000e+03
  -1.8648113e-03   2.3250000e+03
  -1.8814120e-03   2.3400000e+03
  -1.8974256e-03   2.3550000e+03
  -1.9129829e-03   2.3700000e+03
  -1.9286075e-03   2.3850000e+03
  -1.9445888e-03   2.4000000e+03
  -1.9606678e-03   2.4150000e+03
  -1.9764295e-03   2.4300000e+03
  -1.9919497e-03   2.4450000e+03
  -2.0078784e-03   2.4600000e+03
  -2.0247160e-03   2.4750000e+03
  -2.0420374e-03   2.4900000e+03
  -2.0587589e-03   2.5050000e+03
  -2.0744144e-03   2.5200000e+03
  -2.0899230e-03   2.5350000e+03
  -2.1068517e-03   2.5500000e+03
  -2.1260243e-03   2.5650000e+03
  -2.1469449e-03   2.5800000e+03
  -2.1683474e-03   2.5950000e+03
  -2.1891161e-03   2.6100000e+03
  -2.2089242e-03   2.6250000e+03
  -2.2282978e-03   2.6400000e+03
  -2.2479116e-03   2.6550000e+03
  -2.2675963e-03   2.6700000e+03
  -2.2861762e-03   2.6850000e+03
  -2.3024320e-03   2.7000000e+03
  -2.3161019e-03   2.7150000e+03
  -2.3277043e-03   2.7300000e+03
  -2.3374113e-03   2.7450000e+03
  -2.3443559e-03   2.7600000e+03
  -2.3470917e-03   2.7750000e+03
  -2.3445047e-03   2.7900000e+03
  -2.3359966e-03   2.8050000e+03
  -2.3207522e-03   2.8200000e+03
  -2.2970033e-03   2.8350000e+03
  -2.2622228e-03   2.8500000e+03
  -2.2140262e-03   2.8650000e+03
  -2.1506969e-03   2.8800000e+03
  -2.0706938e-03   2.8950000e+03
  -1.9716623e-03   2.9100000e+03
  -1.8500001e-03   2.9250000e+03
  -1.7011275e-03   2.9400000e+03
  -1.5196544e-03   2.9550000e+03
  -1.2988759e-03   2.9700000e+03
  -1.0299509e-03   2.9850000e+03
  -7.0150138e-04   3.0000000e+03
  -2.9972108e-04   3.0150000e+03
   1.9170484e-04   3.0300000e+03
   7.9240988e-04   3.0450000e+03
   1.5266496e-03   3.0600000e+03
   2.4244483e-03   3.0750000e+03
   3.5221183e-03   3.0900000e+03
   4.8624575e-03   3.1050000e+03
   6.4952415e-03   3.1200000e+03
   8.4780818e-03   3.1350000e+03
   1.0877148e-02   3.1500000e+03
   1.3767049e-02   3.1650000e+03
   1.7229479e-02   3.1800000e+03
   2.1350468e-02   3.1950000e+03
   2.6215905e-02   3.2100000e+03
   3.1905092e-02   3.2250000e+03
   3.8482670e-02   3.2400000e+03
   4.5989990e-02   3.2550000e+03
   5.4437008e-02   3.2700000e+03
   6.3794725e-02   3.2850000e+03
   7.3987670e-02   3.3000000e+03
   8.4886812e-02   3.3150000e+03
   9.6304171e-02   3.3300000e+03
   1.0799148e-01   3.3450000e+03
   1.1964414e-01   3.3600000e+03
   1.3091120e-01   3.3750000e+03
   1.4141132e-01   3.3900000e+03
   1.5075344e-01   3.4050000e+03
   1.5856014e-01   3.4200000e+03
   1.6449054e-01   3.4350000e+03
   1.6825898e-01   3.4500000e+03
   1.6964774e-01   3.4650000e+03
   1.6851285e-01   3.4800000e+03
   1.6478676e-01   3.4950000e+03
   1.5848237e-01   3.5100000e+03
   1.4970405e-01   3.5250000e+03
   1.3866617e-01   3.5400000e+03
   1.2571454e-01   3.5550000e+03
   1.1134061e-01   3.5700000e+03
   9.6175350e-02   3.5850000e+03
   8.0952168e-02   3.6000000e+03
   6.6435829e-02   3.6150000e+03
   5.3325608e-02   3.6300000e+03
   4.2151742e-02   3.6450000e+03
   3.3189565e-02   3.6600000e+03
   2.6412612e-02   3.6750000e+03
   2.1497095e-02   3.6900000e+03
   1.7879603e-02   3.7050000e+03
   1.4860780e-02   3.7200000e+03
   1.1740476e-02   3.7350000e+03
   7.9639899e-03   3.7500000e+03
   3.2545219e-03   3.7650000e+03
  -2.2947618e-03   3.7800000e+03
  -8.1933849e-03   3.7950000e+03
  -1.3608894e-02   3.8100000e+03
  -1.7512221e-02   3.8250000e+03
  -1.8904187e-02   3.8400000e+03
  -1.7090989e-02   3.8550000e+03
  -1.1948480e-02   3.8700000e+03
  -4.0925788e-03   3.8850000e+03
   5.1263440e-03   3.9000000e+03
   1.3850214e-02   3.9150000e+03
   2.0134421e-02   3.9300000e+03
   2.2454657e-02   3.9450000e+03
   2.0136815e-02   3.9600000e+03
   1.3554275e-02   3.9750000e+03
   4.0111714e-03   3.9900000e+03
  -6.6541890e-03   4.0050000e+03
  -1.6603464e-02   4.0200000e+03
  -2.4475154e-02   4.0350000e+03
  -2.9638465e-02   4.0500000e+03
  -3.2158963e-02   4.0650000e+03
  -3.2539297e-02   4.0800000e+03
  -3.1394284e-02   4.0950000e+03
  -2.9234108e-02   4.1100000e+03
  -2.6450418e-02   4.1250000e+03
  -2.3467029e-02   4.1400000e+03
  -2.0904606e-02   4.1550000e+03
  -1.9589931e-02   4.1700000e+03
  -2.0336216e-02   4.1850000e+03
  -2.3580667e-02   4.2000000e+03
  -2.9087326e-02   4.2150000e+03
  -3.5917614e-02   4.2300000e+03
  -4.2725950e-02   4.2450000e+03
  -4.8238005e-02   4.2600000e+03
  -5.1649489e-02   4.2750000e+03
  -5.2734531e-02   4.2900000e+03
  -5.1648889e-02   4.3050000e+03
  -4.8618570e-02   4.3200000e+03
  -4.3766767e-02   4.3350000e+03
  -3.7201528e-02   4.3500000e+03
  -2.9262550e-02   4.3650000e+03
  -2.0684564e-02   4.3800000e+03
  -1.2490193e-02   4.3950000e+03
  -5.6333751e-03   4.4100000e+03
  -6.0847570e-04   4.4250000e+03
   2.7302448e-03   4.4400000e+03
   5.0417725e-03   4.4550000e+03
   7.1644452e-03   4.4700000e+03
   9.7721256e-03   4.4850000e+03
   1.3166167e-02   4.5000000e+03
