   8.3523750e-04   0.0000000e+00
   8.3513808e-04   1.5000000e+01
   8.3485094e-04   3.0000000e+01
   8.3413953e-04   4.5000000e+01
   8.3259144e-04   6.0000000e+01
   8.2984887e-04   7.5000000e+01
   8.2566321e-04   9.0000000e+01
   8.1995799e-04   1.0500000e+02
   8.1292930e-04   1.2000000e+02
   8.0488843e-04   1.3500000e+02
   7.9594419e-04   1.5000000e+02
   7.8586634e-04   1.6500000e+02
   7.7429588e-04   1.8000000e+02
   7.6105003e-04   1.9500000e+02
   7.4631989e-04   2.1000000e+02
   7.3080545e-04   2.2500000e+02
   7.1544998e-04   2.4000000e+02
   7.0081651e-04   2.5500000e+02
   6.8678212e-04   2.7000000e+02
   6.7254325e-04   2.8500000e+02
   6.5675279e-04   3.0000000e+02
   6.3819345e-04   3.1500000e+02
   6.1667635e-04   3.3000000e+02
   5.9308717e-04   3.4500000e+02
   5.6853477e-04   3.6000000e+02
   5.4348621e-04   3.7500000e+02
   5.1759597e-04   3.9000000e+02
   4.9049809e-04   4.0500000e+02
   4.6270023e-04   4.2000000e+02
   4.3504988e-04   4.3500000e+02
   4.0693636e-04   4.5000000e+02
   3.7504628e-04   4.6500000e+02
   3.3288862e-04   4.8000000e+02
   2.6982531e-04   4.9500000e+02
   1.7076478e-04   5.1000000e+02
   2.0324023e-05   5.2500000e+02
  -1.8611613e-04   5.4000000e+02
  -4.2794409e-04   5.5500000e+02
  -6.5343105e-04   5.7000000e+02
  -7.9705194e-04   5.8500000e+02
  -8.2062656e-04   6.0000000e+02
  -7.5211818e-04   6.1500000e+02
  -6.8073586e-04   6.3000000e+02
  -6.9282152e-04   6.4500000e+02
  -7.9501705e-04   6.6000000e+02
  -9.0401416e-04   6.7500000e+02
  -9.2549354e-04   6.9000000e+02
  -8.4377930e-04   7.0500000e+02
  -7.2290178e-04   7.2000000e+02
  -6.2335422e-04   7.3500000e+02
  -5.4516573e-04   7.5000000e+02
  -4.6892464e-04   7.6500000e+02
  -4.2353017e-04   7.8000000e+02
  -4.6696674e-04   7.9500000e+02
  -5.9975212e-04   8.1000000e+02
  -7.4504555e-04   8.2500000e+02
  -8.3651522e-04   8.4000000e+02
  -8.8641740e-04   8.5500000e+02
  -9.3530508e-04   8.7000000e+02
  -9.7748928e-04   8.8500000e+02
  -9.9288963e-04   9.0000000e+02
  -1.0222439e-03   9.1500000e+02
  -1.1326313e-03   9.3000000e+02
  -1.3106714e-03   9.4500000e+02
  -1.4653186e-03   9.6000000e+02
  -1.5484970e-03   9.7500000e+02
  -1.6055711e-03   9.9000000e+02
  -1.6944734e-03   1.0050000e+03
  -1.8219217e-03   1.0200000e+03
  -1.9711293e-03   1.0350000e+03
  -2.1263009e-03   1.0500000e+03
  -2.2592759e-03   1.0650000e+03
  -2.3529138e-03   1.0800000e+03
  -2.4415667e-03   1.0950000e+03
  -2.5720652e-03   1.1100000e+03
  -2.7277877e-03   1.1250000e+03
  -2.8436005e-03   1.1400000e+03
  -2.8888660e-03   1.1550000e+03
  -2.8861410e-03   1.1700000e+03
  -2.8500645e-03   1.1850000e+03
  -2.7514617e-03   1.2000000e+03
  -2.5545321e-03   1.2150000e+03
  -2.2635935e-03   1.2300000e+03
  -1.9098573e-03   1.2450000e+03
  -1.4945768e-03   1.2600000e+03
  -9.6122402e-04   1.2750000e+03
  -2.2123777e-04   1.2900000e+03
   8.1701437e-04   1.3050000e+03
   2.2485640e-03   1.3200000e+03
   4.1689081e-03   1.3350000e+03
   6.6523650e-03   1.3500000e+03
   9.7609367e-03   1.3650000e+03
   1.3611597e-02   1.3800000e+03
   1.8443121e-02   1.3950000e+03
   2.4610640e-02   1.4100000e+03
   3.2522622e-02   1.4250000e+03
   4.2605042e-02   1.4400000e+03
   5.5345789e-02   1.4550000e+03
   7.1380228e-02   1.4700000e+03
   9.1531701e-02   1.4850000e+03
   1.1676901e-01   1.5000000e+03
   1.4812122e-01   1.5150000e+03
   1.8659642e-01   1.5300000e+03
   2.3307438e-01   1.5450000e+03
   2.8807437e-01   1.5600000e+03
   3.5131764e-01   1.5750000e+03
   4.2111096e-01   1.5900000e+03
   4.9370861e-01   1.6050000e+03
   5.6289953e-01   1.6200000e+03
   6.2010664e-01   1.6350000e+03
   6.5529794e-01   1.6500000e+03
   6.5890229e-01   1.6650000e+03
   6.2449992e-01   1.6800000e+03
   5.5136406e-01   1.6950000e+03
   4.4551870e-01   1.7100000e+03
   3.1848824e-01   1.7250000e+03
   1.8425408e-01   1.7400000e+03
   5.6054272e-02   1.7550000e+03
  -5.5505119e-02   1.7700000e+03
  -1.4294600e-01   1.7850000e+03
  -2.0221686e-01   1.8000000e+03
  -2.3374201e-01   1.8150000e+03
  -2.4345127e-01   1.8300000e+03
  -2.4167536e-01   1.8450000e+03
  -2.3881891e-01   1.8600000e+03
  -2.3985267e-01   1.8750000e+03
  -2.4189626e-01   1.8900000e+03
  -2.3755875e-01   1.9050000e+03
  -2.2195421e-01   1.9200000e+03
  -1.9776775e-01   1.9350000e+03
  -1.7415647e-01   1.9500000e+03
  -1.6059987e-01   1.9650000e+03
  -1.6101727e-01   1.9800000e+03
  -1.7264450e-01   1.9950000e+03
  -1.8948537e-01   2.0100000e+03
  -2.0640013e-01   2.0250000e+03
  -2.2036704e-01   2.0400000e+03
  -2.2897471e-01   2.0550000e+03
  -2.2893457e-01   2.0700000e+03
  -2.1692136e-01   2.0850000e+03
  -1.9228077e-01   2.1000000e+03
  -1.5892260e-01   2.1150000e+03
  -1.2412413e-01   2.1300000e+03
  -9.4698288e-02   2.1450000e+03
  -7.3554389e-02   2.1600000e+03
  -5.9431229e-02   2.1750000e+03
  -4.9471874e-02   2.1900000e+03
  -4.1606497e-02   2.2050000e+03
  -3.4581881e-02   2.2200000e+03
  -2.6774066e-02   2.2350000e+03
  -1.6259067e-02   2.2500000e+03
  -2.3204861e-03   2.2650000e+03
   1.3815232e-02   2.2800000e+03
   3.0145068e-02   2.2950000e+03
   4.5334481e-02   2.3100000e+03
   5.8661297e-02   2.3250000e+03
   6.9149815e-02   2.3400000e+03
   7.5662188e-02   2.3550000e+03
   7.7900849e-02   2.3700000e+03
   7.6737009e-02   2.3850000e+03
   7.3370337e-02   2.4000000e+03
   6.8492785e-02   2.4150000e+03
   6.2296759e-02   2.4300000e+03
   5.4838836e-02   2.4450000e+03
   4.6173863e-02   2.4600000e+03
   3.6441769e-02   2.4750000e+03
   2.6086712e-02   2.4900000e+03
   1.5875043e-02   2.5050000e+03
   6.5847575e-03   2.5200000e+03
  -1.2068507e-03   2.5350000e+03
  -7.0211845e-03   2.5500000e+03
  -1.0421921e-02   2.5650000e+03
  -1.1225590e-02   2.5800000e+03
  -9.6628433e-03   2.5950000e+03
  -6.2395865e-03   2.6100000e+03
  -1.5150415e-03   2.6250000e+03
   3.9763404e-03   2.6400000e+03
   9.7648026e-03   2.6550000e+03
   1.5546666e-02   2.6700000e+03
   2.1202814e-02   2.6850000e+03
   2.6645884e-02   2.7000000e+03
   3.1654436e-02   2.7150000e+03
   3.5845935e-02   2.7300000e+03
   3.8762245e-02   2.7450000e+03
   4.0012974e-02   2.7600000e+03
   3.9464220e-02   2.7750000e+03
   3.7378255e-02   2.7900000e+03
   3.4358364e-02   2.8050000e+03
   3.1109687e-02   2.8200000e+03
   2.8196862e-02   2.8350000e+03
   2.5931599e-02   2.8500000e+03
   2.4369009e-02   2.8650000e+03
   2.3344534e-02   2.8800000e+03
   2.2530433e-02   2.8950000e+03
   2.1515712e-02   2.9100000e+03
   1.9907786e-02   2.9250000e+03
   1.7453471e-02   2.9400000e+03
   1.4159960e-02   2.9550000e+03
   1.0357405e-02   2.9700000e+03
   6.6358000e-03   2.9850000e+03
   3.6462806e-03   3.0000000e+03
   1.8499456e-03   3.0150000e+03
   1.3555556e-03   3.0300000e+03
   1.9487967e-03   3.0450000e+03
   3.2824860e-03   3.0600000e+03
   5.0710374e-03   3.0750000e+03
   7.1378802e-03   3.0900000e+03
   9.3049509e-03   3.1050000e+03
   1.1251852e-02   3.1200000e+03
   1.2481268e-02   3.1350000e+03
   1.2421998e-02   3.1500000e+03
   1.0598877e-02   3.1650000e+03
   6.7809066e-03   3.1800000e+03
   1.0637358e-03   3.1950000e+03
  -6.1158529e-03   3.2100000e+03
  -1.4027117e-02   3.2250000e+03
  -2.1750176e-02   3.2400000e+03
  -2.8324606e-02   3.2550000e+03
  -3.2912035e-02   3.2700000e+03
  -3.4937534e-02   3.2850000e+03
  -3.4181677e-02   3.3000000e+03
  -3.0807665e-02   3.3150000e+03
  -2.5322910e-02   3.3300000e+03
  -1.8491084e-02   3.3450000e+03
  -1.1223541e-02   3.3600000e+03
  -4.4802958e-03   3.3750000e+03
   8.0459611e-04   3.3900000e+03
   3.7846246e-03   3.4050000e+03
   3.7762423e-03   3.4200000e+03
   3.5894263e-04   3.4350000e+03
  -6.5268911e-03   3.4500000e+03
  -1.6530387e-02   3.4650000e+03
  -2.8911076e-02   3.4800000e+03
  -4.2613033e-02   3.4950000e+03
  -5.6366280e-02   3.5100000e+03
  -6.8814278e-02   3.5250000e+03
  -7.8682259e-02   3.5400000e+03
  -8.4978588e-02   3.5550000e+03
  -8.7180719e-02   3.5700000e+03
  -8.5338458e-02   3.5850000e+03
  -8.0047913e-02   3.6000000e+03
  -7.2297528e-02   3.6150000e+03
  -6.3240461e-02   3.6300000e+03
  -5.3979561e-02   3.6450000e+03
  -4.5437735e-02   3.6600000e+03
  -3.8328510e-02   3.6750000e+03
  -3.3179995e-02   3.6900000e+03
  -3.0350285e-02   3.7050000e+03
  -3.0010004e-02   3.7200000e+03
  -3.2113884e-02   3.7350000e+03
  -3.6395103e-02   3.7500000e+03
  -4.2395785e-02   3.7650000e+03
  -4.9525179e-02   3.7800000e+03
  -5.7129793e-02   3.7950000e+03
  -6.4559445e-02   3.8100000e+03
  -7.1214944e-02   3.8250000e+03
  -7.6573968e-02   3.8400000e+03
  -8.0209821e-02   3.8550000e+03
  -8.1820175e-02   3.8700000e+03
  -8.1258416e-02   3.8850000e+03
  -7.8534052e-02   3.9000000e+03
  -7.3761739e-02   3.9150000e+03
  -6.7086935e-02   3.9300000e+03
  -5.8645520e-02   3.9450000e+03
  -4.8585817e-02   3.9600000e+03
  -3.7123125e-02   3.9750000e+03
  -2.4575293e-02   3.9900000e+03
  -1.1359633e-02   4.0050000e+03
   2.0328746e-03   4.0200000e+03
   1.5072139e-02   4.0350000e+03
   2.7236585e-02   4.0500000e+03
   3.8069036e-02   4.0650000e+03
   4.7210142e-02   4.0800000e+03
   5.4384928e-02   4.0950000e+03
   5.9363395e-02   4.1100000e+03
   6.1945166e-02   4.1250000e+03
   6.1991539e-02   4.1400000e+03
   5.9479572e-02   4.1550000e+03
   5.4538261e-02   4.1700000e+03
   4.7449950e-02   4.1850000e+03
   3.8622413e-02   4.2000000e+03
   2.8541835e-02   4.2150000e+03
   1.7719604e-02   4.2300000e+03
   6.6522039e-03   4.2450000e+03
  -4.1915542e-03   4.2600000e+03
  -1.4361510e-02   4.2750000e+03
  -2.3415910e-02   4.2900000e+03
  -3.0928457e-02   4.3050000e+03
  -3.6520131e-02   4.3200000e+03
  -3.9911389e-02   4.3350000e+03
  -4.0977858e-02   4.3500000e+03
  -3.9784510e-02   4.3650000e+03
  -3.6578957e-02   4.3800000e+03
  -3.1741221e-02   4.3950000e+03
  -2.5705617e-02   4.4100000e+03
  -1.8883858e-02   4.4250000e+03
  -1.1621496e-02   4.4400000e+03
  -4.2028204e-03   4.4550000e+03
   3.1121825e-03   4.4700000e+03
   1.0053329e-02   4.4850000e+03
   1.6331093e-02   4.5000000e+03
