  -2.4769241e-03   0.0000000e+00
  -2.4768142e-03   1.5000000e+01
  -2.4765551e-03   3.0000000e+01
  -2.4763488e-03   4.5000000e+01
  -2.4763448e-03   6.0000000e+01
  -2.4765988e-03   7.5000000e+01
  -2.4771700e-03   9.0000000e+01
  -2.4781332e-03   1.0500000e+02
  -2.4795483e-03   1.2000000e+02
  -2.4814664e-03   1.3500000e+02
  -2.4838308e-03   1.5000000e+02
  -2.4865225e-03   1.6500000e+02
  -2.4895638e-03   1.8000000e+02
  -2.4929447e-03   1.9500000e+02
  -2.4963021e-03   2.1000000e+02
  -2.4991934e-03   2.2500000e+02
  -2.5016400e-03   2.4000000e+02
  -2.5042128e-03   2.5500000e+02
  -2.5075444e-03   2.7000000e+02
  -2.5116962e-03   2.8500000e+02
  -2.5160741e-03   3.0000000e+02
  -2.5200413e-03   3.1500000e+02
  -2.5235475e-03   3.3000000e+02
  -2.5271336e-03   3.4500000e+02
  -2.5314728e-03   3.6000000e+02
  -2.5369865e-03   3.7500000e+02
  -2.5437358e-03   3.9000000e+02
  -2.5515752e-03   4.0500000e+02
  -2.5601920e-03   4.2000000e+02
  -2.5688205e-03   4.3500000e+02
  -2.5764399e-03   4.5000000e+02
  -2.5827610e-03   4.6500000e+02
  -2.5884500e-03   4.8000000e+02
  -2.5941585e-03   4.9500000e+02
  -2.6001006e-03   5.1000000e+02
  -2.6067062e-03   5.2500000e+02
  -2.6147913e-03   5.4000000e+02
  -2.6247087e-03   5.5500000e+02
  -2.6360021e-03   5.7000000e+02
  -2.6482930e-03   5.8500000e+02
  -2.6617094e-03   6.0000000e+02
  -2.6759701e-03   6.1500000e+02
  -2.6902081e-03   6.3000000e+02
  -2.7042041e-03   6.4500000e+02
  -2.7185632e-03   6.6000000e+02
  -2.7335477e-03   6.7500000e+02
  -2.7489865e-03   6.9000000e+02
  -2.7650674e-03   7.0500000e+02
  -2.7820598e-03   7.2000000e+02
  -2.7997948e-03   7.3500000e+02
  -2.8180787e-03   7.5000000e+02
  -2.8369320e-03   7.6500000e+02
  -2.8563177e-03   7.8000000e+02
  -2.8762468e-03   7.9500000e+02
  -2.8969233e-03   8.1000000e+02
  -2.9184408e-03   8.2500000e+02
  -2.9406822e-03   8.4000000e+02
  -2.9634973e-03   8.5500000e+02
  -2.9867745e-03   8.7000000e+02
  -3.0106010e-03   8.8500000e+02
  -3.0353195e-03   9.0000000e+02
  -3.0611292e-03   9.1500000e+02
  -3.0879260e-03   9.3000000e+02
  -3.1157702e-03   9.4500000e+02
  -3.1451161e-03   9.6000000e+02
  -3.1764810e-03   9.7500000e+02
  -3.2100854e-03   9.9000000e+02
  -3.2458208e-03   1.0050000e+03
  -3.2836024e-03   1.0200000e+03
  -3.3237007e-03   1.0350000e+03
  -3.3665611e-03   1.0500000e+03
  -3.4124609e-03   1.0650000e+03
  -3.4613691e-03   1.0800000e+03
  -3.5129301e-03   1.0950000e+03
  -3.5663543e-03   1.1100000e+03
  -3.6203335e-03   1.1250000e+03
  -3.6734089e-03   1.1400000e+03
  -3.7249441e-03   1.1550000e+03
  -3.7759964e-03   1.1700000e+03
  -3.8290271e-03   1.1850000e+03
  -3.8863996e-03   1.2000000e+03
  -3.9489628e-03   1.2150000e+03
  -4.0161102e-03   1.2300000e+03
  -4.0871138e-03   1.2450000e+03
  -4.1621588e-03   1.2600000e+03
  -4.2420994e-03   1.2750000e+03
  -4.3276194e-03   1.2900000e+03
  -4.4189137e-03   1.3050000e+03
  -4.5158640e-03   1.3200000e+03
  -4.6180529e-03   1.3350000e+03
  -4.7246092e-03   1.3500000e+03
  -4.8345244e-03   1.3650000e+03
  -4.9473578e-03   1.3800000e+03
  -5.0635734e-03   1.3950000e+03
  -5.1843124e-03   1.4100000e+03
  -5.3112577e-03   1.4250000e+03
  -5.4469644e-03   1.4400000e+03
  -5.5948407e-03   1.4550000e+03
  -5.7579377e-03   1.4700000e+03
  -5.9372024e-03   1.4850000e+03
  -6.1310064e-03   1.5000000e+03
  -6.3368231e-03   1.5150000e+03
  -6.5537239e-03   1.5300000e+03
  -6.7837802e-03   1.5450000e+03
  -7.0319301e-03   1.5600000e+03
  -7.3052584e-03   1.5750000e+03
  -7.6125176e-03   1.5900000e+03
  -7.9639116e-03   1.6050000e+03
  -8.3705150e-03   1.6200000e+03
  -8.8422289e-03   1.6350000e+03
  -9.3824854e-03   1.6500000e+03
  -9.9774254e-03   1.6650000e+03
  -1.0576745e-02   1.6800000e+03
  -1.1063636e-02   1.6950000e+03
  -1.1215076e-02   1.7100000e+03
  -1.0663069e-02   1.7250000e+03
  -8.8825747e-03   1.7400000e+03
  -5.2466621e-03   1.7550000e+03
   8.0911157e-04   1.7700000e+03
   9.5011573e-03   1.7850000e+03
   2.0352891e-02   1.8000000e+03
   3.1953216e-02   1.8150000e+03
   4.2047165e-02   1.8300000e+03
   4.8126023e-02   1.8450000e+03
   4.8443459e-02   1.8600000e+03
   4.3038085e-02   1.8750000e+03
   3.4118239e-02   1.8900000e+03
   2.5326423e-02   1.9050000e+03
   2.0017255e-02   1.9200000e+03
   1.9443717e-02   1.9350000e+03
   2.2058241e-02   1.9500000e+03
   2.4566682e-02   1.9650000e+03
   2.4149030e-02   1.9800000e+03
   2.0288458e-02   1.9950000e+03
   1.4847939e-02   2.0100000e+03
   1.0419695e-02   2.0250000e+03
   8.4326155e-03   2.0400000e+03
   8.6791376e-03   2.0550000e+03
   1.0542354e-02   2.0700000e+03
   1.4492604e-02   2.0850000e+03
   2.2024399e-02   2.1000000e+03
   3.3578042e-02   2.1150000e+03
   4.5932762e-02   2.1300000e+03
   5.1367249e-02   2.1450000e+03
   3.9924316e-02   2.1600000e+03
   4.2138267e-03   2.1750000e+03
  -5.5339523e-02   2.1900000e+03
  -1.2733890e-01   2.2050000e+03
  -1.9032244e-01   2.2200000e+03
  -2.1848105e-01   2.2350000e+03
  -1.9123675e-01   2.2500000e+03
  -1.0377573e-01   2.2650000e+03
   2.5979746e-02   2.2800000e+03
   1.5866694e-01   2.2950000e+03
   2.4549775e-01   2.3100000e+03
   2.4868828e-01   2.3250000e+03
   1.6233584e-01   2.3400000e+03
   2.2260632e-02   2.3550000e+03
  -1.0473461e-01   2.3700000e+03
  -1.5269637e-01   2.3850000e+03
  -9.6148297e-02   2.4000000e+03
   2.6620317e-02   2.4150000e+03
   1.2809880e-01   2.4300000e+03
   1.2438095e-01   2.4450000e+03
  -3.0905078e-03   2.4600000e+03
  -1.8207431e-01   2.4750000e+03
  -2.8833920e-01   2.4900000e+03
  -2.3115999e-01   2.5050000e+03
  -2.6256112e-02   2.5200000e+03
   2.0375547e-01   2.5350000e+03
   3.1164399e-01   2.5500000e+03
   2.3398049e-01   2.5650000e+03
   4.0202741e-02   2.5800000e+03
  -1.2221384e-01   2.5950000e+03
  -1.4603092e-01   2.6100000e+03
  -4.7483373e-02   2.6250000e+03
   5.8116764e-02   2.6400000e+03
   6.6420525e-02   2.6550000e+03
  -2.1593686e-02   2.6700000e+03
  -1.0841431e-01   2.6850000e+03
  -1.0056803e-01   2.7000000e+03
  -3.5111635e-04   2.7150000e+03
   1.0125031e-01   2.7300000e+03
   1.1887793e-01   2.7450000e+03
   5.4520160e-02   2.7600000e+03
  -1.5846349e-02   2.7750000e+03
  -2.9506877e-02   2.7900000e+03
   4.3260434e-04   2.8050000e+03
   1.3179106e-02   2.8200000e+03
  -1.9294035e-02   2.8350000e+03
  -5.5850450e-02   2.8500000e+03
  -3.6629729e-02   2.8650000e+03
   3.9820936e-02   2.8800000e+03
   1.0563422e-01   2.8950000e+03
   9.5251344e-02   2.9100000e+03
   1.8293960e-02   2.9250000e+03
  -5.1100537e-02   2.9400000e+03
  -5.6327976e-02   2.9550000e+03
  -1.6014261e-02   2.9700000e+03
   7.9715401e-03   2.9850000e+03
  -1.1064147e-02   3.0000000e+03
  -3.7103955e-02   3.0150000e+03
  -2.4898680e-02   3.0300000e+03
   1.8323462e-02   3.0450000e+03
   4.2899426e-02   3.0600000e+03
   2.2434328e-02   3.0750000e+03
  -1.2911688e-02   3.0900000e+03
  -1.7703854e-02   3.1050000e+03
   1.0091687e-02   3.1200000e+03
   2.9582331e-02   3.1350000e+03
   1.1610021e-02   3.1500000e+03
  -2.5736993e-02   3.1650000e+03
  -4.2097129e-02   3.1800000e+03
  -2.2334363e-02   3.1950000e+03
   1.1265238e-02   3.2100000e+03
   2.7456034e-02   3.2250000e+03
   1.5657140e-02   3.2400000e+03
  -1.0592500e-02   3.2550000e+03
  -2.9196767e-02   3.2700000e+03
  -2.6443351e-02   3.2850000e+03
  -6.1887274e-03   3.3000000e+03
   1.3568483e-02   3.3150000e+03
   1.7043492e-02   3.3300000e+03
   6.1419695e-03   3.3450000e+03
  -3.4138870e-03   3.3600000e+03
  -2.0083846e-03   3.3750000e+03
   3.7345039e-03   3.3900000e+03
   3.9287582e-03   3.4050000e+03
   1.6497145e-03   3.4200000e+03
   7.5827125e-03   3.4350000e+03
   2.0548580e-02   3.4500000e+03
   2.3781963e-02   3.4650000e+03
   5.7075690e-03   3.4800000e+03
  -2.1459322e-02   3.4950000e+03
  -3.1911619e-02   3.5100000e+03
  -1.5433661e-02   3.5250000e+03
   9.6259890e-03   3.5400000e+03
   1.6443400e-02   3.5550000e+03
  -3.2209937e-05   3.5700000e+03
  -1.8291192e-02   3.5850000e+03
  -1.6358210e-02   3.6000000e+03
   2.7577039e-03   3.6150000e+03
   1.6174413e-02   3.6300000e+03
   8.6384788e-03   3.6450000e+03
  -1.1800319e-02   3.6600000e+03
  -2.5884397e-02   3.6750000e+03
  -2.3489300e-02   3.6900000e+03
  -7.8994185e-03   3.7050000e+03
   1.3352113e-02   3.7200000e+03
   3.2987129e-02   3.7350000e+03
   4.1443467e-02   3.7500000e+03
   3.0550020e-02   3.7650000e+03
   4.4082911e-03   3.7800000e+03
  -1.9745203e-02   3.7950000e+03
  -2.7776565e-02   3.8100000e+03
  -2.3072412e-02   3.8250000e+03
  -1.9859048e-02   3.8400000e+03
  -2.4623577e-02   3.8550000e+03
  -3.0130666e-02   3.8700000e+03
  -2.6932195e-02   3.8850000e+03
  -1.3999463e-02   3.9000000e+03
   3.6360936e-03   3.9150000e+03
   2.1436621e-02   3.9300000e+03
   3.5483271e-02   3.9450000e+03
   4.0514082e-02   3.9600000e+03
   3.3355262e-02   3.9750000e+03
   1.7012335e-02   3.9900000e+03
  -2.3166356e-03   4.0050000e+03
  -2.0625977e-02   4.0200000e+03
  -3.4720011e-02   4.0350000e+03
  -3.7928969e-02   4.0500000e+03
  -2.4084689e-02   4.0650000e+03
   2.6747070e-03   4.0800000e+03
   2.7324961e-02   4.0950000e+03
   3.6491368e-02   4.1100000e+03
   2.9216953e-02   4.1250000e+03
   1.4061828e-02   4.1400000e+03
  -3.0756954e-04   4.1550000e+03
  -8.6952550e-03   4.1700000e+03
  -8.1001436e-03   4.1850000e+03
   5.5462716e-04   4.2000000e+03
   9.5812492e-03   4.2150000e+03
   8.9978781e-03   4.2300000e+03
  -3.2785651e-03   4.2450000e+03
  -1.7707611e-02   4.2600000e+03
  -2.1644555e-02   4.2750000e+03
  -1.1325631e-02   4.2900000e+03
   4.6551251e-03   4.3050000e+03
   1.2634390e-02   4.3200000e+03
   4.9253646e-03   4.3350000e+03
  -1.3819159e-02   4.3500000e+03
  -2.9456738e-02   4.3650000e+03
  -2.8708229e-02   4.3800000e+03
  -9.2909811e-03   4.3950000e+03
   1.8384196e-02   4.4100000e+03
   3.9036211e-02   4.4250000e+03
   4.2892367e-02   4.4400000e+03
   3.0699750e-02   4.4550000e+03
   1.1058856e-02   4.4700000e+03
  -6.4269756e-03   4.4850000e+03
  -1.6697871e-02   4.5000000e+03
