  -4.4509149e-03   0.0000000e+00
  -4.4503431e-03   1.5000000e+01
  -4.4487906e-03   3.0000000e+01
  -4.4470816e-03   4.5000000e+01
  -4.4469056e-03   6.0000000e+01
  -4.4497582e-03   7.5000000e+01
  -4.4552819e-03   9.0000000e+01
  -4.4617932e-03   1.0500000e+02
  -4.4682524e-03   1.2000000e+02
  -4.4755815e-03   1.3500000e+02
  -4.4860784e-03   1.5000000e+02
  -4.5011542e-03   1.6500000e+02
  -4.5206975e-03   1.8000000e+02
  -4.5447792e-03   1.9500000e+02
  -4.5744418e-03   2.1000000e+02
  -4.6107545e-03   2.2500000e+02
  -4.6532638e-03   2.4000000e+02
  -4.6988642e-03   2.5500000e+02
  -4.7433116e-03   2.7000000e+02
  -4.7847014e-03   2.8500000e+02
  -4.8245131e-03   3.0000000e+02
  -4.8645153e-03   3.1500000e+02
  -4.9031479e-03   3.3000000e+02
  -4.9351240e-03   3.4500000e+02
  -4.9535735e-03   3.6000000e+02
  -4.9523287e-03   3.7500000e+02
  -4.9283328e-03   3.9000000e+02
  -4.8827957e-03   4.0500000e+02
  -4.8178458e-03   4.2000000e+02
  -4.7310628e-03   4.3500000e+02
  -4.6150945e-03   4.5000000e+02
  -4.4631395e-03   4.6500000e+02
  -4.2731222e-03   4.8000000e+02
  -4.0467177e-03   4.9500000e+02
  -3.7858672e-03   5.1000000e+02
  -3.4893386e-03   5.2500000e+02
  -3.1513199e-03   5.4000000e+02
  -2.7630853e-03   5.5500000e+02
  -2.3146896e-03   5.7000000e+02
  -1.7955560e-03   5.8500000e+02
  -1.1966852e-03   6.0000000e+02
  -5.1183888e-04   6.1500000e+02
   2.6557926e-04   6.3000000e+02
   1.1452143e-03   6.4500000e+02
   2.1406154e-03   6.6000000e+02
   3.2729374e-03   6.7500000e+02
   4.5721042e-03   6.9000000e+02
   6.0679489e-03   7.0500000e+02
   7.7823047e-03   7.2000000e+02
   9.7358525e-03   7.3500000e+02
   1.1963063e-02   7.5000000e+02
   1.4521803e-02   7.6500000e+02
   1.7495217e-02   7.8000000e+02
   2.0985182e-02   7.9500000e+02
   2.5095709e-02   8.1000000e+02
   2.9917397e-02   8.2500000e+02
   3.5530038e-02   8.4000000e+02
   4.2021841e-02   8.5500000e+02
   4.9504865e-02   8.7000000e+02
   5.8112696e-02   8.8500000e+02
   6.7986831e-02   9.0000000e+02
   7.9263262e-02   9.1500000e+02
   9.2058346e-02   9.3000000e+02
   1.0645212e-01   9.4500000e+02
   1.2247598e-01   9.6000000e+02
   1.4010505e-01   9.7500000e+02
   1.5924877e-01   9.9000000e+02
   1.7975165e-01   1.0050000e+03
   2.0141529e-01   1.0200000e+03
   2.2400197e-01   1.0350000e+03
   2.4715422e-01   1.0500000e+03
   2.7023566e-01   1.0650000e+03
   2.9221088e-01   1.0800000e+03
   3.1172284e-01   1.0950000e+03
   3.2743615e-01   1.1100000e+03
   3.3850622e-01   1.1250000e+03
   3.4482935e-01   1.1400000e+03
   3.4677365e-01   1.1550000e+03
   3.4451252e-01   1.1700000e+03
   3.3756173e-01   1.1850000e+03
   3.2507503e-01   1.2000000e+03
   3.0673710e-01   1.2150000e+03
   2.8340247e-01   1.2300000e+03
   2.5681853e-01   1.2450000e+03
   2.2872338e-01   1.2600000e+03
   2.0022716e-01   1.2750000e+03
   1.7193982e-01   1.2900000e+03
   1.4442150e-01   1.3050000e+03
   1.1831843e-01   1.3200000e+03
   9.4128892e-02   1.3350000e+03
   7.2034553e-02   1.3500000e+03
   5.2064456e-02   1.3650000e+03
   3.4399815e-02   1.3800000e+03
   1.9468650e-02   1.3950000e+03
   7.7187442e-03   1.4100000e+03
  -7.1252743e-04   1.4250000e+03
  -6.1159809e-03   1.4400000e+03
  -9.0248287e-03   1.4550000e+03
  -9.9317143e-03   1.4700000e+03
  -9.1507919e-03   1.4850000e+03
  -6.8608238e-03   1.5000000e+03
  -3.2229917e-03   1.5150000e+03
   1.5168419e-03   1.5300000e+03
   7.0031388e-03   1.5450000e+03
   1.2851766e-02   1.5600000e+03
   1.8760139e-02   1.5750000e+03
   2.4527896e-02   1.5900000e+03
   3.0000532e-02   1.6050000e+03
   3.5048816e-02   1.6200000e+03
   3.9600726e-02   1.6350000e+03
   4.3637700e-02   1.6500000e+03
   4.7132913e-02   1.6650000e+03
   5.0005391e-02   1.6800000e+03
   5.2134022e-02   1.6950000e+03
   5.3405154e-02   1.7100000e+03
   5.3757269e-02   1.7250000e+03
   5.3197820e-02   1.7400000e+03
   5.1774889e-02   1.7550000e+03
   4.9521204e-02   1.7700000e+03
   4.6419434e-02   1.7850000e+03
   4.2413410e-02   1.8000000e+03
   3.7445784e-02   1.8150000e+03
   3.1495377e-02   1.8300000e+03
   2.4599755e-02   1.8450000e+03
   1.6850919e-02   1.8600000e+03
   8.3626658e-03   1.8750000e+03
  -7.6473918e-04   1.8900000e+03
  -1.0449306e-02   1.9050000e+03
  -2.0599928e-02   1.9200000e+03
  -3.1090120e-02   1.9350000e+03
  -4.1762166e-02   1.9500000e+03
  -5.2456345e-02   1.9650000e+03
  -6.3035220e-02   1.9800000e+03
  -7.3381200e-02   1.9950000e+03
  -8.3374321e-02   2.0100000e+03
  -9.2877880e-02   2.0250000e+03
  -1.0175167e-01   2.0400000e+03
  -1.0988422e-01   2.0550000e+03
  -1.1721654e-01   2.0700000e+03
  -1.2374234e-01   2.0850000e+03
  -1.2949564e-01   2.1000000e+03
  -1.3454230e-01   2.1150000e+03
  -1.3897027e-01   2.1300000e+03
  -1.4286023e-01   2.1450000e+03
  -1.4624080e-01   2.1600000e+03
  -1.4906581e-01   2.1750000e+03
  -1.5124939e-01   2.1900000e+03
  -1.5274359e-01   2.2050000e+03
  -1.5359567e-01   2.2200000e+03
  -1.5393437e-01   2.2350000e+03
  -1.5390062e-01   2.2500000e+03
  -1.5358703e-01   2.2650000e+03
  -1.5302984e-01   2.2800000e+03
  -1.5223736e-01   2.2950000e+03
  -1.5121226e-01   2.3100000e+03
  -1.4995341e-01   2.3250000e+03
  -1.4845568e-01   2.3400000e+03
  -1.4671990e-01   2.3550000e+03
  -1.4475808e-01   2.3700000e+03
  -1.4257985e-01   2.3850000e+03
  -1.4017351e-01   2.4000000e+03
  -1.3750228e-01   2.4150000e+03
  -1.3451281e-01   2.4300000e+03
  -1.3113452e-01   2.4450000e+03
  -1.2727220e-01   2.4600000e+03
  -1.2282277e-01   2.4750000e+03
  -1.1773183e-01   2.4900000e+03
  -1.1205642e-01   2.5050000e+03
  -1.0598087e-01   2.5200000e+03
  -9.9772379e-02   2.5350000e+03
  -9.3710631e-02   2.5500000e+03
  -8.8026673e-02   2.5650000e+03
  -8.2854562e-02   2.5800000e+03
  -7.8191534e-02   2.5950000e+03
  -7.3891021e-02   2.6100000e+03
  -6.9723830e-02   2.6250000e+03
  -6.5498896e-02   2.6400000e+03
  -6.1174981e-02   2.6550000e+03
  -5.6889232e-02   2.6700000e+03
  -5.2887112e-02   2.6850000e+03
  -4.9403422e-02   2.7000000e+03
  -4.6563737e-02   2.7150000e+03
  -4.4351589e-02   2.7300000e+03
  -4.2648688e-02   2.7450000e+03
  -4.1319862e-02   2.7600000e+03
  -4.0289082e-02   2.7750000e+03
  -3.9556120e-02   2.7900000e+03
  -3.9145011e-02   2.8050000e+03
  -3.9028168e-02   2.8200000e+03
  -3.9086383e-02   2.8350000e+03
  -3.9130539e-02   2.8500000e+03
  -3.8960289e-02   2.8650000e+03
  -3.8414422e-02   2.8800000e+03
  -3.7387002e-02   2.8950000e+03
  -3.5819042e-02   2.9100000e+03
  -3.3692650e-02   2.9250000e+03
  -3.1039707e-02   2.9400000e+03
  -2.7947612e-02   2.9550000e+03
  -2.4536951e-02   2.9700000e+03
  -2.0913571e-02   2.9850000e+03
  -1.7129373e-02   3.0000000e+03
  -1.3182391e-02   3.0150000e+03
  -9.0507613e-03   3.0300000e+03
  -4.7288202e-03   3.0450000e+03
  -2.4273677e-04   3.0600000e+03
   4.3510813e-03   3.0750000e+03
   8.9715905e-03   3.0900000e+03
   1.3520770e-02   3.1050000e+03
   1.7900962e-02   3.1200000e+03
   2.2039041e-02   3.1350000e+03
   2.5896261e-02   3.1500000e+03
   2.9446714e-02   3.1650000e+03
   3.2639105e-02   3.1800000e+03
   3.5379957e-02   3.1950000e+03
   3.7558012e-02   3.2100000e+03
   3.9088711e-02   3.2250000e+03
   3.9942987e-02   3.2400000e+03
   4.0147960e-02   3.2550000e+03
   3.9772626e-02   3.2700000e+03
   3.8911786e-02   3.2850000e+03
   3.7671275e-02   3.3000000e+03
   3.6157552e-02   3.3150000e+03
   3.4477536e-02   3.3300000e+03
   3.2745197e-02   3.3450000e+03
   3.1080397e-02   3.3600000e+03
   2.9592142e-02   3.3750000e+03
   2.8357690e-02   3.3900000e+03
   2.7416080e-02   3.4050000e+03
   2.6781054e-02   3.4200000e+03
   2.6460834e-02   3.4350000e+03
   2.6468720e-02   3.4500000e+03
   2.6817726e-02   3.4650000e+03
   2.7504046e-02   3.4800000e+03
   2.8491938e-02   3.4950000e+03
   2.9713495e-02   3.5100000e+03
   3.1087434e-02   3.5250000e+03
   3.2544874e-02   3.5400000e+03
   3.4041811e-02   3.5550000e+03
   3.5548523e-02   3.5700000e+03
   3.7026387e-02   3.5850000e+03
   3.8412042e-02   3.6000000e+03
   3.9619762e-02   3.6150000e+03
   4.0558003e-02   3.6300000e+03
   4.1149691e-02   3.6450000e+03
   4.1347761e-02   3.6600000e+03
   4.1139435e-02   3.6750000e+03
   4.0536642e-02   3.6900000e+03
   3.9558947e-02   3.7050000e+03
   3.8224008e-02   3.7200000e+03
   3.6555164e-02   3.7350000e+03
   3.4597930e-02   3.7500000e+03
   3.2426529e-02   3.7650000e+03
   3.0131996e-02   3.7800000e+03
   2.7803537e-02   3.7950000e+03
   2.5520274e-02   3.8100000e+03
   2.3355396e-02   3.8250000e+03
   2.1378957e-02   3.8400000e+03
   1.9648222e-02   3.8550000e+03
   1.8190725e-02   3.8700000e+03
   1.6994229e-02   3.8850000e+03
   1.6009718e-02   3.9000000e+03
   1.5160765e-02   3.9150000e+03
   1.4351849e-02   3.9300000e+03
   1.3477653e-02   3.9450000e+03
   1.2439268e-02   3.9600000e+03
   1.1164968e-02   3.9750000e+03
   9.6243592e-03   3.9900000e+03
   7.8283967e-03   4.0050000e+03
   5.8190846e-03   4.0200000e+03
   3.6568369e-03   4.0350000e+03
   1.4077666e-03   4.0500000e+03
  -8.7025180e-04   4.0650000e+03
  -3.1385063e-03   4.0800000e+03
  -5.3770049e-03   4.0950000e+03
  -7.5718462e-03   4.1100000e+03
  -9.7016655e-03   4.1250000e+03
  -1.1734774e-02   4.1400000e+03
  -1.3635837e-02   4.1550000e+03
  -1.5370953e-02   4.1700000e+03
  -1.6905064e-02   4.1850000e+03
  -1.8197777e-02   4.2000000e+03
  -1.9206831e-02   4.2150000e+03
  -1.9900134e-02   4.2300000e+03
  -2.0269241e-02   4.2450000e+03
  -2.0338150e-02   4.2600000e+03
  -2.0166604e-02   4.2750000e+03
  -1.9847749e-02   4.2900000e+03
  -1.9496422e-02   4.3050000e+03
  -1.9225733e-02   4.3200000e+03
  -1.9119080e-02   4.3350000e+03
  -1.9212388e-02   4.3500000e+03
  -1.9497287e-02   4.3650000e+03
  -1.9942146e-02   4.3800000e+03
  -2.0517249e-02   4.3950000e+03
  -2.1211674e-02   4.4100000e+03
  -2.2037169e-02   4.4250000e+03
  -2.3019744e-02   4.4400000e+03
  -2.4181530e-02   4.4550000e+03
  -2.5519464e-02   4.4700000e+03
  -2.6992977e-02   4.4850000e+03
  -2.8531134e-02   4.5000000e+03
