   3.5792505e-03   0.0000000e+00
   3.5783979e-03   1.5000000e+01
   3.5757048e-03   3.0000000e+01
   3.5709694e-03   4.5000000e+01
   3.5642062e-03   6.0000000e+01
   3.5554287e-03   7.5000000e+01
   3.5446174e-03   9.0000000e+01
   3.5319454e-03   1.0500000e+02
   3.5175635e-03   1.2000000e+02
   3.5012465e-03   1.3500000e+02
   3.4827266e-03   1.5000000e+02
   3.4620496e-03   1.6500000e+02
   3.4393265e-03   1.8000000e+02
   3.4145124e-03   1.9500000e+02
   3.3876037e-03   2.1000000e+02
   3.3587478e-03   2.2500000e+02
   3.3281157e-03   2.4000000e+02
   3.2957403e-03   2.5500000e+02
   3.2614004e-03   2.7000000e+02
   3.2246970e-03   2.8500000e+02
   3.1853439e-03   3.0000000e+02
   3.1433431e-03   3.1500000e+02
   3.0988497e-03   3.3000000e+02
   3.0519657e-03   3.4500000e+02
   3.0028180e-03   3.6000000e+02
   2.9516369e-03   3.7500000e+02
   2.8984800e-03   3.9000000e+02
   2.8430913e-03   4.0500000e+02
   2.7850519e-03   4.2000000e+02
   2.7235956e-03   4.3500000e+02
   2.6570209e-03   4.5000000e+02
   2.5813938e-03   4.6500000e+02
   2.4875267e-03   4.8000000e+02
   2.3573448e-03   4.9500000e+02
   2.1637809e-03   5.1000000e+02
   1.8794262e-03   5.2500000e+02
   1.4970617e-03   5.4000000e+02
   1.0559524e-03   5.5500000e+02
   6.5241591e-04   5.7000000e+02
   4.0752528e-04   5.8500000e+02
   3.8969939e-04   6.0000000e+02
   5.4148037e-04   6.1500000e+02
   6.8932382e-04   6.3000000e+02
   6.6437951e-04   6.4500000e+02
   4.4621492e-04   6.6000000e+02
   1.8079163e-04   6.7500000e+02
   2.8875502e-05   6.9000000e+02
  -4.3421551e-06   7.0500000e+02
  -5.9413742e-05   7.2000000e+02
  -2.3643252e-04   7.3500000e+02
  -4.6303507e-04   7.5000000e+02
  -5.8637973e-04   7.6500000e+02
  -5.6101260e-04   7.8000000e+02
  -4.7568700e-04   7.9500000e+02
  -4.0084682e-04   8.1000000e+02
  -3.0034571e-04   8.2500000e+02
  -1.3317744e-04   8.4000000e+02
   4.4733177e-05   8.5500000e+02
   1.6663571e-04   8.7000000e+02
   2.8812396e-04   8.8500000e+02
   5.2611373e-04   9.0000000e+02
   8.8592333e-04   9.1500000e+02
   1.2634437e-03   9.3000000e+02
   1.6242445e-03   9.4500000e+02
   2.0674269e-03   9.6000000e+02
   2.6899981e-03   9.7500000e+02
   3.4999547e-03   9.9000000e+02
   4.5013139e-03   1.0050000e+03
   5.7636788e-03   1.0200000e+03
   7.3666773e-03   1.0350000e+03
   9.3682241e-03   1.0500000e+03
   1.1869022e-02   1.0650000e+03
   1.5032417e-02   1.0800000e+03
   1.9015146e-02   1.0950000e+03
   2.3950087e-02   1.1100000e+03
   3.0010296e-02   1.1250000e+03
   3.7413798e-02   1.1400000e+03
   4.6341375e-02   1.1550000e+03
   5.6907028e-02   1.1700000e+03
   6.9235586e-02   1.1850000e+03
   8.3531037e-02   1.2000000e+03
   1.0003462e-01   1.2150000e+03
   1.1890956e-01   1.2300000e+03
   1.4014544e-01   1.2450000e+03
   1.6351889e-01   1.2600000e+03
   1.8859729e-01   1.2750000e+03
   2.1478556e-01   1.2900000e+03
   2.4141033e-01   1.3050000e+03
   2.6777345e-01   1.3200000e+03
   2.9310825e-01   1.3350000e+03
   3.1650046e-01   1.3500000e+03
   3.3691478e-01   1.3650000e+03
   3.5335198e-01   1.3800000e+03
   3.6499798e-01   1.3950000e+03
   3.7124324e-01   1.4100000e+03
   3.7161815e-01   1.4250000e+03
   3.6580271e-01   1.4400000e+03
   3.5379791e-01   1.4550000e+03
   3.3615294e-01   1.4700000e+03
   3.1402093e-01   1.4850000e+03
   2.8893068e-01   1.5000000e+03
   2.6241747e-01   1.5150000e+03
   2.3575714e-01   1.5300000e+03
   2.0988417e-01   1.5450000e+03
   1.8538134e-01   1.5600000e+03
   1.6245380e-01   1.5750000e+03
   1.4095911e-01   1.5900000e+03
   1.2059578e-01   1.6050000e+03
   1.0118050e-01   1.6200000e+03
   8.2784735e-02   1.6350000e+03
   6.5592952e-02   1.6500000e+03
   4.9627639e-02   1.6650000e+03
   3.4637026e-02   1.6800000e+03
   2.0272067e-02   1.6950000e+03
   6.3773934e-03   1.7100000e+03
  -6.8798959e-03   1.7250000e+03
  -1.9144785e-02   1.7400000e+03
  -3.0134598e-02   1.7550000e+03
  -3.9800972e-02   1.7700000e+03
  -4.8280571e-02   1.7850000e+03
  -5.5729207e-02   1.8000000e+03
  -6.2249035e-02   1.8150000e+03
  -6.7990266e-02   1.8300000e+03
  -7.3245369e-02   1.8450000e+03
  -7.8306556e-02   1.8600000e+03
  -8.3169602e-02   1.8750000e+03
  -8.7455437e-02   1.8900000e+03
  -9.0724900e-02   1.9050000e+03
  -9.2863776e-02   1.9200000e+03
  -9.4092935e-02   1.9350000e+03
  -9.4626077e-02   1.9500000e+03
  -9.4438381e-02   1.9650000e+03
  -9.3423449e-02   1.9800000e+03
  -9.1678493e-02   1.9950000e+03
  -8.9511044e-02   2.0100000e+03
  -8.7163664e-02   2.0250000e+03
  -8.4618270e-02   2.0400000e+03
  -8.1703559e-02   2.0550000e+03
  -7.8337692e-02   2.0700000e+03
  -7.4621268e-02   2.0850000e+03
  -7.0737027e-02   2.1000000e+03
  -6.6834249e-02   2.1150000e+03
  -6.3013755e-02   2.1300000e+03
  -5.9351869e-02   2.1450000e+03
  -5.5884380e-02   2.1600000e+03
  -5.2585434e-02   2.1750000e+03
  -4.9398385e-02   2.1900000e+03
  -4.6287626e-02   2.2050000e+03
  -4.3260075e-02   2.2200000e+03
  -4.0374599e-02   2.2350000e+03
  -3.7762165e-02   2.2500000e+03
  -3.5612464e-02   2.2650000e+03
  -3.4100868e-02   2.2800000e+03
  -3.3320222e-02   2.2950000e+03
  -3.3270504e-02   2.3100000e+03
  -3.3860732e-02   2.3250000e+03
  -3.4885745e-02   2.3400000e+03
  -3.6044113e-02   2.3550000e+03
  -3.7052277e-02   2.3700000e+03
  -3.7779078e-02   2.3850000e+03
  -3.8290367e-02   2.4000000e+03
  -3.8797513e-02   2.4150000e+03
  -3.9568812e-02   2.4300000e+03
  -4.0834025e-02   2.4450000e+03
  -4.2697906e-02   2.4600000e+03
  -4.5100361e-02   2.4750000e+03
  -4.7846649e-02   2.4900000e+03
  -5.0689753e-02   2.5050000e+03
  -5.3429164e-02   2.5200000e+03
  -5.5983867e-02   2.5350000e+03
  -5.8396675e-02   2.5500000e+03
  -6.0767777e-02   2.5650000e+03
  -6.3174404e-02   2.5800000e+03
  -6.5634146e-02   2.5950000e+03
  -6.8111800e-02   2.6100000e+03
  -7.0533417e-02   2.6250000e+03
  -7.2794057e-02   2.6400000e+03
  -7.4777313e-02   2.6550000e+03
  -7.6394066e-02   2.6700000e+03
  -7.7614129e-02   2.6850000e+03
  -7.8459077e-02   2.7000000e+03
  -7.8959815e-02   2.7150000e+03
  -7.9115540e-02   2.7300000e+03
  -7.8888588e-02   2.7450000e+03
  -7.8236617e-02   2.7600000e+03
  -7.7151947e-02   2.7750000e+03
  -7.5676538e-02   2.7900000e+03
  -7.3889233e-02   2.8050000e+03
  -7.1882077e-02   2.8200000e+03
  -6.9737799e-02   2.8350000e+03
  -6.7511000e-02   2.8500000e+03
  -6.5218985e-02   2.8650000e+03
  -6.2849581e-02   2.8800000e+03
  -6.0382459e-02   2.8950000e+03
  -5.7810821e-02   2.9100000e+03
  -5.5149872e-02   2.9250000e+03
  -5.2428152e-02   2.9400000e+03
  -4.9670689e-02   2.9550000e+03
  -4.6887528e-02   2.9700000e+03
  -4.4071853e-02   2.9850000e+03
  -4.1202113e-02   3.0000000e+03
  -3.8244791e-02   3.0150000e+03
  -3.5160504e-02   3.0300000e+03
  -3.1914208e-02   3.0450000e+03
  -2.8483819e-02   3.0600000e+03
  -2.4861839e-02   3.0750000e+03
  -2.1052593e-02   3.0900000e+03
  -1.7072815e-02   3.1050000e+03
  -1.2957793e-02   3.1200000e+03
  -8.7669417e-03   3.1350000e+03
  -4.5818817e-03   3.1500000e+03
  -4.9624470e-04   3.1650000e+03
   3.3977414e-03   3.1800000e+03
   7.0192157e-03   3.1950000e+03
   1.0301399e-02   3.2100000e+03
   1.3188864e-02   3.2250000e+03
   1.5634531e-02   3.2400000e+03
   1.7599557e-02   3.2550000e+03
   1.9055748e-02   3.2700000e+03
   1.9989865e-02   3.2850000e+03
   2.0409508e-02   3.3000000e+03
   2.0348044e-02   3.3150000e+03
   1.9863848e-02   3.3300000e+03
   1.9032635e-02   3.3450000e+03
   1.7937247e-02   3.3600000e+03
   1.6660066e-02   3.3750000e+03
   1.5279329e-02   3.3900000e+03
   1.3868161e-02   3.4050000e+03
   1.2495456e-02   3.4200000e+03
   1.1227620e-02   3.4350000e+03
   1.0128867e-02   3.4500000e+03
   9.2578894e-03   3.4650000e+03
   8.6611649e-03   3.4800000e+03
   8.3661079e-03   3.4950000e+03
   8.3780978e-03   3.5100000e+03
   8.6829904e-03   3.5250000e+03
   9.2529925e-03   3.5400000e+03
   1.0052427e-02   3.5550000e+03
   1.1041951e-02   3.5700000e+03
   1.2182077e-02   3.5850000e+03
   1.3436412e-02   3.6000000e+03
   1.4773865e-02   3.6150000e+03
   1.6169598e-02   3.6300000e+03
   1.7605470e-02   3.6450000e+03
   1.9069882e-02   3.6600000e+03
   2.0555723e-02   3.6750000e+03
   2.2055985e-02   3.6900000e+03
   2.3558602e-02   3.7050000e+03
   2.5042841e-02   3.7200000e+03
   2.6478576e-02   3.7350000e+03
   2.7828513e-02   3.7500000e+03
   2.9052323e-02   3.7650000e+03
   3.0110888e-02   3.7800000e+03
   3.0968890e-02   3.7950000e+03
   3.1595435e-02   3.8100000e+03
   3.1964105e-02   3.8250000e+03
   3.2053638e-02   3.8400000e+03
   3.1849131e-02   3.8550000e+03
   3.1342823e-02   3.8700000e+03
   3.0534346e-02   3.8850000e+03
   2.9431161e-02   3.9000000e+03
   2.8049381e-02   3.9150000e+03
   2.6414022e-02   3.9300000e+03
   2.4557719e-02   3.9450000e+03
   2.2518499e-02   3.9600000e+03
   2.0338150e-02   3.9750000e+03
   1.8061919e-02   3.9900000e+03
   1.5738711e-02   4.0050000e+03
   1.3420831e-02   4.0200000e+03
   1.1163026e-02   4.0350000e+03
   9.0205753e-03   4.0500000e+03
   7.0453826e-03   4.0650000e+03
   5.2794106e-03   4.0800000e+03
   3.7472586e-03   4.0950000e+03
   2.4514762e-03   4.1100000e+03
   1.3729100e-03   4.1250000e+03
   4.7532827e-04   4.1400000e+03
  -2.8785400e-04   4.1550000e+03
  -9.6644886e-04   4.1700000e+03
  -1.6071694e-03   4.1850000e+03
  -2.2496886e-03   4.2000000e+03
  -2.9261974e-03   4.2150000e+03
  -3.6635043e-03   4.2300000e+03
  -4.4849049e-03   4.2450000e+03
  -5.4093180e-03   4.2600000e+03
  -6.4472752e-03   4.2750000e+03
  -7.5958092e-03   4.2900000e+03
  -8.8356314e-03   4.3050000e+03
  -1.0133286e-02   4.3200000e+03
  -1.1448131e-02   4.3350000e+03
  -1.2740538e-02   4.3500000e+03
  -1.3976939e-02   4.3650000e+03
  -1.5130091e-02   4.3800000e+03
  -1.6176485e-02   4.3950000e+03
  -1.7094046e-02   4.4100000e+03
  -1.7862353e-02   4.4250000e+03
  -1.8465811e-02   4.4400000e+03
  -1.8898472e-02   4.4550000e+03
  -1.9167526e-02   4.4700000e+03
  -1.9292356e-02   4.4850000e+03
  -1.9298766e-02   4.5000000e+03
