  -3.4010843e-03   0.0000000e+00
  -3.4009123e-03   1.5000000e+01
  -3.4004948e-03   3.0000000e+01
  -3.4001612e-03   4.5000000e+01
  -3.4002671e-03   6.0000000e+01
  -3.4010424e-03   7.5000000e+01
  -3.4025221e-03   9.0000000e+01
  -3.4046164e-03   1.0500000e+02
  -3.4072993e-03   1.2000000e+02
  -3.4107382e-03   1.3500000e+02
  -3.4151161e-03   1.5000000e+02
  -3.4204477e-03   1.6500000e+02
  -3.4267521e-03   1.8000000e+02
  -3.4340294e-03   1.9500000e+02
  -3.4419766e-03   2.1000000e+02
  -3.4502135e-03   2.2500000e+02
  -3.4587730e-03   2.4000000e+02
  -3.4680788e-03   2.5500000e+02
  -3.4784856e-03   2.7000000e+02
  -3.4898832e-03   2.8500000e+02
  -3.5017317e-03   3.0000000e+02
  -3.5135555e-03   3.1500000e+02
  -3.5253423e-03   3.3000000e+02
  -3.5374463e-03   3.4500000e+02
  -3.5501693e-03   3.6000000e+02
  -3.5634236e-03   3.7500000e+02
  -3.5769257e-03   3.9000000e+02
  -3.5907610e-03   4.0500000e+02
  -3.6051429e-03   4.2000000e+02
  -3.6191887e-03   4.3500000e+02
  -3.6309366e-03   4.5000000e+02
  -3.6393786e-03   4.6500000e+02
  -3.6454420e-03   4.8000000e+02
  -3.6505638e-03   4.9500000e+02
  -3.6555633e-03   5.1000000e+02
  -3.6611492e-03   5.2500000e+02
  -3.6682361e-03   5.4000000e+02
  -3.6770601e-03   5.5500000e+02
  -3.6868080e-03   5.7000000e+02
  -3.6968740e-03   5.8500000e+02
  -3.7075253e-03   6.0000000e+02
  -3.7184968e-03   6.1500000e+02
  -3.7284726e-03   6.3000000e+02
  -3.7369744e-03   6.4500000e+02
  -3.7449966e-03   6.6000000e+02
  -3.7532430e-03   6.7500000e+02
  -3.7616522e-03   6.9000000e+02
  -3.7704823e-03   7.0500000e+02
  -3.7800814e-03   7.2000000e+02
  -3.7902286e-03   7.3500000e+02
  -3.8006047e-03   7.5000000e+02
  -3.8110584e-03   7.6500000e+02
  -3.8214130e-03   7.8000000e+02
  -3.8317777e-03   7.9500000e+02
  -3.8425582e-03   8.1000000e+02
  -3.8538729e-03   8.2500000e+02
  -3.8655051e-03   8.4000000e+02
  -3.8773024e-03   8.5500000e+02
  -3.8892860e-03   8.7000000e+02
  -3.9017259e-03   8.8500000e+02
  -3.9150249e-03   9.0000000e+02
  -3.9292476e-03   9.1500000e+02
  -3.9441618e-03   9.3000000e+02
  -3.9597978e-03   9.4500000e+02
  -3.9765039e-03   9.6000000e+02
  -3.9945571e-03   9.7500000e+02
  -4.0139034e-03   9.9000000e+02
  -4.0341499e-03   1.0050000e+03
  -4.0550595e-03   1.0200000e+03
  -4.0770154e-03   1.0350000e+03
  -4.1006054e-03   1.0500000e+03
  -4.1260589e-03   1.0650000e+03
  -4.1533206e-03   1.0800000e+03
  -4.1822484e-03   1.0950000e+03
  -4.2124786e-03   1.1100000e+03
  -4.2432840e-03   1.1250000e+03
  -4.2738328e-03   1.1400000e+03
  -4.3038283e-03   1.1550000e+03
  -4.3340251e-03   1.1700000e+03
  -4.3660300e-03   1.1850000e+03
  -4.4013406e-03   1.2000000e+03
  -4.4402587e-03   1.2150000e+03
  -4.4816304e-03   1.2300000e+03
  -4.5235539e-03   1.2450000e+03
  -4.5641763e-03   1.2600000e+03
  -4.6019619e-03   1.2750000e+03
  -4.6357615e-03   1.2900000e+03
  -4.6651401e-03   1.3050000e+03
  -4.6905749e-03   1.3200000e+03
  -4.7129416e-03   1.3350000e+03
  -4.7326293e-03   1.3500000e+03
  -4.7490955e-03   1.3650000e+03
  -4.7610328e-03   1.3800000e+03
  -4.7666780e-03   1.3950000e+03
  -4.7637983e-03   1.4100000e+03
  -4.7495281e-03   1.4250000e+03
  -4.7205286e-03   1.4400000e+03
  -4.6734703e-03   1.4550000e+03
  -4.6050912e-03   1.4700000e+03
  -4.5112320e-03   1.4850000e+03
  -4.3854625e-03   1.5000000e+03
  -4.2185667e-03   1.5150000e+03
  -3.9992286e-03   1.5300000e+03
  -3.7147549e-03   1.5450000e+03
  -3.3506434e-03   1.5600000e+03
  -2.8886744e-03   1.5750000e+03
  -2.3038995e-03   1.5900000e+03
  -1.5609956e-03   1.6050000e+03
  -6.0989003e-04   1.6200000e+03
   6.2002562e-04   1.6350000e+03
   2.2277203e-03   1.6500000e+03
   4.3502939e-03   1.6650000e+03
   7.1735005e-03   1.6800000e+03
   1.0940713e-02   1.6950000e+03
   1.5956553e-02   1.7100000e+03
   2.2579599e-02   1.7250000e+03
   3.1197434e-02   1.7400000e+03
   4.2177841e-02   1.7550000e+03
   5.5792443e-02   1.7700000e+03
   7.2114132e-02   1.7850000e+03
   9.0898864e-02   1.8000000e+03
   1.1147670e-01   1.8150000e+03
   1.3269244e-01   1.8300000e+03
   1.5294194e-01   1.8450000e+03
   1.7033790e-01   1.8600000e+03
   1.8300296e-01   1.8750000e+03
   1.8943906e-01   1.8900000e+03
   1.8887517e-01   1.9050000e+03
   1.8147691e-01   1.9200000e+03
   1.6832915e-01   1.9350000e+03
   1.5117869e-01   1.9500000e+03
   1.3201711e-01   1.9650000e+03
   1.1265139e-01   1.9800000e+03
   9.4409443e-02   1.9950000e+03
   7.8057982e-02   2.0100000e+03
   6.3907340e-02   2.0250000e+03
   5.2002482e-02   2.0400000e+03
   4.2291444e-02   2.0550000e+03
   3.4718271e-02   2.0700000e+03
   2.9256010e-02   2.0850000e+03
   2.5922438e-02   2.1000000e+03
   2.4790123e-02   2.1150000e+03
   2.5949115e-02   2.1300000e+03
   2.9363377e-02   2.1450000e+03
   3.4613661e-02   2.1600000e+03
   4.0617753e-02   2.1750000e+03
   4.5499634e-02   2.1900000e+03
   4.6775874e-02   2.2050000e+03
   4.1918356e-02   2.2200000e+03
   2.9178983e-02   2.2350000e+03
   8.4104259e-03   2.2500000e+03
  -1.8434767e-02   2.2650000e+03
  -4.7373980e-02   2.2800000e+03
  -7.3121078e-02   2.2950000e+03
  -9.0357706e-02   2.3100000e+03
  -9.5234446e-02   2.3250000e+03
  -8.6622931e-02   2.3400000e+03
  -6.6598289e-02   2.3550000e+03
  -3.9810568e-02   2.3700000e+03
  -1.1825618e-02   2.3850000e+03
   1.2963261e-02   2.4000000e+03
   3.2913283e-02   2.4150000e+03
   4.9365420e-02   2.4300000e+03
   6.5297015e-02   2.4450000e+03
   8.2999408e-02   2.4600000e+03
   1.0201130e-01   2.4750000e+03
   1.1852358e-01   2.4900000e+03
   1.2672007e-01   2.5050000e+03
   1.2140676e-01   2.5200000e+03
   1.0050362e-01   2.5350000e+03
   6.6085160e-02   2.5500000e+03
   2.3619132e-02   2.5650000e+03
  -1.9827606e-02   2.5800000e+03
  -5.7222936e-02   2.5950000e+03
  -8.2415096e-02   2.6100000e+03
  -9.0555400e-02   2.6250000e+03
  -7.8922294e-02   2.6400000e+03
  -4.8404172e-02   2.6550000e+03
  -4.7877929e-03   2.6700000e+03
   4.1575700e-02   2.6850000e+03
   7.8485012e-02   2.7000000e+03
   9.6179433e-02   2.7150000e+03
   9.1126584e-02   2.7300000e+03
   6.7263260e-02   2.7450000e+03
   3.4023866e-02   2.7600000e+03
   2.2596281e-03   2.7750000e+03
  -1.9842850e-02   2.7900000e+03
  -2.9016938e-02   2.8050000e+03
  -2.6735002e-02   2.8200000e+03
  -1.7289938e-02   2.8350000e+03
  -5.4990249e-03   2.8500000e+03
   4.8390045e-03   2.8650000e+03
   1.1406091e-02   2.8800000e+03
   1.3169348e-02   2.8950000e+03
   1.0144758e-02   2.9100000e+03
   3.3628726e-03   2.9250000e+03
  -5.1961271e-03   2.9400000e+03
  -1.3020313e-02   2.9550000e+03
  -1.7826378e-02   2.9700000e+03
  -1.8299136e-02   2.9850000e+03
  -1.4440823e-02   3.0000000e+03
  -7.4561113e-03   3.0150000e+03
   6.4055319e-04   3.0300000e+03
   7.5035859e-03   3.0450000e+03
   1.0983623e-02   3.0600000e+03
   9.7354427e-03   3.0750000e+03
   3.8051044e-03   3.0900000e+03
  -5.1163007e-03   3.1050000e+03
  -1.4116639e-02   3.1200000e+03
  -2.0198684e-02   3.1350000e+03
  -2.1639448e-02   3.1500000e+03
  -1.8760020e-02   3.1650000e+03
  -1.3549416e-02   3.1800000e+03
  -8.3670141e-03   3.1950000e+03
  -4.6690619e-03   3.2100000e+03
  -2.6981239e-03   3.2250000e+03
  -2.2462194e-03   3.2400000e+03
  -3.6342714e-03   3.2550000e+03
  -7.8423079e-03   3.2700000e+03
  -1.5532631e-02   3.2850000e+03
  -2.5823994e-02   3.3000000e+03
  -3.6041018e-02   3.3150000e+03
  -4.2887390e-02   3.3300000e+03
  -4.4264466e-02   3.3450000e+03
  -4.0408872e-02   3.3600000e+03
  -3.3622332e-02   3.3750000e+03
  -2.6987858e-02   3.3900000e+03
  -2.3068208e-02   3.4050000e+03
  -2.3259986e-02   3.4200000e+03
  -2.7754337e-02   3.4350000e+03
  -3.5697702e-02   3.4500000e+03
  -4.5352440e-02   3.4650000e+03
  -5.4405358e-02   3.4800000e+03
  -6.0602076e-02   3.4950000e+03
  -6.2566556e-02   3.5100000e+03
  -6.0337864e-02   3.5250000e+03
  -5.5180632e-02   3.5400000e+03
  -4.8688993e-02   3.5550000e+03
  -4.1803297e-02   3.5700000e+03
  -3.4540650e-02   3.5850000e+03
  -2.6679544e-02   3.6000000e+03
  -1.8722797e-02   3.6150000e+03
  -1.2100340e-02   3.6300000e+03
  -8.2591819e-03   3.6450000e+03
  -7.4176858e-03   3.6600000e+03
  -8.1707295e-03   3.6750000e+03
  -8.3777867e-03   3.6900000e+03
  -6.6284649e-03   3.7050000e+03
  -3.1618252e-03   3.7200000e+03
   3.3412117e-04   3.7350000e+03
   1.7713355e-03   3.7500000e+03
  -1.5959458e-04   3.7650000e+03
  -5.3515201e-03   3.7800000e+03
  -1.2537630e-02   3.7950000e+03
  -2.0312624e-02   3.8100000e+03
  -2.8219221e-02   3.8250000e+03
  -3.6959518e-02   3.8400000e+03
  -4.7358617e-02   3.8550000e+03
  -5.8874760e-02   3.8700000e+03
  -6.9129385e-02   3.8850000e+03
  -7.5191878e-02   3.9000000e+03
  -7.5677022e-02   3.9150000e+03
  -7.1787156e-02   3.9300000e+03
  -6.6352881e-02   3.9450000e+03
  -6.1809026e-02   3.9600000e+03
  -5.8894973e-02   3.9750000e+03
  -5.6889538e-02   3.9900000e+03
  -5.4652534e-02   4.0050000e+03
  -5.1335912e-02   4.0200000e+03
  -4.6440382e-02   4.0350000e+03
  -3.9646152e-02   4.0500000e+03
  -3.0764591e-02   4.0650000e+03
  -1.9774869e-02   4.0800000e+03
  -6.9041592e-03   4.0950000e+03
   7.1525364e-03   4.1100000e+03
   2.0996924e-02   4.1250000e+03
   3.2693062e-02   4.1400000e+03
   4.0475041e-02   4.1550000e+03
   4.3494727e-02   4.1700000e+03
   4.2005707e-02   4.1850000e+03
   3.7028085e-02   4.2000000e+03
   3.0030506e-02   4.2150000e+03
   2.2824291e-02   4.2300000e+03
   1.7291468e-02   4.2450000e+03
   1.4713561e-02   4.2600000e+03
   1.5153989e-02   4.2750000e+03
   1.7524695e-02   4.2900000e+03
   2.0303151e-02   4.3050000e+03
   2.2226913e-02   4.3200000e+03
   2.2477008e-02   4.3350000e+03
   2.0528479e-02   4.3500000e+03
   1.6126696e-02   4.3650000e+03
   9.5303506e-03   4.3800000e+03
   1.7649853e-03   4.3950000e+03
  -5.4372726e-03   4.4100000e+03
  -1.0151377e-02   4.4250000e+03
  -1.1110263e-02   4.4400000e+03
  -8.5000349e-03   4.4550000e+03
  -4.1448604e-03   4.4700000e+03
  -7.4028742e-04   4.4850000e+03
  -3.8981426e-04   4.5000000e+03
