  -1.0071804e-03   0.0000000e+00
  -1.0071825e-03   1.5000000e+01
  -1.0072003e-03   3.0000000e+01
  -1.0072473e-03   4.5000000e+01
  -1.0073158e-03   6.0000000e+01
  -1.0073682e-03   7.5000000e+01
  -1.0073772e-03   9.0000000e+01
  -1.0073690e-03   1.0500000e+02
  -1.0074095e-03   1.2000000e+02
  -1.0075585e-03   1.3500000e+02
  -1.0077561e-03   1.5000000e+02
  -1.0077513e-03   1.6500000e+02
  -1.0068378e-03   1.8000000e+02
  -1.0026314e-03   1.9500000e+02
  -9.8809227e-04   2.1000000e+02
  -9.4833050e-04   2.2500000e+02
  -8.6385600e-04   2.4000000e+02
  -7.2795019e-04   2.5500000e+02
  -5.7121296e-04   2.7000000e+02
  -4.6230661e-04   2.8500000e+02
  -4.5865437e-04   3.0000000e+02
  -5.4037676e-04   3.1500000e+02
  -6.1276770e-04   3.3000000e+02
  -6.0345681e-04   3.4500000e+02
  -5.4556184e-04   3.6000000e+02
  -5.2727101e-04   3.7500000e+02
  -5.6837068e-04   3.9000000e+02
  -6.0202001e-04   4.0500000e+02
  -5.8463891e-04   4.2000000e+02
  -5.5690535e-04   4.3500000e+02
  -5.6626432e-04   4.5000000e+02
  -5.9163047e-04   4.6500000e+02
  -5.9157080e-04   4.8000000e+02
  -5.7660457e-04   4.9500000e+02
  -5.8042095e-04   5.1000000e+02
  -5.9763517e-04   5.2500000e+02
  -6.0125167e-04   5.4000000e+02
  -5.9353252e-04   5.5500000e+02
  -5.9532921e-04   5.7000000e+02
  -6.0569053e-04   5.8500000e+02
  -6.0857093e-04   6.0000000e+02
  -6.0479232e-04   6.1500000e+02
  -6.0719450e-04   6.3000000e+02
  -6.1493512e-04   6.4500000e+02
  -6.1778317e-04   6.6000000e+02
  -6.1627786e-04   6.7500000e+02
  -6.1650318e-04   6.9000000e+02
  -6.1423663e-04   7.0500000e+02
  -6.0044287e-04   7.2000000e+02
  -5.7323714e-04   7.3500000e+02
  -5.3417915e-04   7.5000000e+02
  -4.8401361e-04   7.6500000e+02
  -4.3151886e-04   7.8000000e+02
  -3.9800053e-04   7.9500000e+02
  -4.0397391e-04   8.1000000e+02
  -4.5183615e-04   8.2500000e+02
  -5.2059174e-04   8.4000000e+02
  -5.7464093e-04   8.5500000e+02
  -5.8507558e-04   8.7000000e+02
  -5.5466063e-04   8.8500000e+02
  -5.2099192e-04   9.0000000e+02
  -5.2306289e-04   9.1500000e+02
  -5.6078250e-04   9.3000000e+02
  -5.9555267e-04   9.4500000e+02
  -5.9543701e-04   9.6000000e+02
  -5.7204254e-04   9.7500000e+02
  -5.6340685e-04   9.9000000e+02
  -5.8460084e-04   1.0050000e+03
  -6.1054068e-04   1.0200000e+03
  -6.1310374e-04   1.0350000e+03
  -5.9965177e-04   1.0500000e+03
  -5.9831038e-04   1.0650000e+03
  -6.1440142e-04   1.0800000e+03
  -6.2547723e-04   1.0950000e+03
  -6.2001566e-04   1.1100000e+03
  -6.1523844e-04   1.1250000e+03
  -6.2663422e-04   1.1400000e+03
  -6.4273673e-04   1.1550000e+03
  -6.4667594e-04   1.1700000e+03
  -6.4466259e-04   1.1850000e+03
  -6.5313431e-04   1.2000000e+03
  -6.7091122e-04   1.2150000e+03
  -6.8495574e-04   1.2300000e+03
  -6.9448078e-04   1.2450000e+03
  -7.0865935e-04   1.2600000e+03
  -7.2634430e-04   1.2750000e+03
  -7.3729828e-04   1.2900000e+03
  -7.4029458e-04   1.3050000e+03
  -7.4365526e-04   1.3200000e+03
  -7.5036270e-04   1.3350000e+03
  -7.5664208e-04   1.3500000e+03
  -7.6264160e-04   1.3650000e+03
  -7.7214511e-04   1.3800000e+03
  -7.8399677e-04   1.3950000e+03
  -7.9416478e-04   1.4100000e+03
  -8.0372003e-04   1.4250000e+03
  -8.1609649e-04   1.4400000e+03
  -8.2945789e-04   1.4550000e+03
  -8.3919388e-04   1.4700000e+03
  -8.4502681e-04   1.4850000e+03
  -8.4982492e-04   1.5000000e+03
  -8.5478806e-04   1.5150000e+03
  -8.6038746e-04   1.5300000e+03
  -8.6823001e-04   1.5450000e+03
  -8.7833923e-04   1.5600000e+03
  -8.8810595e-04   1.5750000e+03
  -8.9619681e-04   1.5900000e+03
  -9.0424810e-04   1.6050000e+03
  -9.1376877e-04   1.6200000e+03
  -9.2455966e-04   1.6350000e+03
  -9.3639473e-04   1.6500000e+03
  -9.4935211e-04   1.6650000e+03
  -9.6265977e-04   1.6800000e+03
  -9.7546936e-04   1.6950000e+03
  -9.8836003e-04   1.7100000e+03
  -1.0025000e-03   1.7250000e+03
  -1.0177030e-03   1.7400000e+03
  -1.0321446e-03   1.7550000e+03
  -1.0436821e-03   1.7700000e+03
  -1.0513987e-03   1.7850000e+03
  -1.0565112e-03   1.8000000e+03
  -1.0614457e-03   1.8150000e+03
  -1.0674197e-03   1.8300000e+03
  -1.0737900e-03   1.8450000e+03
  -1.0802610e-03   1.8600000e+03
  -1.0881791e-03   1.8750000e+03
  -1.0985663e-03   1.8900000e+03
  -1.1102569e-03   1.9050000e+03
  -1.1212057e-03   1.9200000e+03
  -1.1306014e-03   1.9350000e+03
  -1.1387975e-03   1.9500000e+03
  -1.1461484e-03   1.9650000e+03
  -1.1530410e-03   1.9800000e+03
  -1.1605700e-03   1.9950000e+03
  -1.1698623e-03   2.0100000e+03
  -1.1805132e-03   2.0250000e+03
  -1.1906009e-03   2.0400000e+03
  -1.1988762e-03   2.0550000e+03
  -1.2063895e-03   2.0700000e+03
  -1.2152951e-03   2.0850000e+03
  -1.2263292e-03   2.1000000e+03
  -1.2380743e-03   2.1150000e+03
  -1.2487073e-03   2.1300000e+03
  -1.2579621e-03   2.1450000e+03
  -1.2672090e-03   2.1600000e+03
  -1.2778820e-03   2.1750000e+03
  -1.2900061e-03   2.1900000e+03
  -1.3022362e-03   2.2050000e+03
  -1.3132741e-03   2.2200000e+03
  -1.3230325e-03   2.2350000e+03
  -1.3322494e-03   2.2500000e+03
  -1.3412840e-03   2.2650000e+03
  -1.3498196e-03   2.2800000e+03
  -1.3576405e-03   2.2950000e+03
  -1.3650174e-03   2.3100000e+03
  -1.3721645e-03   2.3250000e+03
  -1.3788098e-03   2.3400000e+03
  -1.3846045e-03   2.3550000e+03
  -1.3897003e-03   2.3700000e+03
  -1.3946231e-03   2.3850000e+03
  -1.3996750e-03   2.4000000e+03
  -1.4045961e-03   2.4150000e+03
  -1.4088447e-03   2.4300000e+03
  -1.4122445e-03   2.4450000e+03
  -1.4152669e-03   2.4600000e+03
  -1.4185035e-03   2.4750000e+03
  -1.4218901e-03   2.4900000e+03
  -1.4247163e-03   2.5050000e+03
  -1.4265486e-03   2.5200000e+03
  -1.4279124e-03   2.5350000e+03
  -1.4298144e-03   2.5500000e+03
  -1.4327627e-03   2.5650000e+03
  -1.4363753e-03   2.5800000e+03
  -1.4397698e-03   2.5950000e+03
  -1.4421336e-03   2.6100000e+03
  -1.4431289e-03   2.6250000e+03
  -1.4429769e-03   2.6400000e+03
  -1.4420842e-03   2.6550000e+03
  -1.4403301e-03   2.6700000e+03
  -1.4368516e-03   2.6850000e+03
  -1.4307071e-03   2.7000000e+03
  -1.4216596e-03   2.7150000e+03
  -1.4101223e-03   2.7300000e+03
  -1.3963787e-03   2.7450000e+03
  -1.3800444e-03   2.7600000e+03
  -1.3602821e-03   2.7750000e+03
  -1.3364104e-03   2.7900000e+03
  -1.3081150e-03   2.8050000e+03
  -1.2750365e-03   2.8200000e+03
  -1.2363120e-03   2.8350000e+03
  -1.1906587e-03   2.8500000e+03
  -1.1369454e-03   2.8650000e+03
  -1.0745674e-03   2.8800000e+03
  -1.0031828e-03   2.8950000e+03
  -9.2213351e-04   2.9100000e+03
  -8.3021703e-04   2.9250000e+03
  -7.2588882e-04   2.9400000e+03
  -6.0743594e-04   2.9550000e+03
  -4.7280182e-04   2.9700000e+03
  -3.1933378e-04   2.9850000e+03
  -1.4381940e-04   3.0000000e+03
   5.7270518e-05   3.0150000e+03
   2.8767236e-04   3.0300000e+03
   5.5154780e-04   3.0450000e+03
   8.5384928e-04   3.0600000e+03
   1.2004405e-03   3.0750000e+03
   1.5978626e-03   3.0900000e+03
   2.0529553e-03   3.1050000e+03
   2.5727185e-03   3.1200000e+03
   3.1645617e-03   3.1350000e+03
   3.8367705e-03   3.1500000e+03
   4.5989347e-03   3.1650000e+03
   5.4622125e-03   3.1800000e+03
   6.4394413e-03   3.1950000e+03
   7.5450279e-03   3.2100000e+03
   8.7945415e-03   3.2250000e+03
   1.0204183e-02   3.2400000e+03
   1.1790629e-02   3.2550000e+03
   1.3571595e-02   3.2700000e+03
   1.5566695e-02   3.2850000e+03
   1.7797753e-02   3.3000000e+03
   2.0288028e-02   3.3150000e+03
   2.3060571e-02   3.3300000e+03
   2.6136255e-02   3.3450000e+03
   2.9531660e-02   3.3600000e+03
   3.3256855e-02   3.3750000e+03
   3.7313245e-02   3.3900000e+03
   4.1691944e-02   3.4050000e+03
   4.6373062e-02   3.4200000e+03
   5.1326115e-02   3.4350000e+03
   5.6511264e-02   3.4500000e+03
   6.1880842e-02   3.4650000e+03
   6.7380182e-02   3.4800000e+03
   7.2947308e-02   3.4950000e+03
   7.8511551e-02   3.5100000e+03
   8.3991706e-02   3.5250000e+03
   8.9294784e-02   3.5400000e+03
   9.4316408e-02   3.5550000e+03
   9.8943971e-02   3.5700000e+03
   1.0306346e-01   3.5850000e+03
   1.0656940e-01   3.6000000e+03
   1.0937599e-01   3.6150000e+03
   1.1142696e-01   3.6300000e+03
   1.1270210e-01   3.6450000e+03
   1.1321926e-01   3.6600000e+03
   1.1303148e-01   3.6750000e+03
   1.1221950e-01   3.6900000e+03
   1.1088008e-01   3.7050000e+03
   1.0911200e-01   3.7200000e+03
   1.0700172e-01   3.7350000e+03
   1.0461152e-01   3.7500000e+03
   1.0197259e-01   3.7650000e+03
   9.9085085e-02   3.7800000e+03
   9.5926151e-02   3.7950000e+03
   9.2465386e-02   3.8100000e+03
   8.8685364e-02   3.8250000e+03
   8.4602244e-02   3.8400000e+03
   8.0280088e-02   3.8550000e+03
   7.5832024e-02   3.8700000e+03
   7.1404621e-02   3.8850000e+03
   6.7147359e-02   3.9000000e+03
   6.3176110e-02   3.9150000e+03
   5.9543639e-02   3.9300000e+03
   5.6229446e-02   3.9450000e+03
   5.3153865e-02   3.9600000e+03
   5.0211314e-02   3.9750000e+03
   4.7308706e-02   3.9900000e+03
   4.4392545e-02   4.0050000e+03
   4.1453708e-02   4.0200000e+03
   3.8509469e-02   4.0350000e+03
   3.5573561e-02   4.0500000e+03
   3.2631226e-02   4.0650000e+03
   2.9634124e-02   4.0800000e+03
   2.6520155e-02   4.0950000e+03
   2.3249598e-02   4.1100000e+03
   1.9838331e-02   4.1250000e+03
   1.6367923e-02   4.1400000e+03
   1.2963192e-02   4.1550000e+03
   9.7457152e-03   4.1700000e+03
   6.7862910e-03   4.1850000e+03
   4.0807314e-03   4.2000000e+03
   1.5599837e-03   4.2150000e+03
  -8.7479368e-04   4.2300000e+03
  -3.3150532e-03   4.2450000e+03
  -5.8257645e-03   4.2600000e+03
  -8.4480336e-03   4.2750000e+03
  -1.1209380e-02   4.2900000e+03
  -1.4122943e-02   4.3050000e+03
  -1.7169356e-02   4.3200000e+03
  -2.0274218e-02   4.3350000e+03
  -2.3303496e-02   4.3500000e+03
  -2.6089720e-02   4.3650000e+03
  -2.8480293e-02   4.3800000e+03
  -3.0382471e-02   4.3950000e+03
  -3.1781342e-02   4.4100000e+03
  -3.2725081e-02   4.4250000e+03
  -3.3292059e-02   4.4400000e+03
  -3.3560880e-02   4.4550000e+03
  -3.3594888e-02   4.4700000e+03
  -3.3438414e-02   4.4850000e+03
  -3.3116277e-02   4.5000000e+03
