  -1.0924445e-03   0.0000000e+00
  -1.0924439e-03   1.5000000e+01
  -1.0924562e-03   3.0000000e+01
  -1.0925069e-03   4.5000000e+01
  -1.0925764e-03   6.0000000e+01
  -1.0925967e-03   7.5000000e+01
  -1.0925286e-03   9.0000000e+01
  -1.0924262e-03   1.0500000e+02
  -1.0924125e-03   1.2000000e+02
  -1.0925771e-03   1.3500000e+02
  -1.0928210e-03   1.5000000e+02
  -1.0927676e-03   1.6500000e+02
  -1.0915850e-03   1.8000000e+02
  -1.0867971e-03   1.9500000e+02
  -1.0711425e-03   2.1000000e+02
  -1.0291357e-03   2.2500000e+02
  -9.4044965e-04   2.4000000e+02
  -7.9813000e-04   2.5500000e+02
  -6.3435582e-04   2.7000000e+02
  -5.2111765e-04   2.8500000e+02
  -5.1845517e-04   3.0000000e+02
  -6.0527190e-04   3.1500000e+02
  -6.8213057e-04   3.3000000e+02
  -6.7324756e-04   3.4500000e+02
  -6.1349181e-04   3.6000000e+02
  -5.9525826e-04   3.7500000e+02
  -6.3909183e-04   3.9000000e+02
  -6.7490921e-04   4.0500000e+02
  -6.5724662e-04   4.2000000e+02
  -6.2890985e-04   4.3500000e+02
  -6.3958415e-04   4.5000000e+02
  -6.6706433e-04   4.6500000e+02
  -6.6788279e-04   4.8000000e+02
  -6.5304694e-04   4.9500000e+02
  -6.5788080e-04   5.1000000e+02
  -6.7677849e-04   5.2500000e+02
  -6.8146485e-04   5.4000000e+02
  -6.7431276e-04   5.5500000e+02
  -6.7710760e-04   5.7000000e+02
  -6.8875513e-04   5.8500000e+02
  -6.9240225e-04   6.0000000e+02
  -6.8898272e-04   6.1500000e+02
  -6.9208362e-04   6.3000000e+02
  -7.0096605e-04   6.4500000e+02
  -7.0497807e-04   6.6000000e+02
  -7.0474081e-04   6.7500000e+02
  -7.0700736e-04   6.9000000e+02
  -7.0839626e-04   7.0500000e+02
  -7.0125487e-04   7.2000000e+02
  -6.8582111e-04   7.3500000e+02
  -6.6529249e-04   7.5000000e+02
  -6.3966081e-04   7.6500000e+02
  -6.1339961e-04   7.8000000e+02
  -6.0035766e-04   7.9500000e+02
  -6.1328063e-04   8.1000000e+02
  -6.5174664e-04   8.2500000e+02
  -7.0122606e-04   8.4000000e+02
  -7.4001279e-04   8.5500000e+02
  -7.5110100e-04   8.7000000e+02
  -7.3691283e-04   8.8500000e+02
  -7.2175509e-04   9.0000000e+02
  -7.3038664e-04   9.1500000e+02
  -7.6172466e-04   9.3000000e+02
  -7.9007732e-04   9.4500000e+02
  -7.9522049e-04   9.6000000e+02
  -7.8557112e-04   9.7500000e+02
  -7.8592636e-04   9.9000000e+02
  -8.0562994e-04   1.0050000e+03
  -8.2809530e-04   1.0200000e+03
  -8.3471212e-04   1.0350000e+03
  -8.2983897e-04   1.0500000e+03
  -8.3196780e-04   1.0650000e+03
  -8.4556203e-04   1.0800000e+03
  -8.5659267e-04   1.0950000e+03
  -8.5686427e-04   1.1100000e+03
  -8.5671520e-04   1.1250000e+03
  -8.6669181e-04   1.1400000e+03
  -8.8075106e-04   1.1550000e+03
  -8.8872458e-04   1.1700000e+03
  -8.9452596e-04   1.1850000e+03
  -9.0870197e-04   1.2000000e+03
  -9.3048555e-04   1.2150000e+03
  -9.5077086e-04   1.2300000e+03
  -9.6785353e-04   1.2450000e+03
  -9.8715327e-04   1.2600000e+03
  -1.0085903e-03   1.2750000e+03
  -1.0265035e-03   1.2900000e+03
  -1.0404133e-03   1.3050000e+03
  -1.0552738e-03   1.3200000e+03
  -1.0721574e-03   1.3350000e+03
  -1.0878519e-03   1.3500000e+03
  -1.1025162e-03   1.3650000e+03
  -1.1196777e-03   1.3800000e+03
  -1.1397515e-03   1.3950000e+03
  -1.1603007e-03   1.4100000e+03
  -1.1813347e-03   1.4250000e+03
  -1.2045755e-03   1.4400000e+03
  -1.2290271e-03   1.4550000e+03
  -1.2519236e-03   1.4700000e+03
  -1.2725887e-03   1.4850000e+03
  -1.2922749e-03   1.5000000e+03
  -1.3122729e-03   1.5150000e+03
  -1.3342514e-03   1.5300000e+03
  -1.3598389e-03   1.5450000e+03
  -1.3882653e-03   1.5600000e+03
  -1.4169738e-03   1.5750000e+03
  -1.4453627e-03   1.5900000e+03
  -1.4753968e-03   1.6050000e+03
  -1.5082273e-03   1.6200000e+03
  -1.5428400e-03   1.6350000e+03
  -1.5782416e-03   1.6500000e+03
  -1.6146171e-03   1.6650000e+03
  -1.6520567e-03   1.6800000e+03
  -1.6900819e-03   1.6950000e+03
  -1.7287903e-03   1.7100000e+03
  -1.7693645e-03   1.7250000e+03
  -1.8131905e-03   1.7400000e+03
  -1.8604863e-03   1.7550000e+03
  -1.9094622e-03   1.7700000e+03
  -1.9573306e-03   1.7850000e+03
  -2.0030404e-03   1.8000000e+03
  -2.0484193e-03   1.8150000e+03
  -2.0958588e-03   1.8300000e+03
  -2.1457360e-03   1.8450000e+03
  -2.1970260e-03   1.8600000e+03
  -2.2494576e-03   1.8750000e+03
  -2.3039179e-03   1.8900000e+03
  -2.3614282e-03   1.9050000e+03
  -2.4227791e-03   1.9200000e+03
  -2.4886334e-03   1.9350000e+03
  -2.5590397e-03   1.9500000e+03
  -2.6332822e-03   1.9650000e+03
  -2.7110076e-03   1.9800000e+03
  -2.7932678e-03   1.9950000e+03
  -2.8818939e-03   2.0100000e+03
  -2.9781847e-03   2.0250000e+03
  -3.0826204e-03   2.0400000e+03
  -3.1954115e-03   2.0550000e+03
  -3.3166071e-03   2.0700000e+03
  -3.4458016e-03   2.0850000e+03
  -3.5823090e-03   2.1000000e+03
  -3.7256829e-03   2.1150000e+03
  -3.8758644e-03   2.1300000e+03
  -4.0332680e-03   2.1450000e+03
  -4.1996310e-03   2.1600000e+03
  -4.3788552e-03   2.1750000e+03
  -4.5758402e-03   2.1900000e+03
  -4.7937287e-03   2.2050000e+03
  -5.0328607e-03   2.2200000e+03
  -5.2927705e-03   2.2350000e+03
  -5.5743516e-03   2.2500000e+03
  -5.8796601e-03   2.2650000e+03
  -6.2111020e-03   2.2800000e+03
  -6.5724771e-03   2.2950000e+03
  -6.9706468e-03   2.3100000e+03
  -7.4151964e-03   2.3250000e+03
  -7.9162242e-03   2.3400000e+03
  -8.4814737e-03   2.3550000e+03
  -9.1106994e-03   2.3700000e+03
  -9.7814165e-03   2.3850000e+03
  -1.0418804e-02   2.4000000e+03
  -1.0841828e-02   2.4150000e+03
  -1.0678437e-02   2.4300000e+03
  -9.2522157e-03   2.4450000e+03
  -5.4674451e-03   2.4600000e+03
   2.2434967e-03   2.4750000e+03
   1.5809137e-02   2.4900000e+03
   3.7127871e-02   2.5050000e+03
   6.7324370e-02   2.5200000e+03
   1.0572045e-01   2.5350000e+03
   1.4882183e-01   2.5500000e+03
   1.8987107e-01   2.5650000e+03
   2.1961002e-01   2.5800000e+03
   2.2862731e-01   2.5950000e+03
   2.1094286e-01   2.6100000e+03
   1.6749063e-01   2.6250000e+03
   1.0746191e-01   2.6400000e+03
   4.5782156e-02   2.6550000e+03
  -3.3068678e-03   2.6700000e+03
  -3.4013607e-02   2.6850000e+03
  -5.3615224e-02   2.7000000e+03
  -7.9866417e-02   2.7150000e+03
  -1.3063063e-01   2.7300000e+03
  -2.1026523e-01   2.7450000e+03
  -3.0078629e-01   2.7600000e+03
  -3.6476940e-01   2.7750000e+03
  -3.6101329e-01   2.7900000e+03
  -2.6634732e-01   2.8050000e+03
  -9.2331603e-02   2.8200000e+03
   1.1296576e-01   2.8350000e+03
   2.8106347e-01   2.8500000e+03
   3.5126317e-01   2.8650000e+03
   2.9866651e-01   2.8800000e+03
   1.4824960e-01   2.8950000e+03
  -3.3947665e-02   2.9100000e+03
  -1.7094406e-01   2.9250000e+03
  -2.1235919e-01   2.9400000e+03
  -1.5872607e-01   2.9550000e+03
  -5.7422366e-02   2.9700000e+03
   2.8025804e-02   2.9850000e+03
   5.5956770e-02   3.0000000e+03
   2.7786406e-02   3.0150000e+03
  -1.9552065e-02   3.0300000e+03
  -4.2247821e-02   3.0450000e+03
  -1.9127632e-02   3.0600000e+03
   3.6161557e-02   3.0750000e+03
   8.6024880e-02   3.0900000e+03
   9.4680026e-02   3.1050000e+03
   5.2391097e-02   3.1200000e+03
  -1.7313646e-02   3.1350000e+03
  -7.2524011e-02   3.1500000e+03
  -8.0236554e-02   3.1650000e+03
  -3.7498277e-02   3.1800000e+03
   2.7556026e-02   3.1950000e+03
   7.4371241e-02   3.2100000e+03
   7.5555585e-02   3.2250000e+03
   3.3910938e-02   3.2400000e+03
  -1.9046556e-02   3.2550000e+03
  -4.3492164e-02   3.2700000e+03
  -1.9532446e-02   3.2850000e+03
   3.6219135e-02   3.3000000e+03
   8.0662385e-02   3.3150000e+03
   7.5973541e-02   3.3300000e+03
   1.8834632e-02   3.3450000e+03
  -5.6220021e-02   3.3600000e+03
  -1.0127546e-01   3.3750000e+03
  -8.8263124e-02   3.3900000e+03
  -2.8319819e-02   3.4050000e+03
   3.4358878e-02   3.4200000e+03
   5.1344994e-02   3.4350000e+03
   5.2565290e-03   3.4500000e+03
  -7.3358305e-02   3.4650000e+03
  -1.2521772e-01   3.4800000e+03
  -1.0806583e-01   3.4950000e+03
  -3.2323621e-02   3.5100000e+03
   4.6862856e-02   3.5250000e+03
   7.7297702e-02   3.5400000e+03
   5.5228923e-02   3.5550000e+03
   2.6192941e-02   3.5700000e+03
   3.8711630e-02   3.5850000e+03
   9.3068674e-02   3.6000000e+03
   1.3500960e-01   3.6150000e+03
   1.0459530e-01   3.6300000e+03
  -2.8478177e-03   3.6450000e+03
  -1.2274754e-01   3.6600000e+03
  -1.7192151e-01   3.6750000e+03
  -1.1917830e-01   3.6900000e+03
  -1.0256210e-02   3.7050000e+03
   7.4852042e-02   3.7200000e+03
   8.9449309e-02   3.7350000e+03
   4.9898304e-02   3.7500000e+03
   7.1245255e-03   3.7650000e+03
  -4.0307282e-03   3.7800000e+03
   1.1790761e-02   3.7950000e+03
   2.7656902e-02   3.8100000e+03
   2.5079006e-02   3.8250000e+03
   7.0006237e-03   3.8400000e+03
  -1.1876727e-02   3.8550000e+03
  -2.0491170e-02   3.8700000e+03
  -1.7842192e-02   3.8850000e+03
  -1.0011584e-02   3.9000000e+03
  -4.2964621e-03   3.9150000e+03
  -4.4902391e-03   3.9300000e+03
  -8.9478949e-03   3.9450000e+03
  -1.3043466e-02   3.9600000e+03
  -1.4535039e-02   3.9750000e+03
  -1.5487309e-02   3.9900000e+03
  -1.6976368e-02   4.0050000e+03
  -1.3247875e-02   4.0200000e+03
   4.1143196e-03   4.0350000e+03
   3.3525236e-02   4.0500000e+03
   5.7960831e-02   4.0650000e+03
   5.7300135e-02   4.0800000e+03
   2.7440881e-02   4.0950000e+03
  -1.4931485e-02   4.1100000e+03
  -4.6779606e-02   4.1250000e+03
  -5.5533595e-02   4.1400000e+03
  -4.2594213e-02   4.1550000e+03
  -1.6907243e-02   4.1700000e+03
   9.8616201e-03   4.1850000e+03
   2.5846072e-02   4.2000000e+03
   2.5342137e-02   4.2150000e+03
   1.4914688e-02   4.2300000e+03
   7.8659570e-03   4.2450000e+03
   9.4432095e-03   4.2600000e+03
   1.0967078e-02   4.2750000e+03
   1.3514139e-03   4.2900000e+03
  -1.8928379e-02   4.3050000e+03
  -3.8227376e-02   4.3200000e+03
  -4.4294622e-02   4.3350000e+03
  -3.1155173e-02   4.3500000e+03
  -1.2561398e-03   4.3650000e+03
   3.1503443e-02   4.3800000e+03
   4.4548851e-02   4.3950000e+03
   2.4099704e-02   4.4100000e+03
  -1.6802074e-02   4.4250000e+03
  -4.5596700e-02   4.4400000e+03
  -4.0317629e-02   4.4550000e+03
  -8.4213000e-03   4.4700000e+03
   2.5207052e-02   4.4850000e+03
   4.1132927e-02   4.5000000e+03
