  -1.0319358e-03   0.0000000e+00
  -1.0319381e-03   1.5000000e+01
  -1.0319561e-03   3.0000000e+01
  -1.0320070e-03   4.5000000e+01
  -1.0320776e-03   6.0000000e+01
  -1.0321273e-03   7.5000000e+01
  -1.0321296e-03   9.0000000e+01
  -1.0321131e-03   1.0500000e+02
  -1.0321566e-03   1.2000000e+02
  -1.0323134e-03   1.3500000e+02
  -1.0325224e-03   1.5000000e+02
  -1.0325196e-03   1.6500000e+02
  -1.0315684e-03   1.8000000e+02
  -1.0272310e-03   1.9500000e+02
  -1.0122899e-03   2.1000000e+02
  -9.7147631e-04   2.2500000e+02
  -8.8480121e-04   2.4000000e+02
  -7.4536074e-04   2.5500000e+02
  -5.8453996e-04   2.7000000e+02
  -4.7277217e-04   2.8500000e+02
  -4.6896984e-04   3.0000000e+02
  -5.5275369e-04   3.1500000e+02
  -6.2697311e-04   3.3000000e+02
  -6.1739149e-04   3.4500000e+02
  -5.5796921e-04   3.6000000e+02
  -5.3915667e-04   3.7500000e+02
  -5.8125507e-04   3.9000000e+02
  -6.1571447e-04   4.0500000e+02
  -5.9785007e-04   4.2000000e+02
  -5.6937808e-04   4.3500000e+02
  -5.7895522e-04   4.5000000e+02
  -6.0495286e-04   4.6500000e+02
  -6.0487119e-04   4.8000000e+02
  -5.8948580e-04   4.9500000e+02
  -5.9335446e-04   5.1000000e+02
  -6.1096443e-04   5.2500000e+02
  -6.1462499e-04   5.4000000e+02
  -6.0665945e-04   5.5500000e+02
  -6.0845312e-04   5.7000000e+02
  -6.1902811e-04   5.8500000e+02
  -6.2192685e-04   6.0000000e+02
  -6.1798899e-04   6.1500000e+02
  -6.2039110e-04   6.3000000e+02
  -6.2828459e-04   6.4500000e+02
  -6.3119334e-04   6.6000000e+02
  -6.2968041e-04   6.7500000e+02
  -6.3003338e-04   6.9000000e+02
  -6.2802574e-04   7.0500000e+02
  -6.1455532e-04   7.2000000e+02
  -5.8789249e-04   7.3500000e+02
  -5.4978020e-04   7.5000000e+02
  -5.0088973e-04   7.6500000e+02
  -4.4975177e-04   7.8000000e+02
  -4.1738103e-04   7.9500000e+02
  -4.2395378e-04   8.1000000e+02
  -4.7164294e-04   8.2500000e+02
  -5.3968880e-04   8.4000000e+02
  -5.9315935e-04   8.5500000e+02
  -6.0373021e-04   8.7000000e+02
  -5.7418091e-04   8.8500000e+02
  -5.4154324e-04   9.0000000e+02
  -5.4418150e-04   9.1500000e+02
  -5.8190851e-04   9.3000000e+02
  -6.1661884e-04   9.4500000e+02
  -6.1689113e-04   9.6000000e+02
  -5.9427996e-04   9.7500000e+02
  -5.8629032e-04   9.9000000e+02
  -6.0773664e-04   1.0050000e+03
  -6.3386670e-04   1.0200000e+03
  -6.3692260e-04   1.0350000e+03
  -6.2411674e-04   1.0500000e+03
  -6.2317902e-04   1.0650000e+03
  -6.3943298e-04   1.0800000e+03
  -6.5079349e-04   1.0950000e+03
  -6.4583780e-04   1.1100000e+03
  -6.4148742e-04   1.1250000e+03
  -6.5306568e-04   1.1400000e+03
  -6.6939573e-04   1.1550000e+03
  -6.7389820e-04   1.1700000e+03
  -6.7266158e-04   1.1850000e+03
  -6.8188529e-04   1.2000000e+03
  -7.0041971e-04   1.2150000e+03
  -7.1536150e-04   1.2300000e+03
  -7.2582031e-04   1.2450000e+03
  -7.4075849e-04   1.2600000e+03
  -7.5905526e-04   1.2750000e+03
  -7.7067834e-04   1.2900000e+03
  -7.7444973e-04   1.3050000e+03
  -7.7856949e-04   1.3200000e+03
  -7.8597292e-04   1.3350000e+03
  -7.9291477e-04   1.3500000e+03
  -7.9953822e-04   1.3650000e+03
  -8.0963329e-04   1.3800000e+03
  -8.2213548e-04   1.3950000e+03
  -8.3307212e-04   1.4100000e+03
  -8.4343593e-04   1.4250000e+03
  -8.5657160e-04   1.4400000e+03
  -8.7066856e-04   1.4550000e+03
  -8.8118168e-04   1.4700000e+03
  -8.8779215e-04   1.4850000e+03
  -8.9326670e-04   1.5000000e+03
  -8.9884026e-04   1.5150000e+03
  -9.0509711e-04   1.5300000e+03
  -9.1366807e-04   1.5450000e+03
  -9.2451775e-04   1.5600000e+03
  -9.3501323e-04   1.5750000e+03
  -9.4386504e-04   1.5900000e+03
  -9.5277320e-04   1.6050000e+03
  -9.6322957e-04   1.6200000e+03
  -9.7495684e-04   1.6350000e+03
  -9.8766200e-04   1.6500000e+03
  -1.0014300e-03   1.6650000e+03
  -1.0155228e-03   1.6800000e+03
  -1.0290520e-03   1.6950000e+03
  -1.0425374e-03   1.7100000e+03
  -1.0572011e-03   1.7250000e+03
  -1.0730379e-03   1.7400000e+03
  -1.0883766e-03   1.7550000e+03
  -1.1010155e-03   1.7700000e+03
  -1.1098085e-03   1.7850000e+03
  -1.1157821e-03   1.8000000e+03
  -1.1213600e-03   1.8150000e+03
  -1.1278901e-03   1.8300000e+03
  -1.1348032e-03   1.8450000e+03
  -1.1417652e-03   1.8600000e+03
  -1.1500656e-03   1.8750000e+03
  -1.1607296e-03   1.8900000e+03
  -1.1726713e-03   1.9050000e+03
  -1.1839218e-03   1.9200000e+03
  -1.1936926e-03   1.9350000e+03
  -1.2023011e-03   1.9500000e+03
  -1.2100494e-03   1.9650000e+03
  -1.2172962e-03   1.9800000e+03
  -1.2251452e-03   1.9950000e+03
  -1.2347363e-03   2.0100000e+03
  -1.2456845e-03   2.0250000e+03
  -1.2561363e-03   2.0400000e+03
  -1.2649081e-03   2.0550000e+03
  -1.2730154e-03   2.0700000e+03
  -1.2824793e-03   2.0850000e+03
  -1.2939193e-03   2.1000000e+03
  -1.3059374e-03   2.1150000e+03
  -1.3167900e-03   2.1300000e+03
  -1.3261733e-03   2.1450000e+03
  -1.3353152e-03   2.1600000e+03
  -1.3455758e-03   2.1750000e+03
  -1.3571110e-03   2.1900000e+03
  -1.3688137e-03   2.2050000e+03
  -1.3795167e-03   2.2200000e+03
  -1.3890840e-03   2.2350000e+03
  -1.3981035e-03   2.2500000e+03
  -1.4067950e-03   2.2650000e+03
  -1.4147623e-03   2.2800000e+03
  -1.4217730e-03   2.2950000e+03
  -1.4281356e-03   2.3100000e+03
  -1.4340944e-03   2.3250000e+03
  -1.4394003e-03   2.3400000e+03
  -1.4437248e-03   2.3550000e+03
  -1.4471991e-03   2.3700000e+03
  -1.4502496e-03   2.3850000e+03
  -1.4530523e-03   2.4000000e+03
  -1.4553106e-03   2.4150000e+03
  -1.4566522e-03   2.4300000e+03
  -1.4571586e-03   2.4450000e+03
  -1.4574100e-03   2.4600000e+03
  -1.4578351e-03   2.4750000e+03
  -1.4580144e-03   2.4900000e+03
  -1.4569523e-03   2.5050000e+03
  -1.4541984e-03   2.5200000e+03
  -1.4504457e-03   2.5350000e+03
  -1.4468747e-03   2.5500000e+03
  -1.4439760e-03   2.5650000e+03
  -1.4411233e-03   2.5800000e+03
  -1.4371059e-03   2.5950000e+03
  -1.4308970e-03   2.6100000e+03
  -1.4221540e-03   2.6250000e+03
  -1.4111986e-03   2.6400000e+03
  -1.3984125e-03   2.6550000e+03
  -1.3834039e-03   2.6700000e+03
  -1.3648858e-03   2.6850000e+03
  -1.3415829e-03   2.7000000e+03
  -1.3131412e-03   2.7150000e+03
  -1.2799597e-03   2.7300000e+03
  -1.2421560e-03   2.7450000e+03
  -1.1988988e-03   2.7600000e+03
  -1.1487625e-03   2.7750000e+03
  -1.0905449e-03   2.7900000e+03
  -1.0234712e-03   2.8050000e+03
  -9.4655453e-04   2.8200000e+03
  -8.5796567e-04   2.8350000e+03
  -7.5523887e-04   2.8500000e+03
  -6.3610444e-04   2.8650000e+03
  -4.9901428e-04   2.8800000e+03
  -3.4270796e-04   2.8950000e+03
  -1.6532750e-04   2.9100000e+03
   3.5950779e-05   2.9250000e+03
   2.6459584e-04   2.9400000e+03
   5.2442710e-04   2.9550000e+03
   8.1986812e-04   2.9700000e+03
   1.1564671e-03   2.9850000e+03
   1.5410742e-03   3.0000000e+03
   1.9815937e-03   3.0150000e+03
   2.4868089e-03   3.0300000e+03
   3.0666590e-03   3.0450000e+03
   3.7327441e-03   3.0600000e+03
   4.4984650e-03   3.0750000e+03
   5.3785280e-03   3.0900000e+03
   6.3882028e-03   3.1050000e+03
   7.5429408e-03   3.1200000e+03
   8.8586127e-03   3.1350000e+03
   1.0351991e-02   3.1500000e+03
   1.2041043e-02   3.1650000e+03
   1.3944840e-02   3.1800000e+03
   1.6083147e-02   3.1950000e+03
   1.8475633e-02   3.2100000e+03
   2.1140615e-02   3.2250000e+03
   2.4093620e-02   3.2400000e+03
   2.7346514e-02   3.2550000e+03
   3.0907620e-02   3.2700000e+03
   3.4782346e-02   3.2850000e+03
   3.8973082e-02   3.3000000e+03
   4.3477587e-02   3.3150000e+03
   4.8286278e-02   3.3300000e+03
   5.3379141e-02   3.3450000e+03
   5.8723051e-02   3.3600000e+03
   6.4269975e-02   3.3750000e+03
   6.9956519e-02   3.3900000e+03
   7.5705484e-02   3.4050000e+03
   8.1429452e-02   3.4200000e+03
   8.7035894e-02   3.4350000e+03
   9.2432871e-02   3.4500000e+03
   9.7533822e-02   3.4650000e+03
   1.0226014e-01   3.4800000e+03
   1.0654069e-01   3.4950000e+03
   1.1030913e-01   3.5100000e+03
   1.1350027e-01   3.5250000e+03
   1.1604758e-01   3.5400000e+03
   1.1788352e-01   3.5550000e+03
   1.1894413e-01   3.5700000e+03
   1.1917819e-01   3.5850000e+03
   1.1855934e-01   3.6000000e+03
   1.1709810e-01   3.6150000e+03
   1.1484998e-01   3.6300000e+03
   1.1191721e-01   3.6450000e+03
   1.0844325e-01   3.6600000e+03
   1.0460001e-01   3.6750000e+03
   1.0056893e-01   3.6900000e+03
   9.6517704e-02   3.7050000e+03
   9.2576228e-02   3.7200000e+03
   8.8816367e-02   3.7350000e+03
   8.5240893e-02   3.7500000e+03
   8.1785768e-02   3.7650000e+03
   7.8337878e-02   3.7800000e+03
   7.4766845e-02   3.7950000e+03
   7.0965834e-02   3.8100000e+03
   6.6892348e-02   3.8250000e+03
   6.2597252e-02   3.8400000e+03
   5.8230843e-02   3.8550000e+03
   5.4018509e-02   3.8700000e+03
   5.0207626e-02   3.8850000e+03
   4.6997990e-02   3.9000000e+03
   4.4477146e-02   3.9150000e+03
   4.2584207e-02   3.9300000e+03
   4.1118242e-02   3.9450000e+03
   3.9791953e-02   3.9600000e+03
   3.8313571e-02   3.9750000e+03
   3.6468115e-02   3.9900000e+03
   3.4168605e-02   4.0050000e+03
   3.1459872e-02   4.0200000e+03
   2.8477075e-02   4.0350000e+03
   2.5379816e-02   4.0500000e+03
   2.2292152e-02   4.0650000e+03
   1.9274741e-02   4.0800000e+03
   1.6338333e-02   4.0950000e+03
   1.3485655e-02   4.1100000e+03
   1.0752545e-02   4.1250000e+03
   8.2188472e-03   4.1400000e+03
   5.9776264e-03   4.1550000e+03
   4.0784436e-03   4.1700000e+03
   2.4800638e-03   4.1850000e+03
   1.0458566e-03   4.2000000e+03
  -4.0957058e-04   4.2150000e+03
  -2.0463762e-03   4.2300000e+03
  -3.9402032e-03   4.2450000e+03
  -6.0699801e-03   4.2600000e+03
  -8.3532464e-03   4.2750000e+03
  -1.0698189e-02   4.2900000e+03
  -1.3033655e-02   4.3050000e+03
  -1.5300092e-02   4.3200000e+03
  -1.7418152e-02   4.3350000e+03
  -1.9270912e-02   4.3500000e+03
  -2.0725051e-02   4.3650000e+03
  -2.1685006e-02   4.3800000e+03
  -2.2147076e-02   4.3950000e+03
  -2.2217898e-02   4.4100000e+03
  -2.2084242e-02   4.4250000e+03
  -2.1950061e-02   4.4400000e+03
  -2.1971997e-02   4.4550000e+03
  -2.2219261e-02   4.4700000e+03
  -2.2667382e-02   4.4850000e+03
  -2.3221387e-02   4.5000000e+03
