  -6.4474200e-03   0.0000000e+00
  -6.4469418e-03   1.5000000e+01
  -6.4457948e-03   3.0000000e+01
  -6.4453320e-03   4.5000000e+01
  -6.4480198e-03   6.0000000e+01
  -6.4559639e-03   7.5000000e+01
  -6.4687999e-03   9.0000000e+01
  -6.4844280e-03   1.0500000e+02
  -6.5016137e-03   1.2000000e+02
  -6.5217018e-03   1.3500000e+02
  -6.5477272e-03   1.5000000e+02
  -6.5815221e-03   1.6500000e+02
  -6.6231270e-03   1.8000000e+02
  -6.6727810e-03   1.9500000e+02
  -6.7315795e-03   2.1000000e+02
  -6.8006567e-03   2.2500000e+02
  -6.8798973e-03   2.4000000e+02
  -6.9664344e-03   2.5500000e+02
  -7.0557003e-03   2.7000000e+02
  -7.1453392e-03   2.8500000e+02
  -7.2371899e-03   3.0000000e+02
  -7.3342812e-03   3.1500000e+02
  -7.4361823e-03   3.3000000e+02
  -7.5379033e-03   3.4500000e+02
  -7.6320125e-03   3.6000000e+02
  -7.7110492e-03   3.7500000e+02
  -7.7712233e-03   3.9000000e+02
  -7.8156246e-03   4.0500000e+02
  -7.8493562e-03   4.2000000e+02
  -7.8689568e-03   4.3500000e+02
  -7.8615965e-03   4.5000000e+02
  -7.8174099e-03   4.6500000e+02
  -7.7376920e-03   4.8000000e+02
  -7.6296446e-03   4.9500000e+02
  -7.4980427e-03   5.1000000e+02
  -7.3420806e-03   5.2500000e+02
  -7.1554338e-03   5.4000000e+02
  -6.9272649e-03   5.5500000e+02
  -6.6448115e-03   5.7000000e+02
  -6.2980796e-03   5.8500000e+02
  -5.8813244e-03   6.0000000e+02
  -5.3858273e-03   6.1500000e+02
  -4.7942339e-03   6.3000000e+02
  -4.0867887e-03   6.4500000e+02
  -3.2452964e-03   6.6000000e+02
  -2.2442210e-03   6.7500000e+02
  -1.0457461e-03   6.9000000e+02
   3.9309834e-04   7.0500000e+02
   2.1171495e-03   7.2000000e+02
   4.1813315e-03   7.3500000e+02
   6.6639031e-03   7.5000000e+02
   9.6794674e-03   7.6500000e+02
   1.3387271e-02   7.8000000e+02
   1.7993504e-02   7.9500000e+02
   2.3751140e-02   8.1000000e+02
   3.0957511e-02   8.2500000e+02
   3.9951958e-02   8.4000000e+02
   5.1124725e-02   8.5500000e+02
   6.4941466e-02   8.7000000e+02
   8.1967667e-02   8.8500000e+02
   1.0286587e-01   9.0000000e+02
   1.2834351e-01   9.1500000e+02
   1.5905139e-01   9.3000000e+02
   1.9545245e-01   9.4500000e+02
   2.3766232e-01   9.6000000e+02
   2.8523386e-01   9.7500000e+02
   3.3688244e-01   9.9000000e+02
   3.9022464e-01   1.0050000e+03
   4.4165951e-01   1.0200000e+03
   4.8650450e-01   1.0350000e+03
   5.1940888e-01   1.0500000e+03
   5.3500855e-01   1.0650000e+03
   5.2882022e-01   1.0800000e+03
   4.9836349e-01   1.0950000e+03
   4.4426540e-01   1.1100000e+03
   3.7075791e-01   1.1250000e+03
   2.8494373e-01   1.1400000e+03
   1.9482879e-01   1.1550000e+03
   1.0713722e-01   1.1700000e+03
   2.6345192e-02   1.1850000e+03
  -4.4604965e-02   1.2000000e+03
  -1.0312875e-01   1.2150000e+03
  -1.4703004e-01   1.2300000e+03
  -1.7577845e-01   1.2450000e+03
  -1.9123778e-01   1.2600000e+03
  -1.9655882e-01   1.2750000e+03
  -1.9434087e-01   1.2900000e+03
  -1.8614784e-01   1.3050000e+03
  -1.7354821e-01   1.3200000e+03
  -1.5876813e-01   1.3350000e+03
  -1.4381166e-01   1.3500000e+03
  -1.2927788e-01   1.3650000e+03
  -1.1455976e-01   1.3800000e+03
  -9.9169426e-02   1.3950000e+03
  -8.3555207e-02   1.4100000e+03
  -6.8669766e-02   1.4250000e+03
  -5.5098791e-02   1.4400000e+03
  -4.2761747e-02   1.4550000e+03
  -3.1282991e-02   1.4700000e+03
  -2.0473856e-02   1.4850000e+03
  -1.0483577e-02   1.5000000e+03
  -1.6225665e-03   1.5150000e+03
   5.8835847e-03   1.5300000e+03
   1.2016417e-02   1.5450000e+03
   1.6949717e-02   1.5600000e+03
   2.0960849e-02   1.5750000e+03
   2.4328550e-02   1.5900000e+03
   2.7281029e-02   1.6050000e+03
   3.0013993e-02   1.6200000e+03
   3.2707758e-02   1.6350000e+03
   3.5486333e-02   1.6500000e+03
   3.8372032e-02   1.6650000e+03
   4.1301660e-02   1.6800000e+03
   4.4173043e-02   1.6950000e+03
   4.6862330e-02   1.7100000e+03
   4.9212959e-02   1.7250000e+03
   5.1024750e-02   1.7400000e+03
   5.2055206e-02   1.7550000e+03
   5.2042313e-02   1.7700000e+03
   5.0752532e-02   1.7850000e+03
   4.8035610e-02   1.8000000e+03
   4.3865047e-02   1.8150000e+03
   3.8353670e-02   1.8300000e+03
   3.1729948e-02   1.8450000e+03
   2.4270279e-02   1.8600000e+03
   1.6219873e-02   1.8750000e+03
   7.7480432e-03   1.8900000e+03
  -1.0499107e-03   1.9050000e+03
  -1.0127609e-02   1.9200000e+03
  -1.9468602e-02   1.9350000e+03
  -2.9088641e-02   1.9500000e+03
  -3.9047919e-02   1.9650000e+03
  -4.9437821e-02   1.9800000e+03
  -6.0319301e-02   1.9950000e+03
  -7.1640357e-02   2.0100000e+03
  -8.3193436e-02   2.0250000e+03
  -9.4648369e-02   2.0400000e+03
  -1.0563759e-01   2.0550000e+03
  -1.1583344e-01   2.0700000e+03
  -1.2497067e-01   2.0850000e+03
  -1.3281505e-01   2.1000000e+03
  -1.3912043e-01   2.1150000e+03
  -1.4361610e-01   2.1300000e+03
  -1.4603376e-01   2.1450000e+03
  -1.4616127e-01   2.1600000e+03
  -1.4391544e-01   2.1750000e+03
  -1.3942163e-01   2.1900000e+03
  -1.3305371e-01   2.2050000e+03
  -1.2537237e-01   2.2200000e+03
  -1.1696032e-01   2.2350000e+03
  -1.0825329e-01   2.2500000e+03
  -9.9494517e-02   2.2650000e+03
  -9.0847179e-02   2.2800000e+03
  -8.2558557e-02   2.2950000e+03
  -7.5014539e-02   2.3100000e+03
  -6.8602674e-02   2.3250000e+03
  -6.3449353e-02   2.3400000e+03
  -5.9197508e-02   2.3550000e+03
  -5.4983623e-02   2.3700000e+03
  -4.9670164e-02   2.3850000e+03
  -4.2251740e-02   2.4000000e+03
  -3.2256424e-02   2.4150000e+03
  -1.9969564e-02   2.4300000e+03
  -6.4179385e-03   2.4450000e+03
   6.8227951e-03   2.4600000e+03
   1.7910577e-02   2.4750000e+03
   2.5100039e-02   2.4900000e+03
   2.7212724e-02   2.5050000e+03
   2.4124155e-02   2.5200000e+03
   1.7010594e-02   2.5350000e+03
   8.1122769e-03   2.5500000e+03
   3.5180528e-05   2.5650000e+03
  -5.0827838e-03   2.5800000e+03
  -6.1486615e-03   2.5950000e+03
  -3.2482012e-03   2.6100000e+03
   2.5936528e-03   2.6250000e+03
   9.8548476e-03   2.6400000e+03
   1.7022049e-02   2.6550000e+03
   2.3037218e-02   2.6700000e+03
   2.7526379e-02   2.6850000e+03
   3.0683676e-02   2.7000000e+03
   3.2861035e-02   2.7150000e+03
   3.4123849e-02   2.7300000e+03
   3.4075771e-02   2.7450000e+03
   3.2067373e-02   2.7600000e+03
   2.7631294e-02   2.7750000e+03
   2.0843707e-02   2.7900000e+03
   1.2387770e-02   2.8050000e+03
   3.3088701e-03   2.8200000e+03
  -5.3601218e-03   2.8350000e+03
  -1.2881171e-02   2.8500000e+03
  -1.8882690e-02   2.8650000e+03
  -2.3255192e-02   2.8800000e+03
  -2.5995187e-02   2.8950000e+03
  -2.7107395e-02   2.9100000e+03
  -2.6598519e-02   2.9250000e+03
  -2.4523921e-02   2.9400000e+03
  -2.1026082e-02   2.9550000e+03
  -1.6335530e-02   2.9700000e+03
  -1.0754161e-02   2.9850000e+03
  -4.6529802e-03   3.0000000e+03
   1.5231889e-03   3.0150000e+03
   7.2885165e-03   3.0300000e+03
   1.2205845e-02   3.0450000e+03
   1.5986105e-02   3.0600000e+03
   1.8524924e-02   3.0750000e+03
   1.9856133e-02   3.0900000e+03
   2.0073213e-02   3.1050000e+03
   1.9279724e-02   3.1200000e+03
   1.7576464e-02   3.1350000e+03
   1.5051330e-02   3.1500000e+03
   1.1760954e-02   3.1650000e+03
   7.7427044e-03   3.1800000e+03
   3.0894836e-03   3.1950000e+03
  -1.9525078e-03   3.2100000e+03
  -6.9525633e-03   3.2250000e+03
  -1.1375125e-02   3.2400000e+03
  -1.4721857e-02   3.2550000e+03
  -1.6653679e-02   3.2700000e+03
  -1.7055353e-02   3.2850000e+03
  -1.6050294e-02   3.3000000e+03
  -1.3967746e-02   3.3150000e+03
  -1.1253385e-02   3.3300000e+03
  -8.3471071e-03   3.3450000e+03
  -5.5913413e-03   3.3600000e+03
  -3.2123672e-03   3.3750000e+03
  -1.3491741e-03   3.3900000e+03
  -7.2114475e-05   3.4050000e+03
   6.2712590e-04   3.4200000e+03
   8.4038539e-04   3.4350000e+03
   7.1083265e-04   3.4500000e+03
   3.7742621e-04   3.4650000e+03
  -6.2762047e-05   3.4800000e+03
  -5.5150373e-04   3.4950000e+03
  -1.0382010e-03   3.5100000e+03
  -1.4501653e-03   3.5250000e+03
  -1.6872177e-03   3.5400000e+03
  -1.6448329e-03   3.5550000e+03
  -1.2500982e-03   3.5700000e+03
  -4.8516411e-04   3.5850000e+03
   6.1519397e-04   3.6000000e+03
   1.9789971e-03   3.6150000e+03
   3.4998991e-03   3.6300000e+03
   5.0183432e-03   3.6450000e+03
   6.2996023e-03   3.6600000e+03
   7.0373383e-03   3.6750000e+03
   6.8985885e-03   3.6900000e+03
   5.6058089e-03   3.7050000e+03
   3.0338471e-03   3.7200000e+03
  -7.1556261e-04   3.7350000e+03
  -5.3034374e-03   3.7500000e+03
  -1.0227320e-02   3.7650000e+03
  -1.4955862e-02   3.7800000e+03
  -1.9066840e-02   3.7950000e+03
  -2.2334334e-02   3.8100000e+03
  -2.4744658e-02   3.8250000e+03
  -2.6455356e-02   3.8400000e+03
  -2.7724978e-02   3.8550000e+03
  -2.8835943e-02   3.8700000e+03
  -3.0022761e-02   3.8850000e+03
  -3.1412818e-02   3.9000000e+03
  -3.2986216e-02   3.9150000e+03
  -3.4561116e-02   3.9300000e+03
  -3.5810564e-02   3.9450000e+03
  -3.6316648e-02   3.9600000e+03
  -3.5664298e-02   3.9750000e+03
  -3.3562385e-02   3.9900000e+03
  -2.9956091e-02   4.0050000e+03
  -2.5080962e-02   4.0200000e+03
  -1.9426193e-02   4.0350000e+03
  -1.3618092e-02   4.0500000e+03
  -8.2726851e-03   4.0650000e+03
  -3.8716584e-03   4.0800000e+03
  -6.9198239e-04   4.0950000e+03
   1.2071356e-03   4.1100000e+03
   1.9490846e-03   4.1250000e+03
   1.7693491e-03   4.1400000e+03
   9.2743867e-04   4.1550000e+03
  -3.7480667e-04   4.1700000e+03
  -2.0449399e-03   4.1850000e+03
  -4.1074497e-03   4.2000000e+03
  -6.6658533e-03   4.2150000e+03
  -9.8298388e-03   4.2300000e+03
  -1.3628371e-02   4.2450000e+03
  -1.7938828e-02   4.2600000e+03
  -2.2463068e-02   4.2750000e+03
  -2.6765950e-02   4.2900000e+03
  -3.0364165e-02   4.3050000e+03
  -3.2832269e-02   4.3200000e+03
  -3.3894576e-02   4.3350000e+03
  -3.3488739e-02   4.3500000e+03
  -3.1796034e-02   4.3650000e+03
  -2.9224684e-02   4.3800000e+03
  -2.6326301e-02   4.3950000e+03
  -2.3647537e-02   4.4100000e+03
  -2.1562444e-02   4.4250000e+03
  -2.0158753e-02   4.4400000e+03
  -1.9233478e-02   4.4550000e+03
  -1.8400121e-02   4.4700000e+03
  -1.7256305e-02   4.4850000e+03
  -1.5533776e-02   4.5000000e+03
