  -3.6577957e-03   0.0000000e+00
  -3.6575997e-03   1.5000000e+01
  -3.6571233e-03   3.0000000e+01
  -3.6567396e-03   4.5000000e+01
  -3.6568753e-03   6.0000000e+01
  -3.6578006e-03   7.5000000e+01
  -3.6595503e-03   9.0000000e+01
  -3.6620065e-03   1.0500000e+02
  -3.6651168e-03   1.2000000e+02
  -3.6690831e-03   1.3500000e+02
  -3.6741437e-03   1.5000000e+02
  -3.6803326e-03   1.6500000e+02
  -3.6876618e-03   1.8000000e+02
  -3.6961292e-03   1.9500000e+02
  -3.7054138e-03   2.1000000e+02
  -3.7151100e-03   2.2500000e+02
  -3.7252647e-03   2.4000000e+02
  -3.7363197e-03   2.5500000e+02
  -3.7486157e-03   2.7000000e+02
  -3.7619886e-03   2.8500000e+02
  -3.7758525e-03   3.0000000e+02
  -3.7897192e-03   3.1500000e+02
  -3.8036078e-03   3.3000000e+02
  -3.8179224e-03   3.4500000e+02
  -3.8329782e-03   3.6000000e+02
  -3.8486042e-03   3.7500000e+02
  -3.8644045e-03   3.9000000e+02
  -3.8804836e-03   4.0500000e+02
  -3.8971663e-03   4.2000000e+02
  -3.9134920e-03   4.3500000e+02
  -3.9271945e-03   4.5000000e+02
  -3.9370861e-03   4.6500000e+02
  -3.9442391e-03   4.8000000e+02
  -3.9503439e-03   4.9500000e+02
  -3.9563398e-03   5.1000000e+02
  -3.9630109e-03   5.2500000e+02
  -3.9713788e-03   5.4000000e+02
  -3.9817053e-03   5.5500000e+02
  -3.9930833e-03   5.7000000e+02
  -4.0048514e-03   5.8500000e+02
  -4.0173223e-03   6.0000000e+02
  -4.0301741e-03   6.1500000e+02
  -4.0418692e-03   6.3000000e+02
  -4.0518362e-03   6.4500000e+02
  -4.0612207e-03   6.6000000e+02
  -4.0708669e-03   6.7500000e+02
  -4.0807589e-03   6.9000000e+02
  -4.0912232e-03   7.0500000e+02
  -4.1026426e-03   7.2000000e+02
  -4.1147172e-03   7.3500000e+02
  -4.1270405e-03   7.5000000e+02
  -4.1394019e-03   7.6500000e+02
  -4.1515916e-03   7.8000000e+02
  -4.1637588e-03   7.9500000e+02
  -4.1764262e-03   8.1000000e+02
  -4.1897837e-03   8.2500000e+02
  -4.2035952e-03   8.4000000e+02
  -4.2176833e-03   8.5500000e+02
  -4.2320918e-03   8.7000000e+02
  -4.2471271e-03   8.8500000e+02
  -4.2632329e-03   9.0000000e+02
  -4.2804582e-03   9.1500000e+02
  -4.2985138e-03   9.3000000e+02
  -4.3174154e-03   9.4500000e+02
  -4.3375264e-03   9.6000000e+02
  -4.3591363e-03   9.7500000e+02
  -4.3821810e-03   9.9000000e+02
  -4.4062040e-03   1.0050000e+03
  -4.4309250e-03   1.0200000e+03
  -4.4567641e-03   1.0350000e+03
  -4.4843638e-03   1.0500000e+03
  -4.5139357e-03   1.0650000e+03
  -4.5453873e-03   1.0800000e+03
  -4.5785811e-03   1.0950000e+03
  -4.6131900e-03   1.1100000e+03
  -4.6484992e-03   1.1250000e+03
  -4.6836371e-03   1.1400000e+03
  -4.7182236e-03   1.1550000e+03
  -4.7529130e-03   1.1700000e+03
  -4.7892211e-03   1.1850000e+03
  -4.8285662e-03   1.2000000e+03
  -4.8711137e-03   1.2150000e+03
  -4.9153473e-03   1.2300000e+03
  -4.9586645e-03   1.2450000e+03
  -4.9981880e-03   1.2600000e+03
  -5.0311484e-03   1.2750000e+03
  -5.0551887e-03   1.2900000e+03
  -5.0688721e-03   1.3050000e+03
  -5.0719138e-03   1.3200000e+03
  -5.0645256e-03   1.3350000e+03
  -5.0462349e-03   1.3500000e+03
  -5.0150845e-03   1.3650000e+03
  -4.9675312e-03   1.3800000e+03
  -4.8985644e-03   1.3950000e+03
  -4.8014838e-03   1.4100000e+03
  -4.6674153e-03   1.4250000e+03
  -4.4851191e-03   1.4400000e+03
  -4.2412002e-03   1.4550000e+03
  -3.9197966e-03   1.4700000e+03
  -3.5006530e-03   1.4850000e+03
  -2.9558328e-03   1.5000000e+03
  -2.2464942e-03   1.5150000e+03
  -1.3202879e-03   1.5300000e+03
  -1.0810845e-04   1.5450000e+03
   1.4815445e-03   1.5600000e+03
   3.5712097e-03   1.5750000e+03
   6.3254186e-03   1.5900000e+03
   9.9623073e-03   1.6050000e+03
   1.4763691e-02   1.6200000e+03
   2.1080254e-02   1.6350000e+03
   2.9325962e-02   1.6500000e+03
   3.9952476e-02   1.6650000e+03
   5.3392194e-02   1.6800000e+03
   6.9960497e-02   1.6950000e+03
   8.9715950e-02   1.7100000e+03
   1.1229360e-01   1.7250000e+03
   1.3674960e-01   1.7400000e+03
   1.6147812e-01   1.7550000e+03
   1.8427087e-01   1.7700000e+03
   2.0256981e-01   1.7850000e+03
   2.1390878e-01   1.8000000e+03
   2.1646078e-01   1.8150000e+03
   2.0953387e-01   1.8300000e+03
   1.9383216e-01   1.8450000e+03
   1.7135055e-01   1.8600000e+03
   1.4490207e-01   1.8750000e+03
   1.1743182e-01   1.8900000e+03
   9.1371261e-02   1.9050000e+03
   6.8261474e-02   1.9200000e+03
   4.8733342e-02   1.9350000e+03
   3.2757178e-02   1.9500000e+03
   1.9973852e-02   1.9650000e+03
   9.9483328e-03   1.9800000e+03
   2.3026243e-03   1.9950000e+03
  -3.2146557e-03   2.0100000e+03
  -6.6590304e-03   2.0250000e+03
  -7.8357048e-03   2.0400000e+03
  -6.3492013e-03   2.0550000e+03
  -1.8381233e-03   2.0700000e+03
   5.6233993e-03   2.0850000e+03
   1.5102671e-02   2.1000000e+03
   2.4582040e-02   2.1150000e+03
   3.1121226e-02   2.1300000e+03
   3.1478424e-02   2.1450000e+03
   2.3083234e-02   2.1600000e+03
   5.0854529e-03   2.1750000e+03
  -2.0891119e-02   2.1900000e+03
  -5.0637752e-02   2.2050000e+03
  -7.8094028e-02   2.2200000e+03
  -9.6877426e-02   2.2350000e+03
  -1.0224887e-01   2.2500000e+03
  -9.2858039e-02   2.2650000e+03
  -7.1486108e-02   2.2800000e+03
  -4.4223670e-02   2.2950000e+03
  -1.8143736e-02   2.3100000e+03
   1.6613049e-03   2.3250000e+03
   1.4269475e-02   2.3400000e+03
   2.3104213e-02   2.3550000e+03
   3.3806890e-02   2.3700000e+03
   5.0810613e-02   2.3850000e+03
   7.4469559e-02   2.4000000e+03
   1.0038610e-01   2.4150000e+03
   1.2131611e-01   2.4300000e+03
   1.3046859e-01   2.4450000e+03
   1.2420511e-01   2.4600000e+03
   1.0270744e-01   2.4750000e+03
   6.8755269e-02   2.4900000e+03
   2.6142819e-02   2.5050000e+03
  -2.0697489e-02   2.5200000e+03
  -6.5716140e-02   2.5350000e+03
  -1.0045708e-01   2.5500000e+03
  -1.1536948e-01   2.5650000e+03
  -1.0359520e-01   2.5800000e+03
  -6.5290883e-02   2.5950000e+03
  -9.4534159e-03   2.6100000e+03
   4.8528366e-02   2.6250000e+03
   9.2624910e-02   2.6400000e+03
   1.1214887e-01   2.6550000e+03
   1.0499240e-01   2.6700000e+03
   7.7089928e-02   2.6850000e+03
   3.9165076e-02   2.7000000e+03
   2.6513922e-03   2.7150000e+03
  -2.3735261e-02   2.7300000e+03
  -3.6013719e-02   2.7450000e+03
  -3.5211999e-02   2.7600000e+03
  -2.5923369e-02   2.7750000e+03
  -1.3798383e-02   2.7900000e+03
  -3.2262730e-03   2.8050000e+03
   3.6705711e-03   2.8200000e+03
   6.5863500e-03   2.8350000e+03
   5.9991851e-03   2.8500000e+03
   2.5471319e-03   2.8650000e+03
  -2.9731423e-03   2.8800000e+03
  -9.5130280e-03   2.8950000e+03
  -1.6043387e-02   2.9100000e+03
  -2.2003638e-02   2.9250000e+03
  -2.7394423e-02   2.9400000e+03
  -3.2363776e-02   2.9550000e+03
  -3.6746740e-02   2.9700000e+03
  -4.0070988e-02   2.9850000e+03
  -4.1950241e-02   3.0000000e+03
  -4.2281911e-02   3.0150000e+03
  -4.0902164e-02   3.0300000e+03
  -3.7094526e-02   3.0450000e+03
  -2.9707715e-02   3.0600000e+03
  -1.8112240e-02   3.0750000e+03
  -3.3073055e-03   3.0900000e+03
   1.1859423e-02   3.1050000e+03
   2.3776416e-02   3.1200000e+03
   2.9825915e-02   3.1350000e+03
   2.9617028e-02   3.1500000e+03
   2.4869878e-02   3.1650000e+03
   1.8121352e-02   3.1800000e+03
   1.1253875e-02   3.1950000e+03
   4.8748613e-03   3.2100000e+03
  -1.1968453e-03   3.2250000e+03
  -6.9837528e-03   3.2400000e+03
  -1.1859524e-02   3.2550000e+03
  -1.4903942e-02   3.2700000e+03
  -1.5702106e-02   3.2850000e+03
  -1.4833084e-02   3.3000000e+03
  -1.3601341e-02   3.3150000e+03
  -1.3204806e-02   3.3300000e+03
  -1.3989338e-02   3.3450000e+03
  -1.5380653e-02   3.3600000e+03
  -1.6547838e-02   3.3750000e+03
  -1.7243430e-02   3.3900000e+03
  -1.8110245e-02   3.4050000e+03
  -2.0217953e-02   3.4200000e+03
  -2.4257595e-02   3.4350000e+03
  -3.0037398e-02   3.4500000e+03
  -3.6546469e-02   3.4650000e+03
  -4.2376567e-02   3.4800000e+03
  -4.6198431e-02   3.4950000e+03
  -4.7179967e-02   3.5100000e+03
  -4.5295175e-02   3.5250000e+03
  -4.1337397e-02   3.5400000e+03
  -3.6471974e-02   3.5550000e+03
  -3.1519536e-02   3.5700000e+03
  -2.6497429e-02   3.5850000e+03
  -2.0810092e-02   3.6000000e+03
  -1.3935625e-02   3.6150000e+03
  -6.0418611e-03   3.6300000e+03
   1.9349767e-03   3.6450000e+03
   8.7542059e-03   3.6600000e+03
   1.3495803e-02   3.6750000e+03
   1.5917022e-02   3.6900000e+03
   1.6343778e-02   3.7050000e+03
   1.5205663e-02   3.7200000e+03
   1.2526960e-02   3.7350000e+03
   7.7093667e-03   3.7500000e+03
  -2.0987527e-04   3.7650000e+03
  -1.1909597e-02   3.7800000e+03
  -2.7112653e-02   3.7950000e+03
  -4.4372294e-02   3.8100000e+03
  -6.1561361e-02   3.8250000e+03
  -7.6768532e-02   3.8400000e+03
  -8.8903628e-02   3.8550000e+03
  -9.7534753e-02   3.8700000e+03
  -1.0222507e-01   3.8850000e+03
  -1.0215316e-01   3.9000000e+03
  -9.6490920e-02   3.9150000e+03
  -8.5191824e-02   3.9300000e+03
  -6.9410361e-02   3.9450000e+03
  -5.1153738e-02   3.9600000e+03
  -3.2467425e-02   3.9750000e+03
  -1.4759067e-02   3.9900000e+03
   1.3760298e-03   4.0050000e+03
   1.5866531e-02   4.0200000e+03
   2.8686563e-02   4.0350000e+03
   3.9492525e-02   4.0500000e+03
   4.7572497e-02   4.0650000e+03
   5.2095331e-02   4.0800000e+03
   5.2461617e-02   4.0950000e+03
   4.8569012e-02   4.1100000e+03
   4.0977698e-02   4.1250000e+03
   3.1041726e-02   4.1400000e+03
   2.0925010e-02   4.1550000e+03
   1.3264221e-02   4.1700000e+03
   1.0374824e-02   4.1850000e+03
   1.3281914e-02   4.2000000e+03
   2.1115305e-02   4.2150000e+03
   3.1253174e-02   4.2300000e+03
   4.0158033e-02   4.2450000e+03
   4.4501919e-02   4.2600000e+03
   4.2149190e-02   4.2750000e+03
   3.2749198e-02   4.2900000e+03
   1.7850313e-02   4.3050000e+03
   5.0403725e-04   4.3200000e+03
  -1.5599278e-02   4.3350000e+03
  -2.7242303e-02   4.3500000e+03
  -3.2638155e-02   4.3650000e+03
  -3.1844608e-02   4.3800000e+03
  -2.6499687e-02   4.3950000e+03
  -1.9062689e-02   4.4100000e+03
  -1.1915481e-02   4.4250000e+03
  -6.6469796e-03   4.4400000e+03
  -3.7119649e-03   4.4550000e+03
  -2.5305564e-03   4.4700000e+03
  -1.9822402e-03   4.4850000e+03
  -1.1047110e-03   4.5000000e+03
