   2.4158158e-03   0.0000000e+00
   2.4163059e-03   1.5000000e+01
   2.4176445e-03   3.0000000e+01
   2.4191295e-03   4.5000000e+01
   2.4199462e-03   6.0000000e+01
   2.4193784e-03   7.5000000e+01
   2.4169348e-03   9.0000000e+01
   2.4127788e-03   1.0500000e+02
   2.4075159e-03   1.2000000e+02
   2.4014323e-03   1.3500000e+02
   2.3943740e-03   1.5000000e+02
   2.3859346e-03   1.6500000e+02
   2.3755087e-03   1.8000000e+02
   2.3626238e-03   1.9500000e+02
   2.3475839e-03   2.1000000e+02
   2.3318678e-03   2.2500000e+02
   2.3175254e-03   2.4000000e+02
   2.3058753e-03   2.5500000e+02
   2.2967688e-03   2.7000000e+02
   2.2886104e-03   2.8500000e+02
   2.2787440e-03   3.0000000e+02
   2.2647469e-03   3.1500000e+02
   2.2461298e-03   3.3000000e+02
   2.2245501e-03   3.4500000e+02
   2.2022869e-03   3.6000000e+02
   2.1803780e-03   3.7500000e+02
   2.1580420e-03   3.9000000e+02
   2.1344551e-03   4.0500000e+02
   2.1109728e-03   4.2000000e+02
   2.0897782e-03   4.3500000e+02
   2.0696274e-03   4.5000000e+02
   2.0438381e-03   4.6500000e+02
   2.0008490e-03   4.8000000e+02
   1.9228874e-03   4.9500000e+02
   1.7843067e-03   5.1000000e+02
   1.5584389e-03   5.2500000e+02
   1.2376930e-03   5.4000000e+02
   8.5863355e-04   5.5500000e+02
   5.1070191e-04   5.7000000e+02
   3.0536597e-04   5.8500000e+02
   3.0578900e-04   6.0000000e+02
   4.6188719e-04   6.1500000e+02
   6.2059605e-04   6.3000000e+02
   6.3543592e-04   6.4500000e+02
   4.9520779e-04   6.6000000e+02
   3.3878695e-04   6.7500000e+02
   3.1993809e-04   6.9000000e+02
   4.5687926e-04   7.0500000e+02
   6.3561485e-04   7.2000000e+02
   7.5702608e-04   7.3500000e+02
   8.3501532e-04   7.5000000e+02
   9.2179718e-04   7.6500000e+02
   9.8370819e-04   7.8000000e+02
   9.2558324e-04   7.9500000e+02
   7.3522044e-04   8.1000000e+02
   5.2234292e-04   8.2500000e+02
   3.7923642e-04   8.4000000e+02
   2.7391806e-04   8.5500000e+02
   1.3932239e-04   8.7000000e+02
  -2.0163498e-06   8.8500000e+02
  -9.8515651e-05   9.0000000e+02
  -2.0701882e-04   9.1500000e+02
  -4.4378894e-04   9.3000000e+02
  -8.0473116e-04   9.4500000e+02
  -1.1588042e-03   9.6000000e+02
  -1.4361327e-03   9.7500000e+02
  -1.7064395e-03   9.9000000e+02
  -2.0499856e-03   1.0050000e+03
  -2.4650907e-03   1.0200000e+03
  -2.9267089e-03   1.0350000e+03
  -3.4279153e-03   1.0500000e+03
  -3.9446824e-03   1.0650000e+03
  -4.4601476e-03   1.0800000e+03
  -5.0314874e-03   1.0950000e+03
  -5.7379287e-03   1.1100000e+03
  -6.5615289e-03   1.1250000e+03
  -7.4006529e-03   1.1400000e+03
  -8.1878798e-03   1.1550000e+03
  -8.9053549e-03   1.1700000e+03
  -9.4598206e-03   1.1850000e+03
  -9.5496392e-03   1.2000000e+03
  -8.5391281e-03   1.2150000e+03
  -5.1452988e-03   1.2300000e+03
   3.3045821e-03   1.2450000e+03
   2.2146948e-02   1.2600000e+03
   6.1021432e-02   1.2750000e+03
   1.3521083e-01   1.2900000e+03
   2.6503006e-01   1.3050000e+03
   4.7026628e-01   1.3200000e+03
   7.5624663e-01   1.3350000e+03
   1.0910126e+00   1.3500000e+03
   1.3812960e+00   1.3650000e+03
   1.4669678e+00   1.3800000e+03
   1.1608379e+00   1.3950000e+03
   3.4831184e-01   1.4100000e+03
  -8.8064528e-01   1.4250000e+03
  -2.1523392e+00   1.4400000e+03
  -2.8921795e+00   1.4550000e+03
  -2.6109719e+00   1.4700000e+03
  -1.2733680e+00   1.4850000e+03
   5.2447319e-01   1.5000000e+03
   1.8074399e+00   1.5150000e+03
   1.8474187e+00   1.5300000e+03
   7.2831565e-01   1.5450000e+03
  -6.6643953e-01   1.5600000e+03
  -1.3355749e+00   1.5750000e+03
  -9.6538609e-01   1.5900000e+03
  -1.1286186e-01   1.6050000e+03
   4.1622278e-01   1.6200000e+03
   3.4984270e-01   1.6350000e+03
   7.7650897e-02   1.6500000e+03
   6.1577685e-02   1.6650000e+03
   2.9056263e-01   1.6800000e+03
   4.1666159e-01   1.6950000e+03
   2.9059654e-01   1.7100000e+03
   1.2263174e-01   1.7250000e+03
   9.1977850e-02   1.7400000e+03
   4.4073097e-02   1.7550000e+03
  -2.4777703e-01   1.7700000e+03
  -6.6828734e-01   1.7850000e+03
  -8.5235590e-01   1.8000000e+03
  -6.5657914e-01   1.8150000e+03
  -2.9684129e-01   1.8300000e+03
   1.8415062e-02   1.8450000e+03
   3.3665311e-01   1.8600000e+03
   7.1038598e-01   1.8750000e+03
   9.2530346e-01   1.8900000e+03
   7.2462833e-01   1.9050000e+03
   2.0331286e-01   1.9200000e+03
  -2.6269022e-01   1.9350000e+03
  -4.5076966e-01   1.9500000e+03
  -4.4336835e-01   1.9650000e+03
  -3.6197734e-01   1.9800000e+03
  -1.9473362e-01   1.9950000e+03
   4.4699389e-02   2.0100000e+03
   2.0642141e-01   2.0250000e+03
   1.9220863e-01   2.0400000e+03
   1.1338957e-01   2.0550000e+03
   1.1955190e-01   2.0700000e+03
   1.7013046e-01   2.0850000e+03
   1.2291223e-01   2.1000000e+03
  -1.7527057e-02   2.1150000e+03
  -9.8709881e-02   2.1300000e+03
  -5.0760437e-02   2.1450000e+03
   2.7836792e-02   2.1600000e+03
   3.7454136e-02   2.1750000e+03
   5.6890920e-03   2.1900000e+03
  -2.3219525e-03   2.2050000e+03
  -6.3660089e-04   2.2200000e+03
  -3.5802919e-02   2.2350000e+03
  -9.2176020e-02   2.2500000e+03
  -1.2019672e-01   2.2650000e+03
  -1.1453041e-01   2.2800000e+03
  -9.8069258e-02   2.2950000e+03
  -6.6844501e-02   2.3100000e+03
  -1.2773511e-02   2.3250000e+03
   3.3688106e-02   2.3400000e+03
   4.1867994e-02   2.3550000e+03
   3.1494509e-02   2.3700000e+03
   3.6888782e-02   2.3850000e+03
   5.3945646e-02   2.4000000e+03
   6.4179435e-02   2.4150000e+03
   7.3861577e-02   2.4300000e+03
   8.9866556e-02   2.4450000e+03
   9.2392854e-02   2.4600000e+03
   6.5667383e-02   2.4750000e+03
   2.4121502e-02   2.4900000e+03
  -1.5322997e-02   2.5050000e+03
  -5.4173086e-02   2.5200000e+03
  -8.8277370e-02   2.5350000e+03
  -9.5541067e-02   2.5500000e+03
  -6.3953348e-02   2.5650000e+03
  -8.3313789e-03   2.5800000e+03
   4.7843534e-02   2.5950000e+03
   8.7362282e-02   2.6100000e+03
   9.7070381e-02   2.6250000e+03
   7.2494693e-02   2.6400000e+03
   2.7250428e-02   2.6550000e+03
  -1.4538988e-02   2.6700000e+03
  -3.5308234e-02   2.6850000e+03
  -3.0362958e-02   2.7000000e+03
  -5.8245691e-03   2.7150000e+03
   2.3743013e-02   2.7300000e+03
   4.2250786e-02   2.7450000e+03
   4.2351019e-02   2.7600000e+03
   2.7994040e-02   2.7750000e+03
   7.9255402e-03   2.7900000e+03
  -1.0522556e-02   2.8050000e+03
  -2.3157625e-02   2.8200000e+03
  -2.8809903e-02   2.8350000e+03
  -2.8950131e-02   2.8500000e+03
  -2.6558077e-02   2.8650000e+03
  -2.3864420e-02   2.8800000e+03
  -1.9897722e-02   2.8950000e+03
  -1.0914606e-02   2.9100000e+03
   4.8356354e-03   2.9250000e+03
   2.2657692e-02   2.9400000e+03
   3.3117268e-02   2.9550000e+03
   2.8961634e-02   2.9700000e+03
   1.0992149e-02   2.9850000e+03
  -1.1870298e-02   3.0000000e+03
  -2.8414052e-02   3.0150000e+03
  -3.2338850e-02   3.0300000e+03
  -2.4990225e-02   3.0450000e+03
  -1.2516921e-02   3.0600000e+03
  -1.5117556e-03   3.0750000e+03
   4.0696948e-03   3.0900000e+03
   4.9666185e-03   3.1050000e+03
   6.5329582e-03   3.1200000e+03
   1.4621384e-02   3.1350000e+03
   2.9942313e-02   3.1500000e+03
   4.6524897e-02   3.1650000e+03
   5.6118831e-02   3.1800000e+03
   5.4564614e-02   3.1950000e+03
   4.4746254e-02   3.2100000e+03
   3.3767518e-02   3.2250000e+03
   2.6509492e-02   3.2400000e+03
   2.0931646e-02   3.2550000e+03
   9.5890053e-03   3.2700000e+03
  -1.3371078e-02   3.2850000e+03
  -4.5677658e-02   3.3000000e+03
  -7.6898485e-02   3.3150000e+03
  -9.5304988e-02   3.3300000e+03
  -9.5718741e-02   3.3450000e+03
  -8.1628427e-02   3.3600000e+03
  -6.0591981e-02   3.3750000e+03
  -3.8073052e-02   3.3900000e+03
  -1.5091577e-02   3.4050000e+03
   9.6387090e-03   3.4200000e+03
   3.6123544e-02   3.4350000e+03
   6.0992409e-02   3.4500000e+03
   7.8086637e-02   3.4650000e+03
   8.1520170e-02   3.4800000e+03
   6.9453806e-02   3.4950000e+03
   4.5523409e-02   3.5100000e+03
   1.6277324e-02   3.5250000e+03
  -1.2925285e-02   3.5400000e+03
  -3.9162334e-02   3.5550000e+03
  -5.9620865e-02   3.5700000e+03
  -6.9999501e-02   3.5850000e+03
  -6.7156181e-02   3.6000000e+03
  -5.3360119e-02   3.6150000e+03
  -3.6375403e-02   3.6300000e+03
  -2.4177443e-02   3.6450000e+03
  -1.9510416e-02   3.6600000e+03
  -1.9424450e-02   3.6750000e+03
  -1.9022658e-02   3.6900000e+03
  -1.4938570e-02   3.7050000e+03
  -6.4037098e-03   3.7200000e+03
   4.7247997e-03   3.7350000e+03
   1.4080014e-02   3.7500000e+03
   1.6326692e-02   3.7650000e+03
   8.4643355e-03   3.7800000e+03
  -7.6201288e-03   3.7950000e+03
  -2.5704797e-02   3.8100000e+03
  -3.8246635e-02   3.8250000e+03
  -3.9899018e-02   3.8400000e+03
  -3.0407257e-02   3.8550000e+03
  -1.5364076e-02   3.8700000e+03
  -2.7905267e-03   3.8850000e+03
   2.9672221e-03   3.9000000e+03
   4.0975180e-03   3.9150000e+03
   5.7200403e-03   3.9300000e+03
   1.0476480e-02   3.9450000e+03
   1.7379334e-02   3.9600000e+03
   2.3939824e-02   3.9750000e+03
   2.7051426e-02   3.9900000e+03
   2.3061251e-02   4.0050000e+03
   1.0264722e-02   4.0200000e+03
  -8.1599392e-03   4.0350000e+03
  -2.5665883e-02   4.0500000e+03
  -3.7118323e-02   4.0650000e+03
  -4.0969566e-02   4.0800000e+03
  -3.7777260e-02   4.0950000e+03
  -2.9230436e-02   4.1100000e+03
  -1.8750703e-02   4.1250000e+03
  -1.0618326e-02   4.1400000e+03
  -7.3302714e-03   4.1550000e+03
  -8.4533142e-03   4.1700000e+03
  -1.1844340e-02   4.1850000e+03
  -1.4902870e-02   4.2000000e+03
  -1.5033259e-02   4.2150000e+03
  -1.0616791e-02   4.2300000e+03
  -2.4061573e-03   4.2450000e+03
   6.4141932e-03   4.2600000e+03
   1.2166175e-02   4.2750000e+03
   1.3307354e-02   4.2900000e+03
   1.1655299e-02   4.3050000e+03
   1.0892873e-02   4.3200000e+03
   1.3448793e-02   4.3350000e+03
   1.8746903e-02   4.3500000e+03
   2.4246857e-02   4.3650000e+03
   2.7564434e-02   4.3800000e+03
   2.7698861e-02   4.3950000e+03
   2.5223525e-02   4.4100000e+03
   2.1644957e-02   4.4250000e+03
   1.7924817e-02   4.4400000e+03
   1.3439851e-02   4.4550000e+03
   6.9347466e-03   4.4700000e+03
  -1.4418102e-03   4.4850000e+03
  -9.4607249e-03   4.5000000e+03
