  -4.5954059e-03   0.0000000e+00
  -4.5951176e-03   1.5000000e+01
  -4.5944122e-03   3.0000000e+01
  -4.5938641e-03   4.5000000e+01
  -4.5942366e-03   6.0000000e+01
  -4.5960909e-03   7.5000000e+01
  -4.5994138e-03   9.0000000e+01
  -4.6038167e-03   1.0500000e+02
  -4.6090968e-03   1.2000000e+02
  -4.6156445e-03   1.3500000e+02
  -4.6240943e-03   1.5000000e+02
  -4.6346965e-03   1.6500000e+02
  -4.6474491e-03   1.8000000e+02
  -4.6623517e-03   1.9500000e+02
  -4.6791830e-03   2.1000000e+02
  -4.6976600e-03   2.2500000e+02
  -4.7178464e-03   2.4000000e+02
  -4.7399406e-03   2.5500000e+02
  -4.7638090e-03   2.7000000e+02
  -4.7889678e-03   2.8500000e+02
  -4.8149284e-03   3.0000000e+02
  -4.8415079e-03   3.1500000e+02
  -4.8688273e-03   3.3000000e+02
  -4.8970534e-03   3.4500000e+02
  -4.9259327e-03   3.6000000e+02
  -4.9544517e-03   3.7500000e+02
  -4.9816100e-03   3.9000000e+02
  -5.0078742e-03   4.0500000e+02
  -5.0344476e-03   4.2000000e+02
  -5.0601983e-03   4.3500000e+02
  -5.0813355e-03   4.5000000e+02
  -5.0955340e-03   4.6500000e+02
  -5.1043713e-03   4.8000000e+02
  -5.1108450e-03   4.9500000e+02
  -5.1167919e-03   5.1000000e+02
  -5.1233643e-03   5.2500000e+02
  -5.1316866e-03   5.4000000e+02
  -5.1417933e-03   5.5500000e+02
  -5.1522218e-03   5.7000000e+02
  -5.1620267e-03   5.8500000e+02
  -5.1718284e-03   6.0000000e+02
  -5.1812842e-03   6.1500000e+02
  -5.1879836e-03   6.3000000e+02
  -5.1908619e-03   6.4500000e+02
  -5.1917084e-03   6.6000000e+02
  -5.1921103e-03   6.7500000e+02
  -5.1922747e-03   6.9000000e+02
  -5.1926314e-03   7.0500000e+02
  -5.1935650e-03   7.2000000e+02
  -5.1944908e-03   7.3500000e+02
  -5.1946365e-03   7.5000000e+02
  -5.1934291e-03   7.6500000e+02
  -5.1904055e-03   7.8000000e+02
  -5.1858518e-03   7.9500000e+02
  -5.1805372e-03   8.1000000e+02
  -5.1744911e-03   8.2500000e+02
  -5.1670829e-03   8.4000000e+02
  -5.1579578e-03   8.5500000e+02
  -5.1472383e-03   8.7000000e+02
  -5.1353034e-03   8.8500000e+02
  -5.1223249e-03   9.0000000e+02
  -5.1076738e-03   9.1500000e+02
  -5.0903666e-03   9.3000000e+02
  -5.0698100e-03   9.4500000e+02
  -5.0454750e-03   9.6000000e+02
  -5.0164335e-03   9.7500000e+02
  -4.9813059e-03   9.9000000e+02
  -4.9382234e-03   1.0050000e+03
  -4.8855739e-03   1.0200000e+03
  -4.8227506e-03   1.0350000e+03
  -4.7491794e-03   1.0500000e+03
  -4.6631834e-03   1.0650000e+03
  -4.5623155e-03   1.0800000e+03
  -4.4438518e-03   1.0950000e+03
  -4.3045995e-03   1.1100000e+03
  -4.1407105e-03   1.1250000e+03
  -3.9476589e-03   1.1400000e+03
  -3.7200202e-03   1.1550000e+03
  -3.4509532e-03   1.1700000e+03
  -3.1317847e-03   1.1850000e+03
  -2.7517397e-03   1.2000000e+03
  -2.2974026e-03   1.2150000e+03
  -1.7517009e-03   1.2300000e+03
  -1.0929633e-03   1.2450000e+03
  -2.9424435e-04   1.2600000e+03
   6.7734462e-04   1.2750000e+03
   1.8614641e-03   1.2900000e+03
   3.3058836e-03   1.3050000e+03
   5.0687627e-03   1.3200000e+03
   7.2216019e-03   1.3350000e+03
   9.8522501e-03   1.3500000e+03
   1.3067894e-02   1.3650000e+03
   1.6998818e-02   1.3800000e+03
   2.1803688e-02   1.3950000e+03
   2.7676063e-02   1.4100000e+03
   3.4849722e-02   1.4250000e+03
   4.3597318e-02   1.4400000e+03
   5.4215662e-02   1.4550000e+03
   6.6993840e-02   1.4700000e+03
   8.2165629e-02   1.4850000e+03
   9.9850819e-02   1.5000000e+03
   1.1999104e-01   1.5150000e+03
   1.4228730e-01   1.5300000e+03
   1.6615047e-01   1.5450000e+03
   1.9067930e-01   1.5600000e+03
   2.1468206e-01   1.5750000e+03
   2.3675464e-01   1.5900000e+03
   2.5541857e-01   1.6050000e+03
   2.6930496e-01   1.6200000e+03
   2.7735221e-01   1.6350000e+03
   2.7897149e-01   1.6500000e+03
   2.7413726e-01   1.6650000e+03
   2.6337746e-01   1.6800000e+03
   2.4766453e-01   1.6950000e+03
   2.2823396e-01   1.7100000e+03
   2.0637697e-01   1.7250000e+03
   1.8326285e-01   1.7400000e+03
   1.5983714e-01   1.7550000e+03
   1.3680723e-01   1.7700000e+03
   1.1468458e-01   1.7850000e+03
   9.3832694e-02   1.8000000e+03
   7.4490763e-02   1.8150000e+03
   5.6784958e-02   1.8300000e+03
   4.0757757e-02   1.8450000e+03
   2.6423825e-02   1.8600000e+03
   1.3825159e-02   1.8750000e+03
   3.0495629e-03   1.8900000e+03
  -5.7991245e-03   1.9050000e+03
  -1.2663336e-02   1.9200000e+03
  -1.7602962e-02   1.9350000e+03
  -2.0854134e-02   1.9500000e+03
  -2.2849785e-02   1.9650000e+03
  -2.4173070e-02   1.9800000e+03
  -2.5437467e-02   1.9950000e+03
  -2.7131652e-02   2.0100000e+03
  -2.9493976e-02   2.0250000e+03
  -3.2461528e-02   2.0400000e+03
  -3.5694949e-02   2.0550000e+03
  -3.8658623e-02   2.0700000e+03
  -4.0745005e-02   2.0850000e+03
  -4.1435108e-02   2.1000000e+03
  -4.0457021e-02   2.1150000e+03
  -3.7870418e-02   2.1300000e+03
  -3.4019493e-02   2.1450000e+03
  -2.9367574e-02   2.1600000e+03
  -2.4300065e-02   2.1750000e+03
  -1.8995702e-02   2.1900000e+03
  -1.3413123e-02   2.2050000e+03
  -7.3703155e-03   2.2200000e+03
  -6.6127512e-04   2.2350000e+03
   6.8366956e-03   2.2500000e+03
   1.5091271e-02   2.2650000e+03
   2.3896888e-02   2.2800000e+03
   3.2920212e-02   2.2950000e+03
   4.1789234e-02   2.3100000e+03
   5.0161704e-02   2.3250000e+03
   5.7699088e-02   2.3400000e+03
   6.3939333e-02   2.3550000e+03
   6.8176761e-02   2.3700000e+03
   6.9517687e-02   2.3850000e+03
   6.7194834e-02   2.4000000e+03
   6.1020330e-02   2.4150000e+03
   5.1694535e-02   2.4300000e+03
   4.0729959e-02   2.4450000e+03
   2.9997487e-02   2.4600000e+03
   2.1158069e-02   2.4750000e+03
   1.5279032e-02   2.4900000e+03
   1.2724917e-02   2.5050000e+03
   1.3186349e-02   2.5200000e+03
   1.5711943e-02   2.5350000e+03
   1.8809106e-02   2.5500000e+03
   2.0787114e-02   2.5650000e+03
   2.0329814e-02   2.5800000e+03
   1.6984828e-02   2.5950000e+03
   1.1219510e-02   2.6100000e+03
   4.0233321e-03   2.6250000e+03
  -3.6059630e-03   2.6400000e+03
  -1.0949700e-02   2.6550000e+03
  -1.7590120e-02   2.6700000e+03
  -2.3355549e-02   2.6850000e+03
  -2.8307186e-02   2.7000000e+03
  -3.2704893e-02   2.7150000e+03
  -3.6879241e-02   2.7300000e+03
  -4.1078787e-02   2.7450000e+03
  -4.5412708e-02   2.7600000e+03
  -4.9886998e-02   2.7750000e+03
  -5.4421622e-02   2.7900000e+03
  -5.8798783e-02   2.8050000e+03
  -6.2633365e-02   2.8200000e+03
  -6.5474100e-02   2.8350000e+03
  -6.7009054e-02   2.8500000e+03
  -6.7224622e-02   2.8650000e+03
  -6.6391207e-02   2.8800000e+03
  -6.4891562e-02   2.8950000e+03
  -6.3033953e-02   2.9100000e+03
  -6.0991876e-02   2.9250000e+03
  -5.8886223e-02   2.9400000e+03
  -5.6889273e-02   2.9550000e+03
  -5.5222865e-02   2.9700000e+03
  -5.4054461e-02   2.9850000e+03
  -5.3412199e-02   3.0000000e+03
  -5.3206347e-02   3.0150000e+03
  -5.3317983e-02   3.0300000e+03
  -5.3661887e-02   3.0450000e+03
  -5.4194469e-02   3.0600000e+03
  -5.4903813e-02   3.0750000e+03
  -5.5804130e-02   3.0900000e+03
  -5.6916710e-02   3.1050000e+03
  -5.8230754e-02   3.1200000e+03
  -5.9674330e-02   3.1350000e+03
  -6.1122183e-02   3.1500000e+03
  -6.2427785e-02   3.1650000e+03
  -6.3451327e-02   3.1800000e+03
  -6.4075500e-02   3.1950000e+03
  -6.4215392e-02   3.2100000e+03
  -6.3819274e-02   3.2250000e+03
  -6.2853076e-02   3.2400000e+03
  -6.1281994e-02   3.2550000e+03
  -5.9076861e-02   3.2700000e+03
  -5.6247097e-02   3.2850000e+03
  -5.2863583e-02   3.3000000e+03
  -4.9037520e-02   3.3150000e+03
  -4.4869695e-02   3.3300000e+03
  -4.0418539e-02   3.3450000e+03
  -3.5713252e-02   3.3600000e+03
  -3.0790038e-02   3.3750000e+03
  -2.5712799e-02   3.3900000e+03
  -2.0565119e-02   3.4050000e+03
  -1.5430389e-02   3.4200000e+03
  -1.0382997e-02   3.4350000e+03
  -5.5013294e-03   3.4500000e+03
  -8.9817925e-04   3.4650000e+03
   3.2500082e-03   3.4800000e+03
   6.6998708e-03   3.4950000e+03
   9.1756023e-03   3.5100000e+03
   1.0425618e-02   3.5250000e+03
   1.0271025e-02   3.5400000e+03
   8.6281709e-03   3.5550000e+03
   5.5104820e-03   3.5700000e+03
   1.0225149e-03   3.5850000e+03
  -4.6489383e-03   3.6000000e+03
  -1.1247937e-02   3.6150000e+03
  -1.8465240e-02   3.6300000e+03
  -2.5953133e-02   3.6450000e+03
  -3.3339154e-02   3.6600000e+03
  -4.0242538e-02   3.6750000e+03
  -4.6295777e-02   3.6900000e+03
  -5.1168721e-02   3.7050000e+03
  -5.4590259e-02   3.7200000e+03
  -5.6365460e-02   3.7350000e+03
  -5.6391843e-02   3.7500000e+03
  -5.4679815e-02   3.7650000e+03
  -5.1373035e-02   3.7800000e+03
  -4.6750281e-02   3.7950000e+03
  -4.1191351e-02   3.8100000e+03
  -3.5113394e-02   3.8250000e+03
  -2.8908741e-02   3.8400000e+03
  -2.2911876e-02   3.8550000e+03
  -1.7393081e-02   3.8700000e+03
  -1.2555556e-02   3.8850000e+03
  -8.5232360e-03   3.9000000e+03
  -5.3285626e-03   3.9150000e+03
  -2.9122233e-03   3.9300000e+03
  -1.1310963e-03   3.9450000e+03
   2.3512448e-04   3.9600000e+03
   1.4733853e-03   3.9750000e+03
   2.9059357e-03   3.9900000e+03
   4.8336959e-03   4.0050000e+03
   7.4730013e-03   4.0200000e+03
   1.0909811e-02   4.0350000e+03
   1.5080361e-02   4.0500000e+03
   1.9776553e-02   4.0650000e+03
   2.4680296e-02   4.0800000e+03
   2.9434098e-02   4.0950000e+03
   3.3734415e-02   4.1100000e+03
   3.7404109e-02   4.1250000e+03
   4.0399056e-02   4.1400000e+03
   4.2743482e-02   4.1550000e+03
   4.4435866e-02   4.1700000e+03
   4.5380976e-02   4.1850000e+03
   4.5379352e-02   4.2000000e+03
   4.4173483e-02   4.2150000e+03
   4.1533414e-02   4.2300000e+03
   3.7358049e-02   4.2450000e+03
   3.1759094e-02   4.2600000e+03
   2.5089107e-02   4.2750000e+03
   1.7891217e-02   4.2900000e+03
   1.0783968e-02   4.3050000e+03
   4.3245945e-03   4.3200000e+03
  -1.1023668e-03   4.3350000e+03
  -5.3411773e-03   4.3500000e+03
  -8.4560970e-03   4.3650000e+03
  -1.0665565e-02   4.3800000e+03
  -1.2244985e-02   4.3950000e+03
  -1.3436267e-02   4.4100000e+03
  -1.4396379e-02   4.4250000e+03
  -1.5191982e-02   4.4400000e+03
  -1.5821926e-02   4.4550000e+03
  -1.6244499e-02   4.4700000e+03
  -1.6399631e-02   4.4850000e+03
  -1.6228879e-02   4.5000000e+03
