  -3.3532616e-03   0.0000000e+00
  -3.3530991e-03   1.5000000e+01
  -3.3527066e-03   3.0000000e+01
  -3.3523946e-03   4.5000000e+01
  -3.3525198e-03   6.0000000e+01
  -3.3533194e-03   7.5000000e+01
  -3.3548153e-03   9.0000000e+01
  -3.3568991e-03   1.0500000e+02
  -3.3595243e-03   1.2000000e+02
  -3.3628647e-03   1.3500000e+02
  -3.3671386e-03   1.5000000e+02
  -3.3723901e-03   1.6500000e+02
  -3.3786397e-03   1.8000000e+02
  -3.3859040e-03   1.9500000e+02
  -3.3939362e-03   2.1000000e+02
  -3.4024215e-03   2.2500000e+02
  -3.4113864e-03   2.4000000e+02
  -3.4211471e-03   2.5500000e+02
  -3.4319439e-03   2.7000000e+02
  -3.4436572e-03   2.8500000e+02
  -3.4558531e-03   3.0000000e+02
  -3.4681538e-03   3.1500000e+02
  -3.4805180e-03   3.3000000e+02
  -3.4931493e-03   3.4500000e+02
  -3.5061610e-03   3.6000000e+02
  -3.5193518e-03   3.7500000e+02
  -3.5324451e-03   3.9000000e+02
  -3.5455967e-03   4.0500000e+02
  -3.5590928e-03   4.2000000e+02
  -3.5721262e-03   4.3500000e+02
  -3.5827954e-03   4.5000000e+02
  -3.5900415e-03   4.6500000e+02
  -3.5946786e-03   4.8000000e+02
  -3.5981240e-03   4.9500000e+02
  -3.6012663e-03   5.1000000e+02
  -3.6048184e-03   5.2500000e+02
  -3.6095823e-03   5.4000000e+02
  -3.6156990e-03   5.5500000e+02
  -3.6223524e-03   5.7000000e+02
  -3.6289333e-03   5.8500000e+02
  -3.6356808e-03   6.0000000e+02
  -3.6424117e-03   6.1500000e+02
  -3.6479712e-03   6.3000000e+02
  -3.6519095e-03   6.4500000e+02
  -3.6551484e-03   6.6000000e+02
  -3.6583617e-03   6.7500000e+02
  -3.6614761e-03   6.9000000e+02
  -3.6646780e-03   7.0500000e+02
  -3.6683010e-03   7.2000000e+02
  -3.6722214e-03   7.3500000e+02
  -3.6761970e-03   7.5000000e+02
  -3.6800874e-03   7.6500000e+02
  -3.6837119e-03   7.8000000e+02
  -3.6871377e-03   7.9500000e+02
  -3.6906772e-03   8.1000000e+02
  -3.6943743e-03   8.2500000e+02
  -3.6980007e-03   8.4000000e+02
  -3.7014240e-03   8.5500000e+02
  -3.7046990e-03   8.7000000e+02
  -3.7081023e-03   8.8500000e+02
  -3.7119866e-03   9.0000000e+02
  -3.7163773e-03   9.1500000e+02
  -3.7210491e-03   9.3000000e+02
  -3.7260307e-03   9.4500000e+02
  -3.7315872e-03   9.6000000e+02
  -3.7378664e-03   9.7500000e+02
  -3.7447100e-03   9.9000000e+02
  -3.7516758e-03   1.0050000e+03
  -3.7585036e-03   1.0200000e+03
  -3.7655404e-03   1.0350000e+03
  -3.7733216e-03   1.0500000e+03
  -3.7820367e-03   1.0650000e+03
  -3.7916275e-03   1.0800000e+03
  -3.8019642e-03   1.0950000e+03
  -3.8127124e-03   1.1100000e+03
  -3.8232452e-03   1.1250000e+03
  -3.8329090e-03   1.1400000e+03
  -3.8415201e-03   1.1550000e+03
  -3.8497113e-03   1.1700000e+03
  -3.8587283e-03   1.1850000e+03
  -3.8696486e-03   1.2000000e+03
  -3.8825430e-03   1.2150000e+03
  -3.8963025e-03   1.2300000e+03
  -3.9092507e-03   1.2450000e+03
  -3.9198380e-03   1.2600000e+03
  -3.9268788e-03   1.2750000e+03
  -3.9295964e-03   1.2900000e+03
  -3.9278669e-03   1.3050000e+03
  -3.9222976e-03   1.3200000e+03
  -3.9137290e-03   1.3350000e+03
  -3.9024875e-03   1.3500000e+03
  -3.8880499e-03   1.3650000e+03
  -3.8692998e-03   1.3800000e+03
  -3.8449129e-03   1.3950000e+03
  -3.8134337e-03   1.4100000e+03
  -3.7731684e-03   1.4250000e+03
  -3.7222635e-03   1.4400000e+03
  -3.6590730e-03   1.4550000e+03
  -3.5822694e-03   1.4700000e+03
  -3.4901940e-03   1.4850000e+03
  -3.3799047e-03   1.5000000e+03
  -3.2470389e-03   1.5150000e+03
  -3.0867683e-03   1.5300000e+03
  -2.8950914e-03   1.5450000e+03
  -2.6694722e-03   1.5600000e+03
  -2.4085378e-03   1.5750000e+03
  -2.1111299e-03   1.5900000e+03
  -1.7750723e-03   1.6050000e+03
  -1.3959223e-03   1.6200000e+03
  -9.6557871e-04   1.6350000e+03
  -4.7056400e-04   1.6500000e+03
   1.0973945e-04   1.6650000e+03
   8.0424099e-04   1.6800000e+03
   1.6502051e-03   1.6950000e+03
   2.6919481e-03   1.7100000e+03
   3.9784671e-03   1.7250000e+03
   5.5612205e-03   1.7400000e+03
   7.4941572e-03   1.7550000e+03
   9.8376274e-03   1.7700000e+03
   1.2665116e-02   1.7850000e+03
   1.6068904e-02   1.8000000e+03
   2.0160671e-02   1.8150000e+03
   2.5066316e-02   1.8300000e+03
   3.0917330e-02   1.8450000e+03
   3.7840735e-02   1.8600000e+03
   4.5946561e-02   1.8750000e+03
   5.5309467e-02   1.8900000e+03
   6.5942362e-02   1.9050000e+03
   7.7764936e-02   1.9200000e+03
   9.0576626e-02   1.9350000e+03
   1.0404644e-01   1.9500000e+03
   1.1772836e-01   1.9650000e+03
   1.3110217e-01   1.9800000e+03
   1.4363074e-01   1.9950000e+03
   1.5482248e-01   2.0100000e+03
   1.6428950e-01   2.0250000e+03
   1.7179215e-01   2.0400000e+03
   1.7725891e-01   2.0550000e+03
   1.8077175e-01   2.0700000e+03
   1.8251845e-01   2.0850000e+03
   1.8273041e-01   2.1000000e+03
   1.8163304e-01   2.1150000e+03
   1.7942722e-01   2.1300000e+03
   1.7629868e-01   2.1450000e+03
   1.7243628e-01   2.1600000e+03
   1.6803910e-01   2.1750000e+03
   1.6330664e-01   2.1900000e+03
   1.5842099e-01   2.2050000e+03
   1.5353297e-01   2.2200000e+03
   1.4875367e-01   2.2350000e+03
   1.4414084e-01   2.2500000e+03
   1.3966960e-01   2.2650000e+03
   1.3519336e-01   2.2800000e+03
   1.3042076e-01   2.2950000e+03
   1.2493847e-01   2.3100000e+03
   1.1828893e-01   2.3250000e+03
   1.1008240e-01   2.3400000e+03
   1.0010725e-01   2.3550000e+03
   8.8411584e-02   2.3700000e+03
   7.5344384e-02   2.3850000e+03
   6.1546870e-02   2.4000000e+03
   4.7880258e-02   2.4150000e+03
   3.5286337e-02   2.4300000e+03
   2.4609579e-02   2.4450000e+03
   1.6437106e-02   2.4600000e+03
   1.1008209e-02   2.4750000e+03
   8.2133189e-03   2.4900000e+03
   7.6727336e-03   2.5050000e+03
   8.8713588e-03   2.5200000e+03
   1.1312625e-02   2.5350000e+03
   1.4633035e-02   2.5500000e+03
   1.8612852e-02   2.5650000e+03
   2.3059495e-02   2.5800000e+03
   2.7618434e-02   2.5950000e+03
   3.1628817e-02   2.6100000e+03
   3.4139976e-02   2.6250000e+03
   3.4137323e-02   2.6400000e+03
   3.0922081e-02   2.6550000e+03
   2.4488145e-02   2.6700000e+03
   1.5692126e-02   2.6850000e+03
   6.0771573e-03   2.7000000e+03
  -2.6050964e-03   2.7150000e+03
  -8.9316024e-03   2.7300000e+03
  -1.2117665e-02   2.7450000e+03
  -1.1992130e-02   2.7600000e+03
  -8.7956078e-03   2.7750000e+03
  -3.0633283e-03   2.7900000e+03
   4.3126554e-03   2.8050000e+03
   1.2025330e-02   2.8200000e+03
   1.8574651e-02   2.8350000e+03
   2.2813512e-02   2.8500000e+03
   2.4494713e-02   2.8650000e+03
   2.4366727e-02   2.8800000e+03
   2.3664797e-02   2.8950000e+03
   2.3342630e-02   2.9100000e+03
   2.3619650e-02   2.9250000e+03
   2.4135318e-02   2.9400000e+03
   2.4466056e-02   2.9550000e+03
   2.4491981e-02   2.9700000e+03
   2.4340212e-02   2.9850000e+03
   2.4091164e-02   3.0000000e+03
   2.3624470e-02   3.0150000e+03
   2.2748999e-02   3.0300000e+03
   2.1422833e-02   3.0450000e+03
   1.9808348e-02   3.0600000e+03
   1.8134907e-02   3.0750000e+03
   1.6539868e-02   3.0900000e+03
   1.5012963e-02   3.1050000e+03
   1.3408773e-02   3.1200000e+03
   1.1455636e-02   3.1350000e+03
   8.7850029e-03   3.1500000e+03
   5.0428649e-03   3.1650000e+03
   4.8141828e-05   3.1800000e+03
  -6.1188340e-03   3.1950000e+03
  -1.3148913e-02   3.2100000e+03
  -2.0588258e-02   3.2250000e+03
  -2.7903393e-02   3.2400000e+03
  -3.4562569e-02   3.2550000e+03
  -4.0197749e-02   3.2700000e+03
  -4.4786755e-02   3.2850000e+03
  -4.8681010e-02   3.3000000e+03
  -5.2387126e-02   3.3150000e+03
  -5.6235887e-02   3.3300000e+03
  -6.0194071e-02   3.3450000e+03
  -6.3953862e-02   3.3600000e+03
  -6.7196026e-02   3.3750000e+03
  -6.9802515e-02   3.3900000e+03
  -7.1881466e-02   3.4050000e+03
  -7.3644586e-02   3.4200000e+03
  -7.5273119e-02   3.4350000e+03
  -7.6867878e-02   3.4500000e+03
  -7.8479931e-02   3.4650000e+03
  -8.0158018e-02   3.4800000e+03
  -8.1955113e-02   3.4950000e+03
  -8.3880112e-02   3.5100000e+03
  -8.5832730e-02   3.5250000e+03
  -8.7595753e-02   3.5400000e+03
  -8.8933200e-02   3.5550000e+03
  -8.9735702e-02   3.5700000e+03
  -9.0063348e-02   3.5850000e+03
  -9.0007149e-02   3.6000000e+03
  -8.9503855e-02   3.6150000e+03
  -8.8342749e-02   3.6300000e+03
  -8.6409114e-02   3.6450000e+03
  -8.3905667e-02   3.6600000e+03
  -8.1271984e-02   3.6750000e+03
  -7.8858323e-02   3.6900000e+03
  -7.6702021e-02   3.7050000e+03
  -7.4627347e-02   3.7200000e+03
  -7.2505102e-02   3.7350000e+03
  -7.0359871e-02   3.7500000e+03
  -6.8262435e-02   3.7650000e+03
  -6.6221684e-02   3.7800000e+03
  -6.4225540e-02   3.7950000e+03
  -6.2313966e-02   3.8100000e+03
  -6.0516518e-02   3.8250000e+03
  -5.8730360e-02   3.8400000e+03
  -5.6773867e-02   3.8550000e+03
  -5.4640677e-02   3.8700000e+03
  -5.2653868e-02   3.8850000e+03
  -5.1256865e-02   3.9000000e+03
  -5.0602976e-02   3.9150000e+03
  -5.0394166e-02   3.9300000e+03
  -5.0164655e-02   3.9450000e+03
  -4.9693104e-02   3.9600000e+03
  -4.9100101e-02   3.9750000e+03
  -4.8598964e-02   3.9900000e+03
  -4.8269220e-02   4.0050000e+03
  -4.8107844e-02   4.0200000e+03
  -4.8200693e-02   4.0350000e+03
  -4.8736949e-02   4.0500000e+03
  -4.9873766e-02   4.0650000e+03
  -5.1664643e-02   4.0800000e+03
  -5.4092713e-02   4.0950000e+03
  -5.7032134e-02   4.1100000e+03
  -6.0094032e-02   4.1250000e+03
  -6.2592484e-02   4.1400000e+03
  -6.3796863e-02   4.1550000e+03
  -6.3258447e-02   4.1700000e+03
  -6.0876090e-02   4.1850000e+03
  -5.6714676e-02   4.2000000e+03
  -5.0910741e-02   4.2150000e+03
  -4.3819625e-02   4.2300000e+03
  -3.6154784e-02   4.2450000e+03
  -2.8841823e-02   4.2600000e+03
  -2.2677571e-02   4.2750000e+03
  -1.8100429e-02   4.2900000e+03
  -1.5177273e-02   4.3050000e+03
  -1.3659041e-02   4.3200000e+03
  -1.3011945e-02   4.3350000e+03
  -1.2518275e-02   4.3500000e+03
  -1.1509923e-02   4.3650000e+03
  -9.6054673e-03   4.3800000e+03
  -6.7875772e-03   4.3950000e+03
  -3.3227431e-03   4.4100000e+03
   3.7276250e-04   4.4250000e+03
   3.8811883e-03   4.4400000e+03
   6.9497540e-03   4.4550000e+03
   9.5979860e-03   4.4700000e+03
   1.2052161e-02   4.4850000e+03
   1.4532772e-02   4.5000000e+03
