  -5.0619412e-03   0.0000000e+00
  -5.0615668e-03   1.5000000e+01
  -5.0606704e-03   3.0000000e+01
  -5.0599445e-03   4.5000000e+01
  -5.0600627e-03   6.0000000e+01
  -5.0613959e-03   7.5000000e+01
  -5.0640539e-03   9.0000000e+01
  -5.0679939e-03   1.0500000e+02
  -5.0732568e-03   1.2000000e+02
  -5.0801127e-03   1.3500000e+02
  -5.0886790e-03   1.5000000e+02
  -5.0987196e-03   1.6500000e+02
  -5.1101213e-03   1.8000000e+02
  -5.1226602e-03   1.9500000e+02
  -5.1353257e-03   2.1000000e+02
  -5.1470250e-03   2.2500000e+02
  -5.1579825e-03   2.4000000e+02
  -5.1697991e-03   2.5500000e+02
  -5.1838956e-03   2.7000000e+02
  -5.1998552e-03   2.8500000e+02
  -5.2156127e-03   3.0000000e+02
  -5.2295066e-03   3.1500000e+02
  -5.2421396e-03   3.3000000e+02
  -5.2562547e-03   3.4500000e+02
  -5.2746511e-03   3.6000000e+02
  -5.2979914e-03   3.7500000e+02
  -5.3249630e-03   3.9000000e+02
  -5.3546587e-03   4.0500000e+02
  -5.3871963e-03   4.2000000e+02
  -5.4211188e-03   4.3500000e+02
  -5.4530199e-03   4.5000000e+02
  -5.4817139e-03   4.6500000e+02
  -5.5098231e-03   4.8000000e+02
  -5.5398066e-03   4.9500000e+02
  -5.5718352e-03   5.1000000e+02
  -5.6067398e-03   5.2500000e+02
  -5.6475908e-03   5.4000000e+02
  -5.6966892e-03   5.5500000e+02
  -5.7535646e-03   5.7000000e+02
  -5.8173360e-03   5.8500000e+02
  -5.8879624e-03   6.0000000e+02
  -5.9635914e-03   6.1500000e+02
  -6.0407040e-03   6.3000000e+02
  -6.1185197e-03   6.4500000e+02
  -6.1992132e-03   6.6000000e+02
  -6.2839617e-03   6.7500000e+02
  -6.3732192e-03   6.9000000e+02
  -6.4689731e-03   7.0500000e+02
  -6.5726368e-03   7.2000000e+02
  -6.6831978e-03   7.3500000e+02
  -6.7991954e-03   7.5000000e+02
  -6.9196224e-03   7.6500000e+02
  -7.0433430e-03   7.8000000e+02
  -7.1705221e-03   7.9500000e+02
  -7.3038712e-03   8.1000000e+02
  -7.4469908e-03   8.2500000e+02
  -7.6022209e-03   8.4000000e+02
  -7.7701258e-03   8.5500000e+02
  -7.9504941e-03   8.7000000e+02
  -8.1443163e-03   8.8500000e+02
  -8.3544282e-03   9.0000000e+02
  -8.5835382e-03   9.1500000e+02
  -8.8335099e-03   9.3000000e+02
  -9.1080312e-03   9.4500000e+02
  -9.4141597e-03   9.6000000e+02
  -9.7600520e-03   9.7500000e+02
  -1.0152075e-02   9.9000000e+02
  -1.0594389e-02   1.0050000e+03
  -1.1090805e-02   1.0200000e+03
  -1.1647251e-02   1.0350000e+03
  -1.2274228e-02   1.0500000e+03
  -1.2990256e-02   1.0650000e+03
  -1.3826440e-02   1.0800000e+03
  -1.4829664e-02   1.0950000e+03
  -1.6059481e-02   1.1100000e+03
  -1.7571375e-02   1.1250000e+03
  -1.9370096e-02   1.1400000e+03
  -2.1293456e-02   1.1550000e+03
  -2.2762751e-02   1.1700000e+03
  -2.2355424e-02   1.1850000e+03
  -1.7275270e-02   1.2000000e+03
  -3.0391351e-03   1.2150000e+03
   2.6019247e-02   1.2300000e+03
   7.4768864e-02   1.2450000e+03
   1.4370424e-01   1.2600000e+03
   2.2495863e-01   1.2750000e+03
   3.0063567e-01   1.2900000e+03
   3.4653530e-01   1.3050000e+03
   3.4201157e-01   1.3200000e+03
   2.8192639e-01   1.3350000e+03
   1.8271959e-01   1.3500000e+03
   7.6129310e-02   1.3650000e+03
  -7.6329485e-03   1.3800000e+03
  -5.6052774e-02   1.3950000e+03
  -7.7443443e-02   1.4100000e+03
  -8.9089476e-02   1.4250000e+03
  -1.0174154e-01   1.4400000e+03
  -1.1413204e-01   1.4550000e+03
  -1.1957447e-01   1.4700000e+03
  -1.1444537e-01   1.4850000e+03
  -9.9655300e-02   1.5000000e+03
  -7.7536918e-02   1.5150000e+03
  -5.1157422e-02   1.5300000e+03
  -2.5431613e-02   1.5450000e+03
  -4.1370285e-03   1.5600000e+03
   1.4951354e-02   1.5750000e+03
   3.6481582e-02   1.5900000e+03
   5.5323705e-02   1.6050000e+03
   5.2911788e-02   1.6200000e+03
   1.3924547e-02   1.6350000e+03
  -5.2897170e-02   1.6500000e+03
  -1.1709072e-01   1.6650000e+03
  -1.5159371e-01   1.6800000e+03
  -1.4981149e-01   1.6950000e+03
  -1.1607678e-01   1.7100000e+03
  -5.0194431e-02   1.7250000e+03
   4.5203798e-02   1.7400000e+03
   1.4278395e-01   1.7550000e+03
   1.9093397e-01   1.7700000e+03
   1.5001929e-01   1.7850000e+03
   3.1978011e-02   1.8000000e+03
  -9.8522149e-02   1.8150000e+03
  -1.6542147e-01   1.8300000e+03
  -1.3030984e-01   1.8450000e+03
  -1.3776639e-02   1.8600000e+03
   1.1821699e-01   1.8750000e+03
   1.8880105e-01   1.8900000e+03
   1.5068346e-01   1.9050000e+03
   2.0019077e-02   1.9200000e+03
  -1.1833468e-01   1.9350000e+03
  -1.5694498e-01   1.9500000e+03
  -4.9747244e-02   1.9650000e+03
   1.3276863e-01   1.9800000e+03
   2.4491021e-01   1.9950000e+03
   1.8934160e-01   2.0100000e+03
   1.3522179e-02   2.0250000e+03
  -1.2611905e-01   2.0400000e+03
  -1.1371858e-01   2.0550000e+03
   7.4673709e-03   2.0700000e+03
   7.8198776e-02   2.0850000e+03
  -3.3204609e-03   2.1000000e+03
  -1.5916181e-01   2.1150000e+03
  -2.0489042e-01   2.1300000e+03
  -5.2532118e-02   2.1450000e+03
   1.8070030e-01   2.1600000e+03
   2.8973010e-01   2.1750000e+03
   1.9775085e-01   2.1900000e+03
   2.2785721e-02   2.2050000e+03
  -7.5524375e-02   2.2200000e+03
  -7.2244234e-02   2.2350000e+03
  -6.3186310e-02   2.2500000e+03
  -1.0337178e-01   2.2650000e+03
  -1.2873133e-01   2.2800000e+03
  -6.1222099e-02   2.2950000e+03
   6.3370436e-02   2.3100000e+03
   1.3003752e-01   2.3250000e+03
   8.9777485e-02   2.3400000e+03
   1.2244155e-02   2.3550000e+03
  -1.5144483e-02   2.3700000e+03
   9.5816916e-03   2.3850000e+03
   2.7377889e-02   2.4000000e+03
   8.0288537e-03   2.4150000e+03
  -2.4729872e-02   2.4300000e+03
  -4.0259153e-02   2.4450000e+03
  -3.3806067e-02   2.4600000e+03
  -1.6218390e-02   2.4750000e+03
  -3.3619641e-03   2.4900000e+03
  -1.5982484e-02   2.5050000e+03
  -5.9830282e-02   2.5200000e+03
  -1.0171843e-01   2.5350000e+03
  -9.4850257e-02   2.5500000e+03
  -3.7751481e-02   2.5650000e+03
   1.8330740e-02   2.5800000e+03
   3.3254139e-02   2.5950000e+03
   2.3275601e-02   2.6100000e+03
   2.4805825e-02   2.6250000e+03
   3.7928119e-02   2.6400000e+03
   3.4107577e-02   2.6550000e+03
   5.4700887e-03   2.6700000e+03
  -2.4922187e-02   2.6850000e+03
  -3.8582399e-02   2.7000000e+03
  -3.9797351e-02   2.7150000e+03
  -3.6006510e-02   2.7300000e+03
  -2.5083505e-02   2.7450000e+03
  -1.0412357e-02   2.7600000e+03
  -7.6110880e-03   2.7750000e+03
  -2.2865884e-02   2.7900000e+03
  -3.8639437e-02   2.8050000e+03
  -3.4693070e-02   2.8200000e+03
  -1.3961173e-02   2.8350000e+03
   5.0269472e-03   2.8500000e+03
   1.3595414e-02   2.8650000e+03
   1.6798036e-02   2.8800000e+03
   1.6793489e-02   2.8950000e+03
   8.3973594e-03   2.9100000e+03
  -7.1559059e-03   2.9250000e+03
  -1.7433930e-02   2.9400000e+03
  -1.3964495e-02   2.9550000e+03
  -3.9289957e-03   2.9700000e+03
  -3.1150939e-04   2.9850000e+03
  -5.6950552e-03   3.0000000e+03
  -1.1855683e-02   3.0150000e+03
  -1.1585841e-02   3.0300000e+03
  -4.6107597e-03   3.0450000e+03
   5.9471410e-03   3.0600000e+03
   1.6401436e-02   3.0750000e+03
   2.2129288e-02   3.0900000e+03
   2.0383529e-02   3.1050000e+03
   1.4759107e-02   3.1200000e+03
   1.2128226e-02   3.1350000e+03
   1.3523614e-02   3.1500000e+03
   1.2566697e-02   3.1650000e+03
   5.3545390e-03   3.1800000e+03
  -2.6091400e-03   3.1950000e+03
  -3.5992274e-03   3.2100000e+03
   1.2999797e-03   3.2250000e+03
   3.6556346e-03   3.2400000e+03
  -1.1644207e-03   3.2550000e+03
  -1.0033187e-02   3.2700000e+03
  -1.9434603e-02   3.2850000e+03
  -3.0382272e-02   3.3000000e+03
  -4.2999975e-02   3.3150000e+03
  -5.1430751e-02   3.3300000e+03
  -4.9437508e-02   3.3450000e+03
  -3.8954124e-02   3.3600000e+03
  -2.8402274e-02   3.3750000e+03
  -2.3004476e-02   3.3900000e+03
  -2.0095620e-02   3.4050000e+03
  -1.3576345e-02   3.4200000e+03
  -4.6183595e-05   3.4350000e+03
   1.9004334e-02   3.4500000e+03
   3.7797108e-02   3.4650000e+03
   4.8627459e-02   3.4800000e+03
   4.6634767e-02   3.4950000e+03
   3.3944190e-02   3.5100000e+03
   1.8026231e-02   3.5250000e+03
   5.2191806e-03   3.5400000e+03
  -3.3799713e-03   3.5550000e+03
  -9.7019225e-03   3.5700000e+03
  -1.4234430e-02   3.5850000e+03
  -1.5170595e-02   3.6000000e+03
  -1.1536568e-02   3.6150000e+03
  -5.7077473e-03   3.6300000e+03
  -1.7247124e-03   3.6450000e+03
  -9.6644351e-04   3.6600000e+03
  -2.8399518e-04   3.6750000e+03
   4.7260011e-03   3.6900000e+03
   1.4900505e-02   3.7050000e+03
   2.6904862e-02   3.7200000e+03
   3.6962129e-02   3.7350000e+03
   4.3139704e-02   3.7500000e+03
   4.3319933e-02   3.7650000e+03
   3.3662632e-02   3.7800000e+03
   1.2448202e-02   3.7950000e+03
  -1.4621655e-02   3.8100000e+03
  -3.5908405e-02   3.8250000e+03
  -4.2307854e-02   3.8400000e+03
  -3.3439256e-02   3.8550000e+03
  -1.5353410e-02   3.8700000e+03
   5.3196196e-03   3.8850000e+03
   2.3049669e-02   3.9000000e+03
   3.1817377e-02   3.9150000e+03
   2.6815886e-02   3.9300000e+03
   9.7663822e-03   3.9450000e+03
  -9.5571717e-03   3.9600000e+03
  -1.9517064e-02   3.9750000e+03
  -1.4708763e-02   3.9900000e+03
   1.6328661e-03   4.0050000e+03
   2.0959359e-02   4.0200000e+03
   3.3528142e-02   4.0350000e+03
   3.1591959e-02   4.0500000e+03
   1.3303566e-02   4.0650000e+03
  -1.4092805e-02   4.0800000e+03
  -3.6665160e-02   4.0950000e+03
  -4.2504553e-02   4.1100000e+03
  -2.9853182e-02   4.1250000e+03
  -7.3760320e-03   4.1400000e+03
   1.2895503e-02   4.1550000e+03
   2.3228368e-02   4.1700000e+03
   2.3283649e-02   4.1850000e+03
   1.8322354e-02   4.2000000e+03
   1.4548492e-02   4.2150000e+03
   1.4141970e-02   4.2300000e+03
   1.3397106e-02   4.2450000e+03
   6.2728324e-03   4.2600000e+03
  -9.1896234e-03   4.2750000e+03
  -2.7841816e-02   4.2900000e+03
  -4.0979773e-02   4.3050000e+03
  -4.2765301e-02   4.3200000e+03
  -3.3496886e-02   4.3350000e+03
  -1.8060295e-02   4.3500000e+03
  -2.5114028e-03   4.3650000e+03
   8.4055029e-03   4.3800000e+03
   1.2585078e-02   4.3950000e+03
   1.1221875e-02   4.4100000e+03
   8.2343360e-03   4.4250000e+03
   7.8503219e-03   4.4400000e+03
   1.1400193e-02   4.4550000e+03
   1.5809197e-02   4.4700000e+03
   1.5712513e-02   4.4850000e+03
   8.2903691e-03   4.5000000e+03
