  -1.2856345e-03   0.0000000e+00
  -1.2856384e-03   1.5000000e+01
  -1.2856642e-03   3.0000000e+01
  -1.2857364e-03   4.5000000e+01
  -1.2858328e-03   6.0000000e+01
  -1.2858859e-03   7.5000000e+01
  -1.2858657e-03   9.0000000e+01
  -1.2858224e-03   1.0500000e+02
  -1.2858760e-03   1.2000000e+02
  -1.2861092e-03   1.3500000e+02
  -1.2864190e-03   1.5000000e+02
  -1.2864318e-03   1.6500000e+02
  -1.2851934e-03   1.8000000e+02
  -1.2796766e-03   1.9500000e+02
  -1.2609528e-03   2.1000000e+02
  -1.2100657e-03   2.2500000e+02
  -1.1021605e-03   2.4000000e+02
  -9.2863420e-04   2.5500000e+02
  -7.2853238e-04   2.7000000e+02
  -5.8948906e-04   2.8500000e+02
  -5.8479619e-04   3.0000000e+02
  -6.8909070e-04   3.1500000e+02
  -7.8150321e-04   3.3000000e+02
  -7.6966896e-04   3.4500000e+02
  -6.9582241e-04   3.6000000e+02
  -6.7244761e-04   3.7500000e+02
  -7.2478107e-04   3.9000000e+02
  -7.6760282e-04   4.0500000e+02
  -7.4540102e-04   4.2000000e+02
  -7.1008434e-04   4.3500000e+02
  -7.2213769e-04   4.5000000e+02
  -7.5462996e-04   4.6500000e+02
  -7.5466715e-04   4.8000000e+02
  -7.3562434e-04   4.9500000e+02
  -7.4048887e-04   5.1000000e+02
  -7.6243834e-04   5.2500000e+02
  -7.6704985e-04   5.4000000e+02
  -7.5720192e-04   5.5500000e+02
  -7.5948582e-04   5.7000000e+02
  -7.7267562e-04   5.8500000e+02
  -7.7628548e-04   6.0000000e+02
  -7.7136030e-04   6.1500000e+02
  -7.7432668e-04   6.3000000e+02
  -7.8421383e-04   6.4500000e+02
  -7.8806491e-04   6.6000000e+02
  -7.8664097e-04   6.7500000e+02
  -7.8797265e-04   6.9000000e+02
  -7.8732392e-04   7.0500000e+02
  -7.7425421e-04   7.2000000e+02
  -7.4766559e-04   7.3500000e+02
  -7.1043888e-04   7.5000000e+02
  -6.6298235e-04   7.6500000e+02
  -6.1351265e-04   7.8000000e+02
  -5.8386929e-04   7.9500000e+02
  -5.9473317e-04   8.1000000e+02
  -6.4739044e-04   8.2500000e+02
  -7.1989873e-04   8.4000000e+02
  -7.7681290e-04   8.5500000e+02
  -7.8968203e-04   8.7000000e+02
  -7.6167955e-04   8.8500000e+02
  -7.3110376e-04   9.0000000e+02
  -7.3741947e-04   9.1500000e+02
  -7.7988236e-04   9.3000000e+02
  -8.1865175e-04   9.4500000e+02
  -8.2144572e-04   9.6000000e+02
  -8.0076890e-04   9.7500000e+02
  -7.9564453e-04   9.9000000e+02
  -8.2122500e-04   1.0050000e+03
  -8.5165229e-04   1.0200000e+03
  -8.5793610e-04   1.0350000e+03
  -8.4731885e-04   1.0500000e+03
  -8.4863469e-04   1.0650000e+03
  -8.6785242e-04   1.0800000e+03
  -8.8228827e-04   1.0950000e+03
  -8.7976886e-04   1.1100000e+03
  -8.7752636e-04   1.1250000e+03
  -8.9175475e-04   1.1400000e+03
  -9.1151916e-04   1.1550000e+03
  -9.1992650e-04   1.1700000e+03
  -9.2316978e-04   1.1850000e+03
  -9.3799597e-04   1.2000000e+03
  -9.6325792e-04   1.2150000e+03
  -9.8529959e-04   1.2300000e+03
  -1.0025831e-03   1.2450000e+03
  -1.0239969e-03   1.2600000e+03
  -1.0484986e-03   1.2750000e+03
  -1.0660044e-03   1.2900000e+03
  -1.0754636e-03   1.3050000e+03
  -1.0853757e-03   1.3200000e+03
  -1.0986513e-03   1.3350000e+03
  -1.1112168e-03   1.3500000e+03
  -1.1232337e-03   1.3650000e+03
  -1.1389976e-03   1.3800000e+03
  -1.1578259e-03   1.3950000e+03
  -1.1756450e-03   1.4100000e+03
  -1.1931659e-03   1.4250000e+03
  -1.2135871e-03   1.4400000e+03
  -1.2350418e-03   1.4550000e+03
  -1.2528477e-03   1.4700000e+03
  -1.2664106e-03   1.4850000e+03
  -1.2783442e-03   1.5000000e+03
  -1.2901948e-03   1.5150000e+03
  -1.3032008e-03   1.5300000e+03
  -1.3193123e-03   1.5450000e+03
  -1.3381307e-03   1.5600000e+03
  -1.3565551e-03   1.5750000e+03
  -1.3734581e-03   1.5900000e+03
  -1.3910773e-03   1.6050000e+03
  -1.4110291e-03   1.6200000e+03
  -1.4325486e-03   1.6350000e+03
  -1.4548796e-03   1.6500000e+03
  -1.4781000e-03   1.6650000e+03
  -1.5015656e-03   1.6800000e+03
  -1.5242066e-03   1.6950000e+03
  -1.5463823e-03   1.7100000e+03
  -1.5697272e-03   1.7250000e+03
  -1.5951649e-03   1.7400000e+03
  -1.6216261e-03   1.7550000e+03
  -1.6463894e-03   1.7700000e+03
  -1.6669619e-03   1.7850000e+03
  -1.6834488e-03   1.8000000e+03
  -1.6985243e-03   1.8150000e+03
  -1.7143679e-03   1.8300000e+03
  -1.7307958e-03   1.8450000e+03
  -1.7472154e-03   1.8600000e+03
  -1.7646324e-03   1.8750000e+03
  -1.7841967e-03   1.8900000e+03
  -1.8051813e-03   1.9050000e+03
  -1.8259187e-03   1.9200000e+03
  -1.8457223e-03   1.9350000e+03
  -1.8647567e-03   1.9500000e+03
  -1.8830189e-03   1.9650000e+03
  -1.9007589e-03   1.9800000e+03
  -1.9192833e-03   1.9950000e+03
  -1.9400055e-03   2.0100000e+03
  -1.9626929e-03   2.0250000e+03
  -1.9856545e-03   2.0400000e+03
  -2.0079154e-03   2.0550000e+03
  -2.0303968e-03   2.0700000e+03
  -2.0545137e-03   2.0850000e+03
  -2.0802196e-03   2.1000000e+03
  -2.1059299e-03   2.1150000e+03
  -2.1300360e-03   2.1300000e+03
  -2.1520795e-03   2.1450000e+03
  -2.1727977e-03   2.1600000e+03
  -2.1934696e-03   2.1750000e+03
  -2.2150120e-03   2.1900000e+03
  -2.2373775e-03   2.2050000e+03
  -2.2598705e-03   2.2200000e+03
  -2.2820155e-03   2.2350000e+03
  -2.3036480e-03   2.2500000e+03
  -2.3241711e-03   2.2650000e+03
  -2.3425624e-03   2.2800000e+03
  -2.3584065e-03   2.2950000e+03
  -2.3722569e-03   2.3100000e+03
  -2.3846016e-03   2.3250000e+03
  -2.3950813e-03   2.3400000e+03
  -2.4030337e-03   2.3550000e+03
  -2.4082211e-03   2.3700000e+03
  -2.4105581e-03   2.3850000e+03
  -2.4095050e-03   2.4000000e+03
  -2.4043783e-03   2.4150000e+03
  -2.3952750e-03   2.4300000e+03
  -2.3831953e-03   2.4450000e+03
  -2.3687661e-03   2.4600000e+03
  -2.3506463e-03   2.4750000e+03
  -2.3253569e-03   2.4900000e+03
  -2.2890398e-03   2.5050000e+03
  -2.2396543e-03   2.5200000e+03
  -2.1773651e-03   2.5350000e+03
  -2.1025129e-03   2.5500000e+03
  -2.0130530e-03   2.5650000e+03
  -1.9037504e-03   2.5800000e+03
  -1.7674570e-03   2.5950000e+03
  -1.5970215e-03   2.6100000e+03
  -1.3862314e-03   2.6250000e+03
  -1.1289188e-03   2.6400000e+03
  -8.1651285e-04   2.6550000e+03
  -4.3569526e-04   2.6700000e+03
   3.1838772e-05   2.6850000e+03
   6.0760888e-04   2.7000000e+03
   1.3153251e-03   2.7150000e+03
   2.1828811e-03   2.7300000e+03
   3.2463712e-03   2.7450000e+03
   4.5530102e-03   2.7600000e+03
   6.1614406e-03   2.7750000e+03
   8.1412168e-03   2.7900000e+03
   1.0574113e-02   2.8050000e+03
   1.3557374e-02   2.8200000e+03
   1.7206131e-02   2.8350000e+03
   2.1652348e-02   2.8500000e+03
   2.7040346e-02   2.8650000e+03
   3.3520851e-02   2.8800000e+03
   4.1243933e-02   2.8950000e+03
   5.0347939e-02   2.9100000e+03
   6.0940724e-02   2.9250000e+03
   7.3072933e-02   2.9400000e+03
   8.6707801e-02   2.9550000e+03
   1.0169408e-01   2.9700000e+03
   1.1774783e-01   2.9850000e+03
   1.3444722e-01   3.0000000e+03
   1.5124385e-01   3.0150000e+03
   1.6749221e-01   3.0300000e+03
   1.8249477e-01   3.0450000e+03
   1.9555482e-01   3.0600000e+03
   2.0602632e-01   3.0750000e+03
   2.1335292e-01   3.0900000e+03
   2.1709390e-01   3.1050000e+03
   2.1693957e-01   3.1200000e+03
   2.1271941e-01   3.1350000e+03
   2.0440429e-01   3.1500000e+03
   1.9210297e-01   3.1650000e+03
   1.7605513e-01   3.1800000e+03
   1.5662460e-01   3.1950000e+03
   1.3429828e-01   3.2100000e+03
   1.0969383e-01   3.2250000e+03
   8.3573967e-02   3.2400000e+03
   5.6856815e-02   3.2550000e+03
   3.0604174e-02   3.2700000e+03
   5.9693344e-03   3.2850000e+03
  -1.5902508e-02   3.3000000e+03
  -3.4007926e-02   3.3150000e+03
  -4.7622718e-02   3.3300000e+03
  -5.6408536e-02   3.3450000e+03
  -6.0463760e-02   3.3600000e+03
  -6.0309418e-02   3.3750000e+03
  -5.6814834e-02   3.3900000e+03
  -5.1077474e-02   3.4050000e+03
  -4.4279359e-02   3.4200000e+03
  -3.7546620e-02   3.4350000e+03
  -3.1835679e-02   3.4500000e+03
  -2.7856221e-02   3.4650000e+03
  -2.6023641e-02   3.4800000e+03
  -2.6424756e-02   3.4950000e+03
  -2.8789520e-02   3.5100000e+03
  -3.2483306e-02   3.5250000e+03
  -3.6549788e-02   3.5400000e+03
  -3.9827254e-02   3.5550000e+03
  -4.1133143e-02   3.5700000e+03
  -3.9482303e-02   3.5850000e+03
  -3.4290992e-02   3.6000000e+03
  -2.5522400e-02   3.6150000e+03
  -1.3739607e-02   3.6300000e+03
  -4.3975433e-05   3.6450000e+03
   1.4103704e-02   3.6600000e+03
   2.7150070e-02   3.6750000e+03
   3.7739255e-02   3.6900000e+03
   4.4942133e-02   3.7050000e+03
   4.8354544e-02   3.7200000e+03
   4.8041940e-02   3.7350000e+03
   4.4371676e-02   3.7500000e+03
   3.7822489e-02   3.7650000e+03
   2.8863912e-02   3.7800000e+03
   1.7947409e-02   3.7950000e+03
   5.5743246e-03   3.8100000e+03
  -7.6434887e-03   3.8250000e+03
  -2.0997973e-02   3.8400000e+03
  -3.3773880e-02   3.8550000e+03
  -4.5351285e-02   3.8700000e+03
  -5.5258010e-02   3.8850000e+03
  -6.3161604e-02   3.9000000e+03
  -6.8844594e-02   3.9150000e+03
  -7.2210073e-02   3.9300000e+03
  -7.3315606e-02   3.9450000e+03
  -7.2383568e-02   3.9600000e+03
  -6.9737844e-02   3.9750000e+03
  -6.5675743e-02   3.9900000e+03
  -6.0352150e-02   4.0050000e+03
  -5.3768352e-02   4.0200000e+03
  -4.5899596e-02   4.0350000e+03
  -3.6899898e-02   4.0500000e+03
  -2.7258432e-02   4.0650000e+03
  -1.7798724e-02   4.0800000e+03
  -9.5029976e-03   4.0950000e+03
  -3.2492527e-03   4.1100000e+03
   4.0657941e-04   4.1250000e+03
   1.3192184e-03   4.1400000e+03
  -2.7084080e-04   4.1550000e+03
  -3.7958503e-03   4.1700000e+03
  -8.4027089e-03   4.1850000e+03
  -1.3015956e-02   4.2000000e+03
  -1.6502524e-02   4.2150000e+03
  -1.7949075e-02   4.2300000e+03
  -1.6932851e-02   4.2450000e+03
  -1.3612080e-02   4.2600000e+03
  -8.5612033e-03   4.2750000e+03
  -2.4577645e-03   4.2900000e+03
   4.1698767e-03   4.3050000e+03
   1.0992741e-02   4.3200000e+03
   1.7757440e-02   4.3350000e+03
   2.4136268e-02   4.3500000e+03
   2.9684581e-02   4.3650000e+03
   3.3933479e-02   4.3800000e+03
   3.6547292e-02   4.3950000e+03
   3.7440892e-02   4.4100000e+03
   3.6782168e-02   4.4250000e+03
   3.4879439e-02   4.4400000e+03
   3.2038640e-02   4.4550000e+03
   2.8508088e-02   4.4700000e+03
   2.4555866e-02   4.4850000e+03
   2.0584250e-02   4.5000000e+03
