  -4.3447642e-03   0.0000000e+00
  -4.3444033e-03   1.5000000e+01
  -4.3434803e-03   3.0000000e+01
  -4.3426394e-03   4.5000000e+01
  -4.3429239e-03   6.0000000e+01
  -4.3451735e-03   7.5000000e+01
  -4.3492829e-03   9.0000000e+01
  -4.3544825e-03   1.0500000e+02
  -4.3603354e-03   1.2000000e+02
  -4.3674009e-03   1.3500000e+02
  -4.3768254e-03   1.5000000e+02
  -4.3892232e-03   1.6500000e+02
  -4.4045746e-03   1.8000000e+02
  -4.4229212e-03   1.9500000e+02
  -4.4444567e-03   2.1000000e+02
  -4.4693658e-03   2.2500000e+02
  -4.4976561e-03   2.4000000e+02
  -4.5286482e-03   2.5500000e+02
  -4.5610745e-03   2.7000000e+02
  -4.5940843e-03   2.8500000e+02
  -4.6278811e-03   3.0000000e+02
  -4.6631051e-03   3.1500000e+02
  -4.6997555e-03   3.3000000e+02
  -4.7368240e-03   3.4500000e+02
  -4.7724466e-03   3.6000000e+02
  -4.8042354e-03   3.7500000e+02
  -4.8306743e-03   3.9000000e+02
  -4.8528281e-03   4.0500000e+02
  -4.8728706e-03   4.2000000e+02
  -4.8897984e-03   4.3500000e+02
  -4.8988466e-03   4.5000000e+02
  -4.8965574e-03   4.6500000e+02
  -4.8842384e-03   4.8000000e+02
  -4.8656203e-03   4.9500000e+02
  -4.8434781e-03   5.1000000e+02
  -4.8190709e-03   5.2500000e+02
  -4.7925995e-03   5.4000000e+02
  -4.7629154e-03   5.5500000e+02
  -4.7277175e-03   5.7000000e+02
  -4.6855472e-03   5.8500000e+02
  -4.6369336e-03   6.0000000e+02
  -4.5818137e-03   6.1500000e+02
  -4.5177201e-03   6.3000000e+02
  -4.4429917e-03   6.4500000e+02
  -4.3589398e-03   6.6000000e+02
  -4.2667361e-03   6.7500000e+02
  -4.1655470e-03   6.9000000e+02
  -4.0544556e-03   7.0500000e+02
  -3.9330884e-03   7.2000000e+02
  -3.8005745e-03   7.3500000e+02
  -3.6553137e-03   7.5000000e+02
  -3.4949186e-03   7.6500000e+02
  -3.3164548e-03   7.8000000e+02
  -3.1171921e-03   7.9500000e+02
  -2.8942351e-03   8.1000000e+02
  -2.6438527e-03   8.2500000e+02
  -2.3624494e-03   8.4000000e+02
  -2.0475916e-03   8.5500000e+02
  -1.6971559e-03   8.7000000e+02
  -1.3075622e-03   8.8500000e+02
  -8.7250664e-04   9.0000000e+02
  -3.8317911e-04   9.1500000e+02
   1.6996436e-04   9.3000000e+02
   7.9652818e-04   9.4500000e+02
   1.5077479e-03   9.6000000e+02
   2.3177199e-03   9.7500000e+02
   3.2436871e-03   9.9000000e+02
   4.3065767e-03   1.0050000e+03
   5.5307364e-03   1.0200000e+03
   6.9431751e-03   1.0350000e+03
   8.5741002e-03   1.0500000e+03
   1.0457598e-02   1.0650000e+03
   1.2632527e-02   1.0800000e+03
   1.5146606e-02   1.0950000e+03
   1.8062629e-02   1.1100000e+03
   2.1461787e-02   1.1250000e+03
   2.5441166e-02   1.1400000e+03
   3.0106381e-02   1.1550000e+03
   3.5562534e-02   1.1700000e+03
   4.1907124e-02   1.1850000e+03
   4.9225409e-02   1.2000000e+03
   5.7583790e-02   1.2150000e+03
   6.7016043e-02   1.2300000e+03
   7.7506088e-02   1.2450000e+03
   8.8982031e-02   1.2600000e+03
   1.0133216e-01   1.2750000e+03
   1.1443372e-01   1.2900000e+03
   1.2816936e-01   1.3050000e+03
   1.4241266e-01   1.3200000e+03
   1.5698786e-01   1.3350000e+03
   1.7162745e-01   1.3500000e+03
   1.8595353e-01   1.3650000e+03
   1.9949518e-01   1.3800000e+03
   2.1173818e-01   1.3950000e+03
   2.2219193e-01   1.4100000e+03
   2.3045386e-01   1.4250000e+03
   2.3625323e-01   1.4400000e+03
   2.3946342e-01   1.4550000e+03
   2.4008358e-01   1.4700000e+03
   2.3820344e-01   1.4850000e+03
   2.3397166e-01   1.5000000e+03
   2.2758298e-01   1.5150000e+03
   2.1928312e-01   1.5300000e+03
   2.0937391e-01   1.5450000e+03
   1.9820084e-01   1.5600000e+03
   1.8612084e-01   1.5750000e+03
   1.7346753e-01   1.5900000e+03
   1.6053323e-01   1.6050000e+03
   1.4756857e-01   1.6200000e+03
   1.3478497e-01   1.6350000e+03
   1.2235051e-01   1.6500000e+03
   1.1038901e-01   1.6650000e+03
   9.8993622e-02   1.6800000e+03
   8.8246435e-02   1.6950000e+03
   7.8224644e-02   1.7100000e+03
   6.8992913e-02   1.7250000e+03
   6.0602285e-02   1.7400000e+03
   5.3103089e-02   1.7550000e+03
   4.6552386e-02   1.7700000e+03
   4.0999457e-02   1.7850000e+03
   3.6462113e-02   1.8000000e+03
   3.2919094e-02   1.8150000e+03
   3.0323004e-02   1.8300000e+03
   2.8616611e-02   1.8450000e+03
   2.7737867e-02   1.8600000e+03
   2.7614690e-02   1.8750000e+03
   2.8158184e-02   1.8900000e+03
   2.9260835e-02   1.9050000e+03
   3.0801035e-02   1.9200000e+03
   3.2649700e-02   1.9350000e+03
   3.4672216e-02   1.9500000e+03
   3.6725219e-02   1.9650000e+03
   3.8658291e-02   1.9800000e+03
   4.0330924e-02   1.9950000e+03
   4.1639864e-02   2.0100000e+03
   4.2535856e-02   2.0250000e+03
   4.3014172e-02   2.0400000e+03
   4.3086644e-02   2.0550000e+03
   4.2757981e-02   2.0700000e+03
   4.2018350e-02   2.0850000e+03
   4.0843729e-02   2.1000000e+03
   3.9194334e-02   2.1150000e+03
   3.7018135e-02   2.1300000e+03
   3.4272537e-02   2.1450000e+03
   3.0958390e-02   2.1600000e+03
   2.7139243e-02   2.1750000e+03
   2.2924386e-02   2.1900000e+03
   1.8426627e-02   2.2050000e+03
   1.3730987e-02   2.2200000e+03
   8.8983960e-03   2.2350000e+03
   3.9893896e-03   2.2500000e+03
  -9.2967728e-04   2.2650000e+03
  -5.8125244e-03   2.2800000e+03
  -1.0662556e-02   2.2950000e+03
  -1.5527458e-02   2.3100000e+03
  -2.0457156e-02   2.3250000e+03
  -2.5463585e-02   2.3400000e+03
  -3.0516880e-02   2.3550000e+03
  -3.5573628e-02   2.3700000e+03
  -4.0605862e-02   2.3850000e+03
  -4.5607921e-02   2.4000000e+03
  -5.0583001e-02   2.4150000e+03
  -5.5524793e-02   2.4300000e+03
  -6.0409065e-02   2.4450000e+03
  -6.5201797e-02   2.4600000e+03
  -6.9877222e-02   2.4750000e+03
  -7.4427471e-02   2.4900000e+03
  -7.8850590e-02   2.5050000e+03
  -8.3128281e-02   2.5200000e+03
  -8.7221391e-02   2.5350000e+03
  -9.1095224e-02   2.5500000e+03
  -9.4751298e-02   2.5650000e+03
  -9.8231509e-02   2.5800000e+03
  -1.0158914e-01   2.5950000e+03
  -1.0485521e-01   2.6100000e+03
  -1.0802764e-01   2.6250000e+03
  -1.1107933e-01   2.6400000e+03
  -1.1396322e-01   2.6550000e+03
  -1.1660830e-01   2.6700000e+03
  -1.1892504e-01   2.6850000e+03
  -1.2083380e-01   2.7000000e+03
  -1.2229888e-01   2.7150000e+03
  -1.2333613e-01   2.7300000e+03
  -1.2398494e-01   2.7450000e+03
  -1.2427222e-01   2.7600000e+03
  -1.2420060e-01   2.7750000e+03
  -1.2376256e-01   2.7900000e+03
  -1.2295389e-01   2.8050000e+03
  -1.2176864e-01   2.8200000e+03
  -1.2018687e-01   2.8350000e+03
  -1.1817919e-01   2.8500000e+03
  -1.1573208e-01   2.8650000e+03
  -1.1287235e-01   2.8800000e+03
  -1.0966738e-01   2.8950000e+03
  -1.0620192e-01   2.9100000e+03
  -1.0255381e-01   2.9250000e+03
  -9.8787241e-02   2.9400000e+03
  -9.4959624e-02   2.9550000e+03
  -9.1126420e-02   2.9700000e+03
  -8.7337084e-02   2.9850000e+03
  -8.3629034e-02   3.0000000e+03
  -8.0026105e-02   3.0150000e+03
  -7.6540463e-02   3.0300000e+03
  -7.3176056e-02   3.0450000e+03
  -6.9934636e-02   3.0600000e+03
  -6.6821590e-02   3.0750000e+03
  -6.3844360e-02   3.0900000e+03
  -6.1002649e-02   3.1050000e+03
  -5.8279656e-02   3.1200000e+03
  -5.5644304e-02   3.1350000e+03
  -5.3064659e-02   3.1500000e+03
  -5.0525710e-02   3.1650000e+03
  -4.8042785e-02   3.1800000e+03
  -4.5661289e-02   3.1950000e+03
  -4.3437578e-02   3.2100000e+03
  -4.1408524e-02   3.2250000e+03
  -3.9569329e-02   3.2400000e+03
  -3.7876461e-02   3.2550000e+03
  -3.6274295e-02   3.2700000e+03
  -3.4725197e-02   3.2850000e+03
  -3.3219580e-02   3.3000000e+03
  -3.1758513e-02   3.3150000e+03
  -3.0324830e-02   3.3300000e+03
  -2.8868299e-02   3.3450000e+03
  -2.7317196e-02   3.3600000e+03
  -2.5605174e-02   3.3750000e+03
  -2.3692178e-02   3.3900000e+03
  -2.1567823e-02   3.4050000e+03
  -1.9240903e-02   3.4200000e+03
  -1.6724946e-02   3.4350000e+03
  -1.4028225e-02   3.4500000e+03
  -1.1152644e-02   3.4650000e+03
  -8.1005059e-03   3.4800000e+03
  -4.8809871e-03   3.4950000e+03
  -1.5069253e-03   3.5100000e+03
   2.0174116e-03   3.5250000e+03
   5.7047079e-03   3.5400000e+03
   9.5770033e-03   3.5550000e+03
   1.3644482e-02   3.5700000e+03
   1.7885130e-02   3.5850000e+03
   2.2237144e-02   3.6000000e+03
   2.6604455e-02   3.6150000e+03
   3.0869262e-02   3.6300000e+03
   3.4907337e-02   3.6450000e+03
   3.8603332e-02   3.6600000e+03
   4.1860919e-02   3.6750000e+03
   4.4602729e-02   3.6900000e+03
   4.6763714e-02   3.7050000e+03
   4.8290223e-02   3.7200000e+03
   4.9152497e-02   3.7350000e+03
   4.9361762e-02   3.7500000e+03
   4.8973523e-02   3.7650000e+03
   4.8070043e-02   3.7800000e+03
   4.6736386e-02   3.7950000e+03
   4.5050465e-02   3.8100000e+03
   4.3089986e-02   3.8250000e+03
   4.0939424e-02   3.8400000e+03
   3.8682524e-02   3.8550000e+03
   3.6386572e-02   3.8700000e+03
   3.4096286e-02   3.8850000e+03
   3.1843305e-02   3.9000000e+03
   2.9658992e-02   3.9150000e+03
   2.7578095e-02   3.9300000e+03
   2.5636189e-02   3.9450000e+03
   2.3870761e-02   3.9600000e+03
   2.2324793e-02   3.9750000e+03
   2.1042185e-02   3.9900000e+03
   2.0053137e-02   4.0050000e+03
   1.9362919e-02   4.0200000e+03
   1.8955879e-02   4.0350000e+03
   1.8808885e-02   4.0500000e+03
   1.8898755e-02   4.0650000e+03
   1.9198932e-02   4.0800000e+03
   1.9674707e-02   4.0950000e+03
   2.0283865e-02   4.1100000e+03
   2.0977119e-02   4.1250000e+03
   2.1691302e-02   4.1400000e+03
   2.2341508e-02   4.1550000e+03
   2.2826405e-02   4.1700000e+03
   2.3050424e-02   4.1850000e+03
   2.2949297e-02   4.2000000e+03
   2.2502836e-02   4.2150000e+03
   2.1732168e-02   4.2300000e+03
   2.0690080e-02   4.2450000e+03
   1.9450381e-02   4.2600000e+03
   1.8093850e-02   4.2750000e+03
   1.6689317e-02   4.2900000e+03
   1.5277917e-02   4.3050000e+03
   1.3871834e-02   4.3200000e+03
   1.2468573e-02   4.3350000e+03
   1.1068280e-02   4.3500000e+03
   9.6796714e-03   4.3650000e+03
   8.3109811e-03   4.3800000e+03
   6.9542639e-03   4.3950000e+03
   5.5746380e-03   4.4100000e+03
   4.1113724e-03   4.4250000e+03
   2.4910772e-03   4.4400000e+03
   6.4789620e-04   4.4550000e+03
  -1.4579841e-03   4.4700000e+03
  -3.8319642e-03   4.4850000e+03
  -6.4494014e-03   4.5000000e+03
