   4.8130318e-03   0.0000000e+00
   4.8114443e-03   1.5000000e+01
   4.8066112e-03   3.0000000e+01
   4.7986340e-03   4.5000000e+01
   4.7878651e-03   6.0000000e+01
   4.7745942e-03   7.5000000e+01
   4.7589559e-03   9.0000000e+01
   4.7410307e-03   1.0500000e+02
   4.7207447e-03   1.2000000e+02
   4.6977703e-03   1.3500000e+02
   4.6718656e-03   1.5000000e+02
   4.6431832e-03   1.6500000e+02
   4.6120286e-03   1.8000000e+02
   4.5785243e-03   1.9500000e+02
   4.5425659e-03   2.1000000e+02
   4.5037456e-03   2.2500000e+02
   4.4613988e-03   2.4000000e+02
   4.4148997e-03   2.5500000e+02
   4.3638204e-03   2.7000000e+02
   4.3081208e-03   2.8500000e+02
   4.2484505e-03   3.0000000e+02
   4.1858596e-03   3.1500000e+02
   4.1208351e-03   3.3000000e+02
   4.0528607e-03   3.4500000e+02
   3.9810711e-03   3.6000000e+02
   3.9050241e-03   3.7500000e+02
   3.8246650e-03   3.9000000e+02
   3.7398019e-03   4.0500000e+02
   3.6496746e-03   4.2000000e+02
   3.5529388e-03   4.3500000e+02
   3.4476086e-03   4.5000000e+02
   3.3289373e-03   4.6500000e+02
   3.1844163e-03   4.8000000e+02
   2.9892970e-03   4.9500000e+02
   2.7076572e-03   5.1000000e+02
   2.3039309e-03   5.2500000e+02
   1.7689671e-03   5.4000000e+02
   1.1541618e-03   5.5500000e+02
   5.8596797e-04   5.7000000e+02
   2.2391995e-04   5.8500000e+02
   1.5805539e-04   6.0000000e+02
   3.1109375e-04   6.1500000e+02
   4.5065695e-04   6.3000000e+02
   3.4887734e-04   6.4500000e+02
  -2.7278611e-05   6.6000000e+02
  -4.9188809e-04   6.7500000e+02
  -8.4109191e-04   6.9000000e+02
  -1.0789741e-03   7.0500000e+02
  -1.4002353e-03   7.2000000e+02
  -1.9322112e-03   7.3500000e+02
  -2.5496113e-03   7.5000000e+02
  -3.0009686e-03   7.6500000e+02
  -3.1809886e-03   7.8000000e+02
  -3.1933782e-03   7.9500000e+02
  -3.1580790e-03   8.1000000e+02
  -3.0784747e-03   8.2500000e+02
  -2.9492399e-03   8.4000000e+02
  -2.8723874e-03   8.5500000e+02
  -2.9378224e-03   8.7000000e+02
  -3.0483238e-03   8.8500000e+02
  -3.0082562e-03   9.0000000e+02
  -2.7746619e-03   9.1500000e+02
  -2.4836704e-03   9.3000000e+02
  -2.2210539e-03   9.4500000e+02
  -1.9075021e-03   9.6000000e+02
  -1.4352317e-03   9.7500000e+02
  -7.6700031e-04   9.9000000e+02
   1.5844476e-04   1.0050000e+03
   1.4902223e-03   1.0200000e+03
   3.3745770e-03   1.0350000e+03
   5.9176558e-03   1.0500000e+03
   9.3014790e-03   1.0650000e+03
   1.3843680e-02   1.0800000e+03
   1.9899335e-02   1.0950000e+03
   2.7791847e-02   1.1100000e+03
   3.7875228e-02   1.1250000e+03
   5.0585516e-02   1.1400000e+03
   6.6404983e-02   1.1550000e+03
   8.5861273e-02   1.1700000e+03
   1.0963102e-01   1.1850000e+03
   1.3863282e-01   1.2000000e+03
   1.7398557e-01   1.2150000e+03
   2.1684283e-01   1.2300000e+03
   2.6817241e-01   1.2450000e+03
   3.2848585e-01   1.2600000e+03
   3.9745796e-01   1.2750000e+03
   4.7340393e-01   1.2900000e+03
   5.5266422e-01   1.3050000e+03
   6.2907332e-01   1.3200000e+03
   6.9387794e-01   1.3350000e+03
   7.3660427e-01   1.3500000e+03
   7.4716175e-01   1.3650000e+03
   7.1886444e-01   1.3800000e+03
   6.5138394e-01   1.3950000e+03
   5.5232334e-01   1.4100000e+03
   4.3629992e-01   1.4250000e+03
   3.2123321e-01   1.4400000e+03
   2.2285855e-01   1.4550000e+03
   1.4971635e-01   1.4700000e+03
   1.0108326e-01   1.4850000e+03
   6.9019273e-02   1.5000000e+03
   4.3427680e-02   1.5150000e+03
   1.7163360e-02   1.5300000e+03
  -1.1768898e-02   1.5450000e+03
  -4.1720036e-02   1.5600000e+03
  -7.0618130e-02   1.5750000e+03
  -9.7881190e-02   1.5900000e+03
  -1.2369467e-01   1.6050000e+03
  -1.4715998e-01   1.6200000e+03
  -1.6594954e-01   1.6350000e+03
  -1.7829782e-01   1.6500000e+03
  -1.8527070e-01   1.6650000e+03
  -1.9050334e-01   1.6800000e+03
  -1.9709091e-01   1.6950000e+03
  -2.0455422e-01   1.7100000e+03
  -2.0913942e-01   1.7250000e+03
  -2.0744833e-01   1.7400000e+03
  -1.9986680e-01   1.7550000e+03
  -1.9035722e-01   1.7700000e+03
  -1.8296121e-01   1.7850000e+03
  -1.7875671e-01   1.8000000e+03
  -1.7628281e-01   1.8150000e+03
  -1.7446303e-01   1.8300000e+03
  -1.7439884e-01   1.8450000e+03
  -1.7803432e-01   1.8600000e+03
  -1.8548489e-01   1.8750000e+03
  -1.9420096e-01   1.8900000e+03
  -2.0071511e-01   1.9050000e+03
  -2.0282902e-01   1.9200000e+03
  -2.0021677e-01   1.9350000e+03
  -1.9372249e-01   1.9500000e+03
  -1.8469644e-01   1.9650000e+03
  -1.7464402e-01   1.9800000e+03
  -1.6462684e-01   1.9950000e+03
  -1.5461503e-01   2.0100000e+03
  -1.4365613e-01   2.0250000e+03
  -1.3084626e-01   2.0400000e+03
  -1.1605210e-01   2.0550000e+03
  -9.9815585e-02   2.0700000e+03
  -8.2962655e-02   2.0850000e+03
  -6.6411354e-02   2.1000000e+03
  -5.0961368e-02   2.1150000e+03
  -3.6926206e-02   2.1300000e+03
  -2.4094261e-02   2.1450000e+03
  -1.2293446e-02   2.1600000e+03
  -1.9238506e-03   2.1750000e+03
   6.2677567e-03   2.1900000e+03
   1.1905238e-02   2.2050000e+03
   1.5334633e-02   2.2200000e+03
   1.7351823e-02   2.2350000e+03
   1.8778400e-02   2.2500000e+03
   2.0237986e-02   2.2650000e+03
   2.2059031e-02   2.2800000e+03
   2.4248147e-02   2.2950000e+03
   2.6623202e-02   2.3100000e+03
   2.9023971e-02   2.3250000e+03
   3.1366415e-02   2.3400000e+03
   3.3501148e-02   2.3550000e+03
   3.5073992e-02   2.3700000e+03
   3.5569437e-02   2.3850000e+03
   3.4550570e-02   2.4000000e+03
   3.1948764e-02   2.4150000e+03
   2.8194122e-02   2.4300000e+03
   2.4100365e-02   2.4450000e+03
   2.0611648e-02   2.4600000e+03
   1.8551836e-02   2.4750000e+03
   1.8428493e-02   2.4900000e+03
   2.0321550e-02   2.5050000e+03
   2.3886271e-02   2.5200000e+03
   2.8427811e-02   2.5350000e+03
   3.2993466e-02   2.5500000e+03
   3.6532581e-02   2.5650000e+03
   3.8176473e-02   2.5800000e+03
   3.7529565e-02   2.5950000e+03
   3.4794684e-02   2.6100000e+03
   3.0672954e-02   2.6250000e+03
   2.6075223e-02   2.6400000e+03
   2.1713924e-02   2.6550000e+03
   1.7755436e-02   2.6700000e+03
   1.3789520e-02   2.6850000e+03
   9.1771418e-03   2.7000000e+03
   3.5282646e-03   2.7150000e+03
  -3.0045856e-03   2.7300000e+03
  -9.7488351e-03   2.7450000e+03
  -1.5792565e-02   2.7600000e+03
  -2.0348938e-02   2.7750000e+03
  -2.2989800e-02   2.7900000e+03
  -2.3645962e-02   2.8050000e+03
  -2.2476647e-02   2.8200000e+03
  -1.9777281e-02   2.8350000e+03
  -1.5959308e-02   2.8500000e+03
  -1.1505051e-02   2.8650000e+03
  -6.8430128e-03   2.8800000e+03
  -2.2274069e-03   2.8950000e+03
   2.2457426e-03   2.9100000e+03
   6.4727026e-03   2.9250000e+03
   1.0186042e-02   2.9400000e+03
   1.2989061e-02   2.9550000e+03
   1.4568762e-02   2.9700000e+03
   1.4871732e-02   2.9850000e+03
   1.4062583e-02   3.0000000e+03
   1.2328921e-02   3.0150000e+03
   9.7559085e-03   3.0300000e+03
   6.3822386e-03   3.0450000e+03
   2.3252559e-03   3.0600000e+03
  -2.1910949e-03   3.0750000e+03
  -6.9149449e-03   3.0900000e+03
  -1.1622994e-02   3.1050000e+03
  -1.6081575e-02   3.1200000e+03
  -1.9986106e-02   3.1350000e+03
  -2.2983316e-02   3.1500000e+03
  -2.4772042e-02   3.1650000e+03
  -2.5191309e-02   3.1800000e+03
  -2.4240764e-02   3.1950000e+03
  -2.2063695e-02   3.2100000e+03
  -1.8936515e-02   3.2250000e+03
  -1.5250536e-02   3.2400000e+03
  -1.1445845e-02   3.2550000e+03
  -7.9132495e-03   3.2700000e+03
  -4.9343067e-03   3.2850000e+03
  -2.6890126e-03   3.3000000e+03
  -1.2774317e-03   3.3150000e+03
  -7.0384523e-04   3.3300000e+03
  -8.5913454e-04   3.3450000e+03
  -1.5689790e-03   3.3600000e+03
  -2.6919325e-03   3.3750000e+03
  -4.1759992e-03   3.3900000e+03
  -6.0299067e-03   3.4050000e+03
  -8.2627432e-03   3.4200000e+03
  -1.0853738e-02   3.4350000e+03
  -1.3743372e-02   3.4500000e+03
  -1.6812108e-02   3.4650000e+03
  -1.9863309e-02   3.4800000e+03
  -2.2654191e-02   3.4950000e+03
  -2.4969706e-02   3.5100000e+03
  -2.6681997e-02   3.5250000e+03
  -2.7757946e-02   3.5400000e+03
  -2.8236361e-02   3.5550000e+03
  -2.8213052e-02   3.5700000e+03
  -2.7835211e-02   3.5850000e+03
  -2.7278151e-02   3.6000000e+03
  -2.6700495e-02   3.6150000e+03
  -2.6212363e-02   3.6300000e+03
  -2.5883909e-02   3.6450000e+03
  -2.5772817e-02   3.6600000e+03
  -2.5927465e-02   3.6750000e+03
  -2.6359018e-02   3.6900000e+03
  -2.7017016e-02   3.7050000e+03
  -2.7792566e-02   3.7200000e+03
  -2.8537346e-02   3.7350000e+03
  -2.9082831e-02   3.7500000e+03
  -2.9266883e-02   3.7650000e+03
  -2.8973669e-02   3.7800000e+03
  -2.8164800e-02   3.7950000e+03
  -2.6872814e-02   3.8100000e+03
  -2.5159400e-02   3.8250000e+03
  -2.3069639e-02   3.8400000e+03
  -2.0607151e-02   3.8550000e+03
  -1.7731691e-02   3.8700000e+03
  -1.4371621e-02   3.8850000e+03
  -1.0448305e-02   3.9000000e+03
  -5.9081828e-03   3.9150000e+03
  -7.5161748e-04   3.9300000e+03
   4.9497555e-03   3.9450000e+03
   1.1044460e-02   3.9600000e+03
   1.7298575e-02   3.9750000e+03
   2.3408851e-02   3.9900000e+03
   2.9041931e-02   4.0050000e+03
   3.3887535e-02   4.0200000e+03
   3.7696369e-02   4.0350000e+03
   4.0290918e-02   4.0500000e+03
   4.1568492e-02   4.0650000e+03
   4.1516881e-02   4.0800000e+03
   4.0232904e-02   4.0950000e+03
   3.7918273e-02   4.1100000e+03
   3.4848377e-02   4.1250000e+03
   3.1335752e-02   4.1400000e+03
   2.7704654e-02   4.1550000e+03
   2.4267506e-02   4.1700000e+03
   2.1286774e-02   4.1850000e+03
   1.8925747e-02   4.2000000e+03
   1.7210517e-02   4.2150000e+03
   1.6021084e-02   4.2300000e+03
   1.5111648e-02   4.2450000e+03
   1.4151089e-02   4.2600000e+03
   1.2777194e-02   4.2750000e+03
   1.0659156e-02   4.2900000e+03
   7.5562391e-03   4.3050000e+03
   3.3561089e-03   4.3200000e+03
  -1.9172708e-03   4.3350000e+03
  -8.1234267e-03   4.3500000e+03
  -1.5039723e-02   4.3650000e+03
  -2.2393167e-02   4.3800000e+03
  -2.9877538e-02   4.3950000e+03
  -3.7158385e-02   4.4100000e+03
  -4.3881997e-02   4.4250000e+03
  -4.9700141e-02   4.4400000e+03
  -5.4303162e-02   4.4550000e+03
  -5.7445690e-02   4.4700000e+03
  -5.8961641e-02   4.4850000e+03
  -5.8776826e-02   4.5000000e+03
