  -1.4602115e-03   0.0000000e+00
  -1.4602125e-03   1.5000000e+01
  -1.4602377e-03   3.0000000e+01
  -1.4603144e-03   4.5000000e+01
  -1.4604180e-03   6.0000000e+01
  -1.4604697e-03   7.5000000e+01
  -1.4604246e-03   9.0000000e+01
  -1.4603449e-03   1.0500000e+02
  -1.4603788e-03   1.2000000e+02
  -1.4606237e-03   1.3500000e+02
  -1.4609640e-03   1.5000000e+02
  -1.4609472e-03   1.6500000e+02
  -1.4594817e-03   1.8000000e+02
  -1.4531880e-03   1.9500000e+02
  -1.4321157e-03   2.1000000e+02
  -1.3751190e-03   2.2500000e+02
  -1.2544534e-03   2.4000000e+02
  -1.0605740e-03   2.5500000e+02
  -8.3721126e-04   2.7000000e+02
  -6.8235985e-04   2.8500000e+02
  -6.7787577e-04   3.0000000e+02
  -7.9523149e-04   3.1500000e+02
  -8.9917710e-04   3.3000000e+02
  -8.8648195e-04   3.4500000e+02
  -8.0448325e-04   3.6000000e+02
  -7.7897683e-04   3.7500000e+02
  -8.3806709e-04   3.9000000e+02
  -8.8639592e-04   4.0500000e+02
  -8.6196593e-04   4.2000000e+02
  -8.2291925e-04   4.3500000e+02
  -8.3689485e-04   4.5000000e+02
  -8.7372964e-04   4.6500000e+02
  -8.7427296e-04   4.8000000e+02
  -8.5350301e-04   4.9500000e+02
  -8.5950369e-04   5.1000000e+02
  -8.8463433e-04   5.2500000e+02
  -8.9039578e-04   5.4000000e+02
  -8.8001054e-04   5.5500000e+02
  -8.8318385e-04   5.7000000e+02
  -8.9849165e-04   5.8500000e+02
  -9.0301927e-04   6.0000000e+02
  -8.9797651e-04   6.1500000e+02
  -9.0177864e-04   6.3000000e+02
  -9.1336371e-04   6.4500000e+02
  -9.1823412e-04   6.6000000e+02
  -9.1723842e-04   6.7500000e+02
  -9.1942545e-04   6.9000000e+02
  -9.1973413e-04   7.0500000e+02
  -9.0692705e-04   7.2000000e+02
  -8.8031439e-04   7.3500000e+02
  -8.4352214e-04   7.5000000e+02
  -7.9684949e-04   7.6500000e+02
  -7.4841955e-04   7.8000000e+02
  -7.2074326e-04   7.9500000e+02
  -7.3496893e-04   8.1000000e+02
  -7.9182984e-04   8.2500000e+02
  -8.6841494e-04   8.4000000e+02
  -9.2854409e-04   8.5500000e+02
  -9.4337354e-04   8.7000000e+02
  -9.1636227e-04   8.8500000e+02
  -8.8700181e-04   9.0000000e+02
  -8.9584454e-04   9.1500000e+02
  -9.4183005e-04   9.3000000e+02
  -9.8371133e-04   9.4500000e+02
  -9.8835642e-04   9.6000000e+02
  -9.6889387e-04   9.7500000e+02
  -9.6554687e-04   9.9000000e+02
  -9.9379465e-04   1.0050000e+03
  -1.0268936e-03   1.0200000e+03
  -1.0348738e-03   1.0350000e+03
  -1.0250923e-03   1.0500000e+03
  -1.0273539e-03   1.0650000e+03
  -1.0480882e-03   1.0800000e+03
  -1.0640911e-03   1.0950000e+03
  -1.0626388e-03   1.1100000e+03
  -1.0612415e-03   1.1250000e+03
  -1.0767180e-03   1.1400000e+03
  -1.0981917e-03   1.1550000e+03
  -1.1085186e-03   1.1700000e+03
  -1.1140929e-03   1.1850000e+03
  -1.1321234e-03   1.2000000e+03
  -1.1613828e-03   1.2150000e+03
  -1.1875824e-03   1.2300000e+03
  -1.2088009e-03   1.2450000e+03
  -1.2341003e-03   1.2600000e+03
  -1.2626707e-03   1.2750000e+03
  -1.2844733e-03   1.2900000e+03
  -1.2985375e-03   1.3050000e+03
  -1.3134341e-03   1.3200000e+03
  -1.3318004e-03   1.3350000e+03
  -1.3491411e-03   1.3500000e+03
  -1.3656438e-03   1.3650000e+03
  -1.3860969e-03   1.3800000e+03
  -1.4101793e-03   1.3950000e+03
  -1.4337680e-03   1.4100000e+03
  -1.4573917e-03   1.4250000e+03
  -1.4841837e-03   1.4400000e+03
  -1.5122918e-03   1.4550000e+03
  -1.5369839e-03   1.4700000e+03
  -1.5575351e-03   1.4850000e+03
  -1.5764730e-03   1.5000000e+03
  -1.5955408e-03   1.5150000e+03
  -1.6164241e-03   1.5300000e+03
  -1.6412985e-03   1.5450000e+03
  -1.6695027e-03   1.5600000e+03
  -1.6975765e-03   1.5750000e+03
  -1.7244339e-03   1.5900000e+03
  -1.7526620e-03   1.6050000e+03
  -1.7839833e-03   1.6200000e+03
  -1.8173235e-03   1.6350000e+03
  -1.8516059e-03   1.6500000e+03
  -1.8869133e-03   1.6650000e+03
  -1.9227841e-03   1.6800000e+03
  -1.9582449e-03   1.6950000e+03
  -1.9936759e-03   1.7100000e+03
  -2.0308858e-03   1.7250000e+03
  -2.0712139e-03   1.7400000e+03
  -2.1139751e-03   1.7550000e+03
  -2.1563277e-03   1.7700000e+03
  -2.1951152e-03   1.7850000e+03
  -2.2298461e-03   1.8000000e+03
  -2.2632442e-03   1.8150000e+03
  -2.2979786e-03   1.8300000e+03
  -2.3341051e-03   1.8450000e+03
  -2.3707608e-03   1.8600000e+03
  -2.4085520e-03   1.8750000e+03
  -2.4486489e-03   1.8900000e+03
  -2.4908527e-03   1.9050000e+03
  -2.5341504e-03   1.9200000e+03
  -2.5782427e-03   1.9350000e+03
  -2.6232677e-03   1.9500000e+03
  -2.6689912e-03   1.9650000e+03
  -2.7155818e-03   1.9800000e+03
  -2.7645750e-03   1.9950000e+03
  -2.8177814e-03   2.0100000e+03
  -2.8754079e-03   2.0250000e+03
  -2.9362109e-03   2.0400000e+03
  -2.9994741e-03   2.0550000e+03
  -3.0658958e-03   2.0700000e+03
  -3.1362511e-03   2.0850000e+03
  -3.2099118e-03   2.1000000e+03
  -3.2850625e-03   2.1150000e+03
  -3.3600561e-03   2.1300000e+03
  -3.4343642e-03   2.1450000e+03
  -3.5088614e-03   2.1600000e+03
  -3.5856331e-03   2.1750000e+03
  -3.6669520e-03   2.1900000e+03
  -3.7538093e-03   2.2050000e+03
  -3.8456600e-03   2.2200000e+03
  -3.9415867e-03   2.2350000e+03
  -4.0409714e-03   2.2500000e+03
  -4.1428548e-03   2.2650000e+03
  -4.2458773e-03   2.2800000e+03
  -4.3496490e-03   2.2950000e+03
  -4.4554053e-03   2.3100000e+03
  -4.5646327e-03   2.3250000e+03
  -4.6776026e-03   2.3400000e+03
  -4.7938135e-03   2.3550000e+03
  -4.9131997e-03   2.3700000e+03
  -5.0361818e-03   2.3850000e+03
  -5.1629771e-03   2.4000000e+03
  -5.2938624e-03   2.4150000e+03
  -5.4299869e-03   2.4300000e+03
  -5.5726236e-03   2.4450000e+03
  -5.7204184e-03   2.4600000e+03
  -5.8668200e-03   2.4750000e+03
  -6.0000755e-03   2.4900000e+03
  -6.1055841e-03   2.5050000e+03
  -6.1675357e-03   2.5200000e+03
  -6.1662039e-03   2.5350000e+03
  -6.0694991e-03   2.5500000e+03
  -5.8205863e-03   2.5650000e+03
  -5.3242813e-03   2.5800000e+03
  -4.4324533e-03   2.5950000e+03
  -2.9259333e-03   2.6100000e+03
  -4.9067382e-04   2.6250000e+03
   3.3096429e-03   2.6400000e+03
   9.0545118e-03   2.6550000e+03
   1.7461905e-02   2.6700000e+03
   2.9332856e-02   2.6850000e+03
   4.5422483e-02   2.7000000e+03
   6.6227056e-02   2.7150000e+03
   9.1699705e-02   2.7300000e+03
   1.2094312e-01   2.7450000e+03
   1.5197524e-01   2.7600000e+03
   1.8170594e-01   2.7750000e+03
   2.0626502e-01   2.7900000e+03
   2.2174552e-01   2.8050000e+03
   2.2526394e-01   2.8200000e+03
   2.1603152e-01   2.8350000e+03
   1.9597757e-01   2.8500000e+03
   1.6948120e-01   2.8650000e+03
   1.4203095e-01   2.8800000e+03
   1.1810146e-01   2.8950000e+03
   9.9033691e-02   2.9100000e+03
   8.1946909e-02   2.9250000e+03
   6.0466807e-02   2.9400000e+03
   2.7314728e-02   2.9550000e+03
  -2.2133179e-02   2.9700000e+03
  -8.6841188e-02   2.9850000e+03
  -1.5910725e-01   3.0000000e+03
  -2.2617300e-01   3.0150000e+03
  -2.7391604e-01   3.0300000e+03
  -2.9122084e-01   3.0450000e+03
  -2.7345082e-01   3.0600000e+03
  -2.2392939e-01   3.0750000e+03
  -1.5310869e-01   3.0900000e+03
  -7.5783364e-02   3.1050000e+03
  -7.1607744e-03   3.1200000e+03
   4.1125841e-02   3.1350000e+03
   6.3882701e-02   3.1500000e+03
   6.3161239e-02   3.1650000e+03
   4.6735477e-02   3.1800000e+03
   2.4873096e-02   3.1950000e+03
   6.6696769e-03   3.2100000e+03
  -2.7391866e-03   3.2250000e+03
  -3.2718496e-03   3.2400000e+03
   8.5083995e-04   3.2550000e+03
   3.3324154e-03   3.2700000e+03
  -1.2268161e-03   3.2850000e+03
  -1.4627269e-02   3.3000000e+03
  -3.3756506e-02   3.3150000e+03
  -5.1429875e-02   3.3300000e+03
  -5.9258077e-02   3.3450000e+03
  -5.1350594e-02   3.3600000e+03
  -2.7067043e-02   3.3750000e+03
   8.6397910e-03   3.3900000e+03
   4.7524791e-02   3.4050000e+03
   8.1704050e-02   3.4200000e+03
   1.0646153e-01   3.4350000e+03
   1.2050759e-01   3.4500000e+03
   1.2385633e-01   3.4650000e+03
   1.1549388e-01   3.4800000e+03
   9.3395449e-02   3.4950000e+03
   5.7492375e-02   3.5100000e+03
   1.3237536e-02   3.5250000e+03
  -2.7946463e-02   3.5400000e+03
  -5.3249784e-02   3.5550000e+03
  -5.6067292e-02   3.5700000e+03
  -4.1515488e-02   3.5850000e+03
  -2.5224686e-02   3.6000000e+03
  -2.4857478e-02   3.6150000e+03
  -4.8999216e-02   3.6300000e+03
  -9.0666771e-02   3.6450000e+03
  -1.3040394e-01   3.6600000e+03
  -1.4777373e-01   3.6750000e+03
  -1.3407016e-01   3.6900000e+03
  -9.7702615e-02   3.7050000e+03
  -5.8376968e-02   3.7200000e+03
  -3.3883911e-02   3.7350000e+03
  -2.8518805e-02   3.7500000e+03
  -3.1003797e-02   3.7650000e+03
  -2.2987245e-02   3.7800000e+03
   8.2364883e-03   3.7950000e+03
   6.1607074e-02   3.8100000e+03
   1.2336430e-01   3.8250000e+03
   1.7474526e-01   3.8400000e+03
   1.9988509e-01   3.8550000e+03
   1.8977143e-01   3.8700000e+03
   1.4328745e-01   3.8850000e+03
   6.8472885e-02   3.9000000e+03
  -1.6044155e-02   3.9150000e+03
  -8.3663605e-02   3.9300000e+03
  -1.0976308e-01   3.9450000e+03
  -8.5519880e-02   3.9600000e+03
  -2.5954263e-02   3.9750000e+03
   3.5891421e-02   3.9900000e+03
   6.7154661e-02   4.0050000e+03
   5.4370534e-02   4.0200000e+03
   1.0723074e-02   4.0350000e+03
  -3.3461861e-02   4.0500000e+03
  -5.0329126e-02   4.0650000e+03
  -3.1332977e-02   4.0800000e+03
   8.9712916e-03   4.0950000e+03
   4.3770481e-02   4.1100000e+03
   5.2052449e-02   4.1250000e+03
   3.2109898e-02   4.1400000e+03
   1.4574557e-03   4.1550000e+03
  -1.6976142e-02   4.1700000e+03
  -1.2471163e-02   4.1850000e+03
   5.7029659e-03   4.2000000e+03
   1.7013710e-02   4.2150000e+03
   7.9579167e-03   4.2300000e+03
  -1.5831510e-02   4.2450000e+03
  -3.4540810e-02   4.2600000e+03
  -3.1804133e-02   4.2750000e+03
  -8.9619467e-03   4.2900000e+03
   1.6721597e-02   4.3050000e+03
   2.7322508e-02   4.3200000e+03
   1.8409954e-02   4.3350000e+03
   1.0654285e-04   4.3500000e+03
  -1.3549612e-02   4.3650000e+03
  -1.5636967e-02   4.3800000e+03
  -8.8928454e-03   4.3950000e+03
  -6.3827209e-04   4.4100000e+03
   3.2162967e-03   4.4250000e+03
   7.6464022e-04   4.4400000e+03
  -6.0868193e-03   4.4550000e+03
  -1.2850546e-02   4.4700000e+03
  -1.4762377e-02   4.4850000e+03
  -1.0036072e-02   4.5000000e+03
