   8.9202672e-03   0.0000000e+00
   8.9195212e-03   1.5000000e+01
   8.9168483e-03   3.0000000e+01
   8.9122504e-03   4.5000000e+01
   8.9067901e-03   6.0000000e+01
   8.9013800e-03   7.5000000e+01
   8.8965660e-03   9.0000000e+01
   8.8931592e-03   1.0500000e+02
   8.8914530e-03   1.2000000e+02
   8.8904519e-03   1.3500000e+02
   8.8892542e-03   1.5000000e+02
   8.8882484e-03   1.6500000e+02
   8.8879997e-03   1.8000000e+02
   8.8883135e-03   1.9500000e+02
   8.8885119e-03   2.1000000e+02
   8.8871811e-03   2.2500000e+02
   8.8823102e-03   2.4000000e+02
   8.8725239e-03   2.5500000e+02
   8.8575836e-03   2.7000000e+02
   8.8385222e-03   2.8500000e+02
   8.8183219e-03   3.0000000e+02
   8.8009471e-03   3.1500000e+02
   8.7881675e-03   3.3000000e+02
   8.7777274e-03   3.4500000e+02
   8.7656500e-03   3.6000000e+02
   8.7502971e-03   3.7500000e+02
   8.7332502e-03   3.9000000e+02
   8.7159062e-03   4.0500000e+02
   8.6957701e-03   4.2000000e+02
   8.6673545e-03   4.3500000e+02
   8.6264620e-03   4.5000000e+02
   8.5693598e-03   4.6500000e+02
   8.4838364e-03   4.8000000e+02
   8.3405310e-03   4.9500000e+02
   8.0932658e-03   5.1000000e+02
   7.6942211e-03   5.2500000e+02
   7.1289279e-03   5.4000000e+02
   6.4616399e-03   5.5500000e+02
   5.8551054e-03   5.7000000e+02
   5.5167270e-03   5.8500000e+02
   5.5631050e-03   6.0000000e+02
   5.8902977e-03   6.1500000e+02
   6.1922879e-03   6.3000000e+02
   6.1721653e-03   6.4500000e+02
   5.7879095e-03   6.6000000e+02
   5.2800234e-03   6.7500000e+02
   4.9072779e-03   6.9000000e+02
   4.6506012e-03   7.0500000e+02
   4.2395061e-03   7.2000000e+02
   3.5000569e-03   7.3500000e+02
   2.6056010e-03   7.5000000e+02
   1.9100541e-03   7.6500000e+02
   1.5831235e-03   7.8000000e+02
   1.5166638e-03   7.9500000e+02
   1.5643704e-03   8.1000000e+02
   1.7065795e-03   8.2500000e+02
   1.9082691e-03   8.4000000e+02
   1.9724707e-03   8.5500000e+02
   1.7050473e-03   8.7000000e+02
   1.1548232e-03   8.8500000e+02
   4.9648527e-04   9.0000000e+02
  -3.4818141e-04   9.1500000e+02
  -1.8733395e-03   9.3000000e+02
  -4.8785955e-03   9.4500000e+02
  -1.0482963e-02   9.6000000e+02
  -2.0213926e-02   9.7500000e+02
  -3.5291422e-02   9.9000000e+02
  -5.4221638e-02   1.0050000e+03
  -6.8996862e-02   1.0200000e+03
  -6.2496815e-02   1.0350000e+03
  -1.2881535e-02   1.0500000e+03
   8.8207491e-02   1.0650000e+03
   2.0500803e-01   1.0800000e+03
   2.3656186e-01   1.0950000e+03
   4.6273798e-02   1.1100000e+03
  -4.3181494e-01   1.1250000e+03
  -1.0550704e+00   1.1400000e+03
  -1.4372541e+00   1.1550000e+03
  -1.1498126e+00   1.1700000e+03
  -1.1159236e-01   1.1850000e+03
   1.1510849e+00   1.2000000e+03
   1.7492274e+00   1.2150000e+03
   1.1641999e+00   1.2300000e+03
  -1.5090680e-01   1.2450000e+03
  -1.0408615e+00   1.2600000e+03
  -7.4802589e-01   1.2750000e+03
   2.3974743e-01   1.2900000e+03
   6.7207080e-01   1.3050000e+03
   2.9029127e-03   1.3200000e+03
  -8.6193877e-01   1.3350000e+03
  -6.2837493e-01   1.3500000e+03
   6.5961373e-01   1.3650000e+03
   1.4808240e+00   1.3800000e+03
   7.0237321e-01   1.3950000e+03
  -8.4971195e-01   1.4100000e+03
  -1.2998159e+00   1.4250000e+03
  -1.0722985e-01   1.4400000e+03
   1.1895461e+00   1.4550000e+03
   9.3689311e-01   1.4700000e+03
  -5.1910830e-01   1.4850000e+03
  -1.3492239e+00   1.5000000e+03
  -6.1908358e-01   1.5150000e+03
   6.5945792e-01   1.5300000e+03
   1.0174817e+00   1.5450000e+03
   3.4695041e-01   1.5600000e+03
  -2.9812187e-01   1.5750000e+03
  -2.7911901e-01   1.5900000e+03
  -1.2097026e-02   1.6050000e+03
  -6.1062407e-02   1.6200000e+03
  -2.9068008e-01   1.6350000e+03
  -2.4520181e-01   1.6500000e+03
   8.0249332e-02   1.6650000e+03
   3.0067703e-01   1.6800000e+03
   2.5260466e-01   1.6950000e+03
   1.0727403e-01   1.7100000e+03
  -2.3788806e-02   1.7250000e+03
  -1.7782480e-01   1.7400000e+03
  -2.7121425e-01   1.7550000e+03
  -1.4935179e-01   1.7700000e+03
   8.0709867e-02   1.7850000e+03
   1.4710662e-01   1.8000000e+03
   4.5814283e-02   1.8150000e+03
  -2.3585877e-03   1.8300000e+03
   1.4661937e-02   1.8450000e+03
  -6.0791034e-02   1.8600000e+03
  -1.4519882e-01   1.8750000e+03
  -2.3604510e-02   1.8900000e+03
   1.8217699e-01   1.9050000e+03
   1.5086018e-01   1.9200000e+03
  -7.9175062e-02   1.9350000e+03
  -1.6872133e-01   1.9500000e+03
  -4.2175956e-02   1.9650000e+03
   6.2261015e-02   1.9800000e+03
   4.3316826e-02   1.9950000e+03
   1.6530488e-02   2.0100000e+03
   1.3671049e-02   2.0250000e+03
  -3.0123794e-02   2.0400000e+03
  -6.8911217e-02   2.0550000e+03
  -2.0906223e-02   2.0700000e+03
   4.6664380e-02   2.0850000e+03
   2.8666025e-02   2.1000000e+03
  -3.3696752e-02   2.1150000e+03
  -4.3513548e-02   2.1300000e+03
  -1.1814244e-02   2.1450000e+03
   9.2361937e-04   2.1600000e+03
   6.4110160e-03   2.1750000e+03
   3.3166498e-02   2.1900000e+03
   4.5402400e-02   2.2050000e+03
   2.3671523e-02   2.2200000e+03
   1.6159685e-02   2.2350000e+03
   3.3072557e-02   2.2500000e+03
   2.7171392e-02   2.2650000e+03
   2.8266110e-03   2.2800000e+03
  -5.9814206e-03   2.2950000e+03
  -2.1933241e-02   2.3100000e+03
  -5.6154713e-02   2.3250000e+03
  -5.4594580e-02   2.3400000e+03
   1.6645343e-03   2.3550000e+03
   6.2468771e-02   2.3700000e+03
   9.8670520e-02   2.3850000e+03
   1.1742771e-01   2.4000000e+03
   1.0737735e-01   2.4150000e+03
   4.7464870e-02   2.4300000e+03
  -5.3195037e-02   2.4450000e+03
  -1.5334943e-01   2.4600000e+03
  -1.9871148e-01   2.4750000e+03
  -1.5240695e-01   2.4900000e+03
  -2.7990375e-02   2.5050000e+03
   1.1188269e-01   2.5200000e+03
   1.9169472e-01   2.5350000e+03
   1.6566961e-01   2.5500000e+03
   5.0640743e-02   2.5650000e+03
  -7.8405797e-02   2.5800000e+03
  -1.4236590e-01   2.5950000e+03
  -1.1316457e-01   2.6100000e+03
  -2.4413206e-02   2.6250000e+03
   5.6572821e-02   2.6400000e+03
   7.6296717e-02   2.6550000e+03
   3.4214832e-02   2.6700000e+03
  -2.3243239e-02   2.6850000e+03
  -4.7748685e-02   2.7000000e+03
  -2.7407048e-02   2.7150000e+03
   1.0691409e-02   2.7300000e+03
   3.0417962e-02   2.7450000e+03
   2.0785689e-02   2.7600000e+03
  -5.0793315e-04   2.7750000e+03
  -1.3627629e-02   2.7900000e+03
  -1.6712219e-02   2.8050000e+03
  -1.8710099e-02   2.8200000e+03
  -2.1653065e-02   2.8350000e+03
  -1.7243259e-02   2.8500000e+03
   4.7111177e-04   2.8650000e+03
   2.4790218e-02   2.8800000e+03
   4.0270895e-02   2.8950000e+03
   3.4975443e-02   2.9100000e+03
   1.0107774e-02   2.9250000e+03
  -1.9657906e-02   2.9400000e+03
  -3.6130726e-02   2.9550000e+03
  -3.1218207e-02   2.9700000e+03
  -1.3273889e-02   2.9850000e+03
   4.9374596e-04   3.0000000e+03
   5.0583330e-04   3.0150000e+03
  -6.3080201e-03   3.0300000e+03
  -6.4478135e-03   3.0450000e+03
   3.2759530e-03   3.0600000e+03
   1.3669443e-02   3.0750000e+03
   1.6647011e-02   3.0900000e+03
   1.4040636e-02   3.1050000e+03
   1.1352020e-02   3.1200000e+03
   8.5845338e-03   3.1350000e+03
   1.7068783e-03   3.1500000e+03
  -9.1202660e-03   3.1650000e+03
  -1.7315008e-02   3.1800000e+03
  -1.6658338e-02   3.1950000e+03
  -7.9418812e-03   3.2100000e+03
   2.2848966e-03   3.2250000e+03
   8.0896802e-03   3.2400000e+03
   8.0365445e-03   3.2550000e+03
   4.1108448e-03   3.2700000e+03
  -7.6247804e-04   3.2850000e+03
  -3.8006068e-03   3.3000000e+03
  -3.1479720e-03   3.3150000e+03
   6.9319550e-04   3.3300000e+03
   5.0125387e-03   3.3450000e+03
   7.8293309e-03   3.3600000e+03
   9.9111320e-03   3.3750000e+03
   1.2445245e-02   3.3900000e+03
   1.3842840e-02   3.4050000e+03
   1.1277227e-02   3.4200000e+03
   5.1048398e-03   3.4350000e+03
  -5.9598160e-04   3.4500000e+03
  -2.0852061e-03   3.4650000e+03
   1.1625446e-03   3.4800000e+03
   7.1801958e-03   3.4950000e+03
   1.2817333e-02   3.5100000e+03
   1.4593622e-02   3.5250000e+03
   1.0987439e-02   3.5400000e+03
   4.6166908e-03   3.5550000e+03
   3.2296480e-04   3.5700000e+03
   4.5520486e-04   3.5850000e+03
   3.1884641e-03   3.6000000e+03
   5.3881193e-03   3.6150000e+03
   5.5924114e-03   3.6300000e+03
   4.0831240e-03   3.6450000e+03
   1.5993158e-03   3.6600000e+03
  -1.3094886e-03   3.6750000e+03
  -4.3144696e-03   3.6900000e+03
  -7.0539988e-03   3.7050000e+03
  -8.7110298e-03   3.7200000e+03
  -8.2320571e-03   3.7350000e+03
  -5.5215699e-03   3.7500000e+03
  -2.1615701e-03   3.7650000e+03
  -3.0954243e-04   3.7800000e+03
  -7.7259372e-04   3.7950000e+03
  -2.3759317e-03   3.8100000e+03
  -3.2011541e-03   3.8250000e+03
  -2.2850796e-03   3.8400000e+03
  -4.8417722e-05   3.8550000e+03
   2.8348030e-03   3.8700000e+03
   6.5539433e-03   3.8850000e+03
   1.1558433e-02   3.9000000e+03
   1.6830562e-02   3.9150000e+03
   1.9598918e-02   3.9300000e+03
   1.7610459e-02   3.9450000e+03
   1.1699808e-02   3.9600000e+03
   5.5383486e-03   3.9750000e+03
   2.4181029e-03   3.9900000e+03
   2.2713505e-03   4.0050000e+03
   2.0570958e-03   4.0200000e+03
  -8.0146780e-04   4.0350000e+03
  -5.4548020e-03   4.0500000e+03
  -8.2057947e-03   4.0650000e+03
  -6.0232114e-03   4.0800000e+03
   5.0935172e-04   4.0950000e+03
   7.4755554e-03   4.1100000e+03
   1.0579019e-02   4.1250000e+03
   8.0671515e-03   4.1400000e+03
   1.4558386e-03   4.1550000e+03
  -6.0623232e-03   4.1700000e+03
  -1.1933976e-02   4.1850000e+03
  -1.5417982e-02   4.2000000e+03
  -1.6953662e-02   4.2150000e+03
  -1.6750528e-02   4.2300000e+03
  -1.4268859e-02   4.2450000e+03
  -9.1617415e-03   4.2600000e+03
  -2.5014519e-03   4.2750000e+03
   3.3156420e-03   4.2900000e+03
   6.1169947e-03   4.3050000e+03
   5.4682512e-03   4.3200000e+03
   2.8801921e-03   4.3350000e+03
   8.9945958e-04   4.3500000e+03
   1.8376028e-03   4.3650000e+03
   6.3947192e-03   4.3800000e+03
   1.2676271e-02   4.3950000e+03
   1.6910570e-02   4.4100000e+03
   1.6147025e-02   4.4250000e+03
   1.0639900e-02   4.4400000e+03
   3.3793603e-03   4.4550000e+03
  -2.5245689e-03   4.4700000e+03
  -5.5930773e-03   4.4850000e+03
  -5.7550031e-03   4.5000000e+03
