  -1.1675169e-03   0.0000000e+00
  -1.1675279e-03   1.5000000e+01
  -1.1675792e-03   3.0000000e+01
  -1.1676869e-03   4.5000000e+01
  -1.1678002e-03   6.0000000e+01
  -1.1678223e-03   7.5000000e+01
  -1.1677365e-03   9.0000000e+01
  -1.1676626e-03   1.0500000e+02
  -1.1677728e-03   1.2000000e+02
  -1.1681566e-03   1.3500000e+02
  -1.1686500e-03   1.5000000e+02
  -1.1687705e-03   1.6500000e+02
  -1.1675386e-03   1.8000000e+02
  -1.1620938e-03   1.9500000e+02
  -1.1439796e-03   2.1000000e+02
  -1.0950912e-03   2.2500000e+02
  -9.9153048e-04   2.4000000e+02
  -8.2481338e-04   2.5500000e+02
  -6.3205254e-04   2.7000000e+02
  -4.9708481e-04   2.8500000e+02
  -4.9034989e-04   3.0000000e+02
  -5.8805197e-04   3.1500000e+02
  -6.7482406e-04   3.3000000e+02
  -6.6212896e-04   3.4500000e+02
  -5.8995344e-04   3.6000000e+02
  -5.6570914e-04   3.7500000e+02
  -6.1379268e-04   3.9000000e+02
  -6.5311044e-04   4.0500000e+02
  -6.3069566e-04   4.2000000e+02
  -5.9595914e-04   4.3500000e+02
  -6.0654094e-04   4.5000000e+02
  -6.3669332e-04   4.6500000e+02
  -6.3576835e-04   4.8000000e+02
  -6.1630789e-04   4.9500000e+02
  -6.1935181e-04   5.1000000e+02
  -6.3857163e-04   5.2500000e+02
  -6.4116373e-04   5.4000000e+02
  -6.2986312e-04   5.5500000e+02
  -6.3015323e-04   5.7000000e+02
  -6.4099097e-04   5.8500000e+02
  -6.4279075e-04   6.0000000e+02
  -6.3641358e-04   6.1500000e+02
  -6.3754467e-04   6.3000000e+02
  -6.4551504e-04   6.4500000e+02
  -6.4824964e-04   6.6000000e+02
  -6.4673222e-04   6.7500000e+02
  -6.4919831e-04   6.9000000e+02
  -6.5240473e-04   7.0500000e+02
  -6.4839271e-04   7.2000000e+02
  -6.3847454e-04   7.3500000e+02
  -6.2701048e-04   7.5000000e+02
  -6.1322888e-04   7.6500000e+02
  -5.9904205e-04   7.8000000e+02
  -5.9474958e-04   7.9500000e+02
  -6.0930633e-04   8.1000000e+02
  -6.4062030e-04   8.2500000e+02
  -6.7758857e-04   8.4000000e+02
  -7.0631213e-04   8.5500000e+02
  -7.1642583e-04   8.7000000e+02
  -7.1014476e-04   8.8500000e+02
  -7.0469832e-04   9.0000000e+02
  -7.1728148e-04   9.1500000e+02
  -7.4589334e-04   9.3000000e+02
  -7.7111408e-04   9.4500000e+02
  -7.7889528e-04   9.6000000e+02
  -7.7663042e-04   9.7500000e+02
  -7.8291725e-04   9.9000000e+02
  -8.0430991e-04   1.0050000e+03
  -8.2826248e-04   1.0200000e+03
  -8.4058719e-04   1.0350000e+03
  -8.4383989e-04   1.0500000e+03
  -8.5168594e-04   1.0650000e+03
  -8.6825521e-04   1.0800000e+03
  -8.8358036e-04   1.0950000e+03
  -8.9090707e-04   1.1100000e+03
  -8.9733902e-04   1.1250000e+03
  -9.1153599e-04   1.1400000e+03
  -9.3045866e-04   1.1550000e+03
  -9.4693160e-04   1.1700000e+03
  -9.6319383e-04   1.1850000e+03
  -9.8680670e-04   1.2000000e+03
  -1.0175303e-03   1.2150000e+03
  -1.0482775e-03   1.2300000e+03
  -1.0763605e-03   1.2450000e+03
  -1.1044143e-03   1.2600000e+03
  -1.1319045e-03   1.2750000e+03
  -1.1547670e-03   1.2900000e+03
  -1.1730623e-03   1.3050000e+03
  -1.1912475e-03   1.3200000e+03
  -1.2109429e-03   1.3350000e+03
  -1.2300038e-03   1.3500000e+03
  -1.2483578e-03   1.3650000e+03
  -1.2687098e-03   1.3800000e+03
  -1.2917158e-03   1.3950000e+03
  -1.3155172e-03   1.4100000e+03
  -1.3395210e-03   1.4250000e+03
  -1.3644255e-03   1.4400000e+03
  -1.3893251e-03   1.4550000e+03
  -1.4120028e-03   1.4700000e+03
  -1.4313600e-03   1.4850000e+03
  -1.4478205e-03   1.5000000e+03
  -1.4627832e-03   1.5150000e+03
  -1.4785102e-03   1.5300000e+03
  -1.4964960e-03   1.5450000e+03
  -1.5154384e-03   1.5600000e+03
  -1.5329514e-03   1.5750000e+03
  -1.5493205e-03   1.5900000e+03
  -1.5671341e-03   1.6050000e+03
  -1.5872678e-03   1.6200000e+03
  -1.6077404e-03   1.6350000e+03
  -1.6266510e-03   1.6500000e+03
  -1.6437435e-03   1.6650000e+03
  -1.6586450e-03   1.6800000e+03
  -1.6699195e-03   1.6950000e+03
  -1.6769924e-03   1.7100000e+03
  -1.6819127e-03   1.7250000e+03
  -1.6881005e-03   1.7400000e+03
  -1.6967731e-03   1.7550000e+03
  -1.7046011e-03   1.7700000e+03
  -1.7057803e-03   1.7850000e+03
  -1.6971293e-03   1.8000000e+03
  -1.6802949e-03   1.8150000e+03
  -1.6584563e-03   1.8300000e+03
  -1.6324752e-03   1.8450000e+03
  -1.6013023e-03   1.8600000e+03
  -1.5644692e-03   1.8750000e+03
  -1.5222814e-03   1.8900000e+03
  -1.4742635e-03   1.9050000e+03
  -1.4189570e-03   1.9200000e+03
  -1.3548306e-03   1.9350000e+03
  -1.2802931e-03   1.9500000e+03
  -1.1933638e-03   1.9650000e+03
  -1.0924187e-03   1.9800000e+03
  -9.7668311e-04   1.9950000e+03
  -8.4498344e-04   2.0100000e+03
  -6.9457828e-04   2.0250000e+03
  -5.2210462e-04   2.0400000e+03
  -3.2502995e-04   2.0550000e+03
  -1.0110807e-04   2.0700000e+03
   1.5318410e-04   2.0850000e+03
   4.4267936e-04   2.1000000e+03
   7.7237462e-04   2.1150000e+03
   1.1478495e-03   2.1300000e+03
   1.5773996e-03   2.1450000e+03
   2.0724430e-03   2.1600000e+03
   2.6446176e-03   2.1750000e+03
   3.3030866e-03   2.1900000e+03
   4.0558577e-03   2.2050000e+03
   4.9137562e-03   2.2200000e+03
   5.8931811e-03   2.2350000e+03
   7.0163435e-03   2.2500000e+03
   8.3103031e-03   2.2650000e+03
   9.8058684e-03   2.2800000e+03
   1.1536896e-02   2.2950000e+03
   1.3540608e-02   2.3100000e+03
   1.5858648e-02   2.3250000e+03
   1.8538410e-02   2.3400000e+03
   2.1635203e-02   2.3550000e+03
   2.5215339e-02   2.3700000e+03
   2.9356828e-02   2.3850000e+03
   3.4143932e-02   2.4000000e+03
   3.9656915e-02   2.4150000e+03
   4.5963723e-02   2.4300000e+03
   5.3118583e-02   2.4450000e+03
   6.1164744e-02   2.4600000e+03
   7.0132747e-02   2.4750000e+03
   8.0028281e-02   2.4900000e+03
   9.0812474e-02   2.5050000e+03
   1.0238431e-01   2.5200000e+03
   1.1457394e-01   2.5350000e+03
   1.2714827e-01   2.5500000e+03
   1.3982351e-01   2.5650000e+03
   1.5227954e-01   2.5800000e+03
   1.6417480e-01   2.5950000e+03
   1.7516294e-01   2.6100000e+03
   1.8490796e-01   2.6250000e+03
   1.9309071e-01   2.6400000e+03
   1.9940422e-01   2.6550000e+03
   2.0354739e-01   2.6700000e+03
   2.0523620e-01   2.6850000e+03
   2.0424849e-01   2.7000000e+03
   2.0049457e-01   2.7150000e+03
   1.9408117e-01   2.7300000e+03
   1.8532653e-01   2.7450000e+03
   1.7470388e-01   2.7600000e+03
   1.6272850e-01   2.7750000e+03
   1.4983816e-01   2.7900000e+03
   1.3632518e-01   2.8050000e+03
   1.2235352e-01   2.8200000e+03
   1.0804505e-01   2.8350000e+03
   9.3579210e-02   2.8500000e+03
   7.9243936e-02   2.8650000e+03
   6.5412343e-02   2.8800000e+03
   5.2469067e-02   2.8950000e+03
   4.0736187e-02   2.9100000e+03
   3.0434445e-02   2.9250000e+03
   2.1681936e-02   2.9400000e+03
   1.4511383e-02   2.9550000e+03
   8.8912472e-03   2.9700000e+03
   4.7497777e-03   2.9850000e+03
   2.0025210e-03   3.0000000e+03
   5.7001080e-04   3.0150000e+03
   3.6413647e-04   3.0300000e+03
   1.2405834e-03   3.0450000e+03
   2.9531925e-03   3.0600000e+03
   5.1635588e-03   3.0750000e+03
   7.5225485e-03   3.0900000e+03
   9.7716292e-03   3.1050000e+03
   1.1781441e-02   3.1200000e+03
   1.3496819e-02   3.1350000e+03
   1.4847235e-02   3.1500000e+03
   1.5713371e-02   3.1650000e+03
   1.5976502e-02   3.1800000e+03
   1.5587985e-02   3.1950000e+03
   1.4581551e-02   3.2100000e+03
   1.3022126e-02   3.2250000e+03
   1.0954158e-02   3.2400000e+03
   8.4016155e-03   3.2550000e+03
   5.4038190e-03   3.2700000e+03
   2.0318634e-03   3.2850000e+03
  -1.6396514e-03   3.3000000e+03
  -5.5755200e-03   3.3150000e+03
  -9.7917635e-03   3.3300000e+03
  -1.4324706e-02   3.3450000e+03
  -1.9186301e-02   3.3600000e+03
  -2.4342027e-02   3.3750000e+03
  -2.9721173e-02   3.3900000e+03
  -3.5239745e-02   3.4050000e+03
  -4.0812440e-02   3.4200000e+03
  -4.6353232e-02   3.4350000e+03
  -5.1783260e-02   3.4500000e+03
  -5.7051200e-02   3.4650000e+03
  -6.2140066e-02   3.4800000e+03
  -6.7035235e-02   3.4950000e+03
  -7.1676135e-02   3.5100000e+03
  -7.5951330e-02   3.5250000e+03
  -7.9761147e-02   3.5400000e+03
  -8.3090410e-02   3.5550000e+03
  -8.6006090e-02   3.5700000e+03
  -8.8568971e-02   3.5850000e+03
  -9.0745606e-02   3.6000000e+03
  -9.2410691e-02   3.6150000e+03
  -9.3431093e-02   3.6300000e+03
  -9.3734443e-02   3.6450000e+03
  -9.3291543e-02   3.6600000e+03
  -9.2050157e-02   3.6750000e+03
  -8.9917511e-02   3.6900000e+03
  -8.6826771e-02   3.7050000e+03
  -8.2813211e-02   3.7200000e+03
  -7.8003116e-02   3.7350000e+03
  -7.2516769e-02   3.7500000e+03
  -6.6391736e-02   3.7650000e+03
  -5.9617061e-02   3.7800000e+03
  -5.2247312e-02   3.7950000e+03
  -4.4478640e-02   3.8100000e+03
  -3.6614571e-02   3.8250000e+03
  -2.8968494e-02   3.8400000e+03
  -2.1800330e-02   3.8550000e+03
  -1.5319236e-02   3.8700000e+03
  -9.6956939e-03   3.8850000e+03
  -5.0267791e-03   3.9000000e+03
  -1.2774786e-03   3.9150000e+03
   1.7283719e-03   3.9300000e+03
   4.2346511e-03   3.9450000e+03
   6.4434502e-03   3.9600000e+03
   8.4438063e-03   3.9750000e+03
   1.0212063e-02   3.9900000e+03
   1.1664576e-02   4.0050000e+03
   1.2725239e-02   4.0200000e+03
   1.3377636e-02   4.0350000e+03
   1.3680300e-02   4.0500000e+03
   1.3736403e-02   4.0650000e+03
   1.3636123e-02   4.0800000e+03
   1.3412359e-02   4.0950000e+03
   1.3038515e-02   4.1100000e+03
   1.2458756e-02   4.1250000e+03
   1.1619172e-02   4.1400000e+03
   1.0483845e-02   4.1550000e+03
   9.0442132e-03   4.1700000e+03
   7.3290057e-03   4.1850000e+03
   5.4054908e-03   4.2000000e+03
   3.3640307e-03   4.2150000e+03
   1.2979225e-03   4.2300000e+03
  -7.0556323e-04   4.2450000e+03
  -2.5705160e-03   4.2600000e+03
  -4.2547747e-03   4.2750000e+03
  -5.7819095e-03   4.2900000e+03
  -7.2391797e-03   4.3050000e+03
  -8.7141730e-03   4.3200000e+03
  -1.0209179e-02   4.3350000e+03
  -1.1610120e-02   4.3500000e+03
  -1.2741793e-02   4.3650000e+03
  -1.3461179e-02   4.3800000e+03
  -1.3717673e-02   4.3950000e+03
  -1.3558002e-02   4.4100000e+03
  -1.3098757e-02   4.4250000e+03
  -1.2481470e-02   4.4400000e+03
  -1.1808252e-02   4.4550000e+03
  -1.1083496e-02   4.4700000e+03
  -1.0219205e-02   4.4850000e+03
  -9.1211405e-03   4.5000000e+03
