   6.2945574e-03   0.0000000e+00
   6.2932083e-03   1.5000000e+01
   6.2889047e-03   3.0000000e+01
   6.2814858e-03   4.5000000e+01
   6.2713171e-03   6.0000000e+01
   6.2587080e-03   7.5000000e+01
   6.2438101e-03   9.0000000e+01
   6.2270029e-03   1.0500000e+02
   6.2084398e-03   1.2000000e+02
   6.1875195e-03   1.3500000e+02
   6.1636618e-03   1.5000000e+02
   6.1370479e-03   1.6500000e+02
   6.1080223e-03   1.8000000e+02
   6.0765287e-03   1.9500000e+02
   6.0423384e-03   2.1000000e+02
   6.0051098e-03   2.2500000e+02
   5.9643225e-03   2.4000000e+02
   5.9194993e-03   2.5500000e+02
   5.8702403e-03   2.7000000e+02
   5.8163702e-03   2.8500000e+02
   5.7584243e-03   3.0000000e+02
   5.6974860e-03   3.1500000e+02
   5.6341030e-03   3.3000000e+02
   5.5676308e-03   3.4500000e+02
   5.4970388e-03   3.6000000e+02
   5.4220357e-03   3.7500000e+02
   5.3429101e-03   3.9000000e+02
   5.2595395e-03   4.0500000e+02
   5.1706536e-03   4.2000000e+02
   5.0739027e-03   4.3500000e+02
   4.9663987e-03   4.5000000e+02
   4.8430241e-03   4.6500000e+02
   4.6906387e-03   4.8000000e+02
   4.4820015e-03   4.9500000e+02
   4.1761794e-03   5.1000000e+02
   3.7319921e-03   5.2500000e+02
   3.1386272e-03   5.4000000e+02
   2.4548501e-03   5.5500000e+02
   1.8250645e-03   5.7000000e+02
   1.4310079e-03   5.8500000e+02
   1.3746334e-03   6.0000000e+02
   1.5669240e-03   6.1500000e+02
   1.7428451e-03   6.3000000e+02
   1.6440806e-03   6.4500000e+02
   1.2356316e-03   6.6000000e+02
   7.3234021e-04   6.7500000e+02
   3.6921073e-04   6.9000000e+02
   1.4397506e-04   7.0500000e+02
  -1.6356511e-04   7.2000000e+02
  -6.9972471e-04   7.3500000e+02
  -1.3289073e-03   7.5000000e+02
  -1.7774508e-03   7.6500000e+02
  -1.9376869e-03   7.8000000e+02
  -1.9310039e-03   7.9500000e+02
  -1.8848252e-03   8.1000000e+02
  -1.7862632e-03   8.2500000e+02
  -1.6138047e-03   8.4000000e+02
  -1.4752625e-03   8.5500000e+02
  -1.4721699e-03   8.7000000e+02
  -1.4978712e-03   8.8500000e+02
  -1.3338259e-03   9.0000000e+02
  -9.2729332e-04   9.1500000e+02
  -4.1202211e-04   9.3000000e+02
   1.5640080e-04   9.4500000e+02
   9.2691171e-04   9.6000000e+02
   2.0952208e-03   9.7500000e+02
   3.8016364e-03   9.9000000e+02
   6.2620146e-03   1.0050000e+03
   9.8714121e-03   1.0200000e+03
   1.5140848e-02   1.0350000e+03
   2.2710014e-02   1.0500000e+03
   3.3551876e-02   1.0650000e+03
   4.9130347e-02   1.0800000e+03
   7.1390010e-02   1.0950000e+03
   1.0276712e-01   1.1100000e+03
   1.4628936e-01   1.1250000e+03
   2.0553687e-01   1.1400000e+03
   2.8428739e-01   1.1550000e+03
   3.8583410e-01   1.1700000e+03
   5.1183021e-01   1.1850000e+03
   6.6032165e-01   1.2000000e+03
   8.2288170e-01   1.2150000e+03
   9.8151922e-01   1.2300000e+03
   1.1069690e+00   1.2450000e+03
   1.1606051e+00   1.2600000e+03
   1.1019728e+00   1.2750000e+03
   9.0222037e-01   1.2900000e+03
   5.6042612e-01   1.3050000e+03
   1.1607584e-01   1.3200000e+03
  -3.5085401e-01   1.3350000e+03
  -7.3806250e-01   1.3500000e+03
  -9.5527840e-01   1.3650000e+03
  -9.6222144e-01   1.3800000e+03
  -7.9056126e-01   1.3950000e+03
  -5.3365284e-01   1.4100000e+03
  -3.0386537e-01   1.4250000e+03
  -1.7859700e-01   1.4400000e+03
  -1.6739626e-01   1.4550000e+03
  -2.2180307e-01   1.4700000e+03
  -2.8008044e-01   1.4850000e+03
  -3.1214112e-01   1.5000000e+03
  -3.2962537e-01   1.5150000e+03
  -3.5627142e-01   1.5300000e+03
  -3.8983563e-01   1.5450000e+03
  -3.9476728e-01   1.5600000e+03
  -3.3454230e-01   1.5750000e+03
  -2.1200088e-01   1.5900000e+03
  -7.6205522e-02   1.6050000e+03
   1.3276952e-02   1.6200000e+03
   3.1663295e-02   1.6350000e+03
   2.4318884e-03   1.6500000e+03
  -2.9423114e-02   1.6650000e+03
  -3.4642879e-02   1.6800000e+03
  -1.3485248e-02   1.6950000e+03
   1.8820731e-02   1.7100000e+03
   5.2486259e-02   1.7250000e+03
   8.8357739e-02   1.7400000e+03
   1.2820289e-01   1.7550000e+03
   1.6492529e-01   1.7700000e+03
   1.8348707e-01   1.7850000e+03
   1.7110141e-01   1.8000000e+03
   1.2801616e-01   1.8150000e+03
   7.0384994e-02   1.8300000e+03
   2.1778693e-02   1.8450000e+03
  -1.5980084e-03   1.8600000e+03
  -1.0717577e-04   1.8750000e+03
   1.3709462e-02   1.8900000e+03
   2.7304310e-02   1.9050000e+03
   3.4431178e-02   1.9200000e+03
   3.1424891e-02   1.9350000e+03
   1.3751558e-02   1.9500000e+03
  -1.8647840e-02   1.9650000e+03
  -5.4678708e-02   1.9800000e+03
  -7.7115797e-02   1.9950000e+03
  -7.7198073e-02   2.0100000e+03
  -6.2164783e-02   2.0250000e+03
  -4.7043514e-02   2.0400000e+03
  -4.1311681e-02   2.0550000e+03
  -4.4743143e-02   2.0700000e+03
  -5.2387081e-02   2.0850000e+03
  -5.9109140e-02   2.1000000e+03
  -6.0493119e-02   2.1150000e+03
  -5.4386262e-02   2.1300000e+03
  -4.3523606e-02   2.1450000e+03
  -3.4063555e-02   2.1600000e+03
  -2.9462954e-02   2.1750000e+03
  -2.6792634e-02   2.1900000e+03
  -2.0227358e-02   2.2050000e+03
  -7.2774114e-03   2.2200000e+03
   9.2219003e-03   2.2350000e+03
   2.4044285e-02   2.2500000e+03
   3.3014897e-02   2.2650000e+03
   3.4199204e-02   2.2800000e+03
   2.7621515e-02   2.2950000e+03
   1.4823653e-02   2.3100000e+03
  -1.4563467e-03   2.3250000e+03
  -1.7373910e-02   2.3400000e+03
  -2.7954198e-02   2.3550000e+03
  -2.7965939e-02   2.3700000e+03
  -1.4310339e-02   2.3850000e+03
   1.1485144e-02   2.4000000e+03
   4.2857900e-02   2.4150000e+03
   7.0374340e-02   2.4300000e+03
   8.5231088e-02   2.4450000e+03
   8.2695656e-02   2.4600000e+03
   6.4235307e-02   2.4750000e+03
   3.7088227e-02   2.4900000e+03
   1.1107676e-02   2.5050000e+03
  -5.5332300e-03   2.5200000e+03
  -9.5726820e-03   2.5350000e+03
  -3.3822267e-03   2.5500000e+03
   7.0442515e-03   2.5650000e+03
   1.5640896e-02   2.5800000e+03
   1.9176472e-02   2.5950000e+03
   1.7963208e-02   2.6100000e+03
   1.4593814e-02   2.6250000e+03
   1.2008800e-02   2.6400000e+03
   1.2016349e-02   2.6550000e+03
   1.4772334e-02   2.6700000e+03
   1.9157471e-02   2.6850000e+03
   2.3591818e-02   2.7000000e+03
   2.6794061e-02   2.7150000e+03
   2.8177928e-02   2.7300000e+03
   2.7776411e-02   2.7450000e+03
   2.5881030e-02   2.7600000e+03
   2.2775417e-02   2.7750000e+03
   1.8697029e-02   2.7900000e+03
   1.3835318e-02   2.8050000e+03
   8.2701417e-03   2.8200000e+03
   2.0089403e-03   2.8350000e+03
  -4.7635189e-03   2.8500000e+03
  -1.1376395e-02   2.8650000e+03
  -1.6620219e-02   2.8800000e+03
  -1.9136753e-02   2.8950000e+03
  -1.8088454e-02   2.9100000e+03
  -1.3694155e-02   2.9250000e+03
  -7.2872308e-03   2.9400000e+03
  -8.2434563e-04   2.9550000e+03
   3.9434908e-03   2.9700000e+03
   6.2322570e-03   2.9850000e+03
   6.5252651e-03   3.0000000e+03
   6.2637781e-03   3.0150000e+03
   7.1078870e-03   3.0300000e+03
   1.0182003e-02   3.0450000e+03
   1.5709197e-02   3.0600000e+03
   2.3127049e-02   3.0750000e+03
   3.1407159e-02   3.0900000e+03
   3.9256845e-02   3.1050000e+03
   4.5181260e-02   3.1200000e+03
   4.7618389e-02   3.1350000e+03
   4.5249473e-02   3.1500000e+03
   3.7336797e-02   3.1650000e+03
   2.3906987e-02   3.1800000e+03
   5.7862629e-03   3.1950000e+03
  -1.5409024e-02   3.2100000e+03
  -3.7364423e-02   3.2250000e+03
  -5.7419661e-02   3.2400000e+03
  -7.3220193e-02   3.2550000e+03
  -8.3387539e-02   3.2700000e+03
  -8.7813810e-02   3.2850000e+03
  -8.7448865e-02   3.3000000e+03
  -8.3801240e-02   3.3150000e+03
  -7.8441374e-02   3.3300000e+03
  -7.2609425e-02   3.3450000e+03
  -6.6922911e-02   3.3600000e+03
  -6.1270855e-02   3.3750000e+03
  -5.5020083e-02   3.3900000e+03
  -4.7469608e-02   3.4050000e+03
  -3.8274512e-02   3.4200000e+03
  -2.7606709e-02   3.4350000e+03
  -1.6059952e-02   3.4500000e+03
  -4.4487608e-03   3.4650000e+03
   6.3918373e-03   3.4800000e+03
   1.5764540e-02   3.4950000e+03
   2.3181984e-02   3.5100000e+03
   2.8329158e-02   3.5250000e+03
   3.0986147e-02   3.5400000e+03
   3.1036871e-02   3.5550000e+03
   2.8604040e-02   3.5700000e+03
   2.4198465e-02   3.5850000e+03
   1.8716069e-02   3.6000000e+03
   1.3218679e-02   3.6150000e+03
   8.5967323e-03   3.6300000e+03
   5.2904342e-03   3.6450000e+03
   3.1935200e-03   3.6600000e+03
   1.7518831e-03   3.6750000e+03
   1.8779878e-04   3.6900000e+03
  -2.2467643e-03   3.7050000e+03
  -6.0737347e-03   3.7200000e+03
  -1.1492508e-02   3.7350000e+03
  -1.8366275e-02   3.7500000e+03
  -2.6246835e-02   3.7650000e+03
  -3.4429025e-02   3.7800000e+03
  -4.2070616e-02   3.7950000e+03
  -4.8390195e-02   3.8100000e+03
  -5.2872989e-02   3.8250000e+03
  -5.5367783e-02   3.8400000e+03
  -5.6014657e-02   3.8550000e+03
  -5.5059761e-02   3.8700000e+03
  -5.2686114e-02   3.8850000e+03
  -4.8961736e-02   3.9000000e+03
  -4.3914292e-02   3.9150000e+03
  -3.7661605e-02   3.9300000e+03
  -3.0503266e-02   3.9450000e+03
  -2.2907721e-02   3.9600000e+03
  -1.5390523e-02   3.9750000e+03
  -8.3410423e-03   3.9900000e+03
  -1.8795194e-03   4.0050000e+03
   4.2008185e-03   4.0200000e+03
   1.0394128e-02   4.0350000e+03
   1.7349469e-02   4.0500000e+03
   2.5656668e-02   4.0650000e+03
   3.5597492e-02   4.0800000e+03
   4.6956953e-02   4.0950000e+03
   5.8982935e-02   4.1100000e+03
   7.0505135e-02   4.1250000e+03
   8.0149777e-02   4.1400000e+03
   8.6580940e-02   4.1550000e+03
   8.8736318e-02   4.1700000e+03
   8.6033449e-02   4.1850000e+03
   7.8493826e-02   4.2000000e+03
   6.6727735e-02   4.2150000e+03
   5.1779684e-02   4.2300000e+03
   3.4906901e-02   4.2450000e+03
   1.7381391e-02   4.2600000e+03
   3.5815715e-04   4.2750000e+03
  -1.5204364e-02   4.2900000e+03
  -2.8597180e-02   4.3050000e+03
  -3.9382562e-02   4.3200000e+03
  -4.7358356e-02   4.3350000e+03
  -5.2460484e-02   4.3500000e+03
  -5.4653198e-02   4.3650000e+03
  -5.3889081e-02   4.3800000e+03
  -5.0186500e-02   4.3950000e+03
  -4.3783475e-02   4.4100000e+03
  -3.5258472e-02   4.4250000e+03
  -2.5524773e-02   4.4400000e+03
  -1.5688565e-02   4.4550000e+03
  -6.8320935e-03   4.4700000e+03
   2.0134344e-04   4.4850000e+03
   4.9573812e-03   4.5000000e+03
