   8.9338329e-03   0.0000000e+00
   8.9323092e-03   1.5000000e+01
   8.9272885e-03   3.0000000e+01
   8.9184511e-03   4.5000000e+01
   8.9063654e-03   6.0000000e+01
   8.8915294e-03   7.5000000e+01
   8.8741966e-03   9.0000000e+01
   8.8550551e-03   1.0500000e+02
   8.8344133e-03   1.2000000e+02
   8.8112736e-03   1.3500000e+02
   8.7846546e-03   1.5000000e+02
   8.7548215e-03   1.6500000e+02
   8.7222615e-03   1.8000000e+02
   8.6867735e-03   1.9500000e+02
   8.6479168e-03   2.1000000e+02
   8.6051011e-03   2.2500000e+02
   8.5574957e-03   2.4000000e+02
   8.5044065e-03   2.5500000e+02
   8.4453207e-03   2.7000000e+02
   8.3800592e-03   2.8500000e+02
   8.3095049e-03   3.0000000e+02
   8.2353493e-03   3.1500000e+02
   8.1583802e-03   3.3000000e+02
   8.0774073e-03   3.4500000e+02
   7.9905903e-03   3.6000000e+02
   7.8974022e-03   3.7500000e+02
   7.7984789e-03   3.9000000e+02
   7.6937424e-03   4.0500000e+02
   7.5809169e-03   4.2000000e+02
   7.4558626e-03   4.3500000e+02
   7.3142098e-03   4.5000000e+02
   7.1496633e-03   4.6500000e+02
   6.9458690e-03   4.8000000e+02
   6.6676177e-03   4.9500000e+02
   6.2611820e-03   5.1000000e+02
   5.6722066e-03   5.2500000e+02
   4.8860149e-03   5.4000000e+02
   3.9787702e-03   5.5500000e+02
   3.1382600e-03   5.7000000e+02
   2.6007628e-03   5.8500000e+02
   2.4980416e-03   6.0000000e+02
   2.7121839e-03   6.1500000e+02
   2.8957396e-03   6.3000000e+02
   2.7108430e-03   6.4500000e+02
   2.1116470e-03   6.6000000e+02
   1.3781905e-03   6.7500000e+02
   8.1595726e-04   6.9000000e+02
   4.1959519e-04   7.0500000e+02
  -1.0112498e-04   7.2000000e+02
  -9.3908363e-04   7.3500000e+02
  -1.9178297e-03   7.5000000e+02
  -2.6804430e-03   7.6500000e+02
  -3.0881525e-03   7.8000000e+02
  -3.3036047e-03   7.9500000e+02
  -3.4994620e-03   8.1000000e+02
  -3.6664812e-03   8.2500000e+02
  -3.7851331e-03   8.4000000e+02
  -4.0064040e-03   8.5500000e+02
  -4.4755731e-03   8.7000000e+02
  -5.0682672e-03   8.8500000e+02
  -5.5147316e-03   9.0000000e+02
  -5.7611191e-03   9.1500000e+02
  -5.9953611e-03   9.3000000e+02
  -6.2971059e-03   9.4500000e+02
  -6.4594471e-03   9.6000000e+02
  -6.1672218e-03   9.7500000e+02
  -5.0778557e-03   9.9000000e+02
  -2.5487561e-03   1.0050000e+03
   2.6889823e-03   1.0200000e+03
   1.2776367e-02   1.0350000e+03
   3.1246850e-02   1.0500000e+03
   6.3956276e-02   1.0650000e+03
   1.1993904e-01   1.0800000e+03
   2.1154913e-01   1.0950000e+03
   3.5320169e-01   1.1100000e+03
   5.5748564e-01   1.1250000e+03
   8.2718539e-01   1.1400000e+03
   1.1432348e+00   1.1550000e+03
   1.4520780e+00   1.1700000e+03
   1.6602336e+00   1.1850000e+03
   1.6467279e+00   1.2000000e+03
   1.3015296e+00   1.2150000e+03
   5.8625090e-01   1.2300000e+03
  -4.0660927e-01   1.2450000e+03
  -1.4367205e+00   1.2600000e+03
  -2.1779277e+00   1.2750000e+03
  -2.3578339e+00   1.2900000e+03
  -1.9132847e+00   1.3050000e+03
  -1.0592531e+00   1.3200000e+03
  -1.9593512e-01   1.3350000e+03
   3.1719118e-01   1.3500000e+03
   3.7551159e-01   1.3650000e+03
   1.6514595e-01   1.3800000e+03
  -2.0614997e-02   1.3950000e+03
  -3.5572398e-02   1.4100000e+03
   2.1365171e-02   1.4250000e+03
  -4.5277406e-02   1.4400000e+03
  -2.8584114e-01   1.4550000e+03
  -5.2695507e-01   1.4700000e+03
  -5.4438239e-01   1.4850000e+03
  -3.0030456e-01   1.5000000e+03
   1.6534742e-02   1.5150000e+03
   1.8599220e-01   1.5300000e+03
   1.5924872e-01   1.5450000e+03
   5.0853238e-02   1.5600000e+03
  -3.1619903e-02   1.5750000e+03
  -9.0229139e-02   1.5900000e+03
  -1.6675453e-01   1.6050000e+03
  -2.3638970e-01   1.6200000e+03
  -2.2484465e-01   1.6350000e+03
  -1.0753273e-01   1.6500000e+03
   6.4335860e-02   1.6650000e+03
   2.3477519e-01   1.6800000e+03
   3.8422152e-01   1.6950000e+03
   4.8422655e-01   1.7100000e+03
   4.7158092e-01   1.7250000e+03
   3.2014173e-01   1.7400000e+03
   1.0898825e-01   1.7550000e+03
  -3.8733453e-02   1.7700000e+03
  -7.8785792e-02   1.7850000e+03
  -6.0338371e-02   1.8000000e+03
  -2.5823141e-02   1.8150000e+03
   3.8637381e-02   1.8300000e+03
   1.3493741e-01   1.8450000e+03
   2.0030981e-01   1.8600000e+03
   1.7397784e-01   1.8750000e+03
   8.2290776e-02   1.8900000e+03
   6.5458613e-03   1.9050000e+03
  -1.5492928e-02   1.9200000e+03
  -9.1743879e-03   1.9350000e+03
   1.4275663e-03   1.9500000e+03
   2.2651261e-02   1.9650000e+03
   5.2048340e-02   1.9800000e+03
   5.9829719e-02   1.9950000e+03
   2.9490415e-02   2.0100000e+03
  -1.5652725e-02   2.0250000e+03
  -4.5653448e-02   2.0400000e+03
  -5.9503630e-02   2.0550000e+03
  -7.1431816e-02   2.0700000e+03
  -8.3214134e-02   2.0850000e+03
  -8.7415762e-02   2.1000000e+03
  -8.2422860e-02   2.1150000e+03
  -6.9018640e-02   2.1300000e+03
  -4.3544065e-02   2.1450000e+03
  -6.2850886e-03   2.1600000e+03
   3.2362074e-02   2.1750000e+03
   6.2054995e-02   2.1900000e+03
   8.0477268e-02   2.2050000e+03
   8.6218789e-02   2.2200000e+03
   7.2769187e-02   2.2350000e+03
   3.5018303e-02   2.2500000e+03
  -2.3535760e-02   2.2650000e+03
  -9.1383189e-02   2.2800000e+03
  -1.5138696e-01   2.2950000e+03
  -1.8330204e-01   2.3100000e+03
  -1.7141972e-01   2.3250000e+03
  -1.1392023e-01   2.3400000e+03
  -2.5536103e-02   2.3550000e+03
   6.6818908e-02   2.3700000e+03
   1.3161631e-01   2.3850000e+03
   1.4361027e-01   2.4000000e+03
   9.6822448e-02   2.4150000e+03
   1.1354588e-02   2.4300000e+03
  -7.3992811e-02   2.4450000e+03
  -1.2100285e-01   2.4600000e+03
  -1.1119479e-01   2.4750000e+03
  -5.3416170e-02   2.4900000e+03
   2.2636127e-02   2.5050000e+03
   8.1813350e-02   2.5200000e+03
   1.0005660e-01   2.5350000e+03
   7.4173674e-02   2.5500000e+03
   2.0116687e-02   2.5650000e+03
  -3.7779715e-02   2.5800000e+03
  -7.8993276e-02   2.5950000e+03
  -9.3964025e-02   2.6100000e+03
  -8.4145471e-02   2.6250000e+03
  -5.7396472e-02   2.6400000e+03
  -2.3319725e-02   2.6550000e+03
   9.3848212e-03   2.6700000e+03
   3.5070941e-02   2.6850000e+03
   5.3194173e-02   2.7000000e+03
   6.7728199e-02   2.7150000e+03
   8.2869902e-02   2.7300000e+03
   9.8136939e-02   2.7450000e+03
   1.0730781e-01   2.7600000e+03
   1.0262977e-01   2.7750000e+03
   8.1112832e-02   2.7900000e+03
   4.7818601e-02   2.8050000e+03
   1.3618622e-02   2.8200000e+03
  -1.0874969e-02   2.8350000e+03
  -2.1083595e-02   2.8500000e+03
  -2.0169124e-02   2.8650000e+03
  -1.5761619e-02   2.8800000e+03
  -1.4508750e-02   2.8950000e+03
  -1.8593743e-02   2.9100000e+03
  -2.6108064e-02   2.9250000e+03
  -3.3760987e-02   2.9400000e+03
  -3.9068956e-02   2.9550000e+03
  -4.0701848e-02   2.9700000e+03
  -3.7977248e-02   2.9850000e+03
  -3.0937342e-02   3.0000000e+03
  -2.0914704e-02   3.0150000e+03
  -1.0289120e-02   3.0300000e+03
  -9.2755520e-04   3.0450000e+03
   7.2873882e-03   3.0600000e+03
   1.5944859e-02   3.0750000e+03
   2.5796806e-02   3.0900000e+03
   3.5145421e-02   3.1050000e+03
   4.0814161e-02   3.1200000e+03
   4.0675644e-02   3.1350000e+03
   3.5154715e-02   3.1500000e+03
   2.6640331e-02   3.1650000e+03
   1.8016832e-02   3.1800000e+03
   1.1709874e-02   3.1950000e+03
   9.1736084e-03   3.2100000e+03
   1.0204451e-02   3.2250000e+03
   1.2488575e-02   3.2400000e+03
   1.2377616e-02   3.2550000e+03
   6.8067634e-03   3.2700000e+03
  -5.0576651e-03   3.2850000e+03
  -2.1605944e-02   3.3000000e+03
  -3.9763257e-02   3.3150000e+03
  -5.6187972e-02   3.3300000e+03
  -6.8223521e-02   3.3450000e+03
  -7.4643262e-02   3.3600000e+03
  -7.5947858e-02   3.3750000e+03
  -7.3742598e-02   3.3900000e+03
  -6.9387667e-02   3.4050000e+03
  -6.2979229e-02   3.4200000e+03
  -5.3546488e-02   3.4350000e+03
  -4.0236261e-02   3.4500000e+03
  -2.3465673e-02   3.4650000e+03
  -5.2409586e-03   3.4800000e+03
   1.1456460e-02   3.4950000e+03
   2.3814876e-02   3.5100000e+03
   3.0280259e-02   3.5250000e+03
   3.1040667e-02   3.5400000e+03
   2.7689207e-02   3.5550000e+03
   2.2356283e-02   3.5700000e+03
   1.6883263e-02   3.5850000e+03
   1.2423090e-02   3.6000000e+03
   9.4403503e-03   3.6150000e+03
   7.8531718e-03   3.6300000e+03
   7.1498631e-03   3.6450000e+03
   6.5347767e-03   3.6600000e+03
   5.2268463e-03   3.6750000e+03
   2.8593054e-03   3.6900000e+03
  -2.6860012e-04   3.7050000e+03
  -3.2804748e-03   3.7200000e+03
  -5.0924467e-03   3.7350000e+03
  -4.8639197e-03   3.7500000e+03
  -2.3774146e-03   3.7650000e+03
   1.7823715e-03   3.7800000e+03
   6.4072297e-03   3.7950000e+03
   1.0187440e-02   3.8100000e+03
   1.2228252e-02   3.8250000e+03
   1.2165915e-02   3.8400000e+03
   9.8938039e-03   3.8550000e+03
   5.2749338e-03   3.8700000e+03
  -1.8970807e-03   3.8850000e+03
  -1.1760052e-02   3.9000000e+03
  -2.4211356e-02   3.9150000e+03
  -3.8707353e-02   3.9300000e+03
  -5.4056607e-02   3.9450000e+03
  -6.8389200e-02   3.9600000e+03
  -7.9452567e-02   3.9750000e+03
  -8.5118651e-02   3.9900000e+03
  -8.3821766e-02   4.0050000e+03
  -7.4777186e-02   4.0200000e+03
  -5.8067691e-02   4.0350000e+03
  -3.4746461e-02   4.0500000e+03
  -6.9411844e-03   4.0650000e+03
   2.2245377e-02   4.0800000e+03
   4.9217518e-02   4.0950000e+03
   7.0656367e-02   4.1100000e+03
   8.4221937e-02   4.1250000e+03
   8.8878311e-02   4.1400000e+03
   8.4840931e-02   4.1550000e+03
   7.3369525e-02   4.1700000e+03
   5.6561425e-02   4.1850000e+03
   3.7095129e-02   4.2000000e+03
   1.7809190e-02   4.2150000e+03
   1.1421402e-03   4.2300000e+03
  -1.1362426e-02   4.2450000e+03
  -1.9250231e-02   4.2600000e+03
  -2.2961482e-02   4.2750000e+03
  -2.3360021e-02   4.2900000e+03
  -2.1221075e-02   4.3050000e+03
  -1.6922439e-02   4.3200000e+03
  -1.0508553e-02   4.3350000e+03
  -2.1198499e-03   4.3500000e+03
   7.4788858e-03   4.3650000e+03
   1.6689662e-02   4.3800000e+03
   2.3443988e-02   4.3950000e+03
   2.5979862e-02   4.4100000e+03
   2.3576031e-02   4.4250000e+03
   1.6839772e-02   4.4400000e+03
   7.4498183e-03   4.4550000e+03
  -2.4483197e-03   4.4700000e+03
  -1.0870990e-02   4.4850000e+03
  -1.6392773e-02   4.5000000e+03
