  -1.2567568e-03   0.0000000e+00
  -1.2567606e-03   1.5000000e+01
  -1.2567847e-03   3.0000000e+01
  -1.2568522e-03   4.5000000e+01
  -1.2569454e-03   6.0000000e+01
  -1.2570033e-03   7.5000000e+01
  -1.2569934e-03   9.0000000e+01
  -1.2569613e-03   1.0500000e+02
  -1.2570148e-03   1.2000000e+02
  -1.2572306e-03   1.3500000e+02
  -1.2575206e-03   1.5000000e+02
  -1.2575287e-03   1.6500000e+02
  -1.2563398e-03   1.8000000e+02
  -1.2509973e-03   1.9500000e+02
  -1.2327809e-03   2.1000000e+02
  -1.1831966e-03   2.2500000e+02
  -1.0780086e-03   2.4000000e+02
  -9.0884633e-04   2.5500000e+02
  -7.1380055e-04   2.7000000e+02
  -5.7832320e-04   2.8500000e+02
  -5.7386945e-04   3.0000000e+02
  -6.7568535e-04   3.1500000e+02
  -7.6589070e-04   3.3000000e+02
  -7.5441919e-04   3.4500000e+02
  -6.8248546e-04   3.6000000e+02
  -6.5979949e-04   3.7500000e+02
  -7.1096129e-04   3.9000000e+02
  -7.5283105e-04   4.0500000e+02
  -7.3125359e-04   4.2000000e+02
  -6.9686439e-04   4.3500000e+02
  -7.0866372e-04   4.5000000e+02
  -7.4038643e-04   4.6500000e+02
  -7.4046711e-04   4.8000000e+02
  -7.2196516e-04   4.9500000e+02
  -7.2680396e-04   5.1000000e+02
  -7.4831251e-04   5.2500000e+02
  -7.5291330e-04   5.4000000e+02
  -7.4341852e-04   5.5500000e+02
  -7.4575399e-04   5.7000000e+02
  -7.5872330e-04   5.8500000e+02
  -7.6235330e-04   6.0000000e+02
  -7.5766910e-04   6.1500000e+02
  -7.6067942e-04   6.3000000e+02
  -7.7041122e-04   6.4500000e+02
  -7.7419943e-04   6.6000000e+02
  -7.7276357e-04   6.7500000e+02
  -7.7386922e-04   6.9000000e+02
  -7.7273179e-04   7.0500000e+02
  -7.5890578e-04   7.2000000e+02
  -7.3099911e-04   7.3500000e+02
  -6.9160579e-04   7.5000000e+02
  -6.4126588e-04   7.6500000e+02
  -5.8873638e-04   7.8000000e+02
  -5.5664778e-04   7.9500000e+02
  -5.6654046e-04   8.1000000e+02
  -6.2011066e-04   8.2500000e+02
  -6.9473445e-04   8.4000000e+02
  -7.5334474e-04   8.5500000e+02
  -7.6608721e-04   8.7000000e+02
  -7.3614810e-04   8.8500000e+02
  -7.0329924e-04   9.0000000e+02
  -7.0859730e-04   9.1500000e+02
  -7.5147708e-04   9.3000000e+02
  -7.9073617e-04   9.4500000e+02
  -7.9278322e-04   9.6000000e+02
  -7.7039324e-04   9.7500000e+02
  -7.6398329e-04   9.9000000e+02
  -7.8934297e-04   1.0050000e+03
  -8.1971864e-04   1.0200000e+03
  -8.2512834e-04   1.0350000e+03
  -8.1317296e-04   1.0500000e+03
  -8.1373076e-04   1.0650000e+03
  -8.3281449e-04   1.0800000e+03
  -8.4681535e-04   1.0950000e+03
  -8.4325374e-04   1.1100000e+03
  -8.4012083e-04   1.1250000e+03
  -8.5408229e-04   1.1400000e+03
  -8.7354117e-04   1.1550000e+03
  -8.8087656e-04   1.1700000e+03
  -8.8256819e-04   1.1850000e+03
  -8.9601445e-04   1.2000000e+03
  -9.1999583e-04   1.2150000e+03
  -9.4045151e-04   1.2300000e+03
  -9.5602579e-04   1.2450000e+03
  -9.7609655e-04   1.2600000e+03
  -9.9954987e-04   1.2750000e+03
  -1.0158140e-03   1.2900000e+03
  -1.0237350e-03   1.3050000e+03
  -1.0321173e-03   1.3200000e+03
  -1.0439998e-03   1.3350000e+03
  -1.0552204e-03   1.3500000e+03
  -1.0659517e-03   1.3650000e+03
  -1.0805244e-03   1.3800000e+03
  -1.0980796e-03   1.3950000e+03
  -1.1143758e-03   1.4100000e+03
  -1.1302726e-03   1.4250000e+03
  -1.1491857e-03   1.4400000e+03
  -1.1691701e-03   1.4550000e+03
  -1.1853572e-03   1.4700000e+03
  -1.1972331e-03   1.4850000e+03
  -1.2076121e-03   1.5000000e+03
  -1.2180051e-03   1.5150000e+03
  -1.2294617e-03   1.5300000e+03
  -1.2439096e-03   1.5450000e+03
  -1.2610727e-03   1.5600000e+03
  -1.2778682e-03   1.5750000e+03
  -1.2930384e-03   1.5900000e+03
  -1.3087154e-03   1.6050000e+03
  -1.3265488e-03   1.6200000e+03
  -1.3459338e-03   1.6350000e+03
  -1.3662587e-03   1.6500000e+03
  -1.3876068e-03   1.6650000e+03
  -1.4092763e-03   1.6800000e+03
  -1.4302259e-03   1.6950000e+03
  -1.4509002e-03   1.7100000e+03
  -1.4728511e-03   1.7250000e+03
  -1.4966644e-03   1.7400000e+03
  -1.5209772e-03   1.7550000e+03
  -1.5431611e-03   1.7700000e+03
  -1.5611405e-03   1.7850000e+03
  -1.5753872e-03   1.8000000e+03
  -1.5886021e-03   1.8150000e+03
  -1.6027341e-03   1.8300000e+03
  -1.6174285e-03   1.8450000e+03
  -1.6321667e-03   1.8600000e+03
  -1.6480996e-03   1.8750000e+03
  -1.6663773e-03   1.8900000e+03
  -1.6861130e-03   1.9050000e+03
  -1.7054603e-03   1.9200000e+03
  -1.7236820e-03   1.9350000e+03
  -1.7410313e-03   1.9500000e+03
  -1.7576438e-03   1.9650000e+03
  -1.7738275e-03   1.9800000e+03
  -1.7908759e-03   1.9950000e+03
  -1.8101656e-03   2.0100000e+03
  -1.8313945e-03   2.0250000e+03
  -1.8527366e-03   2.0400000e+03
  -1.8731022e-03   2.0550000e+03
  -1.8934994e-03   2.0700000e+03
  -1.9156593e-03   2.0850000e+03
  -1.9398038e-03   2.1000000e+03
  -1.9643242e-03   2.1150000e+03
  -1.9874477e-03   2.1300000e+03
  -2.0087250e-03   2.1450000e+03
  -2.0291174e-03   2.1600000e+03
  -2.0500601e-03   2.1750000e+03
  -2.0723133e-03   2.1900000e+03
  -2.0954828e-03   2.2050000e+03
  -2.1186790e-03   2.2200000e+03
  -2.1415360e-03   2.2350000e+03
  -2.1641601e-03   2.2500000e+03
  -2.1862285e-03   2.2650000e+03
  -2.2068920e-03   2.2800000e+03
  -2.2257853e-03   2.2950000e+03
  -2.2434448e-03   2.3100000e+03
  -2.2604137e-03   2.3250000e+03
  -2.2765074e-03   2.3400000e+03
  -2.2912768e-03   2.3550000e+03
  -2.3046951e-03   2.3700000e+03
  -2.3169438e-03   2.3850000e+03
  -2.3278359e-03   2.4000000e+03
  -2.3369719e-03   2.4150000e+03
  -2.3445177e-03   2.4300000e+03
  -2.3514482e-03   2.4450000e+03
  -2.3586624e-03   2.4600000e+03
  -2.3656709e-03   2.4750000e+03
  -2.3702632e-03   2.4900000e+03
  -2.3698607e-03   2.5050000e+03
  -2.3634927e-03   2.5200000e+03
  -2.3523367e-03   2.5350000e+03
  -2.3381021e-03   2.5500000e+03
  -2.3208042e-03   2.5650000e+03
  -2.2980119e-03   2.5800000e+03
  -2.2659940e-03   2.5950000e+03
  -2.2214486e-03   2.6100000e+03
  -2.1624858e-03   2.6250000e+03
  -2.0881703e-03   2.6400000e+03
  -1.9967696e-03   2.6550000e+03
  -1.8840306e-03   2.6700000e+03
  -1.7432601e-03   2.6850000e+03
  -1.5672070e-03   2.7000000e+03
  -1.3495161e-03   2.7150000e+03
  -1.0837422e-03   2.7300000e+03
  -7.6074013e-04   2.7450000e+03
  -3.6697657e-04   2.7600000e+03
   1.1501825e-04   2.7750000e+03
   7.0556323e-04   2.7900000e+03
   1.4284671e-03   2.8050000e+03
   2.3136123e-03   2.8200000e+03
   3.3994759e-03   2.8350000e+03
   4.7338293e-03   2.8500000e+03
   6.3731894e-03   2.8650000e+03
   8.3833802e-03   2.8800000e+03
   1.0842333e-02   2.8950000e+03
   1.3843400e-02   2.9100000e+03
   1.7496364e-02   2.9250000e+03
   2.1925004e-02   2.9400000e+03
   2.7262418e-02   2.9550000e+03
   3.3645153e-02   2.9700000e+03
   4.1205306e-02   2.9850000e+03
   5.0058566e-02   3.0000000e+03
   6.0287271e-02   3.0150000e+03
   7.1919821e-02   3.0300000e+03
   8.4908508e-02   3.0450000e+03
   9.9107660e-02   3.0600000e+03
   1.1425465e-01   3.0750000e+03
   1.2995854e-01   3.0900000e+03
   1.4570379e-01   3.1050000e+03
   1.6087517e-01   3.1200000e+03
   1.7480478e-01   3.1350000e+03
   1.8683368e-01   3.1500000e+03
   1.9637474e-01   3.1650000e+03
   2.0296128e-01   3.1800000e+03
   2.0626910e-01   3.1950000e+03
   2.0610759e-01   3.2100000e+03
   2.0238616e-01   3.2250000e+03
   1.9507368e-01   3.2400000e+03
   1.8417370e-01   3.2550000e+03
   1.6973415e-01   3.2700000e+03
   1.5189572e-01   3.2850000e+03
   1.3096683e-01   3.3000000e+03
   1.0750038e-01   3.3150000e+03
   8.2341701e-02   3.3300000e+03
   5.6621119e-02   3.3450000e+03
   3.1675797e-02   3.3600000e+03
   8.9047831e-03   3.3750000e+03
  -1.0417413e-02   3.3900000e+03
  -2.5327720e-02   3.4050000e+03
  -3.5318892e-02   3.4200000e+03
  -4.0411215e-02   3.4350000e+03
  -4.1143108e-02   3.4500000e+03
  -3.8492627e-02   3.4650000e+03
  -3.3751436e-02   3.4800000e+03
  -2.8369995e-02   3.4950000e+03
  -2.3784138e-02   3.5100000e+03
  -2.1229230e-02   3.5250000e+03
  -2.1553434e-02   3.5400000e+03
  -2.5053468e-02   3.5550000e+03
  -3.1367715e-02   3.5700000e+03
  -3.9466552e-02   3.5850000e+03
  -4.7773063e-02   3.6000000e+03
  -5.4424182e-02   3.6150000e+03
  -5.7641763e-02   3.6300000e+03
  -5.6136172e-02   3.6450000e+03
  -4.9433060e-02   3.6600000e+03
  -3.8018830e-02   3.6750000e+03
  -2.3248222e-02   3.6900000e+03
  -7.0346734e-03   3.7050000e+03
   8.5811680e-03   3.7200000e+03
   2.1848707e-02   3.7350000e+03
   3.1587243e-02   3.7500000e+03
   3.7265994e-02   3.7650000e+03
   3.8902853e-02   3.7800000e+03
   3.6863424e-02   3.7950000e+03
   3.1660575e-02   3.8100000e+03
   2.3828385e-02   3.8250000e+03
   1.3894316e-02   3.8400000e+03
   2.4269132e-03   3.8550000e+03
  -9.8917978e-03   3.8700000e+03
  -2.2227069e-02   3.8850000e+03
  -3.3631336e-02   3.9000000e+03
  -4.3178678e-02   3.9150000e+03
  -5.0163563e-02   3.9300000e+03
  -5.4289866e-02   3.9450000e+03
  -5.5760805e-02   3.9600000e+03
  -5.5212513e-02   3.9750000e+03
  -5.3503249e-02   3.9900000e+03
  -5.1439494e-02   4.0050000e+03
  -4.9548090e-02   4.0200000e+03
  -4.7974639e-02   4.0350000e+03
  -4.6523485e-02   4.0500000e+03
  -4.4794958e-02   4.0650000e+03
  -4.2353068e-02   4.0800000e+03
  -3.8873523e-02   4.0950000e+03
  -3.4252662e-02   4.1100000e+03
  -2.8673101e-02   4.1250000e+03
  -2.2612814e-02   4.1400000e+03
  -1.6771460e-02   4.1550000e+03
  -1.1901511e-02   4.1700000e+03
  -8.5815145e-03   4.1850000e+03
  -7.0232078e-03   4.2000000e+03
  -7.0118578e-03   4.2150000e+03
  -8.0152340e-03   4.2300000e+03
  -9.3958108e-03   4.2450000e+03
  -1.0598958e-02   4.2600000e+03
  -1.1220736e-02   4.2750000e+03
  -1.0961494e-02   4.2900000e+03
  -9.5615201e-03   4.3050000e+03
  -6.8159588e-03   4.3200000e+03
  -2.6792842e-03   4.3350000e+03
   2.6272093e-03   4.3500000e+03
   8.6123236e-03   4.3650000e+03
   1.4650662e-02   4.3800000e+03
   2.0186722e-02   4.3950000e+03
   2.4885304e-02   4.4100000e+03
   2.8646683e-02   4.4250000e+03
   3.1503957e-02   4.4400000e+03
   3.3501022e-02   4.4550000e+03
   3.4650777e-02   4.4700000e+03
   3.4993116e-02   4.4850000e+03
   3.4675814e-02   4.5000000e+03
