  -6.2204124e-03   0.0000000e+00
  -6.2199309e-03   1.5000000e+01
  -6.2187593e-03   3.0000000e+01
  -6.2178182e-03   4.5000000e+01
  -6.2181605e-03   6.0000000e+01
  -6.2204655e-03   7.5000000e+01
  -6.2248027e-03   9.0000000e+01
  -6.2308596e-03   1.0500000e+02
  -6.2385108e-03   1.2000000e+02
  -6.2482264e-03   1.3500000e+02
  -6.2605306e-03   1.5000000e+02
  -6.2754154e-03   1.6500000e+02
  -6.2927622e-03   1.8000000e+02
  -6.3123526e-03   1.9500000e+02
  -6.3332445e-03   2.1000000e+02
  -6.3544409e-03   2.2500000e+02
  -6.3762213e-03   2.4000000e+02
  -6.3999780e-03   2.5500000e+02
  -6.4266552e-03   2.7000000e+02
  -6.4554913e-03   2.8500000e+02
  -6.4845383e-03   3.0000000e+02
  -6.5125367e-03   3.1500000e+02
  -6.5403036e-03   3.3000000e+02
  -6.5704091e-03   3.4500000e+02
  -6.6051288e-03   3.6000000e+02
  -6.6442653e-03   3.7500000e+02
  -6.6858758e-03   3.9000000e+02
  -6.7295590e-03   4.0500000e+02
  -6.7765377e-03   4.2000000e+02
  -6.8251067e-03   4.3500000e+02
  -6.8699494e-03   4.5000000e+02
  -6.9086072e-03   4.6500000e+02
  -6.9445428e-03   4.8000000e+02
  -6.9818692e-03   4.9500000e+02
  -7.0216716e-03   5.1000000e+02
  -7.0650675e-03   5.2500000e+02
  -7.1153301e-03   5.4000000e+02
  -7.1746521e-03   5.5500000e+02
  -7.2420775e-03   5.7000000e+02
  -7.3167216e-03   5.8500000e+02
  -7.3992275e-03   6.0000000e+02
  -7.4875532e-03   6.1500000e+02
  -7.5766323e-03   6.3000000e+02
  -7.6649394e-03   6.4500000e+02
  -7.7558397e-03   6.6000000e+02
  -7.8521119e-03   6.7500000e+02
  -7.9551795e-03   6.9000000e+02
  -8.0674756e-03   7.0500000e+02
  -8.1899492e-03   7.2000000e+02
  -8.3204033e-03   7.3500000e+02
  -8.4566046e-03   7.5000000e+02
  -8.5975835e-03   7.6500000e+02
  -8.7429229e-03   7.8000000e+02
  -8.8943131e-03   7.9500000e+02
  -9.0561891e-03   8.1000000e+02
  -9.2330547e-03   8.2500000e+02
  -9.4273109e-03   8.4000000e+02
  -9.6393758e-03   8.5500000e+02
  -9.8690642e-03   8.7000000e+02
  -1.0117824e-02   8.8500000e+02
  -1.0389427e-02   9.0000000e+02
  -1.0687495e-02   9.1500000e+02
  -1.1014152e-02   9.3000000e+02
  -1.1372275e-02   9.4500000e+02
  -1.1767137e-02   9.6000000e+02
  -1.2205181e-02   9.7500000e+02
  -1.2691858e-02   9.9000000e+02
  -1.3230207e-02   1.0050000e+03
  -1.3820607e-02   1.0200000e+03
  -1.4460144e-02   1.0350000e+03
  -1.5139068e-02   1.0500000e+03
  -1.5832916e-02   1.0650000e+03
  -1.6485386e-02   1.0800000e+03
  -1.6968569e-02   1.0950000e+03
  -1.6999789e-02   1.1100000e+03
  -1.5992858e-02   1.1250000e+03
  -1.2833974e-02   1.1400000e+03
  -5.6140544e-03   1.1550000e+03
   8.5595297e-03   1.1700000e+03
   3.3409182e-02   1.1850000e+03
   7.2615854e-02   1.2000000e+03
   1.2794213e-01   1.2150000e+03
   1.9654679e-01   1.2300000e+03
   2.6858985e-01   1.2450000e+03
   3.2710591e-01   1.2600000e+03
   3.5205010e-01   1.2750000e+03
   3.2854289e-01   1.2900000e+03
   2.5598997e-01   1.3050000e+03
   1.5215550e-01   1.3200000e+03
   4.7460694e-02   1.3350000e+03
  -2.9287742e-02   1.3500000e+03
  -6.5429591e-02   1.3650000e+03
  -6.9074966e-02   1.3800000e+03
  -6.0349591e-02   1.3950000e+03
  -5.6350313e-02   1.4100000e+03
  -6.1610125e-02   1.4250000e+03
  -6.9939286e-02   1.4400000e+03
  -7.3162414e-02   1.4550000e+03
  -6.8200186e-02   1.4700000e+03
  -5.8642797e-02   1.4850000e+03
  -5.2492850e-02   1.5000000e+03
  -5.7743434e-02   1.5150000e+03
  -7.6032579e-02   1.5300000e+03
  -9.7902574e-02   1.5450000e+03
  -1.0646737e-01   1.5600000e+03
  -8.9984842e-02   1.5750000e+03
  -5.2058950e-02   1.5900000e+03
  -7.9429364e-03   1.6050000e+03
   2.8920226e-02   1.6200000e+03
   5.4082770e-02   1.6350000e+03
   6.6261299e-02   1.6500000e+03
   5.9893519e-02   1.6650000e+03
   2.8702192e-02   1.6800000e+03
  -2.3817355e-02   1.6950000e+03
  -8.1008799e-02   1.7100000e+03
  -1.2121013e-01   1.7250000e+03
  -1.2866281e-01   1.7400000e+03
  -9.8762929e-02   1.7550000e+03
  -3.7929483e-02   1.7700000e+03
   3.8488653e-02   1.7850000e+03
   1.0967515e-01   1.8000000e+03
   1.5452000e-01   1.8150000e+03
   1.5731311e-01   1.8300000e+03
   1.1316399e-01   1.8450000e+03
   3.3331409e-02   1.8600000e+03
  -5.2204784e-02   1.8750000e+03
  -1.0183385e-01   1.8900000e+03
  -8.3275273e-02   1.9050000e+03
   9.2327173e-05   1.9200000e+03
   9.9185273e-02   1.9350000e+03
   1.4383392e-01   1.9500000e+03
   9.4186395e-02   1.9650000e+03
  -1.9723946e-02   1.9800000e+03
  -1.1083114e-01   1.9950000e+03
  -1.0102067e-01   2.0100000e+03
   1.0708746e-02   2.0250000e+03
   1.4103676e-01   2.0400000e+03
   1.9054827e-01   2.0550000e+03
   1.3035876e-01   2.0700000e+03
   2.5331009e-02   2.0850000e+03
  -3.2275442e-02   2.1000000e+03
  -1.5431663e-02   2.1150000e+03
   1.3706833e-02   2.1300000e+03
  -2.4066700e-02   2.1450000e+03
  -1.3163686e-01   2.1600000e+03
  -2.2202618e-01   2.1750000e+03
  -2.0186326e-01   2.1900000e+03
  -6.4062759e-02   2.2050000e+03
   1.0693549e-01   2.2200000e+03
   2.1655263e-01   2.2350000e+03
   2.3548932e-01   2.2500000e+03
   1.9467047e-01   2.2650000e+03
   1.2555988e-01   2.2800000e+03
   2.9655142e-02   2.2950000e+03
  -9.0368047e-02   2.3100000e+03
  -1.9307069e-01   2.3250000e+03
  -2.1743996e-01   2.3400000e+03
  -1.4306299e-01   2.3550000e+03
  -1.7376654e-02   2.3700000e+03
   8.4745005e-02   2.3850000e+03
   1.2235793e-01   2.4000000e+03
   1.0606948e-01   2.4150000e+03
   6.6663243e-02   2.4300000e+03
   2.1945342e-02   2.4450000e+03
  -2.5079032e-02   2.4600000e+03
  -6.9523267e-02   2.4750000e+03
  -9.7626768e-02   2.4900000e+03
  -9.6548192e-02   2.5050000e+03
  -6.7676201e-02   2.5200000e+03
  -2.9655753e-02   2.5350000e+03
  -7.0689335e-03   2.5500000e+03
  -1.1901340e-02   2.5650000e+03
  -3.3822879e-02   2.5800000e+03
  -5.0758202e-02   2.5950000e+03
  -5.0080907e-02   2.6100000e+03
  -3.6815245e-02   2.6250000e+03
  -2.1041507e-02   2.6400000e+03
  -3.6081518e-03   2.6550000e+03
   2.0774527e-02   2.6700000e+03
   5.0055161e-02   2.6850000e+03
   7.1064927e-02   2.7000000e+03
   6.9644682e-02   2.7150000e+03
   4.1837145e-02   2.7300000e+03
  -2.8581943e-03   2.7450000e+03
  -4.5144316e-02   2.7600000e+03
  -6.5508038e-02   2.7750000e+03
  -5.8035921e-02   2.7900000e+03
  -3.7049312e-02   2.8050000e+03
  -2.4953054e-02   2.8200000e+03
  -3.0489348e-02   2.8350000e+03
  -4.2031091e-02   2.8500000e+03
  -4.3555174e-02   2.8650000e+03
  -3.1803593e-02   2.8800000e+03
  -1.3757362e-02   2.8950000e+03
   6.9622826e-03   2.9100000e+03
   3.1842716e-02   2.9250000e+03
   5.5874422e-02   2.9400000e+03
   6.4213984e-02   2.9550000e+03
   4.7299568e-02   2.9700000e+03
   1.5386749e-02   2.9850000e+03
  -9.1751302e-03   3.0000000e+03
  -1.4426081e-02   3.0150000e+03
  -8.7742694e-03   3.0300000e+03
  -7.8866761e-03   3.0450000e+03
  -1.6615067e-02   3.0600000e+03
  -2.6734987e-02   3.0750000e+03
  -2.8731534e-02   3.0900000e+03
  -2.0842588e-02   3.1050000e+03
  -7.2757686e-03   3.1200000e+03
   7.5770756e-03   3.1350000e+03
   2.1119071e-02   3.1500000e+03
   3.1563289e-02   3.1650000e+03
   3.7723295e-02   3.1800000e+03
   3.9140619e-02   3.1950000e+03
   3.4959186e-02   3.2100000e+03
   2.3505729e-02   3.2250000e+03
   4.6653850e-03   3.2400000e+03
  -1.7631065e-02   3.2550000e+03
  -3.6878161e-02   3.2700000e+03
  -4.8393350e-02   3.2850000e+03
  -5.1765166e-02   3.3000000e+03
  -4.9476568e-02   3.3150000e+03
  -4.4507515e-02   3.3300000e+03
  -3.9377961e-02   3.3450000e+03
  -3.5671614e-02   3.3600000e+03
  -3.2670897e-02   3.3750000e+03
  -2.6675766e-02   3.3900000e+03
  -1.3565975e-02   3.4050000e+03
   6.3819690e-03   3.4200000e+03
   2.6332643e-02   3.4350000e+03
   3.6973644e-02   3.4500000e+03
   3.4171354e-02   3.4650000e+03
   2.2927430e-02   3.4800000e+03
   1.3154793e-02   3.4950000e+03
   1.0986402e-02   3.5100000e+03
   1.4314863e-02   3.5250000e+03
   1.6842281e-02   3.5400000e+03
   1.5364460e-02   3.5550000e+03
   1.1630986e-02   3.5700000e+03
   7.5462451e-03   3.5850000e+03
   1.2882553e-03   3.6000000e+03
  -9.8672388e-03   3.6150000e+03
  -2.4210177e-02   3.6300000e+03
  -3.5795979e-02   3.6450000e+03
  -4.0290277e-02   3.6600000e+03
  -3.8495965e-02   3.6750000e+03
  -3.3234309e-02   3.6900000e+03
  -2.4921380e-02   3.7050000e+03
  -1.2425965e-02   3.7200000e+03
   2.8128815e-03   3.7350000e+03
   1.6523045e-02   3.7500000e+03
   2.6228700e-02   3.7650000e+03
   3.3992715e-02   3.7800000e+03
   4.2890538e-02   3.7950000e+03
   5.1928923e-02   3.8100000e+03
   5.6433588e-02   3.8250000e+03
   5.3189594e-02   3.8400000e+03
   4.3308314e-02   3.8550000e+03
   2.9800741e-02   3.8700000e+03
   1.4578803e-02   3.8850000e+03
  -5.0323945e-04   3.9000000e+03
  -1.1121218e-02   3.9150000e+03
  -1.1918908e-02   3.9300000e+03
  -1.6271375e-03   3.9450000e+03
   1.4043154e-02   3.9600000e+03
   2.5137516e-02   3.9750000e+03
   2.2963371e-02   3.9900000e+03
   4.2342525e-03   4.0050000e+03
  -2.6931237e-02   4.0200000e+03
  -5.8946483e-02   4.0350000e+03
  -7.6513417e-02   4.0500000e+03
  -6.8905674e-02   4.0650000e+03
  -3.7828669e-02   4.0800000e+03
   2.3805557e-03   4.0950000e+03
   3.3399232e-02   4.1100000e+03
   4.3672018e-02   4.1250000e+03
   3.3728477e-02   4.1400000e+03
   1.4115350e-02   4.1550000e+03
  -1.4304552e-03   4.1700000e+03
  -4.0291017e-03   4.1850000e+03
   4.9639829e-03   4.2000000e+03
   1.5220891e-02   4.2150000e+03
   1.5588493e-02   4.2300000e+03
   2.9683239e-03   4.2450000e+03
  -1.5801061e-02   4.2600000e+03
  -3.0240661e-02   4.2750000e+03
  -3.4265190e-02   4.2900000e+03
  -2.9210182e-02   4.3050000e+03
  -2.0977600e-02   4.3200000e+03
  -1.4961789e-02   4.3350000e+03
  -1.2411132e-02   4.3500000e+03
  -1.0115786e-02   4.3650000e+03
  -3.7165093e-03   4.3800000e+03
   7.4592954e-03   4.3950000e+03
   1.8345848e-02   4.4100000e+03
   2.1644302e-02   4.4250000e+03
   1.4290033e-02   4.4400000e+03
   7.4028928e-04   4.4550000e+03
  -1.0276545e-02   4.4700000e+03
  -1.2617780e-02   4.4850000e+03
  -7.1366713e-03   4.5000000e+03
