  -1.2407403e-03   0.0000000e+00
  -1.2407406e-03   1.5000000e+01
  -1.2407593e-03   3.0000000e+01
  -1.2408217e-03   4.5000000e+01
  -1.2409090e-03   6.0000000e+01
  -1.2409592e-03   7.5000000e+01
  -1.2409305e-03   9.0000000e+01
  -1.2408674e-03   1.0500000e+02
  -1.2408887e-03   1.2000000e+02
  -1.2410827e-03   1.3500000e+02
  -1.2413564e-03   1.5000000e+02
  -1.2413326e-03   1.6500000e+02
  -1.2400993e-03   1.8000000e+02
  -1.2348115e-03   1.9500000e+02
  -1.2171054e-03   2.1000000e+02
  -1.1692118e-03   2.2500000e+02
  -1.0678432e-03   2.4000000e+02
  -9.0502237e-04   2.5500000e+02
  -7.1755383e-04   2.7000000e+02
  -5.8780872e-04   2.8500000e+02
  -5.8452261e-04   3.0000000e+02
  -6.8362232e-04   3.1500000e+02
  -7.7136722e-04   3.3000000e+02
  -7.6102035e-04   3.4500000e+02
  -6.9245300e-04   3.6000000e+02
  -6.7142362e-04   3.7500000e+02
  -7.2149804e-04   3.9000000e+02
  -7.6245685e-04   4.0500000e+02
  -7.4218604e-04   4.2000000e+02
  -7.0961204e-04   4.3500000e+02
  -7.2162086e-04   4.5000000e+02
  -7.5284153e-04   4.6500000e+02
  -7.5356202e-04   4.8000000e+02
  -7.3641201e-04   4.9500000e+02
  -7.4182136e-04   5.1000000e+02
  -7.6333771e-04   5.2500000e+02
  -7.6858816e-04   5.4000000e+02
  -7.6028047e-04   5.5500000e+02
  -7.6337100e-04   5.7000000e+02
  -7.7663315e-04   5.8500000e+02
  -7.8079599e-04   6.0000000e+02
  -7.7690475e-04   6.1500000e+02
  -7.8045978e-04   6.3000000e+02
  -7.9054118e-04   6.4500000e+02
  -7.9492386e-04   6.6000000e+02
  -7.9428946e-04   6.7500000e+02
  -7.9619675e-04   6.9000000e+02
  -7.9630472e-04   7.0500000e+02
  -7.8504684e-04   7.2000000e+02
  -7.6171226e-04   7.3500000e+02
  -7.2926143e-04   7.5000000e+02
  -6.8804529e-04   7.6500000e+02
  -6.4530707e-04   7.8000000e+02
  -6.2069914e-04   7.9500000e+02
  -6.3274067e-04   8.1000000e+02
  -6.8225461e-04   8.2500000e+02
  -7.4924511e-04   8.4000000e+02
  -8.0187421e-04   8.5500000e+02
  -8.1472064e-04   8.7000000e+02
  -7.9076138e-04   8.8500000e+02
  -7.6457637e-04   9.0000000e+02
  -7.7170873e-04   9.1500000e+02
  -8.1136689e-04   9.3000000e+02
  -8.4756204e-04   9.4500000e+02
  -8.5126510e-04   9.6000000e+02
  -8.3382439e-04   9.7500000e+02
  -8.3034183e-04   9.9000000e+02
  -8.5435924e-04   1.0050000e+03
  -8.8254490e-04   1.0200000e+03
  -8.8877842e-04   1.0350000e+03
  -8.7955629e-04   1.0500000e+03
  -8.8089518e-04   1.0650000e+03
  -8.9831837e-04   1.0800000e+03
  -9.1152254e-04   1.0950000e+03
  -9.0947089e-04   1.1100000e+03
  -9.0752344e-04   1.1250000e+03
  -9.2027039e-04   1.1400000e+03
  -9.3805586e-04   1.1550000e+03
  -9.4587979e-04   1.1700000e+03
  -9.4941043e-04   1.1850000e+03
  -9.6369925e-04   1.2000000e+03
  -9.8763267e-04   1.2150000e+03
  -1.0087650e-03   1.2300000e+03
  -1.0255660e-03   1.2450000e+03
  -1.0461041e-03   1.2600000e+03
  -1.0697405e-03   1.2750000e+03
  -1.0877039e-03   1.2900000e+03
  -1.0991036e-03   1.3050000e+03
  -1.1113245e-03   1.3200000e+03
  -1.1265525e-03   1.3350000e+03
  -1.1408175e-03   1.3500000e+03
  -1.1543045e-03   1.3650000e+03
  -1.1712018e-03   1.3800000e+03
  -1.1912003e-03   1.3950000e+03
  -1.2106989e-03   1.4100000e+03
  -1.2302208e-03   1.4250000e+03
  -1.2525521e-03   1.4400000e+03
  -1.2760828e-03   1.4550000e+03
  -1.2967027e-03   1.4700000e+03
  -1.3138356e-03   1.4850000e+03
  -1.3297367e-03   1.5000000e+03
  -1.3458831e-03   1.5150000e+03
  -1.3636437e-03   1.5300000e+03
  -1.3848962e-03   1.5450000e+03
  -1.4091454e-03   1.5600000e+03
  -1.4334121e-03   1.5750000e+03
  -1.4566374e-03   1.5900000e+03
  -1.4809154e-03   1.6050000e+03
  -1.5077243e-03   1.6200000e+03
  -1.5362593e-03   1.6350000e+03
  -1.5657271e-03   1.6500000e+03
  -1.5962617e-03   1.6650000e+03
  -1.6275034e-03   1.6800000e+03
  -1.6586769e-03   1.6950000e+03
  -1.6901277e-03   1.7100000e+03
  -1.7232550e-03   1.7250000e+03
  -1.7589604e-03   1.7400000e+03
  -1.7965443e-03   1.7550000e+03
  -1.8337445e-03   1.7700000e+03
  -1.8681739e-03   1.7850000e+03
  -1.8995972e-03   1.8000000e+03
  -1.9302783e-03   1.8150000e+03
  -1.9623092e-03   1.8300000e+03
  -1.9956194e-03   1.8450000e+03
  -2.0294448e-03   1.8600000e+03
  -2.0643023e-03   1.8750000e+03
  -2.1011783e-03   1.8900000e+03
  -2.1399227e-03   1.9050000e+03
  -2.1797605e-03   1.9200000e+03
  -2.2205578e-03   1.9350000e+03
  -2.2625604e-03   1.9500000e+03
  -2.3056788e-03   1.9650000e+03
  -2.3500915e-03   1.9800000e+03
  -2.3970474e-03   1.9950000e+03
  -2.4480349e-03   2.0100000e+03
  -2.5032589e-03   2.0250000e+03
  -2.5617161e-03   2.0400000e+03
  -2.6228051e-03   2.0550000e+03
  -2.6871350e-03   2.0700000e+03
  -2.7555036e-03   2.0850000e+03
  -2.8275403e-03   2.1000000e+03
  -2.9017129e-03   2.1150000e+03
  -2.9764206e-03   2.1300000e+03
  -3.0510160e-03   2.1450000e+03
  -3.1263425e-03   2.1600000e+03
  -3.2046332e-03   2.1750000e+03
  -3.2883561e-03   2.1900000e+03
  -3.3786572e-03   2.2050000e+03
  -3.4750483e-03   2.2200000e+03
  -3.5766046e-03   2.2350000e+03
  -3.6827209e-03   2.2500000e+03
  -3.7925995e-03   2.2650000e+03
  -3.9050675e-03   2.2800000e+03
  -4.0197582e-03   2.2950000e+03
  -4.1379500e-03   2.3100000e+03
  -4.2616534e-03   2.3250000e+03
  -4.3922369e-03   2.3400000e+03
  -4.5303716e-03   2.3550000e+03
  -4.6768342e-03   2.3700000e+03
  -4.8327744e-03   2.3850000e+03
  -4.9996534e-03   2.4000000e+03
  -5.1797819e-03   2.4150000e+03
  -5.3769308e-03   2.4300000e+03
  -5.5955211e-03   2.4450000e+03
  -5.8383145e-03   2.4600000e+03
  -6.1046737e-03   2.4750000e+03
  -6.3912128e-03   2.4900000e+03
  -6.6946018e-03   2.5050000e+03
  -7.0140036e-03   2.5200000e+03
  -7.3498320e-03   2.5350000e+03
  -7.6970998e-03   2.5500000e+03
  -8.0342479e-03   2.5650000e+03
  -8.3093280e-03   2.5800000e+03
  -8.4232613e-03   2.5950000e+03
  -8.2068872e-03   2.6100000e+03
  -7.3889475e-03   2.6250000e+03
  -5.5575017e-03   2.6400000e+03
  -2.1271824e-03   2.6550000e+03
   3.6631636e-03   2.6700000e+03
   1.2689410e-02   2.6850000e+03
   2.5786664e-02   2.7000000e+03
   4.3486793e-02   2.7150000e+03
   6.5674856e-02   2.7300000e+03
   9.1249034e-02   2.7450000e+03
   1.1793393e-01   2.7600000e+03
   1.4243269e-01   2.7750000e+03
   1.6105483e-01   2.7900000e+03
   1.7078689e-01   2.8050000e+03
   1.7050691e-01   2.8200000e+03
   1.6179626e-01   2.8350000e+03
   1.4874995e-01   2.8500000e+03
   1.3647671e-01   2.8650000e+03
   1.2859784e-01   2.8800000e+03
   1.2475406e-01   2.8950000e+03
   1.1948861e-01   2.9100000e+03
   1.0353173e-01   2.9250000e+03
   6.7453004e-02   2.9400000e+03
   6.3489531e-03   2.9550000e+03
  -7.6549001e-02   2.9700000e+03
  -1.6916741e-01   2.9850000e+03
  -2.5332788e-01   3.0000000e+03
  -3.0994600e-01   3.0150000e+03
  -3.2479545e-01   3.0300000e+03
  -2.9296809e-01   3.0450000e+03
  -2.2076641e-01   3.0600000e+03
  -1.2440994e-01   3.0750000e+03
  -2.5541712e-02   3.0900000e+03
   5.5521823e-02   3.1050000e+03
   1.0648042e-01   3.1200000e+03
   1.2647191e-01   3.1350000e+03
   1.2396330e-01   3.1500000e+03
   1.0988688e-01   3.1650000e+03
   9.0149321e-02   3.1800000e+03
   6.2551945e-02   3.1950000e+03
   2.0393912e-02   3.2100000e+03
  -3.9629031e-02   3.2250000e+03
  -1.1066921e-01   3.2400000e+03
  -1.7480016e-01   3.2550000e+03
  -2.0891882e-01   3.2700000e+03
  -1.9465187e-01   3.2850000e+03
  -1.2760314e-01   3.3000000e+03
  -2.1670982e-02   3.3150000e+03
   9.3976639e-02   3.3300000e+03
   1.8492721e-01   3.3450000e+03
   2.2504118e-01   3.3600000e+03
   2.0756793e-01   3.3750000e+03
   1.4804210e-01   3.3900000e+03
   7.6509722e-02   3.4050000e+03
   2.2188649e-02   3.4200000e+03
  -1.4011813e-03   3.4350000e+03
  -1.7904185e-03   3.4500000e+03
   8.0613937e-04   3.4650000e+03
  -9.3642073e-03   3.4800000e+03
  -3.0188089e-02   3.4950000e+03
  -4.3547031e-02   3.5100000e+03
  -3.2696508e-02   3.5250000e+03
  -1.5007984e-03   3.5400000e+03
   2.2362620e-02   3.5550000e+03
   6.6913744e-03   3.5700000e+03
  -5.6410231e-02   3.5850000e+03
  -1.3616899e-01   3.6000000e+03
  -1.7883863e-01   3.6150000e+03
  -1.4577454e-01   3.6300000e+03
  -4.6136487e-02   3.6450000e+03
   6.2993668e-02   3.6600000e+03
   1.1314233e-01   3.6750000e+03
   7.2748616e-02   3.6900000e+03
  -2.8902315e-02   3.7050000e+03
  -1.2117516e-01   3.7200000e+03
  -1.4103596e-01   3.7350000e+03
  -7.4887604e-02   3.7500000e+03
   3.7027352e-02   3.7650000e+03
   1.3407119e-01   3.7800000e+03
   1.7784683e-01   3.7950000e+03
   1.7057607e-01   3.8100000e+03
   1.3853218e-01   3.8250000e+03
   1.0046951e-01   3.8400000e+03
   5.2767266e-02   3.8550000e+03
  -1.4998585e-02   3.8700000e+03
  -9.2096634e-02   3.8850000e+03
  -1.3933466e-01   3.9000000e+03
  -1.1692647e-01   3.9150000e+03
  -2.5509024e-02   3.9300000e+03
   8.0447517e-02   3.9450000e+03
   1.2689196e-01   3.9600000e+03
   7.8323260e-02   3.9750000e+03
  -2.9799895e-02   3.9900000e+03
  -1.1525781e-01   4.0050000e+03
  -1.1257484e-01   4.0200000e+03
  -2.4117934e-02   4.0350000e+03
   8.2836255e-02   4.0500000e+03
   1.2972222e-01   4.0650000e+03
   8.7026492e-02   4.0800000e+03
  -6.0208775e-03   4.0950000e+03
  -7.5773410e-02   4.1100000e+03
  -7.3339611e-02   4.1250000e+03
  -1.1236820e-02   4.1400000e+03
   5.0775450e-02   4.1550000e+03
   5.7778642e-02   4.1700000e+03
   5.7602418e-03   4.1850000e+03
  -5.7171516e-02   4.2000000e+03
  -7.4617341e-02   4.2150000e+03
  -3.1391747e-02   4.2300000e+03
   3.5178829e-02   4.2450000e+03
   7.0509411e-02   4.2600000e+03
   5.0513268e-02   4.2750000e+03
  -1.3591158e-03   4.2900000e+03
  -3.9785128e-02   4.3050000e+03
  -3.8387749e-02   4.3200000e+03
  -8.0676554e-03   4.3350000e+03
   1.9359658e-02   4.3500000e+03
   2.1736141e-02   4.3650000e+03
   2.1353283e-03   4.3800000e+03
  -2.0482393e-02   4.3950000e+03
  -3.1058388e-02   4.4100000e+03
  -2.8457144e-02   4.4250000e+03
  -2.0075403e-02   4.4400000e+03
  -1.1712522e-02   4.4550000e+03
  -4.5238477e-03   4.4700000e+03
   1.0027516e-03   4.4850000e+03
   2.7542531e-03   4.5000000e+03
