  -4.1294121e-03   0.0000000e+00
  -4.1290969e-03   1.5000000e+01
  -4.1282973e-03   3.0000000e+01
  -4.1275918e-03   4.5000000e+01
  -4.1278815e-03   6.0000000e+01
  -4.1298755e-03   7.5000000e+01
  -4.1334955e-03   9.0000000e+01
  -4.1381172e-03   1.0500000e+02
  -4.1433931e-03   1.2000000e+02
  -4.1498025e-03   1.3500000e+02
  -4.1582906e-03   1.5000000e+02
  -4.1693486e-03   1.6500000e+02
  -4.1829641e-03   1.8000000e+02
  -4.1991691e-03   1.9500000e+02
  -4.2180591e-03   2.1000000e+02
  -4.2397087e-03   2.2500000e+02
  -4.2641363e-03   2.4000000e+02
  -4.2909123e-03   2.5500000e+02
  -4.3191174e-03   2.7000000e+02
  -4.3480578e-03   2.8500000e+02
  -4.3777735e-03   3.0000000e+02
  -4.4086720e-03   3.1500000e+02
  -4.4407891e-03   3.3000000e+02
  -4.4734636e-03   3.4500000e+02
  -4.5053377e-03   3.6000000e+02
  -4.5345165e-03   3.7500000e+02
  -4.5597176e-03   3.9000000e+02
  -4.5818072e-03   4.0500000e+02
  -4.6026031e-03   4.2000000e+02
  -4.6211965e-03   4.3500000e+02
  -4.6334458e-03   4.5000000e+02
  -4.6364092e-03   4.6500000e+02
  -4.6313512e-03   4.8000000e+02
  -4.6215705e-03   4.9500000e+02
  -4.6094717e-03   5.1000000e+02
  -4.5962571e-03   5.2500000e+02
  -4.5823874e-03   5.4000000e+02
  -4.5671584e-03   5.5500000e+02
  -4.5487303e-03   5.7000000e+02
  -4.5259241e-03   5.8500000e+02
  -4.4992869e-03   6.0000000e+02
  -4.4687795e-03   6.1500000e+02
  -4.4322563e-03   6.3000000e+02
  -4.3884516e-03   6.4500000e+02
  -4.3388242e-03   6.6000000e+02
  -4.2847535e-03   6.7500000e+02
  -4.2259702e-03   6.9000000e+02
  -4.1621877e-03   7.0500000e+02
  -4.0934621e-03   7.2000000e+02
  -4.0193112e-03   7.3500000e+02
  -3.9387853e-03   7.5000000e+02
  -3.8505627e-03   7.6500000e+02
  -3.7531317e-03   7.8000000e+02
  -3.6454736e-03   7.9500000e+02
  -3.5266946e-03   8.1000000e+02
  -3.3951637e-03   8.2500000e+02
  -3.2491256e-03   8.4000000e+02
  -3.0876470e-03   8.5500000e+02
  -2.9102645e-03   8.7000000e+02
  -2.7159730e-03   8.8500000e+02
  -2.5023594e-03   9.0000000e+02
  -2.2655451e-03   9.1500000e+02
  -2.0013656e-03   9.3000000e+02
  -1.7059940e-03   9.4500000e+02
  -1.3749279e-03   9.6000000e+02
  -1.0023002e-03   9.7500000e+02
  -5.8098231e-04   9.9000000e+02
  -1.0244739e-04   1.0050000e+03
   4.4265582e-04   1.0200000e+03
   1.0637662e-03   1.0350000e+03
   1.7712023e-03   1.0500000e+03
   2.5770885e-03   1.0650000e+03
   3.4954643e-03   1.0800000e+03
   4.5435214e-03   1.0950000e+03
   5.7438854e-03   1.1100000e+03
   7.1256463e-03   1.1250000e+03
   8.7235458e-03   1.1400000e+03
   1.0576363e-02   1.1550000e+03
   1.2725499e-02   1.1700000e+03
   1.5214165e-02   1.1850000e+03
   1.8087070e-02   1.2000000e+03
   2.1389699e-02   1.2150000e+03
   2.5165880e-02   1.2300000e+03
   2.9454399e-02   1.2450000e+03
   3.4288868e-02   1.2600000e+03
   3.9703939e-02   1.2750000e+03
   4.5744564e-02   1.2900000e+03
   5.2470092e-02   1.3050000e+03
   5.9947114e-02   1.3200000e+03
   6.8231642e-02   1.3350000e+03
   7.7347115e-02   1.3500000e+03
   8.7266654e-02   1.3650000e+03
   9.7906224e-02   1.3800000e+03
   1.0913120e-01   1.3950000e+03
   1.2077441e-01   1.4100000e+03
   1.3265814e-01   1.4250000e+03
   1.4460929e-01   1.4400000e+03
   1.5645736e-01   1.4550000e+03
   1.6801433e-01   1.4700000e+03
   1.7904747e-01   1.4850000e+03
   1.8926498e-01   1.5000000e+03
   1.9832975e-01   1.5150000e+03
   2.0590086e-01   1.5300000e+03
   2.1168517e-01   1.5450000e+03
   2.1547443e-01   1.5600000e+03
   2.1715520e-01   1.5750000e+03
   2.1669899e-01   1.5900000e+03
   2.1415247e-01   1.6050000e+03
   2.0963927e-01   1.6200000e+03
   2.0336457e-01   1.6350000e+03
   1.9560474e-01   1.6500000e+03
   1.8667507e-01   1.6650000e+03
   1.7688909e-01   1.6800000e+03
   1.6652849e-01   1.6950000e+03
   1.5583068e-01   1.7100000e+03
   1.4498807e-01   1.7250000e+03
   1.3415277e-01   1.7400000e+03
   1.2344661e-01   1.7550000e+03
   1.1297649e-01   1.7700000e+03
   1.0284891e-01   1.7850000e+03
   9.3175948e-02   1.8000000e+03
   8.4071442e-02   1.8150000e+03
   7.5644039e-02   1.8300000e+03
   6.7994647e-02   1.8450000e+03
   6.1217878e-02   1.8600000e+03
   5.5399165e-02   1.8750000e+03
   5.0601382e-02   1.8900000e+03
   4.6846371e-02   1.9050000e+03
   4.4105362e-02   1.9200000e+03
   4.2305782e-02   1.9350000e+03
   4.1345354e-02   1.9500000e+03
   4.1098874e-02   1.9650000e+03
   4.1417766e-02   1.9800000e+03
   4.2138837e-02   1.9950000e+03
   4.3111574e-02   2.0100000e+03
   4.4227976e-02   2.0250000e+03
   4.5428954e-02   2.0400000e+03
   4.6682399e-02   2.0550000e+03
   4.7955006e-02   2.0700000e+03
   4.9198821e-02   2.0850000e+03
   5.0350823e-02   2.1000000e+03
   5.1333461e-02   2.1150000e+03
   5.2056909e-02   2.1300000e+03
   5.2434273e-02   2.1450000e+03
   5.2407380e-02   2.1600000e+03
   5.1960465e-02   2.1750000e+03
   5.1104344e-02   2.1900000e+03
   4.9845576e-02   2.2050000e+03
   4.8176624e-02   2.2200000e+03
   4.6103213e-02   2.2350000e+03
   4.3679357e-02   2.2500000e+03
   4.1002460e-02   2.2650000e+03
   3.8157973e-02   2.2800000e+03
   3.5160683e-02   2.2950000e+03
   3.1951617e-02   2.3100000e+03
   2.8456470e-02   2.3250000e+03
   2.4649115e-02   2.3400000e+03
   2.0561116e-02   2.3550000e+03
   1.6236203e-02   2.3700000e+03
   1.1682384e-02   2.3850000e+03
   6.8687731e-03   2.4000000e+03
   1.7637850e-03   2.4150000e+03
  -3.6275841e-03   2.4300000e+03
  -9.2631048e-03   2.4450000e+03
  -1.5096062e-02   2.4600000e+03
  -2.1104896e-02   2.4750000e+03
  -2.7285082e-02   2.4900000e+03
  -3.3605255e-02   2.5050000e+03
  -3.9969280e-02   2.5200000e+03
  -4.6227016e-02   2.5350000e+03
  -5.2232310e-02   2.5500000e+03
  -5.7901148e-02   2.5650000e+03
  -6.3226342e-02   2.5800000e+03
  -6.8252772e-02   2.5950000e+03
  -7.3050067e-02   2.6100000e+03
  -7.7701174e-02   2.6250000e+03
  -8.2287557e-02   2.6400000e+03
  -8.6851753e-02   2.6550000e+03
  -9.1356851e-02   2.6700000e+03
  -9.5685408e-02   2.6850000e+03
  -9.9689201e-02   2.7000000e+03
  -1.0325114e-01   2.7150000e+03
  -1.0631135e-01   2.7300000e+03
  -1.0885184e-01   2.7450000e+03
  -1.1087459e-01   2.7600000e+03
  -1.1240062e-01   2.7750000e+03
  -1.1347886e-01   2.7900000e+03
  -1.1417585e-01   2.8050000e+03
  -1.1454263e-01   2.8200000e+03
  -1.1458871e-01   2.8350000e+03
  -1.1429196e-01   2.8500000e+03
  -1.1363792e-01   2.8650000e+03
  -1.1265134e-01   2.8800000e+03
  -1.1139122e-01   2.8950000e+03
  -1.0991870e-01   2.9100000e+03
  -1.0827336e-01   2.9250000e+03
  -1.0648029e-01   2.9400000e+03
  -1.0457416e-01   2.9550000e+03
  -1.0260984e-01   2.9700000e+03
  -1.0064963e-01   2.9850000e+03
  -9.8744698e-02   3.0000000e+03
  -9.6930340e-02   3.0150000e+03
  -9.5235154e-02   3.0300000e+03
  -9.3691826e-02   3.0450000e+03
  -9.2340186e-02   3.0600000e+03
  -9.1219038e-02   3.0750000e+03
  -9.0348512e-02   3.0900000e+03
  -8.9712486e-02   3.1050000e+03
  -8.9255169e-02   3.1200000e+03
  -8.8896312e-02   3.1350000e+03
  -8.8554740e-02   3.1500000e+03
  -8.8166513e-02   3.1650000e+03
  -8.7693326e-02   3.1800000e+03
  -8.7121598e-02   3.1950000e+03
  -8.6450882e-02   3.2100000e+03
  -8.5672788e-02   3.2250000e+03
  -8.4752530e-02   3.2400000e+03
  -8.3631083e-02   3.2550000e+03
  -8.2252756e-02   3.2700000e+03
  -8.0599047e-02   3.2850000e+03
  -7.8699358e-02   3.3000000e+03
  -7.6607086e-02   3.3150000e+03
  -7.4361362e-02   3.3300000e+03
  -7.1967475e-02   3.3450000e+03
  -6.9407888e-02   3.3600000e+03
  -6.6666134e-02   3.3750000e+03
  -6.3739531e-02   3.3900000e+03
  -6.0635421e-02   3.4050000e+03
  -5.7362571e-02   3.4200000e+03
  -5.3927418e-02   3.4350000e+03
  -5.0334737e-02   3.4500000e+03
  -4.6590604e-02   3.4650000e+03
  -4.2707894e-02   3.4800000e+03
  -3.8711458e-02   3.4950000e+03
  -3.4635197e-02   3.5100000e+03
  -3.0508615e-02   3.5250000e+03
  -2.6343210e-02   3.5400000e+03
  -2.2132255e-02   3.5550000e+03
  -1.7864797e-02   3.5700000e+03
  -1.3541042e-02   3.5850000e+03
  -9.1777714e-03   3.6000000e+03
  -4.8045111e-03   3.6150000e+03
  -4.5777115e-04   3.6300000e+03
   3.8233944e-03   3.6450000e+03
   8.0015641e-03   3.6600000e+03
   1.2043059e-02   3.6750000e+03
   1.5913343e-02   3.6900000e+03
   1.9567167e-02   3.7050000e+03
   2.2944219e-02   3.7200000e+03
   2.5978860e-02   3.7350000e+03
   2.8617576e-02   3.7500000e+03
   3.0827558e-02   3.7650000e+03
   3.2589175e-02   3.7800000e+03
   3.3884283e-02   3.7950000e+03
   3.4697242e-02   3.8100000e+03
   3.5028990e-02   3.8250000e+03
   3.4906909e-02   3.8400000e+03
   3.4377806e-02   3.8550000e+03
   3.3491585e-02   3.8700000e+03
   3.2293484e-02   3.8850000e+03
   3.0830447e-02   3.9000000e+03
   2.9160170e-02   3.9150000e+03
   2.7352195e-02   3.9300000e+03
   2.5484068e-02   3.9450000e+03
   2.3640556e-02   3.9600000e+03
   2.1913463e-02   3.9750000e+03
   2.0392416e-02   3.9900000e+03
   1.9147068e-02   4.0050000e+03
   1.8214820e-02   4.0200000e+03
   1.7604822e-02   4.0350000e+03
   1.7311642e-02   4.0500000e+03
   1.7323978e-02   4.0650000e+03
   1.7624650e-02   4.0800000e+03
   1.8190056e-02   4.0950000e+03
   1.8993493e-02   4.1100000e+03
   2.0005196e-02   4.1250000e+03
   2.1182759e-02   4.1400000e+03
   2.2459876e-02   4.1550000e+03
   2.3749357e-02   4.1700000e+03
   2.4965005e-02   4.1850000e+03
   2.6049048e-02   4.2000000e+03
   2.6987486e-02   4.2150000e+03
   2.7807934e-02   4.2300000e+03
   2.8566532e-02   4.2450000e+03
   2.9330410e-02   4.2600000e+03
   3.0156279e-02   4.2750000e+03
   3.1066811e-02   4.2900000e+03
   3.2034405e-02   4.3050000e+03
   3.2984059e-02   4.3200000e+03
   3.3816449e-02   4.3350000e+03
   3.4437779e-02   4.3500000e+03
   3.4779184e-02   4.3650000e+03
   3.4798104e-02   4.3800000e+03
   3.4467291e-02   4.3950000e+03
   3.3763040e-02   4.4100000e+03
   3.2661170e-02   4.4250000e+03
   3.1142076e-02   4.4400000e+03
   2.9200286e-02   4.4550000e+03
   2.6851660e-02   4.4700000e+03
   2.4133485e-02   4.4850000e+03
   2.1098176e-02   4.5000000e+03
