   4.5077264e-04   0.0000000e+00
   4.5069083e-04   1.5000000e+01
   4.5048023e-04   3.0000000e+01
   4.4996137e-04   4.5000000e+01
   4.4875545e-04   6.0000000e+01
   4.4653393e-04   7.5000000e+01
   4.4306283e-04   9.0000000e+01
   4.3822371e-04   1.0500000e+02
   4.3216973e-04   1.2000000e+02
   4.2524343e-04   1.3500000e+02
   4.1760851e-04   1.5000000e+02
   4.0904342e-04   1.6500000e+02
   3.9918750e-04   1.8000000e+02
   3.8788249e-04   1.9500000e+02
   3.7531918e-04   2.1000000e+02
   3.6212237e-04   2.2500000e+02
   3.4913601e-04   2.4000000e+02
   3.3686715e-04   2.5500000e+02
   3.2520725e-04   2.7000000e+02
   3.1344339e-04   2.8500000e+02
   3.0035616e-04   3.0000000e+02
   2.8482368e-04   3.1500000e+02
   2.6667202e-04   3.3000000e+02
   2.4672726e-04   3.4500000e+02
   2.2600293e-04   3.6000000e+02
   2.0489634e-04   3.7500000e+02
   1.8309220e-04   3.9000000e+02
   1.6029213e-04   4.0500000e+02
   1.3699528e-04   4.2000000e+02
   1.1402572e-04   4.3500000e+02
   9.0943060e-05   4.5000000e+02
   6.4926418e-05   4.6500000e+02
   3.0383308e-05   4.8000000e+02
  -2.1745291e-05   4.9500000e+02
  -1.0413300e-04   5.1000000e+02
  -2.2967005e-04   5.2500000e+02
  -4.0237419e-04   5.4000000e+02
  -6.0529227e-04   5.5500000e+02
  -7.9541467e-04   5.7000000e+02
  -9.1796549e-04   5.8500000e+02
  -9.4063941e-04   6.0000000e+02
  -8.8605477e-04   6.1500000e+02
  -8.2791416e-04   6.3000000e+02
  -8.3771045e-04   6.4500000e+02
  -9.2053402e-04   6.6000000e+02
  -1.0062068e-03   6.7500000e+02
  -1.0146711e-03   6.9000000e+02
  -9.3064894e-04   7.0500000e+02
  -8.0571166e-04   7.2000000e+02
  -6.9139834e-04   7.3500000e+02
  -5.9356145e-04   7.5000000e+02
  -5.0513266e-04   7.6500000e+02
  -4.5774010e-04   7.8000000e+02
  -5.0084316e-04   7.9500000e+02
  -6.2894862e-04   8.1000000e+02
  -7.6912163e-04   8.2500000e+02
  -8.5925608e-04   8.4000000e+02
  -9.0691081e-04   8.5500000e+02
  -9.4665767e-04   8.7000000e+02
  -9.7718230e-04   8.8500000e+02
  -9.8752487e-04   9.0000000e+02
  -1.0172687e-03   9.1500000e+02
  -1.1229176e-03   9.3000000e+02
  -1.2871140e-03   9.4500000e+02
  -1.4263100e-03   9.6000000e+02
  -1.4985170e-03   9.7500000e+02
  -1.5459852e-03   9.9000000e+02
  -1.6223688e-03   1.0050000e+03
  -1.7355836e-03   1.0200000e+03
  -1.8707208e-03   1.0350000e+03
  -2.0113082e-03   1.0500000e+03
  -2.1305259e-03   1.0650000e+03
  -2.2151771e-03   1.0800000e+03
  -2.3001186e-03   1.0950000e+03
  -2.4293798e-03   1.1100000e+03
  -2.5878986e-03   1.1250000e+03
  -2.7181269e-03   1.1400000e+03
  -2.7961554e-03   1.1550000e+03
  -2.8472375e-03   1.1700000e+03
  -2.8895100e-03   1.1850000e+03
  -2.9016729e-03   1.2000000e+03
  -2.8569312e-03   1.2150000e+03
  -2.7659468e-03   1.2300000e+03
  -2.6663579e-03   1.2450000e+03
  -2.5724319e-03   1.2600000e+03
  -2.4497730e-03   1.2750000e+03
  -2.2388503e-03   1.2900000e+03
  -1.8828564e-03   1.3050000e+03
  -1.3293165e-03   1.3200000e+03
  -5.3408265e-04   1.3350000e+03
   5.1735743e-04   1.3500000e+03
   1.8154017e-03   1.3650000e+03
   3.3840011e-03   1.3800000e+03
   5.3349710e-03   1.3950000e+03
   7.8517664e-03   1.4100000e+03
   1.1119694e-02   1.4250000e+03
   1.5287583e-02   1.4400000e+03
   2.0512050e-02   1.4550000e+03
   2.7042799e-02   1.4700000e+03
   3.5264596e-02   1.4850000e+03
   4.5666959e-02   1.5000000e+03
   5.8798436e-02   1.5150000e+03
   7.5276069e-02   1.5300000e+03
   9.5847927e-02   1.5450000e+03
   1.2142945e-01   1.5600000e+03
   1.5302877e-01   1.5750000e+03
   1.9154309e-01   1.5900000e+03
   2.3747858e-01   1.6050000e+03
   2.9065341e-01   1.6200000e+03
   3.4990418e-01   1.6350000e+03
   4.1283175e-01   1.6500000e+03
   4.7570580e-01   1.6650000e+03
   5.3364557e-01   1.6800000e+03
   5.8100122e-01   1.6950000e+03
   6.1169183e-01   1.7100000e+03
   6.1943454e-01   1.7250000e+03
   5.9825742e-01   1.7400000e+03
   5.4387343e-01   1.7550000e+03
   4.5594558e-01   1.7700000e+03
   3.4023446e-01   1.7850000e+03
   2.0894250e-01   1.8000000e+03
   7.8070439e-02   1.8150000e+03
  -3.7661776e-02   1.8300000e+03
  -1.2981229e-01   1.8450000e+03
  -1.9802751e-01   1.8600000e+03
  -2.4728848e-01   1.8750000e+03
  -2.8241444e-01   1.8900000e+03
  -3.0391604e-01   1.9050000e+03
  -3.0852890e-01   1.9200000e+03
  -2.9410094e-01   1.9350000e+03
  -2.6466271e-01   1.9500000e+03
  -2.3086631e-01   1.9650000e+03
  -2.0467305e-01   1.9800000e+03
  -1.9243802e-01   1.9950000e+03
  -1.9242361e-01   2.0100000e+03
  -1.9878855e-01   2.0250000e+03
  -2.0762302e-01   2.0400000e+03
  -2.1848311e-01   2.0550000e+03
  -2.3011769e-01   2.0700000e+03
  -2.3632710e-01   2.0850000e+03
  -2.2842656e-01   2.1000000e+03
  -2.0298156e-01   2.1150000e+03
  -1.6620959e-01   2.1300000e+03
  -1.2921126e-01   2.1450000e+03
  -9.8649815e-02   2.1600000e+03
  -7.2962284e-02   2.1750000e+03
  -4.7466822e-02   2.1900000e+03
  -2.1210950e-02   2.2050000e+03
   2.4870036e-03   2.2200000e+03
   2.0742934e-02   2.2350000e+03
   3.3829857e-02   2.2500000e+03
   4.3170668e-02   2.2650000e+03
   4.9028587e-02   2.2800000e+03
   5.1501617e-02   2.2950000e+03
   5.2229911e-02   2.3100000e+03
   5.3168349e-02   2.3250000e+03
   5.4083385e-02   2.3400000e+03
   5.2891269e-02   2.3550000e+03
   4.8576955e-02   2.3700000e+03
   4.2544518e-02   2.3850000e+03
   3.6860127e-02   2.4000000e+03
   3.2267991e-02   2.4150000e+03
   2.8356701e-02   2.4300000e+03
   2.4720136e-02   2.4450000e+03
   2.1277679e-02   2.4600000e+03
   1.8025277e-02   2.4750000e+03
   1.5107074e-02   2.4900000e+03
   1.2846501e-02   2.5050000e+03
   1.1300383e-02   2.5200000e+03
   1.0067711e-02   2.5350000e+03
   8.8771265e-03   2.5500000e+03
   8.0622854e-03   2.5650000e+03
   8.0807908e-03   2.5800000e+03
   8.7767197e-03   2.5950000e+03
   9.4719166e-03   2.6100000e+03
   9.6586021e-03   2.6250000e+03
   9.3283029e-03   2.6400000e+03
   8.7597230e-03   2.6550000e+03
   8.3088856e-03   2.6700000e+03
   8.4065143e-03   2.6850000e+03
   9.5150284e-03   2.7000000e+03
   1.1961349e-02   2.7150000e+03
   1.5795199e-02   2.7300000e+03
   2.0723797e-02   2.7450000e+03
   2.6109794e-02   2.7600000e+03
   3.1115439e-02   2.7750000e+03
   3.4994222e-02   2.7900000e+03
   3.7317362e-02   2.8050000e+03
   3.7975252e-02   2.8200000e+03
   3.7055414e-02   2.8350000e+03
   3.4752335e-02   2.8500000e+03
   3.1304389e-02   2.8650000e+03
   2.6917754e-02   2.8800000e+03
   2.1744864e-02   2.8950000e+03
   1.5969452e-02   2.9100000e+03
   9.9091483e-03   2.9250000e+03
   4.0193670e-03   2.9400000e+03
  -1.1984948e-03   2.9550000e+03
  -5.2967304e-03   2.9700000e+03
  -7.9253297e-03   2.9850000e+03
  -8.8267084e-03   3.0000000e+03
  -7.8538302e-03   3.0150000e+03
  -5.0932663e-03   3.0300000e+03
  -1.0602048e-03   3.0450000e+03
   3.2288388e-03   3.0600000e+03
   6.4899717e-03   3.0750000e+03
   7.6477681e-03   3.0900000e+03
   6.2377970e-03   3.1050000e+03
   2.4528501e-03   3.1200000e+03
  -3.1486033e-03   3.1350000e+03
  -9.9826697e-03   3.1500000e+03
  -1.7554738e-02   3.1650000e+03
  -2.5329061e-02   3.1800000e+03
  -3.2563325e-02   3.1950000e+03
  -3.8322795e-02   3.2100000e+03
  -4.1705273e-02   3.2250000e+03
  -4.2130120e-02   3.2400000e+03
  -3.9513331e-02   3.2550000e+03
  -3.4252897e-02   3.2700000e+03
  -2.7075326e-02   3.2850000e+03
  -1.8854484e-02   3.3000000e+03
  -1.0489138e-02   3.3150000e+03
  -2.8523460e-03   3.3300000e+03
   3.2377935e-03   3.3450000e+03
   7.0845746e-03   3.3600000e+03
   8.2222717e-03   3.3750000e+03
   6.5104207e-03   3.3900000e+03
   2.1441220e-03   3.4050000e+03
  -4.4280333e-03   3.4200000e+03
  -1.2614788e-02   3.4350000e+03
  -2.1750260e-02   3.4500000e+03
  -3.1110629e-02   3.4650000e+03
  -3.9932445e-02   3.4800000e+03
  -4.7480039e-02   3.4950000e+03
  -5.3153209e-02   3.5100000e+03
  -5.6584671e-02   3.5250000e+03
  -5.7683785e-02   3.5400000e+03
  -5.6617647e-02   3.5550000e+03
  -5.3751711e-02   3.5700000e+03
  -4.9586456e-02   3.5850000e+03
  -4.4717789e-02   3.6000000e+03
  -3.9816566e-02   3.6150000e+03
  -3.5590570e-02   3.6300000e+03
  -3.2699469e-02   3.6450000e+03
  -3.1643797e-02   3.6600000e+03
  -3.2689124e-02   3.6750000e+03
  -3.5864819e-02   3.6900000e+03
  -4.1014876e-02   3.7050000e+03
  -4.7847994e-02   3.7200000e+03
  -5.5965062e-02   3.7350000e+03
  -6.4883225e-02   3.7500000e+03
  -7.4071333e-02   3.7650000e+03
  -8.2978882e-02   3.7800000e+03
  -9.1038324e-02   3.7950000e+03
  -9.7657762e-02   3.8100000e+03
  -1.0224272e-01   3.8250000e+03
  -1.0425840e-01   3.8400000e+03
  -1.0330470e-01   3.8550000e+03
  -9.9173717e-02   3.8700000e+03
  -9.1883853e-02   3.8850000e+03
  -8.1689604e-02   3.9000000e+03
  -6.9050707e-02   3.9150000e+03
  -5.4554250e-02   3.9300000e+03
  -3.8827121e-02   3.9450000e+03
  -2.2497570e-02   3.9600000e+03
  -6.2175789e-03   3.9750000e+03
   9.3121212e-03   3.9900000e+03
   2.3378469e-02   4.0050000e+03
   3.5349272e-02   4.0200000e+03
   4.4757593e-02   4.0350000e+03
   5.1326960e-02   4.0500000e+03
   5.4949097e-02   4.0650000e+03
   5.5657234e-02   4.0800000e+03
   5.3616110e-02   4.0950000e+03
   4.9120251e-02   4.1100000e+03
   4.2590894e-02   4.1250000e+03
   3.4572490e-02   4.1400000e+03
   2.5722742e-02   4.1550000e+03
   1.6774844e-02   4.1700000e+03
   8.4555820e-03   4.1850000e+03
   1.3730801e-03   4.2000000e+03
  -4.0828222e-03   4.2150000e+03
  -7.7824001e-03   4.2300000e+03
  -9.8234219e-03   4.2450000e+03
  -1.0447727e-02   4.2600000e+03
  -9.9538565e-03   4.2750000e+03
  -8.6405966e-03   4.2900000e+03
  -6.7829797e-03   4.3050000e+03
  -4.6219504e-03   4.3200000e+03
  -2.3560713e-03   4.3350000e+03
  -1.3789491e-04   4.3500000e+03
   1.9227234e-03   4.3650000e+03
   3.7541017e-03   4.3800000e+03
   5.3216601e-03   4.3950000e+03
   6.6270675e-03   4.4100000e+03
   7.7019921e-03   4.4250000e+03
   8.5944198e-03   4.4400000e+03
   9.3490351e-03   4.4550000e+03
   9.9879997e-03   4.4700000e+03
   1.0503809e-02   4.4850000e+03
   1.0871171e-02   4.5000000e+03
