  -1.3827965e-02   0.0000000e+00
  -1.3825682e-02   1.5000000e+01
  -1.3819931e-02   3.0000000e+01
  -1.3815088e-02   4.5000000e+01
  -1.3817703e-02   6.0000000e+01
  -1.3832889e-02   7.5000000e+01
  -1.3860385e-02   9.0000000e+01
  -1.3896285e-02   1.0500000e+02
  -1.3938448e-02   1.2000000e+02
  -1.3989731e-02   1.3500000e+02
  -1.4055206e-02   1.5000000e+02
  -1.4136713e-02   1.6500000e+02
  -1.4232530e-02   1.8000000e+02
  -1.4339966e-02   1.9500000e+02
  -1.4456053e-02   2.1000000e+02
  -1.4579277e-02   2.2500000e+02
  -1.4711672e-02   2.4000000e+02
  -1.4855959e-02   2.5500000e+02
  -1.5009232e-02   2.7000000e+02
  -1.5162972e-02   2.8500000e+02
  -1.5312189e-02   3.0000000e+02
  -1.5461648e-02   3.1500000e+02
  -1.5624695e-02   3.3000000e+02
  -1.5821386e-02   3.4500000e+02
  -1.6068222e-02   3.6000000e+02
  -1.6360125e-02   3.7500000e+02
  -1.6678661e-02   3.9000000e+02
  -1.7029719e-02   4.0500000e+02
  -1.7448092e-02   4.2000000e+02
  -1.7947840e-02   4.3500000e+02
  -1.8502193e-02   4.5000000e+02
  -1.9097280e-02   4.6500000e+02
  -1.9767601e-02   4.8000000e+02
  -2.0553755e-02   4.9500000e+02
  -2.1468943e-02   5.1000000e+02
  -2.2535043e-02   5.2500000e+02
  -2.3814384e-02   5.4000000e+02
  -2.5373034e-02   5.5500000e+02
  -2.7207971e-02   5.7000000e+02
  -2.9131686e-02   5.8500000e+02
  -3.0443961e-02   6.0000000e+02
  -2.9127132e-02   6.1500000e+02
  -2.0356219e-02   6.3000000e+02
   5.5456627e-03   6.4500000e+02
   6.4346485e-02   6.6000000e+02
   1.7468964e-01   6.7500000e+02
   3.4563631e-01   6.9000000e+02
   5.5480945e-01   7.0500000e+02
   7.3000818e-01   7.2000000e+02
   7.6067263e-01   7.3500000e+02
   5.5779302e-01   7.5000000e+02
   1.3679565e-01   7.6500000e+02
  -3.5159725e-01   7.8000000e+02
  -6.9944286e-01   7.9500000e+02
  -7.7823347e-01   8.1000000e+02
  -6.0257000e-01   8.2500000e+02
  -2.7320296e-01   8.4000000e+02
   8.5223220e-02   8.5500000e+02
   3.0682179e-01   8.7000000e+02
   2.2475961e-01   8.8500000e+02
  -1.1383865e-01   9.0000000e+02
  -3.4272981e-01   9.1500000e+02
  -1.4551814e-01   9.3000000e+02
   2.5298253e-01   9.4500000e+02
   2.9923892e-01   9.6000000e+02
  -8.1523694e-02   9.7500000e+02
  -3.2025048e-01   9.9000000e+02
  -7.6738819e-02   1.0050000e+03
   2.2932811e-01   1.0200000e+03
   1.4081647e-01   1.0350000e+03
  -1.1382894e-01   1.0500000e+03
  -1.1725384e-01   1.0650000e+03
   2.7239200e-02   1.0800000e+03
   2.1785915e-02   1.0950000e+03
  -5.9658598e-02   1.1100000e+03
  -2.6912859e-02   1.1250000e+03
   3.0097600e-02   1.1400000e+03
  -1.3745543e-02   1.1550000e+03
  -6.1135352e-02   1.1700000e+03
  -2.4873385e-02   1.1850000e+03
   1.6808145e-02   1.2000000e+03
   1.1135734e-02   1.2150000e+03
   7.7804541e-03   1.2300000e+03
   2.6503524e-02   1.2450000e+03
   3.3463359e-02   1.2600000e+03
   1.7650837e-02   1.2750000e+03
  -5.9046345e-03   1.2900000e+03
  -2.3238426e-02   1.3050000e+03
  -2.5731923e-02   1.3200000e+03
  -1.9698009e-02   1.3350000e+03
  -1.6847150e-02   1.3500000e+03
  -1.2083019e-02   1.3650000e+03
  -8.4318063e-04   1.3800000e+03
   4.3269377e-03   1.3950000e+03
   2.0171783e-04   1.4100000e+03
   5.7201961e-04   1.4250000e+03
   7.6344474e-03   1.4400000e+03
   1.1906356e-02   1.4550000e+03
   1.6460897e-02   1.4700000e+03
   3.1221526e-02   1.4850000e+03
   5.1471084e-02   1.5000000e+03
   6.1354902e-02   1.5150000e+03
   5.3609572e-02   1.5300000e+03
   3.6620006e-02   1.5450000e+03
   2.2475244e-02   1.5600000e+03
   1.3691715e-02   1.5750000e+03
   6.5176166e-03   1.5900000e+03
   2.7840788e-04   1.6050000e+03
  -5.9146513e-03   1.6200000e+03
  -1.6789049e-02   1.6350000e+03
  -3.1763028e-02   1.6500000e+03
  -4.2363130e-02   1.6650000e+03
  -4.4086110e-02   1.6800000e+03
  -3.9891411e-02   1.6950000e+03
  -3.1117199e-02   1.7100000e+03
  -1.5519758e-02   1.7250000e+03
   6.1928504e-03   1.7400000e+03
   2.8901026e-02   1.7550000e+03
   4.6682339e-02   1.7700000e+03
   5.4174785e-02   1.7850000e+03
   4.7342356e-02   1.8000000e+03
   2.7448088e-02   1.8150000e+03
   3.5302069e-03   1.8300000e+03
  -1.2907009e-02   1.8450000e+03
  -1.6932294e-02   1.8600000e+03
  -1.2846764e-02   1.8750000e+03
  -8.6836405e-03   1.8900000e+03
  -1.0103020e-02   1.9050000e+03
  -1.8382901e-02   1.9200000e+03
  -3.0818332e-02   1.9350000e+03
  -4.2271554e-02   1.9500000e+03
  -4.7968339e-02   1.9650000e+03
  -4.5691587e-02   1.9800000e+03
  -3.6234017e-02   1.9950000e+03
  -2.3591207e-02   2.0100000e+03
  -1.4560246e-02   2.0250000e+03
  -1.5093414e-02   2.0400000e+03
  -2.4828674e-02   2.0550000e+03
  -3.5934243e-02   2.0700000e+03
  -3.8707059e-02   2.0850000e+03
  -2.8622873e-02   2.1000000e+03
  -8.6838705e-03   2.1150000e+03
   1.3143565e-02   2.1300000e+03
   2.8095115e-02   2.1450000e+03
   3.0431170e-02   2.1600000e+03
   1.9891549e-02   2.1750000e+03
   1.4545844e-03   2.1900000e+03
  -1.7487967e-02   2.2050000e+03
  -3.0713098e-02   2.2200000e+03
  -3.5480160e-02   2.2350000e+03
  -3.1878758e-02   2.2500000e+03
  -1.9806752e-02   2.2650000e+03
   2.0911593e-03   2.2800000e+03
   3.2629211e-02   2.2950000e+03
   6.3422352e-02   2.3100000e+03
   7.9944037e-02   2.3250000e+03
   6.9376394e-02   2.3400000e+03
   2.9816357e-02   2.3550000e+03
  -2.5965542e-02   2.3700000e+03
  -7.5265698e-02   2.3850000e+03
  -9.6199609e-02   2.4000000e+03
  -7.8756683e-02   2.4150000e+03
  -3.0794991e-02   2.4300000e+03
   2.4510670e-02   2.4450000e+03
   6.0278811e-02   2.4600000e+03
   6.1780561e-02   2.4750000e+03
   3.6528002e-02   2.4900000e+03
   9.4954763e-03   2.5050000e+03
   4.2810165e-03   2.5200000e+03
   2.3893077e-02   2.5350000e+03
   4.8113886e-02   2.5500000e+03
   5.1335279e-02   2.5650000e+03
   2.5602337e-02   2.5800000e+03
  -1.2260476e-02   2.5950000e+03
  -3.5916194e-02   2.6100000e+03
  -3.2613970e-02   2.6250000e+03
  -1.2924027e-02   2.6400000e+03
   4.6569275e-04   2.6550000e+03
  -7.0425328e-03   2.6700000e+03
  -3.1074913e-02   2.6850000e+03
  -5.4045323e-02   2.7000000e+03
  -5.9581663e-02   2.7150000e+03
  -4.2973127e-02   2.7300000e+03
  -1.2060174e-02   2.7450000e+03
   1.8686282e-02   2.7600000e+03
   3.6060620e-02   2.7750000e+03
   3.4775123e-02   2.7900000e+03
   2.0061169e-02   2.8050000e+03
   3.7431431e-03   2.8200000e+03
  -4.6198820e-03   2.8350000e+03
  -4.3090540e-03   2.8500000e+03
  -1.0612194e-03   2.8650000e+03
   1.8915876e-03   2.8800000e+03
   8.7019317e-03   2.8950000e+03
   2.4822367e-02   2.9100000e+03
   4.6481047e-02   2.9250000e+03
   5.9346579e-02   2.9400000e+03
   5.0523560e-02   2.9550000e+03
   2.1910109e-02   2.9700000e+03
  -1.0183204e-02   2.9850000e+03
  -2.9496126e-02   3.0000000e+03
  -3.3020433e-02   3.0150000e+03
  -2.9559439e-02   3.0300000e+03
  -2.7213629e-02   3.0450000e+03
  -2.4930401e-02   3.0600000e+03
  -1.6673649e-02   3.0750000e+03
  -1.4772030e-03   3.0900000e+03
   1.3116887e-02   3.1050000e+03
   1.7979521e-02   3.1200000e+03
   1.1668182e-02   3.1350000e+03
   1.9416689e-03   3.1500000e+03
  -2.1052037e-03   3.1650000e+03
   9.0612593e-04   3.1800000e+03
   3.9718980e-03   3.1950000e+03
   3.0271476e-04   3.2100000e+03
  -8.1434706e-03   3.2250000e+03
  -1.1912411e-02   3.2400000e+03
  -4.0060836e-03   3.2550000e+03
   1.2496648e-02   3.2700000e+03
   2.7288429e-02   3.2850000e+03
   3.2155041e-02   3.3000000e+03
   2.6519101e-02   3.3150000e+03
   1.5272305e-02   3.3300000e+03
   3.9387825e-03   3.3450000e+03
  -3.5715946e-03   3.3600000e+03
  -5.2428856e-03   3.3750000e+03
  -1.7059197e-03   3.3900000e+03
   3.5646353e-03   3.4050000e+03
   6.6437237e-03   3.4200000e+03
   6.3121617e-03   3.4350000e+03
   4.2123869e-03   3.4500000e+03
   2.1191048e-03   3.4650000e+03
   3.0125148e-04   3.4800000e+03
  -1.1824119e-03   3.4950000e+03
  -1.1051523e-03   3.5100000e+03
   1.4867310e-03   3.5250000e+03
   4.6953079e-03   3.5400000e+03
   4.2147865e-03   3.5550000e+03
  -2.3656806e-03   3.5700000e+03
  -1.1735125e-02   3.5850000e+03
  -1.6495807e-02   3.6000000e+03
  -1.1896783e-02   3.6150000e+03
  -1.2085509e-03   3.6300000e+03
   6.4939079e-03   3.6450000e+03
   4.8117912e-03   3.6600000e+03
  -3.7208258e-03   3.6750000e+03
  -1.0248339e-02   3.6900000e+03
  -8.3102360e-03   3.7050000e+03
   3.5069560e-04   3.7200000e+03
   8.1109554e-03   3.7350000e+03
   8.5385954e-03   3.7500000e+03
   1.2451217e-03   3.7650000e+03
  -8.7062605e-03   3.7800000e+03
  -1.4847233e-02   3.7950000e+03
  -1.3285855e-02   3.8100000e+03
  -4.6528648e-03   3.8250000e+03
   6.3430569e-03   3.8400000e+03
   1.3448033e-02   3.8550000e+03
   1.2530287e-02   3.8700000e+03
   4.3574721e-03   3.8850000e+03
  -5.7950770e-03   3.9000000e+03
  -1.1974484e-02   3.9150000e+03
  -1.1819220e-02   3.9300000e+03
  -7.3926523e-03   3.9450000e+03
  -2.1853223e-03   3.9600000e+03
   1.9207641e-03   3.9750000e+03
   4.5461608e-03   3.9900000e+03
   5.1363478e-03   4.0050000e+03
   3.2458333e-03   4.0200000e+03
   3.7994649e-04   4.0350000e+03
  -6.2392635e-04   4.0500000e+03
   5.6828413e-04   4.0650000e+03
   1.7742968e-05   4.0800000e+03
  -5.9761303e-03   4.0950000e+03
  -1.4492041e-02   4.1100000e+03
  -1.6661551e-02   4.1250000e+03
  -6.8131639e-03   4.1400000e+03
   9.7578540e-03   4.1550000e+03
   2.0318050e-02   4.1700000e+03
   1.6809070e-02   4.1850000e+03
   3.4924350e-03   4.2000000e+03
  -8.0761295e-03   4.2150000e+03
  -1.0611068e-02   4.2300000e+03
  -6.4587230e-03   4.2450000e+03
  -2.3713771e-03   4.2600000e+03
  -1.5144893e-03   4.2750000e+03
  -1.9025638e-03   4.2900000e+03
  -1.0260750e-03   4.3050000e+03
   6.6971133e-04   4.3200000e+03
   1.3344071e-03   4.3350000e+03
   6.4283615e-04   4.3500000e+03
  -4.7738405e-04   4.3650000e+03
  -2.2184949e-03   4.3800000e+03
  -6.0701608e-03   4.3950000e+03
  -1.2135923e-02   4.4100000e+03
  -1.7423308e-02   4.4250000e+03
  -1.7770220e-02   4.4400000e+03
  -1.1356793e-02   4.4550000e+03
  -1.2316923e-04   4.4700000e+03
   1.1721504e-02   4.4850000e+03
   2.0102797e-02   4.5000000e+03
