  -1.3482694e-03   0.0000000e+00
  -1.3482746e-03   1.5000000e+01
  -1.3483149e-03   3.0000000e+01
  -1.3484106e-03   4.5000000e+01
  -1.3485021e-03   6.0000000e+01
  -1.3484755e-03   7.5000000e+01
  -1.3483082e-03   9.0000000e+01
  -1.3481288e-03   1.0500000e+02
  -1.3481590e-03   1.2000000e+02
  -1.3485112e-03   1.3500000e+02
  -1.3489800e-03   1.5000000e+02
  -1.3489919e-03   1.6500000e+02
  -1.3474058e-03   1.8000000e+02
  -1.3409783e-03   1.9500000e+02
  -1.3201860e-03   2.1000000e+02
  -1.2645824e-03   2.2500000e+02
  -1.1471534e-03   2.4000000e+02
  -9.5837202e-04   2.5500000e+02
  -7.4036105e-04   2.7000000e+02
  -5.8809220e-04   2.8500000e+02
  -5.8122916e-04   3.0000000e+02
  -6.9262699e-04   3.1500000e+02
  -7.9148874e-04   3.3000000e+02
  -7.7758805e-04   3.4500000e+02
  -6.9635588e-04   3.6000000e+02
  -6.6948071e-04   3.7500000e+02
  -7.2446727e-04   3.9000000e+02
  -7.6938869e-04   4.0500000e+02
  -7.4434432e-04   4.2000000e+02
  -7.0542464e-04   4.3500000e+02
  -7.1793317e-04   4.5000000e+02
  -7.5263431e-04   4.6500000e+02
  -7.5210771e-04   4.8000000e+02
  -7.3055690e-04   4.9500000e+02
  -7.3448074e-04   5.1000000e+02
  -7.5669441e-04   5.2500000e+02
  -7.6005701e-04   5.4000000e+02
  -7.4769196e-04   5.5500000e+02
  -7.4845564e-04   5.7000000e+02
  -7.6112244e-04   5.8500000e+02
  -7.6349021e-04   6.0000000e+02
  -7.5658283e-04   6.1500000e+02
  -7.5823208e-04   6.3000000e+02
  -7.6769694e-04   6.4500000e+02
  -7.7128370e-04   6.6000000e+02
  -7.7008497e-04   6.7500000e+02
  -7.7348569e-04   6.9000000e+02
  -7.7800330e-04   7.0500000e+02
  -7.7500247e-04   7.2000000e+02
  -7.6644577e-04   7.3500000e+02
  -7.5762591e-04   7.5000000e+02
  -7.4754615e-04   7.6500000e+02
  -7.3745957e-04   7.8000000e+02
  -7.3739566e-04   7.9500000e+02
  -7.5583218e-04   8.1000000e+02
  -7.8980700e-04   8.2500000e+02
  -8.2812057e-04   8.4000000e+02
  -8.5796771e-04   8.5500000e+02
  -8.7012566e-04   8.7000000e+02
  -8.6703221e-04   8.8500000e+02
  -8.6537923e-04   9.0000000e+02
  -8.8160485e-04   9.1500000e+02
  -9.1324857e-04   9.3000000e+02
  -9.4107911e-04   9.4500000e+02
  -9.5165160e-04   9.6000000e+02
  -9.5257658e-04   9.7500000e+02
  -9.6201309e-04   9.9000000e+02
  -9.8615850e-04   1.0050000e+03
  -1.0126368e-03   1.0200000e+03
  -1.0274382e-03   1.0350000e+03
  -1.0328620e-03   1.0500000e+03
  -1.0424203e-03   1.0650000e+03
  -1.0607576e-03   1.0800000e+03
  -1.0784811e-03   1.0950000e+03
  -1.0886198e-03   1.1100000e+03
  -1.0976611e-03   1.1250000e+03
  -1.1143627e-03   1.1400000e+03
  -1.1365509e-03   1.1550000e+03
  -1.1576383e-03   1.1700000e+03
  -1.1796800e-03   1.1850000e+03
  -1.2099090e-03   1.2000000e+03
  -1.2480573e-03   1.2150000e+03
  -1.2868352e-03   1.2300000e+03
  -1.3229528e-03   1.2450000e+03
  -1.3586944e-03   1.2600000e+03
  -1.3939148e-03   1.2750000e+03
  -1.4252154e-03   1.2900000e+03
  -1.4529247e-03   1.3050000e+03
  -1.4813241e-03   1.3200000e+03
  -1.5116604e-03   1.3350000e+03
  -1.5414297e-03   1.3500000e+03
  -1.5704820e-03   1.3650000e+03
  -1.6019170e-03   1.3800000e+03
  -1.6369688e-03   1.3950000e+03
  -1.6739675e-03   1.4100000e+03
  -1.7120491e-03   1.4250000e+03
  -1.7517078e-03   1.4400000e+03
  -1.7922326e-03   1.4550000e+03
  -1.8316780e-03   1.4700000e+03
  -1.8688435e-03   1.4850000e+03
  -1.9039462e-03   1.5000000e+03
  -1.9386504e-03   1.5150000e+03
  -1.9757769e-03   1.5300000e+03
  -2.0168761e-03   1.5450000e+03
  -2.0600897e-03   1.5600000e+03
  -2.1027296e-03   1.5750000e+03
  -2.1456566e-03   1.5900000e+03
  -2.1924423e-03   1.6050000e+03
  -2.2443039e-03   1.6200000e+03
  -2.2985442e-03   1.6350000e+03
  -2.3521525e-03   1.6500000e+03
  -2.4043163e-03   1.6650000e+03
  -2.4549675e-03   1.6800000e+03
  -2.5034973e-03   1.6950000e+03
  -2.5502199e-03   1.7100000e+03
  -2.5979495e-03   1.7250000e+03
  -2.6507669e-03   1.7400000e+03
  -2.7103028e-03   1.7550000e+03
  -2.7728770e-03   1.7700000e+03
  -2.8315128e-03   1.7850000e+03
  -2.8820348e-03   1.8000000e+03
  -2.9263017e-03   1.8150000e+03
  -2.9686198e-03   1.8300000e+03
  -3.0105251e-03   1.8450000e+03
  -3.0503992e-03   1.8600000e+03
  -3.0866361e-03   1.8750000e+03
  -3.1190566e-03   1.8900000e+03
  -3.1476843e-03   1.9050000e+03
  -3.1717089e-03   1.9200000e+03
  -3.1892967e-03   1.9350000e+03
  -3.1972185e-03   1.9500000e+03
  -3.1913910e-03   1.9650000e+03
  -3.1689224e-03   1.9800000e+03
  -3.1288541e-03   1.9950000e+03
  -3.0697195e-03   2.0100000e+03
  -2.9870030e-03   2.0250000e+03
  -2.8734447e-03   2.0400000e+03
  -2.7200682e-03   2.0550000e+03
  -2.5147209e-03   2.0700000e+03
  -2.2394625e-03   2.0850000e+03
  -1.8700666e-03   2.1000000e+03
  -1.3771999e-03   2.1150000e+03
  -7.2535343e-04   2.1300000e+03
   1.3219660e-04   2.1450000e+03
   1.2594244e-03   2.1600000e+03
   2.7422088e-03   2.1750000e+03
   4.6941624e-03   2.1900000e+03
   7.2677718e-03   2.2050000e+03
   1.0671507e-02   2.2200000e+03
   1.5190956e-02   2.2350000e+03
   2.1212064e-02   2.2500000e+03
   2.9242268e-02   2.2650000e+03
   3.9921556e-02   2.2800000e+03
   5.4014318e-02   2.2950000e+03
   7.2369978e-02   2.3100000e+03
   9.5829561e-02   2.3250000e+03
   1.2504585e-01   2.3400000e+03
   1.6019461e-01   2.3550000e+03
   2.0058756e-01   2.3700000e+03
   2.4424897e-01   2.3850000e+03
   2.8757945e-01   2.4000000e+03
   3.2529601e-01   2.4150000e+03
   3.5086933e-01   2.4300000e+03
   3.5761368e-01   2.4450000e+03
   3.4037653e-01   2.4600000e+03
   2.9745194e-01   2.4750000e+03
   2.3203635e-01   2.4900000e+03
   1.5244210e-01   2.5050000e+03
   7.0545167e-02   2.5200000e+03
  -1.4051944e-03   2.5350000e+03
  -5.4652911e-02   2.5500000e+03
  -8.6911164e-02   2.5650000e+03
  -1.0295738e-01   2.5800000e+03
  -1.1227756e-01   2.5950000e+03
  -1.2462053e-01   2.6100000e+03
  -1.4549582e-01   2.6250000e+03
  -1.7380659e-01   2.6400000e+03
  -2.0274366e-01   2.6550000e+03
  -2.2335005e-01   2.6700000e+03
  -2.2882476e-01   2.6850000e+03
  -2.1744542e-01   2.7000000e+03
  -1.9293906e-01   2.7150000e+03
  -1.6249958e-01   2.7300000e+03
  -1.3361189e-01   2.7450000e+03
  -1.1107356e-01   2.7600000e+03
  -9.5311522e-02   2.7750000e+03
  -8.2591586e-02   2.7900000e+03
  -6.7082860e-02   2.8050000e+03
  -4.3958992e-02   2.8200000e+03
  -1.2079207e-02   2.8350000e+03
   2.5156772e-02   2.8500000e+03
   6.1215915e-02   2.8650000e+03
   8.9207746e-02   2.8800000e+03
   1.0443935e-01   2.8950000e+03
   1.0559667e-01   2.9100000e+03
   9.4473585e-02   2.9250000e+03
   7.4924998e-02   2.9400000e+03
   5.1698901e-02   2.9550000e+03
   2.9370204e-02   2.9700000e+03
   1.1369233e-02   2.9850000e+03
  -7.6006074e-04   3.0000000e+03
  -7.5445306e-03   3.0150000e+03
  -1.0981841e-02   3.0300000e+03
  -1.3334257e-02   3.0450000e+03
  -1.5922338e-02   3.0600000e+03
  -1.8626083e-02   3.0750000e+03
  -2.0396514e-02   3.0900000e+03
  -2.0364543e-02   3.1050000e+03
  -1.8659759e-02   3.1200000e+03
  -1.6291557e-02   3.1350000e+03
  -1.4247202e-02   3.1500000e+03
  -1.2603329e-02   3.1650000e+03
  -1.0371957e-02   3.1800000e+03
  -6.1826981e-03   3.1950000e+03
   6.5657223e-04   3.2100000e+03
   9.3429247e-03   3.2250000e+03
   1.7495392e-02   3.2400000e+03
   2.1997416e-02   3.2550000e+03
   2.0479992e-02   3.2700000e+03
   1.2657179e-02   3.2850000e+03
   6.3638337e-04   3.3000000e+03
  -1.2085925e-02   3.3150000e+03
  -2.2338331e-02   3.3300000e+03
  -2.8631354e-02   3.3450000e+03
  -3.1430192e-02   3.3600000e+03
  -3.2427080e-02   3.3750000e+03
  -3.3505015e-02   3.3900000e+03
  -3.6065120e-02   3.4050000e+03
  -4.0870313e-02   3.4200000e+03
  -4.8081160e-02   3.4350000e+03
  -5.7193253e-02   3.4500000e+03
  -6.7016169e-02   3.4650000e+03
  -7.6021776e-02   3.4800000e+03
  -8.2938403e-02   3.4950000e+03
  -8.6881839e-02   3.5100000e+03
  -8.6534314e-02   3.5250000e+03
  -7.9023890e-02   3.5400000e+03
  -6.0039554e-02   3.5550000e+03
  -2.6065273e-02   3.5700000e+03
   2.2331407e-02   3.5850000e+03
   7.8658000e-02   3.6000000e+03
   1.3194615e-01   3.6150000e+03
   1.7094956e-01   3.6300000e+03
   1.8851338e-01   3.6450000e+03
   1.8361206e-01   3.6600000e+03
   1.6049123e-01   3.6750000e+03
   1.2626454e-01   3.6900000e+03
   8.8642254e-02   3.7050000e+03
   5.4410182e-02   3.7200000e+03
   2.8305253e-02   3.7350000e+03
   1.2040492e-02   3.7500000e+03
   3.9645801e-03   3.7650000e+03
   4.2481861e-05   3.7800000e+03
  -3.9300816e-03   3.7950000e+03
  -1.0004536e-02   3.8100000e+03
  -1.7063305e-02   3.8250000e+03
  -2.1763396e-02   3.8400000e+03
  -2.0865325e-02   3.8550000e+03
  -1.3520473e-02   3.8700000e+03
  -2.1213079e-03   3.8850000e+03
   8.7935869e-03   3.9000000e+03
   1.4861871e-02   3.9150000e+03
   1.3961604e-02   3.9300000e+03
   6.8079452e-03   3.9450000e+03
  -3.9945059e-03   3.9600000e+03
  -1.5473095e-02   3.9750000e+03
  -2.5307100e-02   3.9900000e+03
  -3.2031685e-02   4.0050000e+03
  -3.4859631e-02   4.0200000e+03
  -3.3614349e-02   4.0350000e+03
  -2.8820978e-02   4.0500000e+03
  -2.1682804e-02   4.0650000e+03
  -1.3757739e-02   4.0800000e+03
  -6.4089717e-03   4.0950000e+03
  -2.7207535e-04   4.1100000e+03
   4.9614478e-03   4.1250000e+03
   1.0206267e-02   4.1400000e+03
   1.6163658e-02   4.1550000e+03
   2.2560304e-02   4.1700000e+03
   2.8112253e-02   4.1850000e+03
   3.1319585e-02   4.2000000e+03
   3.1404600e-02   4.2150000e+03
   2.8587326e-02   4.2300000e+03
   2.3645591e-02   4.2450000e+03
   1.7430658e-02   4.2600000e+03
   1.0810873e-02   4.2750000e+03
   4.7327429e-03   4.2900000e+03
  -1.3196105e-04   4.3050000e+03
  -3.9981673e-03   4.3200000e+03
  -8.0836555e-03   4.3350000e+03
  -1.3892772e-02   4.3500000e+03
  -2.2256762e-02   4.3650000e+03
  -3.2901015e-02   4.3800000e+03
  -4.4578552e-02   4.3950000e+03
  -5.5308945e-02   4.4100000e+03
  -6.2671036e-02   4.4250000e+03
  -6.4563408e-02   4.4400000e+03
  -6.0356654e-02   4.4550000e+03
  -5.1483635e-02   4.4700000e+03
  -4.0690187e-02   4.4850000e+03
  -3.0478505e-02   4.5000000e+03
