   2.0958169e-04   0.0000000e+00
   2.0975576e-04   1.5000000e+01
   2.1036781e-04   3.0000000e+01
   2.1121078e-04   4.5000000e+01
   2.1174015e-04   6.0000000e+01
   2.1147530e-04   7.5000000e+01
   2.1007759e-04   9.0000000e+01
   2.0736334e-04   1.0500000e+02
   2.0355078e-04   1.2000000e+02
   1.9920363e-04   1.3500000e+02
   1.9461708e-04   1.5000000e+02
   1.8943520e-04   1.6500000e+02
   1.8308383e-04   1.8000000e+02
   1.7531593e-04   1.9500000e+02
   1.6639696e-04   2.1000000e+02
   1.5722527e-04   2.2500000e+02
   1.4899552e-04   2.4000000e+02
   1.4242606e-04   2.5500000e+02
   1.3740796e-04   2.7000000e+02
   1.3299359e-04   2.8500000e+02
   1.2750729e-04   3.0000000e+02
   1.1941306e-04   3.1500000e+02
   1.0849867e-04   3.3000000e+02
   9.5953466e-05   3.4500000e+02
   8.3171748e-05   3.6000000e+02
   7.0621129e-05   3.7500000e+02
   5.7826128e-05   3.9000000e+02
   4.4481792e-05   4.0500000e+02
   3.1513766e-05   4.2000000e+02
   2.0387324e-05   4.3500000e+02
   1.0831809e-05   4.5000000e+02
  -6.8534973e-07   4.6500000e+02
  -2.1024562e-05   4.8000000e+02
  -6.0599177e-05   4.9500000e+02
  -1.3341564e-04   5.1000000e+02
  -2.5359503e-04   5.2500000e+02
  -4.2572015e-04   5.4000000e+02
  -6.3173316e-04   5.5500000e+02
  -8.2522607e-04   5.7000000e+02
  -9.4665884e-04   5.8500000e+02
  -9.6022029e-04   6.0000000e+02
  -8.8897033e-04   6.1500000e+02
  -8.1104215e-04   6.3000000e+02
  -8.0261932e-04   6.4500000e+02
  -8.6915318e-04   6.6000000e+02
  -9.3581673e-04   6.7500000e+02
  -9.1700547e-04   6.9000000e+02
  -7.9548865e-04   7.0500000e+02
  -6.2523532e-04   7.2000000e+02
  -4.6268516e-04   7.3500000e+02
  -3.2057500e-04   7.5000000e+02
  -2.0118410e-04   7.6500000e+02
  -1.4457019e-04   7.8000000e+02
  -2.0011680e-04   7.9500000e+02
  -3.5070334e-04   8.1000000e+02
  -5.0866097e-04   8.2500000e+02
  -6.0635328e-04   8.4000000e+02
  -6.5633940e-04   8.5500000e+02
  -6.9824629e-04   8.7000000e+02
  -7.2997808e-04   8.8500000e+02
  -7.4139808e-04   9.0000000e+02
  -7.8055152e-04   9.1500000e+02
  -9.1043510e-04   9.3000000e+02
  -1.1068742e-03   9.4500000e+02
  -1.2743011e-03   9.6000000e+02
  -1.3700194e-03   9.7500000e+02
  -1.4440365e-03   9.9000000e+02
  -1.5491564e-03   1.0050000e+03
  -1.6824221e-03   1.0200000e+03
  -1.8228631e-03   1.0350000e+03
  -1.9569185e-03   1.0500000e+03
  -2.0610113e-03   1.0650000e+03
  -2.1254793e-03   1.0800000e+03
  -2.1960433e-03   1.0950000e+03
  -2.3308841e-03   1.1100000e+03
  -2.5235207e-03   1.1250000e+03
  -2.7230652e-03   1.1400000e+03
  -2.9184930e-03   1.1550000e+03
  -3.1503472e-03   1.1700000e+03
  -3.4445941e-03   1.1850000e+03
  -3.7784376e-03   1.2000000e+03
  -4.1202269e-03   1.2150000e+03
  -4.4796490e-03   1.2300000e+03
  -4.9026525e-03   1.2450000e+03
  -5.4226178e-03   1.2600000e+03
  -6.0330783e-03   1.2750000e+03
  -6.7088073e-03   1.2900000e+03
  -7.4302307e-03   1.3050000e+03
  -8.1776213e-03   1.3200000e+03
  -8.9235418e-03   1.3350000e+03
  -9.6353367e-03   1.3500000e+03
  -1.0231307e-02   1.3650000e+03
  -1.0446633e-02   1.3800000e+03
  -9.6330130e-03   1.3950000e+03
  -6.4913407e-03   1.4100000e+03
   1.3901838e-03   1.4250000e+03
   1.8372109e-02   1.4400000e+03
   5.1940665e-02   1.4550000e+03
   1.1364152e-01   1.4700000e+03
   2.1837936e-01   1.4850000e+03
   3.7996083e-01   1.5000000e+03
   6.0089248e-01   1.5150000e+03
   8.5673410e-01   1.5300000e+03
   1.0807515e+00   1.5450000e+03
   1.1618907e+00   1.5600000e+03
   9.7251403e-01   1.5750000e+03
   4.3308073e-01   1.5900000e+03
  -4.0549904e-01   1.6050000e+03
  -1.3139117e+00   1.6200000e+03
  -1.9328283e+00   1.6350000e+03
  -1.9370002e+00   1.6500000e+03
  -1.2453933e+00   1.6650000e+03
  -1.3382402e-01   1.6800000e+03
   8.6961985e-01   1.6950000e+03
   1.2837691e+00   1.7100000e+03
   9.7899210e-01   1.7250000e+03
   2.5810689e-01   1.7400000e+03
  -3.6580101e-01   1.7550000e+03
  -5.4177678e-01   1.7700000e+03
  -3.2557556e-01   1.7850000e+03
  -1.0234098e-01   1.8000000e+03
  -2.3028144e-01   1.8150000e+03
  -6.8347204e-01   1.8300000e+03
  -1.0264902e+00   1.8450000e+03
  -8.0948538e-01   1.8600000e+03
  -4.7786377e-02   1.8750000e+03
   7.3018438e-01   1.8900000e+03
   9.8246622e-01   1.9050000e+03
   6.7180616e-01   1.9200000e+03
   2.0870385e-01   1.9350000e+03
  -6.0701415e-02   1.9500000e+03
  -1.3681626e-01   1.9650000e+03
  -1.4120710e-01   1.9800000e+03
  -6.6249482e-02   1.9950000e+03
   9.8530695e-02   2.0100000e+03
   1.9484833e-01   2.0250000e+03
   9.0069689e-02   2.0400000e+03
  -7.2418623e-02   2.0550000e+03
  -6.2857859e-02   2.0700000e+03
   7.2764650e-02   2.0850000e+03
   9.5756970e-02   2.1000000e+03
  -3.3091974e-02   2.1150000e+03
  -1.1898859e-01   2.1300000e+03
  -7.5062282e-02   2.1450000e+03
  -2.2039965e-02   2.1600000e+03
  -2.8573878e-02   2.1750000e+03
  -1.5697906e-02   2.1900000e+03
   4.0882856e-02   2.2050000e+03
   5.4707106e-02   2.2200000e+03
   1.6785294e-02   2.2350000e+03
   2.0046834e-02   2.2500000e+03
   6.4870223e-02   2.2650000e+03
   4.8346229e-02   2.2800000e+03
  -3.4059547e-02   2.2950000e+03
  -7.5737208e-02   2.3100000e+03
  -5.3567976e-02   2.3250000e+03
  -4.5754310e-02   2.3400000e+03
  -6.2823378e-02   2.3550000e+03
  -4.1180536e-02   2.3700000e+03
   9.6632941e-03   2.3850000e+03
   1.6351612e-02   2.4000000e+03
  -2.3083726e-02   2.4150000e+03
  -4.8464123e-02   2.4300000e+03
  -4.7936469e-02   2.4450000e+03
  -4.9181625e-02   2.4600000e+03
  -4.4662345e-02   2.4750000e+03
  -1.4064937e-02   2.4900000e+03
   2.4064150e-02   2.5050000e+03
   4.5324843e-02   2.5200000e+03
   5.8108851e-02   2.5350000e+03
   7.1757428e-02   2.5500000e+03
   7.4174471e-02   2.5650000e+03
   6.3479066e-02   2.5800000e+03
   5.7534475e-02   2.5950000e+03
   6.0580060e-02   2.6100000e+03
   5.7176940e-02   2.6250000e+03
   4.0651496e-02   2.6400000e+03
   1.7765531e-02   2.6550000e+03
  -7.7898251e-03   2.6700000e+03
  -3.0855071e-02   2.6850000e+03
  -3.5295475e-02   2.7000000e+03
  -1.2519023e-02   2.7150000e+03
   2.0010354e-02   2.7300000e+03
   3.5932973e-02   2.7450000e+03
   2.7926462e-02   2.7600000e+03
   9.3192011e-03   2.7750000e+03
  -2.5081111e-03   2.7900000e+03
   2.1326847e-03   2.8050000e+03
   2.0802936e-02   2.8200000e+03
   3.9761245e-02   2.8350000e+03
   4.3823138e-02   2.8500000e+03
   2.9352795e-02   2.8650000e+03
   6.9310367e-03   2.8800000e+03
  -8.2300026e-03   2.8950000e+03
  -8.0143278e-03   2.9100000e+03
   3.1009493e-03   2.9250000e+03
   1.1478726e-02   2.9400000e+03
   5.5973632e-03   2.9550000e+03
  -1.2785167e-02   2.9700000e+03
  -2.9354827e-02   2.9850000e+03
  -3.0818382e-02   3.0000000e+03
  -1.6937438e-02   3.0150000e+03
   1.4311092e-03   3.0300000e+03
   1.3887086e-02   3.0450000e+03
   1.8462207e-02   3.0600000e+03
   1.9881725e-02   3.0750000e+03
   2.2098992e-02   3.0900000e+03
   2.2723246e-02   3.1050000e+03
   1.4566841e-02   3.1200000e+03
  -6.5434286e-03   3.1350000e+03
  -3.4694560e-02   3.1500000e+03
  -5.5174153e-02   3.1650000e+03
  -5.4804496e-02   3.1800000e+03
  -3.2700814e-02   3.1950000e+03
  -6.6454633e-04   3.2100000e+03
   2.7765710e-02   3.2250000e+03
   4.7866777e-02   3.2400000e+03
   6.2375896e-02   3.2550000e+03
   7.1252070e-02   3.2700000e+03
   6.6726021e-02   3.2850000e+03
   4.1356772e-02   3.3000000e+03
   4.3528920e-04   3.3150000e+03
  -3.6657162e-02   3.3300000e+03
  -5.0381027e-02   3.3450000e+03
  -3.7398186e-02   3.3600000e+03
  -1.2513917e-02   3.3750000e+03
   5.9818365e-03   3.3900000e+03
   1.1991505e-02   3.4050000e+03
   1.2332824e-02   3.4200000e+03
   1.4282139e-02   3.4350000e+03
   1.6131317e-02   3.4500000e+03
   1.0869787e-02   3.4650000e+03
  -4.2209039e-03   3.4800000e+03
  -2.4993232e-02   3.4950000e+03
  -4.6187058e-02   3.5100000e+03
  -6.5665059e-02   3.5250000e+03
  -8.1904121e-02   3.5400000e+03
  -9.1141939e-02   3.5550000e+03
  -9.0499744e-02   3.5700000e+03
  -8.2096100e-02   3.5850000e+03
  -6.9787621e-02   3.6000000e+03
  -5.1818106e-02   3.6150000e+03
  -2.1409201e-02   3.6300000e+03
   2.2495029e-02   3.6450000e+03
   6.7852549e-02   3.6600000e+03
   9.6935362e-02   3.6750000e+03
   1.0119619e-01   3.6900000e+03
   8.6613476e-02   3.7050000e+03
   6.5012142e-02   3.7200000e+03
   4.3388721e-02   3.7350000e+03
   2.2160092e-02   3.7500000e+03
  -2.8353889e-04   3.7650000e+03
  -2.4591723e-02   3.7800000e+03
  -4.9910206e-02   3.7950000e+03
  -7.2434373e-02   3.8100000e+03
  -8.4790647e-02   3.8250000e+03
  -8.0646463e-02   3.8400000e+03
  -6.1757673e-02   3.8550000e+03
  -3.8782213e-02   3.8700000e+03
  -2.3657965e-02   3.8850000e+03
  -2.1621203e-02   3.9000000e+03
  -3.0170709e-02   3.9150000e+03
  -4.2844851e-02   3.9300000e+03
  -5.2142099e-02   3.9450000e+03
  -5.1308632e-02   3.9600000e+03
  -3.7738986e-02   3.9750000e+03
  -1.6156232e-02   3.9900000e+03
   3.4783937e-03   4.0050000e+03
   1.3200430e-02   4.0200000e+03
   1.2603572e-02   4.0350000e+03
   7.4749100e-03   4.0500000e+03
   3.9805369e-03   4.0650000e+03
   4.7145612e-03   4.0800000e+03
   9.1448771e-03   4.0950000e+03
   1.5698239e-02   4.1100000e+03
   2.2362789e-02   4.1250000e+03
   2.6248600e-02   4.1400000e+03
   2.4414342e-02   4.1550000e+03
   1.6090438e-02   4.1700000e+03
   3.8136223e-03   4.1850000e+03
  -8.0302516e-03   4.2000000e+03
  -1.5675334e-02   4.2150000e+03
  -1.7266510e-02   4.2300000e+03
  -1.3001016e-02   4.2450000e+03
  -5.0894492e-03   4.2600000e+03
   3.0181694e-03   4.2750000e+03
   8.8772671e-03   4.2900000e+03
   1.2924693e-02   4.3050000e+03
   1.7294735e-02   4.3200000e+03
   2.2488788e-02   4.3350000e+03
   2.6064474e-02   4.3500000e+03
   2.5149848e-02   4.3650000e+03
   1.9632705e-02   4.3800000e+03
   1.2263708e-02   4.3950000e+03
   6.0507432e-03   4.4100000e+03
   2.1557582e-03   4.4250000e+03
  -5.5472265e-05   4.4400000e+03
  -1.7923425e-03   4.4550000e+03
  -3.7406690e-03   4.4700000e+03
  -5.4534161e-03   4.4850000e+03
  -5.5126050e-03   4.5000000e+03
