  -1.1561748e-02   0.0000000e+00
  -1.1560082e-02   1.5000000e+01
  -1.1555925e-02   3.0000000e+01
  -1.1552440e-02   4.5000000e+01
  -1.1554012e-02   6.0000000e+01
  -1.1563919e-02   7.5000000e+01
  -1.1582063e-02   9.0000000e+01
  -1.1606100e-02   1.0500000e+02
  -1.1634815e-02   1.2000000e+02
  -1.1670120e-02   1.3500000e+02
  -1.1715059e-02   1.5000000e+02
  -1.1770405e-02   1.6500000e+02
  -1.1834873e-02   1.8000000e+02
  -1.1906542e-02   1.9500000e+02
  -1.1982804e-02   2.1000000e+02
  -1.2062023e-02   2.2500000e+02
  -1.2145899e-02   2.4000000e+02
  -1.2237777e-02   2.5500000e+02
  -1.2337374e-02   2.7000000e+02
  -1.2438960e-02   2.8500000e+02
  -1.2536714e-02   3.0000000e+02
  -1.2630754e-02   3.1500000e+02
  -1.2729074e-02   3.3000000e+02
  -1.2846375e-02   3.4500000e+02
  -1.2995102e-02   3.6000000e+02
  -1.3172165e-02   3.7500000e+02
  -1.3364132e-02   3.9000000e+02
  -1.3571533e-02   4.0500000e+02
  -1.3812264e-02   4.2000000e+02
  -1.4091494e-02   4.3500000e+02
  -1.4390267e-02   4.5000000e+02
  -1.4698648e-02   4.6500000e+02
  -1.5035837e-02   4.8000000e+02
  -1.5422718e-02   4.9500000e+02
  -1.5861500e-02   5.1000000e+02
  -1.6358240e-02   5.2500000e+02
  -1.6942620e-02   5.4000000e+02
  -1.7650526e-02   5.5500000e+02
  -1.8502999e-02   5.7000000e+02
  -1.9511990e-02   5.8500000e+02
  -2.0687813e-02   6.0000000e+02
  -2.2032486e-02   6.1500000e+02
  -2.3552354e-02   6.3000000e+02
  -2.5278715e-02   6.4500000e+02
  -2.7208457e-02   6.6000000e+02
  -2.9089211e-02   6.7500000e+02
  -2.9922841e-02   6.9000000e+02
  -2.6885591e-02   7.0500000e+02
  -1.3468929e-02   7.2000000e+02
   2.2480024e-02   7.3500000e+02
   9.8354533e-02   7.5000000e+02
   2.2975072e-01   7.6500000e+02
   4.1382882e-01   7.8000000e+02
   6.0847855e-01   7.9500000e+02
   7.2617781e-01   8.1000000e+02
   6.6576123e-01   8.2500000e+02
   3.8207737e-01   8.4000000e+02
  -5.2228950e-02   8.5500000e+02
  -4.6035030e-01   8.7000000e+02
  -6.6654611e-01   8.8500000e+02
  -6.1307919e-01   9.0000000e+02
  -3.8133106e-01   9.1500000e+02
  -1.0983976e-01   9.3000000e+02
   8.7599717e-02   9.4500000e+02
   1.4065322e-01   9.6000000e+02
   3.8564377e-02   9.7500000e+02
  -1.2035032e-01   9.9000000e+02
  -1.6195020e-01   1.0050000e+03
  -2.0516355e-02   1.0200000e+03
   1.4153385e-01   1.0350000e+03
   1.1732978e-01   1.0500000e+03
  -5.7296991e-02   1.0650000e+03
  -1.4826764e-01   1.0800000e+03
  -5.9952073e-02   1.0950000e+03
   5.1770538e-02   1.1100000e+03
   4.5757674e-02   1.1250000e+03
  -1.4794275e-02   1.1400000e+03
  -1.9384222e-02   1.1550000e+03
   1.4315900e-02   1.1700000e+03
   1.8525649e-02   1.1850000e+03
  -5.5244397e-03   1.2000000e+03
  -2.7662529e-02   1.2150000e+03
  -4.6638496e-02   1.2300000e+03
  -5.8263719e-02   1.2450000e+03
  -4.3510146e-02   1.2600000e+03
  -9.1272006e-03   1.2750000e+03
   1.5826426e-02   1.2900000e+03
   2.1952979e-02   1.3050000e+03
   2.1253271e-02   1.3200000e+03
   2.0929709e-02   1.3350000e+03
   1.7196236e-02   1.3500000e+03
   4.7952454e-03   1.3650000e+03
  -1.2549426e-02   1.3800000e+03
  -2.0427788e-02   1.3950000e+03
  -1.1549121e-02   1.4100000e+03
   2.2391023e-03   1.4250000e+03
   9.8087676e-03   1.4400000e+03
   1.6318196e-02   1.4550000e+03
   2.4962697e-02   1.4700000e+03
   2.6089987e-02   1.4850000e+03
   1.7622724e-02   1.5000000e+03
   1.3363662e-02   1.5150000e+03
   2.0839199e-02   1.5300000e+03
   3.0355353e-02   1.5450000e+03
   3.2251600e-02   1.5600000e+03
   2.8250793e-02   1.5750000e+03
   2.1105856e-02   1.5900000e+03
   8.1877215e-03   1.6050000e+03
  -8.7617664e-03   1.6200000e+03
  -2.0212365e-02   1.6350000e+03
  -2.1395562e-02   1.6500000e+03
  -1.7824611e-02   1.6650000e+03
  -1.4270808e-02   1.6800000e+03
  -9.0478761e-03   1.6950000e+03
  -1.9908203e-03   1.7100000e+03
   3.0316147e-03   1.7250000e+03
   6.2764152e-03   1.7400000e+03
   1.3232351e-02   1.7550000e+03
   2.5316946e-02   1.7700000e+03
   3.6880653e-02   1.7850000e+03
   4.2805567e-02   1.8000000e+03
   4.3032944e-02   1.8150000e+03
   3.8827296e-02   1.8300000e+03
   3.0127324e-02   1.8450000e+03
   1.7799847e-02   1.8600000e+03
   4.1732336e-03   1.8750000e+03
  -9.7161476e-03   1.8900000e+03
  -2.4179144e-02   1.9050000e+03
  -3.7879501e-02   1.9200000e+03
  -4.7981717e-02   1.9350000e+03
  -5.4063022e-02   1.9500000e+03
  -5.9245180e-02   1.9650000e+03
  -6.5909587e-02   1.9800000e+03
  -7.1743026e-02   1.9950000e+03
  -7.1394578e-02   2.0100000e+03
  -6.1175987e-02   2.0250000e+03
  -4.1484445e-02   2.0400000e+03
  -1.6124699e-02   2.0550000e+03
   9.6502081e-03   2.0700000e+03
   3.1624325e-02   2.0850000e+03
   4.8114538e-02   2.1000000e+03
   5.8200281e-02   2.1150000e+03
   5.8504142e-02   2.1300000e+03
   4.3878783e-02   2.1450000e+03
   1.2976078e-02   2.1600000e+03
  -2.7153615e-02   2.1750000e+03
  -6.2739313e-02   2.1900000e+03
  -8.0211863e-02   2.2050000e+03
  -7.3250115e-02   2.2200000e+03
  -4.5463428e-02   2.2350000e+03
  -7.7945990e-03   2.2500000e+03
   2.6302893e-02   2.2650000e+03
   4.4740271e-02   2.2800000e+03
   4.0424824e-02   2.2950000e+03
   1.5957601e-02   2.3100000e+03
  -1.4314638e-02   2.3250000e+03
  -3.0439980e-02   2.3400000e+03
  -1.9956628e-02   2.3550000e+03
   1.1401105e-02   2.3700000e+03
   4.0994566e-02   2.3850000e+03
   4.3904509e-02   2.4000000e+03
   1.1548311e-02   2.4150000e+03
  -3.9793104e-02   2.4300000e+03
  -7.8271054e-02   2.4450000e+03
  -7.7778570e-02   2.4600000e+03
  -3.5900105e-02   2.4750000e+03
   2.4393823e-02   2.4900000e+03
   7.0089601e-02   2.5050000e+03
   7.9382569e-02   2.5200000e+03
   5.4388456e-02   2.5350000e+03
   1.7437825e-02   2.5500000e+03
  -5.5047739e-03   2.5650000e+03
  -2.2474159e-03   2.5800000e+03
   1.9146966e-02   2.5950000e+03
   3.8027171e-02   2.6100000e+03
   3.6379263e-02   2.6250000e+03
   1.0886198e-02   2.6400000e+03
  -2.5667403e-02   2.6550000e+03
  -5.3656884e-02   2.6700000e+03
  -5.9785679e-02   2.6850000e+03
  -4.5304954e-02   2.7000000e+03
  -2.3911869e-02   2.7150000e+03
  -1.0896296e-02   2.7300000e+03
  -1.1618688e-02   2.7450000e+03
  -1.8569263e-02   2.7600000e+03
  -1.9382201e-02   2.7750000e+03
  -8.1500467e-03   2.7900000e+03
   1.0480831e-02   2.8050000e+03
   2.6962332e-02   2.8200000e+03
   3.5038467e-02   2.8350000e+03
   3.4680434e-02   2.8500000e+03
   2.9254025e-02   2.8650000e+03
   2.1516588e-02   2.8800000e+03
   1.1715135e-02   2.8950000e+03
  -1.7071072e-03   2.9100000e+03
  -1.8981030e-02   2.9250000e+03
  -3.5189014e-02   2.9400000e+03
  -4.0568799e-02   2.9550000e+03
  -2.8116291e-02   2.9700000e+03
  -2.7809888e-03   2.9850000e+03
   1.9229133e-02   3.0000000e+03
   2.3967542e-02   3.0150000e+03
   1.3122762e-02   3.0300000e+03
   1.6203348e-03   3.0450000e+03
   1.1280280e-03   3.0600000e+03
   8.3887167e-03   3.0750000e+03
   1.1800725e-02   3.0900000e+03
   7.0997127e-03   3.1050000e+03
   2.0363794e-03   3.1200000e+03
   4.8766369e-03   3.1350000e+03
   1.2725918e-02   3.1500000e+03
   1.5229939e-02   3.1650000e+03
   8.2367361e-03   3.1800000e+03
  -1.0514746e-03   3.1950000e+03
  -3.8677542e-03   3.2100000e+03
  -9.5751701e-04   3.2250000e+03
  -4.4033123e-04   3.2400000e+03
  -6.3800053e-03   3.2550000e+03
  -1.3679399e-02   3.2700000e+03
  -1.4898469e-02   3.2850000e+03
  -8.5987691e-03   3.3000000e+03
   1.0951277e-03   3.3150000e+03
   1.0527680e-02   3.3300000e+03
   1.8676342e-02   3.3450000e+03
   2.4210928e-02   3.3600000e+03
   2.4407554e-02   3.3750000e+03
   1.8783413e-02   3.3900000e+03
   1.1680313e-02   3.4050000e+03
   8.7293396e-03   3.4200000e+03
   1.0868433e-02   3.4350000e+03
   1.3278845e-02   3.4500000e+03
   1.0443019e-02   3.4650000e+03
   1.5136540e-03   3.4800000e+03
  -9.1608502e-03   3.4950000e+03
  -1.5787046e-02   3.5100000e+03
  -1.5214761e-02   3.5250000e+03
  -8.5206050e-03   3.5400000e+03
   2.2234635e-04   3.5550000e+03
   6.6613997e-03   3.5700000e+03
   8.4985346e-03   3.5850000e+03
   6.1530895e-03   3.6000000e+03
   1.8921662e-03   3.6150000e+03
  -1.5460715e-03   3.6300000e+03
  -2.2199815e-03   3.6450000e+03
  -3.7801328e-06   3.6600000e+03
   3.2008677e-03   3.6750000e+03
   4.7258697e-03   3.6900000e+03
   3.2337508e-03   3.7050000e+03
  -2.0778834e-04   3.7200000e+03
  -3.1608534e-03   3.7350000e+03
  -4.0742168e-03   3.7500000e+03
  -3.8765520e-03   3.7650000e+03
  -5.5051697e-03   3.7800000e+03
  -1.1209751e-02   3.7950000e+03
  -1.9301301e-02   3.8100000e+03
  -2.3604682e-02   3.8250000e+03
  -1.7656490e-02   3.8400000e+03
  -1.0462665e-03   3.8550000e+03
   1.8204086e-02   3.8700000e+03
   2.8599504e-02   3.8850000e+03
   2.3804946e-02   3.9000000e+03
   7.5220075e-03   3.9150000e+03
  -9.3873609e-03   3.9300000e+03
  -1.6905619e-02   3.9450000e+03
  -1.2731265e-02   3.9600000e+03
  -3.0601472e-03   3.9750000e+03
   3.1995012e-03   3.9900000e+03
   2.2210192e-03   4.0050000e+03
  -1.7417545e-03   4.0200000e+03
  -1.3382214e-03   4.0350000e+03
   5.5013518e-03   4.0500000e+03
   1.2619815e-02   4.0650000e+03
   1.1786028e-02   4.0800000e+03
   1.6614893e-03   4.0950000e+03
  -1.0127779e-02   4.1100000e+03
  -1.4047992e-02   4.1250000e+03
  -7.3390240e-03   4.1400000e+03
   4.0889164e-03   4.1550000e+03
   1.1135873e-02   4.1700000e+03
   8.4094433e-03   4.1850000e+03
  -2.5152119e-03   4.2000000e+03
  -1.4234861e-02   4.2150000e+03
  -1.7980829e-02   4.2300000e+03
  -9.8716812e-03   4.2450000e+03
   4.9349014e-03   4.2600000e+03
   1.5218097e-02   4.2750000e+03
   1.3295684e-02   4.2900000e+03
   2.3790502e-03   4.3050000e+03
  -6.9314498e-03   4.3200000e+03
  -8.0503067e-03   4.3350000e+03
  -5.0135376e-03   4.3500000e+03
  -6.6802725e-03   4.3650000e+03
  -1.5431116e-02   4.3800000e+03
  -2.3482595e-02   4.3950000e+03
  -2.0724831e-02   4.4100000e+03
  -5.1910258e-03   4.4250000e+03
   1.4515294e-02   4.4400000e+03
   2.6282532e-02   4.4550000e+03
   2.3792304e-02   4.4700000e+03
   1.0449216e-02   4.4850000e+03
  -4.0411982e-03   4.5000000e+03
