  -6.3548172e-03   0.0000000e+00
  -6.3543618e-03   1.5000000e+01
  -6.3532558e-03   3.0000000e+01
  -6.3523967e-03   4.5000000e+01
  -6.3528670e-03   6.0000000e+01
  -6.3554114e-03   7.5000000e+01
  -6.3600689e-03   9.0000000e+01
  -6.3664177e-03   1.0500000e+02
  -6.3742641e-03   1.2000000e+02
  -6.3841227e-03   1.3500000e+02
  -6.3966829e-03   1.5000000e+02
  -6.4120968e-03   1.6500000e+02
  -6.4303041e-03   1.8000000e+02
  -6.4511825e-03   1.9500000e+02
  -6.4740404e-03   2.1000000e+02
  -6.4981175e-03   2.2500000e+02
  -6.5236175e-03   2.4000000e+02
  -6.5514906e-03   2.5500000e+02
  -6.5822164e-03   2.7000000e+02
  -6.6150553e-03   2.8500000e+02
  -6.6485913e-03   3.0000000e+02
  -6.6820248e-03   3.1500000e+02
  -6.7159301e-03   3.3000000e+02
  -6.7518889e-03   3.4500000e+02
  -6.7910491e-03   3.6000000e+02
  -6.8326793e-03   3.7500000e+02
  -6.8750647e-03   3.9000000e+02
  -6.9183097e-03   4.0500000e+02
  -6.9638919e-03   4.2000000e+02
  -7.0100417e-03   4.3500000e+02
  -7.0512043e-03   4.5000000e+02
  -7.0844945e-03   4.6500000e+02
  -7.1130046e-03   4.8000000e+02
  -7.1410895e-03   4.9500000e+02
  -7.1705412e-03   5.1000000e+02
  -7.2026830e-03   5.2500000e+02
  -7.2400426e-03   5.4000000e+02
  -7.2838040e-03   5.5500000e+02
  -7.3324265e-03   5.7000000e+02
  -7.3849126e-03   5.8500000e+02
  -7.4422192e-03   6.0000000e+02
  -7.5029572e-03   6.1500000e+02
  -7.5624445e-03   6.3000000e+02
  -7.6189693e-03   6.4500000e+02
  -7.6756743e-03   6.6000000e+02
  -7.7353190e-03   6.7500000e+02
  -7.7989558e-03   6.9000000e+02
  -7.8682275e-03   7.0500000e+02
  -7.9436749e-03   7.2000000e+02
  -8.0233179e-03   7.3500000e+02
  -8.1052156e-03   7.5000000e+02
  -8.1885466e-03   7.6500000e+02
  -8.2730409e-03   7.8000000e+02
  -8.3601018e-03   7.9500000e+02
  -8.4526865e-03   8.1000000e+02
  -8.5528251e-03   8.2500000e+02
  -8.6607467e-03   8.4000000e+02
  -8.7759206e-03   8.5500000e+02
  -8.8979378e-03   8.7000000e+02
  -9.0273535e-03   8.8500000e+02
  -9.1655832e-03   9.0000000e+02
  -9.3131931e-03   9.1500000e+02
  -9.4693983e-03   9.3000000e+02
  -9.6335933e-03   9.4500000e+02
  -9.8059829e-03   9.6000000e+02
  -9.9868849e-03   9.7500000e+02
  -1.0175777e-02   9.9000000e+02
  -1.0370440e-02   1.0050000e+03
  -1.0567398e-02   1.0200000e+03
  -1.0762586e-02   1.0350000e+03
  -1.0949958e-02   1.0500000e+03
  -1.1119680e-02   1.0650000e+03
  -1.1257798e-02   1.0800000e+03
  -1.1345408e-02   1.0950000e+03
  -1.1354749e-02   1.1100000e+03
  -1.1241077e-02   1.1250000e+03
  -1.0929524e-02   1.1400000e+03
  -1.0294733e-02   1.1550000e+03
  -9.1284020e-03   1.1700000e+03
  -7.0876940e-03   1.1850000e+03
  -3.6165707e-03   1.2000000e+03
   2.1634868e-03   1.2150000e+03
   1.1578951e-02   1.2300000e+03
   2.6494626e-02   1.2450000e+03
   4.9266256e-02   1.2600000e+03
   8.2404204e-02   1.2750000e+03
   1.2779240e-01   1.2900000e+03
   1.8541095e-01   1.3050000e+03
   2.5178096e-01   1.3200000e+03
   3.1875804e-01   1.3350000e+03
   3.7364507e-01   1.3500000e+03
   4.0151602e-01   1.3650000e+03
   3.8983268e-01   1.3800000e+03
   3.3399668e-01   1.3950000e+03
   2.4116866e-01   1.4100000e+03
   1.2964396e-01   1.4250000e+03
   2.2971164e-02   1.4400000e+03
  -5.8876175e-02   1.4550000e+03
  -1.0669440e-01   1.4700000e+03
  -1.2363741e-01   1.4850000e+03
  -1.2072527e-01   1.5000000e+03
  -1.0970441e-01   1.5150000e+03
  -9.7913034e-02   1.5300000e+03
  -8.7545536e-02   1.5450000e+03
  -7.8216486e-02   1.5600000e+03
  -6.9971710e-02   1.5750000e+03
  -6.4647399e-02   1.5900000e+03
  -6.5147839e-02   1.6050000e+03
  -7.3291227e-02   1.6200000e+03
  -8.7458089e-02   1.6350000e+03
  -1.0176902e-01   1.6500000e+03
  -1.0810643e-01   1.6650000e+03
  -1.0023279e-01   1.6800000e+03
  -7.7093668e-02   1.6950000e+03
  -4.2850979e-02   1.7100000e+03
  -4.2961915e-03   1.7250000e+03
   3.1481594e-02   1.7400000e+03
   5.7633027e-02   1.7550000e+03
   6.7713447e-02   1.7700000e+03
   5.7484958e-02   1.7850000e+03
   2.7947593e-02   1.8000000e+03
  -1.2942084e-02   1.8150000e+03
  -5.1761419e-02   1.8300000e+03
  -7.3952474e-02   1.8450000e+03
  -6.9143623e-02   1.8600000e+03
  -3.5470981e-02   1.8750000e+03
   1.8703086e-02   1.8900000e+03
   7.6629162e-02   1.9050000e+03
   1.1840469e-01   1.9200000e+03
   1.2818110e-01   1.9350000e+03
   1.0106692e-01   1.9500000e+03
   4.6995100e-02   1.9650000e+03
  -1.1190159e-02   1.9800000e+03
  -4.6791960e-02   1.9950000e+03
  -4.3117695e-02   2.0100000e+03
  -4.9823229e-03   2.0250000e+03
   4.1165825e-02   2.0400000e+03
   6.2417556e-02   2.0550000e+03
   4.2545605e-02   2.0700000e+03
  -3.5797213e-03   2.0850000e+03
  -3.8250785e-02   2.1000000e+03
  -2.9047245e-02   2.1150000e+03
   2.4487492e-02   2.1300000e+03
   8.9088939e-02   2.1450000e+03
   1.2434006e-01   2.1600000e+03
   1.1473441e-01   2.1750000e+03
   7.7744238e-02   2.1900000e+03
   4.0834669e-02   2.2050000e+03
   1.1733355e-02   2.2200000e+03
  -2.6013041e-02   2.2350000e+03
  -8.6684234e-02   2.2500000e+03
  -1.5413213e-01   2.2650000e+03
  -1.8497311e-01   2.2800000e+03
  -1.4393304e-01   2.2950000e+03
  -3.6970533e-02   2.3100000e+03
   9.0543710e-02   2.3250000e+03
   1.8671335e-01   2.3400000e+03
   2.2337948e-01   2.3550000e+03
   1.9953460e-01   2.3700000e+03
   1.2711126e-01   2.3850000e+03
   2.3396906e-02   2.4000000e+03
  -8.4426887e-02   2.4150000e+03
  -1.6014594e-01   2.4300000e+03
  -1.7656618e-01   2.4450000e+03
  -1.3621791e-01   2.4600000e+03
  -7.0530467e-02   2.4750000e+03
  -1.5331690e-02   2.4900000e+03
   1.3231711e-02   2.5050000e+03
   2.0428127e-02   2.5200000e+03
   1.6565235e-02   2.5350000e+03
   4.1425889e-03   2.5500000e+03
  -1.9047692e-02   2.5650000e+03
  -4.8859421e-02   2.5800000e+03
  -7.1186908e-02   2.5950000e+03
  -7.1171634e-02   2.6100000e+03
  -4.6748523e-02   2.6250000e+03
  -1.3454234e-02   2.6400000e+03
   5.4988940e-03   2.6550000e+03
  -2.9627194e-03   2.6700000e+03
  -3.1104688e-02   2.6850000e+03
  -5.6751549e-02   2.7000000e+03
  -6.1085943e-02   2.7150000e+03
  -4.1755617e-02   2.7300000e+03
  -1.1025021e-02   2.7450000e+03
   1.6158439e-02   2.7600000e+03
   3.1866238e-02   2.7750000e+03
   3.6288626e-02   2.7900000e+03
   3.3266410e-02   2.8050000e+03
   2.6151521e-02   2.8200000e+03
   1.6894624e-02   2.8350000e+03
   7.6401620e-03   2.8500000e+03
   1.9664576e-03   2.8650000e+03
   3.0685433e-03   2.8800000e+03
   9.8705357e-03   2.8950000e+03
   1.6155601e-02   2.9100000e+03
   1.5637834e-02   2.9250000e+03
   8.0636926e-03   2.9400000e+03
  -1.3349082e-03   2.9550000e+03
  -8.5746367e-03   2.9700000e+03
  -1.4748774e-02   2.9850000e+03
  -2.1830648e-02   3.0000000e+03
  -2.7169511e-02   3.0150000e+03
  -2.5774719e-02   3.0300000e+03
  -1.8133383e-02   3.0450000e+03
  -1.2385816e-02   3.0600000e+03
  -1.6501434e-02   3.0750000e+03
  -2.9438905e-02   3.0900000e+03
  -4.1695386e-02   3.1050000e+03
  -4.3829311e-02   3.1200000e+03
  -3.3040419e-02   3.1350000e+03
  -1.2738364e-02   3.1500000e+03
   1.0991002e-02   3.1650000e+03
   3.1534720e-02   3.1800000e+03
   4.3471094e-02   3.1950000e+03
   4.5528833e-02   3.2100000e+03
   4.1790105e-02   3.2250000e+03
   3.7776645e-02   3.2400000e+03
   3.4756932e-02   3.2550000e+03
   2.9336603e-02   3.2700000e+03
   1.9070433e-02   3.2850000e+03
   6.6578230e-03   3.3000000e+03
  -2.8149062e-03   3.3150000e+03
  -7.6207621e-03   3.3300000e+03
  -1.0543696e-02   3.3450000e+03
  -1.4700907e-02   3.3600000e+03
  -2.0180119e-02   3.3750000e+03
  -2.5237128e-02   3.3900000e+03
  -2.9011497e-02   3.4050000e+03
  -3.1725120e-02   3.4200000e+03
  -3.3200718e-02   3.4350000e+03
  -3.2829609e-02   3.4500000e+03
  -3.0874310e-02   3.4650000e+03
  -2.8421462e-02   3.4800000e+03
  -2.5753111e-02   3.4950000e+03
  -2.1925969e-02   3.5100000e+03
  -1.6537938e-02   3.5250000e+03
  -1.0832497e-02   3.5400000e+03
  -5.9655653e-03   3.5550000e+03
  -8.5727597e-04   3.5700000e+03
   6.6833859e-03   3.5850000e+03
   1.6487943e-02   3.6000000e+03
   2.4958016e-02   3.6150000e+03
   2.8151272e-02   3.6300000e+03
   2.5052508e-02   3.6450000e+03
   1.6997898e-02   3.6600000e+03
   4.9154083e-03   3.6750000e+03
  -1.1054085e-02   3.6900000e+03
  -2.9190697e-02   3.7050000e+03
  -4.5426056e-02   3.7200000e+03
  -5.6256805e-02   3.7350000e+03
  -6.1542943e-02   3.7500000e+03
  -6.3115604e-02   3.7650000e+03
  -6.1194591e-02   3.7800000e+03
  -5.3790312e-02   3.7950000e+03
  -3.9577030e-02   3.8100000e+03
  -1.9464770e-02   3.8250000e+03
   5.4731900e-03   3.8400000e+03
   3.5806265e-02   3.8550000e+03
   7.1345948e-02   3.8700000e+03
   1.0715552e-01   3.8850000e+03
   1.3371080e-01   3.9000000e+03
   1.4184661e-01   3.9150000e+03
   1.2742613e-01   3.9300000e+03
   9.2264369e-02   3.9450000e+03
   4.3060817e-02   3.9600000e+03
  -9.3857376e-03   3.9750000e+03
  -5.2132443e-02   3.9900000e+03
  -7.5051554e-02   4.0050000e+03
  -7.6108851e-02   4.0200000e+03
  -6.2049903e-02   4.0350000e+03
  -4.3804038e-02   4.0500000e+03
  -3.0903438e-02   4.0650000e+03
  -2.8410932e-02   4.0800000e+03
  -3.5740551e-02   4.0950000e+03
  -4.6124335e-02   4.1100000e+03
  -4.8359085e-02   4.1250000e+03
  -3.2620542e-02   4.1400000e+03
   2.3251495e-03   4.1550000e+03
   4.6351392e-02   4.1700000e+03
   8.2528256e-02   4.1850000e+03
   9.6006840e-02   4.2000000e+03
   8.1609465e-02   4.2150000e+03
   4.6268940e-02   4.2300000e+03
   5.3799278e-03   4.2450000e+03
  -2.5401978e-02   4.2600000e+03
  -3.8742620e-02   4.2750000e+03
  -3.8987108e-02   4.2900000e+03
  -3.7474390e-02   4.3050000e+03
  -4.3212604e-02   4.3200000e+03
  -5.6226965e-02   4.3350000e+03
  -6.8319432e-02   4.3500000e+03
  -6.9646284e-02   4.3650000e+03
  -5.5619661e-02   4.3800000e+03
  -2.9765816e-02   4.3950000e+03
  -1.7709010e-03   4.4100000e+03
   1.7408190e-02   4.4250000e+03
   2.0738227e-02   4.4400000e+03
   8.3503863e-03   4.4550000e+03
  -1.2528935e-02   4.4700000e+03
  -3.1006778e-02   4.4850000e+03
  -3.7890967e-02   4.5000000e+03
