   2.1084531e-03   0.0000000e+00
   2.1084915e-03   1.5000000e+01
   2.1084987e-03   3.0000000e+01
   2.1079853e-03   4.5000000e+01
   2.1064102e-03   6.0000000e+01
   2.1033031e-03   7.5000000e+01
   2.0983336e-03   9.0000000e+01
   2.0915994e-03   1.0500000e+02
   2.0835015e-03   1.2000000e+02
   2.0742200e-03   1.3500000e+02
   2.0636385e-03   1.5000000e+02
   2.0514957e-03   1.6500000e+02
   2.0374046e-03   1.8000000e+02
   2.0210547e-03   1.9500000e+02
   2.0026520e-03   2.1000000e+02
   1.9831897e-03   2.2500000e+02
   1.9640450e-03   2.4000000e+02
   1.9460765e-03   2.5500000e+02
   1.9291301e-03   2.7000000e+02
   1.9120564e-03   2.8500000e+02
   1.8929993e-03   3.0000000e+02
   1.8703121e-03   3.1500000e+02
   1.8436894e-03   3.3000000e+02
   1.8142544e-03   3.4500000e+02
   1.7835379e-03   3.6000000e+02
   1.7522840e-03   3.7500000e+02
   1.7200320e-03   3.9000000e+02
   1.6861786e-03   4.0500000e+02
   1.6513724e-03   4.2000000e+02
   1.6166728e-03   4.3500000e+02
   1.5808780e-03   4.5000000e+02
   1.5390090e-03   4.6500000e+02
   1.4818439e-03   4.8000000e+02
   1.3941346e-03   4.9500000e+02
   1.2536125e-03   5.1000000e+02
   1.0373157e-03   5.2500000e+02
   7.3875819e-04   5.4000000e+02
   3.8960684e-04   5.5500000e+02
   6.7702604e-05   5.7000000e+02
  -1.2949758e-04   5.8500000e+02
  -1.4653096e-04   6.0000000e+02
  -2.7404531e-05   6.1500000e+02
   9.2767143e-05   6.3000000e+02
   8.3957093e-05   6.4500000e+02
  -6.4793770e-05   6.6000000e+02
  -2.3139101e-04   6.7500000e+02
  -2.7972288e-04   6.9000000e+02
  -1.9324393e-04   7.0500000e+02
  -7.2640527e-05   7.2000000e+02
  -4.5462457e-06   7.3500000e+02
   2.7903479e-05   7.5000000e+02
   7.9267280e-05   7.6500000e+02
   1.2731289e-04   7.8000000e+02
   8.8715613e-05   7.9500000e+02
  -5.3664826e-05   8.1000000e+02
  -2.1034857e-04   8.2500000e+02
  -3.0256691e-04   8.4000000e+02
  -3.5718584e-04   8.5500000e+02
  -4.3246447e-04   8.7000000e+02
  -5.0891575e-04   8.8500000e+02
  -5.3904235e-04   9.0000000e+02
  -5.6759937e-04   9.1500000e+02
  -6.9340266e-04   9.3000000e+02
  -9.1420492e-04   9.4500000e+02
  -1.1160222e-03   9.6000000e+02
  -1.2331519e-03   9.7500000e+02
  -1.3207013e-03   9.9000000e+02
  -1.4479423e-03   1.0050000e+03
  -1.6151478e-03   1.0200000e+03
  -1.7972647e-03   1.0350000e+03
  -1.9781264e-03   1.0500000e+03
  -2.1222355e-03   1.0650000e+03
  -2.1959678e-03   1.0800000e+03
  -2.2259625e-03   1.0950000e+03
  -2.2584191e-03   1.1100000e+03
  -2.2582156e-03   1.1250000e+03
  -2.1168520e-03   1.1400000e+03
  -1.7527847e-03   1.1550000e+03
  -1.1348259e-03   1.1700000e+03
  -2.0136117e-04   1.1850000e+03
   1.1923815e-03   1.2000000e+03
   3.2375266e-03   1.2150000e+03
   6.1304891e-03   1.2300000e+03
   1.0120278e-02   1.2450000e+03
   1.5622473e-02   1.2600000e+03
   2.3308005e-02   1.2750000e+03
   3.4141000e-02   1.2900000e+03
   4.9431410e-02   1.3050000e+03
   7.0935041e-02   1.3200000e+03
   1.0094299e-01   1.3350000e+03
   1.4230847e-01   1.3500000e+03
   1.9839907e-01   1.3650000e+03
   2.7287301e-01   1.3800000e+03
   3.6900726e-01   1.3950000e+03
   4.8826209e-01   1.4100000e+03
   6.2796706e-01   1.4250000e+03
   7.7843225e-01   1.4400000e+03
   9.2037296e-01   1.4550000e+03
   1.0241445e+00   1.4700000e+03
   1.0526098e+00   1.4850000e+03
   9.6901417e-01   1.5000000e+03
   7.4957395e-01   1.5150000e+03
   3.9766985e-01   1.5300000e+03
  -4.6348020e-02   1.5450000e+03
  -5.0670898e-01   1.5600000e+03
  -8.8924944e-01   1.5750000e+03
  -1.1111567e+00   1.5900000e+03
  -1.1324344e+00   1.6050000e+03
  -9.7369874e-01   1.6200000e+03
  -7.0896906e-01   1.6350000e+03
  -4.3449447e-01   1.6500000e+03
  -2.2870004e-01   1.6650000e+03
  -1.2435479e-01   1.6800000e+03
  -1.0664798e-01   1.6950000e+03
  -1.3429105e-01   1.7100000e+03
  -1.6694453e-01   1.7250000e+03
  -1.8146403e-01   1.7400000e+03
  -1.7135821e-01   1.7550000e+03
  -1.3755210e-01   1.7700000e+03
  -8.2395077e-02   1.7850000e+03
  -1.1172161e-02   1.8000000e+03
   6.4484209e-02   1.8150000e+03
   1.2849477e-01   1.8300000e+03
   1.6740391e-01   1.8450000e+03
   1.7548963e-01   1.8600000e+03
   1.5280353e-01   1.8750000e+03
   9.9796936e-02   1.8900000e+03
   1.6805293e-02   1.9050000e+03
  -8.9299925e-02   1.9200000e+03
  -1.9887611e-01   1.9350000e+03
  -2.8280950e-01   1.9500000e+03
  -3.1507522e-01   1.9650000e+03
  -2.8486076e-01   1.9800000e+03
  -1.9987580e-01   1.9950000e+03
  -8.1693970e-02   2.0100000e+03
   4.0775705e-02   2.0250000e+03
   1.3713904e-01   2.0400000e+03
   1.8289766e-01   2.0550000e+03
   1.6852571e-01   2.0700000e+03
   1.0468622e-01   2.0850000e+03
   1.7851971e-02   2.1000000e+03
  -6.2159710e-02   2.1150000e+03
  -1.1458554e-01   2.1300000e+03
  -1.3293977e-01   2.1450000e+03
  -1.2247109e-01   2.1600000e+03
  -9.4066828e-02   2.1750000e+03
  -5.8792714e-02   2.1900000e+03
  -2.4914928e-02   2.2050000e+03
   2.5634072e-03   2.2200000e+03
   2.0938920e-02   2.2350000e+03
   2.9193737e-02   2.2500000e+03
   2.8735802e-02   2.2650000e+03
   2.4228577e-02   2.2800000e+03
   2.2148654e-02   2.2950000e+03
   2.6969329e-02   2.3100000e+03
   3.8179610e-02   2.3250000e+03
   5.1156547e-02   2.3400000e+03
   6.0891159e-02   2.3550000e+03
   6.4756781e-02   2.3700000e+03
   6.2438898e-02   2.3850000e+03
   5.4812964e-02   2.4000000e+03
   4.3931998e-02   2.4150000e+03
   3.3574335e-02   2.4300000e+03
   2.8459905e-02   2.4450000e+03
   3.1986527e-02   2.4600000e+03
   4.4289693e-02   2.4750000e+03
   6.2146492e-02   2.4900000e+03
   8.0683641e-02   2.5050000e+03
   9.5756873e-02   2.5200000e+03
   1.0556119e-01   2.5350000e+03
   1.1050638e-01   2.5500000e+03
   1.1174178e-01   2.5650000e+03
   1.0983765e-01   2.5800000e+03
   1.0461202e-01   2.5950000e+03
   9.5647380e-02   2.6100000e+03
   8.2673132e-02   2.6250000e+03
   6.5805987e-02   2.6400000e+03
   4.5966104e-02   2.6550000e+03
   2.5192501e-02   2.6700000e+03
   6.3084085e-03   2.6850000e+03
  -8.0593117e-03   2.7000000e+03
  -1.6564131e-02   2.7150000e+03
  -1.9775672e-02   2.7300000e+03
  -2.0041049e-02   2.7450000e+03
  -2.0547001e-02   2.7600000e+03
  -2.3973119e-02   2.7750000e+03
  -3.1355981e-02   2.7900000e+03
  -4.1597523e-02   2.8050000e+03
  -5.1749084e-02   2.8200000e+03
  -5.8035307e-02   2.8350000e+03
  -5.7341352e-02   2.8500000e+03
  -4.8530418e-02   2.8650000e+03
  -3.2917354e-02   2.8800000e+03
  -1.3697027e-02   2.8950000e+03
   5.2989051e-03   2.9100000e+03
   2.0901103e-02   2.9250000e+03
   3.1446490e-02   2.9400000e+03
   3.6942691e-02   2.9550000e+03
   3.8663864e-02   2.9700000e+03
   3.8492315e-02   2.9850000e+03
   3.8272720e-02   3.0000000e+03
   3.9290868e-02   3.0150000e+03
   4.1936461e-02   3.0300000e+03
   4.5620415e-02   3.0450000e+03
   4.8939936e-02   3.0600000e+03
   4.9988396e-02   3.0750000e+03
   4.6758007e-02   3.0900000e+03
   3.7691284e-02   3.1050000e+03
   2.2350084e-02   3.1200000e+03
   1.9139445e-03   3.1350000e+03
  -2.0867651e-02   3.1500000e+03
  -4.2373195e-02   3.1650000e+03
  -5.9162535e-02   3.1800000e+03
  -6.8920188e-02   3.1950000e+03
  -7.0957847e-02   3.2100000e+03
  -6.6191003e-02   3.2250000e+03
  -5.6682583e-02   3.2400000e+03
  -4.4938732e-02   3.2550000e+03
  -3.3188745e-02   3.2700000e+03
  -2.2877919e-02   3.2850000e+03
  -1.4519047e-02   3.3000000e+03
  -7.9012886e-03   3.3150000e+03
  -2.5096156e-03   3.3300000e+03
   2.0601179e-03   3.3450000e+03
   5.8555882e-03   3.3600000e+03
   8.5256826e-03   3.3750000e+03
   9.4155585e-03   3.3900000e+03
   7.7501815e-03   3.4050000e+03
   2.9235242e-03   3.4200000e+03
  -5.1356372e-03   3.4350000e+03
  -1.5717408e-02   3.4500000e+03
  -2.7454708e-02   3.4650000e+03
  -3.8825225e-02   3.4800000e+03
  -4.8684403e-02   3.4950000e+03
  -5.6426078e-02   3.5100000e+03
  -6.1729945e-02   3.5250000e+03
  -6.4262018e-02   3.5400000e+03
  -6.3697211e-02   3.5550000e+03
  -6.0043208e-02   3.5700000e+03
  -5.3906757e-02   3.5850000e+03
  -4.6407823e-02   3.6000000e+03
  -3.8794965e-02   3.6150000e+03
  -3.2059163e-02   3.6300000e+03
  -2.6776964e-02   3.6450000e+03
  -2.3181148e-02   3.6600000e+03
  -2.1309089e-02   3.6750000e+03
  -2.1099098e-02   3.6900000e+03
  -2.2402672e-02   3.7050000e+03
  -2.4956457e-02   3.7200000e+03
  -2.8380474e-02   3.7350000e+03
  -3.2230396e-02   3.7500000e+03
  -3.6045793e-02   3.7650000e+03
  -3.9292853e-02   3.7800000e+03
  -4.1200019e-02   3.7950000e+03
  -4.0668353e-02   3.8100000e+03
  -3.6480542e-02   3.8250000e+03
  -2.7814675e-02   3.8400000e+03
  -1.4782369e-02   3.8550000e+03
   1.3444728e-03   3.8700000e+03
   1.8336279e-02   3.8850000e+03
   3.3514254e-02   3.9000000e+03
   4.4372555e-02   3.9150000e+03
   4.9162734e-02   3.9300000e+03
   4.7299270e-02   3.9450000e+03
   3.9443329e-02   3.9600000e+03
   2.7215736e-02   3.9750000e+03
   1.2663300e-02   3.9900000e+03
  -2.2824316e-03   4.0050000e+03
  -1.6141295e-02   4.0200000e+03
  -2.7932478e-02   4.0350000e+03
  -3.7006974e-02   4.0500000e+03
  -4.2851035e-02   4.0650000e+03
  -4.5047168e-02   4.0800000e+03
  -4.3438353e-02   4.0950000e+03
  -3.8355123e-02   4.1100000e+03
  -3.0694405e-02   4.1250000e+03
  -2.1738676e-02   4.1400000e+03
  -1.2773797e-02   4.1550000e+03
  -4.6785986e-03   4.1700000e+03
   2.3171089e-03   4.1850000e+03
   8.5649500e-03   4.2000000e+03
   1.4616702e-02   4.2150000e+03
   2.0714058e-02   4.2300000e+03
   2.6450805e-02   4.2450000e+03
   3.0826213e-02   4.2600000e+03
   3.2661609e-02   4.2750000e+03
   3.1139167e-02   4.2900000e+03
   2.6196005e-02   4.3050000e+03
   1.8628603e-02   4.3200000e+03
   9.8951170e-03   4.3350000e+03
   1.6903152e-03   4.3500000e+03
  -4.5610731e-03   4.3650000e+03
  -8.1026731e-03   4.3800000e+03
  -8.9892140e-03   4.3950000e+03
  -7.9500359e-03   4.4100000e+03
  -6.0637221e-03   4.4250000e+03
  -4.3789474e-03   4.4400000e+03
  -3.6109346e-03   4.4550000e+03
  -4.0072426e-03   4.4700000e+03
  -5.4008313e-03   4.4850000e+03
  -7.3794485e-03   4.5000000e+03
