  -1.3150101e-03   0.0000000e+00
  -1.3150094e-03   1.5000000e+01
  -1.3150277e-03   3.0000000e+01
  -1.3150921e-03   4.5000000e+01
  -1.3151756e-03   6.0000000e+01
  -1.3151992e-03   7.5000000e+01
  -1.3151224e-03   9.0000000e+01
  -1.3150078e-03   1.0500000e+02
  -1.3150054e-03   1.2000000e+02
  -1.3152130e-03   1.3500000e+02
  -1.3155128e-03   1.5000000e+02
  -1.3154605e-03   1.6500000e+02
  -1.3140563e-03   1.8000000e+02
  -1.3082798e-03   1.9500000e+02
  -1.2892637e-03   2.1000000e+02
  -1.2381200e-03   2.2500000e+02
  -1.1300412e-03   2.4000000e+02
  -9.5649937e-04   2.5500000e+02
  -7.5665285e-04   2.7000000e+02
  -6.1821676e-04   2.8500000e+02
  -6.1441772e-04   3.0000000e+02
  -7.1966386e-04   3.1500000e+02
  -8.1286964e-04   3.3000000e+02
  -8.0165837e-04   3.4500000e+02
  -7.2843034e-04   3.6000000e+02
  -7.0574973e-04   3.7500000e+02
  -7.5873034e-04   3.9000000e+02
  -8.0203038e-04   4.0500000e+02
  -7.8022614e-04   4.2000000e+02
  -7.4539986e-04   4.3500000e+02
  -7.5807265e-04   4.5000000e+02
  -7.9121767e-04   4.6500000e+02
  -7.9187023e-04   4.8000000e+02
  -7.7341974e-04   4.9500000e+02
  -7.7889801e-04   5.1000000e+02
  -8.0148678e-04   5.2500000e+02
  -8.0674537e-04   5.4000000e+02
  -7.9756294e-04   5.5500000e+02
  -8.0050196e-04   5.7000000e+02
  -8.1427081e-04   5.8500000e+02
  -8.1834849e-04   6.0000000e+02
  -8.1383641e-04   6.1500000e+02
  -8.1725628e-04   6.3000000e+02
  -8.2769740e-04   6.4500000e+02
  -8.3221268e-04   6.6000000e+02
  -8.3158305e-04   6.7500000e+02
  -8.3402073e-04   6.9000000e+02
  -8.3532056e-04   7.0500000e+02
  -8.2598091e-04   7.2000000e+02
  -8.0605858e-04   7.3500000e+02
  -7.7927980e-04   7.5000000e+02
  -7.4567006e-04   7.6500000e+02
  -7.1104051e-04   7.8000000e+02
  -6.9293153e-04   7.9500000e+02
  -7.0757640e-04   8.1000000e+02
  -7.5472961e-04   8.2500000e+02
  -8.1618893e-04   8.4000000e+02
  -8.6437404e-04   8.5500000e+02
  -8.7755919e-04   8.7000000e+02
  -8.5870159e-04   8.8500000e+02
  -8.3850464e-04   9.0000000e+02
  -8.4831298e-04   9.1500000e+02
  -8.8687602e-04   9.3000000e+02
  -9.2178816e-04   9.4500000e+02
  -9.2745578e-04   9.6000000e+02
  -9.1445690e-04   9.7500000e+02
  -9.1417652e-04   9.9000000e+02
  -9.3850010e-04   1.0050000e+03
  -9.6647261e-04   1.0200000e+03
  -9.7459689e-04   1.0350000e+03
  -9.6841995e-04   1.0500000e+03
  -9.7126811e-04   1.0650000e+03
  -9.8861265e-04   1.0800000e+03
  -1.0025988e-03   1.0950000e+03
  -1.0029834e-03   1.1100000e+03
  -1.0030450e-03   1.1250000e+03
  -1.0161040e-03   1.1400000e+03
  -1.0343094e-03   1.1550000e+03
  -1.0446360e-03   1.1700000e+03
  -1.0519831e-03   1.1850000e+03
  -1.0696905e-03   1.2000000e+03
  -1.0968071e-03   1.2150000e+03
  -1.1219208e-03   1.2300000e+03
  -1.1430138e-03   1.2450000e+03
  -1.1669151e-03   1.2600000e+03
  -1.1932850e-03   1.2750000e+03
  -1.2147191e-03   1.2900000e+03
  -1.2306068e-03   1.3050000e+03
  -1.2474653e-03   1.3200000e+03
  -1.2670001e-03   1.3350000e+03
  -1.2853784e-03   1.3500000e+03
  -1.3027480e-03   1.3650000e+03
  -1.3232841e-03   1.3800000e+03
  -1.3472274e-03   1.3950000e+03
  -1.3714448e-03   1.4100000e+03
  -1.3960565e-03   1.4250000e+03
  -1.4232997e-03   1.4400000e+03
  -1.4518407e-03   1.4550000e+03
  -1.4781072e-03   1.4700000e+03
  -1.5013287e-03   1.4850000e+03
  -1.5232087e-03   1.5000000e+03
  -1.5453084e-03   1.5150000e+03
  -1.5695022e-03   1.5300000e+03
  -1.5977093e-03   1.5450000e+03
  -1.6290694e-03   1.5600000e+03
  -1.6605447e-03   1.5750000e+03
  -1.6914345e-03   1.5900000e+03
  -1.7241803e-03   1.6050000e+03
  -1.7602225e-03   1.6200000e+03
  -1.7983235e-03   1.6350000e+03
  -1.8372278e-03   1.6500000e+03
  -1.8770108e-03   1.6650000e+03
  -1.9175689e-03   1.6800000e+03
  -1.9582247e-03   1.6950000e+03
  -1.9992208e-03   1.7100000e+03
  -2.0421976e-03   1.7250000e+03
  -2.0888543e-03   1.7400000e+03
  -2.1392452e-03   1.7550000e+03
  -2.1909620e-03   1.7700000e+03
  -2.2405817e-03   1.7850000e+03
  -2.2869415e-03   1.8000000e+03
  -2.3323148e-03   1.8150000e+03
  -2.3795101e-03   1.8300000e+03
  -2.4289426e-03   1.8450000e+03
  -2.4795844e-03   1.8600000e+03
  -2.5314018e-03   1.8750000e+03
  -2.5854132e-03   1.8900000e+03
  -2.6422695e-03   1.9050000e+03
  -2.7021377e-03   1.9200000e+03
  -2.7652830e-03   1.9350000e+03
  -2.8316821e-03   1.9500000e+03
  -2.9006831e-03   1.9650000e+03
  -2.9721761e-03   1.9800000e+03
  -3.0476379e-03   1.9950000e+03
  -3.1291470e-03   2.0100000e+03
  -3.2176892e-03   2.0250000e+03
  -3.3131032e-03   2.0400000e+03
  -3.4152623e-03   2.0550000e+03
  -3.5243928e-03   2.0700000e+03
  -3.6402636e-03   2.0850000e+03
  -3.7617872e-03   2.1000000e+03
  -3.8877062e-03   2.1150000e+03
  -4.0173298e-03   2.1300000e+03
  -4.1507683e-03   2.1450000e+03
  -4.2893318e-03   2.1600000e+03
  -4.4359481e-03   2.1750000e+03
  -4.5942157e-03   2.1900000e+03
  -4.7662714e-03   2.2050000e+03
  -4.9520098e-03   2.2200000e+03
  -5.1506469e-03   2.2350000e+03
  -5.3621689e-03   2.2500000e+03
  -5.5868649e-03   2.2650000e+03
  -5.8248276e-03   2.2800000e+03
  -6.0770479e-03   2.2950000e+03
  -6.3461587e-03   2.3100000e+03
  -6.6349586e-03   2.3250000e+03
  -6.9444296e-03   2.3400000e+03
  -7.2736051e-03   2.3550000e+03
  -7.6199695e-03   2.3700000e+03
  -7.9772566e-03   2.3850000e+03
  -8.3294436e-03   2.4000000e+03
  -8.6406944e-03   2.4150000e+03
  -8.8382307e-03   2.4300000e+03
  -8.7828375e-03   2.4450000e+03
  -8.2244920e-03   2.4600000e+03
  -6.7468756e-03   2.4750000e+03
  -3.7114893e-03   2.4900000e+03
   1.7784400e-03   2.5050000e+03
   1.0859718e-02   2.5200000e+03
   2.4787188e-02   2.5350000e+03
   4.4655889e-02   2.5500000e+03
   7.0943899e-02   2.5650000e+03
   1.0292912e-01   2.5800000e+03
   1.3815518e-01   2.5950000e+03
   1.7224441e-01   2.6100000e+03
   1.9939275e-01   2.6250000e+03
   2.1373300e-01   2.6400000e+03
   2.1137927e-01   2.6550000e+03
   1.9245584e-01   2.6700000e+03
   1.6203356e-01   2.6850000e+03
   1.2899081e-01   2.7000000e+03
   1.0259555e-01   2.7150000e+03
   8.7890863e-02   2.7300000e+03
   8.2105458e-02   2.7450000e+03
   7.4444637e-02   2.7600000e+03
   5.0268348e-02   2.7750000e+03
  -1.7173421e-03   2.7900000e+03
  -8.2671478e-02   2.8050000e+03
  -1.8087536e-01   2.8200000e+03
  -2.7467501e-01   2.8350000e+03
  -3.3971205e-01   2.8500000e+03
  -3.5702747e-01   2.8650000e+03
  -3.1886077e-01   2.8800000e+03
  -2.3082097e-01   2.8950000e+03
  -1.1072529e-01   2.9100000e+03
   1.5323804e-02   2.9250000e+03
   1.1934704e-01   2.9400000e+03
   1.7940946e-01   2.9550000e+03
   1.8633489e-01   2.9700000e+03
   1.4577237e-01   2.9850000e+03
   7.4355431e-02   3.0000000e+03
  -7.3822048e-03   3.0150000e+03
  -8.0763943e-02   3.0300000e+03
  -1.3117270e-01   3.0450000e+03
  -1.4863576e-01   3.0600000e+03
  -1.2986116e-01   3.0750000e+03
  -8.1379250e-02   3.0900000e+03
  -1.9654058e-02   3.1050000e+03
   3.4936056e-02   3.1200000e+03
   6.7762487e-02   3.1350000e+03
   7.6522201e-02   3.1500000e+03
   6.9858059e-02   3.1650000e+03
   5.9397064e-02   3.1800000e+03
   5.1331960e-02   3.1950000e+03
   4.3416329e-02   3.2100000e+03
   2.9182855e-02   3.2250000e+03
   6.2865997e-03   3.2400000e+03
  -1.7577557e-02   3.2550000e+03
  -2.7353019e-02   3.2700000e+03
  -1.2064335e-02   3.2850000e+03
   2.3502633e-02   3.3000000e+03
   5.8440957e-02   3.3150000e+03
   6.9918081e-02   3.3300000e+03
   5.1375195e-02   3.3450000e+03
   1.8694932e-02   3.3600000e+03
  -2.1001287e-03   3.3750000e+03
   4.0305499e-03   3.3900000e+03
   2.8401561e-02   3.4050000e+03
   4.4401303e-02   3.4200000e+03
   2.7534913e-02   3.4350000e+03
  -2.4934283e-02   3.4500000e+03
  -8.9109361e-02   3.4650000e+03
  -1.2872764e-01   3.4800000e+03
  -1.1968631e-01   3.4950000e+03
  -6.8176053e-02   3.5100000e+03
  -9.3159890e-03   3.5250000e+03
   1.4079357e-02   3.5400000e+03
  -2.0258036e-02   3.5550000e+03
  -9.7037926e-02   3.5700000e+03
  -1.7021038e-01   3.5850000e+03
  -1.9142212e-01   3.6000000e+03
  -1.4151074e-01   3.6150000e+03
  -4.0868614e-02   3.6300000e+03
   7.0634231e-02   3.6450000e+03
   1.6620030e-01   3.6600000e+03
   2.4512702e-01   3.6750000e+03
   3.1244412e-01   3.6900000e+03
   3.4800416e-01   3.7050000e+03
   3.0458629e-01   3.7200000e+03
   1.4840075e-01   3.7350000e+03
  -9.1366395e-02   3.7500000e+03
  -3.1589690e-01   3.7650000e+03
  -4.1133782e-01   3.7800000e+03
  -3.2651162e-01   3.7950000e+03
  -1.1090276e-01   3.8100000e+03
   1.1814091e-01   3.8250000e+03
   2.5184226e-01   3.8400000e+03
   2.5140315e-01   3.8550000e+03
   1.5487169e-01   3.8700000e+03
   3.6212269e-02   3.8850000e+03
  -4.5243520e-02   3.9000000e+03
  -7.0536353e-02   3.9150000e+03
  -5.4237459e-02   3.9300000e+03
  -2.1317683e-02   3.9450000e+03
   1.0383544e-02   3.9600000e+03
   3.1992096e-02   3.9750000e+03
   3.6360383e-02   3.9900000e+03
   1.5733339e-02   4.0050000e+03
  -2.9818414e-02   4.0200000e+03
  -8.2619786e-02   4.0350000e+03
  -1.1131126e-01   4.0500000e+03
  -9.1250278e-02   4.0650000e+03
  -2.5576133e-02   4.0800000e+03
   5.3129233e-02   4.0950000e+03
   1.0407466e-01   4.1100000e+03
   1.0495133e-01   4.1250000e+03
   6.2900320e-02   4.1400000e+03
   4.5242882e-03   4.1550000e+03
  -4.2739548e-02   4.1700000e+03
  -6.3243151e-02   4.1850000e+03
  -5.5618204e-02   4.2000000e+03
  -2.9500691e-02   4.2150000e+03
  -7.3949377e-05   4.2300000e+03
   1.9207008e-02   4.2450000e+03
   2.3474695e-02   4.2600000e+03
   1.7530367e-02   4.2750000e+03
   9.4392970e-03   4.2900000e+03
   2.9072182e-03   4.3050000e+03
  -4.0418073e-03   4.3200000e+03
  -1.4508345e-02   4.3350000e+03
  -2.8629890e-02   4.3500000e+03
  -4.2590357e-02   4.3650000e+03
  -4.8453324e-02   4.3800000e+03
  -3.6015708e-02   4.3950000e+03
  -1.4935760e-03   4.4100000e+03
   4.1341860e-02   4.4250000e+03
   6.3880168e-02   4.4400000e+03
   4.5947451e-02   4.4550000e+03
  -1.2611593e-03   4.4700000e+03
  -4.1398972e-02   4.4850000e+03
  -4.6343580e-02   4.5000000e+03
