  -1.1024417e-03   0.0000000e+00
  -1.1024440e-03   1.5000000e+01
  -1.1024633e-03   3.0000000e+01
  -1.1025153e-03   4.5000000e+01
  -1.1025962e-03   6.0000000e+01
  -1.1026650e-03   7.5000000e+01
  -1.1026926e-03   9.0000000e+01
  -1.1026999e-03   1.0500000e+02
  -1.1027548e-03   1.2000000e+02
  -1.1029158e-03   1.3500000e+02
  -1.1031292e-03   1.5000000e+02
  -1.1031330e-03   1.6500000e+02
  -1.1021683e-03   1.8000000e+02
  -1.0976428e-03   1.9500000e+02
  -1.0818976e-03   2.1000000e+02
  -1.0387625e-03   2.2500000e+02
  -9.4708923e-04   2.4000000e+02
  -7.9960609e-04   2.5500000e+02
  -6.2958768e-04   2.7000000e+02
  -5.1160215e-04   2.8500000e+02
  -5.0797925e-04   3.0000000e+02
  -5.9706601e-04   3.1500000e+02
  -6.7596149e-04   3.3000000e+02
  -6.6608435e-04   3.4500000e+02
  -6.0346304e-04   3.6000000e+02
  -5.8390363e-04   3.7500000e+02
  -6.2886195e-04   3.9000000e+02
  -6.6568598e-04   4.0500000e+02
  -6.4703473e-04   4.2000000e+02
  -6.1712100e-04   4.3500000e+02
  -6.2750024e-04   4.5000000e+02
  -6.5526582e-04   4.6500000e+02
  -6.5542082e-04   4.8000000e+02
  -6.3941517e-04   4.9500000e+02
  -6.4385519e-04   5.1000000e+02
  -6.6286640e-04   5.2500000e+02
  -6.6710846e-04   5.4000000e+02
  -6.5904786e-04   5.5500000e+02
  -6.6132582e-04   5.7000000e+02
  -6.7289983e-04   5.8500000e+02
  -6.7633530e-04   6.0000000e+02
  -6.7254202e-04   6.1500000e+02
  -6.7547470e-04   6.3000000e+02
  -6.8419077e-04   6.4500000e+02
  -6.8753253e-04   6.6000000e+02
  -6.8605313e-04   6.7500000e+02
  -6.8629743e-04   6.9000000e+02
  -6.8351667e-04   7.0500000e+02
  -6.6763686e-04   7.2000000e+02
  -6.3631305e-04   7.3500000e+02
  -5.9103279e-04   7.5000000e+02
  -5.3274719e-04   7.6500000e+02
  -4.7173098e-04   7.8000000e+02
  -4.3243263e-04   7.9500000e+02
  -4.3848678e-04   8.1000000e+02
  -4.9291883e-04   8.2500000e+02
  -5.7171728e-04   8.4000000e+02
  -6.3375203e-04   8.5500000e+02
  -6.4553443e-04   8.7000000e+02
  -6.1015773e-04   8.8500000e+02
  -5.7085644e-04   9.0000000e+02
  -5.7250843e-04   9.1500000e+02
  -6.1517919e-04   9.3000000e+02
  -6.5463712e-04   9.4500000e+02
  -6.5410777e-04   9.6000000e+02
  -6.2678027e-04   9.7500000e+02
  -6.1628327e-04   9.9000000e+02
  -6.3995796e-04   1.0050000e+03
  -6.6905131e-04   1.0200000e+03
  -6.7133404e-04   1.0350000e+03
  -6.5535022e-04   1.0500000e+03
  -6.5337372e-04   1.0650000e+03
  -6.7137828e-04   1.0800000e+03
  -6.8354112e-04   1.0950000e+03
  -6.7675003e-04   1.1100000e+03
  -6.7088474e-04   1.1250000e+03
  -6.8361597e-04   1.1400000e+03
  -7.0156931e-04   1.1550000e+03
  -7.0530077e-04   1.1700000e+03
  -7.0199964e-04   1.1850000e+03
  -7.1058213e-04   1.2000000e+03
  -7.2965701e-04   1.2150000e+03
  -7.4432767e-04   1.2300000e+03
  -7.5388514e-04   1.2450000e+03
  -7.6899666e-04   1.2600000e+03
  -7.8833371e-04   1.2750000e+03
  -8.0006931e-04   1.2900000e+03
  -8.0274430e-04   1.3050000e+03
  -8.0587890e-04   1.3200000e+03
  -8.1289164e-04   1.3350000e+03
  -8.1948104e-04   1.3500000e+03
  -8.2582276e-04   1.3650000e+03
  -8.3618151e-04   1.3800000e+03
  -8.4913080e-04   1.3950000e+03
  -8.6003955e-04   1.4100000e+03
  -8.7023457e-04   1.4250000e+03
  -8.8373292e-04   1.4400000e+03
  -8.9840405e-04   1.4550000e+03
  -9.0894190e-04   1.4700000e+03
  -9.1511768e-04   1.4850000e+03
  -9.2032988e-04   1.5000000e+03
  -9.2590071e-04   1.5150000e+03
  -9.3218684e-04   1.5300000e+03
  -9.4094558e-04   1.5450000e+03
  -9.5228670e-04   1.5600000e+03
  -9.6330332e-04   1.5750000e+03
  -9.7241037e-04   1.5900000e+03
  -9.8136859e-04   1.6050000e+03
  -9.9190301e-04   1.6200000e+03
  -1.0039147e-03   1.6350000e+03
  -1.0172345e-03   1.6500000e+03
  -1.0319185e-03   1.6650000e+03
  -1.0470690e-03   1.6800000e+03
  -1.0618198e-03   1.6950000e+03
  -1.0769459e-03   1.7100000e+03
  -1.0936835e-03   1.7250000e+03
  -1.1114810e-03   1.7400000e+03
  -1.1280281e-03   1.7550000e+03
  -1.1410363e-03   1.7700000e+03
  -1.1498795e-03   1.7850000e+03
  -1.1562285e-03   1.8000000e+03
  -1.1627842e-03   1.8150000e+03
  -1.1707076e-03   1.8300000e+03
  -1.1791546e-03   1.8450000e+03
  -1.1878377e-03   1.8600000e+03
  -1.1983507e-03   1.8750000e+03
  -1.2118118e-03   1.8900000e+03
  -1.2267922e-03   1.9050000e+03
  -1.2409011e-03   1.9200000e+03
  -1.2532244e-03   1.9350000e+03
  -1.2642357e-03   1.9500000e+03
  -1.2744296e-03   1.9650000e+03
  -1.2842998e-03   1.9800000e+03
  -1.2950675e-03   1.9950000e+03
  -1.3079752e-03   2.0100000e+03
  -1.3225240e-03   2.0250000e+03
  -1.3364637e-03   2.0400000e+03
  -1.3482943e-03   2.0550000e+03
  -1.3592513e-03   2.0700000e+03
  -1.3719767e-03   2.0850000e+03
  -1.3874609e-03   2.1000000e+03
  -1.4040355e-03   2.1150000e+03
  -1.4194675e-03   2.1300000e+03
  -1.4334625e-03   2.1450000e+03
  -1.4478109e-03   2.1600000e+03
  -1.4643183e-03   2.1750000e+03
  -1.4828726e-03   2.1900000e+03
  -1.5016103e-03   2.2050000e+03
  -1.5188593e-03   2.2200000e+03
  -1.5345933e-03   2.2350000e+03
  -1.5498661e-03   2.2500000e+03
  -1.5652471e-03   2.2650000e+03
  -1.5804298e-03   2.2800000e+03
  -1.5951361e-03   2.2950000e+03
  -1.6096529e-03   2.3100000e+03
  -1.6242468e-03   2.3250000e+03
  -1.6386348e-03   2.3400000e+03
  -1.6523995e-03   2.3550000e+03
  -1.6656989e-03   2.3700000e+03
  -1.6792468e-03   2.3850000e+03
  -1.6935722e-03   2.4000000e+03
  -1.7084313e-03   2.4150000e+03
  -1.7230038e-03   2.4300000e+03
  -1.7367515e-03   2.4450000e+03
  -1.7500470e-03   2.4600000e+03
  -1.7637555e-03   2.4750000e+03
  -1.7782147e-03   2.4900000e+03
  -1.7929387e-03   2.5050000e+03
  -1.8074620e-03   2.5200000e+03
  -1.8221820e-03   2.5350000e+03
  -1.8380847e-03   2.5500000e+03
  -1.8558338e-03   2.5650000e+03
  -1.8753331e-03   2.5800000e+03
  -1.8959593e-03   2.5950000e+03
  -1.9169778e-03   2.6100000e+03
  -1.9379411e-03   2.6250000e+03
  -1.9589635e-03   2.6400000e+03
  -1.9805238e-03   2.6550000e+03
  -2.0028113e-03   2.6700000e+03
  -2.0253516e-03   2.6850000e+03
  -2.0474142e-03   2.7000000e+03
  -2.0687198e-03   2.7150000e+03
  -2.0895449e-03   2.7300000e+03
  -2.1101753e-03   2.7450000e+03
  -2.1304449e-03   2.7600000e+03
  -2.1498590e-03   2.7750000e+03
  -2.1680545e-03   2.7900000e+03
  -2.1850355e-03   2.8050000e+03
  -2.2009534e-03   2.8200000e+03
  -2.2157535e-03   2.8350000e+03
  -2.2291143e-03   2.8500000e+03
  -2.2407079e-03   2.8650000e+03
  -2.2503950e-03   2.8800000e+03
  -2.2581122e-03   2.8950000e+03
  -2.2635756e-03   2.9100000e+03
  -2.2662017e-03   2.9250000e+03
  -2.2652086e-03   2.9400000e+03
  -2.2596428e-03   2.9550000e+03
  -2.2482346e-03   2.9700000e+03
  -2.2293879e-03   2.9850000e+03
  -2.2014047e-03   3.0000000e+03
  -2.1627371e-03   3.0150000e+03
  -2.1119996e-03   3.0300000e+03
  -2.0477176e-03   3.0450000e+03
  -1.9680234e-03   3.0600000e+03
  -1.8704291e-03   3.0750000e+03
  -1.7517903e-03   3.0900000e+03
  -1.6083568e-03   3.1050000e+03
  -1.4357655e-03   3.1200000e+03
  -1.2289153e-03   3.1350000e+03
  -9.8165346e-04   3.1500000e+03
  -6.8635528e-04   3.1650000e+03
  -3.3343412e-04   3.1800000e+03
   8.9197420e-05   3.1950000e+03
   5.9659471e-04   3.2100000e+03
   1.2071880e-03   3.2250000e+03
   1.9432021e-03   3.2400000e+03
   2.8314700e-03   3.2550000e+03
   3.9047946e-03   3.2700000e+03
   5.2035460e-03   3.2850000e+03
   6.7767939e-03   3.3000000e+03
   8.6825294e-03   3.3150000e+03
   1.0987158e-02   3.3300000e+03
   1.3764412e-02   3.3450000e+03
   1.7093396e-02   3.3600000e+03
   2.1055134e-02   3.3750000e+03
   2.5727330e-02   3.3900000e+03
   3.1177465e-02   3.4050000e+03
   3.7454829e-02   3.4200000e+03
   4.4582222e-02   3.4350000e+03
   5.2548144e-02   3.4500000e+03
   6.1300296e-02   3.4650000e+03
   7.0741378e-02   3.4800000e+03
   8.0728292e-02   3.4950000e+03
   9.1075711e-02   3.5100000e+03
   1.0156406e-01   3.5250000e+03
   1.1195055e-01   3.5400000e+03
   1.2198099e-01   3.5550000e+03
   1.3139993e-01   3.5700000e+03
   1.3995779e-01   3.5850000e+03
   1.4741459e-01   3.6000000e+03
   1.5354189e-01   3.6150000e+03
   1.5812574e-01   3.6300000e+03
   1.6097547e-01   3.6450000e+03
   1.6194159e-01   3.6600000e+03
   1.6094294e-01   3.6750000e+03
   1.5799861e-01   3.6900000e+03
   1.5325506e-01   3.7050000e+03
   1.4699756e-01   3.7200000e+03
   1.3963649e-01   3.7350000e+03
   1.3166399e-01   3.7500000e+03
   1.2358401e-01   3.7650000e+03
   1.1582571e-01   3.7800000e+03
   1.0865781e-01   3.7950000e+03
   1.0212376e-01   3.8100000e+03
   9.6017964e-02   3.8250000e+03
   8.9916728e-02   3.8400000e+03
   8.3268099e-02   3.8550000e+03
   7.5530738e-02   3.8700000e+03
   6.6337727e-02   3.8850000e+03
   5.5648819e-02   3.9000000e+03
   4.3848649e-02   3.9150000e+03
   3.1751666e-02   3.9300000e+03
   2.0489560e-02   3.9450000e+03
   1.1284396e-02   3.9600000e+03
   5.1456066e-03   3.9750000e+03
   2.5633350e-03   3.9900000e+03
   3.2905913e-03   4.0050000e+03
   6.3001812e-03   4.0200000e+03
   9.9624805e-03   4.0350000e+03
   1.2423653e-02   4.0500000e+03
   1.2091120e-02   4.0650000e+03
   8.0826301e-03   4.0800000e+03
   4.9172185e-04   4.0950000e+03
  -9.6262852e-03   4.1100000e+03
  -2.0551991e-02   4.1250000e+03
  -3.0388927e-02   4.1400000e+03
  -3.7579738e-02   4.1550000e+03
  -4.1286591e-02   4.1700000e+03
  -4.1530028e-02   4.1850000e+03
  -3.9077152e-02   4.2000000e+03
  -3.5159782e-02   4.2150000e+03
  -3.1145783e-02   4.2300000e+03
  -2.8268080e-02   4.2450000e+03
  -2.7455553e-02   4.2600000e+03
  -2.9248707e-02   4.2750000e+03
  -3.3756766e-02   4.2900000e+03
  -4.0631991e-02   4.3050000e+03
  -4.9079232e-02   4.3200000e+03
  -5.7946116e-02   4.3350000e+03
  -6.5923147e-02   4.3500000e+03
  -7.1827032e-02   4.3650000e+03
  -7.4879140e-02   4.3800000e+03
  -7.4869409e-02   4.3950000e+03
  -7.2136216e-02   4.4100000e+03
  -6.7377120e-02   4.4250000e+03
  -6.1384931e-02   4.4400000e+03
  -5.4828718e-02   4.4550000e+03
  -4.8157670e-02   4.4700000e+03
  -4.1626923e-02   4.4850000e+03
  -3.5382044e-02   4.5000000e+03
