   9.1673052e-03   0.0000000e+00
   9.1675632e-03   1.5000000e+01
   9.1674626e-03   3.0000000e+01
   9.1655273e-03   4.5000000e+01
   9.1614919e-03   6.0000000e+01
   9.1551933e-03   7.5000000e+01
   9.1465116e-03   9.0000000e+01
   9.1367606e-03   1.0500000e+02
   9.1270022e-03   1.2000000e+02
   9.1158589e-03   1.3500000e+02
   9.1016404e-03   1.5000000e+02
   9.0844864e-03   1.6500000e+02
   9.0646651e-03   1.8000000e+02
   9.0414155e-03   1.9500000e+02
   9.0143895e-03   2.1000000e+02
   8.9844894e-03   2.2500000e+02
   8.9532593e-03   2.4000000e+02
   8.9219175e-03   2.5500000e+02
   8.8904211e-03   2.7000000e+02
   8.8573014e-03   2.8500000e+02
   8.8205356e-03   3.0000000e+02
   8.7786233e-03   3.1500000e+02
   8.7310337e-03   3.3000000e+02
   8.6779390e-03   3.4500000e+02
   8.6202817e-03   3.6000000e+02
   8.5597085e-03   3.7500000e+02
   8.4970761e-03   3.9000000e+02
   8.4314663e-03   4.0500000e+02
   8.3606308e-03   4.2000000e+02
   8.2806759e-03   4.3500000e+02
   8.1859389e-03   4.5000000e+02
   8.0692517e-03   4.6500000e+02
   7.9172654e-03   4.8000000e+02
   7.7004712e-03   4.9500000e+02
   7.3694508e-03   5.1000000e+02
   6.8717641e-03   5.2500000e+02
   6.1930679e-03   5.4000000e+02
   5.4057064e-03   5.5500000e+02
   4.6851621e-03   5.7000000e+02
   4.2490712e-03   5.8500000e+02
   4.2170291e-03   6.0000000e+02
   4.4800751e-03   6.1500000e+02
   4.7211433e-03   6.3000000e+02
   4.6353317e-03   6.4500000e+02
   4.1895304e-03   6.6000000e+02
   3.6527410e-03   6.7500000e+02
   3.3198930e-03   6.9000000e+02
   3.2041343e-03   7.0500000e+02
   3.0549197e-03   7.2000000e+02
   2.6891478e-03   7.3500000e+02
   2.2200933e-03   7.5000000e+02
   1.8881997e-03   7.6500000e+02
   1.7325439e-03   7.8000000e+02
   1.5616558e-03   7.9500000e+02
   1.2427081e-03   8.1000000e+02
   8.5818575e-04   8.2500000e+02
   5.0531025e-04   8.4000000e+02
   9.4923096e-05   8.5500000e+02
  -5.0177373e-04   8.7000000e+02
  -1.2148579e-03   8.8500000e+02
  -1.8793618e-03   9.0000000e+02
  -2.5203850e-03   9.1500000e+02
  -3.2995124e-03   9.3000000e+02
  -4.1313684e-03   9.4500000e+02
  -4.4818115e-03   9.6000000e+02
  -3.4126816e-03   9.7500000e+02
   7.1902934e-04   9.9000000e+02
   1.1270571e-02   1.0050000e+03
   3.4737363e-02   1.0200000e+03
   8.2155854e-02   1.0350000e+03
   1.6990852e-01   1.0500000e+03
   3.1827629e-01   1.0650000e+03
   5.4483449e-01   1.0800000e+03
   8.5025847e-01   1.0950000e+03
   1.1975422e+00   1.1100000e+03
   1.4924319e+00   1.1250000e+03
   1.5815912e+00   1.1400000e+03
   1.2893144e+00   1.1550000e+03
   5.0265646e-01   1.1700000e+03
  -7.1758586e-01   1.1850000e+03
  -2.0649085e+00   1.2000000e+03
  -3.0373120e+00   1.2150000e+03
  -3.1484034e+00   1.2300000e+03
  -2.2264829e+00   1.2450000e+03
  -6.1329192e-01   1.2600000e+03
   9.3308622e-01   1.2750000e+03
   1.6565436e+00   1.2900000e+03
   1.2999053e+00   1.3050000e+03
   2.9690433e-01   1.3200000e+03
  -5.4763210e-01   1.3350000e+03
  -6.7643934e-01   1.3500000e+03
  -1.8348227e-01   1.3650000e+03
   3.5697770e-01   1.3800000e+03
   4.6604931e-01   1.3950000e+03
   1.7462793e-01   1.4100000e+03
  -1.1331448e-01   1.4250000e+03
  -1.0745313e-01   1.4400000e+03
   9.0659507e-02   1.4550000e+03
   1.9101672e-01   1.4700000e+03
   9.3259975e-02   1.4850000e+03
  -3.4668922e-02   1.5000000e+03
  -2.4466641e-02   1.5150000e+03
   7.1741857e-02   1.5300000e+03
   8.6835273e-02   1.5450000e+03
  -1.9038059e-02   1.5600000e+03
  -1.2574780e-01   1.5750000e+03
  -1.3927755e-01   1.5900000e+03
  -1.0103282e-01   1.6050000e+03
  -8.2710899e-02   1.6200000e+03
  -6.4887196e-02   1.6350000e+03
   8.4704272e-03   1.6500000e+03
   1.0799692e-01   1.6650000e+03
   1.3907456e-01   1.6800000e+03
   7.4417077e-02   1.6950000e+03
  -8.1690960e-03   1.7100000e+03
  -3.4239162e-02   1.7250000e+03
  -1.9580394e-02   1.7400000e+03
  -2.2163194e-02   1.7550000e+03
  -5.3249665e-02   1.7700000e+03
  -7.4472874e-02   1.7850000e+03
  -5.8222141e-02   1.8000000e+03
  -1.4033508e-02   1.8150000e+03
   3.5641804e-02   1.8300000e+03
   7.5836644e-02   1.8450000e+03
   9.4422065e-02   1.8600000e+03
   7.9316735e-02   1.8750000e+03
   3.1564455e-02   1.8900000e+03
  -2.3744015e-02   1.9050000e+03
  -4.7388695e-02   1.9200000e+03
  -1.3996238e-02   1.9350000e+03
   6.5022141e-02   1.9500000e+03
   1.4848790e-01   1.9650000e+03
   1.9723910e-01   1.9800000e+03
   1.9341679e-01   1.9950000e+03
   1.3058090e-01   2.0100000e+03
   7.7152932e-03   2.0250000e+03
  -1.4887752e-01   2.0400000e+03
  -2.7343258e-01   2.0550000e+03
  -2.9814434e-01   2.0700000e+03
  -2.0446479e-01   2.0850000e+03
  -2.6411561e-02   2.1000000e+03
   1.8279627e-01   2.1150000e+03
   3.6289781e-01   2.1300000e+03
   4.3924296e-01   2.1450000e+03
   3.5070899e-01   2.1600000e+03
   1.1128059e-01   2.1750000e+03
  -1.7023729e-01   2.1900000e+03
  -3.5306904e-01   2.2050000e+03
  -3.5649458e-01   2.2200000e+03
  -2.0383584e-01   2.2350000e+03
   3.2589985e-03   2.2500000e+03
   1.5111999e-01   2.2650000e+03
   1.7922714e-01   2.2800000e+03
   1.0674058e-01   2.2950000e+03
   3.4190181e-03   2.3100000e+03
  -6.9689535e-02   2.3250000e+03
  -9.6658938e-02   2.3400000e+03
  -9.3059987e-02   2.3550000e+03
  -7.0632562e-02   2.3700000e+03
  -2.7538868e-02   2.3850000e+03
   2.9121062e-02   2.4000000e+03
   6.8474784e-02   2.4150000e+03
   5.8203228e-02   2.4300000e+03
   9.4211558e-05   2.4450000e+03
  -6.6234671e-02   2.4600000e+03
  -9.6550919e-02   2.4750000e+03
  -7.4751891e-02   2.4900000e+03
  -1.7372759e-02   2.5050000e+03
   4.2296130e-02   2.5200000e+03
   7.2957516e-02   2.5350000e+03
   6.1596043e-02   2.5500000e+03
   2.2573451e-02   2.5650000e+03
  -1.1385877e-02   2.5800000e+03
  -1.4560327e-02   2.5950000e+03
   1.1948732e-02   2.6100000e+03
   4.3596998e-02   2.6250000e+03
   5.2652124e-02   2.6400000e+03
   2.7097464e-02   2.6550000e+03
  -2.2702307e-02   2.6700000e+03
  -7.1080297e-02   2.6850000e+03
  -9.3450055e-02   2.7000000e+03
  -8.1207074e-02   2.7150000e+03
  -4.4766452e-02   2.7300000e+03
  -5.0827861e-03   2.7450000e+03
   1.8499479e-02   2.7600000e+03
   1.8488934e-02   2.7750000e+03
   3.3082608e-03   2.7900000e+03
  -9.6050855e-03   2.8050000e+03
  -7.8307707e-03   2.8200000e+03
   8.3090859e-03   2.8350000e+03
   3.0189766e-02   2.8500000e+03
   4.8418730e-02   2.8650000e+03
   5.5661451e-02   2.8800000e+03
   4.8227217e-02   2.8950000e+03
   2.9307306e-02   2.9100000e+03
   8.8006258e-03   2.9250000e+03
  -2.8696305e-03   2.9400000e+03
  -1.3208948e-03   2.9550000e+03
   1.0064204e-02   2.9700000e+03
   2.2984155e-02   2.9850000e+03
   2.9696751e-02   3.0000000e+03
   2.8115030e-02   3.0150000e+03
   2.1652699e-02   3.0300000e+03
   1.3553119e-02   3.0450000e+03
   3.2310092e-03   3.0600000e+03
  -1.0403258e-02   3.0750000e+03
  -2.4419559e-02   3.0900000e+03
  -3.3625387e-02   3.1050000e+03
  -3.6225069e-02   3.1200000e+03
  -3.5573520e-02   3.1350000e+03
  -3.6207639e-02   3.1500000e+03
  -3.9239213e-02   3.1650000e+03
  -4.1618526e-02   3.1800000e+03
  -3.9178982e-02   3.1950000e+03
  -3.0340638e-02   3.2100000e+03
  -1.7352475e-02   3.2250000e+03
  -4.4509396e-03   3.2400000e+03
   4.8933001e-03   3.2550000e+03
   9.3817385e-03   3.2700000e+03
   9.8205646e-03   3.2850000e+03
   8.4075266e-03   3.3000000e+03
   7.4879113e-03   3.3150000e+03
   8.0096107e-03   3.3300000e+03
   8.9394217e-03   3.3450000e+03
   8.4622195e-03   3.3600000e+03
   5.8628144e-03   3.3750000e+03
   2.2060000e-03   3.3900000e+03
  -7.5037015e-04   3.4050000e+03
  -2.3049146e-03   3.4200000e+03
  -3.6934093e-03   3.4350000e+03
  -7.3024342e-03   3.4500000e+03
  -1.4622167e-02   3.4650000e+03
  -2.4444278e-02   3.4800000e+03
  -3.2971408e-02   3.4950000e+03
  -3.6079954e-02   3.5100000e+03
  -3.1923831e-02   3.5250000e+03
  -2.1654725e-02   3.5400000e+03
  -8.0139590e-03   3.5550000e+03
   6.3823918e-03   3.5700000e+03
   1.9586483e-02   3.5850000e+03
   3.0119766e-02   3.6000000e+03
   3.7088595e-02   3.6150000e+03
   4.0480856e-02   3.6300000e+03
   4.0816471e-02   3.6450000e+03
   3.8349643e-02   3.6600000e+03
   3.2940295e-02   3.6750000e+03
   2.4773449e-02   3.6900000e+03
   1.4689840e-02   3.7050000e+03
   3.4316243e-03   3.7200000e+03
  -9.0099620e-03   3.7350000e+03
  -2.2582900e-02   3.7500000e+03
  -3.5699502e-02   3.7650000e+03
  -4.5195673e-02   3.7800000e+03
  -4.8082560e-02   3.7950000e+03
  -4.3168146e-02   3.8100000e+03
  -3.1146161e-02   3.8250000e+03
  -1.3966103e-02   3.8400000e+03
   5.3381841e-03   3.8550000e+03
   2.2781452e-02   3.8700000e+03
   3.4401968e-02   3.8850000e+03
   3.7572596e-02   3.9000000e+03
   3.1549018e-02   3.9150000e+03
   1.7329071e-02   3.9300000e+03
  -2.4547006e-03   3.9450000e+03
  -2.3816485e-02   3.9600000e+03
  -4.2495295e-02   3.9750000e+03
  -5.5320960e-02   3.9900000e+03
  -6.0788751e-02   4.0050000e+03
  -5.8897346e-02   4.0200000e+03
  -5.1020391e-02   4.0350000e+03
  -3.9600208e-02   4.0500000e+03
  -2.6940597e-02   4.0650000e+03
  -1.3775142e-02   4.0800000e+03
   7.4778218e-04   4.0950000e+03
   1.7471300e-02   4.1100000e+03
   3.5617631e-02   4.1250000e+03
   5.2408535e-02   4.1400000e+03
   6.3895583e-02   4.1550000e+03
   6.6650316e-02   4.1700000e+03
   5.9724785e-02   4.1850000e+03
   4.5409266e-02   4.2000000e+03
   2.7748385e-02   4.2150000e+03
   1.0183590e-02   4.2300000e+03
  -5.2583236e-03   4.2450000e+03
  -1.7090918e-02   4.2600000e+03
  -2.3862356e-02   4.2750000e+03
  -2.4892995e-02   4.2900000e+03
  -2.0957550e-02   4.3050000e+03
  -1.3975373e-02   4.3200000e+03
  -6.3297669e-03   4.3350000e+03
  -2.8811974e-04   4.3500000e+03
   2.8208848e-03   4.3650000e+03
   3.3182818e-03   4.3800000e+03
   2.6744201e-03   4.3950000e+03
   2.0225630e-03   4.4100000e+03
   1.4240900e-03   4.4250000e+03
   6.1469903e-04   4.4400000e+03
  -5.7838042e-05   4.4550000e+03
   2.6268821e-04   4.4700000e+03
   2.1598917e-03   4.4850000e+03
   5.3851814e-03   4.5000000e+03
