  -3.2161803e-03   0.0000000e+00
  -3.2160017e-03   1.5000000e+01
  -3.2155593e-03   3.0000000e+01
  -3.2151882e-03   4.5000000e+01
  -3.2153279e-03   6.0000000e+01
  -3.2162943e-03   7.5000000e+01
  -3.2180860e-03   9.0000000e+01
  -3.2204876e-03   1.0500000e+02
  -3.2233899e-03   1.2000000e+02
  -3.2270171e-03   1.3500000e+02
  -3.2317333e-03   1.5000000e+02
  -3.2376794e-03   1.6500000e+02
  -3.2448622e-03   1.8000000e+02
  -3.2533021e-03   1.9500000e+02
  -3.2628640e-03   2.1000000e+02
  -3.2733574e-03   2.2500000e+02
  -3.2848055e-03   2.4000000e+02
  -3.2973180e-03   2.5500000e+02
  -3.3108527e-03   2.7000000e+02
  -3.3251732e-03   2.8500000e+02
  -3.3399973e-03   3.0000000e+02
  -3.3551627e-03   3.1500000e+02
  -3.3706499e-03   3.3000000e+02
  -3.3864609e-03   3.4500000e+02
  -3.4023866e-03   3.6000000e+02
  -3.4178700e-03   3.7500000e+02
  -3.4324289e-03   3.9000000e+02
  -3.4463522e-03   4.0500000e+02
  -3.4602471e-03   4.2000000e+02
  -3.4734132e-03   4.3500000e+02
  -3.4836861e-03   4.5000000e+02
  -3.4897060e-03   4.6500000e+02
  -3.4922708e-03   4.8000000e+02
  -3.4930557e-03   4.9500000e+02
  -3.4932082e-03   5.1000000e+02
  -3.4934985e-03   5.2500000e+02
  -3.4946045e-03   5.4000000e+02
  -3.4965291e-03   5.5500000e+02
  -3.4983768e-03   5.7000000e+02
  -3.4994730e-03   5.8500000e+02
  -3.5000667e-03   6.0000000e+02
  -3.5000471e-03   6.1500000e+02
  -3.4982380e-03   6.3000000e+02
  -3.4941218e-03   6.4500000e+02
  -3.4886640e-03   6.6000000e+02
  -3.4826554e-03   6.7500000e+02
  -3.4760677e-03   6.9000000e+02
  -3.4690478e-03   7.0500000e+02
  -3.4619274e-03   7.2000000e+02
  -3.4546279e-03   7.3500000e+02
  -3.4469019e-03   7.5000000e+02
  -3.4385002e-03   7.6500000e+02
  -3.4291332e-03   7.8000000e+02
  -3.4188326e-03   7.9500000e+02
  -3.4078900e-03   8.1000000e+02
  -3.3962927e-03   8.2500000e+02
  -3.3837759e-03   8.4000000e+02
  -3.3702543e-03   8.5500000e+02
  -3.3558735e-03   8.7000000e+02
  -3.3409323e-03   8.8500000e+02
  -3.3256642e-03   9.0000000e+02
  -3.3098755e-03   9.1500000e+02
  -3.2931867e-03   9.3000000e+02
  -3.2755174e-03   9.4500000e+02
  -3.2569314e-03   9.6000000e+02
  -3.2372924e-03   9.7500000e+02
  -3.2161796e-03   9.9000000e+02
  -3.1929177e-03   1.0050000e+03
  -3.1670507e-03   1.0200000e+03
  -3.1387859e-03   1.0350000e+03
  -3.1085075e-03   1.0500000e+03
  -3.0762120e-03   1.0650000e+03
  -3.0416742e-03   1.0800000e+03
  -3.0046692e-03   1.0950000e+03
  -2.9647918e-03   1.1100000e+03
  -2.9213952e-03   1.1250000e+03
  -2.8738114e-03   1.1400000e+03
  -2.8216364e-03   1.1550000e+03
  -2.7648408e-03   1.1700000e+03
  -2.7036252e-03   1.1850000e+03
  -2.6380161e-03   1.2000000e+03
  -2.5673127e-03   1.2150000e+03
  -2.4898280e-03   1.2300000e+03
  -2.4031391e-03   1.2450000e+03
  -2.3045454e-03   1.2600000e+03
  -2.1913403e-03   1.2750000e+03
  -2.0610902e-03   1.2900000e+03
  -1.9120267e-03   1.3050000e+03
  -1.7431407e-03   1.3200000e+03
  -1.5536594e-03   1.3350000e+03
  -1.3422520e-03   1.3500000e+03
  -1.1065431e-03   1.3650000e+03
  -8.4315136e-04   1.3800000e+03
  -5.4789032e-04   1.3950000e+03
  -2.1569176e-04   1.4100000e+03
   1.5980267e-04   1.4250000e+03
   5.8646372e-04   1.4400000e+03
   1.0732348e-03   1.4550000e+03
   1.6292906e-03   1.4700000e+03
   2.2638810e-03   1.4850000e+03
   2.9871827e-03   1.5000000e+03
   3.8112132e-03   1.5150000e+03
   4.7498560e-03   1.5300000e+03
   5.8179940e-03   1.5450000e+03
   7.0305946e-03   1.5600000e+03
   8.4024305e-03   1.5750000e+03
   9.9485135e-03   1.5900000e+03
   1.1684828e-02   1.6050000e+03
   1.3628935e-02   1.6200000e+03
   1.5800506e-02   1.6350000e+03
   1.8222068e-02   1.6500000e+03
   2.0920249e-02   1.6650000e+03
   2.3927396e-02   1.6800000e+03
   2.7282868e-02   1.6950000e+03
   3.1032698e-02   1.7100000e+03
   3.5226122e-02   1.7250000e+03
   3.9908629e-02   1.7400000e+03
   4.5113087e-02   1.7550000e+03
   5.0851300e-02   1.7700000e+03
   5.7107396e-02   1.7850000e+03
   6.3833080e-02   1.8000000e+03
   7.0944935e-02   1.8150000e+03
   7.8325950e-02   1.8300000e+03
   8.5833929e-02   1.8450000e+03
   9.3316868e-02   1.8600000e+03
   1.0063089e-01   1.8750000e+03
   1.0765371e-01   1.8900000e+03
   1.1428765e-01   1.9050000e+03
   1.2045091e-01   1.9200000e+03
   1.2606262e-01   1.9350000e+03
   1.3103165e-01   1.9500000e+03
   1.3525835e-01   1.9650000e+03
   1.3865031e-01   1.9800000e+03
   1.4114466e-01   1.9950000e+03
   1.4272495e-01   2.0100000e+03
   1.4342578e-01   2.0250000e+03
   1.4332555e-01   2.0400000e+03
   1.4253217e-01   2.0550000e+03
   1.4116566e-01   2.0700000e+03
   1.3934033e-01   2.0850000e+03
   1.3715070e-01   2.1000000e+03
   1.3466680e-01   2.1150000e+03
   1.3194129e-01   2.1300000e+03
   1.2902093e-01   2.1450000e+03
   1.2594944e-01   2.1600000e+03
   1.2275448e-01   2.1750000e+03
   1.1942790e-01   2.1900000e+03
   1.1592055e-01   2.2050000e+03
   1.1216575e-01   2.2200000e+03
   1.0812228e-01   2.2350000e+03
   1.0380817e-01   2.2500000e+03
   9.9300697e-02   2.2650000e+03
   9.4704293e-02   2.2800000e+03
   9.0111367e-02   2.2950000e+03
   8.5581310e-02   2.3100000e+03
   8.1143342e-02   2.3250000e+03
   7.6811485e-02   2.3400000e+03
   7.2601318e-02   2.3550000e+03
   6.8547226e-02   2.3700000e+03
   6.4718612e-02   2.3850000e+03
   6.1223105e-02   2.4000000e+03
   5.8183219e-02   2.4150000e+03
   5.5691764e-02   2.4300000e+03
   5.3773794e-02   2.4450000e+03
   5.2381996e-02   2.4600000e+03
   5.1425025e-02   2.4750000e+03
   5.0802607e-02   2.4900000e+03
   5.0420679e-02   2.5050000e+03
   5.0181240e-02   2.5200000e+03
   4.9961615e-02   2.5350000e+03
   4.9604371e-02   2.5500000e+03
   4.8934598e-02   2.5650000e+03
   4.7807720e-02   2.5800000e+03
   4.6168797e-02   2.5950000e+03
   4.4085544e-02   2.6100000e+03
   4.1726179e-02   2.6250000e+03
   3.9293367e-02   2.6400000e+03
   3.6960382e-02   2.6550000e+03
   3.4844935e-02   2.6700000e+03
   3.3009745e-02   2.6850000e+03
   3.1454381e-02   2.7000000e+03
   3.0094936e-02   2.7150000e+03
   2.8775452e-02   2.7300000e+03
   2.7343983e-02   2.7450000e+03
   2.5752105e-02   2.7600000e+03
   2.4084598e-02   2.7750000e+03
   2.2474177e-02   2.7900000e+03
   2.0968730e-02   2.8050000e+03
   1.9473443e-02   2.8200000e+03
   1.7818619e-02   2.8350000e+03
   1.5878700e-02   2.8500000e+03
   1.3626126e-02   2.8650000e+03
   1.1088472e-02   2.8800000e+03
   8.2863923e-03   2.8950000e+03
   5.2346913e-03   2.9100000e+03
   1.9911805e-03   2.9250000e+03
  -1.3337662e-03   2.9400000e+03
  -4.6460247e-03   2.9550000e+03
  -7.9480987e-03   2.9700000e+03
  -1.1337826e-02   2.9850000e+03
  -1.4920797e-02   3.0000000e+03
  -1.8726164e-02   3.0150000e+03
  -2.2704380e-02   3.0300000e+03
  -2.6791003e-02   3.0450000e+03
  -3.0957216e-02   3.0600000e+03
  -3.5198491e-02   3.0750000e+03
  -3.9488167e-02   3.0900000e+03
  -4.3754961e-02   3.1050000e+03
  -4.7907226e-02   3.1200000e+03
  -5.1873922e-02   3.1350000e+03
  -5.5622082e-02   3.1500000e+03
  -5.9144832e-02   3.1650000e+03
  -6.2445138e-02   3.1800000e+03
  -6.5533541e-02   3.1950000e+03
  -6.8431780e-02   3.2100000e+03
  -7.1165614e-02   3.2250000e+03
  -7.3749200e-02   3.2400000e+03
  -7.6179653e-02   3.2550000e+03
  -7.8451067e-02   3.2700000e+03
  -8.0574200e-02   3.2850000e+03
  -8.2580775e-02   3.3000000e+03
  -8.4508367e-02   3.3150000e+03
  -8.6380452e-02   3.3300000e+03
  -8.8196561e-02   3.3450000e+03
  -8.9933194e-02   3.3600000e+03
  -9.1549337e-02   3.3750000e+03
  -9.2995174e-02   3.3900000e+03
  -9.4226256e-02   3.4050000e+03
  -9.5218897e-02   3.4200000e+03
  -9.5975727e-02   3.4350000e+03
  -9.6516863e-02   3.4500000e+03
  -9.6866466e-02   3.4650000e+03
  -9.7047538e-02   3.4800000e+03
  -9.7084753e-02   3.4950000e+03
  -9.7002201e-02   3.5100000e+03
  -9.6809201e-02   3.5250000e+03
  -9.6486926e-02   3.5400000e+03
  -9.5995434e-02   3.5550000e+03
  -9.5302053e-02   3.5700000e+03
  -9.4406515e-02   3.5850000e+03
  -9.3337804e-02   3.6000000e+03
  -9.2126451e-02   3.6150000e+03
  -9.0781227e-02   3.6300000e+03
  -8.9291416e-02   3.6450000e+03
  -8.7646365e-02   3.6600000e+03
  -8.5849039e-02   3.6750000e+03
  -8.3915256e-02   3.6900000e+03
  -8.1869408e-02   3.7050000e+03
  -7.9745613e-02   3.7200000e+03
  -7.7588469e-02   3.7350000e+03
  -7.5446106e-02   3.7500000e+03
  -7.3362201e-02   3.7650000e+03
  -7.1379296e-02   3.7800000e+03
  -6.9550864e-02   3.7950000e+03
  -6.7944519e-02   3.8100000e+03
  -6.6627167e-02   3.8250000e+03
  -6.5644175e-02   3.8400000e+03
  -6.5010734e-02   3.8550000e+03
  -6.4717926e-02   3.8700000e+03
  -6.4741760e-02   3.8850000e+03
  -6.5046914e-02   3.9000000e+03
  -6.5587848e-02   3.9150000e+03
  -6.6309460e-02   3.9300000e+03
  -6.7143582e-02   3.9450000e+03
  -6.8000406e-02   3.9600000e+03
  -6.8765290e-02   3.9750000e+03
  -6.9312349e-02   3.9900000e+03
  -6.9530673e-02   4.0050000e+03
  -6.9344416e-02   4.0200000e+03
  -6.8711631e-02   4.0350000e+03
  -6.7605652e-02   4.0500000e+03
  -6.5997280e-02   4.0650000e+03
  -6.3852511e-02   4.0800000e+03
  -6.1145253e-02   4.0950000e+03
  -5.7872113e-02   4.1100000e+03
  -5.4057885e-02   4.1250000e+03
  -4.9751177e-02   4.1400000e+03
  -4.5016922e-02   4.1550000e+03
  -3.9931003e-02   4.1700000e+03
  -3.4576707e-02   4.1850000e+03
  -2.9041030e-02   4.2000000e+03
  -2.3409763e-02   4.2150000e+03
  -1.7759694e-02   4.2300000e+03
  -1.2147360e-02   4.2450000e+03
  -6.6005401e-03   4.2600000e+03
  -1.1236505e-03   4.2750000e+03
   4.2800102e-03   4.2900000e+03
   9.5834499e-03   4.3050000e+03
   1.4729097e-02   4.3200000e+03
   1.9645307e-02   4.3350000e+03
   2.4270771e-02   4.3500000e+03
   2.8566664e-02   4.3650000e+03
   3.2510508e-02   4.3800000e+03
   3.6082461e-02   4.3950000e+03
   3.9259020e-02   4.4100000e+03
   4.2020306e-02   4.4250000e+03
   4.4364948e-02   4.4400000e+03
   4.6319671e-02   4.4550000e+03
   4.7934353e-02   4.4700000e+03
   4.9264014e-02   4.4850000e+03
   5.0349161e-02   4.5000000e+03
