  -1.1985624e-03   0.0000000e+00
  -1.1985658e-03   1.5000000e+01
  -1.1985876e-03   3.0000000e+01
  -1.1986480e-03   4.5000000e+01
  -1.1987366e-03   6.0000000e+01
  -1.1988007e-03   7.5000000e+01
  -1.1988084e-03   9.0000000e+01
  -1.1987948e-03   1.0500000e+02
  -1.1988493e-03   1.2000000e+02
  -1.1990401e-03   1.3500000e+02
  -1.1992946e-03   1.5000000e+02
  -1.1993004e-03   1.6500000e+02
  -1.1982028e-03   1.8000000e+02
  -1.1931864e-03   1.9500000e+02
  -1.1759405e-03   2.1000000e+02
  -1.1288648e-03   2.2500000e+02
  -1.0289252e-03   2.4000000e+02
  -8.6818699e-04   2.5500000e+02
  -6.8287400e-04   2.7000000e+02
  -5.5422651e-04   2.8500000e+02
  -5.5015687e-04   3.0000000e+02
  -6.4709655e-04   3.1500000e+02
  -7.3296239e-04   3.3000000e+02
  -7.2214706e-04   3.4500000e+02
  -6.5386266e-04   3.6000000e+02
  -6.3244032e-04   3.7500000e+02
  -6.8125501e-04   3.9000000e+02
  -7.2121795e-04   4.0500000e+02
  -7.0080912e-04   4.2000000e+02
  -6.6817977e-04   4.3500000e+02
  -6.7945314e-04   4.5000000e+02
  -7.0966623e-04   4.6500000e+02
  -7.0979993e-04   4.8000000e+02
  -6.9229794e-04   4.9500000e+02
  -6.9702766e-04   5.1000000e+02
  -7.1762013e-04   5.2500000e+02
  -7.2213617e-04   5.4000000e+02
  -7.1324850e-04   5.5500000e+02
  -7.1561581e-04   5.7000000e+02
  -7.2809879e-04   5.8500000e+02
  -7.3170266e-04   6.0000000e+02
  -7.2741020e-04   6.1500000e+02
  -7.3044084e-04   6.3000000e+02
  -7.3982263e-04   6.4500000e+02
  -7.4346090e-04   6.6000000e+02
  -7.4200716e-04   6.7500000e+02
  -7.4273231e-04   6.9000000e+02
  -7.4081955e-04   7.0500000e+02
  -7.2589691e-04   7.2000000e+02
  -6.9611194e-04   7.3500000e+02
  -6.5356924e-04   7.5000000e+02
  -5.9900869e-04   7.6500000e+02
  -5.4198445e-04   7.8000000e+02
  -5.0621456e-04   7.9500000e+02
  -5.1444123e-04   8.1000000e+02
  -5.6898681e-04   8.2500000e+02
  -6.4635271e-04   8.4000000e+02
  -7.0718618e-04   8.5500000e+02
  -7.1961741e-04   8.7000000e+02
  -6.8682630e-04   8.8500000e+02
  -6.5061729e-04   9.0000000e+02
  -6.5425603e-04   9.1500000e+02
  -6.9746329e-04   9.3000000e+02
  -7.3720259e-04   9.4500000e+02
  -7.3805667e-04   9.6000000e+02
  -7.1311981e-04   9.7500000e+02
  -7.0472353e-04   9.9000000e+02
  -7.2954083e-04   1.0050000e+03
  -7.5961259e-04   1.0200000e+03
  -7.6360203e-04   1.0350000e+03
  -7.4962946e-04   1.0500000e+03
  -7.4899552e-04   1.0650000e+03
  -7.6774531e-04   1.0800000e+03
  -7.8099367e-04   1.0950000e+03
  -7.7584974e-04   1.1100000e+03
  -7.7137258e-04   1.1250000e+03
  -7.8486098e-04   1.1400000e+03
  -8.0375967e-04   1.1550000e+03
  -8.0941862e-04   1.1700000e+03
  -8.0872094e-04   1.1850000e+03
  -8.1995025e-04   1.2000000e+03
  -8.4179966e-04   1.2150000e+03
  -8.5966964e-04   1.2300000e+03
  -8.7250193e-04   1.2450000e+03
  -8.9037803e-04   1.2600000e+03
  -9.1207150e-04   1.2750000e+03
  -9.2631590e-04   1.2900000e+03
  -9.3180459e-04   1.3050000e+03
  -9.3775243e-04   1.3200000e+03
  -9.4740407e-04   1.3350000e+03
  -9.5649768e-04   1.3500000e+03
  -9.6520933e-04   1.3650000e+03
  -9.7787974e-04   1.3800000e+03
  -9.9337683e-04   1.3950000e+03
  -1.0072351e-03   1.4100000e+03
  -1.0205387e-03   1.4250000e+03
  -1.0370227e-03   1.4400000e+03
  -1.0546377e-03   1.4550000e+03
  -1.0682502e-03   1.4700000e+03
  -1.0774806e-03   1.4850000e+03
  -1.0854438e-03   1.5000000e+03
  -1.0935796e-03   1.5150000e+03
  -1.1026291e-03   1.5300000e+03
  -1.1144595e-03   1.5450000e+03
  -1.1289826e-03   1.5600000e+03
  -1.1431659e-03   1.5750000e+03
  -1.1555689e-03   1.5900000e+03
  -1.1681641e-03   1.6050000e+03
  -1.1826491e-03   1.6200000e+03
  -1.1986560e-03   1.6350000e+03
  -1.2157899e-03   1.6500000e+03
  -1.2341344e-03   1.6650000e+03
  -1.2528872e-03   1.6800000e+03
  -1.2710792e-03   1.6950000e+03
  -1.2893054e-03   1.7100000e+03
  -1.3089693e-03   1.7250000e+03
  -1.3301242e-03   1.7400000e+03
  -1.3509538e-03   1.7550000e+03
  -1.3689675e-03   1.7700000e+03
  -1.3827698e-03   1.7850000e+03
  -1.3934072e-03   1.8000000e+03
  -1.4035957e-03   1.8150000e+03
  -1.4149277e-03   1.8300000e+03
  -1.4268046e-03   1.8450000e+03
  -1.4388065e-03   1.8600000e+03
  -1.4523071e-03   1.8750000e+03
  -1.4684568e-03   1.8900000e+03
  -1.4861051e-03   1.9050000e+03
  -1.5031300e-03   1.9200000e+03
  -1.5187088e-03   1.9350000e+03
  -1.5332178e-03   1.9500000e+03
  -1.5469731e-03   1.9650000e+03
  -1.5603834e-03   1.9800000e+03
  -1.5747139e-03   1.9950000e+03
  -1.5912832e-03   2.0100000e+03
  -1.6096875e-03   2.0250000e+03
  -1.6278789e-03   2.0400000e+03
  -1.6445749e-03   2.0550000e+03
  -1.6609121e-03   2.0700000e+03
  -1.6790815e-03   2.0850000e+03
  -1.6996918e-03   2.1000000e+03
  -1.7210989e-03   2.1150000e+03
  -1.7412759e-03   2.1300000e+03
  -1.7598154e-03   2.1450000e+03
  -1.7780535e-03   2.1600000e+03
  -1.7976249e-03   2.1750000e+03
  -1.8189356e-03   2.1900000e+03
  -1.8409431e-03   2.2050000e+03
  -1.8624091e-03   2.2200000e+03
  -1.8831188e-03   2.2350000e+03
  -1.9036158e-03   2.2500000e+03
  -1.9239841e-03   2.2650000e+03
  -1.9436139e-03   2.2800000e+03
  -1.9621747e-03   2.2950000e+03
  -1.9800970e-03   2.3100000e+03
  -1.9978520e-03   2.3250000e+03
  -2.0152992e-03   2.3400000e+03
  -2.0320965e-03   2.3550000e+03
  -2.0483504e-03   2.3700000e+03
  -2.0644828e-03   2.3850000e+03
  -2.0806477e-03   2.4000000e+03
  -2.0965750e-03   2.4150000e+03
  -2.1120801e-03   2.4300000e+03
  -2.1275696e-03   2.4450000e+03
  -2.1438308e-03   2.4600000e+03
  -2.1611224e-03   2.4750000e+03
  -2.1785365e-03   2.4900000e+03
  -2.1946141e-03   2.5050000e+03
  -2.2088487e-03   2.5200000e+03
  -2.2224083e-03   2.5350000e+03
  -2.2371134e-03   2.5500000e+03
  -2.2537787e-03   2.5650000e+03
  -2.2715824e-03   2.5800000e+03
  -2.2887872e-03   2.5950000e+03
  -2.3039503e-03   2.6100000e+03
  -2.3166959e-03   2.6250000e+03
  -2.3276363e-03   2.6400000e+03
  -2.3373649e-03   2.6550000e+03
  -2.3452735e-03   2.6700000e+03
  -2.3494950e-03   2.6850000e+03
  -2.3481934e-03   2.7000000e+03
  -2.3407592e-03   2.7150000e+03
  -2.3274445e-03   2.7300000e+03
  -2.3078760e-03   2.7450000e+03
  -2.2801808e-03   2.7600000e+03
  -2.2415859e-03   2.7750000e+03
  -2.1895540e-03   2.7900000e+03
  -2.1218976e-03   2.8050000e+03
  -2.0356991e-03   2.8200000e+03
  -1.9263141e-03   2.8350000e+03
  -1.7876363e-03   2.8500000e+03
  -1.6132881e-03   2.8650000e+03
  -1.3972126e-03   2.8800000e+03
  -1.1327700e-03   2.8950000e+03
  -8.1111013e-04   2.9100000e+03
  -4.2024167e-04   2.9250000e+03
   5.4929296e-05   2.9400000e+03
   6.3272729e-04   2.9550000e+03
   1.3359176e-03   2.9700000e+03
   2.1935408e-03   2.9850000e+03
   3.2423227e-03   3.0000000e+03
   4.5273886e-03   3.0150000e+03
   6.1029731e-03   3.0300000e+03
   8.0337804e-03   3.0450000e+03
   1.0396475e-02   3.0600000e+03
   1.3279974e-02   3.0750000e+03
   1.6783601e-02   3.0900000e+03
   2.1013174e-02   3.1050000e+03
   2.6075738e-02   3.1200000e+03
   3.2072928e-02   3.1350000e+03
   3.9092295e-02   3.1500000e+03
   4.7196083e-02   3.1650000e+03
   5.6407955e-02   3.1800000e+03
   6.6699296e-02   3.1950000e+03
   7.7976994e-02   3.2100000e+03
   9.0074673e-02   3.2250000e+03
   1.0275005e-01   3.2400000e+03
   1.1569058e-01   3.2550000e+03
   1.2852789e-01   3.2700000e+03
   1.4085798e-01   3.2850000e+03
   1.5226224e-01   3.3000000e+03
   1.6232462e-01   3.3150000e+03
   1.7064300e-01   3.3300000e+03
   1.7683648e-01   3.3450000e+03
   1.8055195e-01   3.3600000e+03
   1.8147545e-01   3.3750000e+03
   1.7935218e-01   3.3900000e+03
   1.7401746e-01   3.4050000e+03
   1.6543549e-01   3.4200000e+03
   1.5373883e-01   3.4350000e+03
   1.3925843e-01   3.4500000e+03
   1.2253473e-01   3.4650000e+03
   1.0430183e-01   3.4800000e+03
   8.5442267e-02   3.4950000e+03
   6.6914275e-02   3.5100000e+03
   4.9657620e-02   3.5250000e+03
   3.4487780e-02   3.5400000e+03
   2.1991303e-02   3.5550000e+03
   1.2438451e-02   3.5700000e+03
   5.7309926e-03   3.5850000e+03
   1.4013831e-03   3.6000000e+03
  -1.3255262e-03   3.6150000e+03
  -3.4058644e-03   3.6300000e+03
  -5.7959072e-03   3.6450000e+03
  -9.2451805e-03   3.6600000e+03
  -1.4108644e-02   3.6750000e+03
  -2.0230735e-02   3.6900000e+03
  -2.6943989e-02   3.7050000e+03
  -3.3196267e-02   3.7200000e+03
  -3.7782669e-02   3.7350000e+03
  -3.9625447e-02   3.7500000e+03
  -3.8030155e-02   3.7650000e+03
  -3.2853730e-02   3.7800000e+03
  -2.4547296e-02   3.7950000e+03
  -1.4073285e-02   3.8100000e+03
  -2.7304825e-03   3.8250000e+03
   8.0606546e-03   3.8400000e+03
   1.6962480e-02   3.8550000e+03
   2.2885036e-02   3.8700000e+03
   2.5106771e-02   3.8850000e+03
   2.3359949e-02   3.9000000e+03
   1.7883234e-02   3.9150000e+03
   9.4246035e-03   3.9300000e+03
  -8.3611294e-04   3.9450000e+03
  -1.1466251e-02   3.9600000e+03
  -2.1045716e-02   3.9750000e+03
  -2.8456816e-02   3.9900000e+03
  -3.3107460e-02   4.0050000e+03
  -3.5008751e-02   4.0200000e+03
  -3.4682125e-02   4.0350000e+03
  -3.2942094e-02   4.0500000e+03
  -3.0649571e-02   4.0650000e+03
  -2.8529543e-02   4.0800000e+03
  -2.7097709e-02   4.0950000e+03
  -2.6675317e-02   4.1100000e+03
  -2.7430037e-02   4.1250000e+03
  -2.9385066e-02   4.1400000e+03
  -3.2380439e-02   4.1550000e+03
  -3.6019448e-02   4.1700000e+03
  -3.9658349e-02   4.1850000e+03
  -4.2485546e-02   4.2000000e+03
  -4.3694109e-02   4.2150000e+03
  -4.2701121e-02   4.2300000e+03
  -3.9332930e-02   4.2450000e+03
  -3.3896457e-02   4.2600000e+03
  -2.7096637e-02   4.2750000e+03
  -1.9825589e-02   4.2900000e+03
  -1.2907785e-02   4.3050000e+03
  -6.9037555e-03   4.3200000e+03
  -2.0383720e-03   4.3350000e+03
   1.7505740e-03   4.3500000e+03
   4.7053378e-03   4.3650000e+03
   7.1510207e-03   4.3800000e+03
   9.4342036e-03   4.3950000e+03
   1.1875174e-02   4.4100000e+03
   1.4702971e-02   4.4250000e+03
   1.7979149e-02   4.4400000e+03
   2.1556471e-02   4.4550000e+03
   2.5115559e-02   4.4700000e+03
   2.8271802e-02   4.4850000e+03
   3.0693214e-02   4.5000000e+03
