  -1.3312710e-03   0.0000000e+00
  -1.3313616e-03   1.5000000e+01
  -1.3315395e-03   3.0000000e+01
  -1.3316988e-03   4.5000000e+01
  -1.3318973e-03   6.0000000e+01
  -1.3321729e-03   7.5000000e+01
  -1.3325580e-03   9.0000000e+01
  -1.3332290e-03   1.0500000e+02
  -1.3342908e-03   1.2000000e+02
  -1.3355347e-03   1.3500000e+02
  -1.3367452e-03   1.5000000e+02
  -1.3379713e-03   1.6500000e+02
  -1.3393181e-03   1.8000000e+02
  -1.3407480e-03   1.9500000e+02
  -1.3422007e-03   2.1000000e+02
  -1.3436623e-03   2.2500000e+02
  -1.3451212e-03   2.4000000e+02
  -1.3465871e-03   2.5500000e+02
  -1.3480459e-03   2.7000000e+02
  -1.3494970e-03   2.8500000e+02
  -1.3510551e-03   3.0000000e+02
  -1.3529073e-03   3.1500000e+02
  -1.3551041e-03   3.3000000e+02
  -1.3575215e-03   3.4500000e+02
  -1.3600405e-03   3.6000000e+02
  -1.3626729e-03   3.7500000e+02
  -1.3654589e-03   3.9000000e+02
  -1.3683609e-03   4.0500000e+02
  -1.3712706e-03   4.2000000e+02
  -1.3739190e-03   4.3500000e+02
  -1.3757944e-03   4.5000000e+02
  -1.3760744e-03   4.6500000e+02
  -1.3731804e-03   4.8000000e+02
  -1.3639398e-03   4.9500000e+02
  -1.3432598e-03   5.1000000e+02
  -1.3058658e-03   5.2500000e+02
  -1.2506722e-03   5.4000000e+02
  -1.1858909e-03   5.5500000e+02
  -1.1306312e-03   5.7000000e+02
  -1.1082273e-03   5.8500000e+02
  -1.1310258e-03   6.0000000e+02
  -1.1862898e-03   6.1500000e+02
  -1.2385725e-03   6.3000000e+02
  -1.2532896e-03   6.4500000e+02
  -1.2239293e-03   6.6000000e+02
  -1.1746058e-03   6.7500000e+02
  -1.1300925e-03   6.9000000e+02
  -1.0834928e-03   7.0500000e+02
  -1.0021037e-03   7.2000000e+02
  -8.7056344e-04   7.3500000e+02
  -7.2129490e-04   7.5000000e+02
  -6.1272306e-04   7.6500000e+02
  -5.7942502e-04   7.8000000e+02
  -6.1215693e-04   7.9500000e+02
  -6.8233814e-04   8.1000000e+02
  -7.6762267e-04   8.2500000e+02
  -8.4731827e-04   8.4000000e+02
  -8.9415204e-04   8.5500000e+02
  -8.9466089e-04   8.7000000e+02
  -8.7334088e-04   8.8500000e+02
  -8.7502482e-04   9.0000000e+02
  -9.1920345e-04   9.1500000e+02
  -9.8526443e-04   9.3000000e+02
  -1.0426645e-03   9.4500000e+02
  -1.0783528e-03   9.6000000e+02
  -1.0930885e-03   9.7500000e+02
  -1.0928297e-03   9.9000000e+02
  -1.0932467e-03   1.0050000e+03
  -1.1141050e-03   1.0200000e+03
  -1.1560115e-03   1.0350000e+03
  -1.1954188e-03   1.0500000e+03
  -1.2137954e-03   1.0650000e+03
  -1.2209233e-03   1.0800000e+03
  -1.2391517e-03   1.0950000e+03
  -1.2740381e-03   1.1100000e+03
  -1.3112095e-03   1.1250000e+03
  -1.3363300e-03   1.1400000e+03
  -1.3483284e-03   1.1550000e+03
  -1.3547905e-03   1.1700000e+03
  -1.3615555e-03   1.1850000e+03
  -1.3687614e-03   1.2000000e+03
  -1.3752728e-03   1.2150000e+03
  -1.3858753e-03   1.2300000e+03
  -1.4122456e-03   1.2450000e+03
  -1.4637347e-03   1.2600000e+03
  -1.5366479e-03   1.2750000e+03
  -1.6144778e-03   1.2900000e+03
  -1.6781238e-03   1.3050000e+03
  -1.7148355e-03   1.3200000e+03
  -1.7231520e-03   1.3350000e+03
  -1.7178768e-03   1.3500000e+03
  -1.7270918e-03   1.3650000e+03
  -1.7703328e-03   1.3800000e+03
  -1.8349817e-03   1.3950000e+03
  -1.8848863e-03   1.4100000e+03
  -1.8996036e-03   1.4250000e+03
  -1.8982624e-03   1.4400000e+03
  -1.9179644e-03   1.4550000e+03
  -1.9733454e-03   1.4700000e+03
  -2.0432852e-03   1.4850000e+03
  -2.0950492e-03   1.5000000e+03
  -2.1171318e-03   1.5150000e+03
  -2.1283012e-03   1.5300000e+03
  -2.1557219e-03   1.5450000e+03
  -2.2055677e-03   1.5600000e+03
  -2.2585306e-03   1.5750000e+03
  -2.2955681e-03   1.5900000e+03
  -2.3217269e-03   1.6050000e+03
  -2.3569285e-03   1.6200000e+03
  -2.4069436e-03   1.6350000e+03
  -2.4559826e-03   1.6500000e+03
  -2.4909517e-03   1.6650000e+03
  -2.5204129e-03   1.6800000e+03
  -2.5602004e-03   1.6950000e+03
  -2.6094797e-03   1.7100000e+03
  -2.6542842e-03   1.7250000e+03
  -2.6902631e-03   1.7400000e+03
  -2.7271241e-03   1.7550000e+03
  -2.7701624e-03   1.7700000e+03
  -2.8110975e-03   1.7850000e+03
  -2.8413651e-03   1.8000000e+03
  -2.8636607e-03   1.8150000e+03
  -2.8847542e-03   1.8300000e+03
  -2.9051690e-03   1.8450000e+03
  -2.9222118e-03   1.8600000e+03
  -2.9372559e-03   1.8750000e+03
  -2.9532774e-03   1.8900000e+03
  -2.9681295e-03   1.9050000e+03
  -2.9756925e-03   1.9200000e+03
  -2.9722762e-03   1.9350000e+03
  -2.9580235e-03   1.9500000e+03
  -2.9331977e-03   1.9650000e+03
  -2.8964723e-03   1.9800000e+03
  -2.8459798e-03   1.9950000e+03
  -2.7787599e-03   2.0100000e+03
  -2.6894684e-03   2.0250000e+03
  -2.5722580e-03   2.0400000e+03
  -2.4236038e-03   2.0550000e+03
  -2.2410108e-03   2.0700000e+03
  -2.0192757e-03   2.0850000e+03
  -1.7495339e-03   2.1000000e+03
  -1.4205960e-03   2.1150000e+03
  -1.0186667e-03   2.1300000e+03
  -5.2588416e-04   2.1450000e+03
   7.9628669e-05   2.1600000e+03
   8.2337525e-04   2.1750000e+03
   1.7362420e-03   2.1900000e+03
   2.8567216e-03   2.2050000e+03
   4.2310758e-03   2.2200000e+03
   5.9139440e-03   2.2350000e+03
   7.9738721e-03   2.2500000e+03
   1.0502483e-02   2.2650000e+03
   1.3621043e-02   2.2800000e+03
   1.7482318e-02   2.2950000e+03
   2.2272706e-02   2.3100000e+03
   2.8219324e-02   2.3250000e+03
   3.5599928e-02   2.3400000e+03
   4.4749074e-02   2.3550000e+03
   5.6054909e-02   2.3700000e+03
   6.9944628e-02   2.3850000e+03
   8.6858280e-02   2.4000000e+03
   1.0720808e-01   2.4150000e+03
   1.3131504e-01   2.4300000e+03
   1.5931363e-01   2.4450000e+03
   1.9102399e-01   2.4600000e+03
   2.2580555e-01   2.4750000e+03
   2.6242030e-01   2.4900000e+03
   2.9894456e-01   2.5050000e+03
   3.3277705e-01   2.5200000e+03
   3.6079329e-01   2.5350000e+03
   3.7967661e-01   2.5500000e+03
   3.8640758e-01   2.5650000e+03
   3.7882975e-01   2.5800000e+03
   3.5615659e-01   2.5950000e+03
   3.1927285e-01   2.6100000e+03
   2.7072072e-01   2.6250000e+03
   2.1434520e-01   2.6400000e+03
   1.5467377e-01   2.6550000e+03
   9.6191615e-02   2.6700000e+03
   4.2702388e-02   2.6850000e+03
  -3.0786172e-03   2.7000000e+03
  -3.9647713e-02   2.7150000e+03
  -6.6602990e-02   2.7300000e+03
  -8.4406853e-02   2.7450000e+03
  -9.4117410e-02   2.7600000e+03
  -9.7139299e-02   2.7750000e+03
  -9.5010690e-02   2.7900000e+03
  -8.9240402e-02   2.8050000e+03
  -8.1215575e-02   2.8200000e+03
  -7.2183400e-02   2.8350000e+03
  -6.3274555e-02   2.8500000e+03
  -5.5516899e-02   2.8650000e+03
  -4.9804367e-02   2.8800000e+03
  -4.6818476e-02   2.8950000e+03
  -4.6920352e-02   2.9100000e+03
  -5.0042011e-02   2.9250000e+03
  -5.5630788e-02   2.9400000e+03
  -6.2725797e-02   2.9550000e+03
  -7.0210002e-02   2.9700000e+03
  -7.7159353e-02   2.9850000e+03
  -8.3093353e-02   3.0000000e+03
  -8.7963700e-02   3.0150000e+03
  -9.1911234e-02   3.0300000e+03
  -9.4997019e-02   3.0450000e+03
  -9.7090907e-02   3.0600000e+03
  -9.7927429e-02   3.0750000e+03
  -9.7222455e-02   3.0900000e+03
  -9.4778866e-02   3.1050000e+03
  -9.0573154e-02   3.1200000e+03
  -8.4793724e-02   3.1350000e+03
  -7.7775054e-02   3.1500000e+03
  -6.9856212e-02   3.1650000e+03
  -6.1305806e-02   3.1800000e+03
  -5.2406702e-02   3.1950000e+03
  -4.3595213e-02   3.2100000e+03
  -3.5452418e-02   3.2250000e+03
  -2.8499899e-02   3.2400000e+03
  -2.2979936e-02   3.2550000e+03
  -1.8820297e-02   3.2700000e+03
  -1.5783135e-02   3.2850000e+03
  -1.3626010e-02   3.3000000e+03
  -1.2145131e-02   3.3150000e+03
  -1.1137183e-02   3.3300000e+03
  -1.0394995e-02   3.3450000e+03
  -9.7738178e-03   3.3600000e+03
  -9.2528034e-03   3.3750000e+03
  -8.9126229e-03   3.3900000e+03
  -8.8481903e-03   3.4050000e+03
  -9.1063753e-03   3.4200000e+03
  -9.6978759e-03   3.4350000e+03
  -1.0639489e-02   3.4500000e+03
  -1.1955836e-02   3.4650000e+03
  -1.3632345e-02   3.4800000e+03
  -1.5576252e-02   3.4950000e+03
  -1.7631711e-02   3.5100000e+03
  -1.9632256e-02   3.5250000e+03
  -2.1438925e-02   3.5400000e+03
  -2.2940081e-02   3.5550000e+03
  -2.4037898e-02   3.5700000e+03
  -2.4658173e-02   3.5850000e+03
  -2.4785526e-02   3.6000000e+03
  -2.4489928e-02   3.6150000e+03
  -2.3915511e-02   3.6300000e+03
  -2.3238638e-02   3.6450000e+03
  -2.2622855e-02   3.6600000e+03
  -2.2183146e-02   3.6750000e+03
  -2.1949735e-02   3.6900000e+03
  -2.1828342e-02   3.7050000e+03
  -2.1582874e-02   3.7200000e+03
  -2.0877317e-02   3.7350000e+03
  -1.9383492e-02   3.7500000e+03
  -1.6913895e-02   3.7650000e+03
  -1.3516746e-02   3.7800000e+03
  -9.4905030e-03   3.7950000e+03
  -5.3151399e-03   3.8100000e+03
  -1.5264578e-03   3.8250000e+03
   1.4307919e-03   3.8400000e+03
   3.3311637e-03   3.8550000e+03
   4.2344797e-03   3.8700000e+03
   4.4571338e-03   3.8850000e+03
   4.4545038e-03   3.9000000e+03
   4.6658809e-03   3.9150000e+03
   5.3898785e-03   3.9300000e+03
   6.7340336e-03   3.9450000e+03
   8.6432090e-03   3.9600000e+03
   1.0987016e-02   3.9750000e+03
   1.3674942e-02   3.9900000e+03
   1.6753167e-02   4.0050000e+03
   2.0427866e-02   4.0200000e+03
   2.4985099e-02   4.0350000e+03
   3.0638123e-02   4.0500000e+03
   3.7380487e-02   4.0650000e+03
   4.4912104e-02   4.0800000e+03
   5.2653089e-02   4.0950000e+03
   5.9826054e-02   4.1100000e+03
   6.5593600e-02   4.1250000e+03
   6.9242582e-02   4.1400000e+03
   7.0374653e-02   4.1550000e+03
   6.9026038e-02   4.1700000e+03
   6.5657139e-02   4.1850000e+03
   6.1021760e-02   4.2000000e+03
   5.5978473e-02   4.2150000e+03
   5.1300365e-02   4.2300000e+03
   4.7506433e-02   4.2450000e+03
   4.4731457e-02   4.2600000e+03
   4.2669281e-02   4.2750000e+03
   4.0626571e-02   4.2900000e+03
   3.7694156e-02   4.3050000e+03
   3.3004925e-02   4.3200000e+03
   2.6019173e-02   4.3350000e+03
   1.6755266e-02   4.3500000e+03
   5.8713970e-03   4.3650000e+03
  -5.4682326e-03   4.3800000e+03
  -1.5927212e-02   4.3950000e+03
  -2.4414016e-02   4.4100000e+03
  -3.0410416e-02   4.4250000e+03
  -3.4069337e-02   4.4400000e+03
  -3.6044486e-02   4.4550000e+03
  -3.7142001e-02   4.4700000e+03
  -3.7970245e-02   4.4850000e+03
  -3.8756002e-02   4.5000000e+03
