  -2.3637594e-04   0.0000000e+00
  -2.3645371e-04   1.5000000e+01
  -2.3659618e-04   3.0000000e+01
  -2.3687043e-04   4.5000000e+01
  -2.3758721e-04   6.0000000e+01
  -2.3900693e-04   7.5000000e+01
  -2.4131205e-04   9.0000000e+01
  -2.4468719e-04   1.0500000e+02
  -2.4907195e-04   1.2000000e+02
  -2.5409332e-04   1.3500000e+02
  -2.5950445e-04   1.5000000e+02
  -2.6549824e-04   1.6500000e+02
  -2.7240944e-04   1.8000000e+02
  -2.8034238e-04   1.9500000e+02
  -2.8912499e-04   2.1000000e+02
  -2.9829147e-04   2.2500000e+02
  -3.0722321e-04   2.4000000e+02
  -3.1555642e-04   2.5500000e+02
  -3.2335756e-04   2.7000000e+02
  -3.3113747e-04   2.8500000e+02
  -3.3984365e-04   3.0000000e+02
  -3.5037182e-04   3.1500000e+02
  -3.6285620e-04   3.3000000e+02
  -3.7662606e-04   3.4500000e+02
  -3.9089681e-04   3.6000000e+02
  -4.0540675e-04   3.7500000e+02
  -4.2039814e-04   3.9000000e+02
  -4.3603845e-04   4.0500000e+02
  -4.5189945e-04   4.2000000e+02
  -4.6726756e-04   4.3500000e+02
  -4.8225935e-04   4.5000000e+02
  -4.9868313e-04   4.6500000e+02
  -5.2025291e-04   4.8000000e+02
  -5.5277935e-04   4.9500000e+02
  -6.0408731e-04   5.1000000e+02
  -6.8207533e-04   5.2500000e+02
  -7.8949454e-04   5.4000000e+02
  -9.1661280e-04   5.5500000e+02
  -1.0377730e-03   5.7000000e+02
  -1.1196954e-03   5.8500000e+02
  -1.1419854e-03   6.0000000e+02
  -1.1168644e-03   6.1500000e+02
  -1.0873569e-03   6.3000000e+02
  -1.0954757e-03   6.4500000e+02
  -1.1432293e-03   6.6000000e+02
  -1.1865932e-03   6.7500000e+02
  -1.1740549e-03   6.9000000e+02
  -1.0915085e-03   7.0500000e+02
  -9.6609467e-04   7.2000000e+02
  -8.3124742e-04   7.3500000e+02
  -7.0308876e-04   7.5000000e+02
  -5.9709878e-04   7.6500000e+02
  -5.4888561e-04   7.8000000e+02
  -5.9118937e-04   7.9500000e+02
  -7.0834183e-04   8.1000000e+02
  -8.3713915e-04   8.2500000e+02
  -9.2477922e-04   8.4000000e+02
  -9.6932292e-04   8.5500000e+02
  -9.9302165e-04   8.7000000e+02
  -1.0028330e-03   8.8500000e+02
  -1.0051110e-03   9.0000000e+02
  -1.0360461e-03   9.1500000e+02
  -1.1308884e-03   9.3000000e+02
  -1.2655385e-03   9.4500000e+02
  -1.3726037e-03   9.6000000e+02
  -1.4219476e-03   9.7500000e+02
  -1.4484441e-03   9.9000000e+02
  -1.4968682e-03   1.0050000e+03
  -1.5780181e-03   1.0200000e+03
  -1.6807639e-03   1.0350000e+03
  -1.7865391e-03   1.0500000e+03
  -1.8702415e-03   1.0650000e+03
  -1.9250598e-03   1.0800000e+03
  -1.9843346e-03   1.0950000e+03
  -2.0835914e-03   1.1100000e+03
  -2.2082955e-03   1.1250000e+03
  -2.3130104e-03   1.1400000e+03
  -2.3826968e-03   1.1550000e+03
  -2.4421159e-03   1.1700000e+03
  -2.5099274e-03   1.1850000e+03
  -2.5733577e-03   1.2000000e+03
  -2.6147377e-03   1.2150000e+03
  -2.6457978e-03   1.2300000e+03
  -2.7014415e-03   1.2450000e+03
  -2.8010954e-03   1.2600000e+03
  -2.9272980e-03   1.2750000e+03
  -3.0432204e-03   1.2900000e+03
  -3.1163390e-03   1.3050000e+03
  -3.1220373e-03   1.3200000e+03
  -3.0480726e-03   1.3350000e+03
  -2.9128129e-03   1.3500000e+03
  -2.7616466e-03   1.3650000e+03
  -2.6195252e-03   1.3800000e+03
  -2.4476324e-03   1.3950000e+03
  -2.1649683e-03   1.4100000e+03
  -1.7189926e-03   1.4250000e+03
  -1.1247785e-03   1.4400000e+03
  -4.2538118e-04   1.4550000e+03
   3.8386948e-04   1.4700000e+03
   1.3852429e-03   1.4850000e+03
   2.6948829e-03   1.5000000e+03
   4.3993606e-03   1.5150000e+03
   6.5442640e-03   1.5300000e+03
   9.1875121e-03   1.5450000e+03
   1.2462026e-02   1.5600000e+03
   1.6585059e-02   1.5750000e+03
   2.1812949e-02   1.5900000e+03
   2.8407071e-02   1.6050000e+03
   3.6667556e-02   1.6200000e+03
   4.7006357e-02   1.6350000e+03
   5.9981707e-02   1.6500000e+03
   7.6277800e-02   1.6650000e+03
   9.6692920e-02   1.6800000e+03
   1.2215757e-01   1.6950000e+03
   1.5368761e-01   1.7100000e+03
   1.9216509e-01   1.7250000e+03
   2.3796512e-01   1.7400000e+03
   2.9054445e-01   1.7550000e+03
   3.4808308e-01   1.7700000e+03
   4.0724245e-01   1.7850000e+03
   4.6317101e-01   1.8000000e+03
   5.0993544e-01   1.8150000e+03
   5.4142374e-01   1.8300000e+03
   5.5250394e-01   1.8450000e+03
   5.4003960e-01   1.8600000e+03
   5.0340319e-01   1.8750000e+03
   4.4439122e-01   1.8900000e+03
   3.6677724e-01   1.9050000e+03
   2.7589497e-01   1.9200000e+03
   1.7842357e-01   1.9350000e+03
   8.2091726e-02   1.9500000e+03
  -5.1981094e-03   1.9650000e+03
  -7.6952159e-02   1.9800000e+03
  -1.2979504e-01   1.9950000e+03
  -1.6436291e-01   2.0100000e+03
  -1.8480386e-01   2.0250000e+03
  -1.9709234e-01   2.0400000e+03
  -2.0690635e-01   2.0550000e+03
  -2.1783552e-01   2.0700000e+03
  -2.3043698e-01   2.0850000e+03
  -2.4242367e-01   2.1000000e+03
  -2.4995999e-01   2.1150000e+03
  -2.4949893e-01   2.1300000e+03
  -2.3917225e-01   2.1450000e+03
  -2.1904449e-01   2.1600000e+03
  -1.9047898e-01   2.1750000e+03
  -1.5548788e-01   2.1900000e+03
  -1.1658961e-01   2.2050000e+03
  -7.6917894e-02   2.2200000e+03
  -4.0077928e-02   2.2350000e+03
  -9.6030794e-03   2.2500000e+03
   1.1810395e-02   2.2650000e+03
   2.3047976e-02   2.2800000e+03
   2.4965651e-02   2.2950000e+03
   2.0042358e-02   2.3100000e+03
   1.1326966e-02   2.3250000e+03
   1.3489748e-03   2.3400000e+03
  -8.2952436e-03   2.3550000e+03
  -1.6664099e-02   2.3700000e+03
  -2.3052985e-02   2.3850000e+03
  -2.6846653e-02   2.4000000e+03
  -2.7627992e-02   2.4150000e+03
  -2.5367303e-02   2.4300000e+03
  -2.0517964e-02   2.4450000e+03
  -1.3852632e-02   2.4600000e+03
  -6.0851662e-03   2.4750000e+03
   2.3595367e-03   2.4900000e+03
   1.1174977e-02   2.5050000e+03
   1.9869486e-02   2.5200000e+03
   2.7765151e-02   2.5350000e+03
   3.4281440e-02   2.5500000e+03
   3.9126571e-02   2.5650000e+03
   4.2242028e-02   2.5800000e+03
   4.3677915e-02   2.5950000e+03
   4.3531612e-02   2.6100000e+03
   4.1903954e-02   2.6250000e+03
   3.8852032e-02   2.6400000e+03
   3.4392912e-02   2.6550000e+03
   2.8553791e-02   2.6700000e+03
   2.1410890e-02   2.6850000e+03
   1.3111364e-02   2.7000000e+03
   3.9046798e-03   2.7150000e+03
  -5.8231461e-03   2.7300000e+03
  -1.5525977e-02   2.7450000e+03
  -2.4485230e-02   2.7600000e+03
  -3.1834766e-02   2.7750000e+03
  -3.6661219e-02   2.7900000e+03
  -3.8174585e-02   2.8050000e+03
  -3.5908137e-02   2.8200000e+03
  -2.9899213e-02   2.8350000e+03
  -2.0776249e-02   2.8500000e+03
  -9.6745482e-03   2.8650000e+03
   2.0054008e-03   2.8800000e+03
   1.2875643e-02   2.8950000e+03
   2.1758411e-02   2.9100000e+03
   2.7779561e-02   2.9250000e+03
   3.0397048e-02   2.9400000e+03
   2.9409816e-02   2.9550000e+03
   2.4976885e-02   2.9700000e+03
   1.7645534e-02   2.9850000e+03
   8.3452454e-03   3.0000000e+03
  -1.7112036e-03   3.0150000e+03
  -1.1244059e-02   3.0300000e+03
  -1.9198431e-02   3.0450000e+03
  -2.5001954e-02   3.0600000e+03
  -2.8660210e-02   3.0750000e+03
  -3.0641725e-02   3.0900000e+03
  -3.1637143e-02   3.1050000e+03
  -3.2336306e-02   3.1200000e+03
  -3.3301875e-02   3.1350000e+03
  -3.4916256e-02   3.1500000e+03
  -3.7341893e-02   3.1650000e+03
  -4.0472806e-02   3.1800000e+03
  -4.3910701e-02   3.1950000e+03
  -4.7014385e-02   3.2100000e+03
  -4.9035244e-02   3.2250000e+03
  -4.9301323e-02   3.2400000e+03
  -4.7388572e-02   3.2550000e+03
  -4.3224730e-02   3.2700000e+03
  -3.7098125e-02   3.2850000e+03
  -2.9581273e-02   3.3000000e+03
  -2.1410506e-02   3.3150000e+03
  -1.3366175e-02   3.3300000e+03
  -6.1730235e-03   3.3450000e+03
  -4.1404192e-04   3.3600000e+03
   3.5483593e-03   3.3750000e+03
   5.6255953e-03   3.3900000e+03
   5.9988280e-03   3.4050000e+03
   5.0465669e-03   3.4200000e+03
   3.2296751e-03   3.4350000e+03
   9.7667705e-04   3.4500000e+03
  -1.3996410e-03   3.4650000e+03
  -3.7449556e-03   3.4800000e+03
  -6.0677887e-03   3.4950000e+03
  -8.5113104e-03   3.5100000e+03
  -1.1303111e-02   3.5250000e+03
  -1.4699101e-02   3.5400000e+03
  -1.8935462e-02   3.5550000e+03
  -2.4190135e-02   3.5700000e+03
  -3.0542834e-02   3.5850000e+03
  -3.7924949e-02   3.6000000e+03
  -4.6072256e-02   3.6150000e+03
  -5.4515790e-02   3.6300000e+03
  -6.2640466e-02   3.6450000e+03
  -6.9801845e-02   3.6600000e+03
  -7.5451292e-02   3.6750000e+03
  -7.9218000e-02   3.6900000e+03
  -8.0933459e-02   3.7050000e+03
  -8.0619492e-02   3.7200000e+03
  -7.8461751e-02   3.7350000e+03
  -7.4768007e-02   3.7500000e+03
  -6.9904052e-02   3.7650000e+03
  -6.4224310e-02   3.7800000e+03
  -5.8035154e-02   3.7950000e+03
  -5.1609069e-02   3.8100000e+03
  -4.5218248e-02   3.8250000e+03
  -3.9133873e-02   3.8400000e+03
  -3.3576112e-02   3.8550000e+03
  -2.8660022e-02   3.8700000e+03
  -2.4393888e-02   3.8850000e+03
  -2.0733144e-02   3.9000000e+03
  -1.7637283e-02   3.9150000e+03
  -1.5083074e-02   3.9300000e+03
  -1.3041811e-02   3.9450000e+03
  -1.1462283e-02   3.9600000e+03
  -1.0281214e-02   3.9750000e+03
  -9.4451634e-03   3.9900000e+03
  -8.9203753e-03   4.0050000e+03
  -8.6874468e-03   4.0200000e+03
  -8.7297270e-03   4.0350000e+03
  -9.0165809e-03   4.0500000e+03
  -9.4778631e-03   4.0650000e+03
  -9.9786669e-03   4.0800000e+03
  -1.0316745e-02   4.0950000e+03
  -1.0256478e-02   4.1100000e+03
  -9.5871668e-03   4.1250000e+03
  -8.1740050e-03   4.1400000e+03
  -5.9747137e-03   4.1550000e+03
  -3.0200300e-03   4.1700000e+03
   6.1708188e-04   4.1850000e+03
   4.8324089e-03   4.2000000e+03
   9.4724121e-03   4.2150000e+03
   1.4309463e-02   4.2300000e+03
   1.9042738e-02   4.2450000e+03
   2.3334887e-02   4.2600000e+03
   2.6864735e-02   4.2750000e+03
   2.9370237e-02   4.2900000e+03
   3.0674728e-02   4.3050000e+03
   3.0705374e-02   4.3200000e+03
   2.9507209e-02   4.3350000e+03
   2.7242083e-02   4.3500000e+03
   2.4161531e-02   4.3650000e+03
   2.0559285e-02   4.3800000e+03
   1.6723977e-02   4.3950000e+03
   1.2910604e-02   4.4100000e+03
   9.3335882e-03   4.4250000e+03
   6.1693876e-03   4.4400000e+03
   3.5537526e-03   4.4550000e+03
   1.5682540e-03   4.4700000e+03
   2.2476674e-04   4.4850000e+03
  -5.3574843e-04   4.5000000e+03
