   3.4536591e-03   0.0000000e+00
   3.4529369e-03   1.5000000e+01
   3.4508142e-03   3.0000000e+01
   3.4474679e-03   4.5000000e+01
   3.4431324e-03   6.0000000e+01
   3.4377850e-03   7.5000000e+01
   3.4310259e-03   9.0000000e+01
   3.4224777e-03   1.0500000e+02
   3.4122353e-03   1.2000000e+02
   3.4007253e-03   1.3500000e+02
   3.3880323e-03   1.5000000e+02
   3.3734087e-03   1.6500000e+02
   3.3550092e-03   1.8000000e+02
   3.3280849e-03   1.9500000e+02
   3.2793332e-03   2.1000000e+02
   3.1806589e-03   2.2500000e+02
   2.9963774e-03   2.4000000e+02
   2.7183415e-03   2.5500000e+02
   2.4131003e-03   2.7000000e+02
   2.2187724e-03   2.8500000e+02
   2.2432026e-03   3.0000000e+02
   2.4349324e-03   3.1500000e+02
   2.5972126e-03   3.3000000e+02
   2.5886870e-03   3.4500000e+02
   2.4847114e-03   3.6000000e+02
   2.4648334e-03   3.7500000e+02
   2.5622814e-03   3.9000000e+02
   2.6366282e-03   4.0500000e+02
   2.6026131e-03   4.2000000e+02
   2.5487344e-03   4.3500000e+02
   2.5722112e-03   4.5000000e+02
   2.6268063e-03   4.6500000e+02
   2.6270410e-03   4.8000000e+02
   2.5956884e-03   4.9500000e+02
   2.6006943e-03   5.1000000e+02
   2.6290156e-03   5.2500000e+02
   2.6263751e-03   5.4000000e+02
   2.5997132e-03   5.5500000e+02
   2.5912432e-03   5.7000000e+02
   2.5969045e-03   5.8500000e+02
   2.5841461e-03   6.0000000e+02
   2.5574779e-03   6.1500000e+02
   2.5444450e-03   6.3000000e+02
   2.5410629e-03   6.4500000e+02
   2.5230641e-03   6.6000000e+02
   2.4887018e-03   6.7500000e+02
   2.4463262e-03   6.9000000e+02
   2.3803643e-03   7.0500000e+02
   2.2628647e-03   7.2000000e+02
   2.0796377e-03   7.3500000e+02
   1.8270294e-03   7.5000000e+02
   1.5120062e-03   7.6500000e+02
   1.1809289e-03   7.8000000e+02
   9.2973921e-04   7.9500000e+02
   8.5510174e-04   8.1000000e+02
   9.7980560e-04   8.2500000e+02
   1.2133119e-03   8.4000000e+02
   1.3842449e-03   8.5500000e+02
   1.3485017e-03   8.7000000e+02
   1.1117735e-03   8.8500000e+02
   8.4262708e-04   9.0000000e+02
   7.2162057e-04   9.1500000e+02
   7.6031382e-04   9.3000000e+02
   7.9685985e-04   9.4500000e+02
   6.8928587e-04   9.6000000e+02
   4.8217154e-04   9.7500000e+02
   3.4053327e-04   9.9000000e+02
   3.3748365e-04   1.0050000e+03
   3.8017560e-04   1.0200000e+03
   3.7350165e-04   1.0350000e+03
   3.8438366e-04   1.0500000e+03
   5.6966557e-04   1.0650000e+03
   9.9019846e-04   1.0800000e+03
   1.6094270e-03   1.0950000e+03
   2.4804289e-03   1.1100000e+03
   3.8281674e-03   1.1250000e+03
   5.9221121e-03   1.1400000e+03
   8.9918049e-03   1.1550000e+03
   1.3362334e-02   1.1700000e+03
   1.9623561e-02   1.1850000e+03
   2.8630558e-02   1.2000000e+03
   4.1467268e-02   1.2150000e+03
   5.9579693e-02   1.2300000e+03
   8.4981002e-02   1.2450000e+03
   1.2030279e-01   1.2600000e+03
   1.6869457e-01   1.2750000e+03
   2.3366155e-01   1.2900000e+03
   3.1866428e-01   1.3050000e+03
   4.2612347e-01   1.3200000e+03
   5.5564630e-01   1.3350000e+03
   7.0153999e-01   1.3500000e+03
   8.4992284e-01   1.3650000e+03
   9.7636598e-01   1.3800000e+03
   1.0460234e+00   1.3950000e+03
   1.0188018e+00   1.4100000e+03
   8.6115611e-01   1.4250000e+03
   5.6292695e-01   1.4400000e+03
   1.5279771e-01   1.4550000e+03
  -2.9794130e-01   1.4700000e+03
  -6.9209701e-01   1.4850000e+03
  -9.4258696e-01   1.5000000e+03
  -1.0118492e+00   1.5150000e+03
  -9.3010366e-01   1.5300000e+03
  -7.7633768e-01   1.5450000e+03
  -6.3058054e-01   1.5600000e+03
  -5.2973688e-01   1.5750000e+03
  -4.5951504e-01   1.5900000e+03
  -3.8629702e-01   1.6050000e+03
  -2.9799458e-01   1.6200000e+03
  -2.1583469e-01   1.6350000e+03
  -1.6917333e-01   1.6500000e+03
  -1.6314034e-01   1.6650000e+03
  -1.7395833e-01   1.6800000e+03
  -1.7402045e-01   1.6950000e+03
  -1.5635400e-01   1.7100000e+03
  -1.3298614e-01   1.7250000e+03
  -1.1495202e-01   1.7400000e+03
  -1.0055593e-01   1.7550000e+03
  -8.2187913e-02   1.7700000e+03
  -5.6725215e-02   1.7850000e+03
  -2.4655480e-02   1.8000000e+03
   1.6324092e-02   1.8150000e+03
   6.9320552e-02   1.8300000e+03
   1.2899618e-01   1.8450000e+03
   1.7928523e-01   1.8600000e+03
   2.0330851e-01   1.8750000e+03
   1.9435135e-01   1.8900000e+03
   1.5719122e-01   1.9050000e+03
   1.0274009e-01   1.9200000e+03
   4.4068966e-02   1.9350000e+03
  -5.8038002e-03   1.9500000e+03
  -3.8128376e-02   1.9650000e+03
  -5.2418489e-02   1.9800000e+03
  -5.4676179e-02   1.9950000e+03
  -5.1216066e-02   2.0100000e+03
  -4.5353144e-02   2.0250000e+03
  -3.9174810e-02   2.0400000e+03
  -3.5133563e-02   2.0550000e+03
  -3.4092233e-02   2.0700000e+03
  -3.3417657e-02   2.0850000e+03
  -2.9069774e-02   2.1000000e+03
  -1.9659901e-02   2.1150000e+03
  -7.8728907e-03   2.1300000e+03
   1.7928284e-03   2.1450000e+03
   6.4552375e-03   2.1600000e+03
   6.9292486e-03   2.1750000e+03
   7.2469423e-03   2.1900000e+03
   1.1661428e-02   2.2050000e+03
   2.1166770e-02   2.2200000e+03
   3.2724839e-02   2.2350000e+03
   4.2130947e-02   2.2500000e+03
   4.7645744e-02   2.2650000e+03
   5.0882347e-02   2.2800000e+03
   5.4617021e-02   2.2950000e+03
   6.0108948e-02   2.3100000e+03
   6.6285416e-02   2.3250000e+03
   7.0959277e-02   2.3400000e+03
   7.2604798e-02   2.3550000e+03
   7.1207613e-02   2.3700000e+03
   6.7841567e-02   2.3850000e+03
   6.3690744e-02   2.4000000e+03
   5.9370238e-02   2.4150000e+03
   5.4880835e-02   2.4300000e+03
   5.0040193e-02   2.4450000e+03
   4.4888336e-02   2.4600000e+03
   3.9508898e-02   2.4750000e+03
   3.3388529e-02   2.4900000e+03
   2.5300717e-02   2.5050000e+03
   1.4294943e-02   2.5200000e+03
   8.5556251e-04   2.5350000e+03
  -1.3195387e-02   2.5500000e+03
  -2.6046041e-02   2.5650000e+03
  -3.7022151e-02   2.5800000e+03
  -4.6411831e-02   2.5950000e+03
  -5.4477800e-02   2.6100000e+03
  -6.0894463e-02   2.6250000e+03
  -6.5059520e-02   2.6400000e+03
  -6.6605777e-02   2.6550000e+03
  -6.5408766e-02   2.6700000e+03
  -6.1296996e-02   2.6850000e+03
  -5.4099593e-02   2.7000000e+03
  -4.4040814e-02   2.7150000e+03
  -3.1894561e-02   2.7300000e+03
  -1.8661769e-02   2.7450000e+03
  -5.1831594e-03   2.7600000e+03
   7.9392092e-03   2.7750000e+03
   2.0247933e-02   2.7900000e+03
   3.1433355e-02   2.8050000e+03
   4.1376948e-02   2.8200000e+03
   5.0036266e-02   2.8350000e+03
   5.7267182e-02   2.8500000e+03
   6.2893867e-02   2.8650000e+03
   6.7037359e-02   2.8800000e+03
   7.0268691e-02   2.8950000e+03
   7.3229812e-02   2.9100000e+03
   7.5952098e-02   2.9250000e+03
   7.7501968e-02   2.9400000e+03
   7.6333918e-02   2.9550000e+03
   7.1129709e-02   2.9700000e+03
   6.1550833e-02   2.9850000e+03
   4.8455030e-02   3.0000000e+03
   3.3499222e-02   3.0150000e+03
   1.8397745e-02   3.0300000e+03
   4.2970022e-03   3.0450000e+03
  -8.3459551e-03   3.0600000e+03
  -1.9381283e-02   3.0750000e+03
  -2.8520036e-02   3.0900000e+03
  -3.5300404e-02   3.1050000e+03
  -3.9482404e-02   3.1200000e+03
  -4.1407898e-02   3.1350000e+03
  -4.1902941e-02   3.1500000e+03
  -4.1809604e-02   3.1650000e+03
  -4.1626852e-02   3.1800000e+03
  -4.1582998e-02   3.1950000e+03
  -4.1964222e-02   3.2100000e+03
  -4.3247879e-02   3.2250000e+03
  -4.5804504e-02   3.2400000e+03
  -4.9380563e-02   3.2550000e+03
  -5.2815020e-02   3.2700000e+03
  -5.4294597e-02   3.2850000e+03
  -5.2076314e-02   3.3000000e+03
  -4.5291666e-02   3.3150000e+03
  -3.4386471e-02   3.3300000e+03
  -2.0952003e-02   3.3450000e+03
  -7.0364010e-03   3.3600000e+03
   5.6890417e-03   3.3750000e+03
   1.6445063e-02   3.3900000e+03
   2.5261894e-02   3.4050000e+03
   3.2418463e-02   3.4200000e+03
   3.7882056e-02   3.4350000e+03
   4.1220184e-02   3.4500000e+03
   4.2017136e-02   3.4650000e+03
   4.0340967e-02   3.4800000e+03
   3.6778811e-02   3.4950000e+03
   3.2032583e-02   3.5100000e+03
   2.6520669e-02   3.5250000e+03
   2.0368753e-02   3.5400000e+03
   1.3710603e-02   3.5550000e+03
   6.9148121e-03   3.5700000e+03
   5.1124871e-04   3.5850000e+03
  -5.0525595e-03   3.6000000e+03
  -9.5666060e-03   3.6150000e+03
  -1.3029659e-02   3.6300000e+03
  -1.5519582e-02   3.6450000e+03
  -1.7058019e-02   3.6600000e+03
  -1.7513536e-02   3.6750000e+03
  -1.6603103e-02   3.6900000e+03
  -1.4053970e-02   3.7050000e+03
  -9.8525938e-03   3.7200000e+03
  -4.3550935e-03   3.7350000e+03
   1.8750115e-03   3.7500000e+03
   8.3184354e-03   3.7650000e+03
   1.4503809e-02   3.7800000e+03
   1.9711042e-02   3.7950000e+03
   2.2758119e-02   3.8100000e+03
   2.2275396e-02   3.8250000e+03
   1.7370194e-02   3.8400000e+03
   8.1260782e-03   3.8550000e+03
  -4.4766972e-03   3.8700000e+03
  -1.9050244e-02   3.8850000e+03
  -3.4188651e-02   3.9000000e+03
  -4.8506744e-02   3.9150000e+03
  -6.0554810e-02   3.9300000e+03
  -6.8951659e-02   3.9450000e+03
  -7.2754636e-02   3.9600000e+03
  -7.1761914e-02   3.9750000e+03
  -6.6481285e-02   3.9900000e+03
  -5.7802025e-02   4.0050000e+03
  -4.6633940e-02   4.0200000e+03
  -3.3759356e-02   4.0350000e+03
  -1.9956913e-02   4.0500000e+03
  -6.2486297e-03   4.0650000e+03
   5.9979502e-03   4.0800000e+03
   1.5321786e-02   4.0950000e+03
   2.0724140e-02   4.1100000e+03
   2.2180006e-02   4.1250000e+03
   2.0704944e-02   4.1400000e+03
   1.7880820e-02   4.1550000e+03
   1.5157993e-02   4.1700000e+03
   1.3392379e-02   4.1850000e+03
   1.2826467e-02   4.2000000e+03
   1.3352906e-02   4.2150000e+03
   1.4757171e-02   4.2300000e+03
   1.6790718e-02   4.2450000e+03
   1.9149363e-02   4.2600000e+03
   2.1490213e-02   4.2750000e+03
   2.3512414e-02   4.2900000e+03
   2.5022805e-02   4.3050000e+03
   2.5925161e-02   4.3200000e+03
   2.6161926e-02   4.3350000e+03
   2.5679899e-02   4.3500000e+03
   2.4445770e-02   4.3650000e+03
   2.2470035e-02   4.3800000e+03
   1.9785598e-02   4.3950000e+03
   1.6376613e-02   4.4100000e+03
   1.2114469e-02   4.4250000e+03
   6.7816596e-03   4.4400000e+03
   2.2512412e-04   4.4550000e+03
  -7.4155186e-03   4.4700000e+03
  -1.5552567e-02   4.4850000e+03
  -2.3210613e-02   4.5000000e+03
