  -1.1248925e-03   0.0000000e+00
  -1.1249611e-03   1.5000000e+01
  -1.1250997e-03   3.0000000e+01
  -1.1252268e-03   4.5000000e+01
  -1.1253695e-03   6.0000000e+01
  -1.1255465e-03   7.5000000e+01
  -1.1257761e-03   9.0000000e+01
  -1.1261828e-03   1.0500000e+02
  -1.1268475e-03   1.2000000e+02
  -1.1276361e-03   1.3500000e+02
  -1.1283931e-03   1.5000000e+02
  -1.1291504e-03   1.6500000e+02
  -1.1299681e-03   1.8000000e+02
  -1.1308067e-03   1.9500000e+02
  -1.1316324e-03   2.1000000e+02
  -1.1324512e-03   2.2500000e+02
  -1.1332821e-03   2.4000000e+02
  -1.1341552e-03   2.5500000e+02
  -1.1350570e-03   2.7000000e+02
  -1.1359539e-03   2.8500000e+02
  -1.1368956e-03   3.0000000e+02
  -1.1379838e-03   3.1500000e+02
  -1.1392564e-03   3.3000000e+02
  -1.1406568e-03   3.4500000e+02
  -1.1421193e-03   3.6000000e+02
  -1.1436561e-03   3.7500000e+02
  -1.1452960e-03   3.9000000e+02
  -1.1470072e-03   4.0500000e+02
  -1.1487149e-03   4.2000000e+02
  -1.1502252e-03   4.3500000e+02
  -1.1510809e-03   4.5000000e+02
  -1.1503834e-03   4.6500000e+02
  -1.1463378e-03   4.8000000e+02
  -1.1354561e-03   4.9500000e+02
  -1.1123098e-03   5.1000000e+02
  -1.0713008e-03   5.2500000e+02
  -1.0110983e-03   5.4000000e+02
  -9.4002561e-04   5.5500000e+02
  -8.7794306e-04   5.7000000e+02
  -8.4945222e-04   5.8500000e+02
  -8.6798484e-04   6.0000000e+02
  -9.2090480e-04   6.1500000e+02
  -9.7171607e-04   6.3000000e+02
  -9.8459714e-04   6.4500000e+02
  -9.5312024e-04   6.6000000e+02
  -9.0337178e-04   6.7500000e+02
  -8.6298020e-04   6.9000000e+02
  -8.2722114e-04   7.0500000e+02
  -7.6382875e-04   7.2000000e+02
  -6.5559417e-04   7.3500000e+02
  -5.3045794e-04   7.5000000e+02
  -4.4016537e-04   7.6500000e+02
  -4.1297235e-04   7.8000000e+02
  -4.3770246e-04   7.9500000e+02
  -4.9025606e-04   8.1000000e+02
  -5.5646902e-04   8.2500000e+02
  -6.2211027e-04   8.4000000e+02
  -6.6175469e-04   8.5500000e+02
  -6.6060218e-04   8.7000000e+02
  -6.4063072e-04   8.8500000e+02
  -6.4269087e-04   9.0000000e+02
  -6.8131788e-04   9.1500000e+02
  -7.3426316e-04   9.3000000e+02
  -7.7602529e-04   9.4500000e+02
  -8.0125174e-04   9.6000000e+02
  -8.1322534e-04   9.7500000e+02
  -8.1357436e-04   9.9000000e+02
  -8.1235386e-04   1.0050000e+03
  -8.2696904e-04   1.0200000e+03
  -8.5894205e-04   1.0350000e+03
  -8.8793895e-04   1.0500000e+03
  -8.9920621e-04   1.0650000e+03
  -9.0276217e-04   1.0800000e+03
  -9.1630616e-04   1.0950000e+03
  -9.4164832e-04   1.1100000e+03
  -9.6700253e-04   1.1250000e+03
  -9.8347780e-04   1.1400000e+03
  -9.9124282e-04   1.1550000e+03
  -9.9447777e-04   1.1700000e+03
  -9.9630631e-04   1.1850000e+03
  -9.9760701e-04   1.2000000e+03
  -9.9877070e-04   1.2150000e+03
  -1.0032890e-03   1.2300000e+03
  -1.0190443e-03   1.2450000e+03
  -1.0530313e-03   1.2600000e+03
  -1.1033012e-03   1.2750000e+03
  -1.1575622e-03   1.2900000e+03
  -1.2005283e-03   1.3050000e+03
  -1.2221610e-03   1.3200000e+03
  -1.2220551e-03   1.3350000e+03
  -1.2120641e-03   1.3500000e+03
  -1.2134023e-03   1.3650000e+03
  -1.2407482e-03   1.3800000e+03
  -1.2845556e-03   1.3950000e+03
  -1.3170801e-03   1.4100000e+03
  -1.3222805e-03   1.4250000e+03
  -1.3144488e-03   1.4400000e+03
  -1.3217772e-03   1.4550000e+03
  -1.3554696e-03   1.4700000e+03
  -1.3998504e-03   1.4850000e+03
  -1.4305809e-03   1.5000000e+03
  -1.4390574e-03   1.5150000e+03
  -1.4391775e-03   1.5300000e+03
  -1.4511109e-03   1.5450000e+03
  -1.4792394e-03   1.5600000e+03
  -1.5088370e-03   1.5750000e+03
  -1.5257046e-03   1.5900000e+03
  -1.5340811e-03   1.6050000e+03
  -1.5492175e-03   1.6200000e+03
  -1.5752580e-03   1.6350000e+03
  -1.5999649e-03   1.6500000e+03
  -1.6133274e-03   1.6650000e+03
  -1.6217986e-03   1.6800000e+03
  -1.6372856e-03   1.6950000e+03
  -1.6591266e-03   1.7100000e+03
  -1.6769693e-03   1.7250000e+03
  -1.6879917e-03   1.7400000e+03
  -1.7000196e-03   1.7550000e+03
  -1.7172736e-03   1.7700000e+03
  -1.7335330e-03   1.7850000e+03
  -1.7425331e-03   1.8000000e+03
  -1.7467797e-03   1.8150000e+03
  -1.7517603e-03   1.8300000e+03
  -1.7577689e-03   1.8450000e+03
  -1.7623185e-03   1.8600000e+03
  -1.7661199e-03   1.8750000e+03
  -1.7716147e-03   1.8900000e+03
  -1.7779991e-03   1.9050000e+03
  -1.7818867e-03   1.9200000e+03
  -1.7817583e-03   1.9350000e+03
  -1.7787162e-03   1.9500000e+03
  -1.7737224e-03   1.9650000e+03
  -1.7665816e-03   1.9800000e+03
  -1.7569580e-03   1.9950000e+03
  -1.7441438e-03   2.0100000e+03
  -1.7262604e-03   2.0250000e+03
  -1.7016686e-03   2.0400000e+03
  -1.6709720e-03   2.0550000e+03
  -1.6360474e-03   2.0700000e+03
  -1.5975394e-03   2.0850000e+03
  -1.5545307e-03   2.1000000e+03
  -1.5058261e-03   2.1150000e+03
  -1.4500183e-03   2.1300000e+03
  -1.3848267e-03   2.1450000e+03
  -1.3077251e-03   2.1600000e+03
  -1.2170515e-03   2.1750000e+03
  -1.1116889e-03   2.1900000e+03
  -9.9020638e-04   2.2050000e+03
  -8.5138611e-04   2.2200000e+03
  -6.9509540e-04   2.2350000e+03
  -5.2105117e-04   2.2500000e+03
  -3.2613290e-04   2.2650000e+03
  -1.0367030e-04   2.2800000e+03
   1.5430365e-04   2.2950000e+03
   4.5466836e-04   2.3100000e+03
   8.0331590e-04   2.3250000e+03
   1.2069088e-03   2.3400000e+03
   1.6739221e-03   2.3550000e+03
   2.2140876e-03   2.3700000e+03
   2.8373746e-03   2.3850000e+03
   3.5543081e-03   2.4000000e+03
   4.3781148e-03   2.4150000e+03
   5.3269872e-03   2.4300000e+03
   6.4242501e-03   2.4450000e+03
   7.6966179e-03   2.4600000e+03
   9.1728540e-03   2.4750000e+03
   1.0884263e-02   2.4900000e+03
   1.2865954e-02   2.5050000e+03
   1.5157443e-02   2.5200000e+03
   1.7803123e-02   2.5350000e+03
   2.0854348e-02   2.5500000e+03
   2.4373068e-02   2.5650000e+03
   2.8434245e-02   2.5800000e+03
   3.3123944e-02   2.5950000e+03
   3.8532246e-02   2.6100000e+03
   4.4741537e-02   2.6250000e+03
   5.1810626e-02   2.6400000e+03
   5.9755407e-02   2.6550000e+03
   6.8529956e-02   2.6700000e+03
   7.8015633e-02   2.6850000e+03
   8.8025801e-02   2.7000000e+03
   9.8329104e-02   2.7150000e+03
   1.0868654e-01   2.7300000e+03
   1.1889070e-01   2.7450000e+03
   1.2879391e-01   2.7600000e+03
   1.3831438e-01   2.7750000e+03
   1.4741597e-01   2.7900000e+03
   1.5606415e-01   2.8050000e+03
   1.6416904e-01   2.8200000e+03
   1.7153351e-01   2.8350000e+03
   1.7782880e-01   2.8500000e+03
   1.8261424e-01   2.8650000e+03
   1.8540375e-01   2.8800000e+03
   1.8576290e-01   2.8950000e+03
   1.8340597e-01   2.9100000e+03
   1.7825978e-01   2.9250000e+03
   1.7047267e-01   2.9400000e+03
   1.6036840e-01   2.9550000e+03
   1.4836684e-01   2.9700000e+03
   1.3490523e-01   2.9850000e+03
   1.2038997e-01   3.0000000e+03
   1.0519160e-01   3.0150000e+03
   8.9674003e-02   3.0300000e+03
   7.4230634e-02   3.0450000e+03
   5.9298284e-02   3.0600000e+03
   4.5332380e-02   3.0750000e+03
   3.2752853e-02   3.0900000e+03
   2.1888291e-02   3.1050000e+03
   1.2945138e-02   3.1200000e+03
   6.0094986e-03   3.1350000e+03
   1.0679463e-03   3.1500000e+03
  -1.9719910e-03   3.1650000e+03
  -3.2692319e-03   3.1800000e+03
  -3.0370511e-03   3.1950000e+03
  -1.5219067e-03   3.2100000e+03
   1.0249385e-03   3.2250000e+03
   4.3694330e-03   3.2400000e+03
   8.2978513e-03   3.2550000e+03
   1.2600692e-02   3.2700000e+03
   1.7049108e-02   3.2850000e+03
   2.1380004e-02   3.3000000e+03
   2.5303300e-02   3.3150000e+03
   2.8536452e-02   3.3300000e+03
   3.0856613e-02   3.3450000e+03
   3.2145765e-02   3.3600000e+03
   3.2403439e-02   3.3750000e+03
   3.1721767e-02   3.3900000e+03
   3.0242577e-02   3.4050000e+03
   2.8120924e-02   3.4200000e+03
   2.5502168e-02   3.4350000e+03
   2.2504641e-02   3.4500000e+03
   1.9205762e-02   3.4650000e+03
   1.5643546e-02   3.4800000e+03
   1.1842390e-02   3.4950000e+03
   7.8501739e-03   3.5100000e+03
   3.7587960e-03   3.5250000e+03
  -3.0787737e-04   3.5400000e+03
  -4.2270715e-03   3.5550000e+03
  -7.9047568e-03   3.5700000e+03
  -1.1281428e-02   3.5850000e+03
  -1.4320487e-02   3.6000000e+03
  -1.6994620e-02   3.6150000e+03
  -1.9279983e-02   3.6300000e+03
  -2.1157268e-02   3.6450000e+03
  -2.2614891e-02   3.6600000e+03
  -2.3653479e-02   3.6750000e+03
  -2.4293978e-02   3.6900000e+03
  -2.4588341e-02   3.7050000e+03
  -2.4626689e-02   3.7200000e+03
  -2.4535162e-02   3.7350000e+03
  -2.4463901e-02   3.7500000e+03
  -2.4568187e-02   3.7650000e+03
  -2.4985934e-02   3.7800000e+03
  -2.5815137e-02   3.7950000e+03
  -2.7098130e-02   3.8100000e+03
  -2.8820341e-02   3.8250000e+03
  -3.0925108e-02   3.8400000e+03
  -3.3337213e-02   3.8550000e+03
  -3.5984073e-02   3.8700000e+03
  -3.8807303e-02   3.8850000e+03
  -4.1763574e-02   3.9000000e+03
  -4.4816807e-02   3.9150000e+03
  -4.7924399e-02   3.9300000e+03
  -5.1021505e-02   3.9450000e+03
  -5.4009598e-02   3.9600000e+03
  -5.6756724e-02   3.9750000e+03
  -5.9113517e-02   3.9900000e+03
  -6.0942043e-02   4.0050000e+03
  -6.2146414e-02   4.0200000e+03
  -6.2690750e-02   4.0350000e+03
  -6.2595159e-02   4.0500000e+03
  -6.1912283e-02   4.0650000e+03
  -6.0697526e-02   4.0800000e+03
  -5.8988158e-02   4.0950000e+03
  -5.6799736e-02   4.1100000e+03
  -5.4138437e-02   4.1250000e+03
  -5.1021565e-02   4.1400000e+03
  -4.7496624e-02   4.1550000e+03
  -4.3650884e-02   4.1700000e+03
  -3.9606258e-02   4.1850000e+03
  -3.5498679e-02   4.2000000e+03
  -3.1446870e-02   4.2150000e+03
  -2.7522584e-02   4.2300000e+03
  -2.3738507e-02   4.2450000e+03
  -2.0065447e-02   4.2600000e+03
  -1.6473547e-02   4.2750000e+03
  -1.2973513e-02   4.2900000e+03
  -9.6304445e-03   4.3050000e+03
  -6.5416452e-03   4.3200000e+03
  -3.7954305e-03   4.3350000e+03
  -1.4373162e-03   4.3500000e+03
   5.4183375e-04   4.3650000e+03
   2.1974568e-03   4.3800000e+03
   3.6105837e-03   4.3950000e+03
   4.8621837e-03   4.4100000e+03
   6.0121734e-03   4.4250000e+03
   7.0938305e-03   4.4400000e+03
   8.1249932e-03   4.4550000e+03
   9.1231978e-03   4.4700000e+03
   1.0109375e-02   4.4850000e+03
   1.1097386e-02   4.5000000e+03
