  -1.4209250e-03   0.0000000e+00
  -1.4210272e-03   1.5000000e+01
  -1.4212244e-03   3.0000000e+01
  -1.4213821e-03   4.5000000e+01
  -1.4215370e-03   6.0000000e+01
  -1.4217105e-03   7.5000000e+01
  -1.4219231e-03   9.0000000e+01
  -1.4223740e-03   1.0500000e+02
  -1.4231917e-03   1.2000000e+02
  -1.4241551e-03   1.3500000e+02
  -1.4250224e-03   1.5000000e+02
  -1.4258455e-03   1.6500000e+02
  -1.4267176e-03   1.8000000e+02
  -1.4275858e-03   1.9500000e+02
  -1.4284007e-03   2.1000000e+02
  -1.4291833e-03   2.2500000e+02
  -1.4299836e-03   2.4000000e+02
  -1.4308497e-03   2.5500000e+02
  -1.4317640e-03   2.7000000e+02
  -1.4326770e-03   2.8500000e+02
  -1.4336413e-03   3.0000000e+02
  -1.4347807e-03   3.1500000e+02
  -1.4361370e-03   3.3000000e+02
  -1.4376256e-03   3.4500000e+02
  -1.4391851e-03   3.6000000e+02
  -1.4408659e-03   3.7500000e+02
  -1.4426992e-03   3.9000000e+02
  -1.4446175e-03   4.0500000e+02
  -1.4465310e-03   4.2000000e+02
  -1.4482138e-03   4.3500000e+02
  -1.4491214e-03   4.5000000e+02
  -1.4483206e-03   4.6500000e+02
  -1.4441041e-03   4.8000000e+02
  -1.4331266e-03   4.9500000e+02
  -1.4100211e-03   5.1000000e+02
  -1.3692090e-03   5.2500000e+02
  -1.3095893e-03   5.4000000e+02
  -1.2399324e-03   5.5500000e+02
  -1.1804627e-03   5.7000000e+02
  -1.1557707e-03   5.8500000e+02
  -1.1787724e-03   6.0000000e+02
  -1.2359724e-03   6.1500000e+02
  -1.2901485e-03   6.3000000e+02
  -1.3052913e-03   6.4500000e+02
  -1.2752165e-03   6.6000000e+02
  -1.2261174e-03   6.7500000e+02
  -1.1848186e-03   6.9000000e+02
  -1.1446346e-03   7.0500000e+02
  -1.0713460e-03   7.2000000e+02
  -9.4811071e-04   7.3500000e+02
  -8.0699613e-04   7.5000000e+02
  -7.0622779e-04   7.6500000e+02
  -6.7894295e-04   7.8000000e+02
  -7.1385846e-04   7.9500000e+02
  -7.8201806e-04   8.1000000e+02
  -8.6324714e-04   8.2500000e+02
  -9.3972043e-04   8.4000000e+02
  -9.8547852e-04   8.5500000e+02
  -9.8670262e-04   8.7000000e+02
  -9.6703408e-04   8.8500000e+02
  -9.7021845e-04   9.0000000e+02
  -1.0141010e-03   9.1500000e+02
  -1.0768088e-03   9.3000000e+02
  -1.1285054e-03   9.4500000e+02
  -1.1585400e-03   9.6000000e+02
  -1.1694331e-03   9.7500000e+02
  -1.1666778e-03   9.9000000e+02
  -1.1641443e-03   1.0050000e+03
  -1.1804537e-03   1.0200000e+03
  -1.2167493e-03   1.0350000e+03
  -1.2511885e-03   1.0500000e+03
  -1.2666112e-03   1.0650000e+03
  -1.2724125e-03   1.0800000e+03
  -1.2889684e-03   1.0950000e+03
  -1.3202928e-03   1.1100000e+03
  -1.3526146e-03   1.1250000e+03
  -1.3735160e-03   1.1400000e+03
  -1.3829068e-03   1.1550000e+03
  -1.3878297e-03   1.1700000e+03
  -1.3937679e-03   1.1850000e+03
  -1.4018044e-03   1.2000000e+03
  -1.4116731e-03   1.2150000e+03
  -1.4271134e-03   1.2300000e+03
  -1.4573735e-03   1.2450000e+03
  -1.5102884e-03   1.2600000e+03
  -1.5827800e-03   1.2750000e+03
  -1.6602923e-03   1.2900000e+03
  -1.7257006e-03   1.3050000e+03
  -1.7675159e-03   1.3200000e+03
  -1.7841789e-03   1.3350000e+03
  -1.7884608e-03   1.3500000e+03
  -1.8053084e-03   1.3650000e+03
  -1.8527039e-03   1.3800000e+03
  -1.9202454e-03   1.3950000e+03
  -1.9763855e-03   1.4100000e+03
  -2.0032574e-03   1.4250000e+03
  -2.0177008e-03   1.4400000e+03
  -2.0519209e-03   1.4550000e+03
  -2.1181211e-03   1.4700000e+03
  -2.1975453e-03   1.4850000e+03
  -2.2618710e-03   1.5000000e+03
  -2.3014829e-03   1.5150000e+03
  -2.3330459e-03   1.5300000e+03
  -2.3806226e-03   1.5450000e+03
  -2.4501649e-03   1.5600000e+03
  -2.5251748e-03   1.5750000e+03
  -2.5887243e-03   1.5900000e+03
  -2.6446045e-03   1.6050000e+03
  -2.7101757e-03   1.6200000e+03
  -2.7913542e-03   1.6350000e+03
  -2.8754673e-03   1.6500000e+03
  -2.9515831e-03   1.6650000e+03
  -3.0269737e-03   1.6800000e+03
  -3.1150964e-03   1.6950000e+03
  -3.2151090e-03   1.7100000e+03
  -3.3150639e-03   1.7250000e+03
  -3.4119452e-03   1.7400000e+03
  -3.5158184e-03   1.7550000e+03
  -3.6334412e-03   1.7700000e+03
  -3.7594223e-03   1.7850000e+03
  -3.8871854e-03   1.8000000e+03
  -4.0192744e-03   1.8150000e+03
  -4.1617630e-03   1.8300000e+03
  -4.3153814e-03   1.8450000e+03
  -4.4777626e-03   1.8600000e+03
  -4.6499167e-03   1.8750000e+03
  -4.8352075e-03   1.8900000e+03
  -5.0346623e-03   1.9050000e+03
  -5.2477713e-03   1.9200000e+03
  -5.4765018e-03   1.9350000e+03
  -5.7250140e-03   1.9500000e+03
  -5.9962631e-03   1.9650000e+03
  -6.2915031e-03   1.9800000e+03
  -6.6121183e-03   1.9950000e+03
  -6.9592963e-03   2.0100000e+03
  -7.3327743e-03   2.0250000e+03
  -7.7330251e-03   2.0400000e+03
  -8.1647970e-03   2.0550000e+03
  -8.6362064e-03   2.0700000e+03
  -9.1534844e-03   2.0850000e+03
  -9.7159659e-03   2.1000000e+03
  -1.0311447e-02   2.1150000e+03
  -1.0907438e-02   2.1300000e+03
  -1.1434162e-02   2.1450000e+03
  -1.1752190e-02   2.1600000e+03
  -1.1589345e-02   2.1750000e+03
  -1.0428095e-02   2.1900000e+03
  -7.3317951e-03   2.2050000e+03
  -7.1452180e-04   2.2200000e+03
   1.1906100e-02   2.2350000e+03
   3.4061190e-02   2.2500000e+03
   7.0165418e-02   2.2650000e+03
   1.2471192e-01   2.2800000e+03
   2.0051467e-01   2.2950000e+03
   2.9592851e-01   2.3100000e+03
   4.0154991e-01   2.3250000e+03
   4.9775341e-01   2.3400000e+03
   5.5520046e-01   2.3550000e+03
   5.4047912e-01   2.3700000e+03
   4.2754275e-01   2.3850000e+03
   2.1243881e-01   2.4000000e+03
  -7.4966818e-02   2.4150000e+03
  -3.7051049e-01   2.4300000e+03
  -5.9214008e-01   2.4450000e+03
  -6.7094201e-01   2.4600000e+03
  -5.8436364e-01   2.4750000e+03
  -3.7332246e-01   2.4900000e+03
  -1.2940711e-01   2.5050000e+03
   4.6328109e-02   2.5200000e+03
   9.3319029e-02   2.5350000e+03
   2.1938087e-02   2.5500000e+03
  -9.4928749e-02   2.5650000e+03
  -1.6590627e-01   2.5800000e+03
  -1.3532431e-01   2.5950000e+03
  -1.5205808e-02   2.6100000e+03
   1.2425777e-01   2.6250000e+03
   1.9992770e-01   2.6400000e+03
   1.6861467e-01   2.6550000e+03
   5.3750731e-02   2.6700000e+03
  -7.2424300e-02   2.6850000e+03
  -1.3952067e-01   2.7000000e+03
  -1.2604119e-01   2.7150000e+03
  -6.7495644e-02   2.7300000e+03
  -2.0781064e-02   2.7450000e+03
  -1.6221130e-02   2.7600000e+03
  -3.7570920e-02   2.7750000e+03
  -4.3237932e-02   2.7900000e+03
  -5.9938342e-03   2.8050000e+03
   6.2664472e-02   2.8200000e+03
   1.1935158e-01   2.8350000e+03
   1.1897729e-01   2.8500000e+03
   4.8788503e-02   2.8650000e+03
  -5.5190384e-02   2.8800000e+03
  -1.2556556e-01   2.8950000e+03
  -1.1050183e-01   2.9100000e+03
  -1.5749875e-02   2.9250000e+03
   9.8594420e-02   2.9400000e+03
   1.6784218e-01   2.9550000e+03
   1.7174028e-01   2.9700000e+03
   1.3667697e-01   2.9850000e+03
   9.7696230e-02   3.0000000e+03
   6.6952638e-02   3.0150000e+03
   3.6961395e-02   3.0300000e+03
   2.2483566e-03   3.0450000e+03
  -3.0407200e-02   3.0600000e+03
  -4.9677841e-02   3.0750000e+03
  -5.1329505e-02   3.0900000e+03
  -4.2089343e-02   3.1050000e+03
  -3.4255862e-02   3.1200000e+03
  -3.5042424e-02   3.1350000e+03
  -3.8775127e-02   3.1500000e+03
  -3.1002410e-02   3.1650000e+03
  -3.3247925e-03   3.1800000e+03
   3.5509035e-02   3.1950000e+03
   6.4309157e-02   3.2100000e+03
   6.5270171e-02   3.2250000e+03
   3.6269452e-02   3.2400000e+03
  -8.8693947e-03   3.2550000e+03
  -5.0057556e-02   3.2700000e+03
  -7.3429205e-02   3.2850000e+03
  -7.8493737e-02   3.3000000e+03
  -7.4442759e-02   3.3150000e+03
  -6.8793893e-02   3.3300000e+03
  -5.9647977e-02   3.3450000e+03
  -3.9353672e-02   3.3600000e+03
  -5.0577195e-03   3.3750000e+03
   3.4904070e-02   3.3900000e+03
   6.4493932e-02   3.4050000e+03
   7.0087433e-02   3.4200000e+03
   4.9683366e-02   3.4350000e+03
   1.4671118e-02   3.4500000e+03
  -1.7578954e-02   3.4650000e+03
  -3.4906868e-02   3.4800000e+03
  -3.6106080e-02   3.4950000e+03
  -2.7147075e-02   3.5100000e+03
  -1.3606390e-02   3.5250000e+03
   2.2160241e-03   3.5400000e+03
   1.8428801e-02   3.5550000e+03
   3.0920668e-02   3.5700000e+03
   3.4674462e-02   3.5850000e+03
   2.6526485e-02   3.6000000e+03
   6.6845352e-03   3.6150000e+03
  -1.9832155e-02   3.6300000e+03
  -4.1925140e-02   3.6450000e+03
  -4.6127021e-02   3.6600000e+03
  -2.6954358e-02   3.6750000e+03
   5.1791822e-03   3.6900000e+03
   2.9587414e-02   3.7050000e+03
   3.1404696e-02   3.7200000e+03
   1.1948471e-02   3.7350000e+03
  -1.6041532e-02   3.7500000e+03
  -3.9569564e-02   3.7650000e+03
  -4.9661759e-02   3.7800000e+03
  -3.8976997e-02   3.7950000e+03
  -3.0547422e-03   3.8100000e+03
   5.2272089e-02   3.8250000e+03
   1.0727480e-01   3.8400000e+03
   1.3670594e-01   3.8550000e+03
   1.2496445e-01   3.8700000e+03
   7.5636633e-02   3.8850000e+03
   8.8404650e-03   3.9000000e+03
  -5.0367273e-02   3.9150000e+03
  -8.4485516e-02   3.9300000e+03
  -8.9797102e-02   3.9450000e+03
  -7.3748261e-02   3.9600000e+03
  -4.7397889e-02   3.9750000e+03
  -1.9976815e-02   3.9900000e+03
   1.9540228e-03   4.0050000e+03
   1.4697557e-02   4.0200000e+03
   1.9516408e-02   4.0350000e+03
   2.2589020e-02   4.0500000e+03
   2.9471993e-02   4.0650000e+03
   3.9329313e-02   4.0800000e+03
   4.6120960e-02   4.0950000e+03
   4.4239301e-02   4.1100000e+03
   3.0361768e-02   4.1250000e+03
   1.7018174e-03   4.1400000e+03
  -4.1323740e-02   4.1550000e+03
  -8.7921172e-02   4.1700000e+03
  -1.1657790e-01   4.1850000e+03
  -1.0742395e-01   4.2000000e+03
  -5.7252645e-02   4.2150000e+03
   1.6247906e-02   4.2300000e+03
   8.2909197e-02   4.2450000e+03
   1.1427329e-01   4.2600000e+03
   9.7395189e-02   4.2750000e+03
   4.2865343e-02   4.2900000e+03
  -1.9102536e-02   4.3050000e+03
  -5.4852612e-02   4.3200000e+03
  -4.6265163e-02   4.3350000e+03
  -1.1032727e-03   4.3500000e+03
   5.0347250e-02   4.3650000e+03
   7.1636915e-02   4.3800000e+03
   4.3523367e-02   4.3950000e+03
  -2.0016160e-02   4.4100000e+03
  -7.8831717e-02   4.4250000e+03
  -9.5442958e-02   4.4400000e+03
  -6.2584892e-02   4.4550000e+03
  -5.9602181e-03   4.4700000e+03
   3.8085345e-02   4.4850000e+03
   4.8991848e-02   4.5000000e+03
