  -2.6929475e-04   0.0000000e+00
  -2.6931375e-04   1.5000000e+01
  -2.6927333e-04   3.0000000e+01
  -2.6924405e-04   4.5000000e+01
  -2.6955822e-04   6.0000000e+01
  -2.7049604e-04   7.5000000e+01
  -2.7225816e-04   9.0000000e+01
  -2.7503588e-04   1.0500000e+02
  -2.7875771e-04   1.2000000e+02
  -2.8301618e-04   1.3500000e+02
  -2.8754384e-04   1.5000000e+02
  -2.9255616e-04   1.6500000e+02
  -2.9842075e-04   1.8000000e+02
  -3.0525817e-04   1.9500000e+02
  -3.1289086e-04   2.1000000e+02
  -3.2081216e-04   2.2500000e+02
  -3.2835579e-04   2.4000000e+02
  -3.3512461e-04   2.5500000e+02
  -3.4117862e-04   2.7000000e+02
  -3.4705922e-04   2.8500000e+02
  -3.5377801e-04   3.0000000e+02
  -3.6228765e-04   3.1500000e+02
  -3.7272426e-04   3.3000000e+02
  -3.8436757e-04   3.4500000e+02
  -3.9638689e-04   3.6000000e+02
  -4.0851656e-04   3.7500000e+02
  -4.2101287e-04   3.9000000e+02
  -4.3403593e-04   4.0500000e+02
  -4.4709232e-04   4.2000000e+02
  -4.5938295e-04   4.3500000e+02
  -4.7100283e-04   4.5000000e+02
  -4.8386047e-04   4.6500000e+02
  -5.0184235e-04   4.8000000e+02
  -5.3094910e-04   4.9500000e+02
  -5.7920773e-04   5.1000000e+02
  -6.5470557e-04   5.2500000e+02
  -7.6029240e-04   5.4000000e+02
  -8.8610267e-04   5.5500000e+02
  -1.0060024e-03   5.7000000e+02
  -1.0860011e-03   5.8500000e+02
  -1.1051481e-03   6.0000000e+02
  -1.0756713e-03   6.1500000e+02
  -1.0412394e-03   6.3000000e+02
  -1.0446368e-03   6.4500000e+02
  -1.0881299e-03   6.6000000e+02
  -1.1272964e-03   6.7500000e+02
  -1.1100841e-03   6.9000000e+02
  -1.0222399e-03   7.0500000e+02
  -8.9119829e-04   7.2000000e+02
  -7.5086334e-04   7.3500000e+02
  -6.1793759e-04   7.5000000e+02
  -5.0867687e-04   7.6500000e+02
  -4.5918979e-04   7.8000000e+02
  -5.0156499e-04   7.9500000e+02
  -6.1827683e-04   8.1000000e+02
  -7.4459804e-04   8.2500000e+02
  -8.2816323e-04   8.4000000e+02
  -8.6890679e-04   8.5500000e+02
  -8.9011417e-04   8.7000000e+02
  -8.9794461e-04   8.8500000e+02
  -8.9779712e-04   9.0000000e+02
  -9.2636084e-04   9.1500000e+02
  -1.0196797e-03   9.3000000e+02
  -1.1529559e-03   9.4500000e+02
  -1.2577114e-03   9.6000000e+02
  -1.3045231e-03   9.7500000e+02
  -1.3296448e-03   9.9000000e+02
  -1.3769611e-03   1.0050000e+03
  -1.4546652e-03   1.0200000e+03
  -1.5507380e-03   1.0350000e+03
  -1.6480356e-03   1.0500000e+03
  -1.7225392e-03   1.0650000e+03
  -1.7672421e-03   1.0800000e+03
  -1.8156383e-03   1.0950000e+03
  -1.9043977e-03   1.1100000e+03
  -2.0203399e-03   1.1250000e+03
  -2.1195719e-03   1.1400000e+03
  -2.1890025e-03   1.1550000e+03
  -2.2549017e-03   1.1700000e+03
  -2.3362415e-03   1.1850000e+03
  -2.4196885e-03   1.2000000e+03
  -2.4864618e-03   1.2150000e+03
  -2.5467735e-03   1.2300000e+03
  -2.6344596e-03   1.2450000e+03
  -2.7693734e-03   1.2600000e+03
  -2.9360075e-03   1.2750000e+03
  -3.1002024e-03   1.2900000e+03
  -3.2319906e-03   1.3050000e+03
  -3.3085863e-03   1.3200000e+03
  -3.3183647e-03   1.3350000e+03
  -3.2786434e-03   1.3500000e+03
  -3.2317874e-03   1.3650000e+03
  -3.1982725e-03   1.3800000e+03
  -3.1350076e-03   1.3950000e+03
  -2.9583331e-03   1.4100000e+03
  -2.6138769e-03   1.4250000e+03
  -2.1125895e-03   1.4400000e+03
  -1.4873155e-03   1.4550000e+03
  -7.1398128e-04   1.4700000e+03
   3.2070754e-04   1.4850000e+03
   1.7783751e-03   1.5000000e+03
   3.8105408e-03   1.5150000e+03
   6.5563056e-03   1.5300000e+03
   1.0210536e-02   1.5450000e+03
   1.5109268e-02   1.5600000e+03
   2.1772480e-02   1.5750000e+03
   3.0905681e-02   1.5900000e+03
   4.3427255e-02   1.6050000e+03
   6.0575027e-02   1.6200000e+03
   8.4049731e-02   1.6350000e+03
   1.1608206e-01   1.6500000e+03
   1.5934181e-01   1.6650000e+03
   2.1665771e-01   1.6800000e+03
   2.9045764e-01   1.6950000e+03
   3.8173631e-01   1.7100000e+03
   4.8842776e-01   1.7250000e+03
   6.0339057e-01   1.7400000e+03
   7.1267360e-01   1.7550000e+03
   7.9514313e-01   1.7700000e+03
   8.2477528e-01   1.7850000e+03
   7.7660424e-01   1.8000000e+03
   6.3600338e-01   1.8150000e+03
   4.0863582e-01   1.8300000e+03
   1.2613279e-01   1.8450000e+03
  -1.5773618e-01   1.8600000e+03
  -3.8240638e-01   1.8750000e+03
  -5.0311035e-01   1.8900000e+03
  -5.1041883e-01   1.9050000e+03
  -4.3536493e-01   1.9200000e+03
  -3.3534166e-01   1.9350000e+03
  -2.6730382e-01   1.9500000e+03
  -2.6317647e-01   1.9650000e+03
  -3.2086098e-01   1.9800000e+03
  -4.1331449e-01   1.9950000e+03
  -5.0636083e-01   2.0100000e+03
  -5.7252854e-01   2.0250000e+03
  -5.9498364e-01   2.0400000e+03
  -5.6527936e-01   2.0550000e+03
  -4.8232204e-01   2.0700000e+03
  -3.5543203e-01   2.0850000e+03
  -2.0723145e-01   2.1000000e+03
  -6.9715738e-02   2.1150000e+03
   2.8068542e-02   2.1300000e+03
   7.3983721e-02   2.1450000e+03
   7.7883527e-02   2.1600000e+03
   6.3031398e-02   2.1750000e+03
   5.0373178e-02   2.1900000e+03
   4.8180394e-02   2.2050000e+03
   5.3578466e-02   2.2200000e+03
   6.0880177e-02   2.2350000e+03
   6.7258768e-02   2.2500000e+03
   7.2443575e-02   2.2650000e+03
   7.6297961e-02   2.2800000e+03
   7.8100756e-02   2.2950000e+03
   7.7329382e-02   2.3100000e+03
   7.4464776e-02   2.3250000e+03
   7.1373560e-02   2.3400000e+03
   7.0621118e-02   2.3550000e+03
   7.3115818e-02   2.3700000e+03
   7.6076478e-02   2.3850000e+03
   7.4539907e-02   2.4000000e+03
   6.5687180e-02   2.4150000e+03
   5.1185191e-02   2.4300000e+03
   3.5143029e-02   2.4450000e+03
   2.0744918e-02   2.4600000e+03
   9.1272136e-03   2.4750000e+03
   1.7271373e-04   2.4900000e+03
  -6.7055454e-03   2.5050000e+03
  -1.2085341e-02   2.5200000e+03
  -1.6038984e-02   2.5350000e+03
  -1.8098524e-02   2.5500000e+03
  -1.7728437e-02   2.5650000e+03
  -1.4505191e-02   2.5800000e+03
  -8.0016246e-03   2.5950000e+03
   1.8757663e-03   2.6100000e+03
   1.4399680e-02   2.6250000e+03
   2.8286396e-02   2.6400000e+03
   4.2278346e-02   2.6550000e+03
   5.5024866e-02   2.6700000e+03
   6.4751267e-02   2.6850000e+03
   6.9907166e-02   2.7000000e+03
   7.0444576e-02   2.7150000e+03
   6.8296529e-02   2.7300000e+03
   6.6571876e-02   2.7450000e+03
   6.8076007e-02   2.7600000e+03
   7.3837198e-02   2.7750000e+03
   8.2300514e-02   2.7900000e+03
   8.9847974e-02   2.8050000e+03
   9.2510223e-02   2.8200000e+03
   8.7796934e-02   2.8350000e+03
   7.5677268e-02   2.8500000e+03
   5.8474649e-02   2.8650000e+03
   3.9865620e-02   2.8800000e+03
   2.3433095e-02   2.8950000e+03
   1.1522643e-02   2.9100000e+03
   4.9626734e-03   2.9250000e+03
   3.4907875e-03   2.9400000e+03
   6.2954114e-03   2.9550000e+03
   1.2304510e-02   2.9700000e+03
   2.0241756e-02   2.9850000e+03
   2.8613251e-02   3.0000000e+03
   3.5749264e-02   3.0150000e+03
   3.9939441e-02   3.0300000e+03
   3.9620157e-02   3.0450000e+03
   3.3574142e-02   3.0600000e+03
   2.1182243e-02   3.0750000e+03
   2.7796673e-03   3.0900000e+03
  -1.9981721e-02   3.1050000e+03
  -4.4048786e-02   3.1200000e+03
  -6.5423168e-02   3.1350000e+03
  -8.0138542e-02   3.1500000e+03
  -8.5422993e-02   3.1650000e+03
  -8.0599472e-02   3.1800000e+03
  -6.7381747e-02   3.1950000e+03
  -4.9438562e-02   3.2100000e+03
  -3.1362537e-02   3.2250000e+03
  -1.7400065e-02   3.2400000e+03
  -1.0350433e-02   3.2550000e+03
  -1.0930462e-02   3.2700000e+03
  -1.7729428e-02   3.2850000e+03
  -2.7706441e-02   3.3000000e+03
  -3.7042268e-02   3.3150000e+03
  -4.2109024e-02   3.3300000e+03
  -4.0352307e-02   3.3450000e+03
  -3.0909738e-02   3.3600000e+03
  -1.4812061e-02   3.3750000e+03
   5.3034052e-03   3.3900000e+03
   2.5895648e-02   3.4050000e+03
   4.3441236e-02   3.4200000e+03
   5.5303380e-02   3.4350000e+03
   6.0268961e-02   3.4500000e+03
   5.8564857e-02   3.4650000e+03
   5.1374085e-02   3.4800000e+03
   4.0119577e-02   3.4950000e+03
   2.5914643e-02   3.5100000e+03
   9.4751483e-03   3.5250000e+03
  -8.5321339e-03   3.5400000e+03
  -2.7067399e-02   3.5550000e+03
  -4.4656273e-02   3.5700000e+03
  -5.9817646e-02   3.5850000e+03
  -7.1658149e-02   3.6000000e+03
  -8.0129638e-02   3.6150000e+03
  -8.5734479e-02   3.6300000e+03
  -8.8968799e-02   3.6450000e+03
  -9.0021752e-02   3.6600000e+03
  -8.8960849e-02   3.6750000e+03
  -8.6121067e-02   3.6900000e+03
  -8.2221337e-02   3.7050000e+03
  -7.8058012e-02   3.7200000e+03
  -7.4096307e-02   3.7350000e+03
  -7.0370167e-02   3.7500000e+03
  -6.6735856e-02   3.7650000e+03
  -6.3145503e-02   3.7800000e+03
  -5.9630025e-02   3.7950000e+03
  -5.6036979e-02   3.8100000e+03
  -5.1841751e-02   3.8250000e+03
  -4.6279754e-02   3.8400000e+03
  -3.8757060e-02   3.8550000e+03
  -2.9273670e-02   3.8700000e+03
  -1.8582882e-02   3.8850000e+03
  -7.9746107e-03   3.9000000e+03
   1.1956051e-03   3.9150000e+03
   7.9351934e-03   3.9300000e+03
   1.1731051e-02   3.9450000e+03
   1.2349920e-02   3.9600000e+03
   9.6210102e-03   3.9750000e+03
   3.5264308e-03   3.9900000e+03
  -5.3994460e-03   4.0050000e+03
  -1.5732009e-02   4.0200000e+03
  -2.5281584e-02   4.0350000e+03
  -3.1729594e-02   4.0500000e+03
  -3.3423331e-02   4.0650000e+03
  -2.9877795e-02   4.0800000e+03
  -2.1761468e-02   4.0950000e+03
  -1.0460241e-02   4.1100000e+03
   2.4974325e-03   4.1250000e+03
   1.5864437e-02   4.1400000e+03
   2.8787268e-02   4.1550000e+03
   4.0640756e-02   4.1700000e+03
   5.0778899e-02   4.1850000e+03
   5.8414210e-02   4.2000000e+03
   6.2709160e-02   4.2150000e+03
   6.3010499e-02   4.2300000e+03
   5.9102032e-02   4.2450000e+03
   5.1382188e-02   4.2600000e+03
   4.0901281e-02   4.2750000e+03
   2.9202458e-02   4.2900000e+03
   1.7966606e-02   4.3050000e+03
   8.5769799e-03   4.3200000e+03
   1.7942510e-03   4.3350000e+03
  -2.3232335e-03   4.3500000e+03
  -4.2650648e-03   4.3650000e+03
  -4.8044352e-03   4.3800000e+03
  -4.7574970e-03   4.3950000e+03
  -4.8323059e-03   4.4100000e+03
  -5.5525778e-03   4.4250000e+03
  -7.1994951e-03   4.4400000e+03
  -9.7375317e-03   4.4550000e+03
  -1.2758644e-02   4.4700000e+03
  -1.5524947e-02   4.4850000e+03
  -1.7155936e-02   4.5000000e+03
