  -1.5989629e-03   0.0000000e+00
  -1.5989655e-03   1.5000000e+01
  -1.5990080e-03   3.0000000e+01
  -1.5991146e-03   4.5000000e+01
  -1.5991967e-03   6.0000000e+01
  -1.5990987e-03   7.5000000e+01
  -1.5987925e-03   9.0000000e+01
  -1.5984745e-03   1.0500000e+02
  -1.5984512e-03   1.2000000e+02
  -1.5988695e-03   1.3500000e+02
  -1.5994434e-03   1.5000000e+02
  -1.5993929e-03   1.6500000e+02
  -1.5972928e-03   1.8000000e+02
  -1.5893045e-03   1.9500000e+02
  -1.5641357e-03   2.1000000e+02
  -1.4974484e-03   2.2500000e+02
  -1.3569841e-03   2.4000000e+02
  -1.1312985e-03   2.5500000e+02
  -8.7062799e-04   2.7000000e+02
  -6.8835606e-04   2.8500000e+02
  -6.7965285e-04   3.0000000e+02
  -8.1218447e-04   3.1500000e+02
  -9.2983991e-04   3.3000000e+02
  -9.1292686e-04   3.4500000e+02
  -8.1559300e-04   3.6000000e+02
  -7.8302919e-04   3.7500000e+02
  -8.4810820e-04   3.9000000e+02
  -9.0124359e-04   4.0500000e+02
  -8.7106909e-04   4.2000000e+02
  -8.2455127e-04   4.3500000e+02
  -8.3954330e-04   4.5000000e+02
  -8.8106911e-04   4.6500000e+02
  -8.8048755e-04   4.8000000e+02
  -8.5459871e-04   4.9500000e+02
  -8.5886178e-04   5.1000000e+02
  -8.8479603e-04   5.2500000e+02
  -8.8814361e-04   5.4000000e+02
  -8.7268354e-04   5.5500000e+02
  -8.7290892e-04   5.7000000e+02
  -8.8738563e-04   5.8500000e+02
  -8.8961131e-04   6.0000000e+02
  -8.8078738e-04   6.1500000e+02
  -8.8222331e-04   6.3000000e+02
  -8.9317502e-04   6.4500000e+02
  -8.9743291e-04   6.6000000e+02
  -8.9640223e-04   6.7500000e+02
  -9.0155448e-04   6.9000000e+02
  -9.0942130e-04   7.0500000e+02
  -9.1080682e-04   7.2000000e+02
  -9.0937474e-04   7.3500000e+02
  -9.1235817e-04   7.5000000e+02
  -9.1795565e-04   7.6500000e+02
  -9.2443870e-04   7.8000000e+02
  -9.3806285e-04   7.9500000e+02
  -9.6312154e-04   8.1000000e+02
  -9.9431560e-04   8.2500000e+02
  -1.0235899e-03   8.4000000e+02
  -1.0464238e-03   8.5500000e+02
  -1.0608695e-03   8.7000000e+02
  -1.0693885e-03   8.8500000e+02
  -1.0814511e-03   9.0000000e+02
  -1.1056153e-03   9.1500000e+02
  -1.1382386e-03   9.3000000e+02
  -1.1663965e-03   9.4500000e+02
  -1.1830247e-03   9.6000000e+02
  -1.1946795e-03   9.7500000e+02
  -1.2128982e-03   9.9000000e+02
  -1.2407878e-03   1.0050000e+03
  -1.2701440e-03   1.0200000e+03
  -1.2915349e-03   1.0350000e+03
  -1.3054155e-03   1.0500000e+03
  -1.3206142e-03   1.0650000e+03
  -1.3421025e-03   1.0800000e+03
  -1.3651554e-03   1.0950000e+03
  -1.3840372e-03   1.1100000e+03
  -1.4013081e-03   1.1250000e+03
  -1.4237406e-03   1.1400000e+03
  -1.4528912e-03   1.1550000e+03
  -1.4858688e-03   1.1700000e+03
  -1.5231551e-03   1.1850000e+03
  -1.5687714e-03   1.2000000e+03
  -1.6227532e-03   1.2150000e+03
  -1.6794500e-03   1.2300000e+03
  -1.7341843e-03   1.2450000e+03
  -1.7866569e-03   1.2600000e+03
  -1.8372716e-03   1.2750000e+03
  -1.8852927e-03   1.2900000e+03
  -1.9318457e-03   1.3050000e+03
  -1.9800465e-03   1.3200000e+03
  -2.0306155e-03   1.3350000e+03
  -2.0812976e-03   1.3500000e+03
  -2.1316959e-03   1.3650000e+03
  -2.1848502e-03   1.3800000e+03
  -2.2431095e-03   1.3950000e+03
  -2.3057226e-03   1.4100000e+03
  -2.3711061e-03   1.4250000e+03
  -2.4388104e-03   1.4400000e+03
  -2.5087819e-03   1.4550000e+03
  -2.5802322e-03   1.4700000e+03
  -2.6516900e-03   1.4850000e+03
  -2.7224745e-03   1.5000000e+03
  -2.7947119e-03   1.5150000e+03
  -2.8724314e-03   1.5300000e+03
  -2.9570702e-03   1.5450000e+03
  -3.0455480e-03   1.5600000e+03
  -3.1350029e-03   1.5750000e+03
  -3.2280211e-03   1.5900000e+03
  -3.3303439e-03   1.6050000e+03
  -3.4437801e-03   1.6200000e+03
  -3.5640001e-03   1.6350000e+03
  -3.6855061e-03   1.6500000e+03
  -3.8062441e-03   1.6650000e+03
  -3.9268979e-03   1.6800000e+03
  -4.0487330e-03   1.6950000e+03
  -4.1740667e-03   1.7100000e+03
  -4.3076645e-03   1.7250000e+03
  -4.4555245e-03   1.7400000e+03
  -4.6203388e-03   1.7550000e+03
  -4.7973921e-03   1.7700000e+03
  -4.9769171e-03   1.7850000e+03
  -5.1527023e-03   1.8000000e+03
  -5.3273649e-03   1.8150000e+03
  -5.5076052e-03   1.8300000e+03
  -5.6957933e-03   1.8450000e+03
  -5.8880178e-03   1.8600000e+03
  -6.0789343e-03   1.8750000e+03
  -6.2656747e-03   1.8900000e+03
  -6.4467140e-03   1.9050000e+03
  -6.6180299e-03   1.9200000e+03
  -6.7692702e-03   1.9350000e+03
  -6.8812929e-03   1.9500000e+03
  -6.9268169e-03   1.9650000e+03
  -6.8721967e-03   1.9800000e+03
  -6.6725388e-03   1.9950000e+03
  -6.2551294e-03   2.0100000e+03
  -5.4943496e-03   2.0250000e+03
  -4.1795969e-03   2.0400000e+03
  -1.9676273e-03   2.0550000e+03
   1.6916567e-03   2.0700000e+03
   7.6568248e-03   2.0850000e+03
   1.7210357e-02   2.1000000e+03
   3.2156903e-02   2.1150000e+03
   5.4841775e-02   2.1300000e+03
   8.7977469e-02   2.1450000e+03
   1.3412093e-01   2.1600000e+03
   1.9465540e-01   2.1750000e+03
   2.6825958e-01   2.1900000e+03
   3.4913030e-01   2.2050000e+03
   4.2563558e-01   2.2200000e+03
   4.8045737e-01   2.2350000e+03
   4.9333450e-01   2.2500000e+03
   4.4688049e-01   2.2650000e+03
   3.3449304e-01   2.2800000e+03
   1.6747580e-01   2.2950000e+03
  -2.2806887e-02   2.3100000e+03
  -1.9128510e-01   2.3250000e+03
  -2.9423550e-01   2.3400000e+03
  -3.0801395e-01   2.3550000e+03
  -2.4226387e-01   2.3700000e+03
  -1.3877942e-01   2.3850000e+03
  -5.3706333e-02   2.4000000e+03
  -3.0666938e-02   2.4150000e+03
  -7.9342790e-02   2.4300000e+03
  -1.7221124e-01   2.4450000e+03
  -2.6135847e-01   2.4600000e+03
  -3.0459261e-01   2.4750000e+03
  -2.8489834e-01   2.4900000e+03
  -2.1352537e-01   2.5050000e+03
  -1.1912107e-01   2.5200000e+03
  -3.3004384e-02   2.5350000e+03
   2.1328904e-02   2.5500000e+03
   3.3458892e-02   2.5650000e+03
   8.4351413e-03   2.5800000e+03
  -3.4170158e-02   2.5950000e+03
  -6.7814022e-02   2.6100000e+03
  -7.2561212e-02   2.6250000e+03
  -4.6496034e-02   2.6400000e+03
  -5.2888179e-03   2.6550000e+03
   3.0727109e-02   2.6700000e+03
   5.1212866e-02   2.6850000e+03
   5.9902232e-02   2.7000000e+03
   6.6046961e-02   2.7150000e+03
   7.2655909e-02   2.7300000e+03
   7.2663151e-02   2.7450000e+03
   5.5952646e-02   2.7600000e+03
   2.0628024e-02   2.7750000e+03
  -2.1437999e-02   2.7900000e+03
  -5.0414879e-02   2.8050000e+03
  -5.2368563e-02   2.8200000e+03
  -3.0240858e-02   2.8350000e+03
  -1.8596003e-03   2.8500000e+03
   1.4264142e-02   2.8650000e+03
   1.2947800e-02   2.8800000e+03
   3.9178953e-03   2.8950000e+03
   1.1956649e-03   2.9100000e+03
   1.1399849e-02   2.9250000e+03
   3.0154098e-02   2.9400000e+03
   4.6262026e-02   2.9550000e+03
   4.8529677e-02   2.9700000e+03
   3.2142293e-02   2.9850000e+03
   2.8494047e-03   3.0000000e+03
  -2.4338758e-02   3.0150000e+03
  -3.3635993e-02   3.0300000e+03
  -1.9341439e-02   3.0450000e+03
   9.5070051e-03   3.0600000e+03
   3.4784168e-02   3.0750000e+03
   4.1280527e-02   3.0900000e+03
   2.6920121e-02   3.1050000e+03
   4.2366590e-03   3.1200000e+03
  -8.8949176e-03   3.1350000e+03
  -3.4546272e-03   3.1500000e+03
   1.3490307e-02   3.1650000e+03
   2.6320111e-02   3.1800000e+03
   2.6693266e-02   3.1950000e+03
   2.1267779e-02   3.2100000e+03
   2.2608241e-02   3.2250000e+03
   3.2981448e-02   3.2400000e+03
   3.8966108e-02   3.2550000e+03
   2.3278764e-02   3.2700000e+03
  -1.8026829e-02   3.2850000e+03
  -7.0132136e-02   3.3000000e+03
  -1.1071427e-01   3.3150000e+03
  -1.2660986e-01   3.3300000e+03
  -1.2060368e-01   3.3450000e+03
  -1.0400170e-01   3.3600000e+03
  -8.4337771e-02   3.3750000e+03
  -6.0242794e-02   3.3900000e+03
  -2.6138656e-02   3.4050000e+03
   2.0288235e-02   3.4200000e+03
   7.4807741e-02   3.4350000e+03
   1.2763192e-01   3.4500000e+03
   1.6543350e-01   3.4650000e+03
   1.7456336e-01   3.4800000e+03
   1.4786883e-01   3.4950000e+03
   9.2455499e-02   3.5100000e+03
   2.9766273e-02   3.5250000e+03
  -1.6538750e-02   3.5400000e+03
  -3.6518443e-02   3.5550000e+03
  -3.8671885e-02   3.5700000e+03
  -3.8227487e-02   3.5850000e+03
  -4.0731091e-02   3.6000000e+03
  -3.7696030e-02   3.6150000e+03
  -1.8238613e-02   3.6300000e+03
   1.5946381e-02   3.6450000e+03
   4.7817670e-02   3.6600000e+03
   5.7519287e-02   3.6750000e+03
   3.8991787e-02   3.6900000e+03
   6.2120804e-03   3.7050000e+03
  -1.6418274e-02   3.7200000e+03
  -1.2297579e-02   3.7350000e+03
   1.4619258e-02   3.7500000e+03
   4.2710312e-02   3.7650000e+03
   4.9196783e-02   3.7800000e+03
   2.6977066e-02   3.7950000e+03
  -1.1868857e-02   3.8100000e+03
  -4.7758017e-02   3.8250000e+03
  -6.8888895e-02   3.8400000e+03
  -7.6374829e-02   3.8550000e+03
  -7.6502226e-02   3.8700000e+03
  -7.0296533e-02   3.8850000e+03
  -5.2319556e-02   3.9000000e+03
  -1.9741319e-02   3.9150000e+03
   1.9214708e-02   3.9300000e+03
   4.8408769e-02   3.9450000e+03
   5.6785516e-02   3.9600000e+03
   4.7496017e-02   3.9750000e+03
   3.2433741e-02   3.9900000e+03
   1.8030610e-02   4.0050000e+03
  -4.8982329e-04   4.0200000e+03
  -2.8455194e-02   4.0350000e+03
  -5.7691470e-02   4.0500000e+03
  -6.8722531e-02   4.0650000e+03
  -5.0182946e-02   4.0800000e+03
  -1.3775731e-02   4.0950000e+03
   1.4181021e-02   4.1100000e+03
   1.6839823e-02   4.1250000e+03
   5.5418495e-04   4.1400000e+03
  -1.4999765e-02   4.1550000e+03
  -1.6636839e-02   4.1700000e+03
  -5.7883910e-03   4.1850000e+03
   9.1520408e-03   4.2000000e+03
   2.2605147e-02   4.2150000e+03
   3.2813746e-02   4.2300000e+03
   3.7664905e-02   4.2450000e+03
   3.4099624e-02   4.2600000e+03
   2.2021210e-02   4.2750000e+03
   6.5223519e-03   4.2900000e+03
  -5.0825481e-03   4.3050000e+03
  -8.3542569e-03   4.3200000e+03
  -4.1914009e-03   4.3350000e+03
   2.6701391e-03   4.3500000e+03
   7.0299697e-03   4.3650000e+03
   5.7920543e-03   4.3800000e+03
  -1.3883661e-03   4.3950000e+03
  -1.2626552e-02   4.4100000e+03
  -2.4359187e-02   4.4250000e+03
  -3.2142110e-02   4.4400000e+03
  -3.2621097e-02   4.4550000e+03
  -2.5825081e-02   4.4700000e+03
  -1.5214070e-02   4.4850000e+03
  -4.8426455e-03   4.5000000e+03
