   1.6578082e-03   0.0000000e+00
   1.6576683e-03   1.5000000e+01
   1.6572431e-03   3.0000000e+01
   1.6567027e-03   4.5000000e+01
   1.6564513e-03   6.0000000e+01
   1.6566792e-03   7.5000000e+01
   1.6569486e-03   9.0000000e+01
   1.6564976e-03   1.0500000e+02
   1.6549483e-03   1.2000000e+02
   1.6525752e-03   1.3500000e+02
   1.6500291e-03   1.5000000e+02
   1.6477967e-03   1.6500000e+02
   1.6458124e-03   1.8000000e+02
   1.6433948e-03   1.9500000e+02
   1.6392039e-03   2.1000000e+02
   1.6314270e-03   2.2500000e+02
   1.6194175e-03   2.4000000e+02
   1.6071217e-03   2.5500000e+02
   1.6052532e-03   2.7000000e+02
   1.6269322e-03   2.8500000e+02
   1.6759244e-03   3.0000000e+02
   1.7377600e-03   3.1500000e+02
   1.7885441e-03   3.3000000e+02
   1.8183880e-03   3.4500000e+02
   1.8419512e-03   3.6000000e+02
   1.8783524e-03   3.7500000e+02
   1.9247127e-03   3.9000000e+02
   1.9608643e-03   4.0500000e+02
   1.9788984e-03   4.2000000e+02
   1.9929467e-03   4.3500000e+02
   2.0157038e-03   4.5000000e+02
   2.0418214e-03   4.6500000e+02
   2.0633822e-03   4.8000000e+02
   2.0856156e-03   4.9500000e+02
   2.1158261e-03   5.1000000e+02
   2.1503493e-03   5.2500000e+02
   2.1827912e-03   5.4000000e+02
   2.2141531e-03   5.5500000e+02
   2.2466211e-03   5.7000000e+02
   2.2760928e-03   5.8500000e+02
   2.2984780e-03   6.0000000e+02
   2.3173047e-03   6.1500000e+02
   2.3374984e-03   6.3000000e+02
   2.3563146e-03   6.4500000e+02
   2.3669545e-03   6.6000000e+02
   2.3657079e-03   6.7500000e+02
   2.3490454e-03   6.9000000e+02
   2.3078714e-03   7.0500000e+02
   2.2287618e-03   7.2000000e+02
   2.0984723e-03   7.3500000e+02
   1.9088768e-03   7.5000000e+02
   1.6683805e-03   7.6500000e+02
   1.4190540e-03   7.8000000e+02
   1.2389809e-03   7.9500000e+02
   1.2082269e-03   8.1000000e+02
   1.3486012e-03   8.2500000e+02
   1.5817248e-03   8.4000000e+02
   1.7538061e-03   8.5500000e+02
   1.7356343e-03   8.7000000e+02
   1.5312257e-03   8.8500000e+02
   1.2850328e-03   9.0000000e+02
   1.1507825e-03   9.1500000e+02
   1.1377529e-03   9.3000000e+02
   1.1052310e-03   9.4500000e+02
   9.2548825e-04   9.6000000e+02
   6.2959187e-04   9.7500000e+02
   3.5552602e-04   9.9000000e+02
   1.6384611e-04   1.0050000e+03
  -3.4162895e-05   1.0200000e+03
  -3.4137137e-04   1.0350000e+03
  -7.3146675e-04   1.0500000e+03
  -1.1042628e-03   1.0650000e+03
  -1.4435418e-03   1.0800000e+03
  -1.8299065e-03   1.0950000e+03
  -2.3028317e-03   1.1100000e+03
  -2.8088116e-03   1.1250000e+03
  -3.3156518e-03   1.1400000e+03
  -3.8862939e-03   1.1550000e+03
  -4.5803129e-03   1.1700000e+03
  -5.3494694e-03   1.1850000e+03
  -6.0875523e-03   1.2000000e+03
  -6.6977390e-03   1.2150000e+03
  -6.9683371e-03   1.2300000e+03
  -6.2774434e-03   1.2450000e+03
  -3.1941505e-03   1.2600000e+03
   5.2309395e-03   1.2750000e+03
   2.4799662e-02   1.2900000e+03
   6.6007286e-02   1.3050000e+03
   1.4537090e-01   1.3200000e+03
   2.8389093e-01   1.3350000e+03
   4.9883860e-01   1.3500000e+03
   7.8539795e-01   1.3650000e+03
   1.0903330e+00   1.3800000e+03
   1.2924646e+00   1.3950000e+03
   1.2182361e+00   1.4100000e+03
   7.1822959e-01   1.4250000e+03
  -2.0607746e-01   1.4400000e+03
  -1.3009946e+00   1.4550000e+03
  -2.1014400e+00   1.4700000e+03
  -2.1716473e+00   1.4850000e+03
  -1.4315937e+00   1.5000000e+03
  -2.9911128e-01   1.5150000e+03
   5.5653709e-01   1.5300000e+03
   7.2042620e-01   1.5450000e+03
   3.5203624e-01   1.5600000e+03
  -2.1651961e-02   1.5750000e+03
  -5.1463440e-02   1.5900000e+03
   1.3311541e-01   1.6050000e+03
   1.8198715e-01   1.6200000e+03
  -1.2527998e-02   1.6350000e+03
  -2.2630683e-01   1.6500000e+03
  -2.3900887e-01   1.6650000e+03
  -9.2379801e-02   1.6800000e+03
   4.6880476e-02   1.6950000e+03
   1.3595949e-01   1.7100000e+03
   2.2711527e-01   1.7250000e+03
   2.7016312e-01   1.7400000e+03
   1.3052379e-01   1.7550000e+03
  -1.7178215e-01   1.7700000e+03
  -3.9807311e-01   1.7850000e+03
  -3.5269290e-01   1.8000000e+03
  -1.0425992e-01   1.8150000e+03
   1.4597458e-01   1.8300000e+03
   3.0436379e-01   1.8450000e+03
   3.6353859e-01   1.8600000e+03
   2.6893598e-01   1.8750000e+03
   1.3465265e-02   1.8900000e+03
  -2.2579788e-01   1.9050000e+03
  -2.7343854e-01   1.9200000e+03
  -1.9692034e-01   1.9350000e+03
  -1.4809717e-01   1.9500000e+03
  -9.5118068e-02   1.9650000e+03
   5.4022826e-02   1.9800000e+03
   2.1848869e-01   1.9950000e+03
   2.6377937e-01   2.0100000e+03
   1.9589591e-01   2.0250000e+03
   8.0602482e-02   2.0400000e+03
  -4.7045123e-02   2.0550000e+03
  -1.1721556e-01   2.0700000e+03
  -7.0892438e-02   2.0850000e+03
   2.2226378e-02   2.1000000e+03
   6.1876658e-02   2.1150000e+03
   5.8981966e-02   2.1300000e+03
   5.2370615e-02   2.1450000e+03
   1.8816559e-02   2.1600000e+03
  -4.6043657e-02   2.1750000e+03
  -9.2801027e-02   2.1900000e+03
  -9.5428929e-02   2.2050000e+03
  -6.4308032e-02   2.2200000e+03
  -1.3614094e-02   2.2350000e+03
   2.5379980e-02   2.2500000e+03
   2.2193374e-02   2.2650000e+03
  -4.2055594e-03   2.2800000e+03
  -1.6815864e-02   2.2950000e+03
  -1.7000239e-02   2.3100000e+03
  -2.0530878e-02   2.3250000e+03
  -2.1971604e-02   2.3400000e+03
  -1.3841114e-02   2.3550000e+03
  -5.1501766e-04   2.3700000e+03
   1.3466682e-02   2.3850000e+03
   1.9760288e-02   2.4000000e+03
   4.8648072e-03   2.4150000e+03
  -2.6415436e-02   2.4300000e+03
  -4.6352971e-02   2.4450000e+03
  -3.6526117e-02   2.4600000e+03
  -6.7677270e-03   2.4750000e+03
   2.3371559e-02   2.4900000e+03
   4.5116190e-02   2.5050000e+03
   5.8170505e-02   2.5200000e+03
   6.1983828e-02   2.5350000e+03
   5.6835413e-02   2.5500000e+03
   4.7344014e-02   2.5650000e+03
   3.8981464e-02   2.5800000e+03
   3.2828689e-02   2.5950000e+03
   2.6562965e-02   2.6100000e+03
   2.0057391e-02   2.6250000e+03
   1.8197723e-02   2.6400000e+03
   2.5648922e-02   2.6550000e+03
   3.7912633e-02   2.6700000e+03
   4.2484045e-02   2.6850000e+03
   3.2902025e-02   2.7000000e+03
   1.6583653e-02   2.7150000e+03
   4.6855933e-03   2.7300000e+03
   5.9546338e-04   2.7450000e+03
   2.7240571e-03   2.7600000e+03
   1.1407363e-02   2.7750000e+03
   2.6462574e-02   2.7900000e+03
   4.1332617e-02   2.8050000e+03
   4.5215484e-02   2.8200000e+03
   3.1249730e-02   2.8350000e+03
   9.2193420e-04   2.8500000e+03
  -3.7857369e-02   2.8650000e+03
  -7.3756561e-02   2.8800000e+03
  -9.4935782e-02   2.8950000e+03
  -9.5468916e-02   2.9100000e+03
  -8.1248999e-02   2.9250000e+03
  -6.5396987e-02   2.9400000e+03
  -5.5293720e-02   2.9550000e+03
  -4.6832886e-02   2.9700000e+03
  -3.2864086e-02   2.9850000e+03
  -1.3716844e-02   3.0000000e+03
   3.5376041e-03   3.0150000e+03
   1.3924788e-02   3.0300000e+03
   1.9152960e-02   3.0450000e+03
   2.3738235e-02   3.0600000e+03
   2.9066943e-02   3.0750000e+03
   3.2173477e-02   3.0900000e+03
   2.9744502e-02   3.1050000e+03
   2.2772355e-02   3.1200000e+03
   1.6595721e-02   3.1350000e+03
   1.5317441e-02   3.1500000e+03
   1.6083453e-02   3.1650000e+03
   1.0426931e-02   3.1800000e+03
  -7.1834582e-03   3.1950000e+03
  -3.2187346e-02   3.2100000e+03
  -5.1981617e-02   3.2250000e+03
  -5.5336006e-02   3.2400000e+03
  -4.0642381e-02   3.2550000e+03
  -1.6829168e-02   3.2700000e+03
   2.9417761e-03   3.2850000e+03
   1.0239966e-02   3.3000000e+03
   6.7658029e-03   3.3150000e+03
   1.7737303e-03   3.3300000e+03
   3.4296387e-03   3.3450000e+03
   1.2256394e-02   3.3600000e+03
   2.2842098e-02   3.3750000e+03
   3.0394947e-02   3.3900000e+03
   3.3432242e-02   3.4050000e+03
   3.0268269e-02   3.4200000e+03
   1.6386880e-02   3.4350000e+03
  -1.1042519e-02   3.4500000e+03
  -4.5795243e-02   3.4650000e+03
  -7.2704062e-02   3.4800000e+03
  -7.8022771e-02   3.4950000e+03
  -6.0305186e-02   3.5100000e+03
  -3.0400125e-02   3.5250000e+03
  -9.1046386e-04   3.5400000e+03
   2.3300035e-02   3.5550000e+03
   4.4275839e-02   3.5700000e+03
   6.2908880e-02   3.5850000e+03
   7.4182272e-02   3.6000000e+03
   7.0898682e-02   3.6150000e+03
   5.0905984e-02   3.6300000e+03
   2.0066354e-02   3.6450000e+03
  -1.1007963e-02   3.6600000e+03
  -3.2806981e-02   3.6750000e+03
  -4.1566212e-02   3.6900000e+03
  -4.0995888e-02   3.7050000e+03
  -3.9929207e-02   3.7200000e+03
  -4.5645759e-02   3.7350000e+03
  -5.6510992e-02   3.7500000e+03
  -6.0804930e-02   3.7650000e+03
  -4.5188416e-02   3.7800000e+03
  -7.2519020e-03   3.7950000e+03
   3.8995832e-02   3.8100000e+03
   7.1039185e-02   3.8250000e+03
   7.3790848e-02   3.8400000e+03
   5.0503511e-02   3.8550000e+03
   1.9504277e-02   3.8700000e+03
  -3.1712599e-04   3.8850000e+03
  -3.0205515e-03   3.9000000e+03
   2.5723062e-03   3.9150000e+03
   3.0553900e-03   3.9300000e+03
  -6.9267163e-03   3.9450000e+03
  -2.0360967e-02   3.9600000e+03
  -2.5022060e-02   3.9750000e+03
  -1.5328441e-02   3.9900000e+03
   2.0403026e-03   4.0050000e+03
   1.4187737e-02   4.0200000e+03
   1.3999867e-02   4.0350000e+03
   6.0866824e-03   4.0500000e+03
   6.2865386e-04   4.0650000e+03
   2.1096154e-03   4.0800000e+03
   5.4870448e-03   4.0950000e+03
   3.4236645e-03   4.1100000e+03
  -4.8082969e-03   4.1250000e+03
  -1.3365309e-02   4.1400000e+03
  -1.7767649e-02   4.1550000e+03
  -2.0221764e-02   4.1700000e+03
  -2.6029157e-02   4.1850000e+03
  -3.6223557e-02   4.2000000e+03
  -4.5566387e-02   4.2150000e+03
  -4.7731768e-02   4.2300000e+03
  -4.1137457e-02   4.2450000e+03
  -2.9255807e-02   4.2600000e+03
  -1.6344011e-02   4.2750000e+03
  -4.1044382e-03   4.2900000e+03
   7.6734442e-03   4.3050000e+03
   1.8612498e-02   4.3200000e+03
   2.6987750e-02   4.3350000e+03
   3.1257655e-02   4.3500000e+03
   3.1461172e-02   4.3650000e+03
   2.8727749e-02   4.3800000e+03
   2.3884282e-02   4.3950000e+03
   1.7081618e-02   4.4100000e+03
   8.6789224e-03   4.4250000e+03
   9.3470589e-06   4.4400000e+03
  -6.9194585e-03   4.4550000e+03
  -1.0375277e-02   4.4700000e+03
  -9.6670659e-03   4.4850000e+03
  -5.4000556e-03   4.5000000e+03
