  -6.4415997e-04   0.0000000e+00
  -6.4426759e-04   1.5000000e+01
  -6.4462039e-04   3.0000000e+01
  -6.4520148e-04   4.5000000e+01
  -6.4582663e-04   6.0000000e+01
  -6.4630428e-04   7.5000000e+01
  -6.4672175e-04   9.0000000e+01
  -6.4744480e-04   1.0500000e+02
  -6.4884353e-04   1.2000000e+02
  -6.5098982e-04   1.3500000e+02
  -6.5346685e-04   1.5000000e+02
  -6.5548113e-04   1.6500000e+02
  -6.5599597e-04   1.8000000e+02
  -6.5266778e-04   1.9500000e+02
  -6.3847529e-04   2.1000000e+02
  -5.9779902e-04   2.2500000e+02
  -5.0934521e-04   2.4000000e+02
  -3.6440388e-04   2.5500000e+02
  -1.9355875e-04   2.7000000e+02
  -6.8837289e-05   2.8500000e+02
  -5.2616724e-05   3.0000000e+02
  -1.2719375e-04   3.1500000e+02
  -1.9493645e-04   3.3000000e+02
  -1.7874072e-04   3.4500000e+02
  -1.1070342e-04   3.6000000e+02
  -8.2307633e-05   3.7500000e+02
  -1.1610427e-04   3.9000000e+02
  -1.4455235e-04   4.0500000e+02
  -1.2244373e-04   4.2000000e+02
  -9.0740286e-05   4.3500000e+02
  -9.7947850e-05   4.5000000e+02
  -1.2219170e-04   4.6500000e+02
  -1.1974043e-04   4.8000000e+02
  -1.0017793e-04   4.9500000e+02
  -9.8405326e-05   5.1000000e+02
  -1.0985405e-04   5.2500000e+02
  -1.0689073e-04   5.4000000e+02
  -9.1790484e-05   5.5500000e+02
  -8.6839464e-05   5.7000000e+02
  -9.2011578e-05   5.8500000e+02
  -9.0634057e-05   6.0000000e+02
  -8.2624596e-05   6.1500000e+02
  -8.1078819e-05   6.3000000e+02
  -8.6454020e-05   6.4500000e+02
  -8.9853071e-05   6.6000000e+02
  -9.3239854e-05   6.7500000e+02
  -1.0560425e-04   6.9000000e+02
  -1.2813079e-04   7.0500000e+02
  -1.5996720e-04   7.2000000e+02
  -2.0905427e-04   7.3500000e+02
  -2.8361910e-04   7.5000000e+02
  -3.7905984e-04   7.6500000e+02
  -4.7802168e-04   7.8000000e+02
  -5.5550400e-04   7.9500000e+02
  -5.8480882e-04   8.1000000e+02
  -5.5423973e-04   8.2500000e+02
  -4.8699722e-04   8.4000000e+02
  -4.3628443e-04   8.5500000e+02
  -4.4766066e-04   8.7000000e+02
  -5.2011199e-04   8.8500000e+02
  -6.0539995e-04   9.0000000e+02
  -6.5162923e-04   9.1500000e+02
  -6.5277301e-04   9.3000000e+02
  -6.5246294e-04   9.4500000e+02
  -6.9324212e-04   9.6000000e+02
  -7.6755666e-04   9.7500000e+02
  -8.3174079e-04   9.9000000e+02
  -8.6581858e-04   1.0050000e+03
  -8.9749653e-04   1.0200000e+03
  -9.5743436e-04   1.0350000e+03
  -1.0335424e-03   1.0500000e+03
  -1.0926580e-03   1.0650000e+03
  -1.1327962e-03   1.0800000e+03
  -1.1826624e-03   1.0950000e+03
  -1.2525565e-03   1.1100000e+03
  -1.3196882e-03   1.1250000e+03
  -1.3705824e-03   1.1400000e+03
  -1.4264542e-03   1.1550000e+03
  -1.5091469e-03   1.1700000e+03
  -1.6079816e-03   1.1850000e+03
  -1.7022209e-03   1.2000000e+03
  -1.7948846e-03   1.2150000e+03
  -1.8993239e-03   1.2300000e+03
  -2.0084293e-03   1.2450000e+03
  -2.1030067e-03   1.2600000e+03
  -2.1804008e-03   1.2750000e+03
  -2.2521578e-03   1.2900000e+03
  -2.3212545e-03   1.3050000e+03
  -2.3813504e-03   1.3200000e+03
  -2.4317328e-03   1.3350000e+03
  -2.4756275e-03   1.3500000e+03
  -2.5092245e-03   1.3650000e+03
  -2.5263585e-03   1.3800000e+03
  -2.5283450e-03   1.3950000e+03
  -2.5168464e-03   1.4100000e+03
  -2.4822669e-03   1.4250000e+03
  -2.4096414e-03   1.4400000e+03
  -2.2905977e-03   1.4550000e+03
  -2.1196054e-03   1.4700000e+03
  -1.8832701e-03   1.4850000e+03
  -1.5626723e-03   1.5000000e+03
  -1.1414813e-03   1.5150000e+03
  -6.0206966e-04   1.5300000e+03
   8.3967825e-05   1.5450000e+03
   9.5545157e-04   1.5600000e+03
   2.0569246e-03   1.5750000e+03
   3.4426388e-03   1.5900000e+03
   5.1856143e-03   1.6050000e+03
   7.3803039e-03   1.6200000e+03
   1.0137696e-02   1.6350000e+03
   1.3582615e-02   1.6500000e+03
   1.7865181e-02   1.6650000e+03
   2.3188351e-02   1.6800000e+03
   2.9836303e-02   1.6950000e+03
   3.8185619e-02   1.7100000e+03
   4.8699200e-02   1.7250000e+03
   6.1914641e-02   1.7400000e+03
   7.8427196e-02   1.7550000e+03
   9.8851793e-02   1.7700000e+03
   1.2375598e-01   1.7850000e+03
   1.5357675e-01   1.8000000e+03
   1.8853177e-01   1.8150000e+03
   2.2849914e-01   1.8300000e+03
   2.7281281e-01   1.8450000e+03
   3.1996104e-01   1.8600000e+03
   3.6727890e-01   1.8750000e+03
   4.1082871e-01   1.8900000e+03
   4.4566807e-01   1.9050000e+03
   4.6657890e-01   1.9200000e+03
   4.6911687e-01   1.9350000e+03
   4.5065868e-01   1.9500000e+03
   4.1109937e-01   1.9650000e+03
   3.5302261e-01   1.9800000e+03
   2.8144351e-01   1.9950000e+03
   2.0338084e-01   2.0100000e+03
   1.2737256e-01   2.0250000e+03
   6.2659770e-02   2.0400000e+03
   1.7526928e-02   2.0550000e+03
  -3.3121074e-03   2.0700000e+03
  -1.3139341e-03   2.0850000e+03
   1.5207764e-02   2.1000000e+03
   3.3761337e-02   2.1150000e+03
   4.3028653e-02   2.1300000e+03
   3.7837368e-02   2.1450000e+03
   2.0469105e-02   2.1600000e+03
  -2.3548233e-03   2.1750000e+03
  -2.4170907e-02   2.1900000e+03
  -4.1719701e-02   2.2050000e+03
  -5.5005960e-02   2.2200000e+03
  -6.5921754e-02   2.2350000e+03
  -7.7009171e-02   2.2500000e+03
  -9.0386704e-02   2.2650000e+03
  -1.0647380e-01   2.2800000e+03
  -1.2340807e-01   2.2950000e+03
  -1.3835862e-01   2.3100000e+03
  -1.4993848e-01   2.3250000e+03
  -1.5916908e-01   2.3400000e+03
  -1.6783892e-01   2.3550000e+03
  -1.7620367e-01   2.3700000e+03
  -1.8271077e-01   2.3850000e+03
  -1.8583259e-01   2.4000000e+03
  -1.8565537e-01   2.4150000e+03
  -1.8357654e-01   2.4300000e+03
  -1.8091552e-01   2.4450000e+03
  -1.7813167e-01   2.4600000e+03
  -1.7504087e-01   2.4750000e+03
  -1.7117576e-01   2.4900000e+03
  -1.6576625e-01   2.5050000e+03
  -1.5774457e-01   2.5200000e+03
  -1.4620127e-01   2.5350000e+03
  -1.3100919e-01   2.5500000e+03
  -1.1305273e-01   2.5650000e+03
  -9.3896151e-02   2.5800000e+03
  -7.5119168e-02   2.5950000e+03
  -5.7699841e-02   2.6100000e+03
  -4.1923638e-02   2.6250000e+03
  -2.7986966e-02   2.6400000e+03
  -1.6582724e-02   2.6550000e+03
  -8.5267061e-03   2.6700000e+03
  -3.7453382e-03   2.6850000e+03
  -9.9532166e-04   2.7000000e+03
   1.2995171e-03   2.7150000e+03
   4.2429771e-03   2.7300000e+03
   8.4782494e-03   2.7450000e+03
   1.4431409e-02   2.7600000e+03
   2.2215575e-02   2.7750000e+03
   3.1556908e-02   2.7900000e+03
   4.2020660e-02   2.8050000e+03
   5.3145904e-02   2.8200000e+03
   6.4334825e-02   2.8350000e+03
   7.4903965e-02   2.8500000e+03
   8.4362917e-02   2.8650000e+03
   9.2453063e-02   2.8800000e+03
   9.8856725e-02   2.8950000e+03
   1.0305722e-01   2.9100000e+03
   1.0455471e-01   2.9250000e+03
   1.0309850e-01   2.9400000e+03
   9.8703809e-02   2.9550000e+03
   9.1607325e-02   2.9700000e+03
   8.2270749e-02   2.9850000e+03
   7.1305230e-02   3.0000000e+03
   5.9274912e-02   3.0150000e+03
   4.6562143e-02   3.0300000e+03
   3.3429496e-02   3.0450000e+03
   2.0176185e-02   3.0600000e+03
   7.2063063e-03   3.0750000e+03
  -5.0343457e-03   3.0900000e+03
  -1.6159758e-02   3.1050000e+03
  -2.5900358e-02   3.1200000e+03
  -3.4103863e-02   3.1350000e+03
  -4.0695790e-02   3.1500000e+03
  -4.5625728e-02   3.1650000e+03
  -4.8852373e-02   3.1800000e+03
  -5.0396357e-02   3.1950000e+03
  -5.0405160e-02   3.2100000e+03
  -4.9145460e-02   3.2250000e+03
  -4.6917118e-02   3.2400000e+03
  -4.3965694e-02   3.2550000e+03
  -4.0459089e-02   3.2700000e+03
  -3.6521398e-02   3.2850000e+03
  -3.2268923e-02   3.3000000e+03
  -2.7806336e-02   3.3150000e+03
  -2.3195049e-02   3.3300000e+03
  -1.8452927e-02   3.3450000e+03
  -1.3626019e-02   3.3600000e+03
  -8.8858828e-03   3.3750000e+03
  -4.5504682e-03   3.3900000e+03
  -9.8693103e-04   3.4050000e+03
   1.5376852e-03   3.4200000e+03
   2.9640452e-03   3.4350000e+03
   3.4687049e-03   3.4500000e+03
   3.4232733e-03   3.4650000e+03
   3.2987299e-03   3.4800000e+03
   3.5302094e-03   3.4950000e+03
   4.3820241e-03   3.5100000e+03
   5.8702747e-03   3.5250000e+03
   7.7757188e-03   3.5400000e+03
   9.7269127e-03   3.5550000e+03
   1.1300847e-02   3.5700000e+03
   1.2103873e-02   3.5850000e+03
   1.1838729e-02   3.6000000e+03
   1.0378042e-02   3.6150000e+03
   7.8251297e-03   3.6300000e+03
   4.5033498e-03   3.6450000e+03
   8.4778538e-04   3.6600000e+03
  -2.7436647e-03   3.6750000e+03
  -6.0088108e-03   3.6900000e+03
  -8.8368971e-03   3.7050000e+03
  -1.1244445e-02   3.7200000e+03
  -1.3354280e-02   3.7350000e+03
  -1.5360679e-02   3.7500000e+03
  -1.7441425e-02   3.7650000e+03
  -1.9636784e-02   3.7800000e+03
  -2.1783508e-02   3.7950000e+03
  -2.3575112e-02   3.8100000e+03
  -2.4721699e-02   3.8250000e+03
  -2.5099991e-02   3.8400000e+03
  -2.4794009e-02   3.8550000e+03
  -2.4011971e-02   3.8700000e+03
  -2.2947917e-02   3.8850000e+03
  -2.1682905e-02   3.9000000e+03
  -2.0187767e-02   3.9150000e+03
  -1.8420964e-02   3.9300000e+03
  -1.6445884e-02   3.9450000e+03
  -1.4469912e-02   3.9600000e+03
  -1.2765267e-02   3.9750000e+03
  -1.1535649e-02   3.9900000e+03
  -1.0846950e-02   4.0050000e+03
  -1.0680208e-02   4.0200000e+03
  -1.1042041e-02   4.0350000e+03
  -1.2008855e-02   4.0500000e+03
  -1.3650961e-02   4.0650000e+03
  -1.5908493e-02   4.0800000e+03
  -1.8541254e-02   4.0950000e+03
  -2.1202713e-02   4.1100000e+03
  -2.3575267e-02   4.1250000e+03
  -2.5461121e-02   4.1400000e+03
  -2.6778672e-02   4.1550000e+03
  -2.7500240e-02   4.1700000e+03
  -2.7602993e-02   4.1850000e+03
  -2.7072631e-02   4.2000000e+03
  -2.5942300e-02   4.2150000e+03
  -2.4320273e-02   4.2300000e+03
  -2.2376500e-02   4.2450000e+03
  -2.0296091e-02   4.2600000e+03
  -1.8232521e-02   4.2750000e+03
  -1.6287770e-02   4.2900000e+03
  -1.4522929e-02   4.3050000e+03
  -1.2982432e-02   4.3200000e+03
  -1.1710516e-02   4.3350000e+03
  -1.0746874e-02   4.3500000e+03
  -1.0103226e-02   4.3650000e+03
  -9.7368313e-03   4.3800000e+03
  -9.5430287e-03   4.3950000e+03
  -9.3780495e-03   4.4100000e+03
  -9.0995329e-03   4.4250000e+03
  -8.5957320e-03   4.4400000e+03
  -7.7845571e-03   4.4550000e+03
  -6.5935198e-03   4.4700000e+03
  -4.9502621e-03   4.4850000e+03
  -2.7995207e-03   4.5000000e+03
