  -1.5600953e-03   0.0000000e+00
  -1.5582144e-03   1.5000000e+01
  -1.5530101e-03   3.0000000e+01
  -1.5459105e-03   4.5000000e+01
  -1.5384502e-03   6.0000000e+01
  -1.5315728e-03   7.5000000e+01
  -1.5252505e-03   9.0000000e+01
  -1.5186184e-03   1.0500000e+02
  -1.5107007e-03   1.2000000e+02
  -1.5010951e-03   1.3500000e+02
  -1.4894340e-03   1.5000000e+02
  -1.4747931e-03   1.6500000e+02
  -1.4560928e-03   1.8000000e+02
  -1.4312099e-03   1.9500000e+02
  -1.3954719e-03   2.1000000e+02
  -1.3429058e-03   2.2500000e+02
  -1.2683945e-03   2.4000000e+02
  -1.1675198e-03   2.5500000e+02
  -1.0351230e-03   2.7000000e+02
  -8.6431118e-04   2.8500000e+02
  -6.4524537e-04   3.0000000e+02
  -3.6239962e-04   3.1500000e+02
   7.6971446e-06   3.3000000e+02
   4.9401779e-04   3.4500000e+02
   1.1247244e-03   3.6000000e+02
   1.9225009e-03   3.7500000e+02
   2.9059520e-03   3.9000000e+02
   4.0994016e-03   4.0500000e+02
   5.5468013e-03   4.2000000e+02
   7.3130424e-03   4.3500000e+02
   9.4648106e-03   4.5000000e+02
   1.2056553e-02   4.6500000e+02
   1.5146476e-02   4.8000000e+02
   1.8815847e-02   4.9500000e+02
   2.3149358e-02   5.1000000e+02
   2.8200295e-02   5.2500000e+02
   3.4013946e-02   5.4000000e+02
   4.0713154e-02   5.5500000e+02
   4.8540361e-02   5.7000000e+02
   5.7791673e-02   5.8500000e+02
   6.8739630e-02   6.0000000e+02
   8.1629395e-02   6.1500000e+02
   9.6635930e-02   6.3000000e+02
   1.1370543e-01   6.4500000e+02
   1.3249324e-01   6.6000000e+02
   1.5256681e-01   6.7500000e+02
   1.7367792e-01   6.9000000e+02
   1.9590689e-01   7.0500000e+02
   2.1968825e-01   7.2000000e+02
   2.4559718e-01   7.3500000e+02
   2.7383953e-01   7.5000000e+02
   3.0389887e-01   7.6500000e+02
   3.3473054e-01   7.8000000e+02
   3.6517283e-01   7.9500000e+02
   3.9402574e-01   8.1000000e+02
   4.1975561e-01   8.2500000e+02
   4.4037780e-01   8.4000000e+02
   4.5404044e-01   8.5500000e+02
   4.5984086e-01   8.7000000e+02
   4.5779032e-01   8.8500000e+02
   4.4797498e-01   9.0000000e+02
   4.3013066e-01   9.1500000e+02
   4.0408000e-01   9.3000000e+02
   3.7022835e-01   9.4500000e+02
   3.2958454e-01   9.6000000e+02
   2.8370735e-01   9.7500000e+02
   2.3477173e-01   9.9000000e+02
   1.8520227e-01   1.0050000e+03
   1.3689400e-01   1.0200000e+03
   9.0998411e-02   1.0350000e+03
   4.8453715e-02   1.0500000e+03
   1.0306937e-02   1.0650000e+03
  -2.2477038e-02   1.0800000e+03
  -4.9194477e-02   1.0950000e+03
  -6.9440380e-02   1.1100000e+03
  -8.3163694e-02   1.1250000e+03
  -9.0662241e-02   1.1400000e+03
  -9.2501640e-02   1.1550000e+03
  -8.9480408e-02   1.1700000e+03
  -8.2627513e-02   1.1850000e+03
  -7.3128872e-02   1.2000000e+03
  -6.2165633e-02   1.2150000e+03
  -5.0774835e-02   1.2300000e+03
  -3.9809968e-02   1.2450000e+03
  -2.9897580e-02   1.2600000e+03
  -2.1339465e-02   1.2750000e+03
  -1.4102052e-02   1.2900000e+03
  -7.9288259e-03   1.3050000e+03
  -2.4700812e-03   1.3200000e+03
   2.5929764e-03   1.3350000e+03
   7.4512558e-03   1.3500000e+03
   1.2153342e-02   1.3650000e+03
   1.6630661e-02   1.3800000e+03
   2.0727491e-02   1.3950000e+03
   2.4265487e-02   1.4100000e+03
   2.7106253e-02   1.4250000e+03
   2.9167360e-02   1.4400000e+03
   3.0410619e-02   1.4550000e+03
   3.0810915e-02   1.4700000e+03
   3.0321335e-02   1.4850000e+03
   2.8867349e-02   1.5000000e+03
   2.6355814e-02   1.5150000e+03
   2.2679929e-02   1.5300000e+03
   1.7733721e-02   1.5450000e+03
   1.1436034e-02   1.5600000e+03
   3.7542938e-03   1.5750000e+03
  -5.2727754e-03   1.5900000e+03
  -1.5521106e-02   1.6050000e+03
  -2.6782906e-02   1.6200000e+03
  -3.8782630e-02   1.6350000e+03
  -5.1206373e-02   1.6500000e+03
  -6.3738242e-02   1.6650000e+03
  -7.6087102e-02   1.6800000e+03
  -8.7991312e-02   1.6950000e+03
  -9.9206403e-02   1.7100000e+03
  -1.0949279e-01   1.7250000e+03
  -1.1861724e-01   1.7400000e+03
  -1.2637302e-01   1.7550000e+03
  -1.3261405e-01   1.7700000e+03
  -1.3728946e-01   1.7850000e+03
  -1.4046219e-01   1.8000000e+03
  -1.4229821e-01   1.8150000e+03
  -1.4302614e-01   1.8300000e+03
  -1.4288321e-01   1.8450000e+03
  -1.4207122e-01   1.8600000e+03
  -1.4073724e-01   1.8750000e+03
  -1.3897619e-01   1.8900000e+03
  -1.3684270e-01   1.9050000e+03
  -1.3436364e-01   1.9200000e+03
  -1.3155411e-01   1.9350000e+03
  -1.2844124e-01   1.9500000e+03
  -1.2508678e-01   1.9650000e+03
  -1.2158731e-01   1.9800000e+03
  -1.1804187e-01   1.9950000e+03
  -1.1450692e-01   2.0100000e+03
  -1.1097792e-01   2.0250000e+03
  -1.0741954e-01   2.0400000e+03
  -1.0382444e-01   2.0550000e+03
  -1.0025403e-01   2.0700000e+03
  -9.6829176e-02   2.0850000e+03
  -9.3680419e-02   2.1000000e+03
  -9.0895653e-02   2.1150000e+03
  -8.8493913e-02   2.1300000e+03
  -8.6425975e-02   2.1450000e+03
  -8.4590033e-02   2.1600000e+03
  -8.2858585e-02   2.1750000e+03
  -8.1112862e-02   2.1900000e+03
  -7.9262607e-02   2.2050000e+03
  -7.7224180e-02   2.2200000e+03
  -7.4868150e-02   2.2350000e+03
  -7.1995452e-02   2.2500000e+03
  -6.8390071e-02   2.2650000e+03
  -6.3918389e-02   2.2800000e+03
  -5.8585126e-02   2.2950000e+03
  -5.2494217e-02   2.3100000e+03
  -4.5763914e-02   2.3250000e+03
  -3.8490906e-02   2.3400000e+03
  -3.0792844e-02   2.3550000e+03
  -2.2863857e-02   2.3700000e+03
  -1.4968588e-02   2.3850000e+03
  -7.3792092e-03   2.4000000e+03
  -3.2261631e-04   2.4150000e+03
   6.0206605e-03   2.4300000e+03
   1.1490779e-02   2.4450000e+03
   1.5939930e-02   2.4600000e+03
   1.9244835e-02   2.4750000e+03
   2.1314366e-02   2.4900000e+03
   2.2085341e-02   2.5050000e+03
   2.1527439e-02   2.5200000e+03
   1.9665210e-02   2.5350000e+03
   1.6590700e-02   2.5500000e+03
   1.2442816e-02   2.5650000e+03
   7.3729856e-03   2.5800000e+03
   1.5380883e-03   2.5950000e+03
  -4.8756516e-03   2.6100000e+03
  -1.1640254e-02   2.6250000e+03
  -1.8514918e-02   2.6400000e+03
  -2.5290178e-02   2.6550000e+03
  -3.1800464e-02   2.6700000e+03
  -3.7901569e-02   2.6850000e+03
  -4.3454256e-02   2.7000000e+03
  -4.8340324e-02   2.7150000e+03
  -5.2490000e-02   2.7300000e+03
  -5.5887189e-02   2.7450000e+03
  -5.8552753e-02   2.7600000e+03
  -6.0531579e-02   2.7750000e+03
  -6.1896212e-02   2.7900000e+03
  -6.2753007e-02   2.8050000e+03
  -6.3233323e-02   2.8200000e+03
  -6.3470595e-02   2.8350000e+03
  -6.3579395e-02   2.8500000e+03
  -6.3650087e-02   2.8650000e+03
  -6.3756205e-02   2.8800000e+03
  -6.3958943e-02   2.8950000e+03
  -6.4298443e-02   2.9100000e+03
  -6.4779840e-02   2.9250000e+03
  -6.5369666e-02   2.9400000e+03
  -6.6004686e-02   2.9550000e+03
  -6.6600949e-02   2.9700000e+03
  -6.7056991e-02   2.9850000e+03
  -6.7258641e-02   3.0000000e+03
  -6.7091949e-02   3.0150000e+03
  -6.6458508e-02   3.0300000e+03
  -6.5284938e-02   3.0450000e+03
  -6.3527353e-02   3.0600000e+03
  -6.1175715e-02   3.0750000e+03
  -5.8257062e-02   3.0900000e+03
  -5.4831266e-02   3.1050000e+03
  -5.0976280e-02   3.1200000e+03
  -4.6769407e-02   3.1350000e+03
  -4.2277705e-02   3.1500000e+03
  -3.7565801e-02   3.1650000e+03
  -3.2713171e-02   3.1800000e+03
  -2.7821405e-02   3.1950000e+03
  -2.3001084e-02   3.2100000e+03
  -1.8348899e-02   3.2250000e+03
  -1.3933467e-02   3.2400000e+03
  -9.7951945e-03   3.2550000e+03
  -5.9518456e-03   3.2700000e+03
  -2.4027065e-03   3.2850000e+03
   8.6795673e-04   3.3000000e+03
   3.8868468e-03   3.3150000e+03
   6.6890130e-03   3.3300000e+03
   9.3167331e-03   3.3450000e+03
   1.1814861e-02   3.3600000e+03
   1.4219950e-02   3.3750000e+03
   1.6549032e-02   3.3900000e+03
   1.8796617e-02   3.4050000e+03
   2.0940721e-02   3.4200000e+03
   2.2950819e-02   3.4350000e+03
   2.4792509e-02   3.4500000e+03
   2.6430177e-02   3.4650000e+03
   2.7829854e-02   3.4800000e+03
   2.8961560e-02   3.4950000e+03
   2.9801799e-02   3.5100000e+03
   3.0340608e-02   3.5250000e+03
   3.0594043e-02   3.5400000e+03
   3.0613331e-02   3.5550000e+03
   3.0480189e-02   3.5700000e+03
   3.0288739e-02   3.5850000e+03
   3.0125787e-02   3.6000000e+03
   3.0060209e-02   3.6150000e+03
   3.0142723e-02   3.6300000e+03
   3.0410768e-02   3.6450000e+03
   3.0893121e-02   3.6600000e+03
   3.1611029e-02   3.6750000e+03
   3.2575212e-02   3.6900000e+03
   3.3782065e-02   3.7050000e+03
   3.5214417e-02   3.7200000e+03
   3.6847103e-02   3.7350000e+03
   3.8650122e-02   3.7500000e+03
   4.0582933e-02   3.7650000e+03
   4.2583931e-02   3.7800000e+03
   4.4566922e-02   3.7950000e+03
   4.6431094e-02   3.8100000e+03
   4.8078816e-02   3.8250000e+03
   4.9430050e-02   3.8400000e+03
   5.0427493e-02   3.8550000e+03
   5.1034797e-02   3.8700000e+03
   5.1232871e-02   3.8850000e+03
   5.1016770e-02   3.9000000e+03
   5.0392698e-02   3.9150000e+03
   4.9374744e-02   3.9300000e+03
   4.7982465e-02   3.9450000e+03
   4.6240944e-02   3.9600000e+03
   4.4182822e-02   3.9750000e+03
   4.1849449e-02   3.9900000e+03
   3.9288532e-02   4.0050000e+03
   3.6548570e-02   4.0200000e+03
   3.3673067e-02   4.0350000e+03
   3.0697012e-02   4.0500000e+03
   2.7645888e-02   4.0650000e+03
   2.4536474e-02   4.0800000e+03
   2.1378882e-02   4.0950000e+03
   1.8179361e-02   4.1100000e+03
   1.4942909e-02   4.1250000e+03
   1.1675085e-02   4.1400000e+03
   8.3837993e-03   4.1550000e+03
   5.0818860e-03   4.1700000e+03
   1.7896134e-03   4.1850000e+03
  -1.4648865e-03   4.2000000e+03
  -4.6479418e-03   4.2150000e+03
  -7.7234716e-03   4.2300000e+03
  -1.0654327e-02   4.2450000e+03
  -1.3401286e-02   4.2600000e+03
  -1.5921485e-02   4.2750000e+03
  -1.8168684e-02   4.2900000e+03
  -2.0096419e-02   4.3050000e+03
  -2.1663060e-02   4.3200000e+03
  -2.2837171e-02   4.3350000e+03
  -2.3601959e-02   4.3500000e+03
  -2.3958351e-02   4.3650000e+03
  -2.3925859e-02   4.3800000e+03
  -2.3540175e-02   4.3950000e+03
  -2.2848392e-02   4.4100000e+03
  -2.1904591e-02   4.4250000e+03
  -2.0767907e-02   4.4400000e+03
  -1.9501733e-02   4.4550000e+03
  -1.8171029e-02   4.4700000e+03
  -1.6837196e-02   4.4850000e+03
  -1.5553619e-02   4.5000000e+03
