  -6.9079665e-03   0.0000000e+00
  -6.9074859e-03   1.5000000e+01
  -6.9063590e-03   3.0000000e+01
  -6.9066174e-03   4.5000000e+01
  -6.9128489e-03   6.0000000e+01
  -6.9292542e-03   7.5000000e+01
  -6.9548828e-03   9.0000000e+01
  -6.9850436e-03   1.0500000e+02
  -7.0167435e-03   1.2000000e+02
  -7.0523703e-03   1.3500000e+02
  -7.0983833e-03   1.5000000e+02
  -7.1592298e-03   1.6500000e+02
  -7.2353017e-03   1.8000000e+02
  -7.3274500e-03   1.9500000e+02
  -7.4391626e-03   2.1000000e+02
  -7.5737871e-03   2.2500000e+02
  -7.7296086e-03   2.4000000e+02
  -7.8962464e-03   2.5500000e+02
  -8.0595221e-03   2.7000000e+02
  -8.2132798e-03   2.8500000e+02
  -8.3636306e-03   3.0000000e+02
  -8.5175755e-03   3.1500000e+02
  -8.6674644e-03   3.3000000e+02
  -8.7886127e-03   3.4500000e+02
  -8.8501927e-03   3.6000000e+02
  -8.8264737e-03   3.7500000e+02
  -8.7021906e-03   3.9000000e+02
  -8.4691504e-03   4.0500000e+02
  -8.1107952e-03   4.2000000e+02
  -7.5868620e-03   4.3500000e+02
  -6.8368400e-03   4.5000000e+02
  -5.7952637e-03   4.6500000e+02
  -4.3959962e-03   4.8000000e+02
  -2.5625923e-03   4.9500000e+02
  -1.9053897e-04   5.1000000e+02
   2.8828853e-03   5.2500000e+02
   6.9108699e-03   5.4000000e+02
   1.2254704e-02   5.5500000e+02
   1.9403389e-02   5.7000000e+02
   2.9017564e-02   5.8500000e+02
   4.1990142e-02   6.0000000e+02
   5.9525277e-02   6.1500000e+02
   8.3262362e-02   6.3000000e+02
   1.1545400e-01   6.4500000e+02
   1.5915743e-01   6.6000000e+02
   2.1827511e-01   6.7500000e+02
   2.9709274e-01   6.9000000e+02
   3.9896968e-01   7.0500000e+02
   5.2415836e-01   7.2000000e+02
   6.6708606e-01   7.3500000e+02
   8.1372875e-01   7.5000000e+02
   9.4019675e-01   7.6500000e+02
   1.0142522e+00   7.8000000e+02
   1.0015312e+00   7.9500000e+02
   8.7696296e-01   8.1000000e+02
   6.3867974e-01   8.2500000e+02
   3.1741241e-01   8.4000000e+02
  -2.7267285e-02   8.5500000e+02
  -3.2697549e-01   8.7000000e+02
  -5.3233683e-01   8.8500000e+02
  -6.3177663e-01   9.0000000e+02
  -6.4903724e-01   9.1500000e+02
  -6.2264007e-01   9.3000000e+02
  -5.8306557e-01   9.4500000e+02
  -5.4214472e-01   9.6000000e+02
  -4.9750891e-01   9.7500000e+02
  -4.4449612e-01   9.9000000e+02
  -3.8522083e-01   1.0050000e+03
  -3.2862362e-01   1.0200000e+03
  -2.8298542e-01   1.0350000e+03
  -2.4897358e-01   1.0500000e+03
  -2.2050746e-01   1.0650000e+03
  -1.9196463e-01   1.0800000e+03
  -1.6316736e-01   1.0950000e+03
  -1.3714357e-01   1.1100000e+03
  -1.1489155e-01   1.1250000e+03
  -9.3959771e-02   1.1400000e+03
  -7.1394518e-02   1.1550000e+03
  -4.6269923e-02   1.1700000e+03
  -1.9113237e-02   1.1850000e+03
   9.6708816e-03   1.2000000e+03
   3.9742868e-02   1.2150000e+03
   6.9674708e-02   1.2300000e+03
   9.6897714e-02   1.2450000e+03
   1.1914487e-01   1.2600000e+03
   1.3549471e-01   1.2750000e+03
   1.4572804e-01   1.2900000e+03
   1.4932238e-01   1.3050000e+03
   1.4587711e-01   1.3200000e+03
   1.3622908e-01   1.3350000e+03
   1.2234780e-01   1.3500000e+03
   1.0621995e-01   1.3650000e+03
   8.9345329e-02   1.3800000e+03
   7.3010601e-02   1.3950000e+03
   5.8374595e-02   1.4100000e+03
   4.6281409e-02   1.4250000e+03
   3.7356865e-02   1.4400000e+03
   3.2285783e-02   1.4550000e+03
   3.1691860e-02   1.4700000e+03
   3.5519607e-02   1.4850000e+03
   4.2477533e-02   1.5000000e+03
   5.0167650e-02   1.5150000e+03
   5.5952270e-02   1.5300000e+03
   5.7942562e-02   1.5450000e+03
   5.5448264e-02   1.5600000e+03
   4.8816703e-02   1.5750000e+03
   3.8991500e-02   1.5900000e+03
   2.7017631e-02   1.6050000e+03
   1.3663138e-02   1.6200000e+03
  -6.0208922e-04   1.6350000e+03
  -1.5283681e-02   1.6500000e+03
  -2.9572226e-02   1.6650000e+03
  -4.2392366e-02   1.6800000e+03
  -5.2732687e-02   1.6950000e+03
  -6.0000774e-02   1.7100000e+03
  -6.4233810e-02   1.7250000e+03
  -6.6150010e-02   1.7400000e+03
  -6.7059599e-02   1.7550000e+03
  -6.8609424e-02   1.7700000e+03
  -7.2361805e-02   1.7850000e+03
  -7.9308756e-02   1.8000000e+03
  -8.9493699e-02   1.8150000e+03
  -1.0190037e-01   1.8300000e+03
  -1.1466866e-01   1.8450000e+03
  -1.2554909e-01   1.8600000e+03
  -1.3239621e-01   1.8750000e+03
  -1.3349512e-01   1.8900000e+03
  -1.2762813e-01   1.9050000e+03
  -1.1397187e-01   1.9200000e+03
  -9.2053607e-02   1.9350000e+03
  -6.1962109e-02   1.9500000e+03
  -2.4787962e-02   1.9650000e+03
   1.6990427e-02   1.9800000e+03
   5.9529316e-02   1.9950000e+03
   9.8194078e-02   2.0100000e+03
   1.2849005e-01   2.0250000e+03
   1.4694674e-01   2.0400000e+03
   1.5161359e-01   2.0550000e+03
   1.4208996e-01   2.0700000e+03
   1.1928325e-01   2.0850000e+03
   8.5176207e-02   2.1000000e+03
   4.2745758e-02   2.1150000e+03
  -4.0476252e-03   2.1300000e+03
  -5.0404433e-02   2.1450000e+03
  -9.1124602e-02   2.1600000e+03
  -1.2134905e-01   2.1750000e+03
  -1.3744685e-01   2.1900000e+03
  -1.3778049e-01   2.2050000e+03
  -1.2308295e-01   2.2200000e+03
  -9.6302882e-02   2.2350000e+03
  -6.1961468e-02   2.2500000e+03
  -2.5223957e-02   2.2650000e+03
   9.0347882e-03   2.2800000e+03
   3.6906257e-02   2.2950000e+03
   5.5708371e-02   2.3100000e+03
   6.3870400e-02   2.3250000e+03
   6.0705818e-02   2.3400000e+03
   4.6416000e-02   2.3550000e+03
   2.2461485e-02   2.3700000e+03
  -7.9680942e-03   2.3850000e+03
  -3.9921567e-02   2.4000000e+03
  -6.7460217e-02   2.4150000e+03
  -8.5086361e-02   2.4300000e+03
  -8.9228518e-02   2.4450000e+03
  -7.9167441e-02   2.4600000e+03
  -5.7129480e-02   2.4750000e+03
  -2.7618306e-02   2.4900000e+03
   3.8049868e-03   2.5050000e+03
   3.2028932e-02   2.5200000e+03
   5.3774375e-02   2.5350000e+03
   6.8298884e-02   2.5500000e+03
   7.7023670e-02   2.5650000e+03
   8.2221523e-02   2.5800000e+03
   8.5492462e-02   2.5950000e+03
   8.6907767e-02   2.6100000e+03
   8.5256189e-02   2.6250000e+03
   7.9101086e-02   2.6400000e+03
   6.7883313e-02   2.6550000e+03
   5.2378509e-02   2.6700000e+03
   3.4317996e-02   2.6850000e+03
   1.5528941e-02   2.7000000e+03
  -2.7993165e-03   2.7150000e+03
  -2.0270139e-02   2.7300000e+03
  -3.6829893e-02   2.7450000e+03
  -5.2107986e-02   2.7600000e+03
  -6.5085813e-02   2.7750000e+03
  -7.4400917e-02   2.7900000e+03
  -7.9129711e-02   2.8050000e+03
  -7.9519168e-02   2.8200000e+03
  -7.7125855e-02   2.8350000e+03
  -7.4181668e-02   2.8500000e+03
  -7.2491914e-02   2.8650000e+03
  -7.2467558e-02   2.8800000e+03
  -7.2835691e-02   2.8950000e+03
  -7.1214728e-02   2.9100000e+03
  -6.5276384e-02   2.9250000e+03
  -5.3889535e-02   2.9400000e+03
  -3.7643366e-02   2.9550000e+03
  -1.8508442e-02   2.9700000e+03
   1.1003625e-03   2.9850000e+03
   1.9280143e-02   3.0000000e+03
   3.5111949e-02   3.0150000e+03
   4.8515797e-02   3.0300000e+03
   5.9736494e-02   3.0450000e+03
   6.8850167e-02   3.0600000e+03
   7.5537331e-02   3.0750000e+03
   7.9102263e-02   3.0900000e+03
   7.8581385e-02   3.1050000e+03
   7.2885185e-02   3.1200000e+03
   6.1089389e-02   3.1350000e+03
   4.2948119e-02   3.1500000e+03
   1.9418394e-02   3.1650000e+03
  -7.2144270e-03   3.1800000e+03
  -3.3828299e-02   3.1950000e+03
  -5.7329107e-02   3.2100000e+03
  -7.5367421e-02   3.2250000e+03
  -8.6571425e-02   3.2400000e+03
  -9.0399206e-02   3.2550000e+03
  -8.6961240e-02   3.2700000e+03
  -7.7019759e-02   3.2850000e+03
  -6.2048864e-02   3.3000000e+03
  -4.4100057e-02   3.3150000e+03
  -2.5388945e-02   3.3300000e+03
  -7.8005171e-03   3.3450000e+03
   7.3929178e-03   3.3600000e+03
   1.9483775e-02   3.3750000e+03
   2.8100820e-02   3.3900000e+03
   3.3053543e-02   3.4050000e+03
   3.4370188e-02   3.4200000e+03
   3.2438476e-02   3.4350000e+03
   2.8068844e-02   3.4500000e+03
   2.2381982e-02   3.4650000e+03
   1.6558532e-02   3.4800000e+03
   1.1557701e-02   3.4950000e+03
   7.9038152e-03   3.5100000e+03
   5.6112395e-03   3.5250000e+03
   4.2806794e-03   3.5400000e+03
   3.3262596e-03   3.5550000e+03
   2.2085942e-03   3.5700000e+03
   5.4664741e-04   3.5850000e+03
  -1.9028721e-03   3.6000000e+03
  -5.2806665e-03   3.6150000e+03
  -9.5598670e-03   3.6300000e+03
  -1.4408100e-02   3.6450000e+03
  -1.9129170e-02   3.6600000e+03
  -2.2805704e-02   3.6750000e+03
  -2.4607163e-02   3.6900000e+03
  -2.4098825e-02   3.7050000e+03
  -2.1389471e-02   3.7200000e+03
  -1.7055148e-02   3.7350000e+03
  -1.1883519e-02   3.7500000e+03
  -6.5557598e-03   3.7650000e+03
  -1.4210276e-03   3.7800000e+03
   3.5006898e-03   3.7950000e+03
   8.2690511e-03   3.8100000e+03
   1.2691025e-02   3.8250000e+03
   1.6170774e-02   3.8400000e+03
   1.7895298e-02   3.8550000e+03
   1.7238822e-02   3.8700000e+03
   1.4072665e-02   3.8850000e+03
   8.7393215e-03   3.9000000e+03
   1.7363039e-03   3.9150000e+03
  -6.6021453e-03   3.9300000e+03
  -1.6151035e-02   3.9450000e+03
  -2.6733199e-02   3.9600000e+03
  -3.7760247e-02   3.9750000e+03
  -4.8048794e-02   3.9900000e+03
  -5.5962443e-02   4.0050000e+03
  -5.9848022e-02   4.0200000e+03
  -5.8598548e-02   4.0350000e+03
  -5.2111484e-02   4.0500000e+03
  -4.1427635e-02   4.0650000e+03
  -2.8459484e-02   4.0800000e+03
  -1.5420958e-02   4.0950000e+03
  -4.2224335e-03   4.1100000e+03
   3.9296765e-03   4.1250000e+03
   8.6542806e-03   4.1400000e+03
   1.0300339e-02   4.1550000e+03
   9.7131478e-03   4.1700000e+03
   7.9147415e-03   4.1850000e+03
   5.7850014e-03   4.2000000e+03
   3.8747222e-03   4.2150000e+03
   2.4174291e-03   4.2300000e+03
   1.4559975e-03   4.2450000e+03
   9.3605177e-04   4.2600000e+03
   7.2502863e-04   4.2750000e+03
   6.5006025e-04   4.2900000e+03
   6.1908166e-04   4.3050000e+03
   7.2722242e-04   4.3200000e+03
   1.1812588e-03   4.3350000e+03
   2.0289896e-03   4.3500000e+03
   2.9120566e-03   4.3650000e+03
   3.1084216e-03   4.3800000e+03
   1.9127702e-03   4.3950000e+03
  -8.9210796e-04   4.4100000e+03
  -4.8245918e-03   4.4250000e+03
  -8.9217527e-03   4.4400000e+03
  -1.2231555e-02   4.4550000e+03
  -1.4234261e-02   4.4700000e+03
  -1.4937028e-02   4.4850000e+03
  -1.4662886e-02   4.5000000e+03
