  -5.8902735e-03   0.0000000e+00
  -5.8902395e-03   1.5000000e+01
  -5.8903620e-03   3.0000000e+01
  -5.8925347e-03   4.5000000e+01
  -5.9017013e-03   6.0000000e+01
  -5.9225643e-03   7.5000000e+01
  -5.9537631e-03   9.0000000e+01
  -5.9895036e-03   1.0500000e+02
  -6.0259746e-03   1.2000000e+02
  -6.0657021e-03   1.3500000e+02
  -6.1162505e-03   1.5000000e+02
  -6.1828932e-03   1.6500000e+02
  -6.2658377e-03   1.8000000e+02
  -6.3658883e-03   1.9500000e+02
  -6.4873802e-03   2.1000000e+02
  -6.6340878e-03   2.2500000e+02
  -6.8019722e-03   2.4000000e+02
  -6.9747278e-03   2.5500000e+02
  -7.1313945e-03   2.7000000e+02
  -7.2619319e-03   2.8500000e+02
  -7.3704254e-03   3.0000000e+02
  -7.4577513e-03   3.1500000e+02
  -7.5010634e-03   3.3000000e+02
  -7.4519017e-03   3.4500000e+02
  -7.2526052e-03   3.6000000e+02
  -6.8522990e-03   3.7500000e+02
  -6.2080827e-03   3.9000000e+02
  -5.2686906e-03   4.0500000e+02
  -3.9522159e-03   4.2000000e+02
  -2.1380964e-03   4.3500000e+02
   3.2892657e-04   4.5000000e+02
   3.6486862e-03   4.6500000e+02
   8.0897100e-03   4.8000000e+02
   1.4005411e-02   4.9500000e+02
   2.1864489e-02   5.1000000e+02
   3.2340452e-02   5.2500000e+02
   4.6434540e-02   5.4000000e+02
   6.5588526e-02   5.5500000e+02
   9.1840044e-02   5.7000000e+02
   1.2804545e-01   5.8500000e+02
   1.7800054e-01   6.0000000e+02
   2.4624746e-01   6.1500000e+02
   3.3747286e-01   6.3000000e+02
   4.5533735e-01   6.4500000e+02
   6.0038573e-01   6.6000000e+02
   7.6668411e-01   6.7500000e+02
   9.3739116e-01   6.9000000e+02
   1.0813277e+00   7.0500000e+02
   1.1551242e+00   7.2000000e+02
   1.1150715e+00   7.3500000e+02
   9.3677372e-01   7.5000000e+02
   6.3255239e-01   7.6500000e+02
   2.5381547e-01   7.8000000e+02
  -1.2662636e-01   7.9500000e+02
  -4.4262466e-01   8.1000000e+02
  -6.5542358e-01   8.2500000e+02
  -7.5794744e-01   8.4000000e+02
  -7.6846230e-01   8.5500000e+02
  -7.2139353e-01   8.7000000e+02
  -6.5428084e-01   8.8500000e+02
  -5.9106278e-01   9.0000000e+02
  -5.3409815e-01   9.1500000e+02
  -4.7505862e-01   9.3000000e+02
  -4.1225079e-01   9.4500000e+02
  -3.5284808e-01   9.6000000e+02
  -3.0145478e-01   9.7500000e+02
  -2.5595662e-01   9.9000000e+02
  -2.1591716e-01   1.0050000e+03
  -1.8643712e-01   1.0200000e+03
  -1.6962831e-01   1.0350000e+03
  -1.5814510e-01   1.0500000e+03
  -1.4188768e-01   1.0650000e+03
  -1.1778385e-01   1.0800000e+03
  -8.9091167e-02   1.0950000e+03
  -5.7993513e-02   1.1100000e+03
  -2.3765074e-02   1.1250000e+03
   1.2914705e-02   1.1400000e+03
   4.8612751e-02   1.1550000e+03
   8.0564439e-02   1.1700000e+03
   1.0815796e-01   1.1850000e+03
   1.3080631e-01   1.2000000e+03
   1.4725858e-01   1.2150000e+03
   1.5729006e-01   1.2300000e+03
   1.6175732e-01   1.2450000e+03
   1.6097926e-01   1.2600000e+03
   1.5481944e-01   1.2750000e+03
   1.4385557e-01   1.2900000e+03
   1.2908670e-01   1.3050000e+03
   1.1132745e-01   1.3200000e+03
   9.1824234e-02   1.3350000e+03
   7.2547123e-02   1.3500000e+03
   5.5429690e-02   1.3650000e+03
   4.2018205e-02   1.3800000e+03
   3.3676606e-02   1.3950000e+03
   3.1260714e-02   1.4100000e+03
   3.4449283e-02   1.4250000e+03
   4.1607209e-02   1.4400000e+03
   5.0207965e-02   1.4550000e+03
   5.7408080e-02   1.4700000e+03
   6.0719457e-02   1.4850000e+03
   5.8728240e-02   1.5000000e+03
   5.1429749e-02   1.5150000e+03
   3.9925884e-02   1.5300000e+03
   2.5735462e-02   1.5450000e+03
   1.0080446e-02   1.5600000e+03
  -6.4899093e-03   1.5750000e+03
  -2.3877222e-02   1.5900000e+03
  -4.1832983e-02   1.6050000e+03
  -5.9467949e-02   1.6200000e+03
  -7.5157136e-02   1.6350000e+03
  -8.6904980e-02   1.6500000e+03
  -9.3043573e-02   1.6650000e+03
  -9.2935249e-02   1.6800000e+03
  -8.7360688e-02   1.6950000e+03
  -7.8427590e-02   1.7100000e+03
  -6.8998449e-02   1.7250000e+03
  -6.1843112e-02   1.7400000e+03
  -5.8861956e-02   1.7550000e+03
  -6.0655978e-02   1.7700000e+03
  -6.6521332e-02   1.7850000e+03
  -7.4787170e-02   1.8000000e+03
  -8.3356522e-02   1.8150000e+03
  -9.0295590e-02   1.8300000e+03
  -9.4308548e-02   1.8450000e+03
  -9.4968610e-02   1.8600000e+03
  -9.2657849e-02   1.8750000e+03
  -8.8254310e-02   1.8900000e+03
  -8.2670085e-02   1.9050000e+03
  -7.6384149e-02   1.9200000e+03
  -6.9120102e-02   1.9350000e+03
  -5.9787195e-02   1.9500000e+03
  -4.6736270e-02   1.9650000e+03
  -2.8286181e-02   1.9800000e+03
  -3.3765212e-03   1.9950000e+03
   2.7852865e-02   2.0100000e+03
   6.3736334e-02   2.0250000e+03
   1.0111625e-01   2.0400000e+03
   1.3575642e-01   2.0550000e+03
   1.6307852e-01   2.0700000e+03
   1.7907944e-01   2.0850000e+03
   1.8120405e-01   2.1000000e+03
   1.6892575e-01   2.1150000e+03
   1.4387463e-01   2.1300000e+03
   1.0950325e-01   2.1450000e+03
   7.0390895e-02   2.1600000e+03
   3.1328309e-02   2.1750000e+03
  -3.6410356e-03   2.1900000e+03
  -3.1981166e-02   2.2050000e+03
  -5.2970320e-02   2.2200000e+03
  -6.7442745e-02   2.2350000e+03
  -7.7110991e-02   2.2500000e+03
  -8.3795786e-02   2.2650000e+03
  -8.8860407e-02   2.2800000e+03
  -9.2966780e-02   2.2950000e+03
  -9.6114479e-02   2.3100000e+03
  -9.7876452e-02   2.3250000e+03
  -9.7744569e-02   2.3400000e+03
  -9.5470592e-02   2.3550000e+03
  -9.1261871e-02   2.3700000e+03
  -8.5737981e-02   2.3850000e+03
  -7.9665713e-02   2.4000000e+03
  -7.3583521e-02   2.4150000e+03
  -6.7453451e-02   2.4300000e+03
  -6.0471784e-02   2.4450000e+03
  -5.1157217e-02   2.4600000e+03
  -3.7779912e-02   2.4750000e+03
  -1.9057777e-02   2.4900000e+03
   5.1153447e-03   2.5050000e+03
   3.3211224e-02   2.5200000e+03
   6.2099054e-02   2.5350000e+03
   8.7620720e-02   2.5500000e+03
   1.0558996e-01   2.5650000e+03
   1.1294194e-01   2.5800000e+03
   1.0864327e-01   2.5950000e+03
   9.3981437e-02   2.6100000e+03
   7.2078846e-02   2.6250000e+03
   4.6855967e-02   2.6400000e+03
   2.1959480e-02   2.6550000e+03
   1.4684611e-04   2.6700000e+03
  -1.6722072e-02   2.6850000e+03
  -2.7351180e-02   2.7000000e+03
  -3.0801190e-02   2.7150000e+03
  -2.6736904e-02   2.7300000e+03
  -1.6054574e-02   2.7450000e+03
  -1.4096121e-03   2.7600000e+03
   1.2942948e-02   2.7750000e+03
   2.2240985e-02   2.7900000e+03
   2.2862520e-02   2.8050000e+03
   1.3682608e-02   2.8200000e+03
  -3.6247715e-03   2.8350000e+03
  -2.5483690e-02   2.8500000e+03
  -4.7929823e-02   2.8650000e+03
  -6.7851990e-02   2.8800000e+03
  -8.3384700e-02   2.8950000e+03
  -9.3530074e-02   2.9100000e+03
  -9.7576164e-02   2.9250000e+03
  -9.4868302e-02   2.9400000e+03
  -8.5072257e-02   2.9550000e+03
  -6.8633437e-02   2.9700000e+03
  -4.7012597e-02   2.9850000e+03
  -2.2484729e-02   3.0000000e+03
   2.3986404e-03   3.0150000e+03
   2.5389137e-02   3.0300000e+03
   4.4883873e-02   3.0450000e+03
   5.9929956e-02   3.0600000e+03
   7.0008092e-02   3.0750000e+03
   7.4822098e-02   3.0900000e+03
   7.4251547e-02   3.1050000e+03
   6.8447590e-02   3.1200000e+03
   5.7929438e-02   3.1350000e+03
   4.3570902e-02   3.1500000e+03
   2.6495447e-02   3.1650000e+03
   7.9766847e-03   3.1800000e+03
  -1.0612533e-02   3.1950000e+03
  -2.7868146e-02   3.2100000e+03
  -4.2523015e-02   3.2250000e+03
  -5.3679816e-02   3.2400000e+03
  -6.0948346e-02   3.2550000e+03
  -6.4355433e-02   3.2700000e+03
  -6.4078338e-02   3.2850000e+03
  -6.0216535e-02   3.3000000e+03
  -5.2797604e-02   3.3150000e+03
  -4.2022295e-02   3.3300000e+03
  -2.8556176e-02   3.3450000e+03
  -1.3633727e-02   3.3600000e+03
   1.1217492e-03   3.3750000e+03
   1.4063625e-02   3.3900000e+03
   2.3876902e-02   3.4050000e+03
   2.9784828e-02   3.4200000e+03
   3.1598106e-02   3.4350000e+03
   2.9668232e-02   3.4500000e+03
   2.4782468e-02   3.4650000e+03
   1.7997233e-02   3.4800000e+03
   1.0425905e-02   3.4950000e+03
   3.0493396e-03   3.5100000e+03
  -3.3806374e-03   3.5250000e+03
  -8.3421553e-03   3.5400000e+03
  -1.1509704e-02   3.5550000e+03
  -1.2740847e-02   3.5700000e+03
  -1.2085211e-02   3.5850000e+03
  -9.7869113e-03   3.6000000e+03
  -6.2637264e-03   3.6150000e+03
  -2.0657657e-03   3.6300000e+03
   2.1842110e-03   3.6450000e+03
   5.8719297e-03   3.6600000e+03
   8.4895557e-03   3.6750000e+03
   9.7348150e-03   3.6900000e+03
   9.5932120e-03   3.7050000e+03
   8.3787860e-03   3.7200000e+03
   6.6902698e-03   3.7350000e+03
   5.2400497e-03   3.7500000e+03
   4.5712353e-03   3.7650000e+03
   4.7730934e-03   3.7800000e+03
   5.3555905e-03   3.7950000e+03
   5.3877067e-03   3.8100000e+03
   3.8653279e-03   3.8250000e+03
   1.4316911e-04   3.8400000e+03
  -5.7761930e-03   3.8550000e+03
  -1.3231772e-02   3.8700000e+03
  -2.1164300e-02   3.8850000e+03
  -2.8503839e-02   3.9000000e+03
  -3.4492873e-02   3.9150000e+03
  -3.8816232e-02   3.9300000e+03
  -4.1534863e-02   3.9450000e+03
  -4.2917911e-02   3.9600000e+03
  -4.3279987e-02   3.9750000e+03
  -4.2875405e-02   3.9900000e+03
  -4.1844562e-02   4.0050000e+03
  -4.0194862e-02   4.0200000e+03
  -3.7817150e-02   4.0350000e+03
  -3.4546085e-02   4.0500000e+03
  -3.0251075e-02   4.0650000e+03
  -2.4917543e-02   4.0800000e+03
  -1.8679023e-02   4.0950000e+03
  -1.1791376e-02   4.1100000e+03
  -4.5779883e-03   4.1250000e+03
   2.6060957e-03   4.1400000e+03
   9.3590207e-03   4.1550000e+03
   1.5188314e-02   4.1700000e+03
   1.9520437e-02   4.1850000e+03
   2.1840613e-02   4.2000000e+03
   2.1935519e-02   4.2150000e+03
   2.0083930e-02   4.2300000e+03
   1.7026670e-02   4.2450000e+03
   1.3687964e-02   4.2600000e+03
   1.0795760e-02   4.2750000e+03
   8.6066034e-03   4.2900000e+03
   6.8586543e-03   4.3050000e+03
   4.9505727e-03   4.3200000e+03
   2.2529014e-03   4.3350000e+03
  -1.5890659e-03   4.3500000e+03
  -6.5008919e-03   4.3650000e+03
  -1.2034286e-02   4.3800000e+03
  -1.7561546e-02   4.3950000e+03
  -2.2462729e-02   4.4100000e+03
  -2.6216494e-02   4.4250000e+03
  -2.8429810e-02   4.4400000e+03
  -2.8890518e-02   4.4550000e+03
  -2.7654031e-02   4.4700000e+03
  -2.5080625e-02   4.4850000e+03
  -2.1739941e-02   4.5000000e+03
