  -9.6814736e-04   0.0000000e+00
  -9.6819014e-04   1.5000000e+01
  -9.6835668e-04   3.0000000e+01
  -9.6863770e-04   4.5000000e+01
  -9.6880039e-04   6.0000000e+01
  -9.6858991e-04   7.5000000e+01
  -9.6810056e-04   9.0000000e+01
  -9.6780004e-04   1.0500000e+02
  -9.6819759e-04   1.2000000e+02
  -9.6940994e-04   1.3500000e+02
  -9.7087515e-04   1.5000000e+02
  -9.7149605e-04   1.6500000e+02
  -9.6983812e-04   1.8000000e+02
  -9.6279918e-04   1.9500000e+02
  -9.4113476e-04   2.1000000e+02
  -8.8422414e-04   2.2500000e+02
  -7.6398801e-04   2.4000000e+02
  -5.6925003e-04   2.5500000e+02
  -3.4115656e-04   2.7000000e+02
  -1.7567145e-04   2.8500000e+02
  -1.5527030e-04   3.0000000e+02
  -2.5541984e-04   3.1500000e+02
  -3.4552859e-04   3.3000000e+02
  -3.2321896e-04   3.4500000e+02
  -2.3198417e-04   3.6000000e+02
  -1.9390209e-04   3.7500000e+02
  -2.3851480e-04   3.9000000e+02
  -2.7541426e-04   4.0500000e+02
  -2.4465506e-04   4.2000000e+02
  -2.0143380e-04   4.3500000e+02
  -2.1047571e-04   4.5000000e+02
  -2.4216206e-04   4.6500000e+02
  -2.3784750e-04   4.8000000e+02
  -2.1024571e-04   4.9500000e+02
  -2.0577099e-04   5.1000000e+02
  -2.1819005e-04   5.2500000e+02
  -2.1081569e-04   5.4000000e+02
  -1.8705815e-04   5.5500000e+02
  -1.7681287e-04   5.7000000e+02
  -1.7996953e-04   5.8500000e+02
  -1.7431566e-04   6.0000000e+02
  -1.5993483e-04   6.1500000e+02
  -1.5438482e-04   6.3000000e+02
  -1.5813502e-04   6.4500000e+02
  -1.5911528e-04   6.6000000e+02
  -1.5979985e-04   6.7500000e+02
  -1.7186921e-04   6.9000000e+02
  -1.9620874e-04   7.0500000e+02
  -2.3059384e-04   7.2000000e+02
  -2.8437490e-04   7.3500000e+02
  -3.6767969e-04   7.5000000e+02
  -4.7479526e-04   7.6500000e+02
  -5.8532279e-04   7.8000000e+02
  -6.7110284e-04   7.9500000e+02
  -7.0204708e-04   8.1000000e+02
  -6.6458172e-04   8.2500000e+02
  -5.8533612e-04   8.4000000e+02
  -5.2592612e-04   8.5500000e+02
  -5.3895137e-04   8.7000000e+02
  -6.2296021e-04   8.8500000e+02
  -7.2220166e-04   9.0000000e+02
  -7.7680987e-04   9.1500000e+02
  -7.7940547e-04   9.3000000e+02
  -7.7970192e-04   9.4500000e+02
  -8.2677172e-04   9.6000000e+02
  -9.1260253e-04   9.7500000e+02
  -9.8747062e-04   9.9000000e+02
  -1.0282743e-03   1.0050000e+03
  -1.0663193e-03   1.0200000e+03
  -1.1363924e-03   1.0350000e+03
  -1.2247363e-03   1.0500000e+03
  -1.2941320e-03   1.0650000e+03
  -1.3434318e-03   1.0800000e+03
  -1.4063225e-03   1.0950000e+03
  -1.4952117e-03   1.1100000e+03
  -1.5854088e-03   1.1250000e+03
  -1.6641165e-03   1.1400000e+03
  -1.7582749e-03   1.1550000e+03
  -1.8939236e-03   1.1700000e+03
  -2.0580303e-03   1.1850000e+03
  -2.2252230e-03   1.2000000e+03
  -2.3971640e-03   1.2150000e+03
  -2.5873245e-03   1.2300000e+03
  -2.7863740e-03   1.2450000e+03
  -2.9726396e-03   1.2600000e+03
  -3.1450663e-03   1.2750000e+03
  -3.3205110e-03   1.2900000e+03
  -3.5078346e-03   1.3050000e+03
  -3.7060922e-03   1.3200000e+03
  -3.9190445e-03   1.3350000e+03
  -4.1514086e-03   1.3500000e+03
  -4.3975865e-03   1.3650000e+03
  -4.6501812e-03   1.3800000e+03
  -4.9132081e-03   1.3950000e+03
  -5.1937019e-03   1.4100000e+03
  -5.4871244e-03   1.4250000e+03
  -5.7829949e-03   1.4400000e+03
  -6.0781287e-03   1.4550000e+03
  -6.3723652e-03   1.4700000e+03
  -6.6568125e-03   1.4850000e+03
  -6.9176354e-03   1.5000000e+03
  -7.1452297e-03   1.5150000e+03
  -7.3248725e-03   1.5300000e+03
  -7.4172872e-03   1.5450000e+03
  -7.3537636e-03   1.5600000e+03
  -7.0406166e-03   1.5750000e+03
  -6.3438294e-03   1.5900000e+03
  -5.0379699e-03   1.6050000e+03
  -2.7214589e-03   1.6200000e+03
   1.3043566e-03   1.6350000e+03
   8.2147419e-03   1.6500000e+03
   1.9936405e-02   1.6650000e+03
   3.9533660e-02   1.6800000e+03
   7.1637429e-02   1.6950000e+03
   1.2268245e-01   1.7100000e+03
   2.0046887e-01   1.7250000e+03
   3.1230140e-01   1.7400000e+03
   4.6090838e-01   1.7550000e+03
   6.3790262e-01   1.7700000e+03
   8.1614149e-01   1.7850000e+03
   9.4496948e-01   1.8000000e+03
   9.5482856e-01   1.8150000e+03
   7.7746546e-01   1.8300000e+03
   3.8188732e-01   1.8450000e+03
  -1.8614778e-01   1.8600000e+03
  -7.8639501e-01   1.8750000e+03
  -1.2152849e+00   1.8900000e+03
  -1.2925079e+00   1.9050000e+03
  -9.6903795e-01   1.9200000e+03
  -3.8737807e-01   1.9350000e+03
   1.6808121e-01   1.9500000e+03
   4.2703721e-01   1.9650000e+03
   3.0324182e-01   1.9800000e+03
  -4.9500022e-02   1.9950000e+03
  -3.5288292e-01   2.0100000e+03
  -4.1087708e-01   2.0250000e+03
  -2.4144273e-01   2.0400000e+03
  -2.5937200e-02   2.0550000e+03
   6.8249501e-02   2.0700000e+03
   2.3989225e-02   2.0850000e+03
  -4.7057070e-02   2.1000000e+03
  -4.0164568e-02   2.1150000e+03
   3.8452048e-02   2.1300000e+03
   9.3418151e-02   2.1450000e+03
   4.6975087e-02   2.1600000e+03
  -8.3373666e-02   2.1750000e+03
  -2.0422740e-01   2.1900000e+03
  -2.3142514e-01   2.2050000e+03
  -1.5620908e-01   2.2200000e+03
  -3.7356615e-02   2.2350000e+03
   6.0480509e-02   2.2500000e+03
   1.1430423e-01   2.2650000e+03
   1.3537160e-01   2.2800000e+03
   1.3522257e-01   2.2950000e+03
   1.1697132e-01   2.3100000e+03
   9.2564769e-02   2.3250000e+03
   8.2337067e-02   2.3400000e+03
   8.7986730e-02   2.3550000e+03
   8.4938511e-02   2.3700000e+03
   5.5745535e-02   2.3850000e+03
   1.7153220e-02   2.4000000e+03
  -1.4048730e-03   2.4150000e+03
   5.9644184e-03   2.4300000e+03
   2.4320818e-02   2.4450000e+03
   4.5414239e-02   2.4600000e+03
   6.9505371e-02   2.4750000e+03
   8.4471747e-02   2.4900000e+03
   6.8167858e-02   2.5050000e+03
   1.7617380e-02   2.5200000e+03
  -4.0454261e-02   2.5350000e+03
  -7.5007766e-02   2.5500000e+03
  -7.6551631e-02   2.5650000e+03
  -5.4989733e-02   2.5800000e+03
  -2.3900438e-02   2.5950000e+03
   5.5377930e-03   2.6100000e+03
   2.2161489e-02   2.6250000e+03
   1.6307224e-02   2.6400000e+03
  -1.3350329e-02   2.6550000e+03
  -5.5263538e-02   2.6700000e+03
  -8.8694297e-02   2.6850000e+03
  -9.5140360e-02   2.7000000e+03
  -7.0344411e-02   2.7150000e+03
  -2.7578844e-02   2.7300000e+03
   1.0672948e-02   2.7450000e+03
   2.6542535e-02   2.7600000e+03
   1.7227622e-02   2.7750000e+03
  -3.9194352e-03   2.7900000e+03
  -1.6803628e-02   2.8050000e+03
  -8.9231143e-03   2.8200000e+03
   1.6039476e-02   2.8350000e+03
   4.2246908e-02   2.8500000e+03
   5.4241601e-02   2.8650000e+03
   4.7211960e-02   2.8800000e+03
   2.7953470e-02   2.8950000e+03
   7.8027793e-03   2.9100000e+03
  -6.0815760e-03   2.9250000e+03
  -1.4848489e-02   2.9400000e+03
  -2.4991091e-02   2.9550000e+03
  -4.0962938e-02   2.9700000e+03
  -5.9680820e-02   2.9850000e+03
  -7.2115235e-02   3.0000000e+03
  -7.0941307e-02   3.0150000e+03
  -5.6825101e-02   3.0300000e+03
  -3.6682554e-02   3.0450000e+03
  -1.5989056e-02   3.0600000e+03
   5.6991163e-03   3.0750000e+03
   3.0780863e-02   3.0900000e+03
   5.6597479e-02   3.1050000e+03
   7.4673742e-02   3.1200000e+03
   7.7975832e-02   3.1350000e+03
   6.8531804e-02   3.1500000e+03
   5.7157245e-02   3.1650000e+03
   5.4925218e-02   3.1800000e+03
   6.3907348e-02   3.1950000e+03
   7.5466283e-02   3.2100000e+03
   7.7511542e-02   3.2250000e+03
   6.3870110e-02   3.2400000e+03
   3.7543561e-02   3.2550000e+03
   6.6799256e-03   3.2700000e+03
  -2.0789815e-02   3.2850000e+03
  -3.9007679e-02   3.3000000e+03
  -4.4051178e-02   3.3150000e+03
  -3.5283074e-02   3.3300000e+03
  -1.7190680e-02   3.3450000e+03
   2.2356526e-03   3.3600000e+03
   1.6638489e-02   3.3750000e+03
   2.4711398e-02   3.3900000e+03
   2.7949231e-02   3.4050000e+03
   2.5518598e-02   3.4200000e+03
   1.2748248e-02   3.4350000e+03
  -1.4219805e-02   3.4500000e+03
  -5.2128766e-02   3.4650000e+03
  -8.9373022e-02   3.4800000e+03
  -1.1169006e-01   3.4950000e+03
  -1.1024009e-01   3.5100000e+03
  -8.6104520e-02   3.5250000e+03
  -4.9041629e-02   3.5400000e+03
  -1.2406098e-02   3.5550000e+03
   1.2847752e-02   3.5700000e+03
   2.2798065e-02   3.5850000e+03
   2.1777535e-02   3.6000000e+03
   1.9012110e-02   3.6150000e+03
   2.2392699e-02   3.6300000e+03
   3.3692595e-02   3.6450000e+03
   4.8332199e-02   3.6600000e+03
   5.8706213e-02   3.6750000e+03
   5.7882641e-02   3.6900000e+03
   4.2128585e-02   3.7050000e+03
   1.2783350e-02   3.7200000e+03
  -2.2859026e-02   3.7350000e+03
  -5.3721488e-02   3.7500000e+03
  -7.0569076e-02   3.7650000e+03
  -7.1200684e-02   3.7800000e+03
  -6.0289886e-02   3.7950000e+03
  -4.3973953e-02   3.8100000e+03
  -2.5045648e-02   3.8250000e+03
  -3.7878999e-03   3.8400000e+03
   1.7434714e-02   3.8550000e+03
   3.2400947e-02   3.8700000e+03
   3.5211887e-02   3.8850000e+03
   2.6115239e-02   3.9000000e+03
   1.2242778e-02   3.9150000e+03
   1.9987139e-03   3.9300000e+03
  -1.3037546e-03   3.9450000e+03
  -5.0337939e-04   3.9600000e+03
  -2.8495898e-04   3.9750000e+03
  -2.7289803e-03   3.9900000e+03
  -6.8807509e-03   4.0050000e+03
  -1.1215230e-02   4.0200000e+03
  -1.5051090e-02   4.0350000e+03
  -1.7552143e-02   4.0500000e+03
  -1.6850229e-02   4.0650000e+03
  -1.1581345e-02   4.0800000e+03
  -3.2208206e-03   4.0950000e+03
   4.2947950e-03   4.1100000e+03
   8.0531966e-03   4.1250000e+03
   8.9779887e-03   4.1400000e+03
   1.0588618e-02   4.1550000e+03
   1.4979967e-02   4.1700000e+03
   2.0398764e-02   4.1850000e+03
   2.2775864e-02   4.2000000e+03
   1.9265851e-02   4.2150000e+03
   1.0244763e-02   4.2300000e+03
  -1.5826939e-03   4.2450000e+03
  -1.3386345e-02   4.2600000e+03
  -2.3458604e-02   4.2750000e+03
  -3.0883664e-02   4.2900000e+03
  -3.4905523e-02   4.3050000e+03
  -3.5373457e-02   4.3200000e+03
  -3.3782035e-02   4.3350000e+03
  -3.2889158e-02   4.3500000e+03
  -3.4182940e-02   4.3650000e+03
  -3.5612214e-02   4.3800000e+03
  -3.2750949e-02   4.3950000e+03
  -2.2967208e-02   4.4100000e+03
  -8.2750479e-03   4.4250000e+03
   6.2945993e-03   4.4400000e+03
   1.6801963e-02   4.4550000e+03
   2.2411376e-02   4.4700000e+03
   2.3896625e-02   4.4850000e+03
   2.1515433e-02   4.5000000e+03
