   1.1341054e-03   0.0000000e+00
   1.1337146e-03   1.5000000e+01
   1.1325362e-03   3.0000000e+01
   1.1306447e-03   4.5000000e+01
   1.1282273e-03   6.0000000e+01
   1.1253832e-03   7.5000000e+01
   1.1219274e-03   9.0000000e+01
   1.1175202e-03   1.0500000e+02
   1.1119883e-03   1.2000000e+02
   1.1054496e-03   1.3500000e+02
   1.0981669e-03   1.5000000e+02
   1.0902995e-03   1.6500000e+02
   1.0816219e-03   1.8000000e+02
   1.0710950e-03   1.9500000e+02
   1.0559278e-03   2.1000000e+02
   1.0307071e-03   2.2500000e+02
   9.8926388e-04   2.4000000e+02
   9.3174569e-04   2.5500000e+02
   8.7321561e-04   2.7000000e+02
   8.4152177e-04   2.8500000e+02
   8.5601496e-04   3.0000000e+02
   9.0279256e-04   3.1500000e+02
   9.4029191e-04   3.3000000e+02
   9.4137376e-04   3.4500000e+02
   9.2410180e-04   3.6000000e+02
   9.2562748e-04   3.7500000e+02
   9.5064379e-04   3.9000000e+02
   9.6845377e-04   4.0500000e+02
   9.6192799e-04   4.2000000e+02
   9.5089589e-04   4.3500000e+02
   9.5598027e-04   4.5000000e+02
   9.6716476e-04   4.6500000e+02
   9.6706761e-04   4.8000000e+02
   9.6138282e-04   4.9500000e+02
   9.6409675e-04   5.1000000e+02
   9.7162108e-04   5.2500000e+02
   9.7265420e-04   5.4000000e+02
   9.6907088e-04   5.5500000e+02
   9.6923730e-04   5.7000000e+02
   9.7150641e-04   5.8500000e+02
   9.6919993e-04   6.0000000e+02
   9.6421019e-04   6.1500000e+02
   9.6258218e-04   6.3000000e+02
   9.6243119e-04   6.4500000e+02
   9.5735211e-04   6.6000000e+02
   9.4590749e-04   6.7500000e+02
   9.2783495e-04   6.9000000e+02
   8.9579634e-04   7.0500000e+02
   8.3778414e-04   7.2000000e+02
   7.4373384e-04   7.3500000e+02
   6.0817471e-04   7.5000000e+02
   4.3660603e-04   7.6500000e+02
   2.5830924e-04   7.8000000e+02
   1.2828050e-04   7.9500000e+02
   1.0243020e-04   8.1000000e+02
   1.9622175e-04   8.2500000e+02
   3.5762432e-04   8.4000000e+02
   4.8433722e-04   8.5500000e+02
   4.9055991e-04   8.7000000e+02
   3.8051713e-04   8.8500000e+02
   2.5407597e-04   9.0000000e+02
   2.1730420e-04   9.1500000e+02
   2.7709949e-04   9.3000000e+02
   3.3799699e-04   9.4500000e+02
   3.1462067e-04   9.6000000e+02
   2.3076600e-04   9.7500000e+02
   1.8193050e-04   9.9000000e+02
   2.0885390e-04   1.0050000e+03
   2.5109231e-04   1.0200000e+03
   2.4267474e-04   1.0350000e+03
   2.0968882e-04   1.0500000e+03
   2.2765117e-04   1.0650000e+03
   3.0986394e-04   1.0800000e+03
   4.0221092e-04   1.0950000e+03
   4.8632891e-04   1.1100000e+03
   6.1936310e-04   1.1250000e+03
   8.4962422e-04   1.1400000e+03
   1.1554080e-03   1.1550000e+03
   1.5069130e-03   1.1700000e+03
   1.9378981e-03   1.1850000e+03
   2.5071737e-03   1.2000000e+03
   3.2288141e-03   1.2150000e+03
   4.0945667e-03   1.2300000e+03
   5.1373416e-03   1.2450000e+03
   6.4193425e-03   1.2600000e+03
   7.9775834e-03   1.2750000e+03
   9.8329140e-03   1.2900000e+03
   1.2042345e-02   1.3050000e+03
   1.4699944e-02   1.3200000e+03
   1.7896265e-02   1.3350000e+03
   2.1716513e-02   1.3500000e+03
   2.6274683e-02   1.3650000e+03
   3.1721216e-02   1.3800000e+03
   3.8222920e-02   1.3950000e+03
   4.5952920e-02   1.4100000e+03
   5.5082619e-02   1.4250000e+03
   6.5760948e-02   1.4400000e+03
   7.8119420e-02   1.4550000e+03
   9.2320099e-02   1.4700000e+03
   1.0856732e-01   1.4850000e+03
   1.2700456e-01   1.5000000e+03
   1.4754391e-01   1.5150000e+03
   1.6976064e-01   1.5300000e+03
   1.9293761e-01   1.5450000e+03
   2.1624731e-01   1.5600000e+03
   2.3898074e-01   1.5750000e+03
   2.6068360e-01   1.5900000e+03
   2.8109145e-01   1.6050000e+03
   2.9987743e-01   1.6200000e+03
   3.1634241e-01   1.6350000e+03
   3.2921696e-01   1.6500000e+03
   3.3674493e-01   1.6650000e+03
   3.3714804e-01   1.6800000e+03
   3.2934356e-01   1.6950000e+03
   3.1350905e-01   1.7100000e+03
   2.9106429e-01   1.7250000e+03
   2.6401380e-01   1.7400000e+03
   2.3408611e-01   1.7550000e+03
   2.0226237e-01   1.7700000e+03
   1.6894223e-01   1.7850000e+03
   1.3446632e-01   1.8000000e+03
   9.9499471e-02   1.8150000e+03
   6.5034203e-02   1.8300000e+03
   3.2156833e-02   1.8450000e+03
   1.8264143e-03   1.8600000e+03
  -2.5240857e-02   1.8750000e+03
  -4.8617460e-02   1.8900000e+03
  -6.8164140e-02   1.9050000e+03
  -8.3978504e-02   1.9200000e+03
  -9.6306287e-02   1.9350000e+03
  -1.0543537e-01   1.9500000e+03
  -1.1158774e-01   1.9650000e+03
  -1.1485313e-01   1.9800000e+03
  -1.1522052e-01   1.9950000e+03
  -1.1269676e-01   2.0100000e+03
  -1.0742562e-01   2.0250000e+03
  -9.9737875e-02   2.0400000e+03
  -9.0126641e-02   2.0550000e+03
  -7.9162449e-02   2.0700000e+03
  -6.7370072e-02   2.0850000e+03
  -5.5132978e-02   2.1000000e+03
  -4.2699844e-02   2.1150000e+03
  -3.0281926e-02   2.1300000e+03
  -1.8147530e-02   2.1450000e+03
  -6.6425004e-03   2.1600000e+03
   3.8549914e-03   2.1750000e+03
   1.3004840e-02   2.1900000e+03
   2.0581624e-02   2.2050000e+03
   2.6542973e-02   2.2200000e+03
   3.1045271e-02   2.2350000e+03
   3.4369715e-02   2.2500000e+03
   3.6794841e-02   2.2650000e+03
   3.8497586e-02   2.2800000e+03
   3.9523382e-02   2.2950000e+03
   3.9813716e-02   2.3100000e+03
   3.9273188e-02   2.3250000e+03
   3.7852339e-02   2.3400000e+03
   3.5603147e-02   2.3550000e+03
   3.2677799e-02   2.3700000e+03
   2.9280797e-02   2.3850000e+03
   2.5608147e-02   2.4000000e+03
   2.1810031e-02   2.4150000e+03
   1.7995564e-02   2.4300000e+03
   1.4261298e-02   2.4450000e+03
   1.0706366e-02   2.4600000e+03
   7.4219233e-03   2.4750000e+03
   4.4754529e-03   2.4900000e+03
   1.9087198e-03   2.5050000e+03
  -2.5939225e-04   2.5200000e+03
  -2.0416824e-03   2.5350000e+03
  -3.4939216e-03   2.5500000e+03
  -4.7050347e-03   2.5650000e+03
  -5.7684151e-03   2.5800000e+03
  -6.7627570e-03   2.5950000e+03
  -7.7590682e-03   2.6100000e+03
  -8.8420771e-03   2.6250000e+03
  -1.0121345e-02   2.6400000e+03
  -1.1718233e-02   2.6550000e+03
  -1.3740191e-02   2.6700000e+03
  -1.6264932e-02   2.6850000e+03
  -1.9339954e-02   2.7000000e+03
  -2.2986220e-02   2.7150000e+03
  -2.7199648e-02   2.7300000e+03
  -3.1951509e-02   2.7450000e+03
  -3.7188321e-02   2.7600000e+03
  -4.2833213e-02   2.7750000e+03
  -4.8791535e-02   2.7900000e+03
  -5.4958817e-02   2.8050000e+03
  -6.1226677e-02   2.8200000e+03
  -6.7484230e-02   2.8350000e+03
  -7.3616810e-02   2.8500000e+03
  -7.9507716e-02   2.8650000e+03
  -8.5044250e-02   2.8800000e+03
  -9.0121865e-02   2.8950000e+03
  -9.4641939e-02   2.9100000e+03
  -9.8508514e-02   2.9250000e+03
  -1.0162970e-01   2.9400000e+03
  -1.0392385e-01   2.9550000e+03
  -1.0532824e-01   2.9700000e+03
  -1.0580699e-01   2.9850000e+03
  -1.0535410e-01   3.0000000e+03
  -1.0398968e-01   3.0150000e+03
  -1.0175368e-01   3.0300000e+03
  -9.8703466e-02   3.0450000e+03
  -9.4916664e-02   3.0600000e+03
  -9.0494730e-02   3.0750000e+03
  -8.5560746e-02   3.0900000e+03
  -8.0249846e-02   3.1050000e+03
  -7.4696086e-02   3.1200000e+03
  -6.9021046e-02   3.1350000e+03
  -6.3326597e-02   3.1500000e+03
  -5.7692077e-02   3.1650000e+03
  -5.2174862e-02   3.1800000e+03
  -4.6812870e-02   3.1950000e+03
  -4.1628033e-02   3.2100000e+03
  -3.6629722e-02   3.2250000e+03
  -3.1817049e-02   3.2400000e+03
  -2.7179277e-02   3.2550000e+03
  -2.2695795e-02   3.2700000e+03
  -1.8339327e-02   3.2850000e+03
  -1.4084946e-02   3.3000000e+03
  -9.9224001e-03   3.3150000e+03
  -5.8650421e-03   3.3300000e+03
  -1.9500840e-03   3.3450000e+03
   1.7689492e-03   3.3600000e+03
   5.2319015e-03   3.3750000e+03
   8.3781350e-03   3.3900000e+03
   1.1147024e-02   3.4050000e+03
   1.3474752e-02   3.4200000e+03
   1.5291523e-02   3.4350000e+03
   1.6522525e-02   3.4500000e+03
   1.7093420e-02   3.4650000e+03
   1.6939400e-02   3.4800000e+03
   1.6016437e-02   3.4950000e+03
   1.4312878e-02   3.5100000e+03
   1.1858173e-02   3.5250000e+03
   8.7245163e-03   3.5400000e+03
   5.0191376e-03   3.5550000e+03
   8.6998724e-04   3.5700000e+03
  -3.5884909e-03   3.5850000e+03
  -8.2233688e-03   3.6000000e+03
  -1.2904010e-02   3.6150000e+03
  -1.7499924e-02   3.6300000e+03
  -2.1881076e-02   3.6450000e+03
  -2.5922451e-02   3.6600000e+03
  -2.9510181e-02   3.6750000e+03
  -3.2545682e-02   3.6900000e+03
  -3.4947105e-02   3.7050000e+03
  -3.6650021e-02   3.7200000e+03
  -3.7608597e-02   3.7350000e+03
  -3.7796393e-02   3.7500000e+03
  -3.7204906e-02   3.7650000e+03
  -3.5839681e-02   3.7800000e+03
  -3.3715792e-02   3.7950000e+03
  -3.0855555e-02   3.8100000e+03
  -2.7290080e-02   3.8250000e+03
  -2.3064326e-02   3.8400000e+03
  -1.8243216e-02   3.8550000e+03
  -1.2915719e-02   3.8700000e+03
  -7.1947961e-03   3.8850000e+03
  -1.2130233e-03   3.9000000e+03
   4.8847240e-03   3.9150000e+03
   1.0949815e-02   3.9300000e+03
   1.6838210e-02   3.9450000e+03
   2.2417588e-02   3.9600000e+03
   2.7572501e-02   3.9750000e+03
   3.2207411e-02   3.9900000e+03
   3.6248572e-02   4.0050000e+03
   3.9646156e-02   4.0200000e+03
   4.2376641e-02   4.0350000e+03
   4.4443835e-02   4.0500000e+03
   4.5876909e-02   4.0650000e+03
   4.6725716e-02   4.0800000e+03
   4.7055624e-02   4.0950000e+03
   4.6943512e-02   4.1100000e+03
   4.6474356e-02   4.1250000e+03
   4.5736913e-02   4.1400000e+03
   4.4818044e-02   4.1550000e+03
   4.3796483e-02   4.1700000e+03
   4.2737074e-02   4.1850000e+03
   4.1686084e-02   4.2000000e+03
   4.0668651e-02   4.2150000e+03
   3.9689843e-02   4.2300000e+03
   3.8739324e-02   4.2450000e+03
   3.7797116e-02   4.2600000e+03
   3.6837533e-02   4.2750000e+03
   3.5831325e-02   4.2900000e+03
   3.4748919e-02   4.3050000e+03
   3.3566646e-02   4.3200000e+03
   3.2274242e-02   4.3350000e+03
   3.0879797e-02   4.3500000e+03
   2.9409664e-02   4.3650000e+03
   2.7904054e-02   4.3800000e+03
   2.6410202e-02   4.3950000e+03
   2.4974553e-02   4.4100000e+03
   2.3635214e-02   4.4250000e+03
   2.2416087e-02   4.4400000e+03
   2.1323925e-02   4.4550000e+03
   2.0348426e-02   4.4700000e+03
   1.9464612e-02   4.4850000e+03
   1.8636625e-02   4.5000000e+03
