   1.6993638e-02   0.0000000e+00
   1.6984519e-02   1.5000000e+01
   1.6959133e-02   3.0000000e+01
   1.6924275e-02   4.5000000e+01
   1.6891550e-02   6.0000000e+01
   1.6876219e-02   7.5000000e+01
   1.6894178e-02   9.0000000e+01
   1.6962111e-02   1.0500000e+02
   1.7102417e-02   1.2000000e+02
   1.7351441e-02   1.3500000e+02
   1.7767258e-02   1.5000000e+02
   1.8436156e-02   1.6500000e+02
   1.9483276e-02   1.8000000e+02
   2.1091273e-02   1.9500000e+02
   2.3533467e-02   2.1000000e+02
   2.7223395e-02   2.2500000e+02
   3.2774240e-02   2.4000000e+02
   4.1096587e-02   2.5500000e+02
   5.3605650e-02   2.7000000e+02
   7.2573967e-02   2.8500000e+02
   1.0155442e-01   3.0000000e+02
   1.4568901e-01   3.1500000e+02
   2.1173641e-01   3.3000000e+02
   3.0786225e-01   3.4500000e+02
   4.4341680e-01   3.6000000e+02
   6.2856007e-01   3.7500000e+02
   8.7233931e-01   3.9000000e+02
   1.1763983e+00   4.0500000e+02
   1.5222483e+00   4.2000000e+02
   1.8553603e+00   4.3500000e+02
   2.0780621e+00   4.5000000e+02
   2.0683324e+00   4.6500000e+02
   1.7327826e+00   4.8000000e+02
   1.0749456e+00   4.9500000e+02
   2.2990200e-01   5.1000000e+02
  -5.8100581e-01   5.2500000e+02
  -1.1646520e+00   5.4000000e+02
  -1.4568182e+00   5.5500000e+02
  -1.5224818e+00   5.7000000e+02
  -1.4627399e+00   5.8500000e+02
  -1.3314173e+00   6.0000000e+02
  -1.1411707e+00   6.1500000e+02
  -9.1984147e-01   6.3000000e+02
  -7.2196728e-01   6.4500000e+02
  -5.8171850e-01   6.6000000e+02
  -4.8488054e-01   6.7500000e+02
  -4.0169159e-01   6.9000000e+02
  -3.2632908e-01   7.0500000e+02
  -2.6848352e-01   7.2000000e+02
  -2.2519319e-01   7.3500000e+02
  -1.8259113e-01   7.5000000e+02
  -1.3558145e-01   7.6500000e+02
  -8.7769970e-02   7.8000000e+02
  -3.8734611e-02   7.9500000e+02
   1.3240425e-02   8.1000000e+02
   6.0915239e-02   8.2500000e+02
   9.4187610e-02   8.4000000e+02
   1.1335696e-01   8.5500000e+02
   1.2626030e-01   8.7000000e+02
   1.3632300e-01   8.8500000e+02
   1.4255039e-01   9.0000000e+02
   1.4711845e-01   9.1500000e+02
   1.5402862e-01   9.3000000e+02
   1.6252688e-01   9.4500000e+02
   1.6823453e-01   9.6000000e+02
   1.6870610e-01   9.7500000e+02
   1.6344665e-01   9.9000000e+02
   1.5082932e-01   1.0050000e+03
   1.2879945e-01   1.0200000e+03
   9.7696073e-02   1.0350000e+03
   6.0648926e-02   1.0500000e+03
   2.1830862e-02   1.0650000e+03
  -1.5056251e-02   1.0800000e+03
  -4.7253970e-02   1.0950000e+03
  -7.2920702e-02   1.1100000e+03
  -9.1314301e-02   1.1250000e+03
  -1.0313902e-01   1.1400000e+03
  -1.1041743e-01   1.1550000e+03
  -1.1581246e-01   1.1700000e+03
  -1.2198500e-01   1.1850000e+03
  -1.3113749e-01   1.2000000e+03
  -1.4441723e-01   1.2150000e+03
  -1.6131692e-01   1.2300000e+03
  -1.7957848e-01   1.2450000e+03
  -1.9568531e-01   1.2600000e+03
  -2.0555434e-01   1.2750000e+03
  -2.0509571e-01   1.2900000e+03
  -1.9077405e-01   1.3050000e+03
  -1.6050595e-01   1.3200000e+03
  -1.1473413e-01   1.3350000e+03
  -5.7073064e-02   1.3500000e+03
   5.8605629e-03   1.3650000e+03
   6.5469451e-02   1.3800000e+03
   1.1290636e-01   1.3950000e+03
   1.4105079e-01   1.4100000e+03
   1.4601541e-01   1.4250000e+03
   1.2773313e-01   1.4400000e+03
   8.9692570e-02   1.4550000e+03
   3.8117450e-02   1.4700000e+03
  -1.9164098e-02   1.4850000e+03
  -7.3983952e-02   1.5000000e+03
  -1.1908322e-01   1.5150000e+03
  -1.4917901e-01   1.5300000e+03
  -1.6164804e-01   1.5450000e+03
  -1.5669264e-01   1.5600000e+03
  -1.3700242e-01   1.5750000e+03
  -1.0701127e-01   1.5900000e+03
  -7.1889326e-02   1.6050000e+03
  -3.6489937e-02   1.6200000e+03
  -4.5284345e-03   1.6350000e+03
   2.1793414e-02   1.6500000e+03
   4.1655436e-02   1.6650000e+03
   5.5117689e-02   1.6800000e+03
   6.2566601e-02   1.6950000e+03
   6.4421192e-02   1.7100000e+03
   6.1182126e-02   1.7250000e+03
   5.3662684e-02   1.7400000e+03
   4.3174308e-02   1.7550000e+03
   3.1511154e-02   1.7700000e+03
   2.0672753e-02   1.7850000e+03
   1.2364995e-02   1.8000000e+03
   7.4495194e-03   1.8150000e+03
   5.6130555e-03   1.8300000e+03
   5.4727094e-03   1.8450000e+03
   5.0893910e-03   1.8600000e+03
   2.6203294e-03   1.8750000e+03
  -3.1628825e-03   1.8900000e+03
  -1.2571238e-02   1.9050000e+03
  -2.4873765e-02   1.9200000e+03
  -3.8390540e-02   1.9350000e+03
  -5.0902333e-02   1.9500000e+03
  -6.0309064e-02   1.9650000e+03
  -6.5206766e-02   1.9800000e+03
  -6.5034673e-02   1.9950000e+03
  -5.9770651e-02   2.0100000e+03
  -4.9528088e-02   2.0250000e+03
  -3.4465581e-02   2.0400000e+03
  -1.5121058e-02   2.0550000e+03
   7.0912447e-03   2.0700000e+03
   2.9628415e-02   2.0850000e+03
   4.9070250e-02   2.1000000e+03
   6.1842851e-02   2.1150000e+03
   6.5144569e-02   2.1300000e+03
   5.7719339e-02   2.1450000e+03
   4.0196884e-02   2.1600000e+03
   1.4916621e-02   2.1750000e+03
  -1.4608217e-02   2.1900000e+03
  -4.4292033e-02   2.2050000e+03
  -6.9931202e-02   2.2200000e+03
  -8.7541364e-02   2.2350000e+03
  -9.3781531e-02   2.2500000e+03
  -8.6584009e-02   2.2650000e+03
  -6.5825656e-02   2.2800000e+03
  -3.3667833e-02   2.2950000e+03
   5.7163946e-03   2.3100000e+03
   4.6974313e-02   2.3250000e+03
   8.4622242e-02   2.3400000e+03
   1.1396185e-01   2.3550000e+03
   1.3173568e-01   2.3700000e+03
   1.3656822e-01   2.3850000e+03
   1.2919790e-01   2.4000000e+03
   1.1236341e-01   2.4150000e+03
   9.0200931e-02   2.4300000e+03
   6.7208253e-02   2.4450000e+03
   4.7078226e-02   2.4600000e+03
   3.1806979e-02   2.4750000e+03
   2.1387812e-02   2.4900000e+03
   1.4175148e-02   2.5050000e+03
   7.7460664e-03   2.5200000e+03
  -9.9068071e-05   2.5350000e+03
  -1.0575535e-02   2.5500000e+03
  -2.3605019e-02   2.5650000e+03
  -3.7930366e-02   2.5800000e+03
  -5.1487073e-02   2.5950000e+03
  -6.1890118e-02   2.6100000e+03
  -6.6975325e-02   2.6250000e+03
  -6.5331623e-02   2.6400000e+03
  -5.6688271e-02   2.6550000e+03
  -4.2011220e-02   2.6700000e+03
  -2.3275549e-02   2.6850000e+03
  -3.0247802e-03   2.7000000e+03
   1.6112488e-02   2.7150000e+03
   3.1816494e-02   2.7300000e+03
   4.2327587e-02   2.7450000e+03
   4.6578977e-02   2.7600000e+03
   4.4285875e-02   2.7750000e+03
   3.6048930e-02   2.7900000e+03
   2.3432331e-02   2.8050000e+03
   8.8720284e-03   2.8200000e+03
  -4.7286735e-03   2.8350000e+03
  -1.4713871e-02   2.8500000e+03
  -1.9491961e-02   2.8650000e+03
  -1.9117173e-02   2.8800000e+03
  -1.5343145e-02   2.8950000e+03
  -1.1071390e-02   2.9100000e+03
  -9.3866047e-03   2.9250000e+03
  -1.2531537e-02   2.9400000e+03
  -2.1153808e-02   2.9550000e+03
  -3.4028031e-02   2.9700000e+03
  -4.8330955e-02   2.9850000e+03
  -6.0437519e-02   3.0000000e+03
  -6.7048118e-02   3.0150000e+03
  -6.6267729e-02   3.0300000e+03
  -5.8186457e-02   3.0450000e+03
  -4.4695389e-02   3.0600000e+03
  -2.8650176e-02   3.0750000e+03
  -1.2817138e-02   3.0900000e+03
   9.2050678e-04   3.1050000e+03
   1.1845960e-02   3.1200000e+03
   2.0217108e-02   3.1350000e+03
   2.6792968e-02   3.1500000e+03
   3.2294702e-02   3.1650000e+03
   3.6995042e-02   3.1800000e+03
   4.0579855e-02   3.1950000e+03
   4.2304650e-02   3.2100000e+03
   4.1318186e-02   3.2250000e+03
   3.6974519e-02   3.2400000e+03
   2.9049771e-02   3.2550000e+03
   1.7887054e-02   3.2700000e+03
   4.4707698e-03   3.2850000e+03
  -9.6643819e-03   3.3000000e+03
  -2.2765862e-02   3.3150000e+03
  -3.3334732e-02   3.3300000e+03
  -4.0486719e-02   3.3450000e+03
  -4.4030331e-02   3.3600000e+03
  -4.4319324e-02   3.3750000e+03
  -4.2064250e-02   3.3900000e+03
  -3.8195517e-02   3.4050000e+03
  -3.3716030e-02   3.4200000e+03
  -2.9475192e-02   3.4350000e+03
  -2.5929611e-02   3.4500000e+03
  -2.3038507e-02   3.4650000e+03
  -2.0361450e-02   3.4800000e+03
  -1.7277602e-02   3.4950000e+03
  -1.3190962e-02   3.5100000e+03
  -7.6627219e-03   3.5250000e+03
  -5.1305909e-04   3.5400000e+03
   8.0561256e-03   3.5550000e+03
   1.7356629e-02   3.5700000e+03
   2.6251758e-02   3.5850000e+03
   3.3423197e-02   3.6000000e+03
   3.7789181e-02   3.6150000e+03
   3.8846768e-02   3.6300000e+03
   3.6735944e-02   3.6450000e+03
   3.2020900e-02   3.6600000e+03
   2.5372669e-02   3.6750000e+03
   1.7352320e-02   3.6900000e+03
   8.3594359e-03   3.7050000e+03
  -1.3158147e-03   3.7200000e+03
  -1.1420335e-02   3.7350000e+03
  -2.1685522e-02   3.7500000e+03
  -3.1799715e-02   3.7650000e+03
  -4.1398279e-02   3.7800000e+03
  -5.0056495e-02   3.7950000e+03
  -5.7275996e-02   3.8100000e+03
  -6.2486243e-02   3.8250000e+03
  -6.5108955e-02   3.8400000e+03
  -6.4712793e-02   3.8550000e+03
  -6.1219580e-02   3.8700000e+03
  -5.5062626e-02   3.8850000e+03
  -4.7191385e-02   3.9000000e+03
  -3.8876068e-02   3.9150000e+03
  -3.1367116e-02   3.9300000e+03
  -2.5554759e-02   3.9450000e+03
  -2.1789126e-02   3.9600000e+03
  -1.9935915e-02   3.9750000e+03
  -1.9607257e-02   3.9900000e+03
  -2.0418635e-02   4.0050000e+03
  -2.2137657e-02   4.0200000e+03
  -2.4680194e-02   4.0350000e+03
  -2.7997717e-02   4.0500000e+03
  -3.1934485e-02   4.0650000e+03
  -3.6118533e-02   4.0800000e+03
  -3.9924026e-02   4.0950000e+03
  -4.2530667e-02   4.1100000e+03
  -4.3096770e-02   4.1250000e+03
  -4.1023757e-02   4.1400000e+03
  -3.6222078e-02   4.1550000e+03
  -2.9244415e-02   4.1700000e+03
  -2.1190500e-02   4.1850000e+03
  -1.3401224e-02   4.2000000e+03
  -7.0689423e-03   4.2150000e+03
  -2.9199650e-03   4.2300000e+03
  -1.0688670e-03   4.2450000e+03
  -1.0589540e-03   4.2600000e+03
  -2.0445762e-03   4.2750000e+03
  -3.0523469e-03   4.2900000e+03
  -3.2591780e-03   4.3050000e+03
  -2.2240013e-03   4.3200000e+03
  -6.6016582e-06   4.3350000e+03
   2.8783442e-03   4.3500000e+03
   5.6715203e-03   4.3650000e+03
   7.6643047e-03   4.3800000e+03
   8.4457966e-03   4.3950000e+03
   7.9926923e-03   4.4100000e+03
   6.5946779e-03   4.4250000e+03
   4.7092177e-03   4.4400000e+03
   2.8524559e-03   4.4550000e+03
   1.5507301e-03   4.4700000e+03
   1.2900643e-03   4.4850000e+03
   2.4034407e-03   4.5000000e+03
