  -1.2206527e-03   0.0000000e+00
  -1.2206393e-03   1.5000000e+01
  -1.2206258e-03   3.0000000e+01
  -1.2206385e-03   4.5000000e+01
  -1.2205859e-03   6.0000000e+01
  -1.2203128e-03   7.5000000e+01
  -1.2198037e-03   9.0000000e+01
  -1.2192591e-03   1.0500000e+02
  -1.2189792e-03   1.2000000e+02
  -1.2191043e-03   1.3500000e+02
  -1.2193455e-03   1.5000000e+02
  -1.2189689e-03   1.6500000e+02
  -1.2167844e-03   1.8000000e+02
  -1.2098980e-03   1.9500000e+02
  -1.1898297e-03   2.1000000e+02
  -1.1380836e-03   2.2500000e+02
  -1.0300234e-03   2.4000000e+02
  -8.5685571e-04   2.5500000e+02
  -6.5694441e-04   2.7000000e+02
  -5.1697873e-04   2.8500000e+02
  -5.0972885e-04   3.0000000e+02
  -6.1047211e-04   3.1500000e+02
  -6.9984869e-04   3.3000000e+02
  -6.8634399e-04   3.4500000e+02
  -6.1131007e-04   3.6000000e+02
  -5.8565603e-04   3.7500000e+02
  -6.3449732e-04   3.9000000e+02
  -6.7423482e-04   4.0500000e+02
  -6.5057137e-04   4.2000000e+02
  -6.1478338e-04   4.3500000e+02
  -6.2626752e-04   4.5000000e+02
  -6.5811008e-04   4.6500000e+02
  -6.5760140e-04   4.8000000e+02
  -6.3732697e-04   4.9500000e+02
  -6.3958077e-04   5.1000000e+02
  -6.5798324e-04   5.2500000e+02
  -6.5887597e-04   5.4000000e+02
  -6.4528722e-04   5.5500000e+02
  -6.4368587e-04   5.7000000e+02
  -6.5302936e-04   5.8500000e+02
  -6.5305794e-04   6.0000000e+02
  -6.4466614e-04   6.1500000e+02
  -6.4420165e-04   6.3000000e+02
  -6.5127987e-04   6.4500000e+02
  -6.5367192e-04   6.6000000e+02
  -6.5255282e-04   6.7500000e+02
  -6.5701432e-04   6.9000000e+02
  -6.6520879e-04   7.0500000e+02
  -6.7140843e-04   7.2000000e+02
  -6.7997572e-04   7.3500000e+02
  -6.9750258e-04   7.5000000e+02
  -7.2181766e-04   7.6500000e+02
  -7.4765610e-04   7.8000000e+02
  -7.7291141e-04   7.9500000e+02
  -7.9395506e-04   8.1000000e+02
  -8.0474303e-04   8.2500000e+02
  -8.0567377e-04   8.4000000e+02
  -8.0635073e-04   8.5500000e+02
  -8.1617362e-04   8.7000000e+02
  -8.3634316e-04   8.8500000e+02
  -8.6131447e-04   9.0000000e+02
  -8.8415301e-04   9.1500000e+02
  -9.0119394e-04   9.3000000e+02
  -9.1465260e-04   9.4500000e+02
  -9.2991797e-04   9.6000000e+02
  -9.4883225e-04   9.7500000e+02
  -9.6792012e-04   9.9000000e+02
  -9.8442705e-04   1.0050000e+03
  -1.0001289e-03   1.0200000e+03
  -1.0167189e-03   1.0350000e+03
  -1.0318634e-03   1.0500000e+03
  -1.0437230e-03   1.0650000e+03
  -1.0558033e-03   1.0800000e+03
  -1.0726296e-03   1.0950000e+03
  -1.0929039e-03   1.1100000e+03
  -1.1120439e-03   1.1250000e+03
  -1.1305214e-03   1.1400000e+03
  -1.1544380e-03   1.1550000e+03
  -1.1875316e-03   1.1700000e+03
  -1.2276963e-03   1.1850000e+03
  -1.2723298e-03   1.2000000e+03
  -1.3217247e-03   1.2150000e+03
  -1.3750140e-03   1.2300000e+03
  -1.4276064e-03   1.2450000e+03
  -1.4758979e-03   1.2600000e+03
  -1.5214366e-03   1.2750000e+03
  -1.5680800e-03   1.2900000e+03
  -1.6176604e-03   1.3050000e+03
  -1.6700894e-03   1.3200000e+03
  -1.7249784e-03   1.3350000e+03
  -1.7815821e-03   1.3500000e+03
  -1.8393382e-03   1.3650000e+03
  -1.8995032e-03   1.3800000e+03
  -1.9644313e-03   1.3950000e+03
  -2.0347019e-03   1.4100000e+03
  -2.1087890e-03   1.4250000e+03
  -2.1862609e-03   1.4400000e+03
  -2.2696008e-03   1.4550000e+03
  -2.3614068e-03   1.4700000e+03
  -2.4612092e-03   1.4850000e+03
  -2.5674002e-03   1.5000000e+03
  -2.6813822e-03   1.5150000e+03
  -2.8065105e-03   1.5300000e+03
  -2.9429251e-03   1.5450000e+03
  -3.0871090e-03   1.5600000e+03
  -3.2379981e-03   1.5750000e+03
  -3.4012741e-03   1.5900000e+03
  -3.5856166e-03   1.6050000e+03
  -3.7948035e-03   1.6200000e+03
  -4.0246332e-03   1.6350000e+03
  -4.2682472e-03   1.6500000e+03
  -4.5240782e-03   1.6650000e+03
  -4.7988868e-03   1.6800000e+03
  -5.1049986e-03   1.6950000e+03
  -5.4559703e-03   1.7100000e+03
  -5.8642076e-03   1.7250000e+03
  -6.3407989e-03   1.7400000e+03
  -6.8950625e-03   1.7550000e+03
  -7.5326217e-03   1.7700000e+03
  -8.2540587e-03   1.7850000e+03
  -9.0516498e-03   1.8000000e+03
  -9.8899771e-03   1.8150000e+03
  -1.0653468e-02   1.8300000e+03
  -1.1051795e-02   1.8450000e+03
  -1.0475582e-02   1.8600000e+03
  -7.7896705e-03   1.8750000e+03
  -1.0717894e-03   1.8900000e+03
   1.2612767e-02   1.9050000e+03
   3.7161950e-02   1.9200000e+03
   7.6717041e-02   1.9350000e+03
   1.3383386e-01   1.9500000e+03
   2.0638336e-01   1.9650000e+03
   2.8381124e-01   1.9800000e+03
   3.4464282e-01   1.9950000e+03
   3.5826385e-01   2.0100000e+03
   2.9385984e-01   2.0250000e+03
   1.3666265e-01   2.0400000e+03
  -9.3858935e-02   2.0550000e+03
  -3.3517727e-01   2.0700000e+03
  -4.9490279e-01   2.0850000e+03
  -4.9029851e-01   2.1000000e+03
  -3.0052170e-01   2.1150000e+03
  -1.1549673e-04   2.1300000e+03
   2.5929591e-01   2.1450000e+03
   3.2629302e-01   2.1600000e+03
   1.4872146e-01   2.1750000e+03
  -1.7386934e-01   2.1900000e+03
  -4.3652734e-01   2.2050000e+03
  -4.5945740e-01   2.2200000e+03
  -2.1630952e-01   2.2350000e+03
   1.3941306e-01   2.2500000e+03
   3.7896949e-01   2.2650000e+03
   3.5946751e-01   2.2800000e+03
   1.1935090e-01   2.2950000e+03
  -1.6050796e-01   2.3100000e+03
  -2.9222068e-01   2.3250000e+03
  -2.0791537e-01   2.3400000e+03
   6.9195544e-03   2.3550000e+03
   1.8597652e-01   2.3700000e+03
   2.0588808e-01   2.3850000e+03
   7.6029241e-02   2.4000000e+03
  -7.5542718e-02   2.4150000e+03
  -1.1875346e-01   2.4300000e+03
  -4.1642640e-02   2.4450000e+03
   4.9814876e-02   2.4600000e+03
   5.8287196e-02   2.4750000e+03
   9.4214483e-04   2.4900000e+03
  -3.5367321e-02   2.5050000e+03
  -2.0395081e-02   2.5200000e+03
  -5.1296251e-03   2.5350000e+03
  -1.7850565e-02   2.5500000e+03
  -9.9844579e-03   2.5650000e+03
   4.9411979e-02   2.5800000e+03
   9.0533860e-02   2.5950000e+03
   3.5454795e-02   2.6100000e+03
  -6.4563796e-02   2.6250000e+03
  -8.5295253e-02   2.6400000e+03
  -1.3208738e-02   2.6550000e+03
   3.7790712e-02   2.6700000e+03
   9.3792425e-03   2.6850000e+03
  -2.0296693e-02   2.7000000e+03
   1.3359964e-02   2.7150000e+03
   4.7582842e-02   2.7300000e+03
   9.6852351e-03   2.7450000e+03
  -5.0944328e-02   2.7600000e+03
  -4.9237754e-02   2.7750000e+03
  -4.6329186e-03   2.7900000e+03
   1.2300723e-02   2.8050000e+03
   8.1537226e-03   2.8200000e+03
   2.8696831e-02   2.8350000e+03
   4.6721593e-02   2.8500000e+03
   8.0746803e-03   2.8650000e+03
  -4.7706738e-02   2.8800000e+03
  -3.4679439e-02   2.8950000e+03
   3.0548327e-02   2.9100000e+03
   4.4074912e-02   2.9250000e+03
  -2.1757765e-02   2.9400000e+03
  -7.6139182e-02   2.9550000e+03
  -4.8060652e-02   2.9700000e+03
   2.0337056e-02   2.9850000e+03
   4.7408480e-02   3.0000000e+03
   1.5460960e-02   3.0150000e+03
  -3.0825658e-02   3.0300000e+03
  -4.7746040e-02   3.0450000e+03
  -2.7254963e-02   3.0600000e+03
   6.6594156e-03   3.0750000e+03
   1.8368052e-02   3.0900000e+03
  -5.2244915e-03   3.1050000e+03
  -3.1327389e-02   3.1200000e+03
  -1.1241315e-02   3.1350000e+03
   5.5711135e-02   3.1500000e+03
   1.0787743e-01   3.1650000e+03
   8.7897189e-02   3.1800000e+03
   1.0277505e-02   3.1950000e+03
  -5.6174874e-02   3.2100000e+03
  -6.4562090e-02   3.2250000e+03
  -2.8479598e-02   3.2400000e+03
   1.0861082e-02   3.2550000e+03
   3.1913072e-02   3.2700000e+03
   3.9191335e-02   3.2850000e+03
   3.9512083e-02   3.3000000e+03
   2.9362909e-02   3.3150000e+03
   6.3490020e-03   3.3300000e+03
  -1.7593214e-02   3.3450000e+03
  -2.4113035e-02   3.3600000e+03
  -1.0828261e-02   3.3750000e+03
   2.1426189e-03   3.3900000e+03
  -4.2154929e-03   3.4050000e+03
  -2.1628531e-02   3.4200000e+03
  -2.2900838e-02   3.4350000e+03
   2.2882249e-03   3.4500000e+03
   3.0657951e-02   3.4650000e+03
   3.0831635e-02   3.4800000e+03
  -2.5981409e-04   3.4950000e+03
  -3.3030733e-02   3.5100000e+03
  -3.5040040e-02   3.5250000e+03
  -1.4087366e-03   3.5400000e+03
   4.1075792e-02   3.5550000e+03
   5.5553105e-02   3.5700000e+03
   2.4856914e-02   3.5850000e+03
  -3.1183884e-02   3.6000000e+03
  -6.6907346e-02   3.6150000e+03
  -4.8458464e-02   3.6300000e+03
   1.1753877e-02   3.6450000e+03
   6.0701229e-02   3.6600000e+03
   5.2511994e-02   3.6750000e+03
  -6.6510239e-03   3.6900000e+03
  -6.4072937e-02   3.7050000e+03
  -7.1822345e-02   3.7200000e+03
  -3.0645005e-02   3.7350000e+03
   1.6619634e-02   3.7500000e+03
   3.0100858e-02   3.7650000e+03
   7.9567758e-03   3.7800000e+03
  -1.9728601e-02   3.7950000e+03
  -2.4826642e-02   3.8100000e+03
  -6.2276782e-03   3.8250000e+03
   1.5028375e-02   3.8400000e+03
   1.9991059e-02   3.8550000e+03
   9.0445178e-03   3.8700000e+03
  -2.6937029e-03   3.8850000e+03
  -3.0996168e-03   3.9000000e+03
   6.0097757e-03   3.9150000e+03
   1.4092727e-02   3.9300000e+03
   1.4451534e-02   3.9450000e+03
   9.7625246e-03   3.9600000e+03
   6.7335847e-03   3.9750000e+03
   8.0875289e-03   3.9900000e+03
   1.0601874e-02   4.0050000e+03
   9.6239923e-03   4.0200000e+03
   4.1543972e-03   4.0350000e+03
  -2.6345835e-03   4.0500000e+03
  -7.4167135e-03   4.0650000e+03
  -1.0495192e-02   4.0800000e+03
  -1.4468974e-02   4.0950000e+03
  -1.8922983e-02   4.1100000e+03
  -1.8623043e-02   4.1250000e+03
  -9.6895956e-03   4.1400000e+03
   3.1584536e-03   4.1550000e+03
   9.4977953e-03   4.1700000e+03
   5.2494630e-03   4.1850000e+03
  -1.1794042e-03   4.2000000e+03
   1.6953582e-03   4.2150000e+03
   1.4171595e-02   4.2300000e+03
   2.4378659e-02   4.2450000e+03
   2.1777978e-02   4.2600000e+03
   8.0675632e-03   4.2750000e+03
  -6.5914770e-03   4.2900000e+03
  -1.4729867e-02   4.3050000e+03
  -1.6206993e-02   4.3200000e+03
  -1.4173877e-02   4.3350000e+03
  -1.0638761e-02   4.3500000e+03
  -6.5135779e-03   4.3650000e+03
  -3.2559601e-03   4.3800000e+03
  -2.6530051e-03   4.3950000e+03
  -5.2400664e-03   4.4100000e+03
  -9.1779800e-03   4.4250000e+03
  -1.0460096e-02   4.4400000e+03
  -4.9043833e-03   4.4550000e+03
   8.5322903e-03   4.4700000e+03
   2.5420073e-02   4.4850000e+03
   3.6862582e-02   4.5000000e+03
