  -6.9613755e-04   0.0000000e+00
  -6.9621857e-04   1.5000000e+01
  -6.9635641e-04   3.0000000e+01
  -6.9654046e-04   4.5000000e+01
  -6.9700839e-04   6.0000000e+01
  -6.9795572e-04   7.5000000e+01
  -6.9952774e-04   9.0000000e+01
  -7.0193375e-04   1.0500000e+02
  -7.0517935e-04   1.2000000e+02
  -7.0890354e-04   1.3500000e+02
  -7.1282726e-04   1.5000000e+02
  -7.1710983e-04   1.6500000e+02
  -7.2203763e-04   1.8000000e+02
  -7.2766736e-04   1.9500000e+02
  -7.3385827e-04   2.1000000e+02
  -7.4027968e-04   2.2500000e+02
  -7.4650522e-04   2.4000000e+02
  -7.5228972e-04   2.5500000e+02
  -7.5767038e-04   2.7000000e+02
  -7.6299370e-04   2.8500000e+02
  -7.6896168e-04   3.0000000e+02
  -7.7626889e-04   3.1500000e+02
  -7.8502204e-04   3.3000000e+02
  -7.9469936e-04   3.4500000e+02
  -8.0471614e-04   3.6000000e+02
  -8.1491214e-04   3.7500000e+02
  -8.2546449e-04   3.9000000e+02
  -8.3645433e-04   4.0500000e+02
  -8.4753847e-04   4.2000000e+02
  -8.5812790e-04   4.3500000e+02
  -8.6811237e-04   4.5000000e+02
  -8.7848067e-04   4.6500000e+02
  -8.9137361e-04   4.8000000e+02
  -9.0993091e-04   4.9500000e+02
  -9.3807396e-04   5.1000000e+02
  -9.7970420e-04   5.2500000e+02
  -1.0364994e-03   5.4000000e+02
  -1.1043831e-03   5.5500000e+02
  -1.1714762e-03   5.7000000e+02
  -1.2217156e-03   5.8500000e+02
  -1.2444252e-03   6.0000000e+02
  -1.2438144e-03   6.1500000e+02
  -1.2386704e-03   6.3000000e+02
  -1.2475828e-03   6.4500000e+02
  -1.2700637e-03   6.6000000e+02
  -1.2829090e-03   6.7500000e+02
  -1.2575523e-03   6.9000000e+02
  -1.1812869e-03   7.0500000e+02
  -1.0622323e-03   7.2000000e+02
  -9.1916870e-04   7.3500000e+02
  -7.7501597e-04   7.5000000e+02
  -6.6115451e-04   7.6500000e+02
  -6.1491731e-04   7.8000000e+02
  -6.5602071e-04   7.9500000e+02
  -7.6253567e-04   8.1000000e+02
  -8.8101940e-04   8.2500000e+02
  -9.6701999e-04   8.4000000e+02
  -1.0108745e-03   8.5500000e+02
  -1.0245462e-03   8.7000000e+02
  -1.0211073e-03   8.8500000e+02
  -1.0198564e-03   9.0000000e+02
  -1.0532228e-03   9.1500000e+02
  -1.1394246e-03   9.3000000e+02
  -1.2503846e-03   9.4500000e+02
  -1.3330510e-03   9.6000000e+02
  -1.3666246e-03   9.7500000e+02
  -1.3789091e-03   9.9000000e+02
  -1.4071249e-03   1.0050000e+03
  -1.4648712e-03   1.0200000e+03
  -1.5443392e-03   1.0350000e+03
  -1.6251274e-03   1.0500000e+03
  -1.6834068e-03   1.0650000e+03
  -1.7170841e-03   1.0800000e+03
  -1.7570055e-03   1.0950000e+03
  -1.8304191e-03   1.1100000e+03
  -1.9223581e-03   1.1250000e+03
  -1.9960953e-03   1.1400000e+03
  -2.0415471e-03   1.1550000e+03
  -2.0801409e-03   1.1700000e+03
  -2.1282479e-03   1.1850000e+03
  -2.1777225e-03   1.2000000e+03
  -2.2160548e-03   1.2150000e+03
  -2.2530463e-03   1.2300000e+03
  -2.3171892e-03   1.2450000e+03
  -2.4258464e-03   1.2600000e+03
  -2.5667406e-03   1.2750000e+03
  -2.7103538e-03   1.2900000e+03
  -2.8298318e-03   1.3050000e+03
  -2.9060696e-03   1.3200000e+03
  -2.9324095e-03   1.3350000e+03
  -2.9297413e-03   1.3500000e+03
  -2.9434606e-03   1.3650000e+03
  -3.0025390e-03   1.3800000e+03
  -3.0810903e-03   1.3950000e+03
  -3.1174507e-03   1.4100000e+03
  -3.0782826e-03   1.4250000e+03
  -2.9944971e-03   1.4400000e+03
  -2.9255899e-03   1.4550000e+03
  -2.8921491e-03   1.4700000e+03
  -2.8506911e-03   1.4850000e+03
  -2.7347174e-03   1.5000000e+03
  -2.5144126e-03   1.5150000e+03
  -2.2122548e-03   1.5300000e+03
  -1.8615889e-03   1.5450000e+03
  -1.4545054e-03   1.5600000e+03
  -9.3526632e-04   1.5750000e+03
  -2.4433338e-04   1.5900000e+03
   6.4301054e-04   1.6050000e+03
   1.7352533e-03   1.6200000e+03
   3.0774882e-03   1.6350000e+03
   4.7674607e-03   1.6500000e+03
   6.9175223e-03   1.6650000e+03
   9.6268905e-03   1.6800000e+03
   1.3012699e-02   1.6950000e+03
   1.7257605e-02   1.7100000e+03
   2.2609238e-02   1.7250000e+03
   2.9345358e-02   1.7400000e+03
   3.7766360e-02   1.7550000e+03
   4.8219442e-02   1.7700000e+03
   6.1101034e-02   1.7850000e+03
   7.6824449e-02   1.8000000e+03
   9.5803678e-02   1.8150000e+03
   1.1848169e-01   1.8300000e+03
   1.4535818e-01   1.8450000e+03
   1.7695205e-01   1.8600000e+03
   2.1367146e-01   1.8750000e+03
   2.5559214e-01   1.8900000e+03
   3.0216098e-01   1.9050000e+03
   3.5188952e-01   1.9200000e+03
   4.0215781e-01   1.9350000e+03
   4.4924271e-01   1.9500000e+03
   4.8860800e-01   1.9650000e+03
   5.1541954e-01   1.9800000e+03
   5.2521712e-01   1.9950000e+03
   5.1464534e-01   2.0100000e+03
   4.8209196e-01   2.0250000e+03
   4.2805991e-01   2.0400000e+03
   3.5516635e-01   2.0550000e+03
   2.6779607e-01   2.0700000e+03
   1.7154862e-01   2.0850000e+03
   7.2628893e-02   2.1000000e+03
  -2.2766130e-02   2.1150000e+03
  -1.0913643e-01   2.1300000e+03
  -1.8249413e-01   2.1450000e+03
  -2.4107665e-01   2.1600000e+03
  -2.8538010e-01   2.1750000e+03
  -3.1702620e-01   2.1900000e+03
  -3.3682480e-01   2.2050000e+03
  -3.4344798e-01   2.2200000e+03
  -3.3413002e-01   2.2350000e+03
  -3.0720520e-01   2.2500000e+03
  -2.6441628e-01   2.2650000e+03
  -2.1091585e-01   2.2800000e+03
  -1.5307678e-01   2.2950000e+03
  -9.6287720e-02   2.3100000e+03
  -4.4455163e-02   2.3250000e+03
  -6.2631327e-04   2.3400000e+03
   3.3012971e-02   2.3550000e+03
   5.6101445e-02   2.3700000e+03
   7.0469327e-02   2.3850000e+03
   7.8751862e-02   2.4000000e+03
   8.2400195e-02   2.4150000e+03
   8.1297465e-02   2.4300000e+03
   7.5343341e-02   2.4450000e+03
   6.5906242e-02   2.4600000e+03
   5.5272225e-02   2.4750000e+03
   4.4913456e-02   2.4900000e+03
   3.4896795e-02   2.5050000e+03
   2.5013003e-02   2.5200000e+03
   1.5811156e-02   2.5350000e+03
   8.1400545e-03   2.5500000e+03
   2.1884078e-03   2.5650000e+03
  -2.3906033e-03   2.5800000e+03
  -5.6126472e-03   2.5950000e+03
  -7.0472206e-03   2.6100000e+03
  -6.5682568e-03   2.6250000e+03
  -4.6891258e-03   2.6400000e+03
  -2.0498212e-03   2.6550000e+03
   9.8095741e-04   2.6700000e+03
   4.0338831e-03   2.6850000e+03
   6.4564445e-03   2.7000000e+03
   7.5537772e-03   2.7150000e+03
   6.9171353e-03   2.7300000e+03
   4.3811533e-03   2.7450000e+03
  -1.3003805e-04   2.7600000e+03
  -6.5518911e-03   2.7750000e+03
  -1.4618887e-02   2.7900000e+03
  -2.3986133e-02   2.8050000e+03
  -3.4310460e-02   2.8200000e+03
  -4.5125622e-02   2.8350000e+03
  -5.5749014e-02   2.8500000e+03
  -6.5418281e-02   2.8650000e+03
  -7.3470280e-02   2.8800000e+03
  -7.9358347e-02   2.8950000e+03
  -8.2626380e-02   2.9100000e+03
  -8.2992934e-02   2.9250000e+03
  -8.0434032e-02   2.9400000e+03
  -7.5128689e-02   2.9550000e+03
  -6.7366853e-02   2.9700000e+03
  -5.7548478e-02   2.9850000e+03
  -4.6207249e-02   3.0000000e+03
  -3.3973914e-02   3.0150000e+03
  -2.1538073e-02   3.0300000e+03
  -9.6442802e-03   3.0450000e+03
   9.6223492e-04   3.0600000e+03
   9.6605001e-03   3.0750000e+03
   1.6046962e-02   3.0900000e+03
   1.9962382e-02   3.1050000e+03
   2.1513147e-02   3.1200000e+03
   2.1069260e-02   3.1350000e+03
   1.9165087e-02   3.1500000e+03
   1.6345877e-02   3.1650000e+03
   1.3069537e-02   3.1800000e+03
   9.6679451e-03   3.1950000e+03
   6.3098636e-03   3.2100000e+03
   2.9762501e-03   3.2250000e+03
  -5.1534723e-04   3.2400000e+03
  -4.4557247e-03   3.2550000e+03
  -9.1784447e-03   3.2700000e+03
  -1.4964974e-02   3.2850000e+03
  -2.1931177e-02   3.3000000e+03
  -2.9958570e-02   3.3150000e+03
  -3.8706023e-02   3.3300000e+03
  -4.7667779e-02   3.3450000e+03
  -5.6229047e-02   3.3600000e+03
  -6.3711993e-02   3.3750000e+03
  -6.9436692e-02   3.3900000e+03
  -7.2810493e-02   3.4050000e+03
  -7.3424794e-02   3.4200000e+03
  -7.1119249e-02   3.4350000e+03
  -6.5991014e-02   3.4500000e+03
  -5.8364592e-02   3.4650000e+03
  -4.8753027e-02   3.4800000e+03
  -3.7815984e-02   3.4950000e+03
  -2.6294081e-02   3.5100000e+03
  -1.4919041e-02   3.5250000e+03
  -4.3394095e-03   3.5400000e+03
   4.9005440e-03   3.5550000e+03
   1.2338512e-02   3.5700000e+03
   1.7575784e-02   3.5850000e+03
   2.0300876e-02   3.6000000e+03
   2.0348664e-02   3.6150000e+03
   1.7749660e-02   3.6300000e+03
   1.2729022e-02   3.6450000e+03
   5.6595257e-03   3.6600000e+03
  -2.9922337e-03   3.6750000e+03
  -1.2696872e-02   3.6900000e+03
  -2.2876251e-02   3.7050000e+03
  -3.2925397e-02   3.7200000e+03
  -4.2256381e-02   3.7350000e+03
  -5.0354600e-02   3.7500000e+03
  -5.6824587e-02   3.7650000e+03
  -6.1409209e-02   3.7800000e+03
  -6.3985266e-02   3.7950000e+03
  -6.4551167e-02   3.8100000e+03
  -6.3216567e-02   3.8250000e+03
  -6.0186185e-02   3.8400000e+03
  -5.5723209e-02   3.8550000e+03
  -5.0091647e-02   3.8700000e+03
  -4.3500401e-02   3.8850000e+03
  -3.6079362e-02   3.9000000e+03
  -2.7902346e-02   3.9150000e+03
  -1.9046269e-02   3.9300000e+03
  -9.6596424e-03   3.9450000e+03
  -1.2157079e-05   3.9600000e+03
   9.4944034e-03   3.9750000e+03
   1.8360863e-02   3.9900000e+03
   2.6062161e-02   4.0050000e+03
   3.2133374e-02   4.0200000e+03
   3.6244292e-02   4.0350000e+03
   3.8244359e-02   4.0500000e+03
   3.8172517e-02   4.0650000e+03
   3.6235739e-02   4.0800000e+03
   3.2764465e-02   4.0950000e+03
   2.8153958e-02   4.1100000e+03
   2.2800965e-02   4.1250000e+03
   1.7046355e-02   4.1400000e+03
   1.1136131e-02   4.1550000e+03
   5.2106921e-03   4.1700000e+03
  -6.7623303e-04   4.1850000e+03
  -6.5177027e-03   4.2000000e+03
  -1.2305789e-02   4.2150000e+03
  -1.7986637e-02   4.2300000e+03
  -2.3427496e-02   4.2450000e+03
  -2.8407490e-02   4.2600000e+03
  -3.2642338e-02   4.2750000e+03
  -3.5838030e-02   4.2900000e+03
  -3.7748259e-02   4.3050000e+03
  -3.8207389e-02   4.3200000e+03
  -3.7132658e-02   4.3350000e+03
  -3.4514841e-02   4.3500000e+03
  -3.0418864e-02   4.3650000e+03
  -2.4993457e-02   4.3800000e+03
  -1.8470595e-02   4.3950000e+03
  -1.1142889e-02   4.4100000e+03
  -3.3300635e-03   4.4250000e+03
   4.6450919e-03   4.4400000e+03
   1.2465993e-02   4.4550000e+03
   1.9830458e-02   4.4700000e+03
   2.6470127e-02   4.4850000e+03
   3.2174218e-02   4.5000000e+03
