   1.8339979e-03   0.0000000e+00
   1.8334467e-03   1.5000000e+01
   1.8318045e-03   3.0000000e+01
   1.8291535e-03   4.5000000e+01
   1.8256626e-03   6.0000000e+01
   1.8213870e-03   7.5000000e+01
   1.8161192e-03   9.0000000e+01
   1.8095765e-03   1.0500000e+02
   1.8016890e-03   1.2000000e+02
   1.7926296e-03   1.3500000e+02
   1.7825604e-03   1.5000000e+02
   1.7713440e-03   1.6500000e+02
   1.7582126e-03   1.8000000e+02
   1.7406525e-03   1.9500000e+02
   1.7115666e-03   2.1000000e+02
   1.6562896e-03   2.2500000e+02
   1.5564871e-03   2.4000000e+02
   1.4083288e-03   2.5500000e+02
   1.2466505e-03   2.7000000e+02
   1.1430460e-03   2.8500000e+02
   1.1529917e-03   3.0000000e+02
   1.2492283e-03   3.1500000e+02
   1.3294929e-03   3.3000000e+02
   1.3208276e-03   3.4500000e+02
   1.2628984e-03   3.6000000e+02
   1.2490927e-03   3.7500000e+02
   1.2963774e-03   3.9000000e+02
   1.3314069e-03   4.0500000e+02
   1.3097381e-03   4.2000000e+02
   1.2774842e-03   4.3500000e+02
   1.2852905e-03   4.5000000e+02
   1.3091868e-03   4.6500000e+02
   1.3050357e-03   4.8000000e+02
   1.2850898e-03   4.9500000e+02
   1.2847022e-03   5.1000000e+02
   1.2968291e-03   5.2500000e+02
   1.2931745e-03   5.4000000e+02
   1.2774330e-03   5.5500000e+02
   1.2715482e-03   5.7000000e+02
   1.2733962e-03   5.8500000e+02
   1.2661791e-03   6.0000000e+02
   1.2524083e-03   6.1500000e+02
   1.2463146e-03   6.3000000e+02
   1.2454662e-03   6.4500000e+02
   1.2369883e-03   6.6000000e+02
   1.2198675e-03   6.7500000e+02
   1.1978250e-03   6.9000000e+02
   1.1610626e-03   7.0500000e+02
   1.0922694e-03   7.2000000e+02
   9.8074414e-04   7.3500000e+02
   8.2240510e-04   7.5000000e+02
   6.2288356e-04   7.6500000e+02
   4.1544181e-04   7.8000000e+02
   2.6588014e-04   7.9500000e+02
   2.4047904e-04   8.1000000e+02
   3.5577887e-04   8.2500000e+02
   5.4978975e-04   8.4000000e+02
   7.0378854e-04   8.5500000e+02
   7.1869820e-04   8.7000000e+02
   6.0037972e-04   8.8500000e+02
   4.6717661e-04   9.0000000e+02
   4.4452137e-04   9.1500000e+02
   5.3986907e-04   9.3000000e+02
   6.3995284e-04   9.4500000e+02
   6.4522226e-04   9.6000000e+02
   5.8643793e-04   9.7500000e+02
   5.7865353e-04   9.9000000e+02
   6.7142776e-04   1.0050000e+03
   7.9489645e-04   1.0200000e+03
   8.7357813e-04   1.0350000e+03
   9.4221486e-04   1.0500000e+03
   1.0956440e-03   1.0650000e+03
   1.3559979e-03   1.0800000e+03
   1.6655806e-03   1.0950000e+03
   2.0100481e-03   1.1100000e+03
   2.4680193e-03   1.1250000e+03
   3.1120575e-03   1.1400000e+03
   3.9340947e-03   1.1550000e+03
   4.9167722e-03   1.1700000e+03
   6.1195125e-03   1.1850000e+03
   7.6353028e-03   1.2000000e+03
   9.5077557e-03   1.2150000e+03
   1.1754530e-02   1.2300000e+03
   1.4439577e-02   1.2450000e+03
   1.7658116e-02   1.2600000e+03
   2.1472618e-02   1.2750000e+03
   2.5925353e-02   1.2900000e+03
   3.1104170e-02   1.3050000e+03
   3.7149269e-02   1.3200000e+03
   4.4212732e-02   1.3350000e+03
   5.2464854e-02   1.3500000e+03
   6.2137466e-02   1.3650000e+03
   7.3517725e-02   1.3800000e+03
   8.6883239e-02   1.3950000e+03
   1.0243277e-01   1.4100000e+03
   1.2022925e-01   1.4250000e+03
   1.4016630e-01   1.4400000e+03
   1.6201209e-01   1.4550000e+03
   1.8552341e-01   1.4700000e+03
   2.1048796e-01   1.4850000e+03
   2.3657586e-01   1.5000000e+03
   2.6309121e-01   1.5150000e+03
   2.8885493e-01   1.5300000e+03
   3.1235585e-01   1.5450000e+03
   3.3209339e-01   1.5600000e+03
   3.4688663e-01   1.5750000e+03
   3.5594696e-01   1.5900000e+03
   3.5871428e-01   1.6050000e+03
   3.5468286e-01   1.6200000e+03
   3.4342939e-01   1.6350000e+03
   3.2479987e-01   1.6500000e+03
   2.9903817e-01   1.6650000e+03
   2.6677012e-01   1.6800000e+03
   2.2897840e-01   1.6950000e+03
   1.8708877e-01   1.7100000e+03
   1.4303355e-01   1.7250000e+03
   9.9017896e-02   1.7400000e+03
   5.6949560e-02   1.7550000e+03
   1.7914066e-02   1.7700000e+03
  -1.7813820e-02   1.7850000e+03
  -5.0168581e-02   1.8000000e+03
  -7.8630716e-02   1.8150000e+03
  -1.0211747e-01   1.8300000e+03
  -1.1951286e-01   1.8450000e+03
  -1.3033156e-01   1.8600000e+03
  -1.3495550e-01   1.8750000e+03
  -1.3434789e-01   1.8900000e+03
  -1.2961194e-01   1.9050000e+03
  -1.2176862e-01   1.9200000e+03
  -1.1176811e-01   1.9350000e+03
  -1.0048790e-01   1.9500000e+03
  -8.8596702e-02   1.9650000e+03
  -7.6440312e-02   1.9800000e+03
  -6.4129837e-02   1.9950000e+03
  -5.1772844e-02   2.0100000e+03
  -3.9628960e-02   2.0250000e+03
  -2.8081825e-02   2.0400000e+03
  -1.7510021e-02   2.0550000e+03
  -8.1788786e-03   2.0700000e+03
  -1.9819300e-04   2.0850000e+03
   6.4504426e-03   2.1000000e+03
   1.1816325e-02   2.1150000e+03
   1.5861476e-02   2.1300000e+03
   1.8425496e-02   2.1450000e+03
   1.9322194e-02   2.1600000e+03
   1.8484017e-02   2.1750000e+03
   1.6027819e-02   2.1900000e+03
   1.2217758e-02   2.2050000e+03
   7.3998682e-03   2.2200000e+03
   1.9570368e-03   2.2350000e+03
  -3.7335793e-03   2.2500000e+03
  -9.3441270e-03   2.2650000e+03
  -1.4601047e-02   2.2800000e+03
  -1.9250829e-02   2.2950000e+03
  -2.3051891e-02   2.3100000e+03
  -2.5825322e-02   2.3250000e+03
  -2.7503891e-02   2.3400000e+03
  -2.8114617e-02   2.3550000e+03
  -2.7726071e-02   2.3700000e+03
  -2.6436664e-02   2.3850000e+03
  -2.4407098e-02   2.4000000e+03
  -2.1868149e-02   2.4150000e+03
  -1.9070210e-02   2.4300000e+03
  -1.6217126e-02   2.4450000e+03
  -1.3438277e-02   2.4600000e+03
  -1.0809272e-02   2.4750000e+03
  -8.3939070e-03   2.4900000e+03
  -6.2671429e-03   2.5050000e+03
  -4.4968668e-03   2.5200000e+03
  -3.1076667e-03   2.5350000e+03
  -2.0729920e-03   2.5500000e+03
  -1.3441787e-03   2.5650000e+03
  -8.7705621e-04   2.5800000e+03
  -6.2944874e-04   2.5950000e+03
  -5.5040244e-04   2.6100000e+03
  -5.8895437e-04   2.6250000e+03
  -7.1457418e-04   2.6400000e+03
  -9.2401687e-04   2.6550000e+03
  -1.2297595e-03   2.6700000e+03
  -1.6452788e-03   2.6850000e+03
  -2.1799852e-03   2.7000000e+03
  -2.8452890e-03   2.7150000e+03
  -3.6649005e-03   2.7300000e+03
  -4.6793385e-03   2.7450000e+03
  -5.9405863e-03   2.7600000e+03
  -7.5027500e-03   2.7750000e+03
  -9.4154850e-03   2.7900000e+03
  -1.1719996e-02   2.8050000e+03
  -1.4444806e-02   2.8200000e+03
  -1.7601663e-02   2.8350000e+03
  -2.1183224e-02   2.8500000e+03
  -2.5162427e-02   2.8650000e+03
  -2.9492019e-02   2.8800000e+03
  -3.4102406e-02   2.8950000e+03
  -3.8897876e-02   2.9100000e+03
  -4.3754797e-02   2.9250000e+03
  -4.8525836e-02   2.9400000e+03
  -5.3049456e-02   2.9550000e+03
  -5.7160493e-02   2.9700000e+03
  -6.0700450e-02   2.9850000e+03
  -6.3528806e-02   3.0000000e+03
  -6.5534264e-02   3.0150000e+03
  -6.6642910e-02   3.0300000e+03
  -6.6823304e-02   3.0450000e+03
  -6.6091575e-02   3.0600000e+03
  -6.4517364e-02   3.0750000e+03
  -6.2226083e-02   3.0900000e+03
  -5.9393454e-02   3.1050000e+03
  -5.6232274e-02   3.1200000e+03
  -5.2975181e-02   3.1350000e+03
  -4.9857251e-02   3.1500000e+03
  -4.7100428e-02   3.1650000e+03
  -4.4900801e-02   3.1800000e+03
  -4.3418586e-02   3.1950000e+03
  -4.2769384e-02   3.2100000e+03
  -4.3015402e-02   3.2250000e+03
  -4.4157300e-02   3.2400000e+03
  -4.6130259e-02   3.2550000e+03
  -4.8808422e-02   3.2700000e+03
  -5.2018546e-02   3.2850000e+03
  -5.5558600e-02   3.3000000e+03
  -5.9215344e-02   3.3150000e+03
  -6.2778085e-02   3.3300000e+03
  -6.6049926e-02   3.3450000e+03
  -6.8858616e-02   3.3600000e+03
  -7.1065485e-02   3.3750000e+03
  -7.2569147e-02   3.3900000e+03
  -7.3302612e-02   3.4050000e+03
  -7.3227309e-02   3.4200000e+03
  -7.2329395e-02   3.4350000e+03
  -7.0620880e-02   3.4500000e+03
  -6.8142854e-02   3.4650000e+03
  -6.4964943e-02   3.4800000e+03
  -6.1177317e-02   3.4950000e+03
  -5.6876946e-02   3.5100000e+03
  -5.2154992e-02   3.5250000e+03
  -4.7091469e-02   3.5400000e+03
  -4.1757781e-02   3.5550000e+03
  -3.6222305e-02   3.5700000e+03
  -3.0553319e-02   3.5850000e+03
  -2.4816869e-02   3.6000000e+03
  -1.9071151e-02   3.6150000e+03
  -1.3361152e-02   3.6300000e+03
  -7.7173202e-03   3.6450000e+03
  -2.1599133e-03   3.6600000e+03
   3.2923783e-03   3.6750000e+03
   8.6133666e-03   3.6900000e+03
   1.3764073e-02   3.7050000e+03
   1.8693773e-02   3.7200000e+03
   2.3346953e-02   3.7350000e+03
   2.7672704e-02   3.7500000e+03
   3.1631798e-02   3.7650000e+03
   3.5199147e-02   3.7800000e+03
   3.8363513e-02   3.7950000e+03
   4.1128408e-02   3.8100000e+03
   4.3515805e-02   3.8250000e+03
   4.5570053e-02   3.8400000e+03
   4.7357563e-02   3.8550000e+03
   4.8960071e-02   3.8700000e+03
   5.0463088e-02   3.8850000e+03
   5.1944029e-02   3.9000000e+03
   5.3464308e-02   3.9150000e+03
   5.5066422e-02   3.9300000e+03
   5.6773305e-02   3.9450000e+03
   5.8585726e-02   3.9600000e+03
   6.0476869e-02   3.9750000e+03
   6.2388662e-02   3.9900000e+03
   6.4236328e-02   4.0050000e+03
   6.5923162e-02   4.0200000e+03
   6.7359596e-02   4.0350000e+03
   6.8476349e-02   4.0500000e+03
   6.9225617e-02   4.0650000e+03
   6.9572821e-02   4.0800000e+03
   6.9487765e-02   4.0950000e+03
   6.8942994e-02   4.1100000e+03
   6.7920573e-02   4.1250000e+03
   6.6422038e-02   4.1400000e+03
   6.4473622e-02   4.1550000e+03
   6.2122151e-02   4.1700000e+03
   5.9422527e-02   4.1850000e+03
   5.6423649e-02   4.2000000e+03
   5.3160988e-02   4.2150000e+03
   4.9659595e-02   4.2300000e+03
   4.5943536e-02   4.2450000e+03
   4.2043194e-02   4.2600000e+03
   3.7994675e-02   4.2750000e+03
   3.3833675e-02   4.2900000e+03
   2.9590841e-02   4.3050000e+03
   2.5293268e-02   4.3200000e+03
   2.0969696e-02   4.3350000e+03
   1.6653579e-02   4.3500000e+03
   1.2381111e-02   4.3650000e+03
   8.1865760e-03   4.3800000e+03
   4.0989080e-03   4.3950000e+03
   1.4088210e-04   4.4100000e+03
  -3.6704144e-03   4.4250000e+03
  -7.3229927e-03   4.4400000e+03
  -1.0809018e-02   4.4550000e+03
  -1.4122747e-02   4.4700000e+03
  -1.7257333e-02   4.4850000e+03
  -2.0201394e-02   4.5000000e+03
