  -2.0691822e-04   0.0000000e+00
  -2.0704074e-04   1.5000000e+01
  -2.0743045e-04   3.0000000e+01
  -2.0804173e-04   4.5000000e+01
  -2.0864845e-04   6.0000000e+01
  -2.0903781e-04   7.5000000e+01
  -2.0935759e-04   9.0000000e+01
  -2.1007154e-04   1.0500000e+02
  -2.1159176e-04   1.2000000e+02
  -2.1393871e-04   1.3500000e+02
  -2.1661926e-04   1.5000000e+02
  -2.1882434e-04   1.6500000e+02
  -2.1967225e-04   1.8000000e+02
  -2.1745764e-04   1.9500000e+02
  -2.0694916e-04   2.1000000e+02
  -1.7615731e-04   2.2500000e+02
  -1.0829954e-04   2.4000000e+02
   4.3082764e-06   2.5500000e+02
   1.3938351e-04   2.7000000e+02
   2.4214860e-04   2.8500000e+02
   2.6374456e-04   3.0000000e+02
   2.1555724e-04   3.1500000e+02
   1.7070989e-04   3.3000000e+02
   1.8861910e-04   3.4500000e+02
   2.4654710e-04   3.6000000e+02
   2.7544383e-04   3.7500000e+02
   2.5687332e-04   3.9000000e+02
   2.4063120e-04   4.0500000e+02
   2.6099096e-04   4.2000000e+02
   2.8795138e-04   4.3500000e+02
   2.8539298e-04   4.5000000e+02
   2.6981233e-04   4.6500000e+02
   2.7466723e-04   4.8000000e+02
   2.9354397e-04   4.9500000e+02
   3.0017228e-04   5.1000000e+02
   2.9742531e-04   5.2500000e+02
   3.0592020e-04   5.4000000e+02
   3.2390637e-04   5.5500000e+02
   3.3401221e-04   5.7000000e+02
   3.3549313e-04   5.8500000e+02
   3.4086517e-04   6.0000000e+02
   3.5085576e-04   6.1500000e+02
   3.5591965e-04   6.3000000e+02
   3.5504799e-04   6.4500000e+02
   3.5394222e-04   6.6000000e+02
   3.5027598e-04   6.7500000e+02
   3.3603629e-04   6.9000000e+02
   3.0813480e-04   7.0500000e+02
   2.6409415e-04   7.2000000e+02
   1.9440032e-04   7.3500000e+02
   9.0558933e-05   7.5000000e+02
  -4.1584281e-05   7.6500000e+02
  -1.7806242e-04   7.8000000e+02
  -2.8063104e-04   7.9500000e+02
  -3.0945556e-04   8.1000000e+02
  -2.5029696e-04   8.2500000e+02
  -1.4002826e-04   8.4000000e+02
  -5.6873068e-05   8.5500000e+02
  -6.6904795e-05   8.7000000e+02
  -1.6759659e-04   8.8500000e+02
  -2.8581079e-04   9.0000000e+02
  -3.4358082e-04   9.1500000e+02
  -3.3376509e-04   9.3000000e+02
  -3.2426161e-04   9.4500000e+02
  -3.7904101e-04   9.6000000e+02
  -4.8471749e-04   9.7500000e+02
  -5.7402457e-04   9.9000000e+02
  -6.1684806e-04   1.0050000e+03
  -6.5589382e-04   1.0200000e+03
  -7.3882227e-04   1.0350000e+03
  -8.4834371e-04   1.0500000e+03
  -9.3351229e-04   1.0650000e+03
  -9.8920998e-04   1.0800000e+03
  -1.0580614e-03   1.0950000e+03
  -1.1572700e-03   1.1100000e+03
  -1.2541801e-03   1.1250000e+03
  -1.3282287e-03   1.1400000e+03
  -1.4101584e-03   1.1550000e+03
  -1.5323156e-03   1.1700000e+03
  -1.6781853e-03   1.1850000e+03
  -1.8150826e-03   1.2000000e+03
  -1.9460238e-03   1.2150000e+03
  -2.0910453e-03   1.2300000e+03
  -2.2399244e-03   1.2450000e+03
  -2.3624441e-03   1.2600000e+03
  -2.4511486e-03   1.2750000e+03
  -2.5196013e-03   1.2900000e+03
  -2.5688971e-03   1.3050000e+03
  -2.5851717e-03   1.3200000e+03
  -2.5602798e-03   1.3350000e+03
  -2.4881361e-03   1.3500000e+03
  -2.3474549e-03   1.3650000e+03
  -2.1086123e-03   1.3800000e+03
  -1.7480836e-03   1.3950000e+03
  -1.2352095e-03   1.4100000e+03
  -5.0920225e-04   1.4250000e+03
   5.1853666e-04   1.4400000e+03
   1.9525243e-03   1.4550000e+03
   3.9273063e-03   1.4700000e+03
   6.6396981e-03   1.4850000e+03
   1.0371991e-02   1.5000000e+03
   1.5515322e-02   1.5150000e+03
   2.2619056e-02   1.5300000e+03
   3.2464691e-02   1.5450000e+03
   4.6153877e-02   1.5600000e+03
   6.5216720e-02   1.5750000e+03
   9.1721825e-02   1.5900000e+03
   1.2830038e-01   1.6050000e+03
   1.7795062e-01   1.6200000e+03
   2.4349210e-01   1.6350000e+03
   3.2657155e-01   1.6500000e+03
   4.2619050e-01   1.6650000e+03
   5.3687370e-01   1.6800000e+03
   6.4688861e-01   1.6950000e+03
   7.3735702e-01   1.7100000e+03
   7.8346473e-01   1.7250000e+03
   7.5887150e-01   1.7400000e+03
   6.4347738e-01   1.7550000e+03
   4.3295443e-01   1.7700000e+03
   1.4651406e-01   1.7850000e+03
  -1.7162544e-01   1.8000000e+03
  -4.6050057e-01   1.8150000e+03
  -6.6009325e-01   1.8300000e+03
  -7.3281747e-01   1.8450000e+03
  -6.7906082e-01   1.8600000e+03
  -5.3762943e-01   1.8750000e+03
  -3.6877018e-01   1.8900000e+03
  -2.2764789e-01   1.9050000e+03
  -1.4290011e-01   1.9200000e+03
  -1.1202598e-01   1.9350000e+03
  -1.1366353e-01   1.9500000e+03
  -1.2533548e-01   1.9650000e+03
  -1.3397981e-01   1.9800000e+03
  -1.3598381e-01   1.9950000e+03
  -1.3298842e-01   2.0100000e+03
  -1.2950763e-01   2.0250000e+03
  -1.3116634e-01   2.0400000e+03
  -1.3980114e-01   2.0550000e+03
  -1.4806831e-01   2.0700000e+03
  -1.4152172e-01   2.0850000e+03
  -1.1002539e-01   2.1000000e+03
  -5.8520935e-02   2.1150000e+03
  -5.3423555e-03   2.1300000e+03
   3.1381398e-02   2.1450000e+03
   4.6405315e-02   2.1600000e+03
   4.8270952e-02   2.1750000e+03
   5.0055552e-02   2.1900000e+03
   5.9607368e-02   2.2050000e+03
   7.6012529e-02   2.2200000e+03
   9.2252627e-02   2.2350000e+03
   1.0088085e-01   2.2500000e+03
   9.9340141e-02   2.2650000e+03
   9.1476031e-02   2.2800000e+03
   8.3650239e-02   2.2950000e+03
   7.8795575e-02   2.3100000e+03
   7.4476466e-02   2.3250000e+03
   6.6716075e-02   2.3400000e+03
   5.4741643e-02   2.3550000e+03
   4.1472275e-02   2.3700000e+03
   3.0363169e-02   2.3850000e+03
   2.2883369e-02   2.4000000e+03
   1.8524071e-02   2.4150000e+03
   1.5706223e-02   2.4300000e+03
   1.2250631e-02   2.4450000e+03
   6.1745010e-03   2.4600000e+03
  -2.8636635e-03   2.4750000e+03
  -1.3195842e-02   2.4900000e+03
  -2.2908641e-02   2.5050000e+03
  -3.1704497e-02   2.5200000e+03
  -4.0358800e-02   2.5350000e+03
  -4.8647434e-02   2.5500000e+03
  -5.4713961e-02   2.5650000e+03
  -5.6524832e-02   2.5800000e+03
  -5.3197186e-02   2.5950000e+03
  -4.4867966e-02   2.6100000e+03
  -3.2338273e-02   2.6250000e+03
  -1.7558942e-02   2.6400000e+03
  -3.8159583e-03   2.6550000e+03
   5.6074485e-03   2.6700000e+03
   9.2707993e-03   2.6850000e+03
   8.1279082e-03   2.7000000e+03
   4.6368721e-03   2.7150000e+03
   1.4463316e-03   2.7300000e+03
   2.8858258e-04   2.7450000e+03
   1.3218028e-03   2.7600000e+03
   3.2079928e-03   2.7750000e+03
   3.9352765e-03   2.7900000e+03
   1.9331472e-03   2.8050000e+03
  -3.1356267e-03   2.8200000e+03
  -1.0337340e-02   2.8350000e+03
  -1.8095722e-02   2.8500000e+03
  -2.4959806e-02   2.8650000e+03
  -3.0106850e-02   2.8800000e+03
  -3.3454958e-02   2.8950000e+03
  -3.5320412e-02   2.9100000e+03
  -3.5806146e-02   2.9250000e+03
  -3.4474500e-02   2.9400000e+03
  -3.0657768e-02   2.9550000e+03
  -2.4125142e-02   2.9700000e+03
  -1.5500396e-02   2.9850000e+03
  -6.0563488e-03   3.0000000e+03
   2.9717044e-03   3.0150000e+03
   1.1025489e-02   3.0300000e+03
   1.8324336e-02   3.0450000e+03
   2.5336232e-02   3.0600000e+03
   3.2047350e-02   3.0750000e+03
   3.7718996e-02   3.0900000e+03
   4.1420918e-02   3.1050000e+03
   4.2855505e-02   3.1200000e+03
   4.2729665e-02   3.1350000e+03
   4.2404808e-02   3.1500000e+03
   4.3114625e-02   3.1650000e+03
   4.5233727e-02   3.1800000e+03
   4.7946148e-02   3.1950000e+03
   4.9389739e-02   3.2100000e+03
   4.7167994e-02   3.2250000e+03
   3.9111417e-02   3.2400000e+03
   2.4169249e-02   3.2550000e+03
   3.1665184e-03   3.2700000e+03
  -2.1019710e-02   3.2850000e+03
  -4.4211172e-02   3.3000000e+03
  -6.2412415e-02   3.3150000e+03
  -7.3234774e-02   3.3300000e+03
  -7.6431520e-02   3.3450000e+03
  -7.3343866e-02   3.3600000e+03
  -6.5796368e-02   3.3750000e+03
  -5.5222079e-02   3.3900000e+03
  -4.2425428e-02   3.4050000e+03
  -2.7833685e-02   3.4200000e+03
  -1.1866424e-02   3.4350000e+03
   4.7766059e-03   3.4500000e+03
   2.0918904e-02   3.4650000e+03
   3.4861755e-02   3.4800000e+03
   4.4670470e-02   3.4950000e+03
   4.8846047e-02   3.5100000e+03
   4.7071788e-02   3.5250000e+03
   4.0516354e-02   3.5400000e+03
   3.1423450e-02   3.5550000e+03
   2.2233121e-02   3.5700000e+03
   1.4771838e-02   3.5850000e+03
   9.8720398e-03   3.6000000e+03
   7.3869452e-03   3.6150000e+03
   6.3870051e-03   3.6300000e+03
   5.4714317e-03   3.6450000e+03
   3.2934602e-03   3.6600000e+03
  -7.2915683e-04   3.6750000e+03
  -5.8752378e-03   3.6900000e+03
  -1.0232628e-02   3.7050000e+03
  -1.1602922e-02   3.7200000e+03
  -8.7465942e-03   3.7350000e+03
  -2.1762557e-03   3.7500000e+03
   6.0452684e-03   3.7650000e+03
   1.3357352e-02   3.7800000e+03
   1.7864304e-02   3.7950000e+03
   1.8844415e-02   3.8100000e+03
   1.6412925e-02   3.8250000e+03
   1.0843859e-02   3.8400000e+03
   2.2881390e-03   3.8550000e+03
  -8.8153314e-03   3.8700000e+03
  -2.1069633e-02   3.8850000e+03
  -3.1970937e-02   3.9000000e+03
  -3.8666714e-02   3.9150000e+03
  -3.9207514e-02   3.9300000e+03
  -3.3418231e-02   3.9450000e+03
  -2.2825908e-02   3.9600000e+03
  -9.8459441e-03   3.9750000e+03
   3.0913702e-03   3.9900000e+03
   1.3989368e-02   4.0050000e+03
   2.1378037e-02   4.0200000e+03
   2.4404693e-02   4.0350000e+03
   2.3050247e-02   4.0500000e+03
   1.8219085e-02   4.0650000e+03
   1.1407216e-02   4.0800000e+03
   4.0203398e-03   4.0950000e+03
  -3.2007389e-03   4.1100000e+03
  -1.0205762e-02   4.1250000e+03
  -1.7107630e-02   4.1400000e+03
  -2.3569966e-02   4.1550000e+03
  -2.8657114e-02   4.1700000e+03
  -3.1300250e-02   4.1850000e+03
  -3.1007122e-02   4.2000000e+03
  -2.8246425e-02   4.2150000e+03
  -2.4232255e-02   4.2300000e+03
  -2.0326082e-02   4.2450000e+03
  -1.7508194e-02   4.2600000e+03
  -1.6185340e-02   4.2750000e+03
  -1.6262641e-02   4.2900000e+03
  -1.7278310e-02   4.3050000e+03
  -1.8533178e-02   4.3200000e+03
  -1.9284127e-02   4.3350000e+03
  -1.9005766e-02   4.3500000e+03
  -1.7566765e-02   4.3650000e+03
  -1.5168537e-02   4.3800000e+03
  -1.2099072e-02   4.3950000e+03
  -8.5322056e-03   4.4100000e+03
  -4.5409249e-03   4.4250000e+03
  -2.6416327e-04   4.4400000e+03
   3.9734300e-03   4.4550000e+03
   7.7126971e-03   4.4700000e+03
   1.0537487e-02   4.4850000e+03
   1.2256297e-02   4.5000000e+03
