   1.5655172e-03   0.0000000e+00
   1.5616876e-03   1.5000000e+01
   1.5505827e-03   3.0000000e+01
   1.5327374e-03   4.5000000e+01
   1.5072363e-03   6.0000000e+01
   1.4737372e-03   7.5000000e+01
   1.4361906e-03   9.0000000e+01
   1.4014158e-03   1.0500000e+02
   1.3749648e-03   1.2000000e+02
   1.3590923e-03   1.3500000e+02
   1.3546179e-03   1.5000000e+02
   1.3674469e-03   1.6500000e+02
   1.4114840e-03   1.8000000e+02
   1.5035016e-03   1.9500000e+02
   1.6614439e-03   2.1000000e+02
   1.9120000e-03   2.2500000e+02
   2.3003069e-03   2.4000000e+02
   2.8940465e-03   2.5500000e+02
   3.7794649e-03   2.7000000e+02
   5.0625931e-03   2.8500000e+02
   6.8891798e-03   3.0000000e+02
   9.4633615e-03   3.1500000e+02
   1.3038576e-02   3.3000000e+02
   1.7899720e-02   3.4500000e+02
   2.4377793e-02   3.6000000e+02
   3.2899823e-02   3.7500000e+02
   4.4038087e-02   3.9000000e+02
   5.8513515e-02   4.0500000e+02
   7.7110678e-02   4.2000000e+02
   1.0052144e-01   4.3500000e+02
   1.2925826e-01   4.5000000e+02
   1.6385539e-01   4.6500000e+02
   2.0547210e-01   4.8000000e+02
   2.5655124e-01   4.9500000e+02
   3.2059169e-01   5.1000000e+02
   4.0034857e-01   5.2500000e+02
   4.9529582e-01   5.4000000e+02
   6.0050958e-01   5.5500000e+02
   7.0817846e-01   5.7000000e+02
   8.0984968e-01   5.8500000e+02
   8.9624912e-01   6.0000000e+02
   9.5553696e-01   6.1500000e+02
   9.7514987e-01   6.3000000e+02
   9.4803172e-01   6.4500000e+02
   8.7568027e-01   6.6000000e+02
   7.6318127e-01   6.7500000e+02
   6.1350936e-01   6.9000000e+02
   4.3026036e-01   7.0500000e+02
   2.2576842e-01   7.2000000e+02
   2.3168057e-02   7.3500000e+02
  -1.5271039e-01   7.5000000e+02
  -2.8734073e-01   7.6500000e+02
  -3.7902665e-01   7.8000000e+02
  -4.3193090e-01   7.9500000e+02
  -4.5081207e-01   8.1000000e+02
  -4.4169560e-01   8.2500000e+02
  -4.1260168e-01   8.4000000e+02
  -3.7148961e-01   8.5500000e+02
  -3.2412896e-01   8.7000000e+02
  -2.7407622e-01   8.8500000e+02
  -2.2445373e-01   9.0000000e+02
  -1.7860542e-01   9.1500000e+02
  -1.3800991e-01   9.3000000e+02
  -1.0135937e-01   9.4500000e+02
  -6.7406751e-02   9.6000000e+02
  -3.7206367e-02   9.7500000e+02
  -1.2565983e-02   9.9000000e+02
   6.2302472e-03   1.0050000e+03
   2.0551734e-02   1.0200000e+03
   3.2024939e-02   1.0350000e+03
   4.1378465e-02   1.0500000e+03
   4.8689935e-02   1.0650000e+03
   5.4123342e-02   1.0800000e+03
   5.7724386e-02   1.0950000e+03
   5.9074134e-02   1.1100000e+03
   5.7579383e-02   1.1250000e+03
   5.2714307e-02   1.1400000e+03
   4.4193178e-02   1.1550000e+03
   3.2173522e-02   1.1700000e+03
   1.7131291e-02   1.1850000e+03
  -2.1761580e-04   1.2000000e+03
  -1.8862233e-02   1.2150000e+03
  -3.7741873e-02   1.2300000e+03
  -5.5961818e-02   1.2450000e+03
  -7.2787903e-02   1.2600000e+03
  -8.7792538e-02   1.2750000e+03
  -1.0100356e-01   1.2900000e+03
  -1.1278545e-01   1.3050000e+03
  -1.2365744e-01   1.3200000e+03
  -1.3422240e-01   1.3350000e+03
  -1.4512782e-01   1.3500000e+03
  -1.5692346e-01   1.3650000e+03
  -1.6983859e-01   1.3800000e+03
  -1.8368863e-01   1.3950000e+03
  -1.9798633e-01   1.4100000e+03
  -2.1209304e-01   1.4250000e+03
  -2.2527841e-01   1.4400000e+03
  -2.3673607e-01   1.4550000e+03
  -2.4567011e-01   1.4700000e+03
  -2.5144836e-01   1.4850000e+03
  -2.5368604e-01   1.5000000e+03
  -2.5219482e-01   1.5150000e+03
  -2.4690303e-01   1.5300000e+03
  -2.3785712e-01   1.5450000e+03
  -2.2527638e-01   1.5600000e+03
  -2.0958108e-01   1.5750000e+03
  -1.9138634e-01   1.5900000e+03
  -1.7148605e-01   1.6050000e+03
  -1.5080254e-01   1.6200000e+03
  -1.3027526e-01   1.6350000e+03
  -1.1072974e-01   1.6500000e+03
  -9.2796311e-02   1.6650000e+03
  -7.6894686e-02   1.6800000e+03
  -6.3248925e-02   1.6950000e+03
  -5.1907755e-02   1.7100000e+03
  -4.2779882e-02   1.7250000e+03
  -3.5700008e-02   1.7400000e+03
  -3.0512106e-02   1.7550000e+03
  -2.7119344e-02   1.7700000e+03
  -2.5450684e-02   1.7850000e+03
  -2.5350029e-02   1.8000000e+03
  -2.6455667e-02   1.8150000e+03
  -2.8141631e-02   1.8300000e+03
  -2.9547140e-02   1.8450000e+03
  -2.9683528e-02   1.8600000e+03
  -2.7594684e-02   1.8750000e+03
  -2.2531217e-02   1.8900000e+03
  -1.4084030e-02   1.9050000e+03
  -2.2428692e-03   1.9200000e+03
   1.2605492e-02   1.9350000e+03
   2.9700866e-02   1.9500000e+03
   4.7947928e-02   1.9650000e+03
   6.6006593e-02   1.9800000e+03
   8.2465149e-02   1.9950000e+03
   9.6063226e-02   2.0100000e+03
   1.0587728e-01   2.0250000e+03
   1.1140051e-01   2.0400000e+03
   1.1252520e-01   2.0550000e+03
   1.0948749e-01   2.0700000e+03
   1.0281482e-01   2.0850000e+03
   9.3263708e-02   2.1000000e+03
   8.1722960e-02   2.1150000e+03
   6.9096766e-02   2.1300000e+03
   5.6213722e-02   2.1450000e+03
   4.3781873e-02   2.1600000e+03
   3.2357577e-02   2.1750000e+03
   2.2290912e-02   2.1900000e+03
   1.3669562e-02   2.2050000e+03
   6.3297320e-03   2.2200000e+03
  -3.6887468e-05   2.2350000e+03
  -5.7420265e-03   2.2500000e+03
  -1.1016522e-02   2.2650000e+03
  -1.5997907e-02   2.2800000e+03
  -2.0720074e-02   2.2950000e+03
  -2.5057968e-02   2.3100000e+03
  -2.8687531e-02   2.3250000e+03
  -3.1166697e-02   2.3400000e+03
  -3.2146800e-02   2.3550000e+03
  -3.1586863e-02   2.3700000e+03
  -2.9827027e-02   2.3850000e+03
  -2.7498432e-02   2.4000000e+03
  -2.5359193e-02   2.4150000e+03
  -2.4136733e-02   2.4300000e+03
  -2.4381569e-02   2.4450000e+03
  -2.6321474e-02   2.4600000e+03
  -2.9760117e-02   2.4750000e+03
  -3.4088295e-02   2.4900000e+03
  -3.8414836e-02   2.5050000e+03
  -4.1749991e-02   2.5200000e+03
  -4.3172605e-02   2.5350000e+03
  -4.1961681e-02   2.5500000e+03
  -3.7693959e-02   2.5650000e+03
  -3.0291060e-02   2.5800000e+03
  -2.0003747e-02   2.5950000e+03
  -7.3633557e-03   2.6100000e+03
   6.8521551e-03   2.6250000e+03
   2.1638565e-02   2.6400000e+03
   3.5827454e-02   2.6550000e+03
   4.8224524e-02   2.6700000e+03
   5.7783231e-02   2.6850000e+03
   6.3740402e-02   2.7000000e+03
   6.5688513e-02   2.7150000e+03
   6.3615493e-02   2.7300000e+03
   5.7931270e-02   2.7450000e+03
   4.9446546e-02   2.7600000e+03
   3.9256278e-02   2.7750000e+03
   2.8533503e-02   2.7900000e+03
   1.8303055e-02   2.8050000e+03
   9.2806155e-03   2.8200000e+03
   1.8259954e-03   2.8350000e+03
  -3.9940644e-03   2.8500000e+03
  -8.2769785e-03   2.8650000e+03
  -1.1146688e-02   2.8800000e+03
  -1.2661978e-02   2.8950000e+03
  -1.2813419e-02   2.9100000e+03
  -1.1619472e-02   2.9250000e+03
  -9.2695076e-03   2.9400000e+03
  -6.2030940e-03   2.9550000e+03
  -3.0312794e-03   2.9700000e+03
  -3.1593090e-04   2.9850000e+03
   1.6565857e-03   3.0000000e+03
   2.9540679e-03   3.0150000e+03
   3.8814903e-03   3.0300000e+03
   4.7553880e-03   3.0450000e+03
   5.7133981e-03   3.0600000e+03
   6.6529242e-03   3.0750000e+03
   7.2941431e-03   3.0900000e+03
   7.2967787e-03   3.1050000e+03
   6.3634426e-03   3.1200000e+03
   4.3044500e-03   3.1350000e+03
   1.0684843e-03   3.1500000e+03
  -3.2525503e-03   3.1650000e+03
  -8.4360084e-03   3.1800000e+03
  -1.4144828e-02   3.1950000e+03
  -1.9941548e-02   3.2100000e+03
  -2.5315989e-02   3.2250000e+03
  -2.9750850e-02   3.2400000e+03
  -3.2825708e-02   3.2550000e+03
  -3.4325141e-02   3.2700000e+03
  -3.4304403e-02   3.2850000e+03
  -3.3082645e-02   3.3000000e+03
  -3.1161603e-02   3.3150000e+03
  -2.9092118e-02   3.3300000e+03
  -2.7331088e-02   3.3450000e+03
  -2.6142424e-02   3.3600000e+03
  -2.5585275e-02   3.3750000e+03
  -2.5591357e-02   3.3900000e+03
  -2.6079075e-02   3.4050000e+03
  -2.7026085e-02   3.4200000e+03
  -2.8454358e-02   3.4350000e+03
  -3.0353198e-02   3.4500000e+03
  -3.2613926e-02   3.4650000e+03
  -3.5031680e-02   3.4800000e+03
  -3.7366852e-02   3.4950000e+03
  -3.9415669e-02   3.5100000e+03
  -4.1051112e-02   3.5250000e+03
  -4.2234104e-02   3.5400000e+03
  -4.3013234e-02   3.5550000e+03
  -4.3520287e-02   3.5700000e+03
  -4.3957010e-02   3.5850000e+03
  -4.4573888e-02   3.6000000e+03
  -4.5647811e-02   3.6150000e+03
  -4.7453582e-02   3.6300000e+03
  -5.0209999e-02   3.6450000e+03
  -5.3995714e-02   3.6600000e+03
  -5.8670275e-02   3.6750000e+03
  -6.3856445e-02   3.6900000e+03
  -6.9008268e-02   3.7050000e+03
  -7.3532484e-02   3.7200000e+03
  -7.6905504e-02   3.7350000e+03
  -7.8752972e-02   3.7500000e+03
  -7.8892626e-02   3.7650000e+03
  -7.7345185e-02   3.7800000e+03
  -7.4303903e-02   3.7950000e+03
  -7.0060052e-02   3.8100000e+03
  -6.4911872e-02   3.8250000e+03
  -5.9099860e-02   3.8400000e+03
  -5.2789722e-02   3.8550000e+03
  -4.6089500e-02   3.8700000e+03
  -3.9076317e-02   3.8850000e+03
  -3.1821541e-02   3.9000000e+03
  -2.4413774e-02   3.9150000e+03
  -1.6975734e-02   3.9300000e+03
  -9.6684741e-03   3.9450000e+03
  -2.6861876e-03   3.9600000e+03
   3.7463116e-03   3.9750000e+03
   9.3707740e-03   3.9900000e+03
   1.3903473e-02   4.0050000e+03
   1.7071996e-02   4.0200000e+03
   1.8676274e-02   4.0350000e+03
   1.8645871e-02   4.0500000e+03
   1.7067034e-02   4.0650000e+03
   1.4173814e-02   4.0800000e+03
   1.0312242e-02   4.0950000e+03
   5.8841109e-03   4.1100000e+03
   1.2744652e-03   4.1250000e+03
  -3.2204248e-03   4.1400000e+03
  -7.4325497e-03   4.1550000e+03
  -1.1304049e-02   4.1700000e+03
  -1.4819158e-02   4.1850000e+03
  -1.7927201e-02   4.2000000e+03
  -2.0504689e-02   4.2150000e+03
  -2.2380929e-02   4.2300000e+03
  -2.3413274e-02   4.2450000e+03
  -2.3566963e-02   4.2600000e+03
  -2.2948384e-02   4.2750000e+03
  -2.1766111e-02   4.2900000e+03
  -2.0238429e-02   4.3050000e+03
  -1.8499976e-02   4.3200000e+03
  -1.6558725e-02   4.3350000e+03
  -1.4320000e-02   4.3500000e+03
  -1.1654750e-02   4.3650000e+03
  -8.4720887e-03   4.3800000e+03
  -4.7657462e-03   4.3950000e+03
  -6.2438974e-04   4.4100000e+03
   3.7896212e-03   4.4250000e+03
   8.2809245e-03   4.4400000e+03
   1.2663705e-02   4.4550000e+03
   1.6787911e-02   4.4700000e+03
   2.0542666e-02   4.4850000e+03
   2.3850463e-02   4.5000000e+03
