   1.4648074e-02   0.0000000e+00
   1.4642234e-02   1.5000000e+01
   1.4625217e-02   3.0000000e+01
   1.4599350e-02   4.5000000e+01
   1.4571917e-02   6.0000000e+01
   1.4553791e-02   7.5000000e+01
   1.4554280e-02   9.0000000e+01
   1.4582548e-02   1.0500000e+02
   1.4655158e-02   1.2000000e+02
   1.4804417e-02   1.3500000e+02
   1.5082520e-02   1.5000000e+02
   1.5558138e-02   1.6500000e+02
   1.6322324e-02   1.8000000e+02
   1.7516684e-02   1.9500000e+02
   1.9365340e-02   2.1000000e+02
   2.2192853e-02   2.2500000e+02
   2.6437307e-02   2.4000000e+02
   3.2703716e-02   2.5500000e+02
   4.1919723e-02   2.7000000e+02
   5.5597305e-02   2.8500000e+02
   7.6143727e-02   3.0000000e+02
   1.0717074e-01   3.1500000e+02
   1.5372258e-01   3.3000000e+02
   2.2229803e-01   3.4500000e+02
   3.2065767e-01   3.6000000e+02
   4.5759818e-01   3.7500000e+02
   6.4257729e-01   3.9000000e+02
   8.8368976e-01   4.0500000e+02
   1.1808631e+00   4.2000000e+02
   1.5124784e+00   4.3500000e+02
   1.8204145e+00   4.5000000e+02
   2.0070274e+00   4.6500000e+02
   1.9584709e+00   4.8000000e+02
   1.5960181e+00   4.9500000e+02
   9.3443787e-01   5.1000000e+02
   1.0747419e-01   5.2500000e+02
  -6.7419755e-01   5.4000000e+02
  -1.2235485e+00   5.5500000e+02
  -1.4698685e+00   5.7000000e+02
  -1.4696194e+00   5.8500000e+02
  -1.3332648e+00   6.0000000e+02
  -1.1458224e+00   6.1500000e+02
  -9.4872528e-01   6.3000000e+02
  -7.6633096e-01   6.4500000e+02
  -6.1905921e-01   6.6000000e+02
  -5.1156479e-01   6.7500000e+02
  -4.3055853e-01   6.9000000e+02
  -3.6333266e-01   7.0500000e+02
  -3.0905211e-01   7.2000000e+02
  -2.6926851e-01   7.3500000e+02
  -2.3866083e-01   7.5000000e+02
  -2.1027257e-01   7.6500000e+02
  -1.8168917e-01   7.8000000e+02
  -1.5152842e-01   7.9500000e+02
  -1.1630264e-01   8.1000000e+02
  -7.4461155e-02   8.2500000e+02
  -2.8459944e-02   8.4000000e+02
   1.9499945e-02   8.5500000e+02
   6.9106169e-02   8.7000000e+02
   1.1777745e-01   8.8500000e+02
   1.5931070e-01   9.0000000e+02
   1.8831277e-01   9.1500000e+02
   2.0295092e-01   9.3000000e+02
   2.0301297e-01   9.4500000e+02
   1.8879855e-01   9.6000000e+02
   1.6282512e-01   9.7500000e+02
   1.2999164e-01   9.9000000e+02
   9.5082931e-02   1.0050000e+03
   6.1198141e-02   1.0200000e+03
   3.0193320e-02   1.0350000e+03
   3.1589861e-03   1.0500000e+03
  -1.9583549e-02   1.0650000e+03
  -3.8185768e-02   1.0800000e+03
  -5.2911047e-02   1.0950000e+03
  -6.4207673e-02   1.1100000e+03
  -7.2933108e-02   1.1250000e+03
  -8.0418877e-02   1.1400000e+03
  -8.8324681e-02   1.1550000e+03
  -9.8186381e-02   1.1700000e+03
  -1.1082716e-01   1.1850000e+03
  -1.2602811e-01   1.2000000e+03
  -1.4251730e-01   1.2150000e+03
  -1.5813074e-01   1.2300000e+03
  -1.7022301e-01   1.2450000e+03
  -1.7637847e-01   1.2600000e+03
  -1.7512064e-01   1.2750000e+03
  -1.6628160e-01   1.2900000e+03
  -1.5101297e-01   1.3050000e+03
  -1.3153449e-01   1.3200000e+03
  -1.1061449e-01   1.3350000e+03
  -9.0855792e-02   1.3500000e+03
  -7.4019805e-02   1.3650000e+03
  -6.0559932e-02   1.3800000e+03
  -4.9455605e-02   1.3950000e+03
  -3.8519323e-02   1.4100000e+03
  -2.5258595e-02   1.4250000e+03
  -7.9863584e-03   1.4400000e+03
   1.3358787e-02   1.4550000e+03
   3.7053525e-02   1.4700000e+03
   6.0134429e-02   1.4850000e+03
   7.9361111e-02   1.5000000e+03
   9.2080541e-02   1.5150000e+03
   9.6610494e-02   1.5300000e+03
   9.2224643e-02   1.5450000e+03
   7.9097964e-02   1.5600000e+03
   5.8406107e-02   1.5750000e+03
   3.2470416e-02   1.5900000e+03
   4.7076144e-03   1.6050000e+03
  -2.0787671e-02   1.6200000e+03
  -4.0006552e-02   1.6350000e+03
  -4.9933001e-02   1.6500000e+03
  -4.9334470e-02   1.6650000e+03
  -3.9190575e-02   1.6800000e+03
  -2.2533588e-02   1.6950000e+03
  -3.6079108e-03   1.7100000e+03
   1.3422372e-02   1.7250000e+03
   2.5677970e-02   1.7400000e+03
   3.2128893e-02   1.7550000e+03
   3.3317469e-02   1.7700000e+03
   3.0522738e-02   1.7850000e+03
   2.4922447e-02   1.8000000e+03
   1.7198816e-02   1.8150000e+03
   7.6929857e-03   1.8300000e+03
  -3.0906925e-03   1.8450000e+03
  -1.3986888e-02   1.8600000e+03
  -2.3057878e-02   1.8750000e+03
  -2.8090315e-02   1.8900000e+03
  -2.7556235e-02   1.9050000e+03
  -2.1514608e-02   1.9200000e+03
  -1.1865055e-02   1.9350000e+03
  -1.7283731e-03   1.9500000e+03
   5.7491730e-03   1.9650000e+03
   8.5767861e-03   1.9800000e+03
   6.5603736e-03   1.9950000e+03
   1.1571853e-03   2.0100000e+03
  -5.3740726e-03   2.0250000e+03
  -1.1128886e-02   2.0400000e+03
  -1.5428493e-02   2.0550000e+03
  -1.8939417e-02   2.0700000e+03
  -2.3023244e-02   2.0850000e+03
  -2.8775269e-02   2.1000000e+03
  -3.6339879e-02   2.1150000e+03
  -4.4805434e-02   2.1300000e+03
  -5.2570239e-02   2.1450000e+03
  -5.7857975e-02   2.1600000e+03
  -5.9114248e-02   2.1750000e+03
  -5.5186279e-02   2.1900000e+03
  -4.5334373e-02   2.2050000e+03
  -2.9212235e-02   2.2200000e+03
  -6.9720959e-03   2.2350000e+03
   2.0443771e-02   2.2500000e+03
   5.0962605e-02   2.2650000e+03
   8.1296876e-02   2.2800000e+03
   1.0737482e-01   2.2950000e+03
   1.2524962e-01   2.3100000e+03
   1.3211322e-01   2.3250000e+03
   1.2695515e-01   2.3400000e+03
   1.1065879e-01   2.3550000e+03
   8.5679755e-02   2.3700000e+03
   5.5578571e-02   2.3850000e+03
   2.4522962e-02   2.4000000e+03
  -3.3080780e-03   2.4150000e+03
  -2.4457470e-02   2.4300000e+03
  -3.6907621e-02   2.4450000e+03
  -4.0513679e-02   2.4600000e+03
  -3.6960997e-02   2.4750000e+03
  -2.9228969e-02   2.4900000e+03
  -2.0684635e-02   2.5050000e+03
  -1.4030301e-02   2.5200000e+03
  -1.0424781e-02   2.5350000e+03
  -9.1269966e-03   2.5500000e+03
  -7.8623388e-03   2.5650000e+03
  -3.8009046e-03   2.5800000e+03
   5.2536130e-03   2.5950000e+03
   1.9946577e-02   2.6100000e+03
   3.9055504e-02   2.6250000e+03
   5.9834830e-02   2.6400000e+03
   7.8832470e-02   2.6550000e+03
   9.2836767e-02   2.6700000e+03
   9.9613033e-02   2.6850000e+03
   9.8241799e-02   2.7000000e+03
   8.9076750e-02   2.7150000e+03
   7.3457614e-02   2.7300000e+03
   5.3299885e-02   2.7450000e+03
   3.0637007e-02   2.7600000e+03
   7.2032367e-03   2.7750000e+03
  -1.5815167e-02   2.7900000e+03
  -3.7760295e-02   2.8050000e+03
  -5.8226671e-02   2.8200000e+03
  -7.6668873e-02   2.8350000e+03
  -9.2102662e-02   2.8500000e+03
  -1.0308628e-01   2.8650000e+03
  -1.0804108e-01   2.8800000e+03
  -1.0578133e-01   2.8950000e+03
  -9.5993526e-02   2.9100000e+03
  -7.9448581e-02   2.9250000e+03
  -5.7912011e-02   2.9400000e+03
  -3.3869822e-02   2.9550000e+03
  -1.0190852e-02   2.9700000e+03
   1.0245196e-02   2.9850000e+03
   2.4965968e-02   3.0000000e+03
   3.2322001e-02   3.0150000e+03
   3.1777047e-02   3.0300000e+03
   2.3967402e-02   3.0450000e+03
   1.0519737e-02   3.0600000e+03
  -6.3024317e-03   3.0750000e+03
  -2.4030872e-02   3.0900000e+03
  -4.0406168e-02   3.1050000e+03
  -5.3668398e-02   3.1200000e+03
  -6.2663816e-02   3.1350000e+03
  -6.6818193e-02   3.1500000e+03
  -6.6103250e-02   3.1650000e+03
  -6.1054502e-02   3.1800000e+03
  -5.2753579e-02   3.1950000e+03
  -4.2647161e-02   3.2100000e+03
  -3.2198820e-02   3.2250000e+03
  -2.2518145e-02   3.2400000e+03
  -1.4134984e-02   3.2550000e+03
  -6.9983732e-03   3.2700000e+03
  -6.8121235e-04   3.2850000e+03
   5.2944953e-03   3.3000000e+03
   1.1146740e-02   3.3150000e+03
   1.6682707e-02   3.3300000e+03
   2.1379316e-02   3.3450000e+03
   2.4633154e-02   3.3600000e+03
   2.6030034e-02   3.3750000e+03
   2.5504837e-02   3.3900000e+03
   2.3349080e-02   3.4050000e+03
   2.0099217e-02   3.4200000e+03
   1.6373022e-02   3.4350000e+03
   1.2723928e-02   3.4500000e+03
   9.5598400e-03   3.4650000e+03
   7.1307551e-03   3.4800000e+03
   5.5546323e-03   3.4950000e+03
   4.8445780e-03   3.5100000e+03
   4.9158554e-03   3.5250000e+03
   5.5743684e-03   3.5400000e+03
   6.5145474e-03   3.5550000e+03
   7.3665068e-03   3.5700000e+03
   7.7989972e-03   3.5850000e+03
   7.6206280e-03   3.6000000e+03
   6.8052174e-03   3.6150000e+03
   5.4412894e-03   3.6300000e+03
   3.6914323e-03   3.6450000e+03
   1.8258701e-03   3.6600000e+03
   2.7589139e-04   3.6750000e+03
  -4.1662043e-04   3.6900000e+03
   2.0121716e-04   3.7050000e+03
   2.2464141e-03   3.7200000e+03
   5.3668059e-03   3.7350000e+03
   8.8029904e-03   3.7500000e+03
   1.1599330e-02   3.7650000e+03
   1.2848172e-02   3.7800000e+03
   1.1867623e-02   3.7950000e+03
   8.2802195e-03   3.8100000e+03
   2.0285060e-03   3.8250000e+03
  -6.6105779e-03   3.8400000e+03
  -1.6987951e-02   3.8550000e+03
  -2.8067606e-02   3.8700000e+03
  -3.8517043e-02   3.8850000e+03
  -4.6946060e-02   3.9000000e+03
  -5.2251052e-02   3.9150000e+03
  -5.3949468e-02   3.9300000e+03
  -5.2365866e-02   3.9450000e+03
  -4.8562497e-02   3.9600000e+03
  -4.3993860e-02   3.9750000e+03
  -3.9992254e-02   3.9900000e+03
  -3.7302524e-02   4.0050000e+03
  -3.5894919e-02   4.0200000e+03
  -3.5155624e-02   4.0350000e+03
  -3.4348443e-02   4.0500000e+03
  -3.3087365e-02   4.0650000e+03
  -3.1560272e-02   4.0800000e+03
  -3.0397285e-02   4.0950000e+03
  -3.0284014e-02   4.1100000e+03
  -3.1552453e-02   4.1250000e+03
  -3.3970058e-02   4.1400000e+03
  -3.6815904e-02   4.1550000e+03
  -3.9175667e-02   4.1700000e+03
  -4.0292781e-02   4.1850000e+03
  -3.9811913e-02   4.2000000e+03
  -3.7821013e-02   4.2150000e+03
  -3.4700569e-02   4.2300000e+03
  -3.0884029e-02   4.2450000e+03
  -2.6674571e-02   4.2600000e+03
  -2.2215640e-02   4.2750000e+03
  -1.7599180e-02   4.2900000e+03
  -1.2999282e-02   4.3050000e+03
  -8.7157879e-03   4.3200000e+03
  -5.0930367e-03   4.3350000e+03
  -2.3666159e-03   4.3500000e+03
  -5.2403630e-04   4.3650000e+03
   7.5184554e-04   4.3800000e+03
   2.0227083e-03   4.3950000e+03
   3.9252867e-03   4.4100000e+03
   6.9491710e-03   4.4250000e+03
   1.1253298e-02   4.4400000e+03
   1.6596977e-02   4.4550000e+03
   2.2398809e-02   4.4700000e+03
   2.7881280e-02   4.4850000e+03
   3.2254301e-02   4.5000000e+03
