  -1.2368637e-03   0.0000000e+00
  -1.2369534e-03   1.5000000e+01
  -1.2370970e-03   3.0000000e+01
  -1.2371629e-03   4.5000000e+01
  -1.2372298e-03   6.0000000e+01
  -1.2373579e-03   7.5000000e+01
  -1.2375946e-03   9.0000000e+01
  -1.2381630e-03   1.0500000e+02
  -1.2391789e-03   1.2000000e+02
  -1.2403565e-03   1.3500000e+02
  -1.2414060e-03   1.5000000e+02
  -1.2424095e-03   1.6500000e+02
  -1.2435323e-03   1.8000000e+02
  -1.2447484e-03   1.9500000e+02
  -1.2459784e-03   2.1000000e+02
  -1.2471805e-03   2.2500000e+02
  -1.2483160e-03   2.4000000e+02
  -1.2493742e-03   2.5500000e+02
  -1.2503486e-03   2.7000000e+02
  -1.2512710e-03   2.8500000e+02
  -1.2523241e-03   3.0000000e+02
  -1.2537478e-03   3.1500000e+02
  -1.2555817e-03   3.3000000e+02
  -1.2576317e-03   3.4500000e+02
  -1.2597475e-03   3.6000000e+02
  -1.2619731e-03   3.7500000e+02
  -1.2643634e-03   3.9000000e+02
  -1.2668433e-03   4.0500000e+02
  -1.2692627e-03   4.2000000e+02
  -1.2713509e-03   4.3500000e+02
  -1.2726872e-03   4.5000000e+02
  -1.2728642e-03   4.6500000e+02
  -1.2714018e-03   4.8000000e+02
  -1.2671186e-03   4.9500000e+02
  -1.2576921e-03   5.1000000e+02
  -1.2406241e-03   5.2500000e+02
  -1.2157833e-03   5.4000000e+02
  -1.1879207e-03   5.5500000e+02
  -1.1669165e-03   5.7000000e+02
  -1.1640030e-03   5.8500000e+02
  -1.1841314e-03   6.0000000e+02
  -1.2193616e-03   6.1500000e+02
  -1.2508775e-03   6.3000000e+02
  -1.2611031e-03   6.4500000e+02
  -1.2466870e-03   6.6000000e+02
  -1.2187632e-03   6.7500000e+02
  -1.1869629e-03   6.9000000e+02
  -1.1432022e-03   7.0500000e+02
  -1.0671740e-03   7.2000000e+02
  -9.5288944e-04   7.3500000e+02
  -8.2730787e-04   7.5000000e+02
  -7.3644181e-04   7.6500000e+02
  -7.1099220e-04   7.8000000e+02
  -7.4726966e-04   7.9500000e+02
  -8.1884634e-04   8.1000000e+02
  -8.9807448e-04   8.2500000e+02
  -9.6363685e-04   8.4000000e+02
  -9.9926454e-04   8.5500000e+02
  -1.0006389e-03   8.7000000e+02
  -9.8522322e-04   8.8500000e+02
  -9.8425499e-04   9.0000000e+02
  -1.0169883e-03   9.1500000e+02
  -1.0741033e-03   9.3000000e+02
  -1.1283197e-03   9.4500000e+02
  -1.1583801e-03   9.6000000e+02
  -1.1619430e-03   9.7500000e+02
  -1.1518837e-03   9.9000000e+02
  -1.1465078e-03   1.0050000e+03
  -1.1594298e-03   1.0200000e+03
  -1.1895498e-03   1.0350000e+03
  -1.2200215e-03   1.0500000e+03
  -1.2347742e-03   1.0650000e+03
  -1.2376423e-03   1.0800000e+03
  -1.2475469e-03   1.0950000e+03
  -1.2732091e-03   1.1100000e+03
  -1.3019554e-03   1.1250000e+03
  -1.3170521e-03   1.1400000e+03
  -1.3172006e-03   1.1550000e+03
  -1.3138735e-03   1.1700000e+03
  -1.3161824e-03   1.1850000e+03
  -1.3243123e-03   1.2000000e+03
  -1.3357280e-03   1.2150000e+03
  -1.3542174e-03   1.2300000e+03
  -1.3906263e-03   1.2450000e+03
  -1.4527430e-03   1.2600000e+03
  -1.5353869e-03   1.2750000e+03
  -1.6227977e-03   1.2900000e+03
  -1.6985034e-03   1.3050000e+03
  -1.7508012e-03   1.3200000e+03
  -1.7761899e-03   1.3350000e+03
  -1.7867662e-03   1.3500000e+03
  -1.8093853e-03   1.3650000e+03
  -1.8639492e-03   1.3800000e+03
  -1.9403341e-03   1.3950000e+03
  -2.0071140e-03   1.4100000e+03
  -2.0477015e-03   1.4250000e+03
  -2.0808417e-03   1.4400000e+03
  -2.1402321e-03   1.4550000e+03
  -2.2380811e-03   1.4700000e+03
  -2.3535779e-03   1.4850000e+03
  -2.4557537e-03   1.5000000e+03
  -2.5344014e-03   1.5150000e+03
  -2.6084173e-03   1.5300000e+03
  -2.7052248e-03   1.5450000e+03
  -2.8332050e-03   1.5600000e+03
  -2.9761354e-03   1.5750000e+03
  -3.1154652e-03   1.5900000e+03
  -3.2536183e-03   1.6050000e+03
  -3.4091237e-03   1.6200000e+03
  -3.5912655e-03   1.6350000e+03
  -3.7905648e-03   1.6500000e+03
  -3.9981077e-03   1.6650000e+03
  -4.2232573e-03   1.6800000e+03
  -4.4825901e-03   1.6950000e+03
  -4.7785630e-03   1.7100000e+03
  -5.1018870e-03   1.7250000e+03
  -5.4526962e-03   1.7400000e+03
  -5.8468725e-03   1.7550000e+03
  -6.3002529e-03   1.7700000e+03
  -6.8179541e-03   1.7850000e+03
  -7.4032838e-03   1.8000000e+03
  -8.0673061e-03   1.8150000e+03
  -8.8208281e-03   1.8300000e+03
  -9.6550724e-03   1.8450000e+03
  -1.0518542e-02   1.8600000e+03
  -1.1272600e-02   1.8750000e+03
  -1.1591446e-02   1.8900000e+03
  -1.0774465e-02   1.9050000e+03
  -7.4490136e-03   1.9200000e+03
   8.2283269e-04   1.9350000e+03
   1.7913785e-02   1.9500000e+03
   4.9165145e-02   1.9650000e+03
   1.0055936e-01   1.9800000e+03
   1.7643155e-01   1.9950000e+03
   2.7544105e-01   2.0100000e+03
   3.8550228e-01   2.0250000e+03
   4.7999576e-01   2.0400000e+03
   5.1912570e-01   2.0550000e+03
   4.6021467e-01   2.0700000e+03
   2.7735806e-01   2.0850000e+03
  -1.5906513e-02   2.1000000e+03
  -3.5427701e-01   2.1150000e+03
  -6.3312006e-01   2.1300000e+03
  -7.4973178e-01   2.1450000e+03
  -6.5756184e-01   2.1600000e+03
  -4.0053400e-01   2.1750000e+03
  -9.7825490e-02   2.1900000e+03
   1.2060937e-01   2.2050000e+03
   1.8828182e-01   2.2200000e+03
   1.3246979e-01   2.2350000e+03
   3.8329616e-02   2.2500000e+03
  -1.9714376e-02   2.2650000e+03
  -1.9089632e-02   2.2800000e+03
   2.3724519e-02   2.2950000e+03
   8.6337991e-02   2.3100000e+03
   1.4599970e-01   2.3250000e+03
   1.6237640e-01   2.3400000e+03
   9.0838954e-02   2.3550000e+03
  -5.7956852e-02   2.3700000e+03
  -1.8573534e-01   2.3850000e+03
  -1.8043238e-01   2.4000000e+03
  -4.5385227e-02   2.4150000e+03
   7.7712134e-02   2.4300000e+03
   5.8170460e-02   2.4450000e+03
  -6.4180493e-02   2.4600000e+03
  -1.2349219e-01   2.4750000e+03
  -4.0337306e-02   2.4900000e+03
   7.6433457e-02   2.5050000e+03
   8.5028782e-02   2.5200000e+03
   6.9414866e-03   2.5350000e+03
  -2.1385336e-02   2.5500000e+03
   3.3596165e-02   2.5650000e+03
   5.3303983e-02   2.5800000e+03
  -3.3467602e-02   2.5950000e+03
  -1.2048215e-01   2.6100000e+03
  -8.1076674e-02   2.6250000e+03
   3.1841010e-02   2.6400000e+03
   6.5550789e-02   2.6550000e+03
   9.9357020e-04   2.6700000e+03
  -3.3201817e-02   2.6850000e+03
   2.4131518e-02   2.7000000e+03
   7.9821289e-02   2.7150000e+03
   5.1400792e-02   2.7300000e+03
  -9.2108306e-03   2.7450000e+03
  -2.3560543e-02   2.7600000e+03
  -1.1453460e-02   2.7750000e+03
  -2.3537800e-02   2.7900000e+03
  -3.3671483e-02   2.8050000e+03
   5.9676990e-03   2.8200000e+03
   6.1766289e-02   2.8350000e+03
   6.5915681e-02   2.8500000e+03
   2.7970612e-02   2.8650000e+03
   1.1405310e-02   2.8800000e+03
   2.5027992e-02   2.8950000e+03
   2.0518199e-02   2.9100000e+03
  -1.5023364e-02   2.9250000e+03
  -3.9791342e-02   2.9400000e+03
  -3.0724626e-02   2.9550000e+03
  -1.3622058e-02   2.9700000e+03
  -1.1662534e-02   2.9850000e+03
  -1.3014010e-02   3.0000000e+03
  -2.2587159e-03   3.0150000e+03
   1.2372623e-02   3.0300000e+03
   1.6875872e-02   3.0450000e+03
   1.1669441e-02   3.0600000e+03
   2.8479029e-03   3.0750000e+03
  -8.4927743e-03   3.0900000e+03
  -1.8463511e-02   3.1050000e+03
  -1.5497860e-02   3.1200000e+03
   6.1472575e-03   3.1350000e+03
   3.4442570e-02   3.1500000e+03
   4.8973285e-02   3.1650000e+03
   4.0600196e-02   3.1800000e+03
   1.8554155e-02   3.1950000e+03
  -3.7549471e-04   3.2100000e+03
  -7.3426906e-03   3.2250000e+03
  -6.5861158e-03   3.2400000e+03
  -6.9534290e-03   3.2550000e+03
  -1.0686062e-02   3.2700000e+03
  -1.2323013e-02   3.2850000e+03
  -6.9737327e-03   3.3000000e+03
   3.5548559e-03   3.3150000e+03
   1.2010656e-02   3.3300000e+03
   1.0288262e-02   3.3450000e+03
  -4.6370979e-03   3.3600000e+03
  -2.4556663e-02   3.3750000e+03
  -3.2833721e-02   3.3900000e+03
  -2.1237155e-02   3.4050000e+03
  -3.2295266e-03   3.4200000e+03
  -1.1404841e-03   3.4350000e+03
  -1.7460329e-02   3.4500000e+03
  -2.7926240e-02   3.4650000e+03
  -1.0084121e-02   3.4800000e+03
   2.6570361e-02   3.4950000e+03
   4.7835380e-02   3.5100000e+03
   3.2243200e-02   3.5250000e+03
  -5.5932864e-03   3.5400000e+03
  -3.1929422e-02   3.5550000e+03
  -2.9206818e-02   3.5700000e+03
  -8.9939963e-03   3.5850000e+03
   7.7106538e-03   3.6000000e+03
   1.3656576e-02   3.6150000e+03
   1.3984676e-02   3.6300000e+03
   9.6582705e-03   3.6450000e+03
  -5.0193793e-03   3.6600000e+03
  -2.7094075e-02   3.6750000e+03
  -3.8950883e-02   3.6900000e+03
  -2.5763681e-02   3.7050000e+03
   6.1729457e-03   3.7200000e+03
   3.5376385e-02   3.7350000e+03
   4.5983642e-02   3.7500000e+03
   3.6951046e-02   3.7650000e+03
   1.5526411e-02   3.7800000e+03
  -8.4191347e-03   3.7950000e+03
  -2.2099379e-02   3.8100000e+03
  -1.4820171e-02   3.8250000e+03
   1.0492686e-02   3.8400000e+03
   3.5201021e-02   3.8550000e+03
   3.9699998e-02   3.8700000e+03
   1.9758755e-02   3.8850000e+03
  -1.2359062e-02   3.9000000e+03
  -3.9246205e-02   3.9150000e+03
  -4.9052265e-02   3.9300000e+03
  -4.0066071e-02   3.9450000e+03
  -2.0324662e-02   3.9600000e+03
  -1.8390123e-03   3.9750000e+03
   8.4606828e-03   3.9900000e+03
   1.2312108e-02   4.0050000e+03
   1.3767714e-02   4.0200000e+03
   1.2018533e-02   4.0350000e+03
   4.2362972e-03   4.0500000e+03
  -5.9964000e-03   4.0650000e+03
  -8.7996731e-03   4.0800000e+03
   8.3735253e-04   4.0950000e+03
   1.5038268e-02   4.1100000e+03
   1.9850951e-02   4.1250000e+03
   9.9633252e-03   4.1400000e+03
  -5.3734309e-03   4.1550000e+03
  -1.1475351e-02   4.1700000e+03
  -2.5371122e-03   4.1850000e+03
   1.2813998e-02   4.2000000e+03
   1.9284388e-02   4.2150000e+03
   8.2944073e-03   4.2300000e+03
  -1.5179049e-02   4.2450000e+03
  -3.7309393e-02   4.2600000e+03
  -4.5578774e-02   4.2750000e+03
  -3.5654787e-02   4.2900000e+03
  -1.2718232e-02   4.3050000e+03
   1.0900932e-02   4.3200000e+03
   2.1697732e-02   4.3350000e+03
   1.3530572e-02   4.3500000e+03
  -7.5531993e-03   4.3650000e+03
  -2.7743492e-02   4.3800000e+03
  -3.5503816e-02   4.3950000e+03
  -2.7818335e-02   4.4100000e+03
  -8.7334057e-03   4.4250000e+03
   1.4945285e-02   4.4400000e+03
   3.5436027e-02   4.4550000e+03
   4.4611424e-02   4.4700000e+03
   3.7484687e-02   4.4850000e+03
   1.6844563e-02   4.5000000e+03
