  -5.0013105e-04   0.0000000e+00
  -5.0020881e-04   1.5000000e+01
  -5.0034362e-04   3.0000000e+01
  -5.0056080e-04   4.5000000e+01
  -5.0112873e-04   6.0000000e+01
  -5.0227297e-04   7.5000000e+01
  -5.0415855e-04   9.0000000e+01
  -5.0698360e-04   1.0500000e+02
  -5.1072595e-04   1.2000000e+02
  -5.1501580e-04   1.3500000e+02
  -5.1958353e-04   1.5000000e+02
  -5.2460679e-04   1.6500000e+02
  -5.3039420e-04   1.8000000e+02
  -5.3702574e-04   1.9500000e+02
  -5.4434442e-04   2.1000000e+02
  -5.5195758e-04   2.2500000e+02
  -5.5935566e-04   2.4000000e+02
  -5.6623301e-04   2.5500000e+02
  -5.7264237e-04   2.7000000e+02
  -5.7900697e-04   2.8500000e+02
  -5.8614177e-04   3.0000000e+02
  -5.9482874e-04   3.1500000e+02
  -6.0518953e-04   3.3000000e+02
  -6.1663543e-04   3.4500000e+02
  -6.2848779e-04   3.6000000e+02
  -6.4054196e-04   3.7500000e+02
  -6.5300480e-04   3.9000000e+02
  -6.6599360e-04   4.0500000e+02
  -6.7912508e-04   4.2000000e+02
  -6.9175143e-04   4.3500000e+02
  -7.0386106e-04   4.5000000e+02
  -7.1681151e-04   4.6500000e+02
  -7.3345937e-04   4.8000000e+02
  -7.5815566e-04   4.9500000e+02
  -7.9658470e-04   5.1000000e+02
  -8.5444964e-04   5.2500000e+02
  -9.3391998e-04   5.4000000e+02
  -1.0283850e-03   5.5500000e+02
  -1.1197688e-03   5.7000000e+02
  -1.1842459e-03   5.8500000e+02
  -1.2067368e-03   6.0000000e+02
  -1.1950243e-03   6.1500000e+02
  -1.1787859e-03   6.3000000e+02
  -1.1871547e-03   6.4500000e+02
  -1.2207723e-03   6.6000000e+02
  -1.2470584e-03   6.7500000e+02
  -1.2270859e-03   6.9000000e+02
  -1.1474557e-03   7.0500000e+02
  -1.0247919e-03   7.2000000e+02
  -8.8450091e-04   7.3500000e+02
  -7.4661028e-04   7.5000000e+02
  -6.3559855e-04   7.6500000e+02
  -5.8819924e-04   7.8000000e+02
  -6.2995875e-04   7.9500000e+02
  -7.4155093e-04   8.1000000e+02
  -8.6488540e-04   8.2500000e+02
  -9.5162651e-04   8.4000000e+02
  -9.9560479e-04   8.5500000e+02
  -1.0134748e-03   8.7000000e+02
  -1.0156172e-03   8.8500000e+02
  -1.0156073e-03   9.0000000e+02
  -1.0477003e-03   9.1500000e+02
  -1.1377905e-03   9.3000000e+02
  -1.2594063e-03   9.4500000e+02
  -1.3528462e-03   9.6000000e+02
  -1.3931084e-03   9.7500000e+02
  -1.4113314e-03   9.9000000e+02
  -1.4482246e-03   1.0050000e+03
  -1.5160870e-03   1.0200000e+03
  -1.6055735e-03   1.0350000e+03
  -1.6971003e-03   1.0500000e+03
  -1.7662250e-03   1.0650000e+03
  -1.8087215e-03   1.0800000e+03
  -1.8566650e-03   1.0950000e+03
  -1.9411490e-03   1.1100000e+03
  -2.0474230e-03   1.1250000e+03
  -2.1348479e-03   1.1400000e+03
  -2.1912658e-03   1.1550000e+03
  -2.2398599e-03   1.1700000e+03
  -2.2982385e-03   1.1850000e+03
  -2.3562789e-03   1.2000000e+03
  -2.3992003e-03   1.2150000e+03
  -2.4377371e-03   1.2300000e+03
  -2.5034233e-03   1.2450000e+03
  -2.6148183e-03   1.2600000e+03
  -2.7576662e-03   1.2750000e+03
  -2.8996174e-03   1.2900000e+03
  -3.0118439e-03   1.3050000e+03
  -3.0734320e-03   1.3200000e+03
  -3.0759859e-03   1.3350000e+03
  -3.0402134e-03   1.3500000e+03
  -3.0126637e-03   1.3650000e+03
  -3.0217951e-03   1.3800000e+03
  -3.0373945e-03   1.3950000e+03
  -2.9911166e-03   1.4100000e+03
  -2.8440070e-03   1.4250000e+03
  -2.6240943e-03   1.4400000e+03
  -2.3887451e-03   1.4550000e+03
  -2.1531703e-03   1.4700000e+03
  -1.8632256e-03   1.4850000e+03
  -1.4384264e-03   1.5000000e+03
  -8.3460618e-04   1.5150000e+03
  -5.8967635e-05   1.5300000e+03
   8.7571470e-04   1.5450000e+03
   2.0072870e-03   1.5600000e+03
   3.4312739e-03   1.5750000e+03
   5.2551473e-03   1.5900000e+03
   7.5604701e-03   1.6050000e+03
   1.0427351e-02   1.6200000e+03
   1.3995624e-02   1.6350000e+03
   1.8487651e-02   1.6500000e+03
   2.4176165e-02   1.6650000e+03
   3.1365652e-02   1.6800000e+03
   4.0434267e-02   1.6950000e+03
   5.1883820e-02   1.7100000e+03
   6.6322915e-02   1.7250000e+03
   8.4394909e-02   1.7400000e+03
   1.0671382e-01   1.7550000e+03
   1.3380995e-01   1.7700000e+03
   1.6603112e-01   1.7850000e+03
   2.0339823e-01   1.8000000e+03
   2.4549069e-01   1.8150000e+03
   2.9140863e-01   1.8300000e+03
   3.3976471e-01   1.8450000e+03
   3.8862285e-01   1.8600000e+03
   4.3535823e-01   1.8750000e+03
   4.7650579e-01   1.8900000e+03
   5.0775391e-01   1.9050000e+03
   5.2428806e-01   1.9200000e+03
   5.2160656e-01   1.9350000e+03
   4.9667493e-01   1.9500000e+03
   4.4900626e-01   1.9650000e+03
   3.8118407e-01   1.9800000e+03
   2.9856119e-01   1.9950000e+03
   2.0821114e-01   2.0100000e+03
   1.1746591e-01   2.0250000e+03
   3.2473180e-02   2.0400000e+03
  -4.2818073e-02   2.0550000e+03
  -1.0695802e-01   2.0700000e+03
  -1.6052306e-01   2.0850000e+03
  -2.0508532e-01   2.1000000e+03
  -2.4204402e-01   2.1150000e+03
  -2.7177334e-01   2.1300000e+03
  -2.9340020e-01   2.1450000e+03
  -3.0524981e-01   2.1600000e+03
  -3.0567142e-01   2.1750000e+03
  -2.9377282e-01   2.1900000e+03
  -2.6977164e-01   2.2050000e+03
  -2.3509882e-01   2.2200000e+03
  -1.9252418e-01   2.2350000e+03
  -1.4612921e-01   2.2500000e+03
  -1.0058589e-01   2.2650000e+03
  -5.9760455e-02   2.2800000e+03
  -2.5685763e-02   2.2950000e+03
   1.1187978e-03   2.3100000e+03
   2.0494802e-02   2.3250000e+03
   3.2208588e-02   2.3400000e+03
   3.6733951e-02   2.3550000e+03
   3.5930242e-02   2.3700000e+03
   3.2333065e-02   2.3850000e+03
   2.7723351e-02   2.4000000e+03
   2.2682453e-02   2.4150000e+03
   1.7470066e-02   2.4300000e+03
   1.2832958e-02   2.4450000e+03
   9.7094858e-03   2.4600000e+03
   8.4669972e-03   2.4750000e+03
   8.7832091e-03   2.4900000e+03
   1.0163343e-02   2.5050000e+03
   1.2278968e-02   2.5200000e+03
   1.4832976e-02   2.5350000e+03
   1.7392987e-02   2.5500000e+03
   1.9507449e-02   2.5650000e+03
   2.0900335e-02   2.5800000e+03
   2.1496462e-02   2.5950000e+03
   2.1334508e-02   2.6100000e+03
   2.0502718e-02   2.6250000e+03
   1.9086849e-02   2.6400000e+03
   1.7103989e-02   2.6550000e+03
   1.4491166e-02   2.6700000e+03
   1.1174912e-02   2.6850000e+03
   7.1260519e-03   2.7000000e+03
   2.3434414e-03   2.7150000e+03
  -3.1493462e-03   2.7300000e+03
  -9.2278048e-03   2.7450000e+03
  -1.5597290e-02   2.7600000e+03
  -2.1838339e-02   2.7750000e+03
  -2.7522968e-02   2.7900000e+03
  -3.2279246e-02   2.8050000e+03
  -3.5779566e-02   2.8200000e+03
  -3.7730299e-02   2.8350000e+03
  -3.7911348e-02   2.8500000e+03
  -3.6235470e-02   2.8650000e+03
  -3.2782502e-02   2.8800000e+03
  -2.7801203e-02   2.8950000e+03
  -2.1695379e-02   2.9100000e+03
  -1.5005080e-02   2.9250000e+03
  -8.3795283e-03   2.9400000e+03
  -2.5317455e-03   2.9550000e+03
   1.8379077e-03   2.9700000e+03
   4.1572228e-03   2.9850000e+03
   4.1203713e-03   3.0000000e+03
   1.7979464e-03   3.0150000e+03
  -2.3450011e-03   3.0300000e+03
  -7.5569157e-03   3.0450000e+03
  -1.3003170e-02   3.0600000e+03
  -1.7972868e-02   3.0750000e+03
  -2.1993902e-02   3.0900000e+03
  -2.4831286e-02   3.1050000e+03
  -2.6421869e-02   3.1200000e+03
  -2.6813937e-02   3.1350000e+03
  -2.6141966e-02   3.1500000e+03
  -2.4624700e-02   3.1650000e+03
  -2.2555117e-02   3.1800000e+03
  -2.0261042e-02   3.1950000e+03
  -1.8048180e-02   3.2100000e+03
  -1.6159730e-02   3.2250000e+03
  -1.4772970e-02   3.2400000e+03
  -1.4023196e-02   3.2550000e+03
  -1.4029604e-02   3.2700000e+03
  -1.4901658e-02   3.2850000e+03
  -1.6719775e-02   3.3000000e+03
  -1.9502154e-02   3.3150000e+03
  -2.3175761e-02   3.3300000e+03
  -2.7560107e-02   3.3450000e+03
  -3.2364544e-02   3.3600000e+03
  -3.7205175e-02   3.3750000e+03
  -4.1648682e-02   3.3900000e+03
  -4.5272928e-02   3.4050000e+03
  -4.7717120e-02   3.4200000e+03
  -4.8705097e-02   3.4350000e+03
  -4.8054714e-02   3.4500000e+03
  -4.5696989e-02   3.4650000e+03
  -4.1704495e-02   3.4800000e+03
  -3.6300324e-02   3.4950000e+03
  -2.9826352e-02   3.5100000e+03
  -2.2688603e-02   3.5250000e+03
  -1.5321404e-02   3.5400000e+03
  -8.1892833e-03   3.5550000e+03
  -1.8019342e-03   3.5700000e+03
   3.2984319e-03   3.5850000e+03
   6.5918108e-03   3.6000000e+03
   7.6546897e-03   3.6150000e+03
   6.2204124e-03   3.6300000e+03
   2.2118068e-03   3.6450000e+03
  -4.2456626e-03   3.6600000e+03
  -1.2820920e-02   3.6750000e+03
  -2.2989053e-02   3.6900000e+03
  -3.4068875e-02   3.7050000e+03
  -4.5288321e-02   3.7200000e+03
  -5.5866104e-02   3.7350000e+03
  -6.5092064e-02   3.7500000e+03
  -7.2391488e-02   3.7650000e+03
  -7.7365972e-02   3.7800000e+03
  -7.9810426e-02   3.7950000e+03
  -7.9709664e-02   3.8100000e+03
  -7.7217765e-02   3.8250000e+03
  -7.2621696e-02   3.8400000e+03
  -6.6292182e-02   3.8550000e+03
  -5.8631606e-02   3.8700000e+03
  -5.0031934e-02   3.8850000e+03
  -4.0850867e-02   3.9000000e+03
  -3.1405721e-02   3.9150000e+03
  -2.1980403e-02   3.9300000e+03
  -1.2841078e-02   3.9450000e+03
  -4.2538652e-03   3.9600000e+03
   3.5073983e-03   3.9750000e+03
   1.0173821e-02   3.9900000e+03
   1.5513267e-02   4.0050000e+03
   1.9367769e-02   4.0200000e+03
   2.1681705e-02   4.0350000e+03
   2.2514336e-02   4.0500000e+03
   2.2037866e-02   4.0650000e+03
   2.0523205e-02   4.0800000e+03
   1.8313048e-02   4.0950000e+03
   1.5780721e-02   4.1100000e+03
   1.3276476e-02   4.1250000e+03
   1.1070593e-02   4.1400000e+03
   9.3099996e-03   4.1550000e+03
   8.0046207e-03   4.1700000e+03
   7.0472104e-03   4.1850000e+03
   6.2556807e-03   4.2000000e+03
   5.4216981e-03   4.2150000e+03
   4.3545254e-03   4.2300000e+03
   2.9143542e-03   4.2450000e+03
   1.0302520e-03   4.2600000e+03
  -1.2986232e-03   4.2750000e+03
  -4.0101246e-03   4.2900000e+03
  -6.9807814e-03   4.3050000e+03
  -1.0018537e-02   4.3200000e+03
  -1.2860815e-02   4.3350000e+03
  -1.5196364e-02   4.3500000e+03
  -1.6713111e-02   4.3650000e+03
  -1.7154016e-02   4.3800000e+03
  -1.6358774e-02   4.3950000e+03
  -1.4282280e-02   4.4100000e+03
  -1.0994267e-02   4.4250000e+03
  -6.6663087e-03   4.4400000e+03
  -1.5473531e-03   4.4550000e+03
   4.0709032e-03   4.4700000e+03
   9.8902099e-03   4.4850000e+03
   1.5631298e-02   4.5000000e+03
