   6.6371155e-03   0.0000000e+00
   6.6364696e-03   1.5000000e+01
   6.6346731e-03   3.0000000e+01
   6.6320794e-03   4.5000000e+01
   6.6288956e-03   6.0000000e+01
   6.6247587e-03   7.5000000e+01
   6.6189575e-03   9.0000000e+01
   6.6113286e-03   1.0500000e+02
   6.6027553e-03   1.2000000e+02
   6.5942705e-03   1.3500000e+02
   6.5853274e-03   1.5000000e+02
   6.5730726e-03   1.6500000e+02
   6.5528159e-03   1.8000000e+02
   6.5150838e-03   1.9500000e+02
   6.4335088e-03   2.1000000e+02
   6.2505812e-03   2.2500000e+02
   5.8913850e-03   2.4000000e+02
   5.3364383e-03   2.5500000e+02
   4.7208965e-03   2.7000000e+02
   4.3302691e-03   2.8500000e+02
   4.3906625e-03   3.0000000e+02
   4.8002559e-03   3.1500000e+02
   5.1546311e-03   3.3000000e+02
   5.1596211e-03   3.4500000e+02
   4.9669812e-03   3.6000000e+02
   4.9462584e-03   3.7500000e+02
   5.1687621e-03   3.9000000e+02
   5.3484244e-03   4.0500000e+02
   5.3106225e-03   4.2000000e+02
   5.2363942e-03   4.3500000e+02
   5.3245090e-03   4.5000000e+02
   5.4786955e-03   4.6500000e+02
   5.5207694e-03   4.8000000e+02
   5.4950495e-03   4.9500000e+02
   5.5413046e-03   5.1000000e+02
   5.6343838e-03   5.2500000e+02
   5.6632482e-03   5.4000000e+02
   5.6422520e-03   5.5500000e+02
   5.6595635e-03   5.7000000e+02
   5.7085860e-03   5.8500000e+02
   5.7225437e-03   6.0000000e+02
   5.7093259e-03   6.1500000e+02
   5.7251109e-03   6.3000000e+02
   5.7634362e-03   6.4500000e+02
   5.7761548e-03   6.6000000e+02
   5.7601649e-03   6.7500000e+02
   5.7342481e-03   6.9000000e+02
   5.6716115e-03   7.0500000e+02
   5.5241394e-03   7.2000000e+02
   5.2747666e-03   7.3500000e+02
   4.9245604e-03   7.5000000e+02
   4.4797440e-03   7.6500000e+02
   3.9968202e-03   7.8000000e+02
   3.6036142e-03   7.9500000e+02
   3.4275667e-03   8.1000000e+02
   3.4929030e-03   8.2500000e+02
   3.6756927e-03   8.4000000e+02
   3.7488551e-03   8.5500000e+02
   3.5169721e-03   8.7000000e+02
   2.9751717e-03   8.8500000e+02
   2.3324878e-03   9.0000000e+02
   1.8166157e-03   9.1500000e+02
   1.4336815e-03   9.3000000e+02
   9.6133893e-04   9.4500000e+02
   2.0335328e-04   9.6000000e+02
  -7.8865758e-04   9.7500000e+02
  -1.7851440e-03   9.9000000e+02
  -2.6113631e-03   1.0050000e+03
  -3.1570655e-03   1.0200000e+03
  -2.9954696e-03   1.0350000e+03
  -8.2361902e-04   1.0500000e+03
   6.1214273e-03   1.0650000e+03
   2.2962598e-02   1.0800000e+03
   5.8692262e-02   1.0950000e+03
   1.2759662e-01   1.1100000e+03
   2.4846248e-01   1.1250000e+03
   4.3857440e-01   1.1400000e+03
   7.0010227e-01   1.1550000e+03
   9.9979961e-01   1.1700000e+03
   1.2504281e+00   1.1850000e+03
   1.3120914e+00   1.2000000e+03
   1.0346191e+00   1.2150000e+03
   3.4538686e-01   1.2300000e+03
  -6.5243852e-01   1.2450000e+03
  -1.6461775e+00   1.2600000e+03
  -2.2156889e+00   1.2750000e+03
  -2.0633833e+00   1.2900000e+03
  -1.2411915e+00   1.3050000e+03
  -1.8202135e-01   1.3200000e+03
   5.5307275e-01   1.3350000e+03
   6.6234320e-01   1.3500000e+03
   3.0770960e-01   1.3650000e+03
  -6.6302612e-02   1.3800000e+03
  -1.4683490e-01   1.3950000e+03
   5.2209140e-04   1.4100000e+03
   8.9494556e-02   1.4250000e+03
  -2.7760113e-02   1.4400000e+03
  -2.1869797e-01   1.4550000e+03
  -2.7800894e-01   1.4700000e+03
  -1.8032788e-01   1.4850000e+03
  -5.5412490e-02   1.5000000e+03
   2.3918813e-02   1.5150000e+03
   1.0331005e-01   1.5300000e+03
   1.9289029e-01   1.5450000e+03
   1.9090311e-01   1.5600000e+03
   4.5647964e-02   1.5750000e+03
  -1.0190102e-01   1.5900000e+03
  -6.3250802e-02   1.6050000e+03
   1.4628454e-01   1.6200000e+03
   3.2117736e-01   1.6350000e+03
   3.1910118e-01   1.6500000e+03
   1.8323487e-01   1.6650000e+03
   1.4437245e-02   1.6800000e+03
  -1.3685033e-01   1.6950000e+03
  -2.1632357e-01   1.7100000e+03
  -1.5368320e-01   1.7250000e+03
   8.9298971e-03   1.7400000e+03
   9.7156607e-02   1.7550000e+03
   1.9194948e-02   1.7700000e+03
  -9.5130123e-02   1.7850000e+03
  -7.8687564e-02   1.8000000e+03
   3.8811021e-02   1.8150000e+03
   1.0395616e-01   1.8300000e+03
   7.0797622e-02   1.8450000e+03
   2.2040298e-02   1.8600000e+03
   1.2040841e-02   1.8750000e+03
   2.4978366e-02   1.8900000e+03
   5.6159720e-02   1.9050000e+03
   1.0787325e-01   1.9200000e+03
   1.2634026e-01   1.9350000e+03
   5.8272168e-02   1.9500000e+03
  -4.5800544e-02   1.9650000e+03
  -8.5894182e-02   1.9800000e+03
  -5.2115124e-02   1.9950000e+03
  -1.8490672e-02   2.0100000e+03
  -1.9882962e-02   2.0250000e+03
  -2.4744133e-02   2.0400000e+03
  -1.3907593e-02   2.0550000e+03
  -4.3967399e-03   2.0700000e+03
  -2.1889079e-03   2.0850000e+03
   4.5603933e-03   2.1000000e+03
   1.1922801e-02   2.1150000e+03
   6.4751036e-03   2.1300000e+03
  -6.7749815e-03   2.1450000e+03
  -1.6902532e-02   2.1600000e+03
  -2.9232269e-02   2.1750000e+03
  -4.7909699e-02   2.1900000e+03
  -5.8465522e-02   2.2050000e+03
  -5.0691634e-02   2.2200000e+03
  -3.6555637e-02   2.2350000e+03
  -2.7481057e-02   2.2500000e+03
  -1.6353291e-02   2.2650000e+03
   3.5851710e-03   2.2800000e+03
   2.2773881e-02   2.2950000e+03
   2.9088823e-02   2.3100000e+03
   2.1203510e-02   2.3250000e+03
   4.3879421e-03   2.3400000e+03
  -1.2490424e-02   2.3550000e+03
  -1.7827189e-02   2.3700000e+03
  -9.0226615e-03   2.3850000e+03
   1.5920249e-03   2.4000000e+03
   3.1226389e-03   2.4150000e+03
  -5.2931748e-04   2.4300000e+03
  -1.8296894e-03   2.4450000e+03
  -1.8448986e-03   2.4600000e+03
  -3.2557095e-03   2.4750000e+03
  -2.7978646e-03   2.4900000e+03
   2.2610829e-03   2.5050000e+03
   8.8872686e-03   2.5200000e+03
   1.3828797e-02   2.5350000e+03
   1.7591741e-02   2.5500000e+03
   2.0580765e-02   2.5650000e+03
   2.0844098e-02   2.5800000e+03
   1.7789900e-02   2.5950000e+03
   1.4580946e-02   2.6100000e+03
   1.4865084e-02   2.6250000e+03
   1.8806176e-02   2.6400000e+03
   2.3587035e-02   2.6550000e+03
   2.6755000e-02   2.6700000e+03
   2.7883574e-02   2.6850000e+03
   2.7627241e-02   2.7000000e+03
   2.6810570e-02   2.7150000e+03
   2.6668707e-02   2.7300000e+03
   2.8057735e-02   2.7450000e+03
   2.9076779e-02   2.7600000e+03
   2.5215026e-02   2.7750000e+03
   1.4101899e-02   2.7900000e+03
  -1.0234761e-03   2.8050000e+03
  -1.4722174e-02   2.8200000e+03
  -2.4840461e-02   2.8350000e+03
  -3.2061048e-02   2.8500000e+03
  -3.5402652e-02   2.8650000e+03
  -3.1651340e-02   2.8800000e+03
  -1.9594789e-02   2.8950000e+03
  -2.6505704e-03   2.9100000e+03
   1.3078241e-02   2.9250000e+03
   2.1939591e-02   2.9400000e+03
   2.0408273e-02   2.9550000e+03
   8.6057605e-03   2.9700000e+03
  -8.0381176e-03   2.9850000e+03
  -2.0313095e-02   3.0000000e+03
  -2.1406712e-02   3.0150000e+03
  -1.2819376e-02   3.0300000e+03
  -3.7049977e-03   3.0450000e+03
  -3.7602258e-03   3.0600000e+03
  -1.5864318e-02   3.0750000e+03
  -3.3805002e-02   3.0900000e+03
  -4.5811329e-02   3.1050000e+03
  -4.1636944e-02   3.1200000e+03
  -1.9535428e-02   3.1350000e+03
   1.1464868e-02   3.1500000e+03
   3.6554042e-02   3.1650000e+03
   4.4346049e-02   3.1800000e+03
   3.3463024e-02   3.1950000e+03
   1.2219256e-02   3.2100000e+03
  -7.2117387e-03   3.2250000e+03
  -1.5766144e-02   3.2400000e+03
  -1.1687165e-02   3.2550000e+03
   1.2399723e-04   3.2700000e+03
   1.2766008e-02   3.2850000e+03
   2.1942114e-02   3.3000000e+03
   2.6606653e-02   3.3150000e+03
   2.6390104e-02   3.3300000e+03
   2.0177612e-02   3.3450000e+03
   7.9193991e-03   3.3600000e+03
  -7.1400795e-03   3.3750000e+03
  -1.9371187e-02   3.3900000e+03
  -2.4461722e-02   3.4050000e+03
  -2.2399718e-02   3.4200000e+03
  -1.7106406e-02   3.4350000e+03
  -1.3231774e-02   3.4500000e+03
  -1.2821738e-02   3.4650000e+03
  -1.4405478e-02   3.4800000e+03
  -1.4965402e-02   3.4950000e+03
  -1.2882070e-02   3.5100000e+03
  -9.2898905e-03   3.5250000e+03
  -6.9024442e-03   3.5400000e+03
  -7.6230811e-03   3.5550000e+03
  -1.1070405e-02   3.5700000e+03
  -1.5094340e-02   3.5850000e+03
  -1.7596172e-02   3.6000000e+03
  -1.7930105e-02   3.6150000e+03
  -1.6666176e-02   3.6300000e+03
  -1.4163714e-02   3.6450000e+03
  -9.6543217e-03   3.6600000e+03
  -1.9749813e-03   3.6750000e+03
   8.7288916e-03   3.6900000e+03
   2.0084223e-02   3.7050000e+03
   2.8354969e-02   3.7200000e+03
   3.0484280e-02   3.7350000e+03
   2.5850082e-02   3.7500000e+03
   1.6648956e-02   3.7650000e+03
   6.7832880e-03   3.7800000e+03
  -9.2191112e-05   3.7950000e+03
  -2.3611940e-03   3.8100000e+03
  -1.0961673e-03   3.8250000e+03
   9.5531251e-04   3.8400000e+03
   1.5487398e-03   3.8550000e+03
   6.5651722e-04   3.8700000e+03
   1.2103983e-04   3.8850000e+03
   1.4838929e-03   3.9000000e+03
   4.2583151e-03   3.9150000e+03
   6.5586581e-03   3.9300000e+03
   7.2460747e-03   3.9450000e+03
   6.9143106e-03   3.9600000e+03
   6.6219983e-03   3.9750000e+03
   6.2554744e-03   3.9900000e+03
   4.7616013e-03   4.0050000e+03
   1.8267665e-03   4.0200000e+03
  -1.3471076e-03   4.0350000e+03
  -3.2013326e-03   4.0500000e+03
  -3.4689300e-03   4.0650000e+03
  -3.5106770e-03   4.0800000e+03
  -5.2274824e-03   4.0950000e+03
  -9.6741039e-03   4.1100000e+03
  -1.6302455e-02   4.1250000e+03
  -2.3206536e-02   4.1400000e+03
  -2.8331779e-02   4.1550000e+03
  -3.0854084e-02   4.1700000e+03
  -3.1383544e-02   4.1850000e+03
  -3.0650364e-02   4.2000000e+03
  -2.8207369e-02   4.2150000e+03
  -2.2831362e-02   4.2300000e+03
  -1.4160112e-02   4.2450000e+03
  -3.5275831e-03   4.2600000e+03
   6.8806079e-03   4.2750000e+03
   1.5354557e-02   4.2900000e+03
   2.1153243e-02   4.3050000e+03
   2.4288451e-02   4.3200000e+03
   2.5264602e-02   4.3350000e+03
   2.4739800e-02   4.3500000e+03
   2.2951921e-02   4.3650000e+03
   1.9543791e-02   4.3800000e+03
   1.4365532e-02   4.3950000e+03
   8.4710401e-03   4.4100000e+03
   3.9069378e-03   4.4250000e+03
   2.2776243e-03   4.4400000e+03
   3.6566195e-03   4.4550000e+03
   6.9500026e-03   4.4700000e+03
   1.0984970e-02   4.4850000e+03
   1.4935558e-02   4.5000000e+03
