  -9.8089408e-04   0.0000000e+00
  -9.8094426e-04   1.5000000e+01
  -9.8105555e-04   3.0000000e+01
  -9.8116160e-04   4.5000000e+01
  -9.8126242e-04   6.0000000e+01
  -9.8135357e-04   7.5000000e+01
  -9.8143599e-04   9.0000000e+01
  -9.8158361e-04   1.0500000e+02
  -9.8186289e-04   1.2000000e+02
  -9.8220678e-04   1.3500000e+02
  -9.8252506e-04   1.5000000e+02
  -9.8281959e-04   1.6500000e+02
  -9.8310760e-04   1.8000000e+02
  -9.8335277e-04   1.9500000e+02
  -9.8353683e-04   2.1000000e+02
  -9.8370132e-04   2.2500000e+02
  -9.8390668e-04   2.4000000e+02
  -9.8419655e-04   2.5500000e+02
  -9.8456175e-04   2.7000000e+02
  -9.8494475e-04   2.8500000e+02
  -9.8530611e-04   3.0000000e+02
  -9.8565884e-04   3.1500000e+02
  -9.8602672e-04   3.3000000e+02
  -9.8641426e-04   3.4500000e+02
  -9.8683033e-04   3.6000000e+02
  -9.8729262e-04   3.7500000e+02
  -9.8780892e-04   3.9000000e+02
  -9.8835549e-04   4.0500000e+02
  -9.8890194e-04   4.2000000e+02
  -9.8931440e-04   4.3500000e+02
  -9.8912907e-04   4.5000000e+02
  -9.8728517e-04   4.6500000e+02
  -9.8155404e-04   4.8000000e+02
  -9.6771243e-04   4.9500000e+02
  -9.3937840e-04   5.1000000e+02
  -8.8996382e-04   5.2500000e+02
  -8.1767899e-04   5.4000000e+02
  -7.3182635e-04   5.5500000e+02
  -6.5521075e-04   5.7000000e+02
  -6.1647932e-04   5.8500000e+02
  -6.3176744e-04   6.0000000e+02
  -6.8730692e-04   6.1500000e+02
  -7.4163720e-04   6.3000000e+02
  -7.5383647e-04   6.4500000e+02
  -7.1702327e-04   6.6000000e+02
  -6.6247792e-04   6.7500000e+02
  -6.2427478e-04   6.9000000e+02
  -5.9999002e-04   7.0500000e+02
  -5.5463763e-04   7.2000000e+02
  -4.6688438e-04   7.3500000e+02
  -3.6171541e-04   7.5000000e+02
  -2.8750347e-04   7.6500000e+02
  -2.6711586e-04   7.8000000e+02
  -2.8549458e-04   7.9500000e+02
  -3.2161424e-04   8.1000000e+02
  -3.7039694e-04   8.2500000e+02
  -4.2486360e-04   8.4000000e+02
  -4.5989623e-04   8.5500000e+02
  -4.5763195e-04   8.7000000e+02
  -4.3873605e-04   8.8500000e+02
  -4.4272619e-04   9.0000000e+02
  -4.7917478e-04   9.1500000e+02
  -5.2153616e-04   9.3000000e+02
  -5.4815481e-04   9.4500000e+02
  -5.6299428e-04   9.6000000e+02
  -5.7315547e-04   9.7500000e+02
  -5.7516794e-04   9.9000000e+02
  -5.7277066e-04   1.0050000e+03
  -5.8172568e-04   1.0200000e+03
  -6.0485804e-04   1.0350000e+03
  -6.2426279e-04   1.0500000e+03
  -6.2875717e-04   1.0650000e+03
  -6.2950439e-04   1.0800000e+03
  -6.3977524e-04   1.0950000e+03
  -6.5665785e-04   1.1100000e+03
  -6.7057565e-04   1.1250000e+03
  -6.7896245e-04   1.1400000e+03
  -6.8386749e-04   1.1550000e+03
  -6.8569509e-04   1.1700000e+03
  -6.8448496e-04   1.1850000e+03
  -6.8223948e-04   1.2000000e+03
  -6.8135106e-04   1.2150000e+03
  -6.8378163e-04   1.2300000e+03
  -6.9297262e-04   1.2450000e+03
  -7.1337883e-04   1.2600000e+03
  -7.4513722e-04   1.2750000e+03
  -7.8031339e-04   1.2900000e+03
  -8.0719596e-04   1.3050000e+03
  -8.1838627e-04   1.3200000e+03
  -8.1477663e-04   1.3350000e+03
  -8.0542295e-04   1.3500000e+03
  -8.0457405e-04   1.3650000e+03
  -8.2195655e-04   1.3800000e+03
  -8.5111894e-04   1.3950000e+03
  -8.7282673e-04   1.4100000e+03
  -8.7561551e-04   1.4250000e+03
  -8.6911389e-04   1.4400000e+03
  -8.7256852e-04   1.4550000e+03
  -8.9353643e-04   1.4700000e+03
  -9.2165940e-04   1.4850000e+03
  -9.4107393e-04   1.5000000e+03
  -9.4616564e-04   1.5150000e+03
  -9.4593002e-04   1.5300000e+03
  -9.5353281e-04   1.5450000e+03
  -9.7168330e-04   1.5600000e+03
  -9.9036528e-04   1.5750000e+03
  -1.0001957e-03   1.5900000e+03
  -1.0044322e-03   1.6050000e+03
  -1.0135656e-03   1.6200000e+03
  -1.0302694e-03   1.6350000e+03
  -1.0461081e-03   1.6500000e+03
  -1.0541981e-03   1.6650000e+03
  -1.0587011e-03   1.6800000e+03
  -1.0674774e-03   1.6950000e+03
  -1.0801723e-03   1.7100000e+03
  -1.0902089e-03   1.7250000e+03
  -1.0962085e-03   1.7400000e+03
  -1.1037921e-03   1.7550000e+03
  -1.1157503e-03   1.7700000e+03
  -1.1275959e-03   1.7850000e+03
  -1.1350759e-03   1.8000000e+03
  -1.1402990e-03   1.8150000e+03
  -1.1473458e-03   1.8300000e+03
  -1.1562279e-03   1.8450000e+03
  -1.1646127e-03   1.8600000e+03
  -1.1724379e-03   1.8750000e+03
  -1.1813581e-03   1.8900000e+03
  -1.1913464e-03   1.9050000e+03
  -1.2008024e-03   1.9200000e+03
  -1.2091781e-03   1.9350000e+03
  -1.2173202e-03   1.9500000e+03
  -1.2257480e-03   1.9650000e+03
  -1.2342234e-03   1.9800000e+03
  -1.2425903e-03   1.9950000e+03
  -1.2506703e-03   2.0100000e+03
  -1.2577157e-03   2.0250000e+03
  -1.2631932e-03   2.0400000e+03
  -1.2678464e-03   2.0550000e+03
  -1.2729880e-03   2.0700000e+03
  -1.2791061e-03   2.0850000e+03
  -1.2859982e-03   2.1000000e+03
  -1.2937143e-03   2.1150000e+03
  -1.3023842e-03   2.1300000e+03
  -1.3115676e-03   2.1450000e+03
  -1.3206402e-03   2.1600000e+03
  -1.3295575e-03   2.1750000e+03
  -1.3386246e-03   2.1900000e+03
  -1.3477877e-03   2.2050000e+03
  -1.3567768e-03   2.2200000e+03
  -1.3658056e-03   2.2350000e+03
  -1.3754040e-03   2.2500000e+03
  -1.3855144e-03   2.2650000e+03
  -1.3953011e-03   2.2800000e+03
  -1.4040330e-03   2.2950000e+03
  -1.4117378e-03   2.3100000e+03
  -1.4188263e-03   2.3250000e+03
  -1.4254219e-03   2.3400000e+03
  -1.4312550e-03   2.3550000e+03
  -1.4360271e-03   2.3700000e+03
  -1.4397348e-03   2.3850000e+03
  -1.4426674e-03   2.4000000e+03
  -1.4451460e-03   2.4150000e+03
  -1.4473666e-03   2.4300000e+03
  -1.4495510e-03   2.4450000e+03
  -1.4521084e-03   2.4600000e+03
  -1.4553717e-03   2.4750000e+03
  -1.4591350e-03   2.4900000e+03
  -1.4625256e-03   2.5050000e+03
  -1.4644366e-03   2.5200000e+03
  -1.4640632e-03   2.5350000e+03
  -1.4610462e-03   2.5500000e+03
  -1.4552531e-03   2.5650000e+03
  -1.4465548e-03   2.5800000e+03
  -1.4348355e-03   2.5950000e+03
  -1.4200441e-03   2.6100000e+03
  -1.4020712e-03   2.6250000e+03
  -1.3806589e-03   2.6400000e+03
  -1.3555442e-03   2.6550000e+03
  -1.3267482e-03   2.6700000e+03
  -1.2946209e-03   2.6850000e+03
  -1.2594993e-03   2.7000000e+03
  -1.2212117e-03   2.7150000e+03
  -1.1787397e-03   2.7300000e+03
  -1.1302797e-03   2.7450000e+03
  -1.0737850e-03   2.7600000e+03
  -1.0077964e-03   2.7750000e+03
  -9.3205069e-04   2.7900000e+03
  -8.4739365e-04   2.8050000e+03
  -7.5503410e-04   2.8200000e+03
  -6.5570162e-04   2.8350000e+03
  -5.4922543e-04   2.8500000e+03
  -4.3446576e-04   2.8650000e+03
  -3.0931234e-04   2.8800000e+03
  -1.7070002e-04   2.8950000e+03
  -1.4910484e-05   2.9100000e+03
   1.6173908e-04   2.9250000e+03
   3.6218195e-04   2.9400000e+03
   5.8835273e-04   2.9550000e+03
   8.4152928e-04   2.9700000e+03
   1.1228470e-03   2.9850000e+03
   1.4336561e-03   3.0000000e+03
   1.7757963e-03   3.0150000e+03
   2.1521251e-03   3.0300000e+03
   2.5673271e-03   3.0450000e+03
   3.0284238e-03   3.0600000e+03
   3.5443238e-03   3.0750000e+03
   4.1244896e-03   3.0900000e+03
   4.7777276e-03   3.1050000e+03
   5.5121668e-03   3.1200000e+03
   6.3363789e-03   3.1350000e+03
   7.2605964e-03   3.1500000e+03
   8.2971333e-03   3.1650000e+03
   9.4600422e-03   3.1800000e+03
   1.0764619e-02   3.1950000e+03
   1.2227239e-02   3.2100000e+03
   1.3865248e-02   3.2250000e+03
   1.5696513e-02   3.2400000e+03
   1.7738538e-02   3.2550000e+03
   2.0007374e-02   3.2700000e+03
   2.2516407e-02   3.2850000e+03
   2.5274890e-02   3.3000000e+03
   2.8286098e-02   3.3150000e+03
   3.1545572e-02   3.3300000e+03
   3.5040274e-02   3.3450000e+03
   3.8749162e-02   3.3600000e+03
   4.2645000e-02   3.3750000e+03
   4.6696559e-02   3.3900000e+03
   5.0870474e-02   3.4050000e+03
   5.5132430e-02   3.4200000e+03
   5.9447575e-02   3.4350000e+03
   6.3780315e-02   3.4500000e+03
   6.8093672e-02   3.4650000e+03
   7.2348520e-02   3.4800000e+03
   7.6503076e-02   3.4950000e+03
   8.0512397e-02   3.5100000e+03
   8.4327817e-02   3.5250000e+03
   8.7896369e-02   3.5400000e+03
   9.1160864e-02   3.5550000e+03
   9.4061814e-02   3.5700000e+03
   9.6541502e-02   3.5850000e+03
   9.8549508e-02   3.6000000e+03
   1.0004829e-01   3.6150000e+03
   1.0101745e-01   3.6300000e+03
   1.0145579e-01   3.6450000e+03
   1.0138114e-01   3.6600000e+03
   1.0082819e-01   3.6750000e+03
   9.9844925e-02   3.6900000e+03
   9.8488137e-02   3.7050000e+03
   9.6818551e-02   3.7200000e+03
   9.4896071e-02   3.7350000e+03
   9.2775621e-02   3.7500000e+03
   9.0504520e-02   3.7650000e+03
   8.8121533e-02   3.7800000e+03
   8.5657284e-02   3.7950000e+03
   8.3135225e-02   3.8100000e+03
   8.0572300e-02   3.8250000e+03
   7.7978879e-02   3.8400000e+03
   7.5358294e-02   3.8550000e+03
   7.2706409e-02   3.8700000e+03
   7.0012070e-02   3.8850000e+03
   6.7259230e-02   3.9000000e+03
   6.4431600e-02   3.9150000e+03
   6.1519340e-02   3.9300000e+03
   5.8526147e-02   3.9450000e+03
   5.5473678e-02   3.9600000e+03
   5.2400403e-02   3.9750000e+03
   4.9353965e-02   3.9900000e+03
   4.6378877e-02   4.0050000e+03
   4.3503616e-02   4.0200000e+03
   4.0731903e-02   4.0350000e+03
   3.8041759e-02   4.0500000e+03
   3.5393115e-02   4.0650000e+03
   3.2741666e-02   4.0800000e+03
   3.0054033e-02   4.0950000e+03
   2.7318090e-02   4.1100000e+03
   2.4543526e-02   4.1250000e+03
   2.1751277e-02   4.1400000e+03
   1.8955719e-02   4.1550000e+03
   1.6148191e-02   4.1700000e+03
   1.3291599e-02   4.1850000e+03
   1.0331468e-02   4.2000000e+03
   7.2202943e-03   4.2150000e+03
   3.9437250e-03   4.2300000e+03
   5.3416699e-04   4.2450000e+03
  -2.9371099e-03   4.2600000e+03
  -6.3867355e-03   4.2750000e+03
  -9.7509809e-03   4.2900000e+03
  -1.3005098e-02   4.3050000e+03
  -1.6160076e-02   4.3200000e+03
  -1.9240366e-02   4.3350000e+03
  -2.2257432e-02   4.3500000e+03
  -2.5195375e-02   4.3650000e+03
  -2.8015796e-02   4.3800000e+03
  -3.0676093e-02   4.3950000e+03
  -3.3147134e-02   4.4100000e+03
  -3.5417978e-02   4.4250000e+03
  -3.7485130e-02   4.4400000e+03
  -3.9335154e-02   4.4550000e+03
  -4.0934261e-02   4.4700000e+03
  -4.2233605e-02   4.4850000e+03
  -4.3188062e-02   4.5000000e+03
