  -5.9497762e-03   0.0000000e+00
  -5.9495061e-03   1.5000000e+01
  -5.9490581e-03   3.0000000e+01
  -5.9498618e-03   4.5000000e+01
  -5.9542311e-03   6.0000000e+01
  -5.9640007e-03   7.5000000e+01
  -5.9787710e-03   9.0000000e+01
  -5.9966082e-03   1.0500000e+02
  -6.0165152e-03   1.2000000e+02
  -6.0402672e-03   1.3500000e+02
  -6.0712630e-03   1.5000000e+02
  -6.1113085e-03   1.6500000e+02
  -6.1605675e-03   1.8000000e+02
  -6.2199822e-03   1.9500000e+02
  -6.2912153e-03   2.1000000e+02
  -6.3751983e-03   2.2500000e+02
  -6.4707561e-03   2.4000000e+02
  -6.5735108e-03   2.5500000e+02
  -6.6785761e-03   2.7000000e+02
  -6.7846659e-03   2.8500000e+02
  -6.8930546e-03   3.0000000e+02
  -7.0041181e-03   3.1500000e+02
  -7.1162330e-03   3.3000000e+02
  -7.2254986e-03   3.4500000e+02
  -7.3260451e-03   3.6000000e+02
  -7.4124988e-03   3.7500000e+02
  -7.4826684e-03   3.9000000e+02
  -7.5385170e-03   4.0500000e+02
  -7.5846165e-03   4.2000000e+02
  -7.6223509e-03   4.3500000e+02
  -7.6438622e-03   4.5000000e+02
  -7.6354211e-03   4.6500000e+02
  -7.5887404e-03   4.8000000e+02
  -7.5054504e-03   4.9500000e+02
  -7.3886099e-03   5.1000000e+02
  -7.2339908e-03   5.2500000e+02
  -7.0340172e-03   5.4000000e+02
  -6.7862021e-03   5.5500000e+02
  -6.4894068e-03   5.7000000e+02
  -6.1334288e-03   5.8500000e+02
  -5.7006944e-03   6.0000000e+02
  -5.1751630e-03   6.1500000e+02
  -4.5396453e-03   6.3000000e+02
  -3.7668094e-03   6.4500000e+02
  -2.8213994e-03   6.6000000e+02
  -1.6681055e-03   6.7500000e+02
  -2.6943989e-04   6.9000000e+02
   1.4208818e-03   7.0500000e+02
   3.4585933e-03   7.2000000e+02
   5.9119696e-03   7.3500000e+02
   8.8717015e-03   7.5000000e+02
   1.2456055e-02   7.6500000e+02
   1.6813654e-02   7.8000000e+02
   2.2136681e-02   7.9500000e+02
   2.8675398e-02   8.1000000e+02
   3.6735073e-02   8.2500000e+02
   4.6651181e-02   8.4000000e+02
   5.8745399e-02   8.5500000e+02
   7.3268116e-02   8.7000000e+02
   9.0357743e-02   8.8500000e+02
   1.1007307e-01   9.0000000e+02
   1.3251989e-01   9.1500000e+02
   1.5799069e-01   9.3000000e+02
   1.8698487e-01   9.4500000e+02
   2.2005194e-01   9.6000000e+02
   2.5750160e-01   9.7500000e+02
   2.9907691e-01   9.9000000e+02
   3.4372947e-01   1.0050000e+03
   3.8960069e-01   1.0200000e+03
   4.3410304e-01   1.0350000e+03
   4.7383937e-01   1.0500000e+03
   5.0439584e-01   1.0650000e+03
   5.2059811e-01   1.0800000e+03
   5.1777166e-01   1.0950000e+03
   4.9358511e-01   1.1100000e+03
   4.4922364e-01   1.1250000e+03
   3.8905096e-01   1.1400000e+03
   3.1913468e-01   1.1550000e+03
   2.4567676e-01   1.1700000e+03
   1.7403339e-01   1.1850000e+03
   1.0830586e-01   1.2000000e+03
   5.1161256e-02   1.2150000e+03
   3.7082618e-03   1.2300000e+03
  -3.4463752e-02   1.2450000e+03
  -6.4950407e-02   1.2600000e+03
  -8.9937679e-02   1.2750000e+03
  -1.1146671e-01   1.2900000e+03
  -1.3073955e-01   1.3050000e+03
  -1.4780758e-01   1.3200000e+03
  -1.6193089e-01   1.3350000e+03
  -1.7240553e-01   1.3500000e+03
  -1.7918791e-01   1.3650000e+03
  -1.8281595e-01   1.3800000e+03
  -1.8383232e-01   1.3950000e+03
  -1.8239099e-01   1.4100000e+03
  -1.7843349e-01   1.4250000e+03
  -1.7213002e-01   1.4400000e+03
  -1.6403982e-01   1.4550000e+03
  -1.5486656e-01   1.4700000e+03
  -1.4514162e-01   1.4850000e+03
  -1.3513066e-01   1.5000000e+03
  -1.2494070e-01   1.5150000e+03
  -1.1465631e-01   1.5300000e+03
  -1.0437910e-01   1.5450000e+03
  -9.4124943e-02   1.5600000e+03
  -8.3683029e-02   1.5750000e+03
  -7.2659075e-02   1.5900000e+03
  -6.0725197e-02   1.6050000e+03
  -4.7788728e-02   1.6200000e+03
  -3.3907786e-02   1.6350000e+03
  -1.9172328e-02   1.6500000e+03
  -3.7742855e-03   1.6650000e+03
   1.1880595e-02   1.6800000e+03
   2.7258921e-02   1.6950000e+03
   4.1897252e-02   1.7100000e+03
   5.5457111e-02   1.7250000e+03
   6.7639843e-02   1.7400000e+03
   7.8167371e-02   1.7550000e+03
   8.6857550e-02   1.7700000e+03
   9.3636580e-02   1.7850000e+03
   9.8457083e-02   1.8000000e+03
   1.0124461e-01   1.8150000e+03
   1.0191578e-01   1.8300000e+03
   1.0039938e-01   1.8450000e+03
   9.6634634e-02   1.8600000e+03
   9.0586103e-02   1.8750000e+03
   8.2282111e-02   1.8900000e+03
   7.1842425e-02   1.9050000e+03
   5.9481714e-02   1.9200000e+03
   4.5496412e-02   1.9350000e+03
   3.0229423e-02   1.9500000e+03
   1.4019510e-02   1.9650000e+03
  -2.8229628e-03   1.9800000e+03
  -1.9986641e-02   1.9950000e+03
  -3.7106838e-02   2.0100000e+03
  -5.3745501e-02   2.0250000e+03
  -6.9430493e-02   2.0400000e+03
  -8.3737172e-02   2.0550000e+03
  -9.6364990e-02   2.0700000e+03
  -1.0716669e-01   2.0850000e+03
  -1.1612710e-01   2.1000000e+03
  -1.2332093e-01   2.1150000e+03
  -1.2887080e-01   2.1300000e+03
  -1.3290483e-01   2.1450000e+03
  -1.3551836e-01   2.1600000e+03
  -1.3675919e-01   2.1750000e+03
  -1.3663913e-01   2.1900000e+03
  -1.3514097e-01   2.2050000e+03
  -1.3219723e-01   2.2200000e+03
  -1.2767005e-01   2.2350000e+03
  -1.2139335e-01   2.2500000e+03
  -1.1329360e-01   2.2650000e+03
  -1.0352120e-01   2.2800000e+03
  -9.2493251e-02   2.2950000e+03
  -8.0812313e-02   2.3100000e+03
  -6.9122009e-02   2.3250000e+03
  -5.7991643e-02   2.3400000e+03
  -4.7866028e-02   2.3550000e+03
  -3.9051745e-02   2.3700000e+03
  -3.1710181e-02   2.3850000e+03
  -2.5868753e-02   2.4000000e+03
  -2.1470373e-02   2.4150000e+03
  -1.8443029e-02   2.4300000e+03
  -1.6744141e-02   2.4450000e+03
  -1.6360337e-02   2.4600000e+03
  -1.7286753e-02   2.4750000e+03
  -1.9511707e-02   2.4900000e+03
  -2.2997985e-02   2.5050000e+03
  -2.7641447e-02   2.5200000e+03
  -3.3225968e-02   2.5350000e+03
  -3.9425857e-02   2.5500000e+03
  -4.5874815e-02   2.5650000e+03
  -5.2252173e-02   2.5800000e+03
  -5.8318663e-02   2.5950000e+03
  -6.3892931e-02   2.6100000e+03
  -6.8823002e-02   2.6250000e+03
  -7.2994813e-02   2.6400000e+03
  -7.6354831e-02   2.6550000e+03
  -7.8897484e-02   2.6700000e+03
  -8.0612794e-02   2.6850000e+03
  -8.1442401e-02   2.7000000e+03
  -8.1283301e-02   2.7150000e+03
  -8.0028288e-02   2.7300000e+03
  -7.7606298e-02   2.7450000e+03
  -7.4003331e-02   2.7600000e+03
  -6.9268830e-02   2.7750000e+03
  -6.3513100e-02   2.7900000e+03
  -5.6894675e-02   2.8050000e+03
  -4.9598143e-02   2.8200000e+03
  -4.1810479e-02   2.8350000e+03
  -3.3705093e-02   2.8500000e+03
  -2.5440264e-02   2.8650000e+03
  -1.7172774e-02   2.8800000e+03
  -9.0784347e-03   2.8950000e+03
  -1.3650534e-03   2.9100000e+03
   5.7334444e-03   2.9250000e+03
   1.1984669e-02   2.9400000e+03
   1.7203657e-02   2.9550000e+03
   2.1303767e-02   2.9700000e+03
   2.4325226e-02   2.9850000e+03
   2.6413165e-02   3.0000000e+03
   2.7743196e-02   3.0150000e+03
   2.8427416e-02   3.0300000e+03
   2.8447270e-02   3.0450000e+03
   2.7645843e-02   3.0600000e+03
   2.5786567e-02   3.0750000e+03
   2.2658814e-02   3.0900000e+03
   1.8189242e-02   3.1050000e+03
   1.2512006e-02   3.1200000e+03
   5.9670834e-03   3.1350000e+03
  -9.7536395e-04   3.1500000e+03
  -7.8380378e-03   3.1650000e+03
  -1.4257123e-02   3.1800000e+03
  -2.0045208e-02   3.1950000e+03
  -2.5169155e-02   3.2100000e+03
  -2.9665146e-02   3.2250000e+03
  -3.3544932e-02   3.2400000e+03
  -3.6738008e-02   3.2550000e+03
  -3.9083127e-02   3.2700000e+03
  -4.0359251e-02   3.2850000e+03
  -4.0336512e-02   3.3000000e+03
  -3.8824193e-02   3.3150000e+03
  -3.5698630e-02   3.3300000e+03
  -3.0912753e-02   3.3450000e+03
  -2.4505584e-02   3.3600000e+03
  -1.6623486e-02   3.3750000e+03
  -7.5396006e-03   3.3900000e+03
   2.3551786e-03   3.4050000e+03
   1.2600279e-02   3.4200000e+03
   2.2735965e-02   3.4350000e+03
   3.2369621e-02   3.4500000e+03
   4.1220136e-02   3.4650000e+03
   4.9133085e-02   3.4800000e+03
   5.6065928e-02   3.4950000e+03
   6.2052257e-02   3.5100000e+03
   6.7162953e-02   3.5250000e+03
   7.1476437e-02   3.5400000e+03
   7.5054236e-02   3.5550000e+03
   7.7916004e-02   3.5700000e+03
   8.0025189e-02   3.5850000e+03
   8.1305735e-02   3.6000000e+03
   8.1690229e-02   3.6150000e+03
   8.1169739e-02   3.6300000e+03
   7.9810075e-02   3.6450000e+03
   7.7725053e-02   3.6600000e+03
   7.5028092e-02   3.6750000e+03
   7.1794227e-02   3.6900000e+03
   6.8052806e-02   3.7050000e+03
   6.3809268e-02   3.7200000e+03
   5.9077036e-02   3.7350000e+03
   5.3898323e-02   3.7500000e+03
   4.8347145e-02   3.7650000e+03
   4.2524640e-02   3.7800000e+03
   3.6558945e-02   3.7950000e+03
   3.0608878e-02   3.8100000e+03
   2.4859715e-02   3.8250000e+03
   1.9503130e-02   3.8400000e+03
   1.4705759e-02   3.8550000e+03
   1.0579122e-02   3.8700000e+03
   7.1635931e-03   3.8850000e+03
   4.4338154e-03   3.9000000e+03
   2.3241565e-03   3.9150000e+03
   7.6258823e-04   3.9300000e+03
  -3.0352594e-04   3.9450000e+03
  -9.0023823e-04   3.9600000e+03
  -1.0353465e-03   3.9750000e+03
  -7.0941821e-04   3.9900000e+03
   8.2109727e-05   4.0050000e+03
   1.3580652e-03   4.0200000e+03
   3.1649179e-03   4.0350000e+03
   5.5834372e-03   4.0500000e+03
   8.7192599e-03   4.0650000e+03
   1.2673706e-02   4.0800000e+03
   1.7499125e-02   4.0950000e+03
   2.3150569e-02   4.1100000e+03
   2.9449791e-02   4.1250000e+03
   3.6076557e-02   4.1400000e+03
   4.2595405e-02   4.1550000e+03
   4.8515052e-02   4.1700000e+03
   5.3366780e-02   4.1850000e+03
   5.6781590e-02   4.2000000e+03
   5.8546312e-02   4.2150000e+03
   5.8625571e-02   4.2300000e+03
   5.7146095e-02   4.2450000e+03
   5.4349918e-02   4.2600000e+03
   5.0530814e-02   4.2750000e+03
   4.5971751e-02   4.2900000e+03
   4.0900022e-02   4.3050000e+03
   3.5470374e-02   4.3200000e+03
   2.9775720e-02   4.3350000e+03
   2.3873352e-02   4.3500000e+03
   1.7809531e-02   4.3650000e+03
   1.1631116e-02   4.3800000e+03
   5.3848932e-03   4.3950000e+03
  -8.8741293e-04   4.4100000e+03
  -7.1521243e-03   4.4250000e+03
  -1.3383903e-02   4.4400000e+03
  -1.9564558e-02   4.4550000e+03
  -2.5679328e-02   4.4700000e+03
  -3.1708501e-02   4.4850000e+03
  -3.7615292e-02   4.5000000e+03
