  -7.6132584e-03   0.0000000e+00
  -7.6132566e-03   1.5000000e+01
  -7.6132501e-03   3.0000000e+01
  -7.6136445e-03   4.5000000e+01
  -7.6159346e-03   6.0000000e+01
  -7.6214522e-03   7.5000000e+01
  -7.6292488e-03   9.0000000e+01
  -7.6369643e-03   1.0500000e+02
  -7.6434393e-03   1.2000000e+02
  -7.6502683e-03   1.3500000e+02
  -7.6607727e-03   1.5000000e+02
  -7.6764184e-03   1.6500000e+02
  -7.6959929e-03   1.8000000e+02
  -7.7191382e-03   1.9500000e+02
  -7.7476818e-03   2.1000000e+02
  -7.7830348e-03   2.2500000e+02
  -7.8237858e-03   2.4000000e+02
  -7.8656627e-03   2.5500000e+02
  -7.9045165e-03   2.7000000e+02
  -7.9388674e-03   2.8500000e+02
  -7.9682879e-03   3.0000000e+02
  -7.9922676e-03   3.1500000e+02
  -8.0125993e-03   3.3000000e+02
  -8.0341808e-03   3.4500000e+02
  -8.0627687e-03   3.6000000e+02
  -8.1032552e-03   3.7500000e+02
  -8.1582898e-03   3.9000000e+02
  -8.2266461e-03   4.0500000e+02
  -8.3049629e-03   4.2000000e+02
  -8.3917920e-03   4.3500000e+02
  -8.4873633e-03   4.5000000e+02
  -8.5902512e-03   4.6500000e+02
  -8.6978655e-03   4.8000000e+02
  -8.8101793e-03   4.9500000e+02
  -8.9304289e-03   5.1000000e+02
  -9.0612760e-03   5.2500000e+02
  -9.2034647e-03   5.4000000e+02
  -9.3615353e-03   5.5500000e+02
  -9.5460527e-03   5.7000000e+02
  -9.7633842e-03   5.8500000e+02
  -1.0008000e-02   6.0000000e+02
  -1.0271941e-02   6.1500000e+02
  -1.0555086e-02   6.3000000e+02
  -1.0859670e-02   6.4500000e+02
  -1.1187725e-02   6.6000000e+02
  -1.1552878e-02   6.7500000e+02
  -1.1976852e-02   6.9000000e+02
  -1.2463563e-02   7.0500000e+02
  -1.2993773e-02   7.2000000e+02
  -1.3550315e-02   7.3500000e+02
  -1.4135425e-02   7.5000000e+02
  -1.4769477e-02   7.6500000e+02
  -1.5484462e-02   7.8000000e+02
  -1.6312834e-02   7.9500000e+02
  -1.7281050e-02   8.1000000e+02
  -1.8414456e-02   8.2500000e+02
  -1.9742334e-02   8.4000000e+02
  -2.1303155e-02   8.5500000e+02
  -2.3114864e-02   8.7000000e+02
  -2.4979806e-02   8.8500000e+02
  -2.5936047e-02   9.0000000e+02
  -2.3141185e-02   9.1500000e+02
  -1.0149278e-02   9.3000000e+02
   2.4584303e-02   9.4500000e+02
   9.6488915e-02   9.6000000e+02
   2.1730222e-01   9.7500000e+02
   3.7961000e-01   9.9000000e+02
   5.4012126e-01   1.0050000e+03
   6.1955673e-01   1.0200000e+03
   5.3806627e-01   1.0350000e+03
   2.8029272e-01   1.0500000e+03
  -5.8896784e-02   1.0650000e+03
  -3.1174022e-01   1.0800000e+03
  -3.6022809e-01   1.0950000e+03
  -2.4121383e-01   1.1100000e+03
  -1.0992629e-01   1.1250000e+03
  -7.8601293e-02   1.1400000e+03
  -1.1285943e-01   1.1550000e+03
  -1.1673286e-01   1.1700000e+03
  -8.2267590e-02   1.1850000e+03
  -7.8033045e-02   1.2000000e+03
  -1.0178737e-01   1.2150000e+03
  -6.0188971e-02   1.2300000e+03
   6.3545883e-02   1.2450000e+03
   1.4229663e-01   1.2600000e+03
   9.0200864e-02   1.2750000e+03
   1.6372036e-03   1.2900000e+03
  -8.4315902e-03   1.3050000e+03
   1.1108232e-02   1.3200000e+03
  -3.3789296e-02   1.3350000e+03
  -9.2190154e-02   1.3500000e+03
  -6.8459876e-02   1.3650000e+03
  -1.0033131e-02   1.3800000e+03
  -1.3324369e-02   1.3950000e+03
  -4.0151238e-02   1.4100000e+03
  -7.0212958e-03   1.4250000e+03
   4.3338291e-02   1.4400000e+03
   2.9166544e-02   1.4550000e+03
  -1.4908090e-02   1.4700000e+03
  -1.7970808e-02   1.4850000e+03
  -2.2643288e-03   1.5000000e+03
  -1.2762360e-02   1.5150000e+03
  -2.3993427e-02   1.5300000e+03
  -5.7503316e-03   1.5450000e+03
   1.7244920e-02   1.5600000e+03
   2.4535330e-02   1.5750000e+03
   3.1302337e-02   1.5900000e+03
   4.0348463e-02   1.6050000e+03
   3.5866704e-02   1.6200000e+03
   2.1614069e-02   1.6350000e+03
   1.1013692e-02   1.6500000e+03
  -1.1206936e-03   1.6650000e+03
  -2.0642288e-02   1.6800000e+03
  -3.4775138e-02   1.6950000e+03
  -3.3148099e-02   1.7100000e+03
  -2.3885733e-02   1.7250000e+03
  -1.7828057e-02   1.7400000e+03
  -1.4128709e-02   1.7550000e+03
  -5.3172703e-03   1.7700000e+03
   1.2179379e-02   1.7850000e+03
   3.2078378e-02   1.8000000e+03
   4.1137632e-02   1.8150000e+03
   3.1647816e-02   1.8300000e+03
   1.0556046e-02   1.8450000e+03
  -6.6179750e-03   1.8600000e+03
  -9.3045961e-03   1.8750000e+03
   1.3042152e-03   1.8900000e+03
   1.4990818e-02   1.9050000e+03
   2.0546779e-02   1.9200000e+03
   1.4631023e-02   1.9350000e+03
   4.1271984e-03   1.9500000e+03
  -2.5472296e-03   1.9650000e+03
  -4.7219167e-03   1.9800000e+03
  -5.4869470e-03   1.9950000e+03
  -2.7617579e-03   2.0100000e+03
   6.1409669e-03   2.0250000e+03
   1.4330299e-02   2.0400000e+03
   1.2118366e-02   2.0550000e+03
   2.9488080e-03   2.0700000e+03
   2.9144758e-06   2.0850000e+03
   6.7153140e-03   2.1000000e+03
   1.3088233e-02   2.1150000e+03
   1.2993088e-02   2.1300000e+03
   1.2528355e-02   2.1450000e+03
   1.6276136e-02   2.1600000e+03
   1.6175868e-02   2.1750000e+03
   2.6970662e-03   2.1900000e+03
  -1.9262563e-02   2.2050000e+03
  -3.4656167e-02   2.2200000e+03
  -3.5419956e-02   2.2350000e+03
  -2.5375243e-02   2.2500000e+03
  -1.0459122e-02   2.2650000e+03
   6.3675805e-03   2.2800000e+03
   2.0005096e-02   2.2950000e+03
   2.2934958e-02   2.3100000e+03
   1.4568498e-02   2.3250000e+03
   4.2163883e-03   2.3400000e+03
  -2.6858796e-04   2.3550000e+03
  -2.2302999e-03   2.3700000e+03
  -1.0103215e-02   2.3850000e+03
  -2.5188435e-02   2.4000000e+03
  -3.9851550e-02   2.4150000e+03
  -4.5576833e-02   2.4300000e+03
  -3.9618418e-02   2.4450000e+03
  -2.6006758e-02   2.4600000e+03
  -1.3031754e-02   2.4750000e+03
  -7.6708761e-03   2.4900000e+03
  -9.1038281e-03   2.5050000e+03
  -8.3529036e-03   2.5200000e+03
   3.2645438e-03   2.5350000e+03
   2.4980724e-02   2.5500000e+03
   4.6034016e-02   2.5650000e+03
   5.3380612e-02   2.5800000e+03
   4.0651307e-02   2.5950000e+03
   1.2785826e-02   2.6100000e+03
  -1.6051581e-02   2.6250000e+03
  -3.0760348e-02   2.6400000e+03
  -2.4756897e-02   2.6550000e+03
  -3.6226790e-03   2.6700000e+03
   1.9171963e-02   2.6850000e+03
   3.0305594e-02   2.7000000e+03
   2.3373866e-02   2.7150000e+03
   1.8655830e-03   2.7300000e+03
  -2.2858031e-02   2.7450000e+03
  -3.8235627e-02   2.7600000e+03
  -3.7899464e-02   2.7750000e+03
  -2.4392650e-02   2.7900000e+03
  -5.8369432e-03   2.8050000e+03
   9.6480604e-03   2.8200000e+03
   1.7527439e-02   2.8350000e+03
   1.7420452e-02   2.8500000e+03
   1.1713224e-02   2.8650000e+03
   3.2927082e-03   2.8800000e+03
  -6.2749148e-03   2.8950000e+03
  -1.6586777e-02   2.9100000e+03
  -2.6505731e-02   2.9250000e+03
  -3.3066917e-02   2.9400000e+03
  -3.2997116e-02   2.9550000e+03
  -2.5379483e-02   2.9700000e+03
  -1.2658586e-02   2.9850000e+03
   6.3571509e-04   3.0000000e+03
   9.8920371e-03   3.0150000e+03
   1.2122604e-02   3.0300000e+03
   7.4863229e-03   3.0450000e+03
  -7.0029724e-05   3.0600000e+03
  -4.7770743e-03   3.0750000e+03
  -3.3864374e-03   3.0900000e+03
   1.8721286e-03   3.1050000e+03
   5.4211556e-03   3.1200000e+03
   4.1015809e-03   3.1350000e+03
   5.6339329e-04   3.1500000e+03
   4.3480104e-04   3.1650000e+03
   6.3089728e-03   3.1800000e+03
   1.4949417e-02   3.1950000e+03
   2.0122267e-02   3.2100000e+03
   1.7498551e-02   3.2250000e+03
   7.1120118e-03   3.2400000e+03
  -7.4073891e-03   3.2550000e+03
  -2.0834772e-02   3.2700000e+03
  -2.8316092e-02   3.2850000e+03
  -2.7355742e-02   3.3000000e+03
  -1.9267751e-02   3.3150000e+03
  -8.5932473e-03   3.3300000e+03
  -2.0126736e-04   3.3450000e+03
   3.8232685e-03   3.3600000e+03
   4.9357894e-03   3.3750000e+03
   6.1556553e-03   3.3900000e+03
   9.3085039e-03   3.4050000e+03
   1.3624047e-02   3.4200000e+03
   1.6370218e-02   3.4350000e+03
   1.4860223e-02   3.4500000e+03
   8.5228924e-03   3.4650000e+03
  -4.4226882e-04   3.4800000e+03
  -8.5882787e-03   3.4950000e+03
  -1.3851679e-02   3.5100000e+03
  -1.6812451e-02   3.5250000e+03
  -1.9170651e-02   3.5400000e+03
  -2.1022810e-02   3.5550000e+03
  -2.0126160e-02   3.5700000e+03
  -1.4295360e-02   3.5850000e+03
  -4.3697823e-03   3.6000000e+03
   5.7929871e-03   3.6150000e+03
   1.2546088e-02   3.6300000e+03
   1.5269248e-02   3.6450000e+03
   1.5548423e-02   3.6600000e+03
   1.4011423e-02   3.6750000e+03
   9.1101388e-03   3.6900000e+03
  -3.9234391e-04   3.7050000e+03
  -1.2373788e-02   3.7200000e+03
  -2.1770149e-02   3.7350000e+03
  -2.4305701e-02   3.7500000e+03
  -1.9671798e-02   3.7650000e+03
  -1.1364383e-02   3.7800000e+03
  -4.0133661e-03   3.7950000e+03
  -6.5790926e-04   3.8100000e+03
  -1.4573375e-03   3.8250000e+03
  -4.1886214e-03   3.8400000e+03
  -6.2272907e-03   3.8550000e+03
  -6.5954579e-03   3.8700000e+03
  -6.0661878e-03   3.8850000e+03
  -5.1608430e-03   3.9000000e+03
  -2.6487894e-03   3.9150000e+03
   3.1706134e-03   3.9300000e+03
   1.1780459e-02   3.9450000e+03
   1.9820841e-02   3.9600000e+03
   2.3496388e-02   3.9750000e+03
   2.1405527e-02   3.9900000e+03
   1.5247740e-02   4.0050000e+03
   8.6308643e-03   4.0200000e+03
   5.3299330e-03   4.0350000e+03
   7.2916625e-03   4.0500000e+03
   1.2715170e-02   4.0650000e+03
   1.6176958e-02   4.0800000e+03
   1.2308690e-02   4.0950000e+03
   7.0904841e-04   4.1100000e+03
  -1.2776867e-02   4.1250000e+03
  -2.0284910e-02   4.1400000e+03
  -1.7904144e-02   4.1550000e+03
  -7.9999035e-03   4.1700000e+03
   3.5090451e-03   4.1850000e+03
   1.1686292e-02   4.2000000e+03
   1.5097158e-02   4.2150000e+03
   1.5176428e-02   4.2300000e+03
   1.3817124e-02   4.2450000e+03
   1.1328931e-02   4.2600000e+03
   6.4515341e-03   4.2750000e+03
  -1.3920364e-03   4.2900000e+03
  -9.7041540e-03   4.3050000e+03
  -1.3500507e-02   4.3200000e+03
  -9.5149539e-03   4.3350000e+03
  -2.9170315e-04   4.3500000e+03
   6.7043207e-03   4.3650000e+03
   5.2612042e-03   4.3800000e+03
  -3.7208956e-03   4.3950000e+03
  -1.2685964e-02   4.4100000e+03
  -1.4082293e-02   4.4250000e+03
  -6.9094226e-03   4.4400000e+03
   2.9057623e-03   4.4550000e+03
   8.1824502e-03   4.4700000e+03
   6.5199547e-03   4.4850000e+03
   1.2935946e-03   4.5000000e+03
