  -1.2025422e-03   0.0000000e+00
  -1.2026099e-03   1.5000000e+01
  -1.2027601e-03   3.0000000e+01
  -1.2029073e-03   4.5000000e+01
  -1.2030394e-03   6.0000000e+01
  -1.2031427e-03   7.5000000e+01
  -1.2032089e-03   9.0000000e+01
  -1.2033336e-03   1.0500000e+02
  -1.2036047e-03   1.2000000e+02
  -1.2039440e-03   1.3500000e+02
  -1.2042419e-03   1.5000000e+02
  -1.2044989e-03   1.6500000e+02
  -1.2047227e-03   1.8000000e+02
  -1.2048627e-03   1.9500000e+02
  -1.2049000e-03   2.1000000e+02
  -1.2049045e-03   2.2500000e+02
  -1.2049783e-03   2.4000000e+02
  -1.2051900e-03   2.5500000e+02
  -1.2055276e-03   2.7000000e+02
  -1.2059024e-03   2.8500000e+02
  -1.2062299e-03   3.0000000e+02
  -1.2064930e-03   3.1500000e+02
  -1.2067191e-03   3.3000000e+02
  -1.2069362e-03   3.4500000e+02
  -1.2071771e-03   3.6000000e+02
  -1.2074856e-03   3.7500000e+02
  -1.2078590e-03   3.9000000e+02
  -1.2082628e-03   4.0500000e+02
  -1.2086811e-03   4.2000000e+02
  -1.2089649e-03   4.3500000e+02
  -1.2085487e-03   4.5000000e+02
  -1.2060987e-03   4.6500000e+02
  -1.1988383e-03   4.8000000e+02
  -1.1815510e-03   4.9500000e+02
  -1.1463424e-03   5.1000000e+02
  -1.0850721e-03   5.2500000e+02
  -9.9553214e-04   5.4000000e+02
  -8.8922115e-04   5.5500000e+02
  -7.9431804e-04   5.7000000e+02
  -7.4619090e-04   5.8500000e+02
  -7.6476613e-04   6.0000000e+02
  -8.3307782e-04   6.1500000e+02
  -9.0002734e-04   6.3000000e+02
  -9.1527274e-04   6.4500000e+02
  -8.7056111e-04   6.6000000e+02
  -8.0478773e-04   6.7500000e+02
  -7.6035631e-04   6.9000000e+02
  -7.3466898e-04   7.0500000e+02
  -6.8483717e-04   7.2000000e+02
  -5.8429036e-04   7.3500000e+02
  -4.6267797e-04   7.5000000e+02
  -3.7777223e-04   7.6500000e+02
  -3.5605661e-04   7.8000000e+02
  -3.7845440e-04   7.9500000e+02
  -4.2007741e-04   8.1000000e+02
  -4.7658171e-04   8.2500000e+02
  -5.4105982e-04   8.4000000e+02
  -5.8335834e-04   8.5500000e+02
  -5.8135291e-04   8.7000000e+02
  -5.5965490e-04   8.8500000e+02
  -5.6558958e-04   9.0000000e+02
  -6.0972379e-04   9.1500000e+02
  -6.5927964e-04   9.3000000e+02
  -6.8894966e-04   9.4500000e+02
  -7.0529943e-04   9.6000000e+02
  -7.1758637e-04   9.7500000e+02
  -7.2064006e-04   9.9000000e+02
  -7.1782339e-04   1.0050000e+03
  -7.2794093e-04   1.0200000e+03
  -7.5475476e-04   1.0350000e+03
  -7.7715405e-04   1.0500000e+03
  -7.8221754e-04   1.0650000e+03
  -7.8352139e-04   1.0800000e+03
  -7.9624879e-04   1.0950000e+03
  -8.1605959e-04   1.1100000e+03
  -8.3180069e-04   1.1250000e+03
  -8.4149087e-04   1.1400000e+03
  -8.4798579e-04   1.1550000e+03
  -8.5123495e-04   1.1700000e+03
  -8.5087371e-04   1.1850000e+03
  -8.4958284e-04   1.2000000e+03
  -8.5056247e-04   1.2150000e+03
  -8.5575058e-04   1.2300000e+03
  -8.6830131e-04   1.2450000e+03
  -8.9297316e-04   1.2600000e+03
  -9.3025644e-04   1.2750000e+03
  -9.7151246e-04   1.2900000e+03
  -1.0035619e-03   1.3050000e+03
  -1.0181925e-03   1.3200000e+03
  -1.0167039e-03   1.3350000e+03
  -1.0092491e-03   1.3500000e+03
  -1.0114271e-03   1.3650000e+03
  -1.0339193e-03   1.3800000e+03
  -1.0696520e-03   1.3950000e+03
  -1.0973484e-03   1.4100000e+03
  -1.1042925e-03   1.4250000e+03
  -1.1011352e-03   1.4400000e+03
  -1.1090196e-03   1.4550000e+03
  -1.1360788e-03   1.4700000e+03
  -1.1709374e-03   1.4850000e+03
  -1.1964433e-03   1.5000000e+03
  -1.2065938e-03   1.5150000e+03
  -1.2111251e-03   1.5300000e+03
  -1.2243032e-03   1.5450000e+03
  -1.2490893e-03   1.5600000e+03
  -1.2745737e-03   1.5750000e+03
  -1.2905115e-03   1.5900000e+03
  -1.3004583e-03   1.6050000e+03
  -1.3158936e-03   1.6200000e+03
  -1.3397828e-03   1.6350000e+03
  -1.3629476e-03   1.6500000e+03
  -1.3778510e-03   1.6650000e+03
  -1.3889425e-03   1.6800000e+03
  -1.4047096e-03   1.6950000e+03
  -1.4247516e-03   1.7100000e+03
  -1.4419655e-03   1.7250000e+03
  -1.4549914e-03   1.7400000e+03
  -1.4701190e-03   1.7550000e+03
  -1.4904803e-03   1.7700000e+03
  -1.5111722e-03   1.7850000e+03
  -1.5275249e-03   1.8000000e+03
  -1.5418387e-03   1.8150000e+03
  -1.5585411e-03   1.8300000e+03
  -1.5774820e-03   1.8450000e+03
  -1.5958495e-03   1.8600000e+03
  -1.6133814e-03   1.8750000e+03
  -1.6318716e-03   1.8900000e+03
  -1.6514611e-03   1.9050000e+03
  -1.6706814e-03   1.9200000e+03
  -1.6891815e-03   1.9350000e+03
  -1.7080149e-03   1.9500000e+03
  -1.7277870e-03   1.9650000e+03
  -1.7482465e-03   1.9800000e+03
  -1.7692231e-03   1.9950000e+03
  -1.7904952e-03   2.0100000e+03
  -1.8111875e-03   2.0250000e+03
  -1.8306586e-03   2.0400000e+03
  -1.8497179e-03   2.0550000e+03
  -1.8698864e-03   2.0700000e+03
  -1.8918550e-03   2.0850000e+03
  -1.9155550e-03   2.1000000e+03
  -1.9410799e-03   2.1150000e+03
  -1.9684660e-03   2.1300000e+03
  -1.9970485e-03   2.1450000e+03
  -2.0259896e-03   2.1600000e+03
  -2.0551968e-03   2.1750000e+03
  -2.0850452e-03   2.1900000e+03
  -2.1155751e-03   2.2050000e+03
  -2.1466576e-03   2.2200000e+03
  -2.1787272e-03   2.2350000e+03
  -2.2125535e-03   2.2500000e+03
  -2.2481922e-03   2.2650000e+03
  -2.2847878e-03   2.2800000e+03
  -2.3215886e-03   2.2950000e+03
  -2.3586559e-03   2.3100000e+03
  -2.3964408e-03   2.3250000e+03
  -2.4351161e-03   2.3400000e+03
  -2.4745553e-03   2.3550000e+03
  -2.5147372e-03   2.3700000e+03
  -2.5559634e-03   2.3850000e+03
  -2.5987211e-03   2.4000000e+03
  -2.6434259e-03   2.4150000e+03
  -2.6903530e-03   2.4300000e+03
  -2.7398444e-03   2.4450000e+03
  -2.7924059e-03   2.4600000e+03
  -2.8483816e-03   2.4750000e+03
  -2.9075358e-03   2.4900000e+03
  -2.9690722e-03   2.5050000e+03
  -3.0321449e-03   2.5200000e+03
  -3.0963251e-03   2.5350000e+03
  -3.1615978e-03   2.5500000e+03
  -3.2280865e-03   2.5650000e+03
  -3.2959513e-03   2.5800000e+03
  -3.3654997e-03   2.5950000e+03
  -3.4372015e-03   2.6100000e+03
  -3.5114270e-03   2.6250000e+03
  -3.5881626e-03   2.6400000e+03
  -3.6671208e-03   2.6550000e+03
  -3.7481207e-03   2.6700000e+03
  -3.8312769e-03   2.6850000e+03
  -3.9168061e-03   2.7000000e+03
  -4.0046871e-03   2.7150000e+03
  -4.0944521e-03   2.7300000e+03
  -4.1852738e-03   2.7450000e+03
  -4.2763432e-03   2.7600000e+03
  -4.3674512e-03   2.7750000e+03
  -4.4594062e-03   2.7900000e+03
  -4.5538265e-03   2.8050000e+03
  -4.6523218e-03   2.8200000e+03
  -4.7556646e-03   2.8350000e+03
  -4.8634494e-03   2.8500000e+03
  -4.9740733e-03   2.8650000e+03
  -5.0845062e-03   2.8800000e+03
  -5.1898016e-03   2.8950000e+03
  -5.2828202e-03   2.9100000e+03
  -5.3544133e-03   2.9250000e+03
  -5.3933593e-03   2.9400000e+03
  -5.3850035e-03   2.9550000e+03
  -5.3081526e-03   2.9700000e+03
  -5.1304214e-03   2.9850000e+03
  -4.8020710e-03   3.0000000e+03
  -4.2476724e-03   3.0150000e+03
  -3.3546628e-03   3.0300000e+03
  -1.9585572e-03   3.0450000e+03
   1.7396256e-04   3.0600000e+03
   3.3613732e-03   3.0750000e+03
   8.0185719e-03   3.0900000e+03
   1.4655891e-02   3.1050000e+03
   2.3854470e-02   3.1200000e+03
   3.6202643e-02   3.1350000e+03
   5.2178808e-02   3.1500000e+03
   7.1975939e-02   3.1650000e+03
   9.5282800e-02   3.1800000e+03
   1.2106447e-01   3.1950000e+03
   1.4741251e-01   3.2100000e+03
   1.7155227e-01   3.2250000e+03
   1.9008693e-01   3.2400000e+03
   1.9951218e-01   3.2550000e+03
   1.9695060e-01   3.2700000e+03
   1.8094940e-01   3.2850000e+03
   1.5210104e-01   3.3000000e+03
   1.1323409e-01   3.3150000e+03
   6.9016077e-02   3.3300000e+03
   2.5000747e-02   3.3450000e+03
  -1.3624558e-02   3.3600000e+03
  -4.3182477e-02   3.3750000e+03
  -6.2138956e-02   3.3900000e+03
  -7.1019329e-02   3.4050000e+03
  -7.1707599e-02   3.4200000e+03
  -6.6500708e-02   3.4350000e+03
  -5.7375010e-02   3.4500000e+03
  -4.5764994e-02   3.4650000e+03
  -3.2835614e-02   3.4800000e+03
  -1.9934610e-02   3.4950000e+03
  -8.8158995e-03   3.5100000e+03
  -1.3881394e-03   3.5250000e+03
   9.3760149e-04   3.5400000e+03
  -2.0527325e-03   3.5550000e+03
  -9.0524629e-03   3.5700000e+03
  -1.7528374e-02   3.5850000e+03
  -2.4555009e-02   3.6000000e+03
  -2.7837619e-02   3.6150000e+03
  -2.6490025e-02   3.6300000e+03
  -2.1266034e-02   3.6450000e+03
  -1.4193856e-02   3.6600000e+03
  -7.7925911e-03   3.6750000e+03
  -4.1669663e-03   3.6900000e+03
  -4.2760340e-03   3.7050000e+03
  -7.6001715e-03   3.7200000e+03
  -1.2324001e-02   3.7350000e+03
  -1.6010821e-02   3.7500000e+03
  -1.6568271e-02   3.7650000e+03
  -1.3147305e-02   3.7800000e+03
  -6.5761413e-03   3.7950000e+03
   9.1862003e-04   3.8100000e+03
   6.6383313e-03   3.8250000e+03
   8.5877860e-03   3.8400000e+03
   6.3371710e-03   3.8550000e+03
   1.1339410e-03   3.8700000e+03
  -4.7878306e-03   3.8850000e+03
  -9.3129892e-03   3.9000000e+03
  -1.1357495e-02   3.9150000e+03
  -1.1140514e-02   3.9300000e+03
  -9.8087359e-03   3.9450000e+03
  -8.7920222e-03   3.9600000e+03
  -9.3137333e-03   3.9750000e+03
  -1.2198507e-02   3.9900000e+03
  -1.7827233e-02   4.0050000e+03
  -2.6072672e-02   4.0200000e+03
  -3.6271453e-02   4.0350000e+03
  -4.7435425e-02   4.0500000e+03
  -5.8745746e-02   4.0650000e+03
  -7.0026822e-02   4.0800000e+03
  -8.1722185e-02   4.0950000e+03
  -9.4126955e-02   4.1100000e+03
  -1.0616113e-01   4.1250000e+03
  -1.1443923e-01   4.1400000e+03
  -1.1347476e-01   4.1550000e+03
  -9.7434677e-02   4.1700000e+03
  -6.3053071e-02   4.1850000e+03
  -1.2458948e-02   4.2000000e+03
   4.5753751e-02   4.2150000e+03
   9.8446876e-02   4.2300000e+03
   1.3270715e-01   4.2450000e+03
   1.4156543e-01   4.2600000e+03
   1.2769404e-01   4.2750000e+03
   1.0265294e-01   4.2900000e+03
   8.1454605e-02   4.3050000e+03
   7.4933246e-02   4.3200000e+03
   8.3938465e-02   4.3350000e+03
   9.8632522e-02   4.3500000e+03
   1.0349349e-01   4.3650000e+03
   8.5587300e-02   4.3800000e+03
   4.1989062e-02   4.3950000e+03
  -1.7310720e-02   4.4100000e+03
  -7.2539911e-02   4.4250000e+03
  -1.0216793e-01   4.4400000e+03
  -9.2546932e-02   4.4550000e+03
  -4.5005597e-02   4.4700000e+03
   2.3122145e-02   4.4850000e+03
   8.4834859e-02   4.5000000e+03
