   4.2388383e-03   0.0000000e+00
   4.2376551e-03   1.5000000e+01
   4.2341389e-03   3.0000000e+01
   4.2284015e-03   4.5000000e+01
   4.2205155e-03   6.0000000e+01
   4.2103608e-03   7.5000000e+01
   4.1977167e-03   9.0000000e+01
   4.1825152e-03   1.0500000e+02
   4.1650147e-03   1.2000000e+02
   4.1455217e-03   1.3500000e+02
   4.1238149e-03   1.5000000e+02
   4.0987586e-03   1.6500000e+02
   4.0676827e-03   1.8000000e+02
   4.0227138e-03   1.9500000e+02
   3.9409674e-03   2.1000000e+02
   3.7740101e-03   2.2500000e+02
   3.4591977e-03   2.4000000e+02
   2.9779610e-03   2.5500000e+02
   2.4365017e-03   2.7000000e+02
   2.0649431e-03   2.8500000e+02
   2.0501476e-03   3.0000000e+02
   2.3171771e-03   3.1500000e+02
   2.5442347e-03   3.3000000e+02
   2.4920334e-03   3.4500000e+02
   2.2779049e-03   3.6000000e+02
   2.1988919e-03   3.7500000e+02
   2.3169061e-03   3.9000000e+02
   2.4044663e-03   4.0500000e+02
   2.3177518e-03   4.2000000e+02
   2.1972391e-03   4.3500000e+02
   2.2019658e-03   4.5000000e+02
   2.2577445e-03   4.6500000e+02
   2.2239434e-03   4.8000000e+02
   2.1367148e-03   4.9500000e+02
   2.1088554e-03   5.1000000e+02
   2.1207591e-03   5.2500000e+02
   2.0822438e-03   5.4000000e+02
   2.0031463e-03   5.5500000e+02
   1.9544337e-03   5.7000000e+02
   1.9324310e-03   5.8500000e+02
   1.8837152e-03   6.0000000e+02
   1.8126599e-03   6.1500000e+02
   1.7626955e-03   6.3000000e+02
   1.7291437e-03   6.4500000e+02
   1.6755521e-03   6.6000000e+02
   1.6021731e-03   6.7500000e+02
   1.5269015e-03   6.9000000e+02
   1.4310788e-03   7.0500000e+02
   1.2784065e-03   7.2000000e+02
   1.0560093e-03   7.3500000e+02
   7.6455832e-04   7.5000000e+02
   4.0984014e-04   7.6500000e+02
   3.9323913e-05   7.8000000e+02
  -2.4251685e-04   7.9500000e+02
  -3.3257256e-04   8.1000000e+02
  -2.1135257e-04   8.2500000e+02
   2.1759024e-05   8.4000000e+02
   1.8706014e-04   8.5500000e+02
   1.3618683e-04   8.7000000e+02
  -1.1952798e-04   8.8500000e+02
  -3.9439136e-04   9.0000000e+02
  -4.9198826e-04   9.1500000e+02
  -4.0219293e-04   9.3000000e+02
  -3.0277032e-04   9.4500000e+02
  -3.4459462e-04   9.6000000e+02
  -4.6961004e-04   9.7500000e+02
  -4.8553184e-04   9.9000000e+02
  -2.9947850e-04   1.0050000e+03
  -1.0377335e-07   1.0200000e+03
   3.2133359e-04   1.0350000e+03
   7.5566361e-04   1.0500000e+03
   1.5033185e-03   1.0650000e+03
   2.6674587e-03   1.0800000e+03
   4.2378549e-03   1.0950000e+03
   6.2819161e-03   1.1100000e+03
   9.0273554e-03   1.1250000e+03
   1.2709824e-02   1.1400000e+03
   1.7451745e-02   1.1550000e+03
   2.3373308e-02   1.1700000e+03
   3.0740390e-02   1.1850000e+03
   3.9916463e-02   1.2000000e+03
   5.1242832e-02   1.2150000e+03
   6.5070190e-02   1.2300000e+03
   8.1854805e-02   1.2450000e+03
   1.0210404e-01   1.2600000e+03
   1.2622340e-01   1.2750000e+03
   1.5446334e-01   1.2900000e+03
   1.8694474e-01   1.3050000e+03
   2.2360522e-01   1.3200000e+03
   2.6409373e-01   1.3350000e+03
   3.0775294e-01   1.3500000e+03
   3.5364199e-01   1.3650000e+03
   4.0041974e-01   1.3800000e+03
   4.4607359e-01   1.3950000e+03
   4.8766840e-01   1.4100000e+03
   5.2130264e-01   1.4250000e+03
   5.4242080e-01   1.4400000e+03
   5.4657447e-01   1.4550000e+03
   5.3048372e-01   1.4700000e+03
   4.9295318e-01   1.4850000e+03
   4.3523443e-01   1.5000000e+03
   3.6081019e-01   1.5150000e+03
   2.7485576e-01   1.5300000e+03
   1.8354662e-01   1.5450000e+03
   9.3172029e-02   1.5600000e+03
   9.0222983e-03   1.5750000e+03
  -6.5705866e-02   1.5900000e+03
  -1.3044268e-01   1.6050000e+03
  -1.8672749e-01   1.6200000e+03
  -2.3672672e-01   1.6350000e+03
  -2.8159061e-01   1.6500000e+03
  -3.2061556e-01   1.6650000e+03
  -3.5157740e-01   1.6800000e+03
  -3.7180254e-01   1.6950000e+03
  -3.7923509e-01   1.7100000e+03
  -3.7303606e-01   1.7250000e+03
  -3.5369363e-01   1.7400000e+03
  -3.2285604e-01   1.7550000e+03
  -2.8309527e-01   1.7700000e+03
  -2.3770772e-01   1.7850000e+03
  -1.9052237e-01   1.8000000e+03
  -1.4556299e-01   1.8150000e+03
  -1.0643915e-01   1.8300000e+03
  -7.5591028e-02   1.8450000e+03
  -5.3756278e-02   1.8600000e+03
  -3.9958704e-02   1.8750000e+03
  -3.1993836e-02   1.8900000e+03
  -2.7173921e-02   1.9050000e+03
  -2.3124551e-02   1.9200000e+03
  -1.8450608e-02   1.9350000e+03
  -1.3002104e-02   1.9500000e+03
  -7.5501078e-03   1.9650000e+03
  -3.0718015e-03   1.9800000e+03
  -1.5928772e-04   1.9950000e+03
   1.1040819e-03   2.0100000e+03
   9.2311337e-04   2.0250000e+03
  -4.3585696e-04   2.0400000e+03
  -2.7312676e-03   2.0550000e+03
  -5.7769869e-03   2.0700000e+03
  -9.4805295e-03   2.0850000e+03
  -1.3826105e-02   2.1000000e+03
  -1.8764637e-02   2.1150000e+03
  -2.4106102e-02   2.1300000e+03
  -2.9531702e-02   2.1450000e+03
  -3.4714151e-02   2.1600000e+03
  -3.9426111e-02   2.1750000e+03
  -4.3554135e-02   2.1900000e+03
  -4.7049809e-02   2.2050000e+03
  -4.9895585e-02   2.2200000e+03
  -5.2103706e-02   2.2350000e+03
  -5.3699300e-02   2.2500000e+03
  -5.4654300e-02   2.2650000e+03
  -5.4811820e-02   2.2800000e+03
  -5.3882107e-02   2.2950000e+03
  -5.1553119e-02   2.3100000e+03
  -4.7662813e-02   2.3250000e+03
  -4.2304963e-02   2.3400000e+03
  -3.5779625e-02   2.3550000e+03
  -2.8445043e-02   2.3700000e+03
  -2.0621751e-02   2.3850000e+03
  -1.2616132e-02   2.4000000e+03
  -4.7726422e-03   2.4150000e+03
   2.5575205e-03   2.4300000e+03
   9.1126319e-03   2.4450000e+03
   1.4773555e-02   2.4600000e+03
   1.9530019e-02   2.4750000e+03
   2.3420207e-02   2.4900000e+03
   2.6503002e-02   2.5050000e+03
   2.8847147e-02   2.5200000e+03
   3.0498689e-02   2.5350000e+03
   3.1440604e-02   2.5500000e+03
   3.1591706e-02   2.5650000e+03
   3.0850785e-02   2.5800000e+03
   2.9140135e-02   2.5950000e+03
   2.6417099e-02   2.6100000e+03
   2.2675421e-02   2.6250000e+03
   1.7964859e-02   2.6400000e+03
   1.2410502e-02   2.6550000e+03
   6.1930111e-03   2.6700000e+03
  -5.0333276e-04   2.6850000e+03
  -7.5228629e-03   2.7000000e+03
  -1.4722488e-02   2.7150000e+03
  -2.1936728e-02   2.7300000e+03
  -2.8966567e-02   2.7450000e+03
  -3.5595905e-02   2.7600000e+03
  -4.1609742e-02   2.7750000e+03
  -4.6800897e-02   2.7900000e+03
  -5.0975341e-02   2.8050000e+03
  -5.3965181e-02   2.8200000e+03
  -5.5642407e-02   2.8350000e+03
  -5.5923190e-02   2.8500000e+03
  -5.4763548e-02   2.8650000e+03
  -5.2153811e-02   2.8800000e+03
  -4.8114754e-02   2.8950000e+03
  -4.2695712e-02   2.9100000e+03
  -3.5980675e-02   2.9250000e+03
  -2.8108578e-02   2.9400000e+03
  -1.9299438e-02   2.9550000e+03
  -9.8641748e-03   2.9700000e+03
  -1.8380806e-04   2.9850000e+03
   9.3324129e-03   3.0000000e+03
   1.8289216e-02   3.0150000e+03
   2.6339119e-02   3.0300000e+03
   3.3213217e-02   3.0450000e+03
   3.8750015e-02   3.0600000e+03
   4.2909898e-02   3.0750000e+03
   4.5763828e-02   3.0900000e+03
   4.7460645e-02   3.1050000e+03
   4.8188597e-02   3.1200000e+03
   4.8141863e-02   3.1350000e+03
   4.7492687e-02   3.1500000e+03
   4.6366725e-02   3.1650000e+03
   4.4823769e-02   3.1800000e+03
   4.2851001e-02   3.1950000e+03
   4.0376328e-02   3.2100000e+03
   3.7303828e-02   3.2250000e+03
   3.3562910e-02   3.2400000e+03
   2.9153582e-02   3.2550000e+03
   2.4169583e-02   3.2700000e+03
   1.8791005e-02   3.2850000e+03
   1.3251906e-02   3.3000000e+03
   7.7979052e-03   3.3150000e+03
   2.6498374e-03   3.3300000e+03
  -2.0159967e-03   3.3450000e+03
  -6.0692173e-03   3.3600000e+03
  -9.4157690e-03   3.3750000e+03
  -1.1990190e-02   3.3900000e+03
  -1.3759727e-02   3.4050000e+03
  -1.4739833e-02   3.4200000e+03
  -1.5009965e-02   3.4350000e+03
  -1.4716296e-02   3.4500000e+03
  -1.4054713e-02   3.4650000e+03
  -1.3237316e-02   3.4800000e+03
  -1.2453180e-02   3.4950000e+03
  -1.1836979e-02   3.5100000e+03
  -1.1456235e-02   3.5250000e+03
  -1.1319784e-02   3.5400000e+03
  -1.1400327e-02   3.5550000e+03
  -1.1659187e-02   3.5700000e+03
  -1.2064169e-02   3.5850000e+03
  -1.2597316e-02   3.6000000e+03
  -1.3253089e-02   3.6150000e+03
  -1.4029113e-02   3.6300000e+03
  -1.4914070e-02   3.6450000e+03
  -1.5879825e-02   3.6600000e+03
  -1.6882930e-02   3.6750000e+03
  -1.7873658e-02   3.6900000e+03
  -1.8804327e-02   3.7050000e+03
  -1.9629858e-02   3.7200000e+03
  -2.0301525e-02   3.7350000e+03
  -2.0762317e-02   3.7500000e+03
  -2.0951750e-02   3.7650000e+03
  -2.0819761e-02   3.7800000e+03
  -2.0341124e-02   3.7950000e+03
  -1.9520620e-02   3.8100000e+03
  -1.8385332e-02   3.8250000e+03
  -1.6968628e-02   3.8400000e+03
  -1.5294356e-02   3.8550000e+03
  -1.3368135e-02   3.8700000e+03
  -1.1177474e-02   3.8850000e+03
  -8.6974623e-03   3.9000000e+03
  -5.8976761e-03   3.9150000e+03
  -2.7488351e-03   3.9300000e+03
   7.6892355e-04   3.9450000e+03
   4.6547945e-03   3.9600000e+03
   8.8761393e-03   3.9750000e+03
   1.3363304e-02   3.9900000e+03
   1.8013451e-02   4.0050000e+03
   2.2700436e-02   4.0200000e+03
   2.7284522e-02   4.0350000e+03
   3.1618200e-02   4.0500000e+03
   3.5548404e-02   4.0650000e+03
   3.8915917e-02   4.0800000e+03
   4.1551486e-02   4.0950000e+03
   4.3269556e-02   4.1100000e+03
   4.3866847e-02   4.1250000e+03
   4.3136206e-02   4.1400000e+03
   4.0899809e-02   4.1550000e+03
   3.7052397e-02   4.1700000e+03
   3.1596351e-02   4.1850000e+03
   2.4655087e-02   4.2000000e+03
   1.6464565e-02   4.2150000e+03
   7.3527237e-03   4.2300000e+03
  -2.2846963e-03   4.2450000e+03
  -1.2011232e-02   4.2600000e+03
  -2.1382799e-02   4.2750000e+03
  -2.9985961e-02   4.2900000e+03
  -3.7474118e-02   4.3050000e+03
  -4.3593541e-02   4.3200000e+03
  -4.8196662e-02   4.3350000e+03
  -5.1245481e-02   4.3500000e+03
  -5.2808106e-02   4.3650000e+03
  -5.3047497e-02   4.3800000e+03
  -5.2199308e-02   4.3950000e+03
  -5.0538935e-02   4.4100000e+03
  -4.8343286e-02   4.4250000e+03
  -4.5856021e-02   4.4400000e+03
  -4.3263588e-02   4.4550000e+03
  -4.0684346e-02   4.4700000e+03
  -3.8168207e-02   4.4850000e+03
  -3.5702042e-02   4.5000000e+03
