  -1.2861147e-03   0.0000000e+00
  -1.2861909e-03   1.5000000e+01
  -1.2863573e-03   3.0000000e+01
  -1.2865169e-03   4.5000000e+01
  -1.2866624e-03   6.0000000e+01
  -1.2867820e-03   7.5000000e+01
  -1.2868687e-03   9.0000000e+01
  -1.2870349e-03   1.0500000e+02
  -1.2873784e-03   1.2000000e+02
  -1.2878039e-03   1.3500000e+02
  -1.2881804e-03   1.5000000e+02
  -1.2885127e-03   1.6500000e+02
  -1.2888185e-03   1.8000000e+02
  -1.2890411e-03   1.9500000e+02
  -1.2891592e-03   2.1000000e+02
  -1.2892429e-03   2.2500000e+02
  -1.2893957e-03   2.4000000e+02
  -1.2896919e-03   2.5500000e+02
  -1.2901167e-03   2.7000000e+02
  -1.2905763e-03   2.8500000e+02
  -1.2909953e-03   3.0000000e+02
  -1.2913698e-03   3.1500000e+02
  -1.2917272e-03   3.3000000e+02
  -1.2920878e-03   3.4500000e+02
  -1.2924812e-03   3.6000000e+02
  -1.2929507e-03   3.7500000e+02
  -1.2934981e-03   3.9000000e+02
  -1.2940891e-03   4.0500000e+02
  -1.2946929e-03   4.2000000e+02
  -1.2951486e-03   4.3500000e+02
  -1.2948739e-03   4.5000000e+02
  -1.2925150e-03   4.6500000e+02
  -1.2852789e-03   4.8000000e+02
  -1.2679191e-03   4.9500000e+02
  -1.2324629e-03   5.1000000e+02
  -1.1706873e-03   5.2500000e+02
  -1.0804135e-03   5.4000000e+02
  -9.7336975e-04   5.5500000e+02
  -8.7814423e-04   5.7000000e+02
  -8.3051494e-04   5.8500000e+02
  -8.5053156e-04   6.0000000e+02
  -9.2083303e-04   6.1500000e+02
  -9.8952546e-04   6.3000000e+02
  -1.0055633e-03   6.4500000e+02
  -9.6055039e-04   6.6000000e+02
  -8.9374121e-04   6.7500000e+02
  -8.4771978e-04   6.9000000e+02
  -8.1930193e-04   7.0500000e+02
  -7.6461711e-04   7.2000000e+02
  -6.5698032e-04   7.3500000e+02
  -5.2766182e-04   7.5000000e+02
  -4.3709588e-04   7.6500000e+02
  -4.1371788e-04   7.8000000e+02
  -4.3851268e-04   7.9500000e+02
  -4.8508172e-04   8.1000000e+02
  -5.4713886e-04   8.2500000e+02
  -6.1615737e-04   8.4000000e+02
  -6.6095713e-04   8.5500000e+02
  -6.5929769e-04   8.7000000e+02
  -6.3685764e-04   8.8500000e+02
  -6.4278021e-04   9.0000000e+02
  -6.8893691e-04   9.1500000e+02
  -7.4228132e-04   9.3000000e+02
  -7.7590893e-04   9.4500000e+02
  -7.9478184e-04   9.6000000e+02
  -8.0774003e-04   9.7500000e+02
  -8.1047666e-04   9.9000000e+02
  -8.0772222e-04   1.0050000e+03
  -8.1922876e-04   1.0200000e+03
  -8.4864936e-04   1.0350000e+03
  -8.7372639e-04   1.0500000e+03
  -8.8040729e-04   1.0650000e+03
  -8.8246283e-04   1.0800000e+03
  -8.9642144e-04   1.0950000e+03
  -9.1872032e-04   1.1100000e+03
  -9.3740103e-04   1.1250000e+03
  -9.4916025e-04   1.1400000e+03
  -9.5659227e-04   1.1550000e+03
  -9.6041465e-04   1.1700000e+03
  -9.6089998e-04   1.1850000e+03
  -9.6064113e-04   1.2000000e+03
  -9.6256536e-04   1.2150000e+03
  -9.6893212e-04   1.2300000e+03
  -9.8379003e-04   1.2450000e+03
  -1.0124948e-03   1.2600000e+03
  -1.0551471e-03   1.2750000e+03
  -1.1020310e-03   1.2900000e+03
  -1.1389243e-03   1.3050000e+03
  -1.1568930e-03   1.3200000e+03
  -1.1570022e-03   1.3350000e+03
  -1.1501817e-03   1.3500000e+03
  -1.1538075e-03   1.3650000e+03
  -1.1798632e-03   1.3800000e+03
  -1.2205144e-03   1.3950000e+03
  -1.2522517e-03   1.4100000e+03
  -1.2611166e-03   1.4250000e+03
  -1.2589431e-03   1.4400000e+03
  -1.2691349e-03   1.4550000e+03
  -1.3007093e-03   1.4700000e+03
  -1.3409714e-03   1.4850000e+03
  -1.3707220e-03   1.5000000e+03
  -1.3832548e-03   1.5150000e+03
  -1.3895060e-03   1.5300000e+03
  -1.4054650e-03   1.5450000e+03
  -1.4345191e-03   1.5600000e+03
  -1.4645985e-03   1.5750000e+03
  -1.4842581e-03   1.5900000e+03
  -1.4973033e-03   1.6050000e+03
  -1.5164142e-03   1.6200000e+03
  -1.5449408e-03   1.6350000e+03
  -1.5727766e-03   1.6500000e+03
  -1.5916049e-03   1.6650000e+03
  -1.6064270e-03   1.6800000e+03
  -1.6266992e-03   1.6950000e+03
  -1.6519094e-03   1.7100000e+03
  -1.6740244e-03   1.7250000e+03
  -1.6914107e-03   1.7400000e+03
  -1.7110510e-03   1.7550000e+03
  -1.7365746e-03   1.7700000e+03
  -1.7627225e-03   1.7850000e+03
  -1.7843352e-03   1.8000000e+03
  -1.8038005e-03   1.8150000e+03
  -1.8258480e-03   1.8300000e+03
  -1.8502995e-03   1.8450000e+03
  -1.8741760e-03   1.8600000e+03
  -1.8973062e-03   1.8750000e+03
  -1.9216756e-03   1.8900000e+03
  -1.9473886e-03   1.9050000e+03
  -1.9727955e-03   1.9200000e+03
  -1.9975572e-03   1.9350000e+03
  -2.0229665e-03   1.9500000e+03
  -2.0498203e-03   1.9650000e+03
  -2.0779299e-03   1.9800000e+03
  -2.1071287e-03   1.9950000e+03
  -2.1370940e-03   2.0100000e+03
  -2.1666768e-03   2.0250000e+03
  -2.1949993e-03   2.0400000e+03
  -2.2229650e-03   2.0550000e+03
  -2.2524814e-03   2.0700000e+03
  -2.2845899e-03   2.0850000e+03
  -2.3193348e-03   2.1000000e+03
  -2.3566871e-03   2.1150000e+03
  -2.3963845e-03   2.1300000e+03
  -2.4373953e-03   2.1450000e+03
  -2.4786254e-03   2.1600000e+03
  -2.5199356e-03   2.1750000e+03
  -2.5618528e-03   2.1900000e+03
  -2.6046983e-03   2.2050000e+03
  -2.6488143e-03   2.2200000e+03
  -2.6953218e-03   2.2350000e+03
  -2.7455881e-03   2.2500000e+03
  -2.7997505e-03   2.2650000e+03
  -2.8564523e-03   2.2800000e+03
  -2.9142331e-03   2.2950000e+03
  -2.9726725e-03   2.3100000e+03
  -3.0320587e-03   2.3250000e+03
  -3.0925518e-03   2.3400000e+03
  -3.1540806e-03   2.3550000e+03
  -3.2168720e-03   2.3700000e+03
  -3.2818201e-03   2.3850000e+03
  -3.3502453e-03   2.4000000e+03
  -3.4232021e-03   2.4150000e+03
  -3.5010146e-03   2.4300000e+03
  -3.5835071e-03   2.4450000e+03
  -3.6704894e-03   2.4600000e+03
  -3.7618526e-03   2.4750000e+03
  -3.8572887e-03   2.4900000e+03
  -3.9562392e-03   2.5050000e+03
  -4.0583233e-03   2.5200000e+03
  -4.1636839e-03   2.5350000e+03
  -4.2726998e-03   2.5500000e+03
  -4.3853852e-03   2.5650000e+03
  -4.5012701e-03   2.5800000e+03
  -4.6199490e-03   2.5950000e+03
  -4.7416012e-03   2.6100000e+03
  -4.8667542e-03   2.6250000e+03
  -4.9955929e-03   2.6400000e+03
  -5.1275883e-03   2.6550000e+03
  -5.2616782e-03   2.6700000e+03
  -5.3964807e-03   2.6850000e+03
  -5.5300281e-03   2.7000000e+03
  -5.6592245e-03   2.7150000e+03
  -5.7794214e-03   2.7300000e+03
  -5.8843000e-03   2.7450000e+03
  -5.9658219e-03   2.7600000e+03
  -6.0136523e-03   2.7750000e+03
  -6.0132043e-03   2.7900000e+03
  -5.9415954e-03   2.8050000e+03
  -5.7613389e-03   2.8200000e+03
  -5.4117437e-03   2.8350000e+03
  -4.7972156e-03   2.8500000e+03
  -3.7706422e-03   2.8650000e+03
  -2.1102706e-03   2.8800000e+03
   5.0921692e-04   2.8950000e+03
   4.5471368e-03   2.9100000e+03
   1.0620210e-02   2.9250000e+03
   1.9504787e-02   2.9400000e+03
   3.2096587e-02   2.9550000e+03
   4.9300741e-02   2.9700000e+03
   7.1826920e-02   2.9850000e+03
   9.9881418e-02   3.0000000e+03
   1.3278475e-01   3.0150000e+03
   1.6859666e-01   3.0300000e+03
   2.0388627e-01   3.0450000e+03
   2.3381878e-01   3.0600000e+03
   2.5270653e-01   3.0750000e+03
   2.5506821e-01   3.0900000e+03
   2.3705342e-01   3.1050000e+03
   1.9787081e-01   3.1200000e+03
   1.4070283e-01   3.1350000e+03
   7.2613753e-02   3.1500000e+03
   3.2253533e-03   3.1650000e+03
  -5.7598449e-02   3.1800000e+03
  -1.0233494e-01   3.1950000e+03
  -1.2768494e-01   3.2100000e+03
  -1.3496980e-01   3.2250000e+03
  -1.2886573e-01   3.2400000e+03
  -1.1507100e-01   3.2550000e+03
  -9.8033004e-02   3.2700000e+03
  -7.9821676e-02   3.2850000e+03
  -6.0594723e-02   3.3000000e+03
  -4.0192105e-02   3.3150000e+03
  -1.9750465e-02   3.3300000e+03
  -2.2405612e-03   3.3450000e+03
   8.4919231e-03   3.3600000e+03
   9.6673137e-03   3.3750000e+03
   1.3565600e-03   3.3900000e+03
  -1.2969415e-02   3.4050000e+03
  -2.7518285e-02   3.4200000e+03
  -3.6390875e-02   3.4350000e+03
  -3.5873640e-02   3.4500000e+03
  -2.5784798e-02   3.4650000e+03
  -9.3828328e-03   3.4800000e+03
   7.9866992e-03   3.4950000e+03
   2.0883515e-02   3.5100000e+03
   2.5680007e-02   3.5250000e+03
   2.1795567e-02   3.5400000e+03
   1.1886407e-02   3.5550000e+03
   8.7487703e-04   3.5700000e+03
  -5.9546335e-03   3.5850000e+03
  -5.1595583e-03   3.6000000e+03
   3.2677718e-03   3.6150000e+03
   1.5725773e-02   3.6300000e+03
   2.6492702e-02   3.6450000e+03
   3.0309003e-02   3.6600000e+03
   2.4833128e-02   3.6750000e+03
   1.1677021e-02   3.6900000e+03
  -4.6042805e-03   3.7050000e+03
  -1.9038923e-02   3.7200000e+03
  -2.8773146e-02   3.7350000e+03
  -3.4036394e-02   3.7500000e+03
  -3.6996245e-02   3.7650000e+03
  -3.9457932e-02   3.7800000e+03
  -4.1192427e-02   3.7950000e+03
  -4.0162690e-02   3.8100000e+03
  -3.4448843e-02   3.8250000e+03
  -2.4392616e-02   3.8400000e+03
  -1.3328775e-02   3.8550000e+03
  -6.2760469e-03   3.8700000e+03
  -7.3468247e-03   3.8850000e+03
  -1.7477687e-02   3.9000000e+03
  -3.3895168e-02   3.9150000e+03
  -5.1669646e-02   3.9300000e+03
  -6.6424981e-02   3.9450000e+03
  -7.6541752e-02   3.9600000e+03
  -8.3476752e-02   3.9750000e+03
  -8.9965567e-02   3.9900000e+03
  -9.7187541e-02   4.0050000e+03
  -1.0266242e-01   4.0200000e+03
  -1.0030416e-01   4.0350000e+03
  -8.2877830e-02   4.0500000e+03
  -4.5763496e-02   4.0650000e+03
   9.8261787e-03   4.0800000e+03
   7.5815983e-02   4.0950000e+03
   1.3905962e-01   4.1100000e+03
   1.8534392e-01   4.1250000e+03
   2.0407987e-01   4.1400000e+03
   1.9186990e-01   4.1550000e+03
   1.5354154e-01   4.1700000e+03
   1.0020498e-01   4.1850000e+03
   4.5129385e-02   4.2000000e+03
  -7.6983531e-04   4.2150000e+03
  -3.1832252e-02   4.2300000e+03
  -4.7757559e-02   4.2450000e+03
  -5.1228099e-02   4.2600000e+03
  -4.4736486e-02   4.2750000e+03
  -2.8745824e-02   4.2900000e+03
  -2.4920560e-03   4.3050000e+03
   3.2962948e-02   4.3200000e+03
   7.1495555e-02   4.3350000e+03
   1.0121064e-01   4.3500000e+03
   1.0797420e-01   4.3650000e+03
   8.2511455e-02   4.3800000e+03
   2.7738661e-02   4.3950000e+03
  -3.8316555e-02   4.4100000e+03
  -8.7414667e-02   4.4250000e+03
  -9.3459465e-02   4.4400000e+03
  -4.7200840e-02   4.4550000e+03
   3.4872144e-02   4.4700000e+03
   1.1441367e-01   4.4850000e+03
   1.4871760e-01   4.5000000e+03
