   5.7922406e-03   0.0000000e+00
   5.7910145e-03   1.5000000e+01
   5.7874043e-03   3.0000000e+01
   5.7815271e-03   4.5000000e+01
   5.7732947e-03   6.0000000e+01
   5.7624048e-03   7.5000000e+01
   5.7486822e-03   9.0000000e+01
   5.7323831e-03   1.0500000e+02
   5.7141073e-03   1.2000000e+02
   5.6942403e-03   1.3500000e+02
   5.6721554e-03   1.5000000e+02
   5.6458334e-03   1.6500000e+02
   5.6110704e-03   1.8000000e+02
   5.5558626e-03   1.9500000e+02
   5.4451642e-03   2.1000000e+02
   5.2043246e-03   2.2500000e+02
   4.7358852e-03   2.4000000e+02
   4.0086107e-03   2.5500000e+02
   3.1822708e-03   2.7000000e+02
   2.6087717e-03   2.8500000e+02
   2.5777628e-03   3.0000000e+02
   2.9803829e-03   3.1500000e+02
   3.3275860e-03   3.3000000e+02
   3.2512506e-03   3.4500000e+02
   2.9263312e-03   3.6000000e+02
   2.8058055e-03   3.7500000e+02
   2.9876428e-03   3.9000000e+02
   3.1274948e-03   4.0500000e+02
   3.0048224e-03   4.2000000e+02
   2.8308970e-03   4.3500000e+02
   2.8472547e-03   4.5000000e+02
   2.9419698e-03   4.6500000e+02
   2.9010777e-03   4.8000000e+02
   2.7789848e-03   4.9500000e+02
   2.7480447e-03   5.1000000e+02
   2.7794247e-03   5.2500000e+02
   2.7350599e-03   5.4000000e+02
   2.6285332e-03   5.5500000e+02
   2.5682945e-03   5.7000000e+02
   2.5503254e-03   5.8500000e+02
   2.4934220e-03   6.0000000e+02
   2.4025370e-03   6.1500000e+02
   2.3429096e-03   6.3000000e+02
   2.3090467e-03   6.4500000e+02
   2.2478981e-03   6.6000000e+02
   2.1616861e-03   6.7500000e+02
   2.0802272e-03   6.9000000e+02
   1.9799543e-03   7.0500000e+02
   1.8126584e-03   7.2000000e+02
   1.5665242e-03   7.3500000e+02
   1.2475259e-03   7.5000000e+02
   8.5980672e-04   7.6500000e+02
   4.5330124e-04   7.8000000e+02
   1.4656807e-04   7.9500000e+02
   5.5094551e-05   8.1000000e+02
   1.9673817e-04   8.2500000e+02
   4.5998758e-04   8.4000000e+02
   6.5059547e-04   8.5500000e+02
   6.1079481e-04   8.7000000e+02
   3.5919630e-04   8.8500000e+02
   1.0866925e-04   9.0000000e+02
   8.2894803e-05   9.1500000e+02
   2.9469529e-04   9.3000000e+02
   5.4912182e-04   9.4500000e+02
   6.9246814e-04   9.6000000e+02
   8.1942405e-04   9.7500000e+02
   1.1866196e-03   9.9000000e+02
   1.9497715e-03   1.0050000e+03
   3.0776260e-03   1.0200000e+03
   4.5662513e-03   1.0350000e+03
   6.6660224e-03   1.0500000e+03
   9.8202387e-03   1.0650000e+03
   1.4445117e-02   1.0800000e+03
   2.0916512e-02   1.0950000e+03
   2.9789515e-02   1.1100000e+03
   4.1899301e-02   1.1250000e+03
   5.8199454e-02   1.1400000e+03
   7.9643950e-02   1.1550000e+03
   1.0735108e-01   1.1700000e+03
   1.4281827e-01   1.1850000e+03
   1.8786614e-01   1.2000000e+03
   2.4435215e-01   1.2150000e+03
   3.1380010e-01   1.2300000e+03
   3.9678237e-01   1.2450000e+03
   4.9184299e-01   1.2600000e+03
   5.9420860e-01   1.2750000e+03
   6.9489193e-01   1.2900000e+03
   7.8068513e-01   1.3050000e+03
   8.3535916e-01   1.3200000e+03
   8.4230977e-01   1.3350000e+03
   7.8848213e-01   1.3500000e+03
   6.6856408e-01   1.3650000e+03
   4.8784623e-01   1.3800000e+03
   2.6238596e-01   1.3950000e+03
   1.6007232e-02   1.4100000e+03
  -2.2520326e-01   1.4250000e+03
  -4.3915415e-01   1.4400000e+03
  -6.1241770e-01   1.4550000e+03
  -7.4140280e-01   1.4700000e+03
  -8.2957536e-01   1.4850000e+03
  -8.8205159e-01   1.5000000e+03
  -9.0027338e-01   1.5150000e+03
  -8.7984532e-01   1.5300000e+03
  -8.1335920e-01   1.5450000e+03
  -6.9715506e-01   1.5600000e+03
  -5.3797746e-01   1.5750000e+03
  -3.5480988e-01   1.5900000e+03
  -1.7395854e-01   1.6050000e+03
  -2.0034904e-02   1.6200000e+03
   9.1722593e-02   1.6350000e+03
   1.5773076e-01   1.6500000e+03
   1.8322004e-01   1.6650000e+03
   1.7781831e-01   1.6800000e+03
   1.5257572e-01   1.6950000e+03
   1.1848345e-01   1.7100000e+03
   8.4897980e-02   1.7250000e+03
   5.7544999e-02   1.7400000e+03
   3.7677333e-02   1.7550000e+03
   2.3585137e-02   1.7700000e+03
   1.3319911e-02   1.7850000e+03
   6.2270947e-03   1.8000000e+03
   2.3545050e-03   1.8150000e+03
   1.1413940e-03   1.8300000e+03
   1.1616520e-03   1.8450000e+03
   1.0047073e-03   1.8600000e+03
   7.1341674e-05   1.8750000e+03
  -1.4285697e-03   1.8900000e+03
  -2.9000347e-03   1.9050000e+03
  -3.7501038e-03   1.9200000e+03
  -3.7932587e-03   1.9350000e+03
  -3.6113414e-03   1.9500000e+03
  -4.3443562e-03   1.9650000e+03
  -6.7919837e-03   1.9800000e+03
  -1.0691106e-02   1.9950000e+03
  -1.5005093e-02   2.0100000e+03
  -1.8809041e-02   2.0250000e+03
  -2.1678319e-02   2.0400000e+03
  -2.3379304e-02   2.0550000e+03
  -2.3660515e-02   2.0700000e+03
  -2.2509804e-02   2.0850000e+03
  -2.0262215e-02   2.1000000e+03
  -1.7149528e-02   2.1150000e+03
  -1.2910878e-02   2.1300000e+03
  -7.1447245e-03   2.1450000e+03
  -1.9244180e-05   2.1600000e+03
   7.5428220e-03   2.1750000e+03
   1.4330993e-02   2.1900000e+03
   1.9351466e-02   2.2050000e+03
   2.2020957e-02   2.2200000e+03
   2.2244470e-02   2.2350000e+03
   2.0491978e-02   2.2500000e+03
   1.7678013e-02   2.2650000e+03
   1.4795997e-02   2.2800000e+03
   1.2587583e-02   2.2950000e+03
   1.1453085e-02   2.3100000e+03
   1.1511926e-02   2.3250000e+03
   1.2685140e-02   2.3400000e+03
   1.4806549e-02   2.3550000e+03
   1.7735830e-02   2.3700000e+03
   2.1342078e-02   2.3850000e+03
   2.5326103e-02   2.4000000e+03
   2.9052116e-02   2.4150000e+03
   3.1581990e-02   2.4300000e+03
   3.1939223e-02   2.4450000e+03
   2.9460303e-02   2.4600000e+03
   2.4024837e-02   2.4750000e+03
   1.6032560e-02   2.4900000e+03
   6.1974754e-03   2.5050000e+03
  -4.6312059e-03   2.5200000e+03
  -1.5520206e-02   2.5350000e+03
  -2.5489263e-02   2.5500000e+03
  -3.3658091e-02   2.5650000e+03
  -3.9435733e-02   2.5800000e+03
  -4.2599544e-02   2.5950000e+03
  -4.3243330e-02   2.6100000e+03
  -4.1697428e-02   2.6250000e+03
  -3.8468901e-02   2.6400000e+03
  -3.4148332e-02   2.6550000e+03
  -2.9253136e-02   2.6700000e+03
  -2.4078328e-02   2.6850000e+03
  -1.8647170e-02   2.7000000e+03
  -1.2774292e-02   2.7150000e+03
  -6.1881165e-03   2.7300000e+03
   1.3254689e-03   2.7450000e+03
   9.7627332e-03   2.7600000e+03
   1.8753286e-02   2.7750000e+03
   2.7501550e-02   2.7900000e+03
   3.4890082e-02   2.8050000e+03
   3.9737765e-02   2.8200000e+03
   4.1126128e-02   2.8350000e+03
   3.8682193e-02   2.8500000e+03
   3.2727532e-02   2.8650000e+03
   2.4242535e-02   2.8800000e+03
   1.4644370e-02   2.8950000e+03
   5.4353592e-03   2.9100000e+03
  -2.1742268e-03   2.9250000e+03
  -7.5529329e-03   2.9400000e+03
  -1.0756109e-02   2.9550000e+03
  -1.2421982e-02   2.9700000e+03
  -1.3490532e-02   2.9850000e+03
  -1.4844965e-02   3.0000000e+03
  -1.7009050e-02   3.0150000e+03
  -2.0006331e-02   3.0300000e+03
  -2.3407599e-02   3.0450000e+03
  -2.6511209e-02   3.0600000e+03
  -2.8565275e-02   3.0750000e+03
  -2.8956003e-02   3.0900000e+03
  -2.7324716e-02   3.1050000e+03
  -2.3610080e-02   3.1200000e+03
  -1.8028907e-02   3.1350000e+03
  -1.1010824e-02   3.1500000e+03
  -3.1014748e-03   3.1650000e+03
   5.1458939e-03   3.1800000e+03
   1.3264133e-02   3.1950000e+03
   2.0925429e-02   3.2100000e+03
   2.7937563e-02   3.2250000e+03
   3.4182411e-02   3.2400000e+03
   3.9518282e-02   3.2550000e+03
   4.3691613e-02   3.2700000e+03
   4.6311960e-02   3.2850000e+03
   4.6922948e-02   3.3000000e+03
   4.5156483e-02   3.3150000e+03
   4.0912203e-02   3.3300000e+03
   3.4483653e-02   3.3450000e+03
   2.6567461e-02   3.3600000e+03
   1.8136537e-02   3.3750000e+03
   1.0215201e-02   3.3900000e+03
   3.6377611e-03   3.4050000e+03
  -1.1224842e-03   3.4200000e+03
  -4.0033190e-03   3.4350000e+03
  -5.2882005e-03   3.4500000e+03
  -5.4711048e-03   3.4650000e+03
  -5.1042968e-03   3.4800000e+03
  -4.6661277e-03   3.4950000e+03
  -4.4701295e-03   3.5100000e+03
  -4.6295421e-03   3.5250000e+03
  -5.0831879e-03   3.5400000e+03
  -5.6705396e-03   3.5550000e+03
  -6.2242467e-03   3.5700000e+03
  -6.6438443e-03   3.5850000e+03
  -6.9304393e-03   3.6000000e+03
  -7.1858703e-03   3.6150000e+03
  -7.5923731e-03   3.6300000e+03
  -8.3849235e-03   3.6450000e+03
  -9.8171066e-03   3.6600000e+03
  -1.2115212e-02   3.6750000e+03
  -1.5419876e-02   3.6900000e+03
  -1.9725390e-02   3.7050000e+03
  -2.4834789e-02   3.7200000e+03
  -3.0348793e-02   3.7350000e+03
  -3.5697743e-02   3.7500000e+03
  -4.0212620e-02   3.7650000e+03
  -4.3220077e-02   3.7800000e+03
  -4.4142313e-02   3.7950000e+03
  -4.2586002e-02   3.8100000e+03
  -3.8409259e-02   3.8250000e+03
  -3.1756833e-02   3.8400000e+03
  -2.3053721e-02   3.8550000e+03
  -1.2953550e-02   3.8700000e+03
  -2.2508944e-03   3.8850000e+03
   8.2249232e-03   3.9000000e+03
   1.7719084e-02   3.9150000e+03
   2.5652336e-02   3.9300000e+03
   3.1697463e-02   3.9450000e+03
   3.5805624e-02   3.9600000e+03
   3.8163982e-02   3.9750000e+03
   3.9095100e-02   3.9900000e+03
   3.8938489e-02   4.0050000e+03
   3.7957881e-02   4.0200000e+03
   3.6294226e-02   4.0350000e+03
   3.3960499e-02   4.0500000e+03
   3.0869735e-02   4.0650000e+03
   2.6893407e-02   4.0800000e+03
   2.1942185e-02   4.0950000e+03
   1.6044827e-02   4.1100000e+03
   9.3950825e-03   4.1250000e+03
   2.3533108e-03   4.1400000e+03
  -4.5871097e-03   4.1550000e+03
  -1.0852843e-02   4.1700000e+03
  -1.5858198e-02   4.1850000e+03
  -1.9086711e-02   4.2000000e+03
  -2.0173458e-02   4.2150000e+03
  -1.8962888e-02   4.2300000e+03
  -1.5524795e-02   4.2450000e+03
  -1.0132483e-02   4.2600000e+03
  -3.2192715e-03   4.2750000e+03
   4.6744407e-03   4.2900000e+03
   1.2957407e-02   4.3050000e+03
   2.1039125e-02   4.3200000e+03
   2.8367436e-02   4.3350000e+03
   3.4451868e-02   4.3500000e+03
   3.8882978e-02   4.3650000e+03
   4.1355867e-02   4.3800000e+03
   4.1693553e-02   4.3950000e+03
   3.9859716e-02   4.4100000e+03
   3.5956528e-02   4.4250000e+03
   3.0210843e-02   4.4400000e+03
   2.2951037e-02   4.4550000e+03
   1.4574607e-02   4.4700000e+03
   5.5111051e-03   4.4850000e+03
  -3.8100576e-03   4.5000000e+03
