  -3.7572153e-03   0.0000000e+00
  -3.7564749e-03   1.5000000e+01
  -3.7545883e-03   3.0000000e+01
  -3.7527781e-03   4.5000000e+01
  -3.7527818e-03   6.0000000e+01
  -3.7559250e-03   7.5000000e+01
  -3.7620715e-03   9.0000000e+01
  -3.7700420e-03   1.0500000e+02
  -3.7791308e-03   1.2000000e+02
  -3.7903243e-03   1.3500000e+02
  -3.8055559e-03   1.5000000e+02
  -3.8258166e-03   1.6500000e+02
  -3.8513006e-03   1.8000000e+02
  -3.8824580e-03   1.9500000e+02
  -3.9195172e-03   2.1000000e+02
  -3.9621075e-03   2.2500000e+02
  -4.0090382e-03   2.4000000e+02
  -4.0575266e-03   2.5500000e+02
  -4.1044336e-03   2.7000000e+02
  -4.1486081e-03   2.8500000e+02
  -4.1902219e-03   3.0000000e+02
  -4.2280271e-03   3.1500000e+02
  -4.2577693e-03   3.3000000e+02
  -4.2722411e-03   3.4500000e+02
  -4.2628585e-03   3.6000000e+02
  -4.2224969e-03   3.7500000e+02
  -4.1478621e-03   3.9000000e+02
  -4.0395437e-03   4.0500000e+02
  -3.8984893e-03   4.2000000e+02
  -3.7200656e-03   4.3500000e+02
  -3.4918725e-03   4.5000000e+02
  -3.1994043e-03   4.6500000e+02
  -2.8330125e-03   4.8000000e+02
  -2.3879197e-03   4.9500000e+02
  -1.8598255e-03   5.1000000e+02
  -1.2438874e-03   5.2500000e+02
  -5.3628162e-04   5.4000000e+02
   2.6990156e-04   5.5500000e+02
   1.1922298e-03   5.7000000e+02
   2.2566451e-03   5.8500000e+02
   3.4888284e-03   6.0000000e+02
   4.9177539e-03   6.1500000e+02
   6.5834336e-03   6.3000000e+02
   8.5258214e-03   6.4500000e+02
   1.0772396e-02   6.6000000e+02
   1.3352899e-02   6.7500000e+02
   1.6318353e-02   6.9000000e+02
   1.9739019e-02   7.0500000e+02
   2.3702102e-02   7.2000000e+02
   2.8313234e-02   7.3500000e+02
   3.3681910e-02   7.5000000e+02
   3.9914794e-02   7.6500000e+02
   4.7139566e-02   7.8000000e+02
   5.5522457e-02   7.9500000e+02
   6.5247141e-02   8.1000000e+02
   7.6459162e-02   8.2500000e+02
   8.9199096e-02   8.4000000e+02
   1.0337809e-01   8.5500000e+02
   1.1880979e-01   8.7000000e+02
   1.3523795e-01   8.8500000e+02
   1.5236591e-01   9.0000000e+02
   1.6995239e-01   9.1500000e+02
   1.8790072e-01   9.3000000e+02
   2.0620427e-01   9.4500000e+02
   2.2479945e-01   9.6000000e+02
   2.4349633e-01   9.7500000e+02
   2.6199573e-01   9.9000000e+02
   2.7985927e-01   1.0050000e+03
   2.9645973e-01   1.0200000e+03
   3.1109115e-01   1.0350000e+03
   3.2315859e-01   1.0500000e+03
   3.3211720e-01   1.0650000e+03
   3.3721969e-01   1.0800000e+03
   3.3760878e-01   1.0950000e+03
   3.3290124e-01   1.1100000e+03
   3.2358104e-01   1.1250000e+03
   3.1060606e-01   1.1400000e+03
   2.9465806e-01   1.1550000e+03
   2.7593970e-01   1.1700000e+03
   2.5464281e-01   1.1850000e+03
   2.3135847e-01   1.2000000e+03
   2.0694034e-01   1.2150000e+03
   1.8214965e-01   1.2300000e+03
   1.5758204e-01   1.2450000e+03
   1.3382167e-01   1.2600000e+03
   1.1145636e-01   1.2750000e+03
   9.0917796e-02   1.2900000e+03
   7.2392285e-02   1.3050000e+03
   5.5870004e-02   1.3200000e+03
   4.1224826e-02   1.3350000e+03
   2.8280139e-02   1.3500000e+03
   1.6853342e-02   1.3650000e+03
   6.7872023e-03   1.3800000e+03
  -1.9799261e-03   1.3950000e+03
  -9.3519250e-03   1.4100000e+03
  -1.5139959e-02   1.4250000e+03
  -1.9201817e-02   1.4400000e+03
  -2.1504387e-02   1.4550000e+03
  -2.2107141e-02   1.4700000e+03
  -2.1146398e-02   1.4850000e+03
  -1.8832037e-02   1.5000000e+03
  -1.5441597e-02   1.5150000e+03
  -1.1308888e-02   1.5300000e+03
  -6.7951498e-03   1.5450000e+03
  -2.2406445e-03   1.5600000e+03
   2.0830950e-03   1.5750000e+03
   5.9987600e-03   1.5900000e+03
   9.4193406e-03   1.6050000e+03
   1.2324790e-02   1.6200000e+03
   1.4732924e-02   1.6350000e+03
   1.6667159e-02   1.6500000e+03
   1.8121647e-02   1.6650000e+03
   1.9037606e-02   1.6800000e+03
   1.9310106e-02   1.6950000e+03
   1.8823985e-02   1.7100000e+03
   1.7491907e-02   1.7250000e+03
   1.5274482e-02   1.7400000e+03
   1.2185602e-02   1.7550000e+03
   8.2867984e-03   1.7700000e+03
   3.6694696e-03   1.7850000e+03
  -1.5658565e-03   1.8000000e+03
  -7.3198937e-03   1.8150000e+03
  -1.3492313e-02   1.8300000e+03
  -1.9974776e-02   1.8450000e+03
  -2.6648644e-02   1.8600000e+03
  -3.3389881e-02   1.8750000e+03
  -4.0076241e-02   1.8900000e+03
  -4.6592545e-02   1.9050000e+03
  -5.2832730e-02   1.9200000e+03
  -5.8699887e-02   1.9350000e+03
  -6.4109445e-02   1.9500000e+03
  -6.8998918e-02   1.9650000e+03
  -7.3336624e-02   1.9800000e+03
  -7.7118896e-02   1.9950000e+03
  -8.0357112e-02   2.0100000e+03
  -8.3068267e-02   2.0250000e+03
  -8.5280240e-02   2.0400000e+03
  -8.7046310e-02   2.0550000e+03
  -8.8448554e-02   2.0700000e+03
  -8.9577936e-02   2.0850000e+03
  -9.0503350e-02   2.1000000e+03
  -9.1255553e-02   2.1150000e+03
  -9.1837674e-02   2.1300000e+03
  -9.2249833e-02   2.1450000e+03
  -9.2508212e-02   2.1600000e+03
  -9.2652746e-02   2.1750000e+03
  -9.2747442e-02   2.1900000e+03
  -9.2870176e-02   2.2050000e+03
  -9.3084395e-02   2.2200000e+03
  -9.3404032e-02   2.2350000e+03
  -9.3784660e-02   2.2500000e+03
  -9.4160676e-02   2.2650000e+03
  -9.4501473e-02   2.2800000e+03
  -9.4833486e-02   2.2950000e+03
  -9.5208041e-02   2.3100000e+03
  -9.5653191e-02   2.3250000e+03
  -9.6161634e-02   2.3400000e+03
  -9.6719749e-02   2.3550000e+03
  -9.7335100e-02   2.3700000e+03
  -9.8029584e-02   2.3850000e+03
  -9.8813221e-02   2.4000000e+03
  -9.9674731e-02   2.4150000e+03
  -1.0059606e-01   2.4300000e+03
  -1.0156552e-01   2.4450000e+03
  -1.0257263e-01   2.4600000e+03
  -1.0359830e-01   2.4750000e+03
  -1.0461947e-01   2.4900000e+03
  -1.0562085e-01   2.5050000e+03
  -1.0659197e-01   2.5200000e+03
  -1.0750852e-01   2.5350000e+03
  -1.0832466e-01   2.5500000e+03
  -1.0899211e-01   2.5650000e+03
  -1.0948457e-01   2.5800000e+03
  -1.0979456e-01   2.5950000e+03
  -1.0990434e-01   2.6100000e+03
  -1.0976920e-01   2.6250000e+03
  -1.0933740e-01   2.6400000e+03
  -1.0858490e-01   2.6550000e+03
  -1.0752469e-01   2.6700000e+03
  -1.0618468e-01   2.6850000e+03
  -1.0458490e-01   2.7000000e+03
  -1.0273852e-01   2.7150000e+03
  -1.0066649e-01   2.7300000e+03
  -9.8401904e-02   2.7450000e+03
  -9.5979288e-02   2.7600000e+03
  -9.3422003e-02   2.7750000e+03
  -9.0737648e-02   2.7900000e+03
  -8.7918974e-02   2.8050000e+03
  -8.4944032e-02   2.8200000e+03
  -8.1774242e-02   2.8350000e+03
  -7.8354239e-02   2.8500000e+03
  -7.4619129e-02   2.8650000e+03
  -7.0511051e-02   2.8800000e+03
  -6.5997869e-02   2.8950000e+03
  -6.1083864e-02   2.9100000e+03
  -5.5809896e-02   2.9250000e+03
  -5.0248504e-02   2.9400000e+03
  -4.4496607e-02   2.9550000e+03
  -3.8662944e-02   2.9700000e+03
  -3.2851547e-02   2.9850000e+03
  -2.7149390e-02   3.0000000e+03
  -2.1622792e-02   3.0150000e+03
  -1.6318269e-02   3.0300000e+03
  -1.1263431e-02   3.0450000e+03
  -6.4701163e-03   3.0600000e+03
  -1.9422015e-03   3.0750000e+03
   2.3161299e-03   3.0900000e+03
   6.2984549e-03   3.1050000e+03
   1.0002608e-02   3.1200000e+03
   1.3440910e-02   3.1350000e+03
   1.6645160e-02   3.1500000e+03
   1.9659363e-02   3.1650000e+03
   2.2523385e-02   3.1800000e+03
   2.5261017e-02   3.1950000e+03
   2.7882598e-02   3.2100000e+03
   3.0397162e-02   3.2250000e+03
   3.2820988e-02   3.2400000e+03
   3.5177078e-02   3.2550000e+03
   3.7490841e-02   3.2700000e+03
   3.9787736e-02   3.2850000e+03
   4.2092998e-02   3.3000000e+03
   4.4431802e-02   3.3150000e+03
   4.6829484e-02   3.3300000e+03
   4.9309637e-02   3.3450000e+03
   5.1885866e-02   3.3600000e+03
   5.4547522e-02   3.3750000e+03
   5.7247650e-02   3.3900000e+03
   5.9902851e-02   3.4050000e+03
   6.2405884e-02   3.4200000e+03
   6.4643405e-02   3.4350000e+03
   6.6512160e-02   3.4500000e+03
   6.7932606e-02   3.4650000e+03
   6.8858273e-02   3.4800000e+03
   6.9276199e-02   3.4950000e+03
   6.9197424e-02   3.5100000e+03
   6.8646163e-02   3.5250000e+03
   6.7656659e-02   3.5400000e+03
   6.6275671e-02   3.5550000e+03
   6.4560860e-02   3.5700000e+03
   6.2570862e-02   3.5850000e+03
   6.0353830e-02   3.6000000e+03
   5.7942845e-02   3.6150000e+03
   5.5359174e-02   3.6300000e+03
   5.2618809e-02   3.6450000e+03
   4.9737561e-02   3.6600000e+03
   4.6732116e-02   3.6750000e+03
   4.3617159e-02   3.6900000e+03
   4.0402383e-02   3.7050000e+03
   3.7094638e-02   3.7200000e+03
   3.3706248e-02   3.7350000e+03
   3.0263223e-02   3.7500000e+03
   2.6806418e-02   3.7650000e+03
   2.3385920e-02   3.7800000e+03
   2.0054869e-02   3.7950000e+03
   1.6867265e-02   3.8100000e+03
   1.3878601e-02   3.8250000e+03
   1.1145912e-02   3.8400000e+03
   8.7256720e-03   3.8550000e+03
   6.6696084e-03   3.8700000e+03
   5.0186776e-03   3.8850000e+03
   3.7961141e-03   3.9000000e+03
   3.0021507e-03   3.9150000e+03
   2.6132301e-03   3.9300000e+03
   2.5860944e-03   3.9450000e+03
   2.8641757e-03   3.9600000e+03
   3.3833701e-03   3.9750000e+03
   4.0764883e-03   3.9900000e+03
   4.8775543e-03   4.0050000e+03
   5.7262322e-03   4.0200000e+03
   6.5704095e-03   4.0350000e+03
   7.3648491e-03   4.0500000e+03
   8.0670463e-03   4.0650000e+03
   8.6345943e-03   4.0800000e+03
   9.0271747e-03   4.0950000e+03
   9.2113083e-03   4.1100000e+03
   9.1631124e-03   4.1250000e+03
   8.8668214e-03   4.1400000e+03
   8.3116759e-03   4.1550000e+03
   7.4910112e-03   4.1700000e+03
   6.4040674e-03   4.1850000e+03
   5.0576795e-03   4.2000000e+03
   3.4655519e-03   4.2150000e+03
   1.6456062e-03   4.2300000e+03
  -3.8234104e-04   4.2450000e+03
  -2.5967860e-03   4.2600000e+03
  -4.9727922e-03   4.2750000e+03
  -7.4800993e-03   4.2900000e+03
  -1.0083036e-02   4.3050000e+03
  -1.2742433e-02   4.3200000e+03
  -1.5417884e-02   4.3350000e+03
  -1.8068919e-02   4.3500000e+03
  -2.0655673e-02   4.3650000e+03
  -2.3140388e-02   4.3800000e+03
  -2.5489787e-02   4.3950000e+03
  -2.7677316e-02   4.4100000e+03
  -2.9685387e-02   4.4250000e+03
  -3.1508487e-02   4.4400000e+03
  -3.3156369e-02   4.4550000e+03
  -3.4654174e-02   4.4700000e+03
  -3.6037277e-02   4.4850000e+03
  -3.7342820e-02   4.5000000e+03
