  -9.6770795e-03   0.0000000e+00
  -9.6768541e-03   1.5000000e+01
  -9.6764062e-03   3.0000000e+01
  -9.6769789e-03   4.5000000e+01
  -9.6813925e-03   6.0000000e+01
  -9.6920123e-03   7.5000000e+01
  -9.7076623e-03   9.0000000e+01
  -9.7248871e-03   1.0500000e+02
  -9.7420188e-03   1.2000000e+02
  -9.7618354e-03   1.3500000e+02
  -9.7897900e-03   1.5000000e+02
  -9.8284278e-03   1.6500000e+02
  -9.8766135e-03   1.8000000e+02
  -9.9346805e-03   1.9500000e+02
  -1.0005647e-02   2.1000000e+02
  -1.0091611e-02   2.2500000e+02
  -1.0190452e-02   2.4000000e+02
  -1.0295087e-02   2.5500000e+02
  -1.0398276e-02   2.7000000e+02
  -1.0497670e-02   2.8500000e+02
  -1.0593268e-02   3.0000000e+02
  -1.0684764e-02   3.1500000e+02
  -1.0774477e-02   3.3000000e+02
  -1.0867991e-02   3.4500000e+02
  -1.0971112e-02   3.6000000e+02
  -1.1088834e-02   3.7500000e+02
  -1.1224444e-02   3.9000000e+02
  -1.1377616e-02   4.0500000e+02
  -1.1546839e-02   4.2000000e+02
  -1.1732738e-02   4.3500000e+02
  -1.1934357e-02   4.5000000e+02
  -1.2146014e-02   4.6500000e+02
  -1.2364359e-02   4.8000000e+02
  -1.2595940e-02   4.9500000e+02
  -1.2851359e-02   5.1000000e+02
  -1.3132153e-02   5.2500000e+02
  -1.3431624e-02   5.4000000e+02
  -1.3752700e-02   5.5500000e+02
  -1.4112866e-02   5.7000000e+02
  -1.4521698e-02   5.8500000e+02
  -1.4968764e-02   6.0000000e+02
  -1.5447061e-02   6.1500000e+02
  -1.5968760e-02   6.3000000e+02
  -1.6542109e-02   6.4500000e+02
  -1.7160539e-02   6.6000000e+02
  -1.7832596e-02   6.7500000e+02
  -1.8585453e-02   6.9000000e+02
  -1.9420790e-02   7.0500000e+02
  -2.0300956e-02   7.2000000e+02
  -2.1169646e-02   7.3500000e+02
  -2.1929802e-02   7.5000000e+02
  -2.2366241e-02   7.6500000e+02
  -2.1987949e-02   7.8000000e+02
  -1.9653840e-02   7.9500000e+02
  -1.2826860e-02   8.1000000e+02
   3.6618544e-03   8.2500000e+02
   3.9150801e-02   8.4000000e+02
   1.0772642e-01   8.5500000e+02
   2.2498628e-01   8.7000000e+02
   3.9756975e-01   8.8500000e+02
   6.0541165e-01   9.0000000e+02
   7.8618991e-01   9.1500000e+02
   8.4225130e-01   9.3000000e+02
   6.8707210e-01   9.4500000e+02
   3.1775227e-01   9.6000000e+02
  -1.4297657e-01   9.7500000e+02
  -4.9661496e-01   9.9000000e+02
  -6.0064960e-01   1.0050000e+03
  -4.7389820e-01   1.0200000e+03
  -2.6487905e-01   1.0350000e+03
  -1.1034407e-01   1.0500000e+03
  -3.9974716e-02   1.0650000e+03
  -1.9065615e-02   1.0800000e+03
  -3.2803524e-02   1.0950000e+03
  -8.0023870e-02   1.1100000e+03
  -1.1996819e-01   1.1250000e+03
  -1.0360076e-01   1.1400000e+03
  -5.4183014e-02   1.1550000e+03
  -3.9942376e-02   1.1700000e+03
  -6.1007794e-02   1.1850000e+03
  -4.7016807e-02   1.2000000e+03
   1.8676801e-02   1.2150000e+03
   6.4913817e-02   1.2300000e+03
   4.9470708e-02   1.2450000e+03
   1.7174672e-02   1.2600000e+03
   7.5939060e-03   1.2750000e+03
  -5.5337721e-03   1.2900000e+03
  -4.4959404e-02   1.3050000e+03
  -8.0923021e-02   1.3200000e+03
  -8.6794235e-02   1.3350000e+03
  -7.6208554e-02   1.3500000e+03
  -6.0201414e-02   1.3650000e+03
  -2.5642743e-02   1.3800000e+03
   2.6756298e-02   1.3950000e+03
   6.8416499e-02   1.4100000e+03
   7.6016001e-02   1.4250000e+03
   4.9926616e-02   1.4400000e+03
   4.5396434e-03   1.4550000e+03
  -3.7131544e-02   1.4700000e+03
  -4.9600329e-02   1.4850000e+03
  -2.5274737e-02   1.5000000e+03
   1.6651114e-02   1.5150000e+03
   4.9640737e-02   1.5300000e+03
   6.1072651e-02   1.5450000e+03
   5.2278563e-02   1.5600000e+03
   2.8770791e-02   1.5750000e+03
  -3.0963940e-03   1.5900000e+03
  -3.4938898e-02   1.6050000e+03
  -5.7529405e-02   1.6200000e+03
  -6.3896149e-02   1.6350000e+03
  -5.1647075e-02   1.6500000e+03
  -2.4108971e-02   1.6650000e+03
   1.0377161e-02   1.6800000e+03
   4.1358251e-02   1.6950000e+03
   5.9472978e-02   1.7100000e+03
   5.9301913e-02   1.7250000e+03
   4.2722281e-02   1.7400000e+03
   1.9394035e-02   1.7550000e+03
   5.2161020e-04   1.7700000e+03
  -8.6579742e-03   1.7850000e+03
  -9.3478207e-03   1.8000000e+03
  -4.9471594e-03   1.8150000e+03
   7.7816320e-04   1.8300000e+03
   4.2161420e-03   1.8450000e+03
   5.0057545e-03   1.8600000e+03
   7.5249844e-03   1.8750000e+03
   1.5303061e-02   1.8900000e+03
   2.3776120e-02   1.9050000e+03
   2.2227157e-02   1.9200000e+03
   4.7717365e-03   1.9350000e+03
  -2.2626964e-02   1.9500000e+03
  -4.7618899e-02   1.9650000e+03
  -6.1661992e-02   1.9800000e+03
  -6.2530972e-02   1.9950000e+03
  -4.9375359e-02   2.0100000e+03
  -2.0944066e-02   2.0250000e+03
   1.9081620e-02   2.0400000e+03
   5.8498114e-02   2.0550000e+03
   8.2694806e-02   2.0700000e+03
   8.4882155e-02   2.0850000e+03
   6.9190055e-02   2.1000000e+03
   4.5226332e-02   2.1150000e+03
   2.1867549e-02   2.1300000e+03
   4.9982304e-03   2.1450000e+03
  -2.8448594e-03   2.1600000e+03
  -3.2057455e-03   2.1750000e+03
  -1.3092475e-03   2.1900000e+03
  -2.7542994e-03   2.2050000e+03
  -9.4951326e-03   2.2200000e+03
  -1.8903891e-02   2.2350000e+03
  -2.6175564e-02   2.2500000e+03
  -2.7347518e-02   2.2650000e+03
  -2.1202549e-02   2.2800000e+03
  -9.7839274e-03   2.2950000e+03
   2.6800728e-03   2.3100000e+03
   1.2072884e-02   2.3250000e+03
   1.6489105e-02   2.3400000e+03
   1.6748723e-02   2.3550000e+03
   1.5049245e-02   2.3700000e+03
   1.2810809e-02   2.3850000e+03
   9.5408261e-03   2.4000000e+03
   3.8872575e-03   2.4150000e+03
  -4.1024508e-03   2.4300000e+03
  -1.2147358e-02   2.4450000e+03
  -1.7577928e-02   2.4600000e+03
  -1.9790661e-02   2.4750000e+03
  -2.0417007e-02   2.4900000e+03
  -2.1342585e-02   2.5050000e+03
  -2.3335014e-02   2.5200000e+03
  -2.6597217e-02   2.5350000e+03
  -3.1377502e-02   2.5500000e+03
  -3.6665808e-02   2.5650000e+03
  -3.8334426e-02   2.5800000e+03
  -3.0099908e-02   2.5950000e+03
  -8.1455540e-03   2.6100000e+03
   2.4126530e-02   2.6250000e+03
   5.5843905e-02   2.6400000e+03
   7.4044101e-02   2.6550000e+03
   7.1161769e-02   2.6700000e+03
   4.9413715e-02   2.6850000e+03
   1.9212287e-02   2.7000000e+03
  -7.0989658e-03   2.7150000e+03
  -2.1987602e-02   2.7300000e+03
  -2.5793172e-02   2.7450000e+03
  -2.4538890e-02   2.7600000e+03
  -2.4367141e-02   2.7750000e+03
  -2.6817353e-02   2.7900000e+03
  -2.8708056e-02   2.8050000e+03
  -2.6596146e-02   2.8200000e+03
  -2.1216720e-02   2.8350000e+03
  -1.6933190e-02   2.8500000e+03
  -1.6715929e-02   2.8650000e+03
  -1.8689595e-02   2.8800000e+03
  -1.8540371e-02   2.8950000e+03
  -1.4689278e-02   2.9100000e+03
  -9.7348373e-03   2.9250000e+03
  -6.7719775e-03   2.9400000e+03
  -5.6846086e-03   2.9550000e+03
  -3.7670692e-03   2.9700000e+03
   1.0534595e-03   2.9850000e+03
   8.6919097e-03   3.0000000e+03
   1.7693767e-02   3.0150000e+03
   2.5551129e-02   3.0300000e+03
   2.7880605e-02   3.0450000e+03
   1.9468183e-02   3.0600000e+03
  -1.3235606e-03   3.0750000e+03
  -2.8657392e-02   3.0900000e+03
  -5.0989784e-02   3.1050000e+03
  -5.8121249e-02   3.1200000e+03
  -4.7558039e-02   3.1350000e+03
  -2.5260283e-02   3.1500000e+03
  -1.2899297e-03   3.1650000e+03
   1.5860444e-02   3.1800000e+03
   2.3065154e-02   3.1950000e+03
   2.2882571e-02   3.2100000e+03
   2.0335082e-02   3.2250000e+03
   1.8488478e-02   3.2400000e+03
   1.6608536e-02   3.2550000e+03
   1.2279763e-02   3.2700000e+03
   4.6450770e-03   3.2850000e+03
  -4.7728247e-03   3.3000000e+03
  -1.3738316e-02   3.3150000e+03
  -2.0976925e-02   3.3300000e+03
  -2.6483638e-02   3.3450000e+03
  -3.0851254e-02   3.3600000e+03
  -3.3981025e-02   3.3750000e+03
  -3.3699252e-02   3.3900000e+03
  -2.6199201e-02   3.4050000e+03
  -9.5794275e-03   3.4200000e+03
   1.2319662e-02   3.4350000e+03
   3.0781077e-02   3.4500000e+03
   3.8358126e-02   3.4650000e+03
   3.4359634e-02   3.4800000e+03
   2.3887744e-02   3.4950000e+03
   1.1908394e-02   3.5100000e+03
  -8.4925105e-04   3.5250000e+03
  -1.6238321e-02   3.5400000e+03
  -3.4092341e-02   3.5550000e+03
  -5.0064839e-02   3.5700000e+03
  -5.8059741e-02   3.5850000e+03
  -5.4925106e-02   3.6000000e+03
  -4.3361198e-02   3.6150000e+03
  -3.0459860e-02   3.6300000e+03
  -2.2652594e-02   3.6450000e+03
  -2.1017253e-02   3.6600000e+03
  -2.1023490e-02   3.6750000e+03
  -1.6931621e-02   3.6900000e+03
  -6.7060902e-03   3.7050000e+03
   6.7868484e-03   3.7200000e+03
   1.8436991e-02   3.7350000e+03
   2.4224309e-02   3.7500000e+03
   2.2776786e-02   3.7650000e+03
   1.5324936e-02   3.7800000e+03
   5.1217312e-03   3.7950000e+03
  -3.5555884e-03   3.8100000e+03
  -7.0967749e-03   3.8250000e+03
  -4.2861705e-03   3.8400000e+03
   3.2165116e-03   3.8550000e+03
   1.2083634e-02   3.8700000e+03
   1.9253794e-02   3.8850000e+03
   2.3192752e-02   3.9000000e+03
   2.3906851e-02   3.9150000e+03
   2.2248451e-02   3.9300000e+03
   1.9382322e-02   3.9450000e+03
   1.6661100e-02   3.9600000e+03
   1.5415883e-02   3.9750000e+03
   1.6245037e-02   3.9900000e+03
   1.8242817e-02   4.0050000e+03
   1.9184314e-02   4.0200000e+03
   1.7087750e-02   4.0350000e+03
   1.2199800e-02   4.0500000e+03
   7.6554818e-03   4.0650000e+03
   7.8142183e-03   4.0800000e+03
   1.5127484e-02   4.0950000e+03
   2.7810989e-02   4.1100000e+03
   4.0258139e-02   4.1250000e+03
   4.6153232e-02   4.1400000e+03
   4.2174131e-02   4.1550000e+03
   2.9721066e-02   4.1700000e+03
   1.3645461e-02   4.1850000e+03
  -8.1686128e-04   4.2000000e+03
  -1.0612147e-02   4.2150000e+03
  -1.5450620e-02   4.2300000e+03
  -1.6714185e-02   4.2450000e+03
  -1.6112216e-02   4.2600000e+03
  -1.5117359e-02   4.2750000e+03
  -1.5015448e-02   4.2900000e+03
  -1.6741646e-02   4.3050000e+03
  -2.0156601e-02   4.3200000e+03
  -2.3421627e-02   4.3350000e+03
  -2.3509581e-02   4.3500000e+03
  -1.8053178e-02   4.3650000e+03
  -7.3131626e-03   4.3800000e+03
   5.4842182e-03   4.3950000e+03
   1.5955133e-02   4.4100000e+03
   2.1026772e-02   4.4250000e+03
   2.0003820e-02   4.4400000e+03
   1.3807369e-02   4.4550000e+03
   3.9159991e-03   4.4700000e+03
  -7.5848685e-03   4.4850000e+03
  -1.7389365e-02   4.5000000e+03
