  -4.2080469e-03   0.0000000e+00
  -4.2077159e-03   1.5000000e+01
  -4.2069159e-03   3.0000000e+01
  -4.2064236e-03   4.5000000e+01
  -4.2075319e-03   6.0000000e+01
  -4.2112852e-03   7.5000000e+01
  -4.2174421e-03   9.0000000e+01
  -4.2248829e-03   1.0500000e+02
  -4.2330222e-03   1.2000000e+02
  -4.2428151e-03   1.3500000e+02
  -4.2561386e-03   1.5000000e+02
  -4.2739850e-03   1.6500000e+02
  -4.2963717e-03   1.8000000e+02
  -4.3237079e-03   1.9500000e+02
  -4.3568201e-03   2.1000000e+02
  -4.3961741e-03   2.2500000e+02
  -4.4411295e-03   2.4000000e+02
  -4.4893851e-03   2.5500000e+02
  -4.5384080e-03   2.7000000e+02
  -4.5875208e-03   2.8500000e+02
  -4.6373839e-03   3.0000000e+02
  -4.6881442e-03   3.1500000e+02
  -4.7388393e-03   3.3000000e+02
  -4.7873599e-03   3.4500000e+02
  -4.8306733e-03   3.6000000e+02
  -4.8660557e-03   3.7500000e+02
  -4.8925509e-03   3.9000000e+02
  -4.9114441e-03   4.0500000e+02
  -4.9251914e-03   4.2000000e+02
  -4.9343156e-03   4.3500000e+02
  -4.9346876e-03   4.5000000e+02
  -4.9197096e-03   4.6500000e+02
  -4.8860004e-03   4.8000000e+02
  -4.8354059e-03   4.9500000e+02
  -4.7709192e-03   5.1000000e+02
  -4.6925945e-03   5.2500000e+02
  -4.5991135e-03   5.4000000e+02
  -4.4912011e-03   5.5500000e+02
  -4.3696873e-03   5.7000000e+02
  -4.2312886e-03   5.8500000e+02
  -4.0705423e-03   6.0000000e+02
  -3.8845560e-03   6.1500000e+02
  -3.6715879e-03   6.3000000e+02
  -3.4267684e-03   6.4500000e+02
  -3.1433317e-03   6.6000000e+02
  -2.8164068e-03   6.7500000e+02
  -2.4426749e-03   6.9000000e+02
  -2.0187439e-03   7.0500000e+02
  -1.5421635e-03   7.2000000e+02
  -1.0107214e-03   7.3500000e+02
  -4.1880284e-04   7.5000000e+02
   2.4288165e-04   7.6500000e+02
   9.8503230e-04   7.8000000e+02
   1.8209938e-03   7.9500000e+02
   2.7685999e-03   8.1000000e+02
   3.8476933e-03   8.2500000e+02
   5.0762864e-03   8.4000000e+02
   6.4681233e-03   8.5500000e+02
   8.0295866e-03   8.7000000e+02
   9.7571509e-03   8.8500000e+02
   1.1642809e-02   9.0000000e+02
   1.3690063e-02   9.1500000e+02
   1.5927715e-02   9.3000000e+02
   1.8407481e-02   9.4500000e+02
   2.1190930e-02   9.6000000e+02
   2.4339579e-02   9.7500000e+02
   2.7910277e-02   9.9000000e+02
   3.1955373e-02   1.0050000e+03
   3.6531758e-02   1.0200000e+03
   4.1711085e-02   1.0350000e+03
   4.7570325e-02   1.0500000e+03
   5.4161511e-02   1.0650000e+03
   6.1496176e-02   1.0800000e+03
   6.9576062e-02   1.0950000e+03
   7.8445755e-02   1.1100000e+03
   8.8205017e-02   1.1250000e+03
   9.8954976e-02   1.1400000e+03
   1.1071512e-01   1.1550000e+03
   1.2336385e-01   1.1700000e+03
   1.3663039e-01   1.1850000e+03
   1.5013812e-01   1.2000000e+03
   1.6347679e-01   1.2150000e+03
   1.7627300e-01   1.2300000e+03
   1.8824422e-01   1.2450000e+03
   1.9923145e-01   1.2600000e+03
   2.0918854e-01   1.2750000e+03
   2.1810655e-01   1.2900000e+03
   2.2590305e-01   1.3050000e+03
   2.3236033e-01   1.3200000e+03
   2.3717605e-01   1.3350000e+03
   2.4009617e-01   1.3500000e+03
   2.4102940e-01   1.3650000e+03
   2.4005921e-01   1.3800000e+03
   2.3735312e-01   1.3950000e+03
   2.3304313e-01   1.4100000e+03
   2.2717746e-01   1.4250000e+03
   2.1979669e-01   1.4400000e+03
   2.1107392e-01   1.4550000e+03
   2.0136757e-01   1.4700000e+03
   1.9110513e-01   1.4850000e+03
   1.8060783e-01   1.5000000e+03
   1.7004693e-01   1.5150000e+03
   1.5955853e-01   1.5300000e+03
   1.4934003e-01   1.5450000e+03
   1.3958937e-01   1.5600000e+03
   1.3037705e-01   1.5750000e+03
   1.2162861e-01   1.5900000e+03
   1.1322810e-01   1.6050000e+03
   1.0509499e-01   1.6200000e+03
   9.7165734e-02   1.6350000e+03
   8.9371182e-02   1.6500000e+03
   8.1678964e-02   1.6650000e+03
   7.4125558e-02   1.6800000e+03
   6.6761039e-02   1.6950000e+03
   5.9574898e-02   1.7100000e+03
   5.2510034e-02   1.7250000e+03
   4.5539036e-02   1.7400000e+03
   3.8694303e-02   1.7550000e+03
   3.2030571e-02   1.7700000e+03
   2.5590945e-02   1.7850000e+03
   1.9410305e-02   1.8000000e+03
   1.3521283e-02   1.8150000e+03
   7.9443976e-03   1.8300000e+03
   2.6859946e-03   1.8450000e+03
  -2.2486630e-03   1.8600000e+03
  -6.8509560e-03   1.8750000e+03
  -1.1120942e-02   1.8900000e+03
  -1.5075814e-02   1.9050000e+03
  -1.8743047e-02   1.9200000e+03
  -2.2148013e-02   1.9350000e+03
  -2.5306128e-02   1.9500000e+03
  -2.8220057e-02   1.9650000e+03
  -3.0882038e-02   1.9800000e+03
  -3.3283383e-02   1.9950000e+03
  -3.5429411e-02   2.0100000e+03
  -3.7353948e-02   2.0250000e+03
  -3.9126296e-02   2.0400000e+03
  -4.0842827e-02   2.0550000e+03
  -4.2600568e-02   2.0700000e+03
  -4.4462688e-02   2.0850000e+03
  -4.6436924e-02   2.1000000e+03
  -4.8484828e-02   2.1150000e+03
  -5.0561808e-02   2.1300000e+03
  -5.2663758e-02   2.1450000e+03
  -5.4843869e-02   2.1600000e+03
  -5.7182219e-02   2.1750000e+03
  -5.9731681e-02   2.1900000e+03
  -6.2486410e-02   2.2050000e+03
  -6.5396465e-02   2.2200000e+03
  -6.8408571e-02   2.2350000e+03
  -7.1493685e-02   2.2500000e+03
  -7.4640058e-02   2.2650000e+03
  -7.7822596e-02   2.2800000e+03
  -8.0978297e-02   2.2950000e+03
  -8.4011793e-02   2.3100000e+03
  -8.6828120e-02   2.3250000e+03
  -8.9363813e-02   2.3400000e+03
  -9.1587804e-02   2.3550000e+03
  -9.3475766e-02   2.3700000e+03
  -9.4991639e-02   2.3850000e+03
  -9.6100330e-02   2.4000000e+03
  -9.6795030e-02   2.4150000e+03
  -9.7101361e-02   2.4300000e+03
  -9.7048059e-02   2.4450000e+03
  -9.6636377e-02   2.4600000e+03
  -9.5842034e-02   2.4750000e+03
  -9.4644047e-02   2.4900000e+03
  -9.3045376e-02   2.5050000e+03
  -9.1066964e-02   2.5200000e+03
  -8.8732094e-02   2.5350000e+03
  -8.6064629e-02   2.5500000e+03
  -8.3100766e-02   2.5650000e+03
  -7.9894841e-02   2.5800000e+03
  -7.6508977e-02   2.5950000e+03
  -7.2997607e-02   2.6100000e+03
  -6.9402941e-02   2.6250000e+03
  -6.5763742e-02   2.6400000e+03
  -6.2126011e-02   2.6550000e+03
  -5.8544438e-02   2.6700000e+03
  -5.5073518e-02   2.6850000e+03
  -5.1754985e-02   2.7000000e+03
  -4.8610181e-02   2.7150000e+03
  -4.5643058e-02   2.7300000e+03
  -4.2852566e-02   2.7450000e+03
  -4.0243670e-02   2.7600000e+03
  -3.7824493e-02   2.7750000e+03
  -3.5590641e-02   2.7900000e+03
  -3.3514120e-02   2.8050000e+03
  -3.1550623e-02   2.8200000e+03
  -2.9656975e-02   2.8350000e+03
  -2.7798958e-02   2.8500000e+03
  -2.5945077e-02   2.8650000e+03
  -2.4061862e-02   2.8800000e+03
  -2.2122271e-02   2.8950000e+03
  -2.0118657e-02   2.9100000e+03
  -1.8064778e-02   2.9250000e+03
  -1.5984451e-02   2.9400000e+03
  -1.3897322e-02   2.9550000e+03
  -1.1811464e-02   2.9700000e+03
  -9.7247781e-03   2.9850000e+03
  -7.6312833e-03   3.0000000e+03
  -5.5262977e-03   3.0150000e+03
  -3.4069256e-03   3.0300000e+03
  -1.2707815e-03   3.0450000e+03
   8.8176969e-04   3.0600000e+03
   3.0426742e-03   3.0750000e+03
   5.1953504e-03   3.0900000e+03
   7.3209009e-03   3.1050000e+03
   9.4061606e-03   3.1200000e+03
   1.1446705e-02   3.1350000e+03
   1.3442646e-02   3.1500000e+03
   1.5389324e-02   3.1650000e+03
   1.7267946e-02   3.1800000e+03
   1.9043485e-02   3.1950000e+03
   2.0673737e-02   3.2100000e+03
   2.2124190e-02   3.2250000e+03
   2.3377728e-02   3.2400000e+03
   2.4433188e-02   3.2550000e+03
   2.5296371e-02   3.2700000e+03
   2.5970850e-02   3.2850000e+03
   2.6453063e-02   3.3000000e+03
   2.6731957e-02   3.3150000e+03
   2.6792150e-02   3.3300000e+03
   2.6619941e-02   3.3450000e+03
   2.6210688e-02   3.3600000e+03
   2.5574591e-02   3.3750000e+03
   2.4737801e-02   3.3900000e+03
   2.3738697e-02   3.4050000e+03
   2.2621933e-02   3.4200000e+03
   2.1432839e-02   3.4350000e+03
   2.0213246e-02   3.4500000e+03
   1.8999251e-02   3.4650000e+03
   1.7820189e-02   3.4800000e+03
   1.6696794e-02   3.4950000e+03
   1.5638024e-02   3.5100000e+03
   1.4640142e-02   3.5250000e+03
   1.3691630e-02   3.5400000e+03
   1.2781250e-02   3.5550000e+03
   1.1901761e-02   3.5700000e+03
   1.1046025e-02   3.5850000e+03
   1.0200626e-02   3.6000000e+03
   9.3445331e-03   3.6150000e+03
   8.4547615e-03   3.6300000e+03
   7.5144577e-03   3.6450000e+03
   6.5172734e-03   3.6600000e+03
   5.4649957e-03   3.6750000e+03
   4.3602735e-03   3.6900000e+03
   3.2002504e-03   3.7050000e+03
   1.9764747e-03   3.7200000e+03
   6.8078295e-04   3.7350000e+03
  -6.8920571e-04   3.7500000e+03
  -2.1307021e-03   3.7650000e+03
  -3.6410941e-03   3.7800000e+03
  -5.2215578e-03   3.7950000e+03
  -6.8749478e-03   3.8100000e+03
  -8.6003831e-03   3.8250000e+03
  -1.0389701e-02   3.8400000e+03
  -1.2228336e-02   3.8550000e+03
  -1.4099070e-02   3.8700000e+03
  -1.5985459e-02   3.8850000e+03
  -1.7873157e-02   3.9000000e+03
  -1.9749621e-02   3.9150000e+03
  -2.1604018e-02   3.9300000e+03
  -2.3428407e-02   3.9450000e+03
  -2.5219295e-02   3.9600000e+03
  -2.6977688e-02   3.9750000e+03
  -2.8706759e-02   3.9900000e+03
  -3.0408623e-02   4.0050000e+03
  -3.2082334e-02   4.0200000e+03
  -3.3724092e-02   4.0350000e+03
  -3.5329103e-02   4.0500000e+03
  -3.6893602e-02   4.0650000e+03
  -3.8415466e-02   4.0800000e+03
  -3.9892446e-02   4.0950000e+03
  -4.1318651e-02   4.1100000e+03
  -4.2682294e-02   4.1250000e+03
  -4.3967277e-02   4.1400000e+03
  -4.5158006e-02   4.1550000e+03
  -4.6243362e-02   4.1700000e+03
  -4.7216639e-02   4.1850000e+03
  -4.8072450e-02   4.2000000e+03
  -4.8804227e-02   4.2150000e+03
  -4.9404427e-02   4.2300000e+03
  -4.9866118e-02   4.2450000e+03
  -5.0183583e-02   4.2600000e+03
  -5.0351638e-02   4.2750000e+03
  -5.0365280e-02   4.2900000e+03
  -5.0220557e-02   4.3050000e+03
  -4.9915496e-02   4.3200000e+03
  -4.9449701e-02   4.3350000e+03
  -4.8823424e-02   4.3500000e+03
  -4.8038360e-02   4.3650000e+03
  -4.7100894e-02   4.3800000e+03
  -4.6025354e-02   4.3950000e+03
  -4.4834279e-02   4.4100000e+03
  -4.3555468e-02   4.4250000e+03
  -4.2218201e-02   4.4400000e+03
  -4.0850647e-02   4.4550000e+03
  -3.9478220e-02   4.4700000e+03
  -3.8121928e-02   4.4850000e+03
  -3.6797069e-02   4.5000000e+03
