  -6.9322963e-03   0.0000000e+00
  -6.9322605e-03   1.5000000e+01
  -6.9321832e-03   3.0000000e+01
  -6.9324779e-03   4.5000000e+01
  -6.9344379e-03   6.0000000e+01
  -6.9392091e-03   7.5000000e+01
  -6.9460939e-03   9.0000000e+01
  -6.9532297e-03   1.0500000e+02
  -6.9596870e-03   1.2000000e+02
  -6.9667427e-03   1.3500000e+02
  -6.9770846e-03   1.5000000e+02
  -6.9919908e-03   1.6500000e+02
  -7.0106895e-03   1.8000000e+02
  -7.0330743e-03   1.9500000e+02
  -7.0607071e-03   2.1000000e+02
  -7.0948461e-03   2.2500000e+02
  -7.1344674e-03   2.4000000e+02
  -7.1760146e-03   2.5500000e+02
  -7.2158701e-03   2.7000000e+02
  -7.2528408e-03   2.8500000e+02
  -7.2871489e-03   3.0000000e+02
  -7.3190224e-03   3.1500000e+02
  -7.3497044e-03   3.3000000e+02
  -7.3818550e-03   3.4500000e+02
  -7.4181198e-03   3.6000000e+02
  -7.4602575e-03   3.7500000e+02
  -7.5089564e-03   3.9000000e+02
  -7.5636134e-03   4.0500000e+02
  -7.6234960e-03   4.2000000e+02
  -7.6890364e-03   4.3500000e+02
  -7.7601345e-03   4.5000000e+02
  -7.8342650e-03   4.6500000e+02
  -7.9087792e-03   4.8000000e+02
  -7.9842778e-03   4.9500000e+02
  -8.0634905e-03   5.1000000e+02
  -8.1470693e-03   5.2500000e+02
  -8.2336636e-03   5.4000000e+02
  -8.3256196e-03   5.5500000e+02
  -8.4299939e-03   5.7000000e+02
  -8.5500153e-03   5.8500000e+02
  -8.6808214e-03   6.0000000e+02
  -8.8180471e-03   6.1500000e+02
  -8.9635393e-03   6.3000000e+02
  -9.1178231e-03   6.4500000e+02
  -9.2774080e-03   6.6000000e+02
  -9.4455928e-03   6.7500000e+02
  -9.6333390e-03   6.9000000e+02
  -9.8443106e-03   7.0500000e+02
  -1.0071795e-02   7.2000000e+02
  -1.0310127e-02   7.3500000e+02
  -1.0557688e-02   7.5000000e+02
  -1.0814717e-02   7.6500000e+02
  -1.1085370e-02   7.8000000e+02
  -1.1375041e-02   7.9500000e+02
  -1.1687114e-02   8.1000000e+02
  -1.2025837e-02   8.2500000e+02
  -1.2394430e-02   8.4000000e+02
  -1.2792587e-02   8.5500000e+02
  -1.3222178e-02   8.7000000e+02
  -1.3686604e-02   8.8500000e+02
  -1.4185051e-02   9.0000000e+02
  -1.4718469e-02   9.1500000e+02
  -1.5293022e-02   9.3000000e+02
  -1.5906492e-02   9.4500000e+02
  -1.6532697e-02   9.6000000e+02
  -1.7104793e-02   9.7500000e+02
  -1.7474601e-02   9.9000000e+02
  -1.7328436e-02   1.0050000e+03
  -1.6030127e-02   1.0200000e+03
  -1.2337252e-02   1.0350000e+03
  -3.9531956e-03   1.0500000e+03
   1.3001607e-02   1.0650000e+03
   4.4245169e-02   1.0800000e+03
   9.6589893e-02   1.0950000e+03
   1.7526084e-01   1.1100000e+03
   2.7883887e-01   1.1250000e+03
   3.9316878e-01   1.1400000e+03
   4.8830685e-01   1.1550000e+03
   5.2414691e-01   1.1700000e+03
   4.6746713e-01   1.1850000e+03
   3.1457636e-01   1.2000000e+03
   1.0436827e-01   1.2150000e+03
  -9.3404830e-02   1.2300000e+03
  -2.1413425e-01   1.2450000e+03
  -2.3573831e-01   1.2600000e+03
  -1.8770677e-01   1.2750000e+03
  -1.2399406e-01   1.2900000e+03
  -8.4923446e-02   1.3050000e+03
  -8.1135780e-02   1.3200000e+03
  -1.0447553e-01   1.3350000e+03
  -1.4149547e-01   1.3500000e+03
  -1.7323427e-01   1.3650000e+03
  -1.7519838e-01   1.3800000e+03
  -1.3385707e-01   1.3950000e+03
  -6.3800588e-02   1.4100000e+03
   2.5503982e-03   1.4250000e+03
   4.4701476e-02   1.4400000e+03
   6.4695358e-02   1.4550000e+03
   6.8379007e-02   1.4700000e+03
   5.2068558e-02   1.4850000e+03
   1.6098442e-02   1.5000000e+03
  -2.2344714e-02   1.5150000e+03
  -4.3944672e-02   1.5300000e+03
  -4.6993762e-02   1.5450000e+03
  -3.9963063e-02   1.5600000e+03
  -2.2410640e-02   1.5750000e+03
   1.0708610e-02   1.5900000e+03
   4.9051758e-02   1.6050000e+03
   6.7442782e-02   1.6200000e+03
   4.9873516e-02   1.6350000e+03
   5.0224578e-03   1.6500000e+03
  -4.1852057e-02   1.6650000e+03
  -6.5894328e-02   1.6800000e+03
  -5.5472739e-02   1.6950000e+03
  -1.9502664e-02   1.7100000e+03
   1.5972491e-02   1.7250000e+03
   2.6284426e-02   1.7400000e+03
   8.0512101e-03   1.7550000e+03
  -1.9919978e-02   1.7700000e+03
  -3.5186332e-02   1.7850000e+03
  -3.0201923e-02   1.8000000e+03
  -1.5002617e-02   1.8150000e+03
  -5.1527466e-03   1.8300000e+03
  -7.3131993e-03   1.8450000e+03
  -1.4748279e-02   1.8600000e+03
  -1.5644049e-02   1.8750000e+03
  -4.8406455e-03   1.8900000e+03
   1.3103466e-02   1.9050000e+03
   3.0541740e-02   1.9200000e+03
   4.3311413e-02   1.9350000e+03
   5.0820936e-02   1.9500000e+03
   5.3500481e-02   1.9650000e+03
   5.2581463e-02   1.9800000e+03
   5.0100610e-02   1.9950000e+03
   4.6273388e-02   2.0100000e+03
   3.8335219e-02   2.0250000e+03
   2.5124712e-02   2.0400000e+03
   1.1875278e-02   2.0550000e+03
   6.5364987e-03   2.0700000e+03
   1.0685564e-02   2.0850000e+03
   1.7461620e-02   2.1000000e+03
   1.9881196e-02   2.1150000e+03
   1.8099260e-02   2.1300000e+03
   1.6332461e-02   2.1450000e+03
   1.5726054e-02   2.1600000e+03
   1.4199153e-02   2.1750000e+03
   1.1877412e-02   2.1900000e+03
   1.1986703e-02   2.2050000e+03
   1.5705839e-02   2.2200000e+03
   2.0092284e-02   2.2350000e+03
   2.2664620e-02   2.2500000e+03
   2.4273461e-02   2.2650000e+03
   2.4611734e-02   2.2800000e+03
   1.8141387e-02   2.2950000e+03
  -8.4018055e-04   2.3100000e+03
  -2.9656459e-02   2.3250000e+03
  -5.7307459e-02   2.3400000e+03
  -7.3103972e-02   2.3550000e+03
  -7.2859265e-02   2.3700000e+03
  -5.8010254e-02   2.3850000e+03
  -3.3739839e-02   2.4000000e+03
  -9.3382290e-03   2.4150000e+03
   4.6012849e-03   2.4300000e+03
   4.2761415e-03   2.4450000e+03
  -2.7663016e-03   2.4600000e+03
  -4.5283865e-03   2.4750000e+03
   3.5459748e-03   2.4900000e+03
   1.5418895e-02   2.5050000e+03
   2.2564797e-02   2.5200000e+03
   2.1884393e-02   2.5350000e+03
   1.4652422e-02   2.5500000e+03
   1.5746143e-03   2.5650000e+03
  -1.6855394e-02   2.5800000e+03
  -3.5722803e-02   2.5950000e+03
  -4.5502499e-02   2.6100000e+03
  -3.8932607e-02   2.6250000e+03
  -1.7613467e-02   2.6400000e+03
   8.7850932e-03   2.6550000e+03
   2.9184924e-02   2.6700000e+03
   3.6952078e-02   2.6850000e+03
   3.1363878e-02   2.7000000e+03
   1.6477661e-02   2.7150000e+03
  -2.2439326e-05   2.7300000e+03
  -8.7726358e-03   2.7450000e+03
  -3.4639137e-03   2.7600000e+03
   1.3929067e-02   2.7750000e+03
   3.3669107e-02   2.7900000e+03
   4.6195064e-02   2.8050000e+03
   4.9519893e-02   2.8200000e+03
   4.7224466e-02   2.8350000e+03
   3.9888542e-02   2.8500000e+03
   2.2108372e-02   2.8650000e+03
  -9.6572256e-03   2.8800000e+03
  -4.7920272e-02   2.8950000e+03
  -7.6034643e-02   2.9100000e+03
  -8.0602445e-02   2.9250000e+03
  -6.1781831e-02   2.9400000e+03
  -3.1653922e-02   2.9550000e+03
  -3.7536346e-03   2.9700000e+03
   1.5360652e-02   2.9850000e+03
   2.6156617e-02   3.0000000e+03
   3.0976757e-02   3.0150000e+03
   3.0345846e-02   3.0300000e+03
   2.3174573e-02   3.0450000e+03
   8.7952567e-03   3.0600000e+03
  -1.1196885e-02   3.0750000e+03
  -3.1962249e-02   3.0900000e+03
  -4.6526462e-02   3.1050000e+03
  -4.9748316e-02   3.1200000e+03
  -4.2217612e-02   3.1350000e+03
  -2.9449414e-02   3.1500000e+03
  -1.6647173e-02   3.1650000e+03
  -5.0592739e-03   3.1800000e+03
   6.1447057e-03   3.1950000e+03
   1.5928196e-02   3.2100000e+03
   2.0895708e-02   3.2250000e+03
   1.8312626e-02   3.2400000e+03
   8.4744291e-03   3.2550000e+03
  -5.5295327e-03   3.2700000e+03
  -1.9270597e-02   3.2850000e+03
  -2.8711541e-02   3.3000000e+03
  -3.2248460e-02   3.3150000e+03
  -3.1430334e-02   3.3300000e+03
  -2.8476695e-02   3.3450000e+03
  -2.2939991e-02   3.3600000e+03
  -1.2500441e-02   3.3750000e+03
   2.1174634e-03   3.3900000e+03
   1.4785726e-02   3.4050000e+03
   1.8589053e-02   3.4200000e+03
   1.2518782e-02   3.4350000e+03
   2.0978814e-03   3.4500000e+03
  -6.4321626e-03   3.4650000e+03
  -1.0873011e-02   3.4800000e+03
  -1.1983848e-02   3.4950000e+03
  -1.0057646e-02   3.5100000e+03
  -4.5350259e-03   3.5250000e+03
   3.7692527e-03   3.5400000e+03
   1.2052675e-02   3.5550000e+03
   1.7638359e-02   3.5700000e+03
   1.9831846e-02   3.5850000e+03
   1.9410370e-02   3.6000000e+03
   1.6963024e-02   3.6150000e+03
   1.2017288e-02   3.6300000e+03
   3.3541021e-03   3.6450000e+03
  -9.7737769e-03   3.6600000e+03
  -2.5862550e-02   3.6750000e+03
  -4.0245589e-02   3.6900000e+03
  -4.6943720e-02   3.7050000e+03
  -4.2648010e-02   3.7200000e+03
  -2.9145868e-02   3.7350000e+03
  -1.1639431e-02   3.7500000e+03
   4.9768728e-03   3.7650000e+03
   1.7810330e-02   3.7800000e+03
   2.4853697e-02   3.7950000e+03
   2.4058973e-02   3.8100000e+03
   1.4685901e-02   3.8250000e+03
  -7.9776900e-04   3.8400000e+03
  -1.7044531e-02   3.8550000e+03
  -2.8330266e-02   3.8700000e+03
  -3.0838884e-02   3.8850000e+03
  -2.3449622e-02   3.9000000e+03
  -7.8981863e-03   3.9150000e+03
   1.1034043e-02   3.9300000e+03
   2.6374148e-02   3.9450000e+03
   3.1832900e-02   3.9600000e+03
   2.5361130e-02   3.9750000e+03
   1.0611618e-02   3.9900000e+03
  -5.0040712e-03   4.0050000e+03
  -1.4287454e-02   4.0200000e+03
  -1.3715153e-02   4.0350000e+03
  -4.7053644e-03   4.0500000e+03
   7.5467085e-03   4.0650000e+03
   1.6875150e-02   4.0800000e+03
   1.9203080e-02   4.0950000e+03
   1.4295263e-02   4.1100000e+03
   5.2656089e-03   4.1250000e+03
  -3.7051518e-03   4.1400000e+03
  -9.7132446e-03   4.1550000e+03
  -1.1813294e-02   4.1700000e+03
  -9.8750964e-03   4.1850000e+03
  -3.3151356e-03   4.2000000e+03
   8.4141009e-03   4.2150000e+03
   2.3752956e-02   4.2300000e+03
   3.7805963e-02   4.2450000e+03
   4.4078477e-02   4.2600000e+03
   3.8426965e-02   4.2750000e+03
   2.2111190e-02   4.2900000e+03
   1.5314345e-03   4.3050000e+03
  -1.5027826e-02   4.3200000e+03
  -2.1464543e-02   4.3350000e+03
  -1.6686764e-02   4.3500000e+03
  -5.0655981e-03   4.3650000e+03
   5.8598658e-03   4.3800000e+03
   9.6673416e-03   4.3950000e+03
   4.9650101e-03   4.4100000e+03
  -3.9250767e-03   4.4250000e+03
  -1.0391784e-02   4.4400000e+03
  -1.0653117e-02   4.4550000e+03
  -6.5257098e-03   4.4700000e+03
  -3.5729879e-03   4.4850000e+03
  -6.1853924e-03   4.5000000e+03
