  -1.0125617e-03   0.0000000e+00
  -1.0126201e-03   1.5000000e+01
  -1.0127503e-03   3.0000000e+01
  -1.0128781e-03   4.5000000e+01
  -1.0129913e-03   6.0000000e+01
  -1.0130751e-03   7.5000000e+01
  -1.0131184e-03   9.0000000e+01
  -1.0132001e-03   1.0500000e+02
  -1.0133978e-03   1.2000000e+02
  -1.0136487e-03   1.3500000e+02
  -1.0138637e-03   1.5000000e+02
  -1.0140392e-03   1.6500000e+02
  -1.0141775e-03   1.8000000e+02
  -1.0142348e-03   1.9500000e+02
  -1.0141982e-03   2.1000000e+02
  -1.0141309e-03   2.2500000e+02
  -1.0141267e-03   2.4000000e+02
  -1.0142510e-03   2.5500000e+02
  -1.0144931e-03   2.7000000e+02
  -1.0147699e-03   2.8500000e+02
  -1.0149999e-03   3.0000000e+02
  -1.0151567e-03   3.1500000e+02
  -1.0152610e-03   3.3000000e+02
  -1.0153448e-03   3.4500000e+02
  -1.0154449e-03   3.6000000e+02
  -1.0156024e-03   3.7500000e+02
  -1.0158155e-03   3.9000000e+02
  -1.0160520e-03   4.0500000e+02
  -1.0163013e-03   4.2000000e+02
  -1.0164480e-03   4.3500000e+02
  -1.0160138e-03   4.5000000e+02
  -1.0138511e-03   4.6500000e+02
  -1.0075769e-03   4.8000000e+02
  -9.9272851e-04   4.9500000e+02
  -9.6255500e-04   5.1000000e+02
  -9.1009797e-04   5.2500000e+02
  -8.3346519e-04   5.4000000e+02
  -7.4246293e-04   5.5500000e+02
  -6.6115957e-04   5.7000000e+02
  -6.1977055e-04   5.8500000e+02
  -6.3533732e-04   6.0000000e+02
  -6.9340947e-04   6.1500000e+02
  -7.5039855e-04   6.3000000e+02
  -7.6336501e-04   6.4500000e+02
  -7.2533777e-04   6.6000000e+02
  -6.6964515e-04   6.7500000e+02
  -6.3265499e-04   6.9000000e+02
  -6.1235623e-04   7.0500000e+02
  -5.7228829e-04   7.2000000e+02
  -4.8964750e-04   7.3500000e+02
  -3.8920026e-04   7.5000000e+02
  -3.1938902e-04   7.6500000e+02
  -3.0205038e-04   7.8000000e+02
  -3.2070279e-04   7.9500000e+02
  -3.5461440e-04   8.1000000e+02
  -4.0095678e-04   8.2500000e+02
  -4.5457960e-04   8.4000000e+02
  -4.9008057e-04   8.5500000e+02
  -4.8851484e-04   8.7000000e+02
  -4.7051586e-04   8.8500000e+02
  -4.7587324e-04   9.0000000e+02
  -5.1304908e-04   9.1500000e+02
  -5.5401877e-04   9.3000000e+02
  -5.7780213e-04   9.4500000e+02
  -5.9078366e-04   9.6000000e+02
  -6.0110283e-04   9.7500000e+02
  -6.0392270e-04   9.9000000e+02
  -6.0152396e-04   1.0050000e+03
  -6.0966192e-04   1.0200000e+03
  -6.3165632e-04   1.0350000e+03
  -6.4990571e-04   1.0500000e+03
  -6.5380026e-04   1.0650000e+03
  -6.5488159e-04   1.0800000e+03
  -6.6556479e-04   1.0950000e+03
  -6.8178080e-04   1.1100000e+03
  -6.9431408e-04   1.1250000e+03
  -7.0204138e-04   1.1400000e+03
  -7.0754398e-04   1.1550000e+03
  -7.1047526e-04   1.1700000e+03
  -7.1029132e-04   1.1850000e+03
  -7.0936896e-04   1.2000000e+03
  -7.1056659e-04   1.2150000e+03
  -7.1535091e-04   1.2300000e+03
  -7.2595663e-04   1.2450000e+03
  -7.4614229e-04   1.2600000e+03
  -7.7649322e-04   1.2750000e+03
  -8.1012829e-04   1.2900000e+03
  -8.3630753e-04   1.3050000e+03
  -8.4839674e-04   1.3200000e+03
  -8.4760657e-04   1.3350000e+03
  -8.4219634e-04   1.3500000e+03
  -8.4464398e-04   1.3650000e+03
  -8.6349266e-04   1.3800000e+03
  -8.9307030e-04   1.3950000e+03
  -9.1624842e-04   1.4100000e+03
  -9.2276599e-04   1.4250000e+03
  -9.2117436e-04   1.4400000e+03
  -9.2843140e-04   1.4550000e+03
  -9.5100328e-04   1.4700000e+03
  -9.7980059e-04   1.4850000e+03
  -1.0011935e-03   1.5000000e+03
  -1.0104260e-03   1.5150000e+03
  -1.0152318e-03   1.5300000e+03
  -1.0269546e-03   1.5450000e+03
  -1.0479394e-03   1.5600000e+03
  -1.0694681e-03   1.5750000e+03
  -1.0833612e-03   1.5900000e+03
  -1.0924946e-03   1.6050000e+03
  -1.1060638e-03   1.6200000e+03
  -1.1264390e-03   1.6350000e+03
  -1.1462744e-03   1.6500000e+03
  -1.1595252e-03   1.6650000e+03
  -1.1697111e-03   1.6800000e+03
  -1.1835805e-03   1.6950000e+03
  -1.2008148e-03   1.7100000e+03
  -1.2157822e-03   1.7250000e+03
  -1.2274674e-03   1.7400000e+03
  -1.2409603e-03   1.7550000e+03
  -1.2587795e-03   1.7700000e+03
  -1.2769784e-03   1.7850000e+03
  -1.2918127e-03   1.8000000e+03
  -1.3051514e-03   1.8150000e+03
  -1.3205439e-03   1.8300000e+03
  -1.3378027e-03   1.8450000e+03
  -1.3545579e-03   1.8600000e+03
  -1.3705015e-03   1.8750000e+03
  -1.3870539e-03   1.8900000e+03
  -1.4044063e-03   1.9050000e+03
  -1.4214986e-03   1.9200000e+03
  -1.4381355e-03   1.9350000e+03
  -1.4551923e-03   1.9500000e+03
  -1.4731468e-03   1.9650000e+03
  -1.4917821e-03   1.9800000e+03
  -1.5109526e-03   1.9950000e+03
  -1.5304808e-03   2.0100000e+03
  -1.5496631e-03   2.0250000e+03
  -1.5679882e-03   2.0400000e+03
  -1.5861043e-03   2.0550000e+03
  -1.6052235e-03   2.0700000e+03
  -1.6259050e-03   2.0850000e+03
  -1.6481298e-03   2.1000000e+03
  -1.6720103e-03   2.1150000e+03
  -1.6975849e-03   2.1300000e+03
  -1.7243001e-03   2.1450000e+03
  -1.7514556e-03   2.1600000e+03
  -1.7789536e-03   2.1750000e+03
  -1.8070865e-03   2.1900000e+03
  -1.8358781e-03   2.2050000e+03
  -1.8652049e-03   2.2200000e+03
  -1.8953799e-03   2.2350000e+03
  -1.9269891e-03   2.2500000e+03
  -1.9601092e-03   2.2650000e+03
  -1.9941702e-03   2.2800000e+03
  -2.0287163e-03   2.2950000e+03
  -2.0638972e-03   2.3100000e+03
  -2.1000938e-03   2.3250000e+03
  -2.1374410e-03   2.3400000e+03
  -2.1758922e-03   2.3550000e+03
  -2.2155195e-03   2.3700000e+03
  -2.2565983e-03   2.3850000e+03
  -2.2994583e-03   2.4000000e+03
  -2.3443394e-03   2.4150000e+03
  -2.3914459e-03   2.4300000e+03
  -2.4411497e-03   2.4450000e+03
  -2.4939706e-03   2.4600000e+03
  -2.5502304e-03   2.4750000e+03
  -2.6097319e-03   2.4900000e+03
  -2.6718648e-03   2.5050000e+03
  -2.7360385e-03   2.5200000e+03
  -2.8020057e-03   2.5350000e+03
  -2.8698354e-03   2.5500000e+03
  -2.9397660e-03   2.5650000e+03
  -3.0121629e-03   2.5800000e+03
  -3.0875690e-03   2.5950000e+03
  -3.1666253e-03   2.6100000e+03
  -3.2497731e-03   2.6250000e+03
  -3.3370350e-03   2.6400000e+03
  -3.4281693e-03   2.6550000e+03
  -3.5230361e-03   2.6700000e+03
  -3.6217987e-03   2.6850000e+03
  -3.7248384e-03   2.7000000e+03
  -3.8325605e-03   2.7150000e+03
  -3.9452547e-03   2.7300000e+03
  -4.0630531e-03   2.7450000e+03
  -4.1860682e-03   2.7600000e+03
  -4.3147327e-03   2.7750000e+03
  -4.4501550e-03   2.7900000e+03
  -4.5941267e-03   2.8050000e+03
  -4.7486611e-03   2.8200000e+03
  -4.9154316e-03   2.8350000e+03
  -5.0955964e-03   2.8500000e+03
  -5.2898582e-03   2.8650000e+03
  -5.4983608e-03   2.8800000e+03
  -5.7203537e-03   2.8950000e+03
  -5.9540691e-03   2.9100000e+03
  -6.1970088e-03   2.9250000e+03
  -6.4458880e-03   2.9400000e+03
  -6.6950433e-03   2.9550000e+03
  -6.9324654e-03   2.9700000e+03
  -7.1330615e-03   2.9850000e+03
  -7.2485525e-03   3.0000000e+03
  -7.1928049e-03   3.0150000e+03
  -6.8217944e-03   3.0300000e+03
  -5.9091281e-03   3.0450000e+03
  -4.1213934e-03   3.0600000e+03
  -1.0020392e-03   3.0750000e+03
   4.0223883e-03   3.0900000e+03
   1.1595025e-02   3.1050000e+03
   2.2320375e-02   3.1200000e+03
   3.6582060e-02   3.1350000e+03
   5.4295532e-02   3.1500000e+03
   7.4642308e-02   3.1650000e+03
   9.5876873e-02   3.1800000e+03
   1.1532809e-01   3.1950000e+03
   1.2970716e-01   3.2100000e+03
   1.3576111e-01   3.2250000e+03
   1.3117690e-01   3.2400000e+03
   1.1548226e-01   3.2550000e+03
   9.0582125e-02   3.2700000e+03
   6.0597673e-02   3.2850000e+03
   3.0887062e-02   3.3000000e+03
   6.4776512e-03   3.3150000e+03
  -9.5224045e-03   3.3300000e+03
  -1.6839981e-02   3.3450000e+03
  -1.7809860e-02   3.3600000e+03
  -1.6058335e-02   3.3750000e+03
  -1.4725442e-02   3.3900000e+03
  -1.5137946e-02   3.4050000e+03
  -1.6623080e-02   3.4200000e+03
  -1.7504005e-02   3.4350000e+03
  -1.6612662e-02   3.4500000e+03
  -1.4341008e-02   3.4650000e+03
  -1.2549893e-02   3.4800000e+03
  -1.3392579e-02   3.4950000e+03
  -1.7813405e-02   3.5100000e+03
  -2.4692805e-02   3.5250000e+03
  -3.1195605e-02   3.5400000e+03
  -3.4123491e-02   3.5550000e+03
  -3.1473577e-02   3.5700000e+03
  -2.3337152e-02   3.5850000e+03
  -1.1739995e-02   3.6000000e+03
   3.2323741e-04   3.6150000e+03
   1.0020717e-02   3.6300000e+03
   1.5437225e-02   3.6450000e+03
   1.5826158e-02   3.6600000e+03
   1.1589685e-02   3.6750000e+03
   4.2209672e-03   3.6900000e+03
  -3.8347405e-03   3.7050000e+03
  -9.6593108e-03   3.7200000e+03
  -1.0815901e-02   3.7350000e+03
  -6.5023112e-03   3.7500000e+03
   1.7292984e-03   3.7650000e+03
   1.0295345e-02   3.7800000e+03
   1.5079783e-02   3.7950000e+03
   1.3532439e-02   3.8100000e+03
   6.2436569e-03   3.8250000e+03
  -3.0914701e-03   3.8400000e+03
  -9.6007269e-03   3.8550000e+03
  -1.0103065e-02   3.8700000e+03
  -5.1565482e-03   3.8850000e+03
   1.1041899e-03   3.9000000e+03
   3.2937594e-03   3.9150000e+03
  -2.2215487e-03   3.9300000e+03
  -1.5467555e-02   3.9450000e+03
  -3.3077791e-02   3.9600000e+03
  -5.0223388e-02   3.9750000e+03
  -6.3108221e-02   3.9900000e+03
  -7.0770174e-02   4.0050000e+03
  -7.5255781e-02   4.0200000e+03
  -7.9902589e-02   4.0350000e+03
  -8.6471342e-02   4.0500000e+03
  -9.2799291e-02   4.0650000e+03
  -9.2701420e-02   4.0800000e+03
  -7.8685328e-02   4.0950000e+03
  -4.6344664e-02   4.1100000e+03
   1.7856121e-03   4.1250000e+03
   5.5013929e-02   4.1400000e+03
   9.7027756e-02   4.1550000e+03
   1.1196960e-01   4.1700000e+03
   9.2343651e-02   4.1850000e+03
   4.5449831e-02   4.2000000e+03
  -5.8416533e-03   4.2150000e+03
  -3.0852653e-02   4.2300000e+03
  -6.0432656e-03   4.2450000e+03
   6.9671415e-02   4.2600000e+03
   1.6878688e-01   4.2750000e+03
   2.4444659e-01   4.2900000e+03
   2.5248715e-01   4.3050000e+03
   1.7506333e-01   4.3200000e+03
   3.2499615e-02   4.3350000e+03
  -1.2356949e-01   4.3500000e+03
  -2.3217820e-01   4.3650000e+03
  -2.4905019e-01   4.3800000e+03
  -1.6513802e-01   4.3950000e+03
  -1.1049004e-02   4.4100000e+03
   1.5350451e-01   4.4250000e+03
   2.6194665e-01   4.4400000e+03
   2.6815820e-01   4.4550000e+03
   1.6871849e-01   4.4700000e+03
   8.2954019e-03   4.4850000e+03
  -1.3892756e-01   4.5000000e+03
