  -1.0768957e-03   0.0000000e+00
  -1.0769550e-03   1.5000000e+01
  -1.0770862e-03   3.0000000e+01
  -1.0772131e-03   4.5000000e+01
  -1.0773299e-03   6.0000000e+01
  -1.0774257e-03   7.5000000e+01
  -1.0774975e-03   9.0000000e+01
  -1.0776304e-03   1.0500000e+02
  -1.0779029e-03   1.2000000e+02
  -1.0782416e-03   1.3500000e+02
  -1.0785442e-03   1.5000000e+02
  -1.0788143e-03   1.6500000e+02
  -1.0790634e-03   1.8000000e+02
  -1.0792471e-03   1.9500000e+02
  -1.0793502e-03   2.1000000e+02
  -1.0794257e-03   2.2500000e+02
  -1.0795542e-03   2.4000000e+02
  -1.0797975e-03   2.5500000e+02
  -1.0801429e-03   2.7000000e+02
  -1.0805139e-03   2.8500000e+02
  -1.0808525e-03   3.0000000e+02
  -1.0811532e-03   3.1500000e+02
  -1.0814405e-03   3.3000000e+02
  -1.0817322e-03   3.4500000e+02
  -1.0820468e-03   3.6000000e+02
  -1.0824205e-03   3.7500000e+02
  -1.0828577e-03   3.9000000e+02
  -1.0833219e-03   4.0500000e+02
  -1.0837944e-03   4.2000000e+02
  -1.0841356e-03   4.3500000e+02
  -1.0838461e-03   4.5000000e+02
  -1.0817489e-03   4.6500000e+02
  -1.0753968e-03   4.8000000e+02
  -1.0601846e-03   4.9500000e+02
  -1.0291344e-03   5.1000000e+02
  -9.7505056e-04   5.2500000e+02
  -8.9598814e-04   5.4000000e+02
  -8.0212794e-04   5.5500000e+02
  -7.1839965e-04   5.7000000e+02
  -6.7608518e-04   5.8500000e+02
  -6.9279352e-04   6.0000000e+02
  -7.5347553e-04   6.1500000e+02
  -8.1287720e-04   6.3000000e+02
  -8.2639989e-04   6.4500000e+02
  -7.8666746e-04   6.6000000e+02
  -7.2798441e-04   6.7500000e+02
  -6.8771094e-04   6.9000000e+02
  -6.6334853e-04   7.0500000e+02
  -6.1679882e-04   7.2000000e+02
  -5.2465877e-04   7.3500000e+02
  -4.1370344e-04   7.5000000e+02
  -3.3591260e-04   7.6500000e+02
  -3.1547711e-04   7.8000000e+02
  -3.3570942e-04   7.9500000e+02
  -3.7409231e-04   8.1000000e+02
  -4.2592347e-04   8.2500000e+02
  -4.8435639e-04   8.4000000e+02
  -5.2236312e-04   8.5500000e+02
  -5.2041741e-04   8.7000000e+02
  -5.0067436e-04   8.8500000e+02
  -5.0561538e-04   9.0000000e+02
  -5.4514268e-04   9.1500000e+02
  -5.9028616e-04   9.3000000e+02
  -6.1803643e-04   9.4500000e+02
  -6.3345017e-04   9.6000000e+02
  -6.4448884e-04   9.7500000e+02
  -6.4697949e-04   9.9000000e+02
  -6.4446899e-04   1.0050000e+03
  -6.5390079e-04   1.0200000e+03
  -6.7849696e-04   1.0350000e+03
  -6.9915171e-04   1.0500000e+03
  -7.0402044e-04   1.0650000e+03
  -7.0517947e-04   1.0800000e+03
  -7.1659277e-04   1.0950000e+03
  -7.3477312e-04   1.1100000e+03
  -7.4955402e-04   1.1250000e+03
  -7.5862760e-04   1.1400000e+03
  -7.6438655e-04   1.1550000e+03
  -7.6706731e-04   1.1700000e+03
  -7.6656532e-04   1.1850000e+03
  -7.6517515e-04   1.2000000e+03
  -7.6560228e-04   1.2150000e+03
  -7.6974399e-04   1.2300000e+03
  -7.8085321e-04   1.2450000e+03
  -8.0343953e-04   1.2600000e+03
  -8.3777885e-04   1.2750000e+03
  -8.7573560e-04   1.2900000e+03
  -9.0513466e-04   1.3050000e+03
  -9.1834791e-04   1.3200000e+03
  -9.1642502e-04   1.3350000e+03
  -9.0875453e-04   1.3500000e+03
  -9.0996752e-04   1.3650000e+03
  -9.3008595e-04   1.3800000e+03
  -9.6248562e-04   1.3950000e+03
  -9.8730414e-04   1.4100000e+03
  -9.9270581e-04   1.4250000e+03
  -9.8864944e-04   1.4400000e+03
  -9.9492422e-04   1.4550000e+03
  -1.0191941e-03   1.4700000e+03
  -1.0507933e-03   1.4850000e+03
  -1.0735424e-03   1.5000000e+03
  -1.0817603e-03   1.5150000e+03
  -1.0846305e-03   1.5300000e+03
  -1.0955996e-03   1.5450000e+03
  -1.1174671e-03   1.5600000e+03
  -1.1399913e-03   1.5750000e+03
  -1.1535417e-03   1.5900000e+03
  -1.1614321e-03   1.6050000e+03
  -1.1744181e-03   1.6200000e+03
  -1.1952785e-03   1.6350000e+03
  -1.2154046e-03   1.6500000e+03
  -1.2277372e-03   1.6650000e+03
  -1.2364915e-03   1.6800000e+03
  -1.2496710e-03   1.6950000e+03
  -1.2668981e-03   1.7100000e+03
  -1.2814626e-03   1.7250000e+03
  -1.2920160e-03   1.7400000e+03
  -1.3043991e-03   1.7550000e+03
  -1.3215349e-03   1.7700000e+03
  -1.3388455e-03   1.7850000e+03
  -1.3519559e-03   1.8000000e+03
  -1.3630022e-03   1.8150000e+03
  -1.3761302e-03   1.8300000e+03
  -1.3912595e-03   1.8450000e+03
  -1.4058748e-03   1.8600000e+03
  -1.4198236e-03   1.8750000e+03
  -1.4347916e-03   1.8900000e+03
  -1.4508420e-03   1.9050000e+03
  -1.4664825e-03   1.9200000e+03
  -1.4812887e-03   1.9350000e+03
  -1.4962167e-03   1.9500000e+03
  -1.5118378e-03   1.9650000e+03
  -1.5279265e-03   1.9800000e+03
  -1.5443313e-03   1.9950000e+03
  -1.5608500e-03   2.0100000e+03
  -1.5766553e-03   2.0250000e+03
  -1.5911413e-03   2.0400000e+03
  -1.6050711e-03   2.0550000e+03
  -1.6198673e-03   2.0700000e+03
  -1.6361546e-03   2.0850000e+03
  -1.6538278e-03   2.1000000e+03
  -1.6729401e-03   2.1150000e+03
  -1.6935213e-03   2.1300000e+03
  -1.7149737e-03   2.1450000e+03
  -1.7365414e-03   2.1600000e+03
  -1.7581475e-03   2.1750000e+03
  -1.7801407e-03   2.1900000e+03
  -1.8025507e-03   2.2050000e+03
  -1.8252585e-03   2.2200000e+03
  -1.8486846e-03   2.2350000e+03
  -1.8735584e-03   2.2500000e+03
  -1.8998887e-03   2.2650000e+03
  -1.9267618e-03   2.2800000e+03
  -1.9533336e-03   2.2950000e+03
  -1.9795604e-03   2.3100000e+03
  -2.0058278e-03   2.3250000e+03
  -2.0322802e-03   2.3400000e+03
  -2.0587370e-03   2.3550000e+03
  -2.0850771e-03   2.3700000e+03
  -2.1115190e-03   2.3850000e+03
  -2.1385455e-03   2.4000000e+03
  -2.1665955e-03   2.4150000e+03
  -2.1958984e-03   2.4300000e+03
  -2.2266491e-03   2.4450000e+03
  -2.2591823e-03   2.4600000e+03
  -2.2937516e-03   2.4750000e+03
  -2.3301002e-03   2.4900000e+03
  -2.3674064e-03   2.5050000e+03
  -2.4047289e-03   2.5200000e+03
  -2.4414833e-03   2.5350000e+03
  -2.4774859e-03   2.5500000e+03
  -2.5126548e-03   2.5650000e+03
  -2.5468462e-03   2.5800000e+03
  -2.5799847e-03   2.5950000e+03
  -2.6121819e-03   2.6100000e+03
  -2.6435426e-03   2.6250000e+03
  -2.6738951e-03   2.6400000e+03
  -2.7028429e-03   2.6550000e+03
  -2.7300608e-03   2.6700000e+03
  -2.7554303e-03   2.6850000e+03
  -2.7787783e-03   2.7000000e+03
  -2.7994777e-03   2.7150000e+03
  -2.8162184e-03   2.7300000e+03
  -2.8271438e-03   2.7450000e+03
  -2.8303501e-03   2.7600000e+03
  -2.8245614e-03   2.7750000e+03
  -2.8095222e-03   2.7900000e+03
  -2.7856829e-03   2.8050000e+03
  -2.7532764e-03   2.8200000e+03
  -2.7114183e-03   2.8350000e+03
  -2.6577015e-03   2.8500000e+03
  -2.5880963e-03   2.8650000e+03
  -2.4967343e-03   2.8800000e+03
  -2.3755175e-03   2.8950000e+03
  -2.2139794e-03   2.9100000e+03
  -1.9995654e-03   2.9250000e+03
  -1.7177833e-03   2.9400000e+03
  -1.3515378e-03   2.9550000e+03
  -8.7950478e-04   2.9700000e+03
  -2.7401416e-04   2.9850000e+03
   5.0117099e-04   3.0000000e+03
   1.4934040e-03   3.0150000e+03
   2.7645817e-03   3.0300000e+03
   4.3955841e-03   3.0450000e+03
   6.4910962e-03   3.0600000e+03
   9.1838110e-03   3.0750000e+03
   1.2637489e-02   3.0900000e+03
   1.7048841e-02   3.1050000e+03
   2.2647342e-02   3.1200000e+03
   2.9689949e-02   3.1350000e+03
   3.8445998e-02   3.1500000e+03
   4.9167760e-02   3.1650000e+03
   6.2044252e-02   3.1800000e+03
   7.7138916e-02   3.1950000e+03
   9.4315223e-02   3.2100000e+03
   1.1315919e-01   3.2250000e+03
   1.3291404e-01   3.2400000e+03
   1.5244883e-01   3.2550000e+03
   1.7028575e-01   3.2700000e+03
   1.8470639e-01   3.2850000e+03
   1.9394378e-01   3.3000000e+03
   1.9644564e-01   3.3150000e+03
   1.9116789e-01   3.3300000e+03
   1.7783500e-01   3.3450000e+03
   1.5709296e-01   3.3600000e+03
   1.3049380e-01   3.3750000e+03
   1.0028820e-01   3.3900000e+03
   6.9059774e-02   3.4050000e+03
   3.9289232e-02   3.4200000e+03
   1.2966109e-02   3.4350000e+03
  -8.6482121e-03   3.4500000e+03
  -2.5056766e-02   3.4650000e+03
  -3.6388680e-02   3.4800000e+03
  -4.3174196e-02   3.4950000e+03
  -4.6139501e-02   3.5100000e+03
  -4.6093769e-02   3.5250000e+03
  -4.3911997e-02   3.5400000e+03
  -4.0553011e-02   3.5550000e+03
  -3.7029892e-02   3.5700000e+03
  -3.4284122e-02   3.5850000e+03
  -3.2985054e-02   3.6000000e+03
  -3.3340067e-02   3.6150000e+03
  -3.5018578e-02   3.6300000e+03
  -3.7251487e-02   3.6450000e+03
  -3.9088119e-02   3.6600000e+03
  -3.9717704e-02   3.6750000e+03
  -3.8730882e-02   3.6900000e+03
  -3.6222912e-02   3.7050000e+03
  -3.2707989e-02   3.7200000e+03
  -2.8888920e-02   3.7350000e+03
  -2.5376737e-02   3.7500000e+03
  -2.2465348e-02   3.7650000e+03
  -2.0040633e-02   3.7800000e+03
  -1.7654298e-02   3.7950000e+03
  -1.4735380e-02   3.8100000e+03
  -1.0861842e-02   3.8250000e+03
  -5.9869136e-03   3.8400000e+03
  -5.2365422e-04   3.8550000e+03
   4.7587892e-03   3.8700000e+03
   8.9958264e-03   3.8850000e+03
   1.1539694e-02   3.9000000e+03
   1.2187032e-02   3.9150000e+03
   1.1220100e-02   3.9300000e+03
   9.2488769e-03   3.9450000e+03
   6.9383164e-03   3.9600000e+03
   4.7543016e-03   3.9750000e+03
   2.8355899e-03   3.9900000e+03
   1.0178629e-03   4.0050000e+03
  -1.0451768e-03   4.0200000e+03
  -3.7502074e-03   4.0350000e+03
  -7.4602375e-03   4.0500000e+03
  -1.2470353e-02   4.0650000e+03
  -1.8988181e-02   4.0800000e+03
  -2.7098635e-02   4.0950000e+03
  -3.6716498e-02   4.1100000e+03
  -4.7557883e-02   4.1250000e+03
  -5.9154384e-02   4.1400000e+03
  -7.0894271e-02   4.1550000e+03
  -8.2038745e-02   4.1700000e+03
  -9.1670997e-02   4.1850000e+03
  -9.8603062e-02   4.2000000e+03
  -1.0135091e-01   4.2150000e+03
  -9.8318487e-02   4.2300000e+03
  -8.8252619e-02   4.2450000e+03
  -7.0860907e-02   4.2600000e+03
  -4.7319453e-02   4.2750000e+03
  -2.0354731e-02   4.2900000e+03
   6.2734811e-03   4.3050000e+03
   2.8783536e-02   4.3200000e+03
   4.4501927e-02   4.3350000e+03
   5.2628193e-02   4.3500000e+03
   5.4282613e-02   4.3650000e+03
   5.1804978e-02   4.3800000e+03
   4.7627248e-02   4.3950000e+03
   4.3253325e-02   4.4100000e+03
   3.8832918e-02   4.4250000e+03
   3.3525269e-02   4.4400000e+03
   2.6446832e-02   4.4550000e+03
   1.7683111e-02   4.4700000e+03
   8.7857842e-03   4.4850000e+03
   2.4177209e-03   4.5000000e+03
