  -1.5626723e-03   1.5000000e+03
  -1.1414813e-03   1.5150000e+03
  -6.0206966e-04   1.5300000e+03
   8.3967825e-05   1.5450000e+03
   9.5545157e-04   1.5600000e+03
   2.0569246e-03   1.5750000e+03
   3.4426388e-03   1.5900000e+03
   5.1856143e-03   1.6050000e+03
   7.3803039e-03   1.6200000e+03
   1.0137696e-02   1.6350000e+03
   1.3582615e-02   1.6500000e+03
   1.7865181e-02   1.6650000e+03
   2.3188351e-02   1.6800000e+03
   2.9836303e-02   1.6950000e+03
   3.8185619e-02   1.7100000e+03
   4.8699200e-02   1.7250000e+03
   6.1914641e-02   1.7400000e+03
   7.8427196e-02   1.7550000e+03
   9.8851793e-02   1.7700000e+03
   1.2375598e-01   1.7850000e+03
   1.5357675e-01   1.8000000e+03
   1.8853177e-01   1.8150000e+03
   2.2849914e-01   1.8300000e+03
   2.7281281e-01   1.8450000e+03
   3.1996104e-01   1.8600000e+03
   3.6727890e-01   1.8750000e+03
   4.1082871e-01   1.8900000e+03
   4.4566807e-01   1.9050000e+03
   4.6657890e-01   1.9200000e+03
   4.6911687e-01   1.9350000e+03
   4.5065868e-01   1.9500000e+03
   4.1109937e-01   1.9650000e+03
   3.5302261e-01   1.9800000e+03
   2.8144351e-01   1.9950000e+03
   2.0338084e-01   2.0100000e+03
   1.2737256e-01   2.0250000e+03
   6.2659770e-02   2.0400000e+03
   1.7526928e-02   2.0550000e+03
  -3.3121074e-03   2.0700000e+03
  -1.3139341e-03   2.0850000e+03
   1.5207764e-02   2.1000000e+03
   3.3761337e-02   2.1150000e+03
   4.3028653e-02   2.1300000e+03
   3.7837368e-02   2.1450000e+03
   2.0469105e-02   2.1600000e+03
  -2.3548233e-03   2.1750000e+03
  -2.4170907e-02   2.1900000e+03
