  -4.7282956e-04   7.6500000e+02
  -4.5543921e-04   7.8000000e+02
  -4.7869122e-04   7.9500000e+02
  -5.2138610e-04   8.1000000e+02
  -5.7504443e-04   8.2500000e+02
  -6.3084386e-04   8.4000000e+02
  -6.6633592e-04   8.5500000e+02
  -6.6666532e-04   8.7000000e+02
  -6.5097940e-04   8.8500000e+02
  -6.5553369e-04   9.0000000e+02
  -6.9092872e-04   9.1500000e+02
  -7.3465280e-04   9.3000000e+02
  -7.6526782e-04   9.4500000e+02
  -7.8254705e-04   9.6000000e+02
  -7.9172646e-04   9.7500000e+02
  -7.9216581e-04   9.9000000e+02
  -7.8993308e-04   1.0050000e+03
  -7.9993566e-04   1.0200000e+03
  -8.2443072e-04   1.0350000e+03
  -8.4654632e-04   1.0500000e+03
  -8.5465302e-04   1.0650000e+03
  -8.5804693e-04   1.0800000e+03
  -8.7035389e-04   1.0950000e+03
  -8.9082157e-04   1.1100000e+03
  -9.0974383e-04   1.1250000e+03
  -9.2213135e-04   1.1400000e+03
  -9.2926977e-04   1.1550000e+03
  -9.3344459e-04   1.1700000e+03
  -9.3636930e-04   1.1850000e+03
  -9.3978940e-04   1.2000000e+03
  -9.4517402e-04   1.2150000e+03
  -9.5450995e-04   1.2300000e+03
  -9.7200484e-04   1.2450000e+03
  -1.0022287e-03   1.2600000e+03
  -1.0444311e-03   1.2750000e+03
  -1.0900949e-03   1.2900000e+03
  -1.1278926e-03   1.3050000e+03
  -1.1505430e-03   1.3200000e+03
  -1.1580762e-03   1.3350000e+03
  -1.1589567e-03   1.3500000e+03
  -1.1680878e-03   1.3650000e+03
  -1.1961317e-03   1.3800000e+03
  -1.2367376e-03   1.3950000e+03
  -1.2702870e-03   1.4100000e+03
  -1.2852609e-03   1.4250000e+03
  -1.2916295e-03   1.4400000e+03
  -1.3089040e-03   1.4550000e+03
  -1.3444723e-03   1.4700000e+03
  -1.3873958e-03   1.4850000e+03
  -1.4212974e-03   1.5000000e+03
  -1.4406071e-03   1.5150000e+03
  -1.4548791e-03   1.5300000e+03
  -1.4779536e-03   1.5450000e+03
  -1.5130065e-03   1.5600000e+03
  -1.5500174e-03   1.5750000e+03
  -1.5790927e-03   1.5900000e+03
  -1.6029690e-03   1.6050000e+03
  -1.6321787e-03   1.6200000e+03
  -1.6698738e-03   1.6350000e+03
  -1.7079693e-03   1.6500000e+03
  -1.7396483e-03   1.6650000e+03
  -1.7690846e-03   1.6800000e+03
