  -3.3211997e-03   1.5000000e+02
  -3.4125452e-03   1.6500000e+02
  -3.5168279e-03   1.8000000e+02
  -3.6334640e-03   1.9500000e+02
  -3.7568463e-03   2.1000000e+02
  -3.8772647e-03   2.2500000e+02
  -3.9818073e-03   2.4000000e+02
  -4.0505202e-03   2.5500000e+02
  -4.0581231e-03   2.7000000e+02
  -3.9805085e-03   2.8500000e+02
  -3.7906379e-03   3.0000000e+02
  -3.4403638e-03   3.1500000e+02
  -2.8420216e-03   3.3000000e+02
  -1.8632819e-03   3.4500000e+02
  -3.3445621e-04   3.6000000e+02
   1.9437041e-03   3.7500000e+02
   5.2065407e-03   3.9000000e+02
   9.7650532e-03   4.0500000e+02
   1.6088443e-02   4.2000000e+02
   2.4900440e-02   4.3500000e+02
   3.7250131e-02   4.5000000e+02
   5.4596491e-02   4.6500000e+02
   7.9002678e-02   4.8000000e+02
   1.1342737e-01   4.9500000e+02
   1.6193931e-01   5.1000000e+02
   2.2973058e-01   5.2500000e+02
   3.2296491e-01   5.4000000e+02
   4.4820768e-01   5.5500000e+02
   6.1040884e-01   5.7000000e+02
   8.0834466e-01   5.8500000e+02
   1.0278366e+00   6.0000000e+02
