  -3.4333123e-03   1.5000000e+03
  -3.5895526e-03   1.5150000e+03
  -3.7600966e-03   1.5300000e+03
  -3.9452440e-03   1.5450000e+03
  -4.1406732e-03   1.5600000e+03
  -4.3456554e-03   1.5750000e+03
  -4.5682732e-03   1.5900000e+03
  -4.8200777e-03   1.6050000e+03
  -5.1058186e-03   1.6200000e+03
  -5.4194722e-03   1.6350000e+03
  -5.7506966e-03   1.6500000e+03
  -6.0946122e-03   1.6650000e+03
  -6.4558173e-03   1.6800000e+03
  -6.8454295e-03   1.6950000e+03
  -7.2757723e-03   1.7100000e+03
  -7.7561410e-03   1.7250000e+03
  -8.2896668e-03   1.7400000e+03
  -8.8686012e-03   1.7550000e+03
  -9.4668511e-03   1.7700000e+03
  -1.0031536e-02   1.7850000e+03
  -1.0467640e-02   1.8000000e+03
  -1.0592735e-02   1.8150000e+03
  -1.0033206e-02   1.8300000e+03
  -8.0450997e-03   1.8450000e+03
  -3.2558709e-03   1.8600000e+03
   6.6594994e-03   1.8750000e+03
   2.5291672e-02   1.8900000e+03
   5.7576209e-02   1.9050000e+03
   1.0921095e-01   1.9200000e+03
   1.8484721e-01   1.9350000e+03
   2.8465369e-01   1.9500000e+03
   3.9959055e-01   1.9650000e+03
   5.0714082e-01   1.9800000e+03
   5.7086909e-01   1.9950000e+03
   5.4776442e-01   2.0100000e+03
   4.0520397e-01   2.0250000e+03
   1.4371574e-01   2.0400000e+03
  -1.8572187e-01   2.0550000e+03
  -4.8513561e-01   2.0700000e+03
  -6.4324856e-01   2.0850000e+03
  -5.9126359e-01   2.1000000e+03
  -3.5136300e-01   2.1150000e+03
  -4.1005440e-02   2.1300000e+03
   1.8343876e-01   2.1450000e+03
   2.1736453e-01   2.1600000e+03
   7.2170340e-02   2.1750000e+03
  -1.3818891e-01   2.1900000e+03
