   1.6662523e-02   1.5000000e+02
   1.5757713e-02   1.6500000e+02
   1.4929337e-02   1.8000000e+02
   1.4315092e-02   1.9500000e+02
   1.4150974e-02   2.1000000e+02
   1.4886040e-02   2.2500000e+02
   1.7373543e-02   2.4000000e+02
   2.3202535e-02   2.5500000e+02
   3.5360266e-02   2.7000000e+02
   5.9695248e-02   2.8500000e+02
   1.0793241e-01   3.0000000e+02
   2.0301455e-01   3.1500000e+02
   3.8671213e-01   3.3000000e+02
   7.2501463e-01   3.4500000e+02
   1.2946066e+00   3.6000000e+02
   2.1193609e+00   3.7500000e+02
   3.0431545e+00   3.9000000e+02
   3.6201594e+00   4.0500000e+02
   3.2301519e+00   4.2000000e+02
   1.5573817e+00   4.3500000e+02
  -8.6878574e-01   4.5000000e+02
  -2.7874482e+00   4.6500000e+02
  -3.2332678e+00   4.8000000e+02
  -2.4924583e+00   4.9500000e+02
  -1.6954697e+00   5.1000000e+02
  -1.4328421e+00   5.2500000e+02
  -1.2824503e+00   5.4000000e+02
  -8.1762737e-01   5.5500000e+02
  -3.4908319e-01   5.7000000e+02
  -2.6684442e-01   5.8500000e+02
  -3.3995217e-01   6.0000000e+02
