  -1.9978425e-03   1.5000000e+03
  -2.0587128e-03   1.5150000e+03
  -2.1252823e-03   1.5300000e+03
  -2.1986503e-03   1.5450000e+03
  -2.2763622e-03   1.5600000e+03
  -2.3560710e-03   1.5750000e+03
  -2.4396316e-03   1.5900000e+03
  -2.5314940e-03   1.6050000e+03
  -2.6333141e-03   1.6200000e+03
  -2.7420956e-03   1.6350000e+03
  -2.8539358e-03   1.6500000e+03
  -2.9680249e-03   1.6650000e+03
  -3.0865534e-03   1.6800000e+03
  -3.2126056e-03   1.6950000e+03
  -3.3494339e-03   1.7100000e+03
  -3.5010756e-03   1.7250000e+03
  -3.6722915e-03   1.7400000e+03
  -3.8664776e-03   1.7550000e+03
  -4.0830439e-03   1.7700000e+03
  -4.3185260e-03   1.7850000e+03
  -4.5720120e-03   1.8000000e+03
  -4.8482898e-03   1.8150000e+03
  -5.1537589e-03   1.8300000e+03
  -5.4901959e-03   1.8450000e+03
  -5.8549382e-03   1.8600000e+03
  -6.2480830e-03   1.8750000e+03
  -6.6792285e-03   1.8900000e+03
  -7.1677980e-03   1.9050000e+03
  -7.7374591e-03   1.9200000e+03
  -8.4079606e-03   1.9350000e+03
  -9.1869440e-03   1.9500000e+03
  -1.0061880e-02   1.9650000e+03
  -1.0984777e-02   1.9800000e+03
  -1.1832109e-02   1.9950000e+03
  -1.2318637e-02   2.0100000e+03
  -1.1849861e-02   2.0250000e+03
  -9.3129510e-03   2.0400000e+03
  -2.8429998e-03   2.0550000e+03
   1.0323018e-02   2.0700000e+03
   3.3685070e-02   2.0850000e+03
   7.0704140e-02   2.1000000e+03
   1.2313712e-01   2.1150000e+03
   1.8850490e-01   2.1300000e+03
   2.5737318e-01   2.1450000e+03
   3.1201300e-01   2.1600000e+03
   3.2859874e-01   2.1750000e+03
   2.8454638e-01   2.1900000e+03
