  -4.7814418e-04   7.6500000e+02
  -4.4862449e-04   7.8000000e+02
  -4.7504599e-04   7.9500000e+02
  -5.3298625e-04   8.1000000e+02
  -6.0446025e-04   8.2500000e+02
  -6.7231641e-04   8.4000000e+02
  -7.1222120e-04   8.5500000e+02
  -7.1160821e-04   8.7000000e+02
  -6.9202069e-04   8.8500000e+02
  -6.9300144e-04   9.0000000e+02
  -7.3087541e-04   9.1500000e+02
  -7.8660814e-04   9.3000000e+02
  -8.3400263e-04   9.4500000e+02
  -8.6332217e-04   9.6000000e+02
  -8.7580224e-04   9.7500000e+02
  -8.7553874e-04   9.9000000e+02
  -8.7520760e-04   1.0050000e+03
  -8.9213916e-04   1.0200000e+03
  -9.2708936e-04   1.0350000e+03
  -9.5949852e-04   1.0500000e+03
  -9.7358489e-04   1.0650000e+03
  -9.7834214e-04   1.0800000e+03
  -9.9282595e-04   1.0950000e+03
  -1.0210937e-03   1.1100000e+03
  -1.0508456e-03   1.1250000e+03
  -1.0705247e-03   1.1400000e+03
  -1.0793824e-03   1.1550000e+03
  -1.0832413e-03   1.1700000e+03
  -1.0865576e-03   1.1850000e+03
  -1.0895684e-03   1.2000000e+03
  -1.0916304e-03   1.2150000e+03
  -1.0968475e-03   1.2300000e+03
  -1.1149730e-03   1.2450000e+03
  -1.1539693e-03   1.2600000e+03
  -1.2109587e-03   1.2750000e+03
  -1.2720255e-03   1.2900000e+03
  -1.3207515e-03   1.3050000e+03
  -1.3462200e-03   1.3200000e+03
  -1.3474250e-03   1.3350000e+03
  -1.3371288e-03   1.3500000e+03
  -1.3390643e-03   1.3650000e+03
  -1.3696735e-03   1.3800000e+03
  -1.4182299e-03   1.3950000e+03
  -1.4539808e-03   1.4100000e+03
  -1.4593573e-03   1.4250000e+03
  -1.4503850e-03   1.4400000e+03
  -1.4585083e-03   1.4550000e+03
  -1.4962718e-03   1.4700000e+03
  -1.5459862e-03   1.4850000e+03
  -1.5800727e-03   1.5000000e+03
  -1.5887737e-03   1.5150000e+03
  -1.5878229e-03   1.5300000e+03
  -1.6000043e-03   1.5450000e+03
  -1.6303164e-03   1.5600000e+03
  -1.6622830e-03   1.5750000e+03
  -1.6798982e-03   1.5900000e+03
  -1.6877026e-03   1.6050000e+03
  -1.7026431e-03   1.6200000e+03
  -1.7293737e-03   1.6350000e+03
  -1.7542314e-03   1.6500000e+03
  -1.7660168e-03   1.6650000e+03
  -1.7720043e-03   1.6800000e+03
