  -7.0184735e-03   1.5000000e+02
  -7.0480835e-03   1.6500000e+02
  -7.0842807e-03   1.8000000e+02
  -7.1270801e-03   1.9500000e+02
  -7.1767876e-03   2.1000000e+02
  -7.2338036e-03   2.2500000e+02
  -7.2983298e-03   2.4000000e+02
  -7.3691881e-03   2.5500000e+02
  -7.4436641e-03   2.7000000e+02
  -7.5196656e-03   2.8500000e+02
  -7.5977147e-03   3.0000000e+02
  -7.6799532e-03   3.1500000e+02
  -7.7673336e-03   3.3000000e+02
  -7.8585623e-03   3.4500000e+02
  -7.9503702e-03   3.6000000e+02
  -8.0377134e-03   3.7500000e+02
  -8.1169540e-03   3.9000000e+02
  -8.1907110e-03   4.0500000e+02
  -8.2645593e-03   4.2000000e+02
  -8.3360309e-03   4.3500000e+02
  -8.3932811e-03   4.5000000e+02
  -8.4285419e-03   4.6500000e+02
  -8.4463134e-03   4.8000000e+02
  -8.4555866e-03   4.9500000e+02
  -8.4609156e-03   5.1000000e+02
  -8.4628807e-03   5.2500000e+02
  -8.4606353e-03   5.4000000e+02
  -8.4506404e-03   5.5500000e+02
  -8.4269475e-03   5.7000000e+02
  -8.3867982e-03   5.8500000e+02
  -8.3317012e-03   6.0000000e+02
