  -1.2780746e-04   7.6500000e+02
  -7.6151991e-05   7.8000000e+02
  -1.1934212e-04   7.9500000e+02
  -2.3839111e-04   8.1000000e+02
  -3.6016418e-04   8.2500000e+02
  -4.3041364e-04   8.4000000e+02
  -4.5945682e-04   8.5500000e+02
  -4.7883109e-04   8.7000000e+02
  -4.8797706e-04   8.8500000e+02
  -4.8176936e-04   9.0000000e+02
  -5.0093106e-04   9.1500000e+02
  -5.9490307e-04   9.3000000e+02
  -7.4139581e-04   9.4500000e+02
  -8.6259493e-04   9.6000000e+02
  -9.2534209e-04   9.7500000e+02
  -9.6970011e-04   9.9000000e+02
  -1.0344181e-03   1.0050000e+03
  -1.1119838e-03   1.0200000e+03
  -1.1822511e-03   1.0350000e+03
  -1.2331891e-03   1.0500000e+03
  -1.2454049e-03   1.0650000e+03
  -1.2111564e-03   1.0800000e+03
  -1.1682335e-03   1.0950000e+03
  -1.1655319e-03   1.1100000e+03
  -1.2017767e-03   1.1250000e+03
  -1.2431373e-03   1.1400000e+03
  -1.2900410e-03   1.1550000e+03
  -1.3829065e-03   1.1700000e+03
  -1.5458186e-03   1.1850000e+03
  -1.7580435e-03   1.2000000e+03
  -1.9866105e-03   1.2150000e+03
  -2.2295308e-03   1.2300000e+03
  -2.5174709e-03   1.2450000e+03
  -2.8797139e-03   1.2600000e+03
  -3.3232206e-03   1.2750000e+03
  -3.8468528e-03   1.2900000e+03
  -4.4574826e-03   1.3050000e+03
  -5.1638116e-03   1.3200000e+03
  -5.9723048e-03   1.3350000e+03
  -6.8899980e-03   1.3500000e+03
  -7.8727501e-03   1.3650000e+03
  -8.6589055e-03   1.3800000e+03
  -8.4791929e-03   1.3950000e+03
  -5.6171208e-03   1.4100000e+03
   3.2608965e-03   1.4250000e+03
   2.3958949e-02   1.4400000e+03
   6.5228373e-02   1.4550000e+03
   1.3747266e-01   1.4700000e+03
   2.4767898e-01   1.4850000e+03
   3.8934252e-01   1.5000000e+03
   5.2962834e-01   1.5150000e+03
   6.0226893e-01   1.5300000e+03
   5.2022606e-01   1.5450000e+03
   2.1905977e-01   1.5600000e+03
  -2.7745447e-01   1.5750000e+03
  -8.0981404e-01   1.5900000e+03
  -1.1132001e+00   1.6050000e+03
  -9.5625943e-01   1.6200000e+03
  -3.3043537e-01   1.6350000e+03
   4.5875719e-01   1.6500000e+03
   9.3359447e-01   1.6650000e+03
   7.8196281e-01   1.6800000e+03
