  -8.7399436e-03   1.5000000e+02
  -9.0351840e-03   1.6500000e+02
  -9.3897097e-03   1.8000000e+02
  -9.8130442e-03   1.9500000e+02
  -1.0313118e-02   2.1000000e+02
  -1.0892952e-02   2.2500000e+02
  -1.1544511e-02   2.4000000e+02
  -1.2238981e-02   2.5500000e+02
  -1.2940253e-02   2.7000000e+02
  -1.3631050e-02   2.8500000e+02
  -1.4309707e-02   3.0000000e+02
  -1.4961340e-02   3.1500000e+02
  -1.5533543e-02   3.3000000e+02
  -1.5922874e-02   3.4500000e+02
  -1.5968554e-02   3.6000000e+02
  -1.5449363e-02   3.7500000e+02
  -1.4070076e-02   3.9000000e+02
  -1.1411399e-02   4.0500000e+02
  -6.7855287e-03   4.2000000e+02
   1.0785381e-03   4.3500000e+02
   1.4568317e-02   4.5000000e+02
   3.8067274e-02   4.6500000e+02
   7.9593986e-02   4.8000000e+02
   1.5370077e-01   4.9500000e+02
   2.8510916e-01   5.1000000e+02
   5.0935316e-01   5.2500000e+02
   8.6117029e-01   5.4000000e+02
   1.3384553e+00   5.5500000e+02
   1.8438690e+00   5.7000000e+02
   2.1493769e+00   5.8500000e+02
   1.9681973e+00   6.0000000e+02
