  -1.8045591e-03   7.6500000e+02
  -1.8900407e-03   7.8000000e+02
  -1.8259347e-03   7.9500000e+02
  -1.7043321e-03   8.1000000e+02
  -1.5377053e-03   8.2500000e+02
  -1.3329396e-03   8.4000000e+02
  -1.1721445e-03   8.5500000e+02
  -1.1223410e-03   8.7000000e+02
  -1.1061236e-03   8.8500000e+02
  -9.6911029e-04   9.0000000e+02
  -6.7085464e-04   9.1500000e+02
  -3.1179571e-04   9.3000000e+02
   3.3051674e-05   9.4500000e+02
   4.0384242e-04   9.6000000e+02
   8.6343219e-04   9.7500000e+02
   1.4274198e-03   9.9000000e+02
   2.1282798e-03   1.0050000e+03
   3.0510307e-03   1.0200000e+03
   4.2547686e-03   1.0350000e+03
   5.7396707e-03   1.0500000e+03
   7.5352192e-03   1.0650000e+03
   9.7482912e-03   1.0800000e+03
   1.2485825e-02   1.0950000e+03
   1.5791032e-02   1.1100000e+03
   1.9681804e-02   1.1250000e+03
   2.4192275e-02   1.1400000e+03
   2.9348452e-02   1.1550000e+03
   3.5152633e-02   1.1700000e+03
   4.1632105e-02   1.1850000e+03
   4.8891824e-02   1.2000000e+03
   5.7106521e-02   1.2150000e+03
   6.6475116e-02   1.2300000e+03
   7.7194132e-02   1.2450000e+03
   8.9460999e-02   1.2600000e+03
   1.0347666e-01   1.2750000e+03
   1.1942177e-01   1.2900000e+03
   1.3739195e-01   1.3050000e+03
   1.5728101e-01   1.3200000e+03
   1.7864639e-01   1.3350000e+03
   2.0065403e-01   1.3500000e+03
   2.2217020e-01   1.3650000e+03
   2.4195725e-01   1.3800000e+03
   2.5889546e-01   1.3950000e+03
   2.7221331e-01   1.4100000e+03
   2.8169930e-01   1.4250000e+03
   2.8776273e-01   1.4400000e+03
   2.9119557e-01   1.4550000e+03
   2.9266363e-01   1.4700000e+03
   2.9218841e-01   1.4850000e+03
   2.8896794e-01   1.5000000e+03
   2.8172883e-01   1.5150000e+03
   2.6944897e-01   1.5300000e+03
   2.5200033e-01   1.5450000e+03
   2.3030142e-01   1.5600000e+03
   2.0591983e-01   1.5750000e+03
   1.8041976e-01   1.5900000e+03
   1.5485455e-01   1.6050000e+03
   1.2966540e-01   1.6200000e+03
   1.0498060e-01   1.6350000e+03
   8.1035614e-02   1.6500000e+03
   5.8333684e-02   1.6650000e+03
   3.7396826e-02   1.6800000e+03
