   4.7829188e-03   7.6500000e+02
   4.7627944e-03   7.8000000e+02
   4.7493917e-03   7.9500000e+02
   4.5945244e-03   8.1000000e+02
   4.3568378e-03   8.2500000e+02
   4.1407570e-03   8.4000000e+02
   3.9594015e-03   8.5500000e+02
   4.0131574e-03   8.7000000e+02
   5.2815694e-03   8.8500000e+02
   1.0248476e-02   9.0000000e+02
   2.4200317e-02   9.1500000e+02
   5.7749931e-02   9.3000000e+02
   1.3009046e-01   9.4500000e+02
   2.7047086e-01   9.6000000e+02
   5.1352286e-01   9.7500000e+02
   8.8318110e-01   9.9000000e+02
   1.3623035e+00   1.0050000e+03
   1.8548251e+00   1.0200000e+03
   2.1647937e+00   1.0350000e+03
   2.0309231e+00   1.0500000e+03
   1.2444283e+00   1.0650000e+03
  -1.7487793e-01   1.0800000e+03
  -1.8483474e+00   1.0950000e+03
  -3.1002109e+00   1.1100000e+03
  -3.2815411e+00   1.1250000e+03
  -2.2219543e+00   1.1400000e+03
  -4.7524580e-01   1.1550000e+03
   9.4121552e-01   1.1700000e+03
   1.2473123e+00   1.1850000e+03
   5.1643169e-01   1.2000000e+03
  -3.8924858e-01   1.2150000e+03
  -6.0765851e-01   1.2300000e+03
  -8.0554903e-02   1.2450000e+03
   4.6337166e-01   1.2600000e+03
   3.6850989e-01   1.2750000e+03
  -1.9241574e-01   1.2900000e+03
  -4.6595779e-01   1.3050000e+03
  -8.8598885e-02   1.3200000e+03
   4.3909943e-01   1.3350000e+03
   4.1571173e-01   1.3500000e+03
  -1.1112947e-01   1.3650000e+03
  -4.0051326e-01   1.3800000e+03
  -4.0182661e-02   1.3950000e+03
   4.7082084e-01   1.4100000e+03
   4.1692016e-01   1.4250000e+03
  -1.3238390e-01   1.4400000e+03
  -4.4855353e-01   1.4550000e+03
  -1.9905111e-01   1.4700000e+03
   1.3110329e-01   1.4850000e+03
   4.2686731e-02   1.5000000e+03
  -2.2214459e-01   1.5150000e+03
  -1.3492599e-01   1.5300000e+03
   2.1763106e-01   1.5450000e+03
   2.5692993e-01   1.5600000e+03
  -1.2889822e-01   1.5750000e+03
  -3.5753742e-01   1.5900000e+03
  -6.4101562e-02   1.6050000e+03
   2.9734969e-01   1.6200000e+03
   1.4552917e-01   1.6350000e+03
  -3.2735914e-01   1.6500000e+03
  -4.6082586e-01   1.6650000e+03
  -1.2634425e-01   1.6800000e+03
