  -1.8208552e-02   1.5000000e+02
  -1.8454107e-02   1.6500000e+02
  -1.8762125e-02   1.8000000e+02
  -1.9140687e-02   1.9500000e+02
  -1.9607186e-02   2.1000000e+02
  -2.0174168e-02   2.2500000e+02
  -2.0833779e-02   2.4000000e+02
  -2.1545986e-02   2.5500000e+02
  -2.2263860e-02   2.7000000e+02
  -2.2967704e-02   2.8500000e+02
  -2.3656456e-02   3.0000000e+02
  -2.4343507e-02   3.1500000e+02
  -2.5080213e-02   3.3000000e+02
  -2.5945820e-02   3.4500000e+02
  -2.7014188e-02   3.6000000e+02
  -2.8343029e-02   3.7500000e+02
  -2.9935157e-02   3.9000000e+02
  -3.1596463e-02   4.0500000e+02
  -3.2425549e-02   4.2000000e+02
  -2.8727001e-02   4.3500000e+02
  -7.5981985e-03   4.5000000e+02
   6.6051058e-02   4.6500000e+02
   2.6117936e-01   4.8000000e+02
   6.5815771e-01   4.9500000e+02
   1.2479453e+00   5.1000000e+02
   1.7875212e+00   5.2500000e+02
   1.8197720e+00   5.4000000e+02
   1.0657365e+00   5.5500000e+02
  -9.2919186e-02   5.7000000e+02
  -8.2906038e-01   5.8500000e+02
  -8.9028418e-01   6.0000000e+02
