  -8.7311463e-03   1.5000000e+02
  -8.7616667e-03   1.6500000e+02
  -8.7976465e-03   1.8000000e+02
  -8.8385539e-03   1.9500000e+02
  -8.8832062e-03   2.1000000e+02
  -8.9305947e-03   2.2500000e+02
  -8.9813704e-03   2.4000000e+02
  -9.0370998e-03   2.5500000e+02
  -9.0978798e-03   2.7000000e+02
  -9.1614323e-03   2.8500000e+02
  -9.2251059e-03   3.0000000e+02
  -9.2884321e-03   3.1500000e+02
  -9.3539739e-03   3.3000000e+02
  -9.4264699e-03   3.4500000e+02
  -9.5093930e-03   3.6000000e+02
  -9.6007045e-03   3.7500000e+02
  -9.6953018e-03   3.9000000e+02
  -9.7934818e-03   4.0500000e+02
  -9.9007208e-03   4.2000000e+02
  -1.0015519e-02   4.3500000e+02
  -1.0126667e-02   4.5000000e+02
  -1.0228373e-02   4.6500000e+02
  -1.0328392e-02   4.8000000e+02
  -1.0436218e-02   4.9500000e+02
  -1.0553797e-02   5.1000000e+02
  -1.0682278e-02   5.2500000e+02
  -1.0828168e-02   5.4000000e+02
  -1.0997429e-02   5.5500000e+02
  -1.1190435e-02   5.7000000e+02
  -1.1407484e-02   5.8500000e+02
  -1.1650847e-02   6.0000000e+02
