  -1.2922749e-03   1.5000000e+03
  -1.3122729e-03   1.5150000e+03
  -1.3342514e-03   1.5300000e+03
  -1.3598389e-03   1.5450000e+03
  -1.3882653e-03   1.5600000e+03
  -1.4169738e-03   1.5750000e+03
  -1.4453627e-03   1.5900000e+03
  -1.4753968e-03   1.6050000e+03
  -1.5082273e-03   1.6200000e+03
  -1.5428400e-03   1.6350000e+03
  -1.5782416e-03   1.6500000e+03
  -1.6146171e-03   1.6650000e+03
  -1.6520567e-03   1.6800000e+03
  -1.6900819e-03   1.6950000e+03
  -1.7287903e-03   1.7100000e+03
  -1.7693645e-03   1.7250000e+03
  -1.8131905e-03   1.7400000e+03
  -1.8604863e-03   1.7550000e+03
  -1.9094622e-03   1.7700000e+03
  -1.9573306e-03   1.7850000e+03
  -2.0030404e-03   1.8000000e+03
  -2.0484193e-03   1.8150000e+03
  -2.0958588e-03   1.8300000e+03
  -2.1457360e-03   1.8450000e+03
  -2.1970260e-03   1.8600000e+03
  -2.2494576e-03   1.8750000e+03
  -2.3039179e-03   1.8900000e+03
  -2.3614282e-03   1.9050000e+03
  -2.4227791e-03   1.9200000e+03
  -2.4886334e-03   1.9350000e+03
  -2.5590397e-03   1.9500000e+03
  -2.6332822e-03   1.9650000e+03
  -2.7110076e-03   1.9800000e+03
  -2.7932678e-03   1.9950000e+03
  -2.8818939e-03   2.0100000e+03
  -2.9781847e-03   2.0250000e+03
  -3.0826204e-03   2.0400000e+03
  -3.1954115e-03   2.0550000e+03
  -3.3166071e-03   2.0700000e+03
  -3.4458016e-03   2.0850000e+03
  -3.5823090e-03   2.1000000e+03
  -3.7256829e-03   2.1150000e+03
  -3.8758644e-03   2.1300000e+03
  -4.0332680e-03   2.1450000e+03
  -4.1996310e-03   2.1600000e+03
  -4.3788552e-03   2.1750000e+03
  -4.5758402e-03   2.1900000e+03
