  -2.4441071e-04   7.6500000e+02
  -1.9590135e-04   7.8000000e+02
  -1.3143345e-04   7.9500000e+02
  -1.0630611e-04   8.1000000e+02
  -6.8686313e-05   8.2500000e+02
   3.5560653e-05   8.4000000e+02
   1.6252279e-04   8.5500000e+02
   2.4947376e-04   8.7000000e+02
   3.3883948e-04   8.8500000e+02
   5.2291859e-04   9.0000000e+02
   7.9045200e-04   9.1500000e+02
   1.0397298e-03   9.3000000e+02
   1.2479681e-03   9.4500000e+02
   1.5185919e-03   9.6000000e+02
   1.9391676e-03   9.7500000e+02
   2.4969182e-03   9.9000000e+02
   3.1672188e-03   1.0050000e+03
   3.9892867e-03   1.0200000e+03
   5.0200731e-03   1.0350000e+03
   6.3035265e-03   1.0500000e+03
   7.9206871e-03   1.0650000e+03
   9.9959541e-03   1.0800000e+03
   1.2635539e-02   1.0950000e+03
   1.5933467e-02   1.1100000e+03
   2.0050131e-02   1.1250000e+03
   2.5212865e-02   1.1400000e+03
   3.1620570e-02   1.1550000e+03
   3.9399106e-02   1.1700000e+03
   4.8660502e-02   1.1850000e+03
   5.9558950e-02   1.2000000e+03
   7.2266527e-02   1.2150000e+03
   8.6919948e-02   1.2300000e+03
   1.0361006e-01   1.2450000e+03
   1.2239651e-01   1.2600000e+03
   1.4328414e-01   1.2750000e+03
   1.6616118e-01   1.2900000e+03
   1.9075420e-01   1.3050000e+03
   2.1660249e-01   1.3200000e+03
   2.4300332e-01   1.3350000e+03
   2.6895726e-01   1.3500000e+03
   2.9323018e-01   1.3650000e+03
   3.1457561e-01   1.3800000e+03
   3.3200091e-01   1.3950000e+03
   3.4491256e-01   1.4100000e+03
   3.5308281e-01   1.4250000e+03
   3.5651490e-01   1.4400000e+03
   3.5532996e-01   1.4550000e+03
   3.4973261e-01   1.4700000e+03
   3.4000847e-01   1.4850000e+03
   3.2650000e-01   1.5000000e+03
   3.0958718e-01   1.5150000e+03
   2.8972939e-01   1.5300000e+03
   2.6753414e-01   1.5450000e+03
   2.4374689e-01   1.5600000e+03
   2.1912843e-01   1.5750000e+03
   1.9432242e-01   1.5900000e+03
   1.6983838e-01   1.6050000e+03
   1.4613761e-01   1.6200000e+03
   1.2367913e-01   1.6350000e+03
   1.0283268e-01   1.6500000e+03
   8.3750732e-02   1.6650000e+03
   6.6362798e-02   1.6800000e+03
