  -5.4939039e-04   7.6500000e+02
  -5.3039042e-04   7.8000000e+02
  -5.5685203e-04   7.9500000e+02
  -6.0606166e-04   8.1000000e+02
  -6.6601223e-04   8.2500000e+02
  -7.2546554e-04   8.4000000e+02
  -7.6235074e-04   8.5500000e+02
  -7.6317159e-04   8.7000000e+02
  -7.4735080e-04   8.8500000e+02
  -7.5133622e-04   9.0000000e+02
  -7.8749377e-04   9.1500000e+02
  -8.3491730e-04   9.3000000e+02
  -8.7057962e-04   9.4500000e+02
  -8.9067692e-04   9.6000000e+02
  -8.9928973e-04   9.7500000e+02
  -8.9806638e-04   9.9000000e+02
  -8.9539040e-04   1.0050000e+03
  -9.0643921e-04   1.0200000e+03
  -9.3298726e-04   1.0350000e+03
  -9.5767580e-04   1.0500000e+03
  -9.6775551e-04   1.0650000e+03
  -9.7186625e-04   1.0800000e+03
  -9.8497525e-04   1.0950000e+03
  -1.0079659e-03   1.1100000e+03
  -1.0303241e-03   1.1250000e+03
  -1.0448110e-03   1.1400000e+03
  -1.0521789e-03   1.1550000e+03
  -1.0562458e-03   1.1700000e+03
  -1.0599771e-03   1.1850000e+03
  -1.0648962e-03   1.2000000e+03
  -1.0718711e-03   1.2150000e+03
  -1.0833045e-03   1.2300000e+03
  -1.1047077e-03   1.2450000e+03
  -1.1413576e-03   1.2600000e+03
  -1.1917489e-03   1.2750000e+03
  -1.2459432e-03   1.2900000e+03
  -1.2914776e-03   1.3050000e+03
  -1.3201598e-03   1.3200000e+03
  -1.3313727e-03   1.3350000e+03
  -1.3342851e-03   1.3500000e+03
  -1.3461006e-03   1.3650000e+03
  -1.3793234e-03   1.3800000e+03
  -1.4268850e-03   1.3950000e+03
  -1.4666853e-03   1.4100000e+03
  -1.4858930e-03   1.4250000e+03
  -1.4959234e-03   1.4400000e+03
  -1.5189293e-03   1.4550000e+03
  -1.5632551e-03   1.4700000e+03
  -1.6161918e-03   1.4850000e+03
  -1.6587208e-03   1.5000000e+03
  -1.6844535e-03   1.5150000e+03
  -1.7046204e-03   1.5300000e+03
  -1.7354153e-03   1.5450000e+03
  -1.7807089e-03   1.5600000e+03
  -1.8290824e-03   1.5750000e+03
  -1.8689875e-03   1.5900000e+03
  -1.9032175e-03   1.6050000e+03
  -1.9437679e-03   1.6200000e+03
  -1.9945588e-03   1.6350000e+03
  -2.0466947e-03   1.6500000e+03
  -2.0925242e-03   1.6650000e+03
  -2.1368256e-03   1.6800000e+03
