  -8.1211422e-04   1.5000000e+03
  -8.1694388e-04   1.5150000e+03
  -8.2241441e-04   1.5300000e+03
  -8.3010289e-04   1.5450000e+03
  -8.4018102e-04   1.5600000e+03
  -8.4999303e-04   1.5750000e+03
  -8.5800909e-04   1.5900000e+03
  -8.6579169e-04   1.6050000e+03
  -8.7495300e-04   1.6200000e+03
  -8.8549341e-04   1.6350000e+03
  -8.9733000e-04   1.6500000e+03
  -9.1049814e-04   1.6650000e+03
  -9.2413049e-04   1.6800000e+03
  -9.3749294e-04   1.6950000e+03
  -9.5139840e-04   1.7100000e+03
  -9.6691609e-04   1.7250000e+03
  -9.8328746e-04   1.7400000e+03
  -9.9818152e-04   1.7550000e+03
  -1.0095759e-03   1.7700000e+03
  -1.0172008e-03   1.7850000e+03
  -1.0228296e-03   1.8000000e+03
  -1.0289347e-03   1.8150000e+03
  -1.0364271e-03   1.8300000e+03
  -1.0444288e-03   1.8450000e+03
  -1.0527149e-03   1.8600000e+03
  -1.0628246e-03   1.8750000e+03
  -1.0757665e-03   1.8900000e+03
  -1.0901263e-03   1.9050000e+03
  -1.1036170e-03   1.9200000e+03
  -1.1153803e-03   1.9350000e+03
  -1.1259067e-03   1.9500000e+03
  -1.1357296e-03   1.9650000e+03
  -1.1453438e-03   1.9800000e+03
  -1.1558711e-03   1.9950000e+03
  -1.1684370e-03   2.0100000e+03
  -1.1825471e-03   2.0250000e+03
  -1.1960454e-03   2.0400000e+03
  -1.2074708e-03   2.0550000e+03
  -1.2180005e-03   2.0700000e+03
  -1.2302424e-03   2.0850000e+03
  -1.2452439e-03   2.1000000e+03
  -1.2614176e-03   2.1150000e+03
  -1.2765641e-03   2.1300000e+03
  -1.2904190e-03   2.1450000e+03
  -1.3048133e-03   2.1600000e+03
  -1.3215303e-03   2.1750000e+03
  -1.3403351e-03   2.1900000e+03
