  -1.4601221e-02   1.5000000e+02
  -1.4836506e-02   1.6500000e+02
  -1.5132633e-02   1.8000000e+02
  -1.5496860e-02   1.9500000e+02
  -1.5940599e-02   2.1000000e+02
  -1.6472723e-02   2.2500000e+02
  -1.7088234e-02   2.4000000e+02
  -1.7757487e-02   2.5500000e+02
  -1.8437184e-02   2.7000000e+02
  -1.9110145e-02   2.8500000e+02
  -1.9814398e-02   3.0000000e+02
  -2.0613585e-02   3.1500000e+02
  -2.1528663e-02   3.3000000e+02
  -2.2508863e-02   3.4500000e+02
  -2.3459455e-02   3.6000000e+02
  -2.4268150e-02   3.7500000e+02
  -2.4805609e-02   3.9000000e+02
  -2.4875946e-02   4.0500000e+02
  -2.3987867e-02   4.2000000e+02
  -2.0793963e-02   4.3500000e+02
  -1.1926466e-02   4.5000000e+02
   1.0752908e-02   4.6500000e+02
   6.6065207e-02   4.8000000e+02
   1.9182797e-01   4.9500000e+02
   4.4606704e-01   5.1000000e+02
   8.7837541e-01   5.2500000e+02
   1.4505426e+00   5.4000000e+02
   1.9377968e+00   5.5500000e+02
   1.9374021e+00   5.7000000e+02
   1.1224890e+00   5.8500000e+02
  -3.5374612e-01   6.0000000e+02
