  -3.2880935e-03   1.5000000e+02
  -3.3042119e-03   1.6500000e+02
  -3.3244968e-03   1.8000000e+02
  -3.3491096e-03   1.9500000e+02
  -3.3774779e-03   2.1000000e+02
  -3.4082984e-03   2.2500000e+02
  -3.4398150e-03   2.4000000e+02
  -3.4690755e-03   2.5500000e+02
  -3.4927104e-03   2.7000000e+02
  -3.5088861e-03   2.8500000e+02
  -3.5166093e-03   3.0000000e+02
  -3.5127075e-03   3.1500000e+02
  -3.4897442e-03   3.3000000e+02
  -3.4363759e-03   3.4500000e+02
  -3.3399707e-03   3.6000000e+02
  -3.1901936e-03   3.7500000e+02
  -2.9813782e-03   3.9000000e+02
  -2.7115010e-03   4.0500000e+02
  -2.3765801e-03   4.2000000e+02
  -1.9640673e-03   4.3500000e+02
  -1.4531774e-03   4.5000000e+02
  -8.2274317e-04   4.6500000e+02
  -5.5968849e-05   4.8000000e+02
   8.6266553e-04   4.9500000e+02
   1.9493363e-03   5.1000000e+02
   3.2163067e-03   5.2500000e+02
   4.6723061e-03   5.4000000e+02
   6.3377628e-03   5.5500000e+02
   8.2579199e-03   5.7000000e+02
   1.0491678e-02   5.8500000e+02
   1.3096346e-02   6.0000000e+02
