  -5.5210281e-04   7.6500000e+02
  -5.0379243e-04   7.8000000e+02
  -5.4654392e-04   7.9500000e+02
  -6.6926371e-04   8.1000000e+02
  -8.0373650e-04   8.2500000e+02
  -8.9253695e-04   8.4000000e+02
  -9.3830848e-04   8.5500000e+02
  -9.6928986e-04   8.7000000e+02
  -9.8854466e-04   8.8500000e+02
  -9.9426392e-04   9.0000000e+02
  -1.0244520e-03   9.1500000e+02
  -1.1245889e-03   9.3000000e+02
  -1.2735910e-03   9.4500000e+02
  -1.3960776e-03   9.6000000e+02
  -1.4562459e-03   9.7500000e+02
  -1.4927051e-03   9.9000000e+02
  -1.5545599e-03   1.0050000e+03
  -1.6511277e-03   1.0200000e+03
  -1.7694193e-03   1.0350000e+03
  -1.8919441e-03   1.0500000e+03
  -1.9928538e-03   1.0650000e+03
  -2.0624136e-03   1.0800000e+03
  -2.1350035e-03   1.0950000e+03
  -2.2505915e-03   1.1100000e+03
  -2.3946501e-03   1.1250000e+03
  -2.5162145e-03   1.1400000e+03
  -2.5964919e-03   1.1550000e+03
  -2.6611465e-03   1.1700000e+03
  -2.7292487e-03   1.1850000e+03
  -2.7845746e-03   1.2000000e+03
  -2.8058034e-03   1.2150000e+03
  -2.8051252e-03   1.2300000e+03
  -2.8201276e-03   1.2450000e+03
  -2.8696549e-03   1.2600000e+03
  -2.9306246e-03   1.2750000e+03
  -2.9585632e-03   1.2900000e+03
  -2.9134406e-03   1.3050000e+03
  -2.7624252e-03   1.3200000e+03
  -2.4842096e-03   1.3350000e+03
  -2.0888802e-03   1.3500000e+03
  -1.6137527e-03   1.3650000e+03
  -1.0717411e-03   1.3800000e+03
  -4.0412616e-04   1.3950000e+03
   4.9849733e-04   1.4100000e+03
   1.7241414e-03   1.4250000e+03
   3.2995802e-03   1.4400000e+03
   5.2319593e-03   1.4550000e+03
   7.5888112e-03   1.4700000e+03
   1.0532131e-02   1.4850000e+03
   1.4277960e-02   1.5000000e+03
   1.9038454e-02   1.5150000e+03
   2.5021043e-02   1.5300000e+03
   3.2494575e-02   1.5450000e+03
   4.1860364e-02   1.5600000e+03
   5.3660866e-02   1.5750000e+03
   6.8524070e-02   1.5900000e+03
   8.7109081e-02   1.6050000e+03
   1.1010604e-01   1.6200000e+03
   1.3825896e-01   1.6350000e+03
   1.7233616e-01   1.6500000e+03
   2.1303247e-01   1.6650000e+03
   2.6083907e-01   1.6800000e+03
