  -2.6986736e-03   1.5000000e+02
  -2.7017994e-03   1.6500000e+02
  -2.7053354e-03   1.8000000e+02
  -2.7092611e-03   1.9500000e+02
  -2.7131685e-03   2.1000000e+02
  -2.7165592e-03   2.2500000e+02
  -2.7194624e-03   2.4000000e+02
  -2.7225260e-03   2.5500000e+02
  -2.7264517e-03   2.7000000e+02
  -2.7312881e-03   2.8500000e+02
  -2.7363461e-03   3.0000000e+02
  -2.7409107e-03   3.1500000e+02
  -2.7449571e-03   3.3000000e+02
  -2.7491346e-03   3.4500000e+02
  -2.7542352e-03   3.6000000e+02
  -2.7607235e-03   3.7500000e+02
  -2.7686183e-03   3.9000000e+02
  -2.7777266e-03   4.0500000e+02
  -2.7877276e-03   4.2000000e+02
  -2.7977729e-03   4.3500000e+02
  -2.8066963e-03   4.5000000e+02
  -2.8141625e-03   4.6500000e+02
  -2.8209470e-03   4.8000000e+02
  -2.8278066e-03   4.9500000e+02
  -2.8349706e-03   5.1000000e+02
  -2.8429038e-03   5.2500000e+02
  -2.8525558e-03   5.4000000e+02
  -2.8643650e-03   5.5500000e+02
  -2.8778294e-03   5.7000000e+02
  -2.8925301e-03   5.8500000e+02
  -2.9085947e-03   6.0000000e+02
