   1.5876192e-01   1.5000000e+03
  -1.4880610e-02   1.5150000e+03
  -1.2371107e-01   1.5300000e+03
  -4.2453293e-02   1.5450000e+03
   1.0173225e-01   1.5600000e+03
   1.2129665e-01   1.5750000e+03
  -8.4911902e-03   1.5900000e+03
  -1.4769450e-01   1.6050000e+03
  -1.8271336e-01   1.6200000e+03
  -1.5009364e-01   1.6350000e+03
  -1.4750278e-01   1.6500000e+03
  -1.8274058e-01   1.6650000e+03
  -1.7777880e-01   1.6800000e+03
  -1.0110693e-01   1.6950000e+03
  -1.7329849e-02   1.7100000e+03
   1.4333352e-02   1.7250000e+03
   2.5999399e-02   1.7400000e+03
   8.1917942e-02   1.7550000e+03
   1.7791609e-01   1.7700000e+03
   2.5494453e-01   1.7850000e+03
   2.8701296e-01   1.8000000e+03
   2.9533061e-01   1.8150000e+03
   2.8341717e-01   1.8300000e+03
   2.2076178e-01   1.8450000e+03
   1.0438634e-01   1.8600000e+03
  -1.3682686e-02   1.8750000e+03
  -8.2956545e-02   1.8900000e+03
  -1.0132097e-01   1.9050000e+03
  -8.6251482e-02   1.9200000e+03
  -3.9423138e-02   1.9350000e+03
   2.9224887e-02   1.9500000e+03
   7.4567989e-02   1.9650000e+03
   5.5080820e-02   1.9800000e+03
  -1.2651348e-02   1.9950000e+03
  -6.9276221e-02   2.0100000e+03
  -7.7116996e-02   2.0250000e+03
  -4.7636464e-02   2.0400000e+03
  -1.3996700e-02   2.0550000e+03
  -6.1068207e-04   2.0700000e+03
  -1.5243463e-02   2.0850000e+03
  -4.7396116e-02   2.1000000e+03
  -7.1535051e-02   2.1150000e+03
  -6.7717746e-02   2.1300000e+03
  -4.2370606e-02   2.1450000e+03
  -1.9554023e-02   2.1600000e+03
  -1.3056034e-02   2.1750000e+03
  -1.6367493e-02   2.1900000e+03
