  -4.1988804e-03   1.5000000e+02
  -4.2056348e-03   1.6500000e+02
  -4.2134449e-03   1.8000000e+02
  -4.2222594e-03   1.9500000e+02
  -4.2314893e-03   2.1000000e+02
  -4.2404458e-03   2.2500000e+02
  -4.2492067e-03   2.4000000e+02
  -4.2586681e-03   2.5500000e+02
  -4.2696735e-03   2.7000000e+02
  -4.2820913e-03   2.8500000e+02
  -4.2948537e-03   3.0000000e+02
  -4.3070074e-03   3.1500000e+02
  -4.3186648e-03   3.3000000e+02
  -4.3309196e-03   3.4500000e+02
  -4.3449025e-03   3.6000000e+02
  -4.3609249e-03   3.7500000e+02
  -4.3785740e-03   3.9000000e+02
  -4.3976218e-03   4.0500000e+02
  -4.4180527e-03   4.2000000e+02
  -4.4386070e-03   4.3500000e+02
  -4.4568279e-03   4.5000000e+02
  -4.4717235e-03   4.6500000e+02
  -4.4847899e-03   4.8000000e+02
  -4.4977805e-03   4.9500000e+02
  -4.5113219e-03   5.1000000e+02
  -4.5262128e-03   5.2500000e+02
  -4.5440472e-03   5.4000000e+02
  -4.5655943e-03   5.5500000e+02
  -4.5900042e-03   5.7000000e+02
  -4.6165623e-03   5.8500000e+02
  -4.6455492e-03   6.0000000e+02
