  -4.5764269e-03   1.5000000e+02
  -4.5862887e-03   1.6500000e+02
  -4.5980490e-03   1.8000000e+02
  -4.6116803e-03   1.9500000e+02
  -4.6268241e-03   2.1000000e+02
  -4.6430551e-03   2.2500000e+02
  -4.6604644e-03   2.4000000e+02
  -4.6794969e-03   2.5500000e+02
  -4.7003143e-03   2.7000000e+02
  -4.7224974e-03   2.8500000e+02
  -4.7453339e-03   3.0000000e+02
  -4.7684028e-03   3.1500000e+02
  -4.7918833e-03   3.3000000e+02
  -4.8163361e-03   3.4500000e+02
  -4.8420113e-03   3.6000000e+02
  -4.8682615e-03   3.7500000e+02
  -4.8941546e-03   3.9000000e+02
  -4.9199425e-03   4.0500000e+02
  -4.9465545e-03   4.2000000e+02
  -4.9727820e-03   4.3500000e+02
  -4.9950243e-03   4.5000000e+02
  -5.0112605e-03   4.6500000e+02
  -5.0232061e-03   4.8000000e+02
  -5.0336579e-03   4.9500000e+02
  -5.0441111e-03   5.1000000e+02
  -5.0556129e-03   5.2500000e+02
  -5.0695222e-03   5.4000000e+02
  -5.0861733e-03   5.5500000e+02
  -5.1042782e-03   5.7000000e+02
  -5.1229908e-03   5.8500000e+02
  -5.1429020e-03   6.0000000e+02
