   2.3526872e-02   1.5000000e+02
   2.2524701e-02   1.6500000e+02
   2.1756241e-02   1.8000000e+02
   2.1493020e-02   1.9500000e+02
   2.2237200e-02   2.1000000e+02
   2.4945585e-02   2.2500000e+02
   3.1440292e-02   2.4000000e+02
   4.5271304e-02   2.5500000e+02
   7.3588930e-02   2.7000000e+02
   1.3097756e-01   2.8500000e+02
   2.4614897e-01   3.0000000e+02
   4.7013894e-01   3.1500000e+02
   8.7725526e-01   3.3000000e+02
   1.5372596e+00   3.4500000e+02
   2.4328868e+00   3.6000000e+02
   3.3345201e+00   3.7500000e+02
   3.7413135e+00   3.9000000e+02
   3.0725598e+00   4.0500000e+02
   1.1537153e+00   4.2000000e+02
  -1.3595583e+00   4.3500000e+02
  -3.2174520e+00   4.5000000e+02
  -3.5560167e+00   4.6500000e+02
  -2.7005079e+00   4.8000000e+02
  -1.7519689e+00   4.9500000e+02
  -1.3347256e+00   5.1000000e+02
  -1.1065223e+00   5.2500000e+02
  -6.1756957e-01   5.4000000e+02
  -1.0610608e-01   5.5500000e+02
  -2.3404431e-02   5.7000000e+02
  -2.3616742e-01   5.8500000e+02
  -2.9104039e-01   6.0000000e+02
