  -3.2338739e-04   7.6500000e+02
  -3.0153664e-04   7.8000000e+02
  -3.2139750e-04   7.9500000e+02
  -3.6103753e-04   8.1000000e+02
  -4.1374555e-04   8.2500000e+02
  -4.7117661e-04   8.4000000e+02
  -5.0768448e-04   8.5500000e+02
  -5.0559745e-04   8.7000000e+02
  -4.8618941e-04   8.8500000e+02
  -4.8993365e-04   9.0000000e+02
  -5.2741769e-04   9.1500000e+02
  -5.7233719e-04   9.3000000e+02
  -6.0200703e-04   9.4500000e+02
  -6.1888265e-04   9.6000000e+02
  -6.2953174e-04   9.7500000e+02
  -6.3127215e-04   9.9000000e+02
  -6.2899390e-04   1.0050000e+03
  -6.3905423e-04   1.0200000e+03
  -6.6412025e-04   1.0350000e+03
  -6.8553770e-04   1.0500000e+03
  -6.9129205e-04   1.0650000e+03
  -6.9255620e-04   1.0800000e+03
  -7.0360018e-04   1.0950000e+03
  -7.2226865e-04   1.1100000e+03
  -7.3843461e-04   1.1250000e+03
  -7.4839045e-04   1.1400000e+03
  -7.5389119e-04   1.1550000e+03
  -7.5599912e-04   1.1700000e+03
  -7.5529504e-04   1.1850000e+03
  -7.5363240e-04   1.2000000e+03
  -7.5310329e-04   1.2150000e+03
  -7.5596204e-04   1.2300000e+03
  -7.6646538e-04   1.2450000e+03
  -7.8957516e-04   1.2600000e+03
  -8.2506705e-04   1.2750000e+03
  -8.6413411e-04   1.2900000e+03
  -8.9426426e-04   1.3050000e+03
  -9.0748823e-04   1.3200000e+03
  -9.0449397e-04   1.3350000e+03
  -8.9496037e-04   1.3500000e+03
  -8.9456054e-04   1.3650000e+03
  -9.1403909e-04   1.3800000e+03
  -9.4631448e-04   1.3950000e+03
  -9.7036920e-04   1.4100000e+03
  -9.7375107e-04   1.4250000e+03
  -9.6703874e-04   1.4400000e+03
  -9.7131875e-04   1.4550000e+03
  -9.9489663e-04   1.4700000e+03
  -1.0263470e-03   1.4850000e+03
  -1.0481124e-03   1.5000000e+03
  -1.0539900e-03   1.5150000e+03
  -1.0539503e-03   1.5300000e+03
  -1.0625616e-03   1.5450000e+03
  -1.0828673e-03   1.5600000e+03
  -1.1038902e-03   1.5750000e+03
  -1.1152721e-03   1.5900000e+03
  -1.1204937e-03   1.6050000e+03
  -1.1310361e-03   1.6200000e+03
  -1.1498668e-03   1.6350000e+03
  -1.1677627e-03   1.6500000e+03
  -1.1771986e-03   1.6650000e+03
  -1.1827977e-03   1.6800000e+03
