  -4.2247947e-04   7.6500000e+02
  -3.9724109e-04   7.8000000e+02
  -4.2168653e-04   7.9500000e+02
  -4.7010390e-04   8.1000000e+02
  -5.3355849e-04   8.2500000e+02
  -6.0154696e-04   8.4000000e+02
  -6.4460229e-04   8.5500000e+02
  -6.4282573e-04   8.7000000e+02
  -6.2082597e-04   8.8500000e+02
  -6.2527554e-04   9.0000000e+02
  -6.6899008e-04   9.1500000e+02
  -7.2232250e-04   9.3000000e+02
  -7.5868634e-04   9.4500000e+02
  -7.7965425e-04   9.6000000e+02
  -7.9227315e-04   9.7500000e+02
  -7.9416594e-04   9.9000000e+02
  -7.9182989e-04   1.0050000e+03
  -8.0432877e-04   1.0200000e+03
  -8.3460263e-04   1.0350000e+03
  -8.6090504e-04   1.0500000e+03
  -8.6890190e-04   1.0650000e+03
  -8.7122741e-04   1.0800000e+03
  -8.8487891e-04   1.0950000e+03
  -9.0803386e-04   1.1100000e+03
  -9.2873594e-04   1.1250000e+03
  -9.4183709e-04   1.1400000e+03
  -9.4912353e-04   1.1550000e+03
  -9.5240970e-04   1.1700000e+03
  -9.5286389e-04   1.1850000e+03
  -9.5250941e-04   1.2000000e+03
  -9.5346838e-04   1.2150000e+03
  -9.5846324e-04   1.2300000e+03
  -9.7289210e-04   1.2450000e+03
  -1.0027235e-03   1.2600000e+03
  -1.0473974e-03   1.2750000e+03
  -1.0962562e-03   1.2900000e+03
  -1.1345743e-03   1.3050000e+03
  -1.1529444e-03   1.3200000e+03
  -1.1519570e-03   1.3350000e+03
  -1.1429832e-03   1.3500000e+03
  -1.1448401e-03   1.3650000e+03
  -1.1705012e-03   1.3800000e+03
  -1.2114907e-03   1.3950000e+03
  -1.2426762e-03   1.4100000e+03
  -1.2492543e-03   1.4250000e+03
  -1.2439569e-03   1.4400000e+03
  -1.2520197e-03   1.4550000e+03
  -1.2833256e-03   1.4700000e+03
  -1.3240955e-03   1.4850000e+03
  -1.3532138e-03   1.5000000e+03
  -1.3632568e-03   1.5150000e+03
  -1.3662541e-03   1.5300000e+03
  -1.3797489e-03   1.5450000e+03
  -1.4074822e-03   1.5600000e+03
  -1.4363526e-03   1.5750000e+03
  -1.4538945e-03   1.5900000e+03
  -1.4641384e-03   1.6050000e+03
  -1.4807790e-03   1.6200000e+03
  -1.5074466e-03   1.6350000e+03
  -1.5331878e-03   1.6500000e+03
  -1.5490372e-03   1.6650000e+03
  -1.5605522e-03   1.6800000e+03
