  -4.1957139e-03   1.5000000e+02
  -4.2021815e-03   1.6500000e+02
  -4.2097480e-03   1.8000000e+02
  -4.2183897e-03   1.9500000e+02
  -4.2276429e-03   2.1000000e+02
  -4.2369389e-03   2.2500000e+02
  -4.2463252e-03   2.4000000e+02
  -4.2564953e-03   2.5500000e+02
  -4.2680865e-03   2.7000000e+02
  -4.2809900e-03   2.8500000e+02
  -4.2943782e-03   3.0000000e+02
  -4.3074996e-03   3.1500000e+02
  -4.3203700e-03   3.3000000e+02
  -4.3336828e-03   3.4500000e+02
  -4.3481258e-03   3.6000000e+02
  -4.3638097e-03   3.7500000e+02
  -4.3804212e-03   3.9000000e+02
  -4.3979301e-03   4.0500000e+02
  -4.4164276e-03   4.2000000e+02
  -4.4347383e-03   4.3500000e+02
  -4.4504898e-03   4.5000000e+02
  -4.4625923e-03   4.6500000e+02
  -4.4723093e-03   4.8000000e+02
  -4.4813543e-03   4.9500000e+02
  -4.4905515e-03   5.1000000e+02
  -4.5007379e-03   5.2500000e+02
  -4.5132088e-03   5.4000000e+02
  -4.5284261e-03   5.5500000e+02
  -4.5454483e-03   5.7000000e+02
  -4.5635626e-03   5.8500000e+02
  -4.5830873e-03   6.0000000e+02
