  -6.5244292e-03   1.5000000e+02
  -6.5636095e-03   1.6500000e+02
  -6.6119195e-03   1.8000000e+02
  -6.6697113e-03   1.9500000e+02
  -6.7385761e-03   2.1000000e+02
  -6.8201264e-03   2.2500000e+02
  -6.9139898e-03   2.4000000e+02
  -7.0159649e-03   2.5500000e+02
  -7.1198493e-03   2.7000000e+02
  -7.2227404e-03   2.8500000e+02
  -7.3272716e-03   3.0000000e+02
  -7.4371402e-03   3.1500000e+02
  -7.5508114e-03   3.3000000e+02
  -7.6603191e-03   3.4500000e+02
  -7.7547668e-03   3.6000000e+02
  -7.8242170e-03   3.7500000e+02
  -7.8639183e-03   3.9000000e+02
  -7.8767315e-03   4.0500000e+02
  -7.8668706e-03   4.2000000e+02
  -7.8287339e-03   4.3500000e+02
  -7.7465530e-03   4.5000000e+02
  -7.6070963e-03   4.6500000e+02
  -7.4081179e-03   4.8000000e+02
  -7.1537620e-03   4.9500000e+02
  -6.8460023e-03   5.1000000e+02
  -6.4792065e-03   5.2500000e+02
  -6.0384073e-03   5.4000000e+02
  -5.5013802e-03   5.5500000e+02
  -4.8424439e-03   5.7000000e+02
  -4.0363092e-03   5.8500000e+02
  -3.0596170e-03   6.0000000e+02
