   1.8228913e-02   1.5000000e+03
   2.5412282e-01   1.5150000e+03
   5.7495359e-02   1.5300000e+03
  -2.8954971e-01   1.5450000e+03
  -3.5510036e-01   1.5600000e+03
  -8.4669225e-02   1.5750000e+03
   2.1299839e-01   1.5900000e+03
   2.9302117e-01   1.6050000e+03
   2.1771304e-01   1.6200000e+03
   1.6137588e-01   1.6350000e+03
   1.2565498e-01   1.6500000e+03
  -1.5153394e-02   1.6650000e+03
  -2.3972145e-01   1.6800000e+03
  -3.3699942e-01   1.6950000e+03
  -2.0221816e-01   1.7100000e+03
  -1.6253153e-02   1.7250000e+03
   8.4360912e-03   1.7400000e+03
  -6.3238643e-02   1.7550000e+03
  -2.1637689e-02   1.7700000e+03
   1.4209303e-01   1.7850000e+03
   2.4895608e-01   1.8000000e+03
   2.2086954e-01   1.8150000e+03
   1.2368122e-01   1.8300000e+03
  -7.3750252e-03   1.8450000e+03
  -1.5535258e-01   1.8600000e+03
  -2.1273816e-01   1.8750000e+03
  -9.7132280e-02   1.8900000e+03
   8.9408442e-02   1.9050000e+03
   1.7149462e-01   1.9200000e+03
   1.1091047e-01   1.9350000e+03
   6.5742810e-03   1.9500000e+03
  -5.7329450e-02   1.9650000e+03
  -7.1523078e-02   1.9800000e+03
  -4.0644951e-02   1.9950000e+03
   2.6004566e-02   2.0100000e+03
   6.1759047e-02   2.0250000e+03
   1.3188056e-02   2.0400000e+03
  -4.6405498e-02   2.0550000e+03
  -2.4779003e-02   2.0700000e+03
   2.8787570e-02   2.0850000e+03
   2.5619969e-02   2.1000000e+03
  -1.0129026e-02   2.1150000e+03
  -1.6070848e-02   2.1300000e+03
   3.0011081e-03   2.1450000e+03
   8.2012201e-03   2.1600000e+03
  -1.7230568e-02   2.1750000e+03
  -4.7517952e-02   2.1900000e+03
