   2.2488590e-03   7.6500000e+02
   2.1654845e-03   7.8000000e+02
   2.0268823e-03   7.9500000e+02
   1.7234217e-03   8.1000000e+02
   1.3540692e-03   8.2500000e+02
   1.0265474e-03   8.4000000e+02
   6.6503073e-04   8.5500000e+02
   1.4921506e-04   8.7000000e+02
  -4.6337533e-04   8.8500000e+02
  -1.0384659e-03   9.0000000e+02
  -1.6329234e-03   9.1500000e+02
  -2.4473283e-03   9.3000000e+02
  -3.4969589e-03   9.4500000e+02
  -4.5121987e-03   9.6000000e+02
  -5.1557110e-03   9.7500000e+02
  -5.0356309e-03   9.9000000e+02
  -3.2132035e-03   1.0050000e+03
   2.5669602e-03   1.0200000e+03
   1.6835727e-02   1.0350000e+03
   4.7802605e-02   1.0500000e+03
   1.0897064e-01   1.0650000e+03
   2.1961518e-01   1.0800000e+03
   4.0181172e-01   1.0950000e+03
   6.7108285e-01   1.1100000e+03
   1.0183735e+00   1.1250000e+03
   1.3854691e+00   1.1400000e+03
   1.6454390e+00   1.1550000e+03
   1.6102742e+00   1.1700000e+03
   1.0894668e+00   1.1850000e+03
   3.7677740e-03   1.2000000e+03
  -1.4857342e+00   1.2150000e+03
  -2.9223578e+00   1.2300000e+03
  -3.6705525e+00   1.2450000e+03
  -3.2261837e+00   1.2600000e+03
  -1.5879571e+00   1.2750000e+03
   5.7473403e-01   1.2900000e+03
   2.1835697e+00   1.3050000e+03
   2.3940632e+00   1.3200000e+03
   1.2119466e+00   1.3350000e+03
  -4.3943042e-01   1.3500000e+03
  -1.3721210e+00   1.3650000e+03
  -1.0525103e+00   1.3800000e+03
   2.5608446e-03   1.3950000e+03
   7.5157750e-01   1.4100000e+03
   6.1139065e-01   1.4250000e+03
  -5.8458410e-02   1.4400000e+03
  -4.4450888e-01   1.4550000e+03
  -1.8488722e-01   1.4700000e+03
   3.1191269e-01   1.4850000e+03
   4.4203144e-01   1.5000000e+03
   1.3008788e-01   1.5150000e+03
  -1.7161182e-01   1.5300000e+03
  -1.2559351e-01   1.5450000e+03
   9.1353960e-02   1.5600000e+03
   1.1820623e-01   1.5750000e+03
  -6.4517409e-02   1.5900000e+03
  -1.6168472e-01   1.6050000e+03
  -3.9632503e-02   1.6200000e+03
   9.1801390e-02   1.6350000e+03
   3.4300048e-02   1.6500000e+03
  -9.5621288e-02   1.6650000e+03
  -8.0490053e-02   1.6800000e+03
