  -4.4991919e-03   1.5000000e+02
  -4.5128167e-03   1.6500000e+02
  -4.5297993e-03   1.8000000e+02
  -4.5501953e-03   1.9500000e+02
  -4.5743375e-03   2.1000000e+02
  -4.6025650e-03   2.2500000e+02
  -4.6348469e-03   2.4000000e+02
  -4.6701776e-03   2.5500000e+02
  -4.7068382e-03   2.7000000e+02
  -4.7438075e-03   2.8500000e+02
  -4.7815209e-03   3.0000000e+02
  -4.8209089e-03   3.1500000e+02
  -4.8618759e-03   3.3000000e+02
  -4.9028979e-03   3.4500000e+02
  -4.9414365e-03   3.6000000e+02
  -4.9745105e-03   3.7500000e+02
  -5.0003654e-03   3.9000000e+02
  -5.0202888e-03   4.0500000e+02
  -5.0367895e-03   4.2000000e+02
  -5.0487719e-03   4.3500000e+02
  -5.0508766e-03   4.5000000e+02
  -5.0390796e-03   4.6500000e+02
  -5.0146035e-03   4.8000000e+02
  -4.9814931e-03   4.9500000e+02
  -4.9428781e-03   5.1000000e+02
  -4.9000173e-03   5.2500000e+02
  -4.8526474e-03   5.4000000e+02
  -4.7989534e-03   5.5500000e+02
  -4.7360165e-03   5.7000000e+02
  -4.6619116e-03   5.8500000e+02
  -4.5769545e-03   6.0000000e+02
