   8.1671802e-03   1.5000000e+02
   7.1366485e-03   1.6500000e+02
   5.9454641e-03   1.8000000e+02
   4.6177367e-03   1.9500000e+02
   3.2132352e-03   2.1000000e+02
   1.9204335e-03   2.2500000e+02
   1.2722298e-03   2.4000000e+02
   2.5471926e-03   2.5500000e+02
   8.6863907e-03   2.7000000e+02
   2.7292034e-02   2.8500000e+02
   8.0050923e-02   3.0000000e+02
   2.2546528e-01   3.1500000e+02
   5.9090012e-01   3.3000000e+02
   1.3566241e+00   3.4500000e+02
   2.5600302e+00   3.6000000e+02
   3.6988978e+00   3.7500000e+02
   3.6094279e+00   3.9000000e+02
   1.3696069e+00   4.0500000e+02
  -2.2149451e+00   4.2000000e+02
  -4.7045507e+00   4.3500000e+02
  -4.4580855e+00   4.5000000e+02
  -2.3438740e+00   4.6500000e+02
  -3.3462337e-01   4.8000000e+02
   5.3310418e-01   4.9500000e+02
   3.7779677e-01   5.1000000e+02
  -1.6532809e-02   5.2500000e+02
   4.8134420e-02   5.4000000e+02
   2.7726555e-01   5.5500000e+02
   1.2015965e-01   5.7000000e+02
  -1.2504683e-01   5.8500000e+02
  -1.3984831e-01   6.0000000e+02
