  -1.1715059e-02   1.5000000e+02
  -1.1770405e-02   1.6500000e+02
  -1.1834873e-02   1.8000000e+02
  -1.1906542e-02   1.9500000e+02
  -1.1982804e-02   2.1000000e+02
  -1.2062023e-02   2.2500000e+02
  -1.2145899e-02   2.4000000e+02
  -1.2237777e-02   2.5500000e+02
  -1.2337374e-02   2.7000000e+02
  -1.2438960e-02   2.8500000e+02
  -1.2536714e-02   3.0000000e+02
  -1.2630754e-02   3.1500000e+02
  -1.2729074e-02   3.3000000e+02
  -1.2846375e-02   3.4500000e+02
  -1.2995102e-02   3.6000000e+02
  -1.3172165e-02   3.7500000e+02
  -1.3364132e-02   3.9000000e+02
  -1.3571533e-02   4.0500000e+02
  -1.3812264e-02   4.2000000e+02
  -1.4091494e-02   4.3500000e+02
  -1.4390267e-02   4.5000000e+02
  -1.4698648e-02   4.6500000e+02
  -1.5035837e-02   4.8000000e+02
  -1.5422718e-02   4.9500000e+02
  -1.5861500e-02   5.1000000e+02
  -1.6358240e-02   5.2500000e+02
  -1.6942620e-02   5.4000000e+02
  -1.7650526e-02   5.5500000e+02
  -1.8502999e-02   5.7000000e+02
  -1.9511990e-02   5.8500000e+02
  -2.0687813e-02   6.0000000e+02
