   6.3983691e-01   1.5000000e+03
   6.6832823e-01   1.5150000e+03
   6.6293770e-01   1.5300000e+03
   6.1625296e-01   1.5450000e+03
   5.2642715e-01   1.5600000e+03
   3.9939979e-01   1.5750000e+03
   2.4874821e-01   1.5900000e+03
   9.2675157e-02   1.6050000e+03
  -5.0795358e-02   1.6200000e+03
  -1.6833584e-01   1.6350000e+03
  -2.5376457e-01   1.6500000e+03
  -3.0787393e-01   1.6650000e+03
  -3.3627480e-01   1.6800000e+03
  -3.4645924e-01   1.6950000e+03
  -3.4528768e-01   1.7100000e+03
  -3.3774546e-01   1.7250000e+03
  -3.2711703e-01   1.7400000e+03
  -3.1585109e-01   1.7550000e+03
  -3.0598265e-01   1.7700000e+03
  -2.9861909e-01   1.7850000e+03
  -2.9322377e-01   1.8000000e+03
  -2.8785419e-01   1.8150000e+03
  -2.8045934e-01   1.8300000e+03
  -2.7000511e-01   1.8450000e+03
  -2.5632426e-01   1.8600000e+03
  -2.3913929e-01   1.8750000e+03
  -2.1770816e-01   1.8900000e+03
  -1.9166145e-01   1.9050000e+03
  -1.6196409e-01   1.9200000e+03
  -1.3068500e-01   1.9350000e+03
  -9.9713519e-02   1.9500000e+03
  -6.9821261e-02   1.9650000e+03
  -4.0966850e-02   1.9800000e+03
  -1.3260117e-02   1.9950000e+03
   1.2547761e-02   2.0100000e+03
   3.5358526e-02   2.0250000e+03
   5.4245390e-02   2.0400000e+03
   6.8726979e-02   2.0550000e+03
   7.8854196e-02   2.0700000e+03
   8.5238226e-02   2.0850000e+03
   8.8886186e-02   2.1000000e+03
   9.0776399e-02   2.1150000e+03
   9.1469102e-02   2.1300000e+03
   9.1089733e-02   2.1450000e+03
   8.9616023e-02   2.1600000e+03
   8.7116860e-02   2.1750000e+03
   8.3775662e-02   2.1900000e+03
