  -7.8547504e-03   1.5000000e+02
  -7.8787757e-03   1.6500000e+02
  -7.9069678e-03   1.8000000e+02
  -7.9389121e-03   1.9500000e+02
  -7.9734717e-03   2.1000000e+02
  -8.0095762e-03   2.2500000e+02
  -8.0477316e-03   2.4000000e+02
  -8.0895415e-03   2.5500000e+02
  -8.1355851e-03   2.7000000e+02
  -8.1842337e-03   2.8500000e+02
  -8.2329679e-03   3.0000000e+02
  -8.2807960e-03   3.1500000e+02
  -8.3295209e-03   3.3000000e+02
  -8.3831260e-03   3.4500000e+02
  -8.4447553e-03   3.6000000e+02
  -8.5132290e-03   3.7500000e+02
  -8.5847126e-03   3.9000000e+02
  -8.6590266e-03   4.0500000e+02
  -8.7396577e-03   4.2000000e+02
  -8.8249054e-03   4.3500000e+02
  -8.9060692e-03   4.5000000e+02
  -8.9788018e-03   4.6500000e+02
  -9.0489816e-03   4.8000000e+02
  -9.1237389e-03   4.9500000e+02
  -9.2046410e-03   5.1000000e+02
  -9.2928810e-03   5.2500000e+02
  -9.3936101e-03   5.4000000e+02
  -9.5110713e-03   5.5500000e+02
  -9.6448669e-03   5.7000000e+02
  -9.7945714e-03   5.8500000e+02
  -9.9615902e-03   6.0000000e+02
