  -3.1724060e-03   1.5000000e+03
  -3.1257155e-03   1.5150000e+03
  -3.0380795e-03   1.5300000e+03
  -2.8959098e-03   1.5450000e+03
  -2.6769440e-03   1.5600000e+03
  -2.3581390e-03   1.5750000e+03
  -1.9161594e-03   1.5900000e+03
  -1.3175643e-03   1.6050000e+03
  -5.0821790e-04   1.6200000e+03
   5.9095101e-04   1.6350000e+03
   2.0845348e-03   1.6500000e+03
   4.1093016e-03   1.6650000e+03
   6.8531642e-03   1.6800000e+03
   1.0581686e-02   1.6950000e+03
   1.5665429e-02   1.7100000e+03
   2.2612702e-02   1.7250000e+03
   3.2120332e-02   1.7400000e+03
   4.5148551e-02   1.7550000e+03
   6.3008465e-02   1.7700000e+03
   8.7429941e-02   1.7850000e+03
   1.2055828e-01   1.8000000e+03
   1.6479923e-01   1.8150000e+03
   2.2238794e-01   1.8300000e+03
   2.9453322e-01   1.8450000e+03
   3.8005272e-01   1.8600000e+03
   4.7362635e-01   1.8750000e+03
   5.6415921e-01   1.8900000e+03
   6.3418162e-01   1.9050000e+03
   6.6150445e-01   1.9200000e+03
   6.2411189e-01   1.9350000e+03
   5.0812525e-01   1.9500000e+03
   3.1665537e-01   1.9650000e+03
   7.5336702e-02   1.9800000e+03
  -1.7010167e-01   1.9950000e+03
  -3.6636949e-01   2.0100000e+03
  -4.7214189e-01   2.0250000e+03
  -4.7601739e-01   2.0400000e+03
  -4.0262735e-01   2.0550000e+03
  -3.0131030e-01   2.0700000e+03
  -2.2154807e-01   2.0850000e+03
  -1.8852285e-01   2.1000000e+03
  -1.9372529e-01   2.1150000e+03
  -2.0663273e-01   2.1300000e+03
  -1.9897871e-01   2.1450000e+03
  -1.6377962e-01   2.1600000e+03
  -1.1556535e-01   2.1750000e+03
  -7.3944047e-02   2.1900000e+03
