  -1.3751538e-02   1.5000000e+02
  -1.3856208e-02   1.6500000e+02
  -1.3983926e-02   1.8000000e+02
  -1.4134528e-02   1.9500000e+02
  -1.4309027e-02   2.1000000e+02
  -1.4509048e-02   2.2500000e+02
  -1.4735246e-02   2.4000000e+02
  -1.4982893e-02   2.5500000e+02
  -1.5240833e-02   2.7000000e+02
  -1.5500775e-02   2.8500000e+02
  -1.5768845e-02   3.0000000e+02
  -1.6062217e-02   3.1500000e+02
  -1.6394060e-02   3.3000000e+02
  -1.6767919e-02   3.4500000e+02
  -1.7179728e-02   3.6000000e+02
  -1.7616181e-02   3.7500000e+02
  -1.8066859e-02   3.9000000e+02
  -1.8550750e-02   4.0500000e+02
  -1.9105526e-02   4.2000000e+02
  -1.9732283e-02   4.3500000e+02
  -2.0385191e-02   4.5000000e+02
  -2.1038502e-02   4.6500000e+02
  -2.1721113e-02   4.8000000e+02
  -2.2457415e-02   4.9500000e+02
  -2.3212204e-02   5.1000000e+02
  -2.3908714e-02   5.2500000e+02
  -2.4437658e-02   5.4000000e+02
  -2.4556523e-02   5.5500000e+02
  -2.3653118e-02   5.7000000e+02
  -2.0264098e-02   5.8500000e+02
  -1.0981068e-02   6.0000000e+02
