  -5.7734991e-04   7.6500000e+02
  -5.5007084e-04   7.8000000e+02
  -5.8059348e-04   7.9500000e+02
  -6.3943758e-04   8.1000000e+02
  -7.1452063e-04   8.2500000e+02
  -7.9284428e-04   8.4000000e+02
  -8.4222708e-04   8.5500000e+02
  -8.4158906e-04   8.7000000e+02
  -8.1819773e-04   8.8500000e+02
  -8.2358392e-04   9.0000000e+02
  -8.7296817e-04   9.1500000e+02
  -9.3469216e-04   9.3000000e+02
  -9.7847835e-04   9.4500000e+02
  -1.0038225e-03   9.6000000e+02
  -1.0177728e-03   9.7500000e+02
  -1.0191791e-03   9.9000000e+02
  -1.0167210e-03   1.0050000e+03
  -1.0316618e-03   1.0200000e+03
  -1.0670231e-03   1.0350000e+03
  -1.0985325e-03   1.0500000e+03
  -1.1096039e-03   1.0650000e+03
  -1.1136496e-03   1.0800000e+03
  -1.1302808e-03   1.0950000e+03
  -1.1586020e-03   1.1100000e+03
  -1.1848970e-03   1.1250000e+03
  -1.2019933e-03   1.1400000e+03
  -1.2115438e-03   1.1550000e+03
  -1.2166558e-03   1.1700000e+03
  -1.2195586e-03   1.1850000e+03
  -1.2224080e-03   1.2000000e+03
  -1.2271014e-03   1.2150000e+03
  -1.2367517e-03   1.2300000e+03
  -1.2579426e-03   1.2450000e+03
  -1.2975587e-03   1.2600000e+03
  -1.3544796e-03   1.2750000e+03
  -1.4162202e-03   1.2900000e+03
  -1.4661525e-03   1.3050000e+03
  -1.4935830e-03   1.3200000e+03
  -1.4987327e-03   1.3350000e+03
  -1.4943043e-03   1.3500000e+03
  -1.5021707e-03   1.3650000e+03
  -1.5376444e-03   1.3800000e+03
  -1.5910482e-03   1.3950000e+03
  -1.6334320e-03   1.4100000e+03
  -1.6478890e-03   1.4250000e+03
  -1.6492214e-03   1.4400000e+03
  -1.6664685e-03   1.4550000e+03
  -1.7108446e-03   1.4700000e+03
  -1.7662318e-03   1.4850000e+03
  -1.8081452e-03   1.5000000e+03
  -1.8280847e-03   1.5150000e+03
  -1.8401318e-03   1.5300000e+03
  -1.8647533e-03   1.5450000e+03
  -1.9064995e-03   1.5600000e+03
  -1.9503946e-03   1.5750000e+03
  -1.9818961e-03   1.5900000e+03
  -2.0053161e-03   1.6050000e+03
  -2.0363301e-03   1.6200000e+03
  -2.0793609e-03   1.6350000e+03
  -2.1220837e-03   1.6500000e+03
  -2.1542767e-03   1.6650000e+03
  -2.1823246e-03   1.6800000e+03
