   2.4176138e-02   1.5000000e+03
   3.1676020e-02   1.5150000e+03
   4.1197609e-02   1.5300000e+03
   5.3251144e-02   1.5450000e+03
   6.8460211e-02   1.5600000e+03
   8.7578788e-02   1.5750000e+03
   1.1149212e-01   1.5900000e+03
   1.4114869e-01   1.6050000e+03
   1.7738126e-01   1.6200000e+03
   2.2062950e-01   1.6350000e+03
   2.7062121e-01   1.6500000e+03
   3.2608572e-01   1.6650000e+03
   3.8455433e-01   1.6800000e+03
   4.4225705e-01   1.6950000e+03
   4.9411908e-01   1.7100000e+03
   5.3394097e-01   1.7250000e+03
   5.5494136e-01   1.7400000e+03
   5.5081713e-01   1.7550000e+03
   5.1728153e-01   1.7700000e+03
   4.5374590e-01   1.7850000e+03
   3.6452025e-01   1.8000000e+03
   2.5879079e-01   1.8150000e+03
   1.4889124e-01   1.8300000e+03
   4.7118265e-02   1.8450000e+03
  -3.7727553e-02   1.8600000e+03
  -1.0240501e-01   1.8750000e+03
  -1.4878328e-01   1.8900000e+03
  -1.8127616e-01   1.9050000e+03
  -2.0398495e-01   1.9200000e+03
  -2.1939640e-01   1.9350000e+03
  -2.2889249e-01   1.9500000e+03
  -2.3365857e-01   1.9650000e+03
  -2.3463599e-01   1.9800000e+03
  -2.3181880e-01   1.9950000e+03
  -2.2428350e-01   2.0100000e+03
  -2.1140179e-01   2.0250000e+03
  -1.9400519e-01   2.0400000e+03
  -1.7419100e-01   2.0550000e+03
  -1.5405847e-01   2.0700000e+03
  -1.3471200e-01   2.0850000e+03
  -1.1617614e-01   2.1000000e+03
  -9.7824492e-02   2.1150000e+03
  -7.8932069e-02   2.1300000e+03
  -5.9337225e-02   2.1450000e+03
  -3.9941873e-02   2.1600000e+03
  -2.2541242e-02   2.1750000e+03
  -9.0337461e-03   2.1900000e+03
