  -7.3427270e-04   1.5000000e+03
  -7.4042776e-04   1.5150000e+03
  -7.4730697e-04   1.5300000e+03
  -7.5617153e-04   1.5450000e+03
  -7.6708593e-04   1.5600000e+03
  -7.7794987e-04   1.5750000e+03
  -7.8757829e-04   1.5900000e+03
  -7.9717231e-04   1.6050000e+03
  -8.0794864e-04   1.6200000e+03
  -8.1985898e-04   1.6350000e+03
  -8.3280308e-04   1.6500000e+03
  -8.4683736e-04   1.6650000e+03
  -8.6138217e-04   1.6800000e+03
  -8.7591918e-04   1.6950000e+03
  -8.9104235e-04   1.7100000e+03
  -9.0753799e-04   1.7250000e+03
  -9.2488882e-04   1.7400000e+03
  -9.4145542e-04   1.7550000e+03
  -9.5576415e-04   1.7700000e+03
  -9.6751930e-04   1.7850000e+03
  -9.7791641e-04   1.8000000e+03
  -9.8875014e-04   1.8150000e+03
  -1.0007371e-03   1.8300000e+03
  -1.0132244e-03   1.8450000e+03
  -1.0259630e-03   1.8600000e+03
  -1.0399965e-03   1.8750000e+03
  -1.0560639e-03   1.8900000e+03
  -1.0732177e-03   1.9050000e+03
  -1.0899106e-03   1.9200000e+03
  -1.1056385e-03   1.9350000e+03
  -1.1208525e-03   1.9500000e+03
  -1.1360009e-03   1.9650000e+03
  -1.1514936e-03   1.9800000e+03
  -1.1681888e-03   1.9950000e+03
  -1.1869122e-03   2.0100000e+03
  -1.2073016e-03   2.0250000e+03
  -1.2278127e-03   2.0400000e+03
  -1.2474437e-03   2.0550000e+03
  -1.2670916e-03   2.0700000e+03
  -1.2886440e-03   2.0850000e+03
  -1.3128099e-03   2.1000000e+03
  -1.3382974e-03   2.1150000e+03
  -1.3632270e-03   2.1300000e+03
  -1.3870609e-03   2.1450000e+03
  -1.4109606e-03   2.1600000e+03
  -1.4364598e-03   2.1750000e+03
  -1.4639553e-03   2.1900000e+03
