  -2.0118410e-04   7.6500000e+02
  -1.4457019e-04   7.8000000e+02
  -2.0011680e-04   7.9500000e+02
  -3.5070334e-04   8.1000000e+02
  -5.0866097e-04   8.2500000e+02
  -6.0635328e-04   8.4000000e+02
  -6.5633940e-04   8.5500000e+02
  -6.9824629e-04   8.7000000e+02
  -7.2997808e-04   8.8500000e+02
  -7.4139808e-04   9.0000000e+02
  -7.8055152e-04   9.1500000e+02
  -9.1043510e-04   9.3000000e+02
  -1.1068742e-03   9.4500000e+02
  -1.2743011e-03   9.6000000e+02
  -1.3700194e-03   9.7500000e+02
  -1.4440365e-03   9.9000000e+02
  -1.5491564e-03   1.0050000e+03
  -1.6824221e-03   1.0200000e+03
  -1.8228631e-03   1.0350000e+03
  -1.9569185e-03   1.0500000e+03
  -2.0610113e-03   1.0650000e+03
  -2.1254793e-03   1.0800000e+03
  -2.1960433e-03   1.0950000e+03
  -2.3308841e-03   1.1100000e+03
  -2.5235207e-03   1.1250000e+03
  -2.7230652e-03   1.1400000e+03
  -2.9184930e-03   1.1550000e+03
  -3.1503472e-03   1.1700000e+03
  -3.4445941e-03   1.1850000e+03
  -3.7784376e-03   1.2000000e+03
  -4.1202269e-03   1.2150000e+03
  -4.4796490e-03   1.2300000e+03
  -4.9026525e-03   1.2450000e+03
  -5.4226178e-03   1.2600000e+03
  -6.0330783e-03   1.2750000e+03
  -6.7088073e-03   1.2900000e+03
  -7.4302307e-03   1.3050000e+03
  -8.1776213e-03   1.3200000e+03
  -8.9235418e-03   1.3350000e+03
  -9.6353367e-03   1.3500000e+03
  -1.0231307e-02   1.3650000e+03
  -1.0446633e-02   1.3800000e+03
  -9.6330130e-03   1.3950000e+03
  -6.4913407e-03   1.4100000e+03
   1.3901838e-03   1.4250000e+03
   1.8372109e-02   1.4400000e+03
   5.1940665e-02   1.4550000e+03
   1.1364152e-01   1.4700000e+03
   2.1837936e-01   1.4850000e+03
   3.7996083e-01   1.5000000e+03
   6.0089248e-01   1.5150000e+03
   8.5673410e-01   1.5300000e+03
   1.0807515e+00   1.5450000e+03
   1.1618907e+00   1.5600000e+03
   9.7251403e-01   1.5750000e+03
   4.3308073e-01   1.5900000e+03
  -4.0549904e-01   1.6050000e+03
  -1.3139117e+00   1.6200000e+03
  -1.9328283e+00   1.6350000e+03
  -1.9370002e+00   1.6500000e+03
  -1.2453933e+00   1.6650000e+03
  -1.3382402e-01   1.6800000e+03
