  -4.0087346e-03   1.5000000e+02
  -4.0818737e-03   1.6500000e+02
  -4.1666292e-03   1.8000000e+02
  -4.2634280e-03   1.9500000e+02
  -4.3707015e-03   2.1000000e+02
  -4.4849752e-03   2.2500000e+02
  -4.6014246e-03   2.4000000e+02
  -4.7119060e-03   2.5500000e+02
  -4.8063407e-03   2.7000000e+02
  -4.8769852e-03   2.8500000e+02
  -4.9170055e-03   3.0000000e+02
  -4.9130251e-03   3.1500000e+02
  -4.8387856e-03   3.3000000e+02
  -4.6549011e-03   3.4500000e+02
  -4.3153078e-03   3.6000000e+02
  -3.7762453e-03   3.7500000e+02
  -3.0004664e-03   3.9000000e+02
  -1.9507097e-03   4.0500000e+02
  -5.7195395e-04   4.2000000e+02
   1.2253979e-03   4.3500000e+02
   3.5640353e-03   4.5000000e+02
   6.5862481e-03   4.6500000e+02
   1.0456170e-02   4.8000000e+02
   1.5378642e-02   4.9500000e+02
   2.1600628e-02   5.1000000e+02
   2.9391425e-02   5.2500000e+02
   3.9061680e-02   5.4000000e+02
   5.1056657e-02   5.5500000e+02
   6.6041112e-02   5.7000000e+02
   8.4885634e-02   5.8500000e+02
   1.0863000e-01   6.0000000e+02
