  -7.0983833e-03   1.5000000e+02
  -7.1592298e-03   1.6500000e+02
  -7.2353017e-03   1.8000000e+02
  -7.3274500e-03   1.9500000e+02
  -7.4391626e-03   2.1000000e+02
  -7.5737871e-03   2.2500000e+02
  -7.7296086e-03   2.4000000e+02
  -7.8962464e-03   2.5500000e+02
  -8.0595221e-03   2.7000000e+02
  -8.2132798e-03   2.8500000e+02
  -8.3636306e-03   3.0000000e+02
  -8.5175755e-03   3.1500000e+02
  -8.6674644e-03   3.3000000e+02
  -8.7886127e-03   3.4500000e+02
  -8.8501927e-03   3.6000000e+02
  -8.8264737e-03   3.7500000e+02
  -8.7021906e-03   3.9000000e+02
  -8.4691504e-03   4.0500000e+02
  -8.1107952e-03   4.2000000e+02
  -7.5868620e-03   4.3500000e+02
  -6.8368400e-03   4.5000000e+02
  -5.7952637e-03   4.6500000e+02
  -4.3959962e-03   4.8000000e+02
  -2.5625923e-03   4.9500000e+02
  -1.9053897e-04   5.1000000e+02
   2.8828853e-03   5.2500000e+02
   6.9108699e-03   5.4000000e+02
   1.2254704e-02   5.5500000e+02
   1.9403389e-02   5.7000000e+02
   2.9017564e-02   5.8500000e+02
   4.1990142e-02   6.0000000e+02
