  -6.7769093e-03   1.5000000e+02
  -7.1190731e-03   1.6500000e+02
  -7.5294455e-03   1.8000000e+02
  -8.0154426e-03   1.9500000e+02
  -8.5911648e-03   2.1000000e+02
  -9.2651621e-03   2.2500000e+02
  -1.0019451e-02   2.4000000e+02
  -1.0795127e-02   2.5500000e+02
  -1.1512946e-02   2.7000000e+02
  -1.2114105e-02   2.8500000e+02
  -1.2555687e-02   3.0000000e+02
  -1.2733989e-02   3.1500000e+02
  -1.2385157e-02   3.3000000e+02
  -1.1031447e-02   3.4500000e+02
  -7.9678129e-03   3.6000000e+02
  -2.1650349e-03   3.7500000e+02
   8.0955708e-03   3.9000000e+02
   2.6002293e-02   4.0500000e+02
   5.7521913e-02   4.2000000e+02
   1.1354601e-01   4.3500000e+02
   2.1336138e-01   4.5000000e+02
   3.8857606e-01   4.6500000e+02
   6.8178999e-01   4.8000000e+02
   1.1271241e+00   4.9500000e+02
   1.6997188e+00   5.1000000e+02
   2.2469485e+00   5.2500000e+02
   2.4701056e+00   5.4000000e+02
   2.0541277e+00   5.5500000e+02
   9.3642306e-01   5.7000000e+02
  -5.1554799e-01   5.8500000e+02
  -1.6887426e+00   6.0000000e+02
