  -4.3709588e-04   7.6500000e+02
  -4.1371788e-04   7.8000000e+02
  -4.3851268e-04   7.9500000e+02
  -4.8508172e-04   8.1000000e+02
  -5.4713886e-04   8.2500000e+02
  -6.1615737e-04   8.4000000e+02
  -6.6095713e-04   8.5500000e+02
  -6.5929769e-04   8.7000000e+02
  -6.3685764e-04   8.8500000e+02
  -6.4278021e-04   9.0000000e+02
  -6.8893691e-04   9.1500000e+02
  -7.4228132e-04   9.3000000e+02
  -7.7590893e-04   9.4500000e+02
  -7.9478184e-04   9.6000000e+02
  -8.0774003e-04   9.7500000e+02
  -8.1047666e-04   9.9000000e+02
  -8.0772222e-04   1.0050000e+03
  -8.1922876e-04   1.0200000e+03
  -8.4864936e-04   1.0350000e+03
  -8.7372639e-04   1.0500000e+03
  -8.8040729e-04   1.0650000e+03
  -8.8246283e-04   1.0800000e+03
  -8.9642144e-04   1.0950000e+03
  -9.1872032e-04   1.1100000e+03
  -9.3740103e-04   1.1250000e+03
  -9.4916025e-04   1.1400000e+03
  -9.5659227e-04   1.1550000e+03
  -9.6041465e-04   1.1700000e+03
  -9.6089998e-04   1.1850000e+03
  -9.6064113e-04   1.2000000e+03
  -9.6256536e-04   1.2150000e+03
  -9.6893212e-04   1.2300000e+03
  -9.8379003e-04   1.2450000e+03
  -1.0124948e-03   1.2600000e+03
  -1.0551471e-03   1.2750000e+03
  -1.1020310e-03   1.2900000e+03
  -1.1389243e-03   1.3050000e+03
  -1.1568930e-03   1.3200000e+03
  -1.1570022e-03   1.3350000e+03
  -1.1501817e-03   1.3500000e+03
  -1.1538075e-03   1.3650000e+03
  -1.1798632e-03   1.3800000e+03
  -1.2205144e-03   1.3950000e+03
  -1.2522517e-03   1.4100000e+03
  -1.2611166e-03   1.4250000e+03
  -1.2589431e-03   1.4400000e+03
  -1.2691349e-03   1.4550000e+03
  -1.3007093e-03   1.4700000e+03
  -1.3409714e-03   1.4850000e+03
  -1.3707220e-03   1.5000000e+03
  -1.3832548e-03   1.5150000e+03
  -1.3895060e-03   1.5300000e+03
  -1.4054650e-03   1.5450000e+03
  -1.4345191e-03   1.5600000e+03
  -1.4645985e-03   1.5750000e+03
  -1.4842581e-03   1.5900000e+03
  -1.4973033e-03   1.6050000e+03
  -1.5164142e-03   1.6200000e+03
  -1.5449408e-03   1.6350000e+03
  -1.5727766e-03   1.6500000e+03
  -1.5916049e-03   1.6650000e+03
  -1.6064270e-03   1.6800000e+03
