  -6.5477272e-03   1.5000000e+02
  -6.5815221e-03   1.6500000e+02
  -6.6231270e-03   1.8000000e+02
  -6.6727810e-03   1.9500000e+02
  -6.7315795e-03   2.1000000e+02
  -6.8006567e-03   2.2500000e+02
  -6.8798973e-03   2.4000000e+02
  -6.9664344e-03   2.5500000e+02
  -7.0557003e-03   2.7000000e+02
  -7.1453392e-03   2.8500000e+02
  -7.2371899e-03   3.0000000e+02
  -7.3342812e-03   3.1500000e+02
  -7.4361823e-03   3.3000000e+02
  -7.5379033e-03   3.4500000e+02
  -7.6320125e-03   3.6000000e+02
  -7.7110492e-03   3.7500000e+02
  -7.7712233e-03   3.9000000e+02
  -7.8156246e-03   4.0500000e+02
  -7.8493562e-03   4.2000000e+02
  -7.8689568e-03   4.3500000e+02
  -7.8615965e-03   4.5000000e+02
  -7.8174099e-03   4.6500000e+02
  -7.7376920e-03   4.8000000e+02
  -7.6296446e-03   4.9500000e+02
  -7.4980427e-03   5.1000000e+02
  -7.3420806e-03   5.2500000e+02
  -7.1554338e-03   5.4000000e+02
  -6.9272649e-03   5.5500000e+02
  -6.6448115e-03   5.7000000e+02
  -6.2980796e-03   5.8500000e+02
  -5.8813244e-03   6.0000000e+02
