  -8.9147122e-04   7.6500000e+02
  -8.4944512e-04   7.8000000e+02
  -8.9746731e-04   7.9500000e+02
  -1.0018260e-03   8.1000000e+02
  -1.1188372e-03   8.2500000e+02
  -1.2132715e-03   8.4000000e+02
  -1.2640764e-03   8.5500000e+02
  -1.2692385e-03   8.7000000e+02
  -1.2514576e-03   8.8500000e+02
  -1.2502323e-03   9.0000000e+02
  -1.2951269e-03   9.1500000e+02
  -1.3808241e-03   9.3000000e+02
  -1.4707280e-03   9.4500000e+02
  -1.5282499e-03   9.6000000e+02
  -1.5450509e-03   9.7500000e+02
  -1.5415763e-03   9.9000000e+02
  -1.5471512e-03   1.0050000e+03
  -1.5803037e-03   1.0200000e+03
  -1.6375310e-03   1.0350000e+03
  -1.6944938e-03   1.0500000e+03
  -1.7273362e-03   1.0650000e+03
  -1.7402990e-03   1.0800000e+03
  -1.7626791e-03   1.0950000e+03
  -1.8114729e-03   1.1100000e+03
  -1.8693728e-03   1.1250000e+03
  -1.9089100e-03   1.1400000e+03
  -1.9260604e-03   1.1550000e+03
  -1.9386645e-03   1.1700000e+03
  -1.9604918e-03   1.1850000e+03
  -1.9889877e-03   1.2000000e+03
  -2.0175970e-03   1.2150000e+03
  -2.0530263e-03   1.2300000e+03
  -2.1150780e-03   1.2450000e+03
  -2.2174353e-03   1.2600000e+03
  -2.3517879e-03   1.2750000e+03
  -2.4936176e-03   1.2900000e+03
  -2.6182227e-03   1.3050000e+03
  -2.7083280e-03   1.3200000e+03
  -2.7592806e-03   1.3350000e+03
  -2.7907516e-03   1.3500000e+03
  -2.8443951e-03   1.3650000e+03
  -2.9491580e-03   1.3800000e+03
  -3.0862945e-03   1.3950000e+03
  -3.2045841e-03   1.4100000e+03
  -3.2775623e-03   1.4250000e+03
  -3.3357884e-03   1.4400000e+03
  -3.4344548e-03   1.4550000e+03
  -3.5943857e-03   1.4700000e+03
  -3.7821305e-03   1.4850000e+03
  -3.9465223e-03   1.5000000e+03
  -4.0697223e-03   1.5150000e+03
  -4.1813897e-03   1.5300000e+03
  -4.3249549e-03   1.5450000e+03
  -4.5127994e-03   1.5600000e+03
  -4.7181654e-03   1.5750000e+03
  -4.9118851e-03   1.5900000e+03
  -5.0988356e-03   1.6050000e+03
  -5.3077461e-03   1.6200000e+03
  -5.5494783e-03   1.6350000e+03
  -5.8034989e-03   1.6500000e+03
  -6.0512996e-03   1.6650000e+03
  -6.3051139e-03   1.6800000e+03
