  -1.6831922e-04   7.6500000e+02
  -1.1319516e-04   7.8000000e+02
  -1.2176106e-04   7.9500000e+02
  -2.0212129e-04   8.1000000e+02
  -2.9098350e-04   8.2500000e+02
  -3.3162182e-04   8.4000000e+02
  -3.3757422e-04   8.5500000e+02
  -3.4651224e-04   8.7000000e+02
  -3.4971072e-04   8.8500000e+02
  -3.2172416e-04   9.0000000e+02
  -2.9462593e-04   9.1500000e+02
  -3.3122755e-04   9.3000000e+02
  -4.2539099e-04   9.4500000e+02
  -4.9787061e-04   9.6000000e+02
  -5.0293509e-04   9.7500000e+02
  -4.7707677e-04   9.9000000e+02
  -4.6920494e-04   1.0050000e+03
  -4.8353005e-04   1.0200000e+03
  -5.0444191e-04   1.0350000e+03
  -5.1852519e-04   1.0500000e+03
  -5.0008134e-04   1.0650000e+03
  -4.2882579e-04   1.0800000e+03
  -3.2737450e-04   1.0950000e+03
  -2.3096558e-04   1.1100000e+03
  -1.2042510e-04   1.1250000e+03
   6.8530469e-05   1.1400000e+03
   3.7348550e-04   1.1550000e+03
   7.8607822e-04   1.1700000e+03
   1.3033439e-03   1.1850000e+03
   1.9593255e-03   1.2000000e+03
   2.7932941e-03   1.2150000e+03
   3.8100595e-03   1.2300000e+03
   4.9935770e-03   1.2450000e+03
   6.3572829e-03   1.2600000e+03
   7.9663182e-03   1.2750000e+03
   9.9126985e-03   1.2900000e+03
   1.2289735e-02   1.3050000e+03
   1.5192090e-02   1.3200000e+03
   1.8710321e-02   1.3350000e+03
   2.2906773e-02   1.3500000e+03
   2.7818020e-02   1.3650000e+03
   3.3510204e-02   1.3800000e+03
   4.0136337e-02   1.3950000e+03
   4.7929201e-02   1.4100000e+03
   5.7134259e-02   1.4250000e+03
   6.7952447e-02   1.4400000e+03
   8.0549173e-02   1.4550000e+03
   9.5112339e-02   1.4700000e+03
   1.1188864e-01   1.4850000e+03
   1.3114980e-01   1.5000000e+03
   1.5310965e-01   1.5150000e+03
   1.7784669e-01   1.5300000e+03
   2.0525438e-01   1.5450000e+03
   2.3499477e-01   1.5600000e+03
   2.6642373e-01   1.5750000e+03
   2.9849994e-01   1.5900000e+03
   3.2973507e-01   1.6050000e+03
   3.5823885e-01   1.6200000e+03
   3.8186282e-01   1.6350000e+03
   3.9843059e-01   1.6500000e+03
   4.0607780e-01   1.6650000e+03
   4.0370035e-01   1.6800000e+03
