   1.3141114e-03   1.5000000e+02
   1.4423403e-03   1.6500000e+02
   1.6021596e-03   1.8000000e+02
   1.8034594e-03   1.9500000e+02
   2.0548832e-03   2.1000000e+02
   2.3676977e-03   2.2500000e+02
   2.7614185e-03   2.4000000e+02
   3.2643466e-03   2.5500000e+02
   3.9089448e-03   2.7000000e+02
   4.7307550e-03   2.8500000e+02
   5.7770833e-03   3.0000000e+02
   7.1127824e-03   3.1500000e+02
   8.8085765e-03   3.3000000e+02
   1.0924918e-02   3.4500000e+02
   1.3514986e-02   3.6000000e+02
   1.6645448e-02   3.7500000e+02
   2.0416602e-02   3.9000000e+02
   2.4963463e-02   4.0500000e+02
   3.0416571e-02   4.2000000e+02
   3.6837824e-02   4.3500000e+02
   4.4209719e-02   4.5000000e+02
   5.2530356e-02   4.6500000e+02
   6.1965335e-02   4.8000000e+02
   7.2941206e-02   4.9500000e+02
   8.6057283e-02   5.1000000e+02
   1.0179175e-01   5.2500000e+02
   1.2019221e-01   5.4000000e+02
   1.4086245e-01   5.5500000e+02
   1.6336343e-01   5.7000000e+02
   1.8765432e-01   5.8500000e+02
   2.1396270e-01   6.0000000e+02
