  -9.5283985e-04   1.5000000e+03
  -9.5920841e-04   1.5150000e+03
  -9.6637849e-04   1.5300000e+03
  -9.7613048e-04   1.5450000e+03
  -9.8863605e-04   1.5600000e+03
  -1.0008955e-03   1.5750000e+03
  -1.0111901e-03   1.5900000e+03
  -1.0212739e-03   1.6050000e+03
  -1.0329500e-03   1.6200000e+03
  -1.0462094e-03   1.6350000e+03
  -1.0609456e-03   1.6500000e+03
  -1.0771953e-03   1.6650000e+03
  -1.0940086e-03   1.6800000e+03
  -1.1105866e-03   1.6950000e+03
  -1.1278443e-03   1.7100000e+03
  -1.1469712e-03   1.7250000e+03
  -1.1671204e-03   1.7400000e+03
  -1.1857068e-03   1.7550000e+03
  -1.2004870e-03   1.7700000e+03
  -1.2111454e-03   1.7850000e+03
  -1.2196349e-03   1.8000000e+03
  -1.2287024e-03   1.8150000e+03
  -1.2393682e-03   1.8300000e+03
  -1.2506465e-03   1.8450000e+03
  -1.2622694e-03   1.8600000e+03
  -1.2759238e-03   1.8750000e+03
  -1.2927239e-03   1.8900000e+03
  -1.3111230e-03   1.9050000e+03
  -1.3286057e-03   1.9200000e+03
  -1.3442613e-03   1.9350000e+03
  -1.3586669e-03   1.9500000e+03
  -1.3724247e-03   1.9650000e+03
  -1.3861103e-03   1.9800000e+03
  -1.4009863e-03   1.9950000e+03
  -1.4183027e-03   2.0100000e+03
  -1.4375107e-03   2.0250000e+03
  -1.4562173e-03   2.0400000e+03
  -1.4728124e-03   2.0550000e+03
  -1.4886198e-03   2.0700000e+03
  -1.5065458e-03   2.0850000e+03
  -1.5277396e-03   2.1000000e+03
  -1.5503818e-03   2.1150000e+03
  -1.5719354e-03   2.1300000e+03
  -1.5920042e-03   2.1450000e+03
  -1.6125864e-03   2.1600000e+03
  -1.6357406e-03   2.1750000e+03
  -1.6613639e-03   2.1900000e+03
