  -1.0890076e-03   1.5000000e+03
  -1.0995208e-03   1.5150000e+03
  -1.1111757e-03   1.5300000e+03
  -1.1257078e-03   1.5450000e+03
  -1.1429847e-03   1.5600000e+03
  -1.1601900e-03   1.5750000e+03
  -1.1759750e-03   1.5900000e+03
  -1.1921020e-03   1.6050000e+03
  -1.2100952e-03   1.6200000e+03
  -1.2296038e-03   1.6350000e+03
  -1.2502434e-03   1.6500000e+03
  -1.2721228e-03   1.6650000e+03
  -1.2946321e-03   1.6800000e+03
  -1.3170155e-03   1.6950000e+03
  -1.3398327e-03   1.7100000e+03
  -1.3642735e-03   1.7250000e+03
  -1.3903310e-03   1.7400000e+03
  -1.4164628e-03   1.7550000e+03
  -1.4405907e-03   1.7700000e+03
  -1.4615023e-03   1.7850000e+03
  -1.4800250e-03   1.8000000e+03
  -1.4984541e-03   1.8150000e+03
  -1.5181770e-03   1.8300000e+03
  -1.5386516e-03   1.8450000e+03
  -1.5593921e-03   1.8600000e+03
  -1.5814577e-03   1.8750000e+03
  -1.6058225e-03   1.8900000e+03
  -1.6316351e-03   1.9050000e+03
  -1.6573041e-03   1.9200000e+03
  -1.6823310e-03   1.9350000e+03
  -1.7071648e-03   1.9500000e+03
  -1.7321541e-03   1.9650000e+03
  -1.7577062e-03   1.9800000e+03
  -1.7849670e-03   1.9950000e+03
  -1.8151194e-03   2.0100000e+03
  -1.8478789e-03   2.0250000e+03
  -1.8815781e-03   2.0400000e+03
  -1.9151802e-03   2.0550000e+03
  -1.9496611e-03   2.0700000e+03
  -1.9868552e-03   2.0850000e+03
  -2.0271922e-03   2.1000000e+03
  -2.0690607e-03   2.1150000e+03
  -2.1103488e-03   2.1300000e+03
  -2.1503037e-03   2.1450000e+03
  -2.1900199e-03   2.1600000e+03
  -2.2314140e-03   2.1750000e+03
  -2.2756702e-03   2.1900000e+03
