  -6.4077452e-03   1.5000000e+02
  -6.4362609e-03   1.6500000e+02
  -6.4712544e-03   1.8000000e+02
  -6.5128705e-03   1.9500000e+02
  -6.5617678e-03   2.1000000e+02
  -6.6186539e-03   2.2500000e+02
  -6.6835480e-03   2.4000000e+02
  -6.7546186e-03   2.5500000e+02
  -6.8286546e-03   2.7000000e+02
  -6.9037550e-03   2.8500000e+02
  -6.9809770e-03   3.0000000e+02
  -7.0625078e-03   3.1500000e+02
  -7.1484447e-03   3.3000000e+02
  -7.2358586e-03   3.4500000e+02
  -7.3198699e-03   3.6000000e+02
  -7.3949215e-03   3.7500000e+02
  -7.4578477e-03   3.9000000e+02
  -7.5112763e-03   4.0500000e+02
  -7.5600073e-03   4.2000000e+02
  -7.6016663e-03   4.3500000e+02
  -7.6257396e-03   4.5000000e+02
  -7.6246029e-03   4.6500000e+02
  -7.6008146e-03   4.8000000e+02
  -7.5618783e-03   4.9500000e+02
  -7.5128111e-03   5.1000000e+02
  -7.4545820e-03   5.2500000e+02
  -7.3850090e-03   5.4000000e+02
  -7.2988351e-03   5.5500000e+02
  -7.1890983e-03   5.7000000e+02
  -7.0515848e-03   5.8500000e+02
  -6.8862890e-03   6.0000000e+02
