  -6.1767962e-04   7.6500000e+02
  -5.8922247e-04   7.8000000e+02
  -6.2144309e-04   7.9500000e+02
  -6.8407966e-04   8.1000000e+02
  -7.6299382e-04   8.2500000e+02
  -8.4366987e-04   8.4000000e+02
  -8.9402299e-04   8.5500000e+02
  -8.9373009e-04   8.7000000e+02
  -8.7026763e-04   8.8500000e+02
  -8.7534066e-04   9.0000000e+02
  -9.2524546e-04   9.1500000e+02
  -9.8929706e-04   9.3000000e+02
  -1.0363358e-03   9.4500000e+02
  -1.0637629e-03   9.6000000e+02
  -1.0778497e-03   9.7500000e+02
  -1.0787019e-03   9.9000000e+02
  -1.0763798e-03   1.0050000e+03
  -1.0923863e-03   1.0200000e+03
  -1.1294509e-03   1.0350000e+03
  -1.1628984e-03   1.0500000e+03
  -1.1754165e-03   1.0650000e+03
  -1.1800928e-03   1.0800000e+03
  -1.1974291e-03   1.0950000e+03
  -1.2275488e-03   1.1100000e+03
  -1.2562657e-03   1.1250000e+03
  -1.2750397e-03   1.1400000e+03
  -1.2851631e-03   1.1550000e+03
  -1.2906202e-03   1.1700000e+03
  -1.2943544e-03   1.1850000e+03
  -1.2983140e-03   1.2000000e+03
  -1.3039882e-03   1.2150000e+03
  -1.3147703e-03   1.2300000e+03
  -1.3381126e-03   1.2450000e+03
  -1.3813942e-03   1.2600000e+03
  -1.4430486e-03   1.2750000e+03
  -1.5096954e-03   1.2900000e+03
  -1.5639913e-03   1.3050000e+03
  -1.5947022e-03   1.3200000e+03
  -1.6017264e-03   1.3350000e+03
  -1.5982783e-03   1.3500000e+03
  -1.6076681e-03   1.3650000e+03
  -1.6462759e-03   1.3800000e+03
  -1.7038520e-03   1.3950000e+03
  -1.7497739e-03   1.4100000e+03
  -1.7662472e-03   1.4250000e+03
  -1.7690352e-03   1.4400000e+03
  -1.7889584e-03   1.4550000e+03
  -1.8379157e-03   1.4700000e+03
  -1.8986756e-03   1.4850000e+03
  -1.9450221e-03   1.5000000e+03
  -1.9678769e-03   1.5150000e+03
  -1.9823543e-03   1.5300000e+03
  -2.0103925e-03   1.5450000e+03
  -2.0569421e-03   1.5600000e+03
  -2.1061087e-03   1.5750000e+03
  -2.1423383e-03   1.5900000e+03
  -2.1700710e-03   1.6050000e+03
  -2.2059288e-03   1.6200000e+03
  -2.2547115e-03   1.6350000e+03
  -2.3034285e-03   1.6500000e+03
  -2.3412707e-03   1.6650000e+03
  -2.3750663e-03   1.6800000e+03
