   5.2400213e-04   7.6500000e+02
   5.8621413e-04   7.8000000e+02
   5.3002138e-04   7.9500000e+02
   3.5451038e-04   8.1000000e+02
   1.6318136e-04   8.2500000e+02
   4.0423038e-05   8.4000000e+02
  -3.9292172e-05   8.5500000e+02
  -1.3378258e-04   8.7000000e+02
  -2.2733875e-04   8.8500000e+02
  -2.8273047e-04   9.0000000e+02
  -3.5459895e-04   9.1500000e+02
  -5.4144248e-04   9.3000000e+02
  -8.3143724e-04   9.4500000e+02
  -1.1040561e-03   9.6000000e+02
  -1.2974342e-03   9.7500000e+02
  -1.4732601e-03   9.9000000e+02
  -1.7001954e-03   1.0050000e+03
  -1.9738916e-03   1.0200000e+03
  -2.2705172e-03   1.0350000e+03
  -2.5832308e-03   1.0500000e+03
  -2.8918537e-03   1.0650000e+03
  -3.1864834e-03   1.0800000e+03
  -3.5260653e-03   1.0950000e+03
  -3.9891712e-03   1.1100000e+03
  -4.5683696e-03   1.1250000e+03
  -5.1868907e-03   1.1400000e+03
  -5.8092424e-03   1.1550000e+03
  -6.4655505e-03   1.1700000e+03
  -7.1706609e-03   1.1850000e+03
  -7.8783594e-03   1.2000000e+03
  -8.5251508e-03   1.2150000e+03
  -9.0673156e-03   1.2300000e+03
  -9.4060730e-03   1.2450000e+03
  -9.1907457e-03   1.2600000e+03
  -7.5257812e-03   1.2750000e+03
  -2.5005254e-03   1.2900000e+03
   9.6582957e-03   1.3050000e+03
   3.5907965e-02   1.3200000e+03
   8.7848261e-02   1.3350000e+03
   1.8218632e-01   1.3500000e+03
   3.3793175e-01   1.3650000e+03
   5.6714755e-01   1.3800000e+03
   8.5723555e-01   1.3950000e+03
   1.1483165e+00   1.4100000e+03
   1.3196207e+00   1.4250000e+03
   1.2084600e+00   1.4400000e+03
   6.8161404e-01   1.4550000e+03
  -2.5115225e-01   1.4700000e+03
  -1.3440218e+00   1.4850000e+03
  -2.1422668e+00   1.5000000e+03
  -2.1928754e+00   1.5150000e+03
  -1.3673165e+00   1.5300000e+03
  -6.7387894e-02   1.5450000e+03
   9.3065548e-01   1.5600000e+03
   9.9935544e-01   1.5750000e+03
   1.8726835e-01   1.5900000e+03
  -7.5226551e-01   1.6050000e+03
  -9.7454810e-01   1.6200000e+03
  -3.0755669e-01   1.6350000e+03
   5.8673716e-01   1.6500000e+03
   8.7961155e-01   1.6650000e+03
   4.1643381e-01   1.6800000e+03
