  -6.7185861e-04   7.6500000e+02
  -6.3546404e-04   7.8000000e+02
  -6.7848526e-04   7.9500000e+02
  -7.7430194e-04   8.1000000e+02
  -8.7267347e-04   8.2500000e+02
  -9.3739061e-04   8.4000000e+02
  -9.6483273e-04   8.5500000e+02
  -9.6756732e-04   8.7000000e+02
  -9.5618883e-04   8.8500000e+02
  -9.4705494e-04   9.0000000e+02
  -9.6917071e-04   9.1500000e+02
  -1.0372336e-03   9.3000000e+02
  -1.1226416e-03   9.4500000e+02
  -1.1770073e-03   9.6000000e+02
  -1.1858429e-03   9.7500000e+02
  -1.1779023e-03   9.9000000e+02
  -1.1838931e-03   1.0050000e+03
  -1.2099964e-03   1.0200000e+03
  -1.2478702e-03   1.0350000e+03
  -1.2828787e-03   1.0500000e+03
  -1.2954307e-03   1.0650000e+03
  -1.2807474e-03   1.0800000e+03
  -1.2625847e-03   1.0950000e+03
  -1.2638570e-03   1.1100000e+03
  -1.2731032e-03   1.1250000e+03
  -1.2634052e-03   1.1400000e+03
  -1.2342727e-03   1.1550000e+03
  -1.2124571e-03   1.1700000e+03
  -1.2176575e-03   1.1850000e+03
  -1.2452130e-03   1.2000000e+03
  -1.2821708e-03   1.2150000e+03
  -1.3297983e-03   1.2300000e+03
  -1.4045328e-03   1.2450000e+03
  -1.5175787e-03   1.2600000e+03
  -1.6599065e-03   1.2750000e+03
  -1.8102741e-03   1.2900000e+03
  -1.9493737e-03   1.3050000e+03
  -2.0623724e-03   1.3200000e+03
  -2.1438252e-03   1.3350000e+03
  -2.2138841e-03   1.3500000e+03
  -2.3166328e-03   1.3650000e+03
  -2.4818555e-03   1.3800000e+03
  -2.6907774e-03   1.3950000e+03
  -2.8963683e-03   1.4100000e+03
  -3.0817110e-03   1.4250000e+03
  -3.2880034e-03   1.4400000e+03
  -3.5780014e-03   1.4550000e+03
  -3.9751320e-03   1.4700000e+03
  -4.4439021e-03   1.4850000e+03
  -4.9305875e-03   1.5000000e+03
  -5.4206294e-03   1.5150000e+03
  -5.9549161e-03   1.5300000e+03
  -6.5874374e-03   1.5450000e+03
  -7.3128743e-03   1.5600000e+03
  -7.9969941e-03   1.5750000e+03
  -8.2965121e-03   1.5900000e+03
  -7.4932300e-03   1.6050000e+03
  -4.1610524e-03   1.6200000e+03
   4.3065124e-03   1.6350000e+03
   2.2073442e-02   1.6500000e+03
   5.4674335e-02   1.6650000e+03
   1.0761259e-01   1.6800000e+03
