  -1.6201217e-02   1.5000000e+02
  -1.6339306e-02   1.6500000e+02
  -1.6511407e-02   1.8000000e+02
  -1.6720215e-02   1.9500000e+02
  -1.6975332e-02   2.1000000e+02
  -1.7283015e-02   2.2500000e+02
  -1.7637076e-02   2.4000000e+02
  -1.8014230e-02   2.5500000e+02
  -1.8388744e-02   2.7000000e+02
  -1.8748786e-02   2.8500000e+02
  -1.9087926e-02   3.0000000e+02
  -1.9403504e-02   3.1500000e+02
  -1.9714970e-02   3.3000000e+02
  -2.0062367e-02   3.4500000e+02
  -2.0488916e-02   3.6000000e+02
  -2.1036448e-02   3.7500000e+02
  -2.1733308e-02   3.9000000e+02
  -2.2573711e-02   4.0500000e+02
  -2.3536773e-02   4.2000000e+02
  -2.4633808e-02   4.3500000e+02
  -2.5918512e-02   4.5000000e+02
  -2.7452417e-02   4.6500000e+02
  -2.9207338e-02   4.8000000e+02
  -3.0647827e-02   4.9500000e+02
  -2.9246353e-02   5.1000000e+02
  -1.6566413e-02   5.2500000e+02
   2.9079806e-02   5.4000000e+02
   1.4992531e-01   5.5500000e+02
   4.0139571e-01   5.7000000e+02
   8.0660295e-01   5.8500000e+02
   1.2720339e+00   6.0000000e+02
