  -4.3768254e-03   1.5000000e+02
  -4.3892232e-03   1.6500000e+02
  -4.4045746e-03   1.8000000e+02
  -4.4229212e-03   1.9500000e+02
  -4.4444567e-03   2.1000000e+02
  -4.4693658e-03   2.2500000e+02
  -4.4976561e-03   2.4000000e+02
  -4.5286482e-03   2.5500000e+02
  -4.5610745e-03   2.7000000e+02
  -4.5940843e-03   2.8500000e+02
  -4.6278811e-03   3.0000000e+02
  -4.6631051e-03   3.1500000e+02
  -4.6997555e-03   3.3000000e+02
  -4.7368240e-03   3.4500000e+02
  -4.7724466e-03   3.6000000e+02
  -4.8042354e-03   3.7500000e+02
  -4.8306743e-03   3.9000000e+02
  -4.8528281e-03   4.0500000e+02
  -4.8728706e-03   4.2000000e+02
  -4.8897984e-03   4.3500000e+02
  -4.8988466e-03   4.5000000e+02
  -4.8965574e-03   4.6500000e+02
  -4.8842384e-03   4.8000000e+02
  -4.8656203e-03   4.9500000e+02
  -4.8434781e-03   5.1000000e+02
  -4.8190709e-03   5.2500000e+02
  -4.7925995e-03   5.4000000e+02
  -4.7629154e-03   5.5500000e+02
  -4.7277175e-03   5.7000000e+02
  -4.6855472e-03   5.8500000e+02
  -4.6369336e-03   6.0000000e+02
