  -1.4740982e-03   1.5000000e+03
  -1.4904585e-03   1.5150000e+03
  -1.5084323e-03   1.5300000e+03
  -1.5301640e-03   1.5450000e+03
  -1.5551702e-03   1.5600000e+03
  -1.5800297e-03   1.5750000e+03
  -1.6034759e-03   1.5900000e+03
  -1.6279288e-03   1.6050000e+03
  -1.6551417e-03   1.6200000e+03
  -1.6842631e-03   1.6350000e+03
  -1.7144391e-03   1.6500000e+03
  -1.7457695e-03   1.6650000e+03
  -1.7776893e-03   1.6800000e+03
  -1.8092192e-03   1.6950000e+03
  -1.8408117e-03   1.7100000e+03
  -1.8741516e-03   1.7250000e+03
  -1.9101512e-03   1.7400000e+03
  -1.9477301e-03   1.7550000e+03
  -1.9841511e-03   1.7700000e+03
  -2.0168070e-03   1.7850000e+03
  -2.0457015e-03   1.8000000e+03
  -2.0735855e-03   1.8150000e+03
  -2.1027843e-03   1.8300000e+03
  -2.1331147e-03   1.8450000e+03
  -2.1638249e-03   1.8600000e+03
  -2.1957722e-03   1.8750000e+03
  -2.2301322e-03   1.8900000e+03
  -2.2663884e-03   1.9050000e+03
  -2.3031801e-03   1.9200000e+03
  -2.3400702e-03   1.9350000e+03
  -2.3773222e-03   1.9500000e+03
  -2.4149390e-03   1.9650000e+03
  -2.4531980e-03   1.9800000e+03
  -2.4935573e-03   1.9950000e+03
  -2.5376615e-03   2.0100000e+03
  -2.5854867e-03   2.0250000e+03
  -2.6354997e-03   2.0400000e+03
  -2.6867981e-03   2.0550000e+03
  -2.7402551e-03   2.0700000e+03
  -2.7971666e-03   2.0850000e+03
  -2.8573142e-03   2.1000000e+03
  -2.9188653e-03   2.1150000e+03
  -2.9798958e-03   2.1300000e+03
  -3.0397451e-03   2.1450000e+03
  -3.0993754e-03   2.1600000e+03
  -3.1608525e-03   2.1750000e+03
  -3.2260981e-03   2.1900000e+03
