  -6.9826544e-04   7.6500000e+02
  -6.6729507e-04   7.8000000e+02
  -7.0304761e-04   7.9500000e+02
  -7.7382254e-04   8.1000000e+02
  -8.6070556e-04   8.2500000e+02
  -9.4573939e-04   8.4000000e+02
  -9.9758676e-04   8.5500000e+02
  -9.9806639e-04   8.7000000e+02
  -9.7473583e-04   8.8500000e+02
  -9.7893958e-04   9.0000000e+02
  -1.0293365e-03   9.1500000e+02
  -1.0980752e-03   9.3000000e+02
  -1.1523090e-03   9.4500000e+02
  -1.1843673e-03   9.6000000e+02
  -1.1985786e-03   9.7500000e+02
  -1.1980986e-03   9.9000000e+02
  -1.1961691e-03   1.0050000e+03
  -1.2145218e-03   1.0200000e+03
  -1.2551092e-03   1.0350000e+03
  -1.2926612e-03   1.0500000e+03
  -1.3084105e-03   1.0650000e+03
  -1.3144539e-03   1.0800000e+03
  -1.3331180e-03   1.0950000e+03
  -1.3669893e-03   1.1100000e+03
  -1.4009569e-03   1.1250000e+03
  -1.4233425e-03   1.1400000e+03
  -1.4345762e-03   1.1550000e+03
  -1.4407166e-03   1.1700000e+03
  -1.4463860e-03   1.1850000e+03
  -1.4530135e-03   1.2000000e+03
  -1.4610541e-03   1.2150000e+03
  -1.4745333e-03   1.2300000e+03
  -1.5029021e-03   1.2450000e+03
  -1.5546202e-03   1.2600000e+03
  -1.6270652e-03   1.2750000e+03
  -1.7048712e-03   1.2900000e+03
  -1.7691901e-03   1.3050000e+03
  -1.8076103e-03   1.3200000e+03
  -1.8192482e-03   1.3350000e+03
  -1.8184173e-03   1.3500000e+03
  -1.8316070e-03   1.3650000e+03
  -1.8775550e-03   1.3800000e+03
  -1.9447440e-03   1.3950000e+03
  -1.9989125e-03   1.4100000e+03
  -2.0204312e-03   1.4250000e+03
  -2.0272357e-03   1.4400000e+03
  -2.0540855e-03   1.4550000e+03
  -2.1143777e-03   1.4700000e+03
  -2.1883475e-03   1.4850000e+03
  -2.2458900e-03   1.5000000e+03
  -2.2766134e-03   1.5150000e+03
  -2.2979679e-03   1.5300000e+03
  -2.3352264e-03   1.5450000e+03
  -2.3942871e-03   1.5600000e+03
  -2.4572408e-03   1.5750000e+03
  -2.5062656e-03   1.5900000e+03
  -2.5460180e-03   1.6050000e+03
  -2.5952156e-03   1.6200000e+03
  -2.6595616e-03   1.6350000e+03
  -2.7246708e-03   1.6500000e+03
  -2.7784628e-03   1.6650000e+03
  -2.8287570e-03   1.6800000e+03
