  -1.6885495e-03   1.5000000e+03
  -1.7109454e-03   1.5150000e+03
  -1.7353955e-03   1.5300000e+03
  -1.7640883e-03   1.5450000e+03
  -1.7961561e-03   1.5600000e+03
  -1.8281223e-03   1.5750000e+03
  -1.8591267e-03   1.5900000e+03
  -1.8919513e-03   1.6050000e+03
  -1.9282883e-03   1.6200000e+03
  -1.9668071e-03   1.6350000e+03
  -2.0061533e-03   1.6500000e+03
  -2.0463588e-03   1.6650000e+03
  -2.0870937e-03   1.6800000e+03
  -2.1274129e-03   1.6950000e+03
  -2.1676407e-03   1.7100000e+03
  -2.2097453e-03   1.7250000e+03
  -2.2555457e-03   1.7400000e+03
  -2.3047966e-03   1.7550000e+03
  -2.3545492e-03   1.7700000e+03
  -2.4010169e-03   1.7850000e+03
  -2.4431455e-03   1.8000000e+03
  -2.4836455e-03   1.8150000e+03
  -2.5255843e-03   1.8300000e+03
  -2.5693057e-03   1.8450000e+03
  -2.6138171e-03   1.8600000e+03
  -2.6594312e-03   1.8750000e+03
  -2.7073135e-03   1.8900000e+03
  -2.7576305e-03   1.9050000e+03
  -2.8098063e-03   1.9200000e+03
  -2.8637005e-03   1.9350000e+03
  -2.9192744e-03   1.9500000e+03
  -2.9759970e-03   1.9650000e+03
  -3.0339046e-03   1.9800000e+03
  -3.0946464e-03   1.9950000e+03
  -3.1602872e-03   2.0100000e+03
  -3.2313489e-03   2.0250000e+03
  -3.3069393e-03   2.0400000e+03
  -3.3865478e-03   2.0550000e+03
  -3.4706376e-03   2.0700000e+03
  -3.5593691e-03   2.0850000e+03
  -3.6515980e-03   2.1000000e+03
  -3.7455030e-03   2.1150000e+03
  -3.8397820e-03   2.1300000e+03
  -3.9341445e-03   2.1450000e+03
  -4.0294351e-03   2.1600000e+03
  -4.1277432e-03   2.1750000e+03
  -4.2315908e-03   2.1900000e+03
