  -2.3327282e-01   1.5000000e+03
  -3.2128564e-01   1.5150000e+03
  -4.2266616e-01   1.5300000e+03
  -4.4607073e-01   1.5450000e+03
  -3.7371111e-01   1.5600000e+03
  -2.6640916e-01   1.5750000e+03
  -1.7570402e-01   1.5900000e+03
  -8.3889604e-02   1.6050000e+03
   4.9483519e-02   1.6200000e+03
   2.0812289e-01   1.6350000e+03
   3.2632852e-01   1.6500000e+03
   3.7310183e-01   1.6650000e+03
   3.8599139e-01   1.6800000e+03
   4.0177512e-01   1.6950000e+03
   3.9016160e-01   1.7100000e+03
   2.9805234e-01   1.7250000e+03
   1.4568543e-01   1.7400000e+03
   3.0656330e-02   1.7550000e+03
   2.3293413e-02   1.7700000e+03
   8.9897230e-02   1.7850000e+03
   1.3842684e-01   1.8000000e+03
   1.1767985e-01   1.8150000e+03
   5.1097013e-02   1.8300000e+03
  -8.4077846e-03   1.8450000e+03
  -2.9487723e-02   1.8600000e+03
  -1.5505223e-02   1.8750000e+03
   6.9056656e-03   1.8900000e+03
   7.7419351e-03   1.9050000e+03
  -2.2494683e-02   1.9200000e+03
  -6.3155755e-02   1.9350000e+03
  -8.4196031e-02   1.9500000e+03
  -7.6465756e-02   1.9650000e+03
  -5.6337211e-02   1.9800000e+03
  -4.4847526e-02   1.9950000e+03
  -4.9979530e-02   2.0100000e+03
  -6.5070108e-02   2.0250000e+03
  -7.5452216e-02   2.0400000e+03
  -6.8521366e-02   2.0550000e+03
  -4.4332393e-02   2.0700000e+03
  -1.5431221e-02   2.0850000e+03
   6.6887438e-03   2.1000000e+03
   2.1073857e-02   2.1150000e+03
   3.1617101e-02   2.1300000e+03
   3.9052740e-02   2.1450000e+03
   4.2268980e-02   2.1600000e+03
   4.0962689e-02   2.1750000e+03
   3.3460446e-02   2.1900000e+03
