  -2.2748127e-03   1.5000000e+02
  -2.2771137e-03   1.6500000e+02
  -2.2797151e-03   1.8000000e+02
  -2.2826097e-03   1.9500000e+02
  -2.2854805e-03   2.1000000e+02
  -2.2879331e-03   2.2500000e+02
  -2.2899837e-03   2.4000000e+02
  -2.2921355e-03   2.5500000e+02
  -2.2949516e-03   2.7000000e+02
  -2.2985025e-03   2.8500000e+02
  -2.3022743e-03   3.0000000e+02
  -2.3057053e-03   3.1500000e+02
  -2.3087403e-03   3.3000000e+02
  -2.3118113e-03   3.4500000e+02
  -2.3154847e-03   3.6000000e+02
  -2.3201460e-03   3.7500000e+02
  -2.3258815e-03   3.9000000e+02
  -2.3325805e-03   4.0500000e+02
  -2.3399559e-03   4.2000000e+02
  -2.3473196e-03   4.3500000e+02
  -2.3537823e-03   4.5000000e+02
  -2.3590943e-03   4.6500000e+02
  -2.3638224e-03   4.8000000e+02
  -2.3685265e-03   4.9500000e+02
  -2.3734090e-03   5.1000000e+02
  -2.3788563e-03   5.2500000e+02
  -2.3855702e-03   5.4000000e+02
  -2.3938313e-03   5.5500000e+02
  -2.4032183e-03   5.7000000e+02
  -2.4134060e-03   5.8500000e+02
  -2.4245137e-03   6.0000000e+02
