  -2.6024387e-03   1.5000000e+02
  -2.6740271e-03   1.6500000e+02
  -2.7521120e-03   1.8000000e+02
  -2.8348968e-03   1.9500000e+02
  -2.9166962e-03   2.1000000e+02
  -2.9889587e-03   2.2500000e+02
  -3.0422774e-03   2.4000000e+02
  -3.0645514e-03   2.5500000e+02
  -3.0402241e-03   2.7000000e+02
  -2.9519056e-03   2.8500000e+02
  -2.7778943e-03   3.0000000e+02
  -2.4836548e-03   3.1500000e+02
  -2.0137595e-03   3.3000000e+02
  -1.2925562e-03   3.4500000e+02
  -2.3435678e-04   3.6000000e+02
   1.2461946e-03   3.7500000e+02
   3.2361737e-03   3.9000000e+02
   5.8467803e-03   4.0500000e+02
   9.2473552e-03   4.2000000e+02
   1.3680193e-02   4.3500000e+02
   1.9440431e-02   4.5000000e+02
   2.6862847e-02   4.6500000e+02
   3.6360089e-02   4.8000000e+02
   4.8465684e-02   4.9500000e+02
   6.3800201e-02   5.1000000e+02
   8.3010577e-02   5.2500000e+02
   1.0685782e-01   5.4000000e+02
   1.3648622e-01   5.5500000e+02
   1.7360413e-01   5.7000000e+02
   2.2030619e-01   5.8500000e+02
   2.7861601e-01   6.0000000e+02
