  -5.2766688e-04   7.6500000e+02
  -5.0094607e-04   7.8000000e+02
  -5.2912382e-04   7.9500000e+02
  -5.8552477e-04   8.1000000e+02
  -6.5645779e-04   8.2500000e+02
  -7.2806148e-04   8.4000000e+02
  -7.7222887e-04   8.5500000e+02
  -7.7169616e-04   8.7000000e+02
  -7.5064442e-04   8.8500000e+02
  -7.5437722e-04   9.0000000e+02
  -7.9788611e-04   9.1500000e+02
  -8.5512153e-04   9.3000000e+02
  -8.9837069e-04   9.4500000e+02
  -9.2393270e-04   9.6000000e+02
  -9.3662192e-04   9.7500000e+02
  -9.3723548e-04   9.9000000e+02
  -9.3548669e-04   1.0050000e+03
  -9.5037080e-04   1.0200000e+03
  -9.8401378e-04   1.0350000e+03
  -1.0144623e-03   1.0500000e+03
  -1.0260951e-03   1.0650000e+03
  -1.0302203e-03   1.0800000e+03
  -1.0454315e-03   1.0950000e+03
  -1.0725647e-03   1.1100000e+03
  -1.0989408e-03   1.1250000e+03
  -1.1161731e-03   1.1400000e+03
  -1.1250610e-03   1.1550000e+03
  -1.1295704e-03   1.1700000e+03
  -1.1326481e-03   1.1850000e+03
  -1.1357386e-03   1.2000000e+03
  -1.1398067e-03   1.2150000e+03
  -1.1481378e-03   1.2300000e+03
  -1.1680621e-03   1.2450000e+03
  -1.2065135e-03   1.2600000e+03
  -1.2618182e-03   1.2750000e+03
  -1.3215365e-03   1.2900000e+03
  -1.3698325e-03   1.3050000e+03
  -1.3963943e-03   1.3200000e+03
  -1.4009787e-03   1.3350000e+03
  -1.3957330e-03   1.3500000e+03
  -1.4022373e-03   1.3650000e+03
  -1.4355739e-03   1.3800000e+03
  -1.4861653e-03   1.3950000e+03
  -1.5257320e-03   1.4100000e+03
  -1.5379085e-03   1.4250000e+03
  -1.5372921e-03   1.4400000e+03
  -1.5524704e-03   1.4550000e+03
  -1.5945871e-03   1.4700000e+03
  -1.6476554e-03   1.4850000e+03
  -1.6871976e-03   1.5000000e+03
  -1.7046785e-03   1.5150000e+03
  -1.7141568e-03   1.5300000e+03
  -1.7360507e-03   1.5450000e+03
  -1.7749255e-03   1.5600000e+03
  -1.8159824e-03   1.5750000e+03
  -1.8447915e-03   1.5900000e+03
  -1.8655047e-03   1.6050000e+03
  -1.8935426e-03   1.6200000e+03
  -1.9332907e-03   1.6350000e+03
  -1.9726052e-03   1.6500000e+03
  -2.0014215e-03   1.6650000e+03
  -2.0261542e-03   1.6800000e+03
