  -7.7263326e-03   1.5000000e+03
  -8.5260170e-03   1.5150000e+03
  -9.2116799e-03   1.5300000e+03
  -9.3897413e-03   1.5450000e+03
  -8.1817117e-03   1.5600000e+03
  -3.8699482e-03   1.5750000e+03
   6.5431842e-03   1.5900000e+03
   2.7639028e-02   1.6050000e+03
   6.5201543e-02   1.6200000e+03
   1.2433809e-01   1.6350000e+03
   2.0547070e-01   1.6500000e+03
   2.9867360e-01   1.6650000e+03
   3.7898293e-01   1.6800000e+03
   4.0756634e-01   1.6950000e+03
   3.4371704e-01   1.7100000e+03
   1.6791631e-01   1.7250000e+03
  -9.3362182e-02   1.7400000e+03
  -3.5945436e-01   1.7550000e+03
  -5.2082694e-01   1.7700000e+03
  -4.9624458e-01   1.7850000e+03
  -2.9152980e-01   1.8000000e+03
  -1.4173483e-02   1.8150000e+03
   1.8167531e-01   1.8300000e+03
   1.9350554e-01   1.8450000e+03
   4.2092256e-02   1.8600000e+03
  -1.4367279e-01   1.8750000e+03
  -2.2344558e-01   1.8900000e+03
  -1.5026398e-01   1.9050000e+03
  -9.2597568e-04   1.9200000e+03
   9.2740014e-02   1.9350000e+03
   5.9341844e-02   1.9500000e+03
  -4.3156885e-02   1.9650000e+03
  -7.5464085e-02   1.9800000e+03
   3.6746580e-02   1.9950000e+03
   1.9022992e-01   2.0100000e+03
   1.7795238e-01   2.0250000e+03
  -6.9744058e-02   2.0400000e+03
  -3.3774084e-01   2.0550000e+03
  -3.1495136e-01   2.0700000e+03
   2.8811364e-02   2.0850000e+03
   3.4742382e-01   2.1000000e+03
   2.9863909e-01   2.1150000e+03
  -4.0535465e-02   2.1300000e+03
  -2.7491841e-01   2.1450000e+03
  -1.8467492e-01   2.1600000e+03
   5.2462365e-02   2.1750000e+03
   1.6470572e-01   2.1900000e+03
