  -2.9759954e-03   1.5000000e+02
  -2.9795251e-03   1.6500000e+02
  -2.9835901e-03   1.8000000e+02
  -2.9881820e-03   1.9500000e+02
  -2.9929376e-03   2.1000000e+02
  -2.9973956e-03   2.2500000e+02
  -3.0015770e-03   2.4000000e+02
  -3.0060576e-03   2.5500000e+02
  -3.0114404e-03   2.7000000e+02
  -3.0177473e-03   2.8500000e+02
  -3.0243767e-03   3.0000000e+02
  -3.0306953e-03   3.1500000e+02
  -3.0366445e-03   3.3000000e+02
  -3.0427224e-03   3.4500000e+02
  -3.0495208e-03   3.6000000e+02
  -3.0573627e-03   3.7500000e+02
  -3.0662473e-03   3.9000000e+02
  -3.0760879e-03   4.0500000e+02
  -3.0866975e-03   4.2000000e+02
  -3.0972129e-03   4.3500000e+02
  -3.1062958e-03   4.5000000e+02
  -3.1134526e-03   4.6500000e+02
  -3.1194461e-03   4.8000000e+02
  -3.1251756e-03   4.9500000e+02
  -3.1310420e-03   5.1000000e+02
  -3.1375817e-03   5.2500000e+02
  -3.1456815e-03   5.4000000e+02
  -3.1556624e-03   5.5500000e+02
  -3.1669287e-03   5.7000000e+02
  -3.1790230e-03   5.8500000e+02
  -3.1921284e-03   6.0000000e+02
