  -1.3297367e-03   1.5000000e+03
  -1.3458831e-03   1.5150000e+03
  -1.3636437e-03   1.5300000e+03
  -1.3848962e-03   1.5450000e+03
  -1.4091454e-03   1.5600000e+03
  -1.4334121e-03   1.5750000e+03
  -1.4566374e-03   1.5900000e+03
  -1.4809154e-03   1.6050000e+03
  -1.5077243e-03   1.6200000e+03
  -1.5362593e-03   1.6350000e+03
  -1.5657271e-03   1.6500000e+03
  -1.5962617e-03   1.6650000e+03
  -1.6275034e-03   1.6800000e+03
  -1.6586769e-03   1.6950000e+03
  -1.6901277e-03   1.7100000e+03
  -1.7232550e-03   1.7250000e+03
  -1.7589604e-03   1.7400000e+03
  -1.7965443e-03   1.7550000e+03
  -1.8337445e-03   1.7700000e+03
  -1.8681739e-03   1.7850000e+03
  -1.8995972e-03   1.8000000e+03
  -1.9302783e-03   1.8150000e+03
  -1.9623092e-03   1.8300000e+03
  -1.9956194e-03   1.8450000e+03
  -2.0294448e-03   1.8600000e+03
  -2.0643023e-03   1.8750000e+03
  -2.1011783e-03   1.8900000e+03
  -2.1399227e-03   1.9050000e+03
  -2.1797605e-03   1.9200000e+03
  -2.2205578e-03   1.9350000e+03
  -2.2625604e-03   1.9500000e+03
  -2.3056788e-03   1.9650000e+03
  -2.3500915e-03   1.9800000e+03
  -2.3970474e-03   1.9950000e+03
  -2.4480349e-03   2.0100000e+03
  -2.5032589e-03   2.0250000e+03
  -2.5617161e-03   2.0400000e+03
  -2.6228051e-03   2.0550000e+03
  -2.6871350e-03   2.0700000e+03
  -2.7555036e-03   2.0850000e+03
  -2.8275403e-03   2.1000000e+03
  -2.9017129e-03   2.1150000e+03
  -2.9764206e-03   2.1300000e+03
  -3.0510160e-03   2.1450000e+03
  -3.1263425e-03   2.1600000e+03
  -3.2046332e-03   2.1750000e+03
  -3.2883561e-03   2.1900000e+03
