  -6.7006587e-04   7.6500000e+02
  -6.3670718e-04   7.8000000e+02
  -6.7186897e-04   7.9500000e+02
  -7.4704475e-04   8.1000000e+02
  -8.3575828e-04   8.2500000e+02
  -9.1488677e-04   8.4000000e+02
  -9.6020469e-04   8.5500000e+02
  -9.6180622e-04   8.7000000e+02
  -9.4243384e-04   8.8500000e+02
  -9.4322657e-04   9.0000000e+02
  -9.8510832e-04   9.1500000e+02
  -1.0522732e-03   9.3000000e+02
  -1.1142399e-03   9.4500000e+02
  -1.1528349e-03   9.6000000e+02
  -1.1666068e-03   9.7500000e+02
  -1.1648665e-03   9.9000000e+02
  -1.1658521e-03   1.0050000e+03
  -1.1879721e-03   1.0200000e+03
  -1.2308387e-03   1.0350000e+03
  -1.2720312e-03   1.0500000e+03
  -1.2926930e-03   1.0650000e+03
  -1.3006632e-03   1.0800000e+03
  -1.3187842e-03   1.0950000e+03
  -1.3551255e-03   1.1100000e+03
  -1.3953033e-03   1.1250000e+03
  -1.4224285e-03   1.1400000e+03
  -1.4346960e-03   1.1550000e+03
  -1.4417708e-03   1.1700000e+03
  -1.4511261e-03   1.1850000e+03
  -1.4622879e-03   1.2000000e+03
  -1.4729194e-03   1.2150000e+03
  -1.4880253e-03   1.2300000e+03
  -1.5205980e-03   1.2450000e+03
  -1.5805012e-03   1.2600000e+03
  -1.6630860e-03   1.2750000e+03
  -1.7507859e-03   1.2900000e+03
  -1.8242055e-03   1.3050000e+03
  -1.8701830e-03   1.3200000e+03
  -1.8864434e-03   1.3350000e+03
  -1.8879740e-03   1.3500000e+03
  -1.9045047e-03   1.3650000e+03
  -1.9568426e-03   1.3800000e+03
  -2.0317526e-03   1.3950000e+03
  -2.0915507e-03   1.4100000e+03
  -2.1153905e-03   1.4250000e+03
  -2.1238155e-03   1.4400000e+03
  -2.1559023e-03   1.4550000e+03
  -2.2268125e-03   1.4700000e+03
  -2.3137489e-03   1.4850000e+03
  -2.3816186e-03   1.5000000e+03
  -2.4181562e-03   1.5150000e+03
  -2.4435415e-03   1.5300000e+03
  -2.4870057e-03   1.5450000e+03
  -2.5555941e-03   1.5600000e+03
  -2.6291765e-03   1.5750000e+03
  -2.6873299e-03   1.5900000e+03
  -2.7347275e-03   1.6050000e+03
  -2.7921409e-03   1.6200000e+03
  -2.8660644e-03   1.6350000e+03
  -2.9403609e-03   1.6500000e+03
  -3.0013598e-03   1.6650000e+03
  -3.0580056e-03   1.6800000e+03
