  -4.3600830e-04   7.6500000e+02
  -3.9022867e-04   7.8000000e+02
  -4.1779081e-04   7.9500000e+02
  -5.0401135e-04   8.1000000e+02
  -6.0078851e-04   8.2500000e+02
  -6.6713785e-04   8.4000000e+02
  -6.9733086e-04   8.5500000e+02
  -7.0526131e-04   8.7000000e+02
  -6.9965067e-04   8.8500000e+02
  -6.9152872e-04   9.0000000e+02
  -7.0929999e-04   9.1500000e+02
  -7.7508076e-04   9.3000000e+02
  -8.6753373e-04   9.4500000e+02
  -9.3680684e-04   9.6000000e+02
  -9.6109550e-04   9.7500000e+02
  -9.6562091e-04   9.9000000e+02
  -9.8460144e-04   1.0050000e+03
  -1.0289821e-03   1.0200000e+03
  -1.0910383e-03   1.0350000e+03
  -1.1538999e-03   1.0500000e+03
  -1.1967800e-03   1.0650000e+03
  -1.2161239e-03   1.0800000e+03
  -1.2387077e-03   1.0950000e+03
  -1.2903694e-03   1.1100000e+03
  -1.3583670e-03   1.1250000e+03
  -1.4076536e-03   1.1400000e+03
  -1.4264332e-03   1.1550000e+03
  -1.4325802e-03   1.1700000e+03
  -1.4397906e-03   1.1850000e+03
  -1.4390199e-03   1.2000000e+03
  -1.4179681e-03   1.2150000e+03
  -1.3864411e-03   1.2300000e+03
  -1.3717395e-03   1.2450000e+03
  -1.3895007e-03   1.2600000e+03
  -1.4269303e-03   1.2750000e+03
  -1.4555024e-03   1.2900000e+03
  -1.4494224e-03   1.3050000e+03
  -1.3896247e-03   1.3200000e+03
  -1.2679272e-03   1.3350000e+03
  -1.1010926e-03   1.3500000e+03
  -9.2825526e-04   1.3650000e+03
  -7.7413215e-04   1.3800000e+03
  -6.1418174e-04   1.3950000e+03
  -3.9024299e-04   1.4100000e+03
  -6.6414257e-05   1.4250000e+03
   3.3807513e-04   1.4400000e+03
   7.7788252e-04   1.4550000e+03
   1.2397575e-03   1.4700000e+03
   1.7655415e-03   1.4850000e+03
   2.4178280e-03   1.5000000e+03
   3.2293440e-03   1.5150000e+03
   4.1909618e-03   1.5300000e+03
   5.2885958e-03   1.5450000e+03
   6.5469728e-03   1.5600000e+03
   8.0316616e-03   1.5750000e+03
   9.8081250e-03   1.5900000e+03
   1.1909173e-02   1.6050000e+03
   1.4354123e-02   1.6200000e+03
   1.7195228e-02   1.6350000e+03
   2.0529110e-02   1.6500000e+03
   2.4463398e-02   1.6650000e+03
   2.9097380e-02   1.6800000e+03
