  -1.0842192e-03   1.5000000e+03
  -1.0928925e-03   1.5150000e+03
  -1.1024275e-03   1.5300000e+03
  -1.1145282e-03   1.5450000e+03
  -1.1288305e-03   1.5600000e+03
  -1.1426603e-03   1.5750000e+03
  -1.1550830e-03   1.5900000e+03
  -1.1680631e-03   1.6050000e+03
  -1.1829752e-03   1.6200000e+03
  -1.1991109e-03   1.6350000e+03
  -1.2157998e-03   1.6500000e+03
  -1.2331315e-03   1.6650000e+03
  -1.2505252e-03   1.6800000e+03
  -1.2669435e-03   1.6950000e+03
  -1.2826022e-03   1.7100000e+03
  -1.2989746e-03   1.7250000e+03
  -1.3170426e-03   1.7400000e+03
  -1.3359911e-03   1.7550000e+03
  -1.3533547e-03   1.7700000e+03
  -1.3667460e-03   1.7850000e+03
  -1.3761407e-03   1.8000000e+03
  -1.3839022e-03   1.8150000e+03
  -1.3920078e-03   1.8300000e+03
  -1.4003456e-03   1.8450000e+03
  -1.4084148e-03   1.8600000e+03
  -1.4171138e-03   1.8750000e+03
  -1.4274665e-03   1.8900000e+03
  -1.4388241e-03   1.9050000e+03
  -1.4496552e-03   1.9200000e+03
  -1.4592701e-03   1.9350000e+03
  -1.4677431e-03   1.9500000e+03
  -1.4750264e-03   1.9650000e+03
  -1.4812946e-03   1.9800000e+03
  -1.4876553e-03   1.9950000e+03
  -1.4952912e-03   2.0100000e+03
  -1.5039383e-03   2.0250000e+03
  -1.5120924e-03   2.0400000e+03
  -1.5189094e-03   2.0550000e+03
  -1.5251698e-03   2.0700000e+03
  -1.5320570e-03   2.0850000e+03
  -1.5395164e-03   2.1000000e+03
  -1.5462596e-03   2.1150000e+03
  -1.5510194e-03   2.1300000e+03
  -1.5533841e-03   2.1450000e+03
  -1.5537427e-03   2.1600000e+03
  -1.5528750e-03   2.1750000e+03
  -1.5514084e-03   2.1900000e+03
