  -9.6879824e-04   1.5000000e+03
  -9.7946101e-04   1.5150000e+03
  -9.9126738e-04   1.5300000e+03
  -1.0056852e-03   1.5450000e+03
  -1.0225176e-03   1.5600000e+03
  -1.0394210e-03   1.5750000e+03
  -1.0553309e-03   1.5900000e+03
  -1.0717042e-03   1.6050000e+03
  -1.0897418e-03   1.6200000e+03
  -1.1090605e-03   1.6350000e+03
  -1.1292916e-03   1.6500000e+03
  -1.1505816e-03   1.6650000e+03
  -1.1725565e-03   1.6800000e+03
  -1.1946291e-03   1.6950000e+03
  -1.2171591e-03   1.7100000e+03
  -1.2410834e-03   1.7250000e+03
  -1.2665988e-03   1.7400000e+03
  -1.2927238e-03   1.7550000e+03
  -1.3178308e-03   1.7700000e+03
  -1.3406939e-03   1.7850000e+03
  -1.3616702e-03   1.8000000e+03
  -1.3825330e-03   1.8150000e+03
  -1.4045265e-03   1.8300000e+03
  -1.4273127e-03   1.8450000e+03
  -1.4503845e-03   1.8600000e+03
  -1.4743835e-03   1.8750000e+03
  -1.5000773e-03   1.8900000e+03
  -1.5270425e-03   1.9050000e+03
  -1.5543430e-03   1.9200000e+03
  -1.5817841e-03   1.9350000e+03
  -1.6097559e-03   1.9500000e+03
  -1.6384779e-03   1.9650000e+03
  -1.6682226e-03   1.9800000e+03
  -1.6998823e-03   1.9950000e+03
  -1.7344209e-03   2.0100000e+03
  -1.7717454e-03   2.0250000e+03
  -1.8107623e-03   2.0400000e+03
  -1.8508122e-03   2.0550000e+03
  -1.8925708e-03   2.0700000e+03
  -1.9372095e-03   2.0850000e+03
  -1.9848738e-03   2.1000000e+03
  -2.0342751e-03   2.1150000e+03
  -2.0836967e-03   2.1300000e+03
  -2.1323140e-03   2.1450000e+03
  -2.1808220e-03   2.1600000e+03
  -2.2310603e-03   2.1750000e+03
  -2.2847834e-03   2.1900000e+03
