  -5.8064498e-03   1.5000000e+02
  -5.8329552e-03   1.6500000e+02
  -5.8657886e-03   1.8000000e+02
  -5.9054783e-03   1.9500000e+02
  -5.9534395e-03   2.1000000e+02
  -6.0106106e-03   2.2500000e+02
  -6.0761208e-03   2.4000000e+02
  -6.1465953e-03   2.5500000e+02
  -6.2183356e-03   2.7000000e+02
  -6.2903501e-03   2.8500000e+02
  -6.3635446e-03   3.0000000e+02
  -6.4383615e-03   3.1500000e+02
  -6.5144165e-03   3.3000000e+02
  -6.5904125e-03   3.4500000e+02
  -6.6639069e-03   3.6000000e+02
  -6.7324773e-03   3.7500000e+02
  -6.7952801e-03   3.9000000e+02
  -6.8536461e-03   4.0500000e+02
  -6.9105397e-03   4.2000000e+02
  -6.9675390e-03   4.3500000e+02
  -7.0208577e-03   4.5000000e+02
  -7.0628668e-03   4.6500000e+02
  -7.0893420e-03   4.8000000e+02
  -7.1030175e-03   4.9500000e+02
  -7.1082604e-03   5.1000000e+02
  -7.1045733e-03   5.2500000e+02
  -7.0887832e-03   5.4000000e+02
  -7.0620058e-03   5.5500000e+02
  -7.0283380e-03   5.7000000e+02
  -6.9864397e-03   5.8500000e+02
  -6.9295457e-03   6.0000000e+02
