  -4.4860784e-03   1.5000000e+02
  -4.5011542e-03   1.6500000e+02
  -4.5206975e-03   1.8000000e+02
  -4.5447792e-03   1.9500000e+02
  -4.5744418e-03   2.1000000e+02
  -4.6107545e-03   2.2500000e+02
  -4.6532638e-03   2.4000000e+02
  -4.6988642e-03   2.5500000e+02
  -4.7433116e-03   2.7000000e+02
  -4.7847014e-03   2.8500000e+02
  -4.8245131e-03   3.0000000e+02
  -4.8645153e-03   3.1500000e+02
  -4.9031479e-03   3.3000000e+02
  -4.9351240e-03   3.4500000e+02
  -4.9535735e-03   3.6000000e+02
  -4.9523287e-03   3.7500000e+02
  -4.9283328e-03   3.9000000e+02
  -4.8827957e-03   4.0500000e+02
  -4.8178458e-03   4.2000000e+02
  -4.7310628e-03   4.3500000e+02
  -4.6150945e-03   4.5000000e+02
  -4.4631395e-03   4.6500000e+02
  -4.2731222e-03   4.8000000e+02
  -4.0467177e-03   4.9500000e+02
  -3.7858672e-03   5.1000000e+02
  -3.4893386e-03   5.2500000e+02
  -3.1513199e-03   5.4000000e+02
  -2.7630853e-03   5.5500000e+02
  -2.3146896e-03   5.7000000e+02
  -1.7955560e-03   5.8500000e+02
  -1.1966852e-03   6.0000000e+02
