  -2.8938917e-04   7.6500000e+02
  -2.7568199e-04   7.8000000e+02
  -2.9164227e-04   7.9500000e+02
  -3.2016879e-04   8.1000000e+02
  -3.5882491e-04   8.2500000e+02
  -4.0332333e-04   8.4000000e+02
  -4.3285877e-04   8.5500000e+02
  -4.3194595e-04   8.7000000e+02
  -4.1750746e-04   8.8500000e+02
  -4.2215889e-04   9.0000000e+02
  -4.5288907e-04   9.1500000e+02
  -4.8678584e-04   9.3000000e+02
  -5.0661701e-04   9.4500000e+02
  -5.1750086e-04   9.6000000e+02
  -5.2605371e-04   9.7500000e+02
  -5.2838214e-04   9.9000000e+02
  -5.2647112e-04   1.0050000e+03
  -5.3330901e-04   1.0200000e+03
  -5.5163895e-04   1.0350000e+03
  -5.6700606e-04   1.0500000e+03
  -5.7062868e-04   1.0650000e+03
  -5.7190401e-04   1.0800000e+03
  -5.8107462e-04   1.0950000e+03
  -5.9489260e-04   1.1100000e+03
  -6.0575810e-04   1.1250000e+03
  -6.1262224e-04   1.1400000e+03
  -6.1757257e-04   1.1550000e+03
  -6.2043476e-04   1.1700000e+03
  -6.2087917e-04   1.1850000e+03
  -6.2087306e-04   1.2000000e+03
  -6.2272436e-04   1.2150000e+03
  -6.2760216e-04   1.2300000e+03
  -6.3732883e-04   1.2450000e+03
  -6.5495970e-04   1.2600000e+03
  -6.8092783e-04   1.2750000e+03
  -7.0959138e-04   1.2900000e+03
  -7.3221495e-04   1.3050000e+03
  -7.4342004e-04   1.3200000e+03
  -7.4416026e-04   1.3350000e+03
  -7.4112788e-04   1.3500000e+03
  -7.4453000e-04   1.3650000e+03
  -7.6139579e-04   1.3800000e+03
  -7.8710652e-04   1.3950000e+03
  -8.0764305e-04   1.4100000e+03
  -8.1461045e-04   1.4250000e+03
  -8.1501034e-04   1.4400000e+03
  -8.2267320e-04   1.4550000e+03
  -8.4283680e-04   1.4700000e+03
  -8.6806522e-04   1.4850000e+03
  -8.8726397e-04   1.5000000e+03
  -8.9658966e-04   1.5150000e+03
  -9.0235274e-04   1.5300000e+03
  -9.1380638e-04   1.5450000e+03
  -9.3289273e-04   1.5600000e+03
  -9.5252984e-04   1.5750000e+03
  -9.6604438e-04   1.5900000e+03
  -9.7573508e-04   1.6050000e+03
  -9.8907517e-04   1.6200000e+03
  -1.0080158e-03   1.6350000e+03
  -1.0266076e-03   1.6500000e+03
  -1.0399382e-03   1.6650000e+03
  -1.0508623e-03   1.6800000e+03
