  -1.2869342e-02   1.5000000e+02
  -1.3809526e-02   1.6500000e+02
  -1.5031110e-02   1.8000000e+02
  -1.6613806e-02   1.9500000e+02
  -1.8649204e-02   2.1000000e+02
  -2.1206534e-02   2.2500000e+02
  -2.4247408e-02   2.4000000e+02
  -2.7528467e-02   2.5500000e+02
  -3.0466346e-02   2.7000000e+02
  -3.0607410e-02   2.8500000e+02
  -1.5037208e-02   3.0000000e+02
   6.8130076e-02   3.1500000e+02
   3.6042166e-01   3.3000000e+02
   1.0845592e+00   3.4500000e+02
   2.2836771e+00   3.6000000e+02
   3.3538575e+00   3.7500000e+02
   3.1597645e+00   3.9000000e+02
   1.3175102e+00   4.0500000e+02
  -1.0564063e+00   4.2000000e+02
  -2.9406774e+00   4.3500000e+02
  -4.1748877e+00   4.5000000e+02
  -3.1981525e+00   4.6500000e+02
   1.0103924e+00   4.8000000e+02
   3.3439746e+00   4.9500000e+02
  -5.1987344e-01   5.1000000e+02
  -3.4173250e+00   5.2500000e+02
   4.1839644e-01   5.4000000e+02
   2.5300136e+00   5.5500000e+02
  -1.0784886e+00   5.7000000e+02
  -1.6501429e+00   5.8500000e+02
   1.2027336e+00   6.0000000e+02
