  -1.0800565e-03   1.5000000e+03
  -1.0891823e-03   1.5150000e+03
  -1.0992963e-03   1.5300000e+03
  -1.1121844e-03   1.5450000e+03
  -1.1277038e-03   1.5600000e+03
  -1.1429612e-03   1.5750000e+03
  -1.1566309e-03   1.5900000e+03
  -1.1706043e-03   1.6050000e+03
  -1.1864709e-03   1.6200000e+03
  -1.2038241e-03   1.6350000e+03
  -1.2222311e-03   1.6500000e+03
  -1.2417743e-03   1.6650000e+03
  -1.2617469e-03   1.6800000e+03
  -1.2812614e-03   1.6950000e+03
  -1.3008737e-03   1.7100000e+03
  -1.3219122e-03   1.7250000e+03
  -1.3445193e-03   1.7400000e+03
  -1.3670998e-03   1.7550000e+03
  -1.3873333e-03   1.7700000e+03
  -1.4037800e-03   1.7850000e+03
  -1.4172681e-03   1.8000000e+03
  -1.4303057e-03   1.8150000e+03
  -1.4444457e-03   1.8300000e+03
  -1.4591792e-03   1.8450000e+03
  -1.4740563e-03   1.8600000e+03
  -1.4902769e-03   1.8750000e+03
  -1.5088978e-03   1.8900000e+03
  -1.5289367e-03   1.9050000e+03
  -1.5485520e-03   1.9200000e+03
  -1.5670565e-03   1.9350000e+03
  -1.5848071e-03   1.9500000e+03
  -1.6020809e-03   1.9650000e+03
  -1.6192559e-03   1.9800000e+03
  -1.6375483e-03   1.9950000e+03
  -1.6582110e-03   2.0100000e+03
  -1.6809092e-03   2.0250000e+03
  -1.7038172e-03   2.0400000e+03
  -1.7257903e-03   2.0550000e+03
  -1.7478561e-03   2.0700000e+03
  -1.7719376e-03   2.0850000e+03
  -1.7984752e-03   2.1000000e+03
  -1.8258790e-03   2.1150000e+03
  -1.8522056e-03   2.1300000e+03
  -1.8769542e-03   2.1450000e+03
  -1.9012876e-03   2.1600000e+03
  -1.9268304e-03   2.1750000e+03
  -1.9542577e-03   2.1900000e+03
