   8.3100297e-02   1.5000000e+02
   7.4581400e-02   1.6500000e+02
   5.9699465e-02   1.8000000e+02
   3.9277855e-02   1.9500000e+02
   8.4182978e-02   2.1000000e+02
   4.7902492e-01   2.2500000e+02
   1.6138338e+00   2.4000000e+02
   3.1409538e+00   2.5500000e+02
   3.2809663e+00   2.7000000e+02
   4.0029138e-01   2.8500000e+02
  -4.0618320e+00   3.0000000e+02
  -6.0654912e+00   3.1500000e+02
  -3.6342340e+00   3.3000000e+02
   5.5542511e-01   3.4500000e+02
   2.5450745e+00   3.6000000e+02
   1.5901603e+00   3.7500000e+02
  -1.2119371e-01   3.9000000e+02
  -8.2180107e-01   4.0500000e+02
  -3.8727269e-01   4.2000000e+02
   4.9434260e-01   4.3500000e+02
   6.3408035e-01   4.5000000e+02
  -3.0221131e-01   4.6500000e+02
  -5.9798890e-01   4.8000000e+02
   3.4350395e-01   4.9500000e+02
   5.5168092e-01   5.1000000e+02
  -2.3642088e-01   5.2500000e+02
  -3.4093103e-01   5.4000000e+02
   1.3410844e-01   5.5500000e+02
   1.7880584e-01   5.7000000e+02
  -1.0753825e-01   5.8500000e+02
  -1.3025606e-01   6.0000000e+02
