  -5.1474470e-01   1.5000000e+03
  -1.5851420e-01   1.5150000e+03
   2.0943780e-01   1.5300000e+03
   2.2591031e-01   1.5450000e+03
   6.1166368e-02   1.5600000e+03
   8.5927127e-03   1.5750000e+03
   4.0357567e-02   1.5900000e+03
  -5.3555675e-02   1.6050000e+03
  -2.6404795e-01   1.6200000e+03
  -3.6088344e-01   1.6350000e+03
  -2.3515253e-01   1.6500000e+03
  -6.4296504e-03   1.6650000e+03
   2.0139596e-01   1.6800000e+03
   3.6668113e-01   1.6950000e+03
   4.3638721e-01   1.7100000e+03
   3.0884600e-01   1.7250000e+03
   1.3233763e-02   1.7400000e+03
  -2.6237988e-01   1.7550000e+03
  -3.7460497e-01   1.7700000e+03
  -3.2874209e-01   1.7850000e+03
  -1.7931063e-01   1.8000000e+03
   2.3476204e-02   1.8150000e+03
   1.8834814e-01   1.8300000e+03
   2.3333189e-01   1.8450000e+03
   1.8987782e-01   1.8600000e+03
   1.4247993e-01   1.8750000e+03
   9.1136180e-02   1.8900000e+03
  -8.6298445e-03   1.9050000e+03
  -1.1263243e-01   1.9200000e+03
  -1.2336954e-01   1.9350000e+03
  -2.7891658e-02   1.9500000e+03
   9.7622477e-02   1.9650000e+03
   1.7632531e-01   1.9800000e+03
   1.5824804e-01   1.9950000e+03
   3.8602650e-02   2.0100000e+03
  -9.4593279e-02   2.0250000e+03
  -1.2033734e-01   2.0400000e+03
  -3.2025520e-02   2.0550000e+03
   5.7286572e-02   2.0700000e+03
   6.4795606e-02   2.0850000e+03
   1.1992148e-02   2.1000000e+03
  -4.2206932e-02   2.1150000e+03
  -6.7326963e-02   2.1300000e+03
  -6.0937583e-02   2.1450000e+03
  -3.4160320e-02   2.1600000e+03
  -1.1319065e-02   2.1750000e+03
  -1.7837081e-02   2.1900000e+03
