  -2.0572036e-03   1.5000000e+03
  -2.0986209e-03   1.5150000e+03
  -2.1427071e-03   1.5300000e+03
  -2.1908097e-03   1.5450000e+03
  -2.2406776e-03   1.5600000e+03
  -2.2897655e-03   1.5750000e+03
  -2.3395286e-03   1.5900000e+03
  -2.3939703e-03   1.6050000e+03
  -2.4542187e-03   1.6200000e+03
  -2.5169831e-03   1.6350000e+03
  -2.5784585e-03   1.6500000e+03
  -2.6373263e-03   1.6650000e+03
  -2.6934741e-03   1.6800000e+03
  -2.7464146e-03   1.6950000e+03
  -2.7965838e-03   1.7100000e+03
  -2.8471146e-03   1.7250000e+03
  -2.9026524e-03   1.7400000e+03
  -2.9650915e-03   1.7550000e+03
  -3.0300859e-03   1.7700000e+03
  -3.0891653e-03   1.7850000e+03
  -3.1366758e-03   1.8000000e+03
  -3.1737813e-03   1.8150000e+03
  -3.2047420e-03   1.8300000e+03
  -3.2308777e-03   1.8450000e+03
  -3.2495316e-03   1.8600000e+03
  -3.2573303e-03   1.8750000e+03
  -3.2520604e-03   1.8900000e+03
  -3.2315343e-03   1.9050000e+03
  -3.1921614e-03   1.9200000e+03
  -3.1282969e-03   1.9350000e+03
  -3.0317451e-03   1.9500000e+03
  -2.8923852e-03   1.9650000e+03
  -2.7001230e-03   1.9800000e+03
  -2.4448091e-03   1.9950000e+03
  -2.1124135e-03   2.0100000e+03
  -1.6812218e-03   2.0250000e+03
  -1.1211439e-03   2.0400000e+03
  -3.9300331e-04   2.0550000e+03
   5.5630627e-04   2.0700000e+03
   1.8013660e-03   2.0850000e+03
   3.4448432e-03   2.1000000e+03
   5.6241504e-03   2.1150000e+03
   8.5232118e-03   2.1300000e+03
   1.2391340e-02   2.1450000e+03
   1.7564831e-02   2.1600000e+03
   2.4485884e-02   2.1750000e+03
   3.3718016e-02   2.1900000e+03
