  -3.8713720e-04   7.6500000e+02
  -3.3168195e-04   7.8000000e+02
  -3.9594847e-04   7.9500000e+02
  -5.6651462e-04   8.1000000e+02
  -7.4869831e-04   8.2500000e+02
  -8.6664944e-04   8.4000000e+02
  -9.3332125e-04   8.5500000e+02
  -9.9291897e-04   8.7000000e+02
  -1.0426745e-03   8.8500000e+02
  -1.0690787e-03   9.0000000e+02
  -1.1235875e-03   9.1500000e+02
  -1.2771519e-03   9.3000000e+02
  -1.5056173e-03   9.4500000e+02
  -1.7036342e-03   9.6000000e+02
  -1.8221138e-03   9.7500000e+02
  -1.9165071e-03   9.9000000e+02
  -2.0498016e-03   1.0050000e+03
  -2.2245406e-03   1.0200000e+03
  -2.4199765e-03   1.0350000e+03
  -2.6198409e-03   1.0500000e+03
  -2.7956667e-03   1.0650000e+03
  -2.9343995e-03   1.0800000e+03
  -3.0837525e-03   1.0950000e+03
  -3.3044778e-03   1.1100000e+03
  -3.5845193e-03   1.1250000e+03
  -3.8606508e-03   1.1400000e+03
  -4.1130772e-03   1.1550000e+03
  -4.3814802e-03   1.1700000e+03
  -4.6930569e-03   1.1850000e+03
  -5.0236457e-03   1.2000000e+03
  -5.3410237e-03   1.2150000e+03
  -5.6590224e-03   1.2300000e+03
  -6.0276962e-03   1.2450000e+03
  -6.4745145e-03   1.2600000e+03
  -6.9729635e-03   1.2750000e+03
  -7.4682632e-03   1.2900000e+03
  -7.9078032e-03   1.3050000e+03
  -8.2381815e-03   1.3200000e+03
  -8.4017012e-03   1.3350000e+03
  -8.3491066e-03   1.3500000e+03
  -8.0147181e-03   1.3650000e+03
  -7.2228964e-03   1.3800000e+03
  -5.5861664e-03   1.3950000e+03
  -2.4543940e-03   1.4100000e+03
   3.1431329e-03   1.4250000e+03
   1.2707367e-02   1.4400000e+03
   2.8717592e-02   1.4550000e+03
   5.5240232e-02   1.4700000e+03
   9.8455876e-02   1.4850000e+03
   1.6672425e-01   1.5000000e+03
   2.6961666e-01   1.5150000e+03
   4.1510224e-01   1.5300000e+03
   6.0410136e-01   1.5450000e+03
   8.2253575e-01   1.5600000e+03
   1.0332509e+00   1.5750000e+03
   1.1732435e+00   1.5900000e+03
   1.1633952e+00   1.6050000e+03
   9.3516815e-01   1.6200000e+03
   4.6947667e-01   1.6350000e+03
  -1.6996028e-01   1.6500000e+03
  -8.3395118e-01   1.6650000e+03
  -1.3321846e+00   1.6800000e+03
