  -1.2419695e-01   1.5000000e+03
  -1.2613146e-01   1.5150000e+03
  -1.2802543e-01   1.5300000e+03
  -1.2988929e-01   1.5450000e+03
  -1.3149250e-01   1.5600000e+03
  -1.3248742e-01   1.5750000e+03
  -1.3262172e-01   1.5900000e+03
  -1.3150674e-01   1.6050000e+03
  -1.2792453e-01   1.6200000e+03
  -1.1912812e-01   1.6350000e+03
  -1.0020009e-01   1.6500000e+03
  -6.3131332e-02   1.6650000e+03
   4.1591171e-03   1.6800000e+03
   1.1764543e-01   1.6950000e+03
   2.9412666e-01   1.7100000e+03
   5.4375428e-01   1.7250000e+03
   8.5806948e-01   1.7400000e+03
   1.1970147e+00   1.7550000e+03
   1.4833843e+00   1.7700000e+03
   1.6161435e+00   1.7850000e+03
   1.5097449e+00   1.8000000e+03
   1.1513106e+00   1.8150000e+03
   6.4543402e-01   1.8300000e+03
   2.0387335e-01   1.8450000e+03
   5.6087554e-02   1.8600000e+03
   3.1109732e-01   1.8750000e+03
   8.6041576e-01   1.8900000e+03
   1.4181117e+00   1.9050000e+03
   1.7105267e+00   1.9200000e+03
   1.6939621e+00   1.9350000e+03
   1.6101513e+00   1.9500000e+03
   1.7879522e+00   1.9650000e+03
   2.3254204e+00   1.9800000e+03
   2.9399815e+00   1.9950000e+03
   3.1674500e+00   2.0100000e+03
   2.7701039e+00   2.0250000e+03
   1.9793658e+00   2.0400000e+03
   1.3192816e+00   2.0550000e+03
   1.1536099e+00   2.0700000e+03
   1.3773247e+00   2.0850000e+03
   1.5362909e+00   2.1000000e+03
   1.2479969e+00   2.1150000e+03
   5.3558034e-01   2.1300000e+03
  -1.9320115e-01   2.1450000e+03
  -4.7030005e-01   2.1600000e+03
  -1.3225380e-01   2.1750000e+03
   5.3874153e-01   2.1900000e+03
