#STAT LON LAT ELV  DISP_E DISP_N DISP_V ERR_e ERR_n ERR_v
  BIJA -84.576868684 9.749974447 555.6285 -0.00185017 -0.0174756 -0.0612932 0.00440269 0.00514907 0.0156592 2011.380822 2012.724044 1.34322
  BON2 -85.202508763 9.764531575 27.9877 -0.0177092 -0.280215 0.230468 0.00170389 0.00155667 0.00658333 2011.646575 2012.704918 1.05834
  CABA -85.343532440 10.237875087 26.9687 -0.19209 -0.302862 -0.112217 0.000848592 0.000707228 0.00282875 2012.674863 2012.680328 0.005465
  ELVI -85.445805474 10.394697161 81.8699 -0.128887 -0.318629 -0.0903929 0.00116984 0.000899939 0.00426456 2012.642077 2012.713115 0.071038
  EPZA -85.568063166 10.140940327 668.3896 -0.094967 -0.192292 0.270877 0.000848599 0.00070725 0.00282871 2012.674863 2012.680328 0.005465
  GRZA -85.635613244 9.915526008 39.2972 -0.431175 -0.524702 0.460728 0.00169727 0.00120455 0.00531552 2012.658470 2012.696721 0.038251
  HATI -85.710061470 10.292198008 58.5951 -0.0676326 -0.105672 0.0995262 0.00128346 0.000925887 0.00414794 2012.543716 2012.685792 0.142076
  HUA2 -85.351693162 10.017732311 593.8933 -0.0991028 -0.2306 0.19622 0.000850148 0.00064152 0.00269088 2012.554645 2012.685792 0.131147
  IND1 -85.502195507 9.864627976 75.2667 -0.204376 -0.600691 0.50558 0.000997759 0.000857626 0.00400179 2012.374317 2012.685792 0.311475
  LAFE -84.960282992 9.807061720 65.2422 -0.0231904 -0.0654957 0.0122732 0.000848592 0.000707191 0.00381859 2012.674863 2012.680328 0.005465
  LEPA -85.031194004 9.945374157 20.9269 -0.115485 -0.131578 0.0115519 0.00130463 0.000993487 0.00436725 2012.188525 2012.707650 0.519125
  LMNL -85.053331238 10.267508555 102.9807 -0.153488 -0.157487 -0.0691005 0.000848534 0.000640324 0.00261728 2012.674863 2012.680328 0.005465
  PNE2 -85.829049456 10.195549304 19.5306 -0.234326 -0.107685 0.185643 0.00191651 0.0017362 0.008208 2011.400000 2012.704918 1.30492
  PUJE -85.272478009 10.113978404 30.1397 -0.169677 -0.241893 -0.0607448 0.000848531 0.000640316 0.00261729 2012.674863 2012.680328 0.005465
  PUMO -84.966713131 10.064498417 17.9561 -0.129363 -0.11244 -0.0488142 0.000848573 0.000707161 0.00318288 2012.674863 2012.685792 0.010929
  QSEC -85.357272067 9.840382007 17.4331 -0.0467305 -0.391666 0.395426 0.000848537 0.000707117 0.00282844 2012.674863 2012.680328 0.005465
  SAJU -85.710554042 10.067124302 73.4179 -0.343029 -0.251864 0.439038 0.000848546 0.000707132 0.0029699 2012.674863 2012.680328 0.005465
  VERA -84.869041173 10.853618744 64.3198 -0.045729 -0.0646251 -0.00568688 0.000989993 0.000781101 0.00346574 2012.674863 2012.680328 0.005465
