los  1 20150824_20150917   -71.68118010  -30.57787729  0.0000   100.91856   5.08186   -0.6340 0.1700 -0.7550    1.25
los  1 20150824_20150917   -71.68318061  -30.64188965  0.0000   114.91965   4.62679   -0.6340 0.1700 -0.7550    1.25
los  1 20150824_20150917   -71.61916429  -30.44585181  0.0000    67.97004   3.44389   -0.6340 0.1700 -0.7550    1.25
los  1 20150824_20150917   -71.62116480  -30.51386494  0.0000    80.15675   3.76796   -0.6340 0.1700 -0.7550    1.25
los  1 20150824_20150917   -71.62116480  -30.57587691  0.0000    92.69213   4.46616   -0.6340 0.1700 -0.7550    1.25
los  1 20150824_20150917   -71.62116480  -30.63988926  0.0000   105.20440   4.48862   -0.6340 0.1700 -0.7550    1.25
los  1 20150824_20150917   -71.62316531  -30.70390162  0.0000   116.63981   4.14854   -0.6340 0.1700 -0.7550    1.25
los  1 20150824_20150917   -71.62116480  -30.76991437  0.0000   126.54750   3.85527   -0.6340 0.1700 -0.7550    1.25
los  1 20150824_20150917   -71.62116480  -31.08797577  0.0000   127.91624   2.84434   -0.6340 0.1700 -0.7550    1.25
los  1 20150824_20150917   -71.62316531  -31.15398851  0.0000   121.07307   3.25046   -0.6340 0.1700 -0.7550    1.25
los  1 20150824_20150917   -71.55914898  -30.44785219  0.0000    62.30235   3.63740   -0.6340 0.1700 -0.7550    1.25
los  1 20150824_20150917   -71.55914898  -30.51386494  0.0000    73.27592   3.65818   -0.6340 0.1700 -0.7550    1.25
los  1 20150824_20150917   -71.55914898  -30.57787729  0.0000    84.30527   4.23312   -0.6340 0.1700 -0.7550    1.25
los  1 20150824_20150917   -71.55714847  -30.64188965  0.0000    96.42335   4.28894   -0.6340 0.1700 -0.7550    1.25
los  1 20150824_20150917   -71.55714847  -30.70390162  0.0000   107.29242   3.89573   -0.6340 0.1700 -0.7550    1.25
los  1 20150824_20150917   -71.55714847  -30.76991437  0.0000   116.87199   3.77923   -0.6340 0.1700 -0.7550    1.25
los  1 20150824_20150917   -71.55914898  -31.08797577  0.0000   119.52204   3.31835   -0.6340 0.1700 -0.7550    1.25
los  1 20150824_20150917   -71.55714847  -31.15198813  0.0000   111.77525   3.96225   -0.6340 0.1700 -0.7550    1.25
los  1 20150824_20150917   -71.49713316  -30.57587691  0.0000    76.59199   3.89376   -0.6340 0.1700 -0.7550    1.25
los  1 20150824_20150917   -71.49513265  -30.64188965  0.0000    87.59201   4.12634   -0.6340 0.1700 -0.7550    1.25
los  1 20150824_20150917   -71.49313214  -30.70390162  0.0000    97.84885   3.96851   -0.6340 0.1700 -0.7550    1.25
los  1 20150824_20150917   -71.49513265  -30.76991437  0.0000   106.49783   3.77657   -0.6340 0.1700 -0.7550    1.25
los  1 20150824_20150917   -71.43111633  -30.57387652  0.0000    69.14583   3.47338   -0.6340 0.1700 -0.7550    1.25
los  1 20150824_20150917   -71.43111633  -30.63988926  0.0000    78.73698   3.82872   -0.6340 0.1700 -0.7550    1.25
los  1 20150824_20150917   -71.43111633  -30.70590201  0.0000    88.58954   3.59224   -0.6340 0.1700 -0.7550    1.25
los  1 20150824_20150917   -71.42911582  -30.76991437  0.0000    96.21260   3.64167   -0.6340 0.1700 -0.7550    1.25
los  1 20150824_20150917   -71.67317806  -30.48385914  0.0000    79.27386   7.28753   -0.6340 0.1700 -0.7550    1.50
los  1 20150824_20150917   -71.63116735  -30.26981782  0.0000    43.13693   1.59269   -0.6340 0.1700 -0.7550    1.50
los  1 20150824_20150917   -71.59315765  -30.35783481  0.0000    51.88842   5.31244   -0.6340 0.1700 -0.7550    1.50
los  1 20150824_20150917   -71.58915663  -30.86593290  0.0000   129.94902   6.60085   -0.6340 0.1700 -0.7550    1.50
los  1 20150824_20150917   -71.58915663  -30.99195723  0.0000   130.05907   5.98164   -0.6340 0.1700 -0.7550    1.50
los  1 20150824_20150917   -71.58515561  -31.24800666  0.0000   107.83571   5.59606   -0.6340 0.1700 -0.7550    1.50
los  1 20150824_20150917   -71.57115204  -31.37203060  0.0000    96.79009   4.44546   -0.6340 0.1700 -0.7550    1.50
los  1 20150824_20150917   -71.55314745  -31.50005532  0.0000    83.38112   3.77694   -0.6340 0.1700 -0.7550    1.50
los  1 20150824_20150917   -71.54314490  -31.62607965  0.0000    71.02044   4.62360   -0.6340 0.1700 -0.7550    1.50
los  1 20150824_20150917   -71.53514286  -31.72409857  0.0000    59.27874   2.84689   -0.6340 0.1700 -0.7550    1.50
los  1 20150824_20150917   -71.53714337  -31.84612213  0.0000    43.63346   0.97945   -0.6340 0.1700 -0.7550    1.50
los  1 20150824_20150917   -71.44311939  -30.23981203  0.0000    32.35677   2.66696   -0.6340 0.1700 -0.7550    1.50
los  1 20150824_20150917   -71.46312449  -30.35383404  0.0000    43.19580   4.21186   -0.6340 0.1700 -0.7550    1.50
los  1 20150824_20150917   -71.46312449  -30.47985837  0.0000    58.73429   6.22629   -0.6340 0.1700 -0.7550    1.50
los  1 20150824_20150917   -71.46112398  -30.86393252  0.0000   109.84087   6.08250   -0.6340 0.1700 -0.7550    1.50
los  1 20150824_20150917   -71.46112398  -30.99395762  0.0000   111.80695   5.20859   -0.6340 0.1700 -0.7550    1.50
los  1 20150824_20150917   -71.46312449  -31.11998195  0.0000   103.63020   5.42181   -0.6340 0.1700 -0.7550    1.50
los  1 20150824_20150917   -71.46112398  -31.25000705  0.0000    93.11569   4.57636   -0.6340 0.1700 -0.7550    1.50
los  1 20150824_20150917   -71.46112398  -31.37803176  0.0000    85.34599   3.99798   -0.6340 0.1700 -0.7550    1.50
los  1 20150824_20150917   -71.46112398  -31.50405609  0.0000    76.06142   3.55799   -0.6340 0.1700 -0.7550    1.50
los  1 20150824_20150917   -71.46112398  -31.63208081  0.0000    66.20538   3.78331   -0.6340 0.1700 -0.7550    1.50
los  1 20150824_20150917   -71.46512500  -31.76010552  0.0000    53.34593   4.37451   -0.6340 0.1700 -0.7550    1.50
los  1 20150824_20150917   -71.45912347  -31.88612985  0.0000    39.79304   4.07746   -0.6340 0.1700 -0.7550    1.50
los  1 20150824_20150917   -71.33309133  -30.47985837  0.0000    49.33698   4.48582   -0.6340 0.1700 -0.7550    1.50
los  1 20150824_20150917   -71.33509184  -30.60388231  0.0000    63.58483   5.66382   -0.6340 0.1700 -0.7550    1.50
los  1 20150824_20150917   -71.33909286  -30.73990857  0.0000    80.51039   6.14657   -0.6340 0.1700 -0.7550    1.50
los  1 20150824_20150917   -71.33509184  -30.86793329  0.0000    92.36626   5.12967   -0.6340 0.1700 -0.7550    1.50
los  1 20150824_20150917   -71.33309133  -30.99195723  0.0000    96.29391   4.28391   -0.6340 0.1700 -0.7550    1.50
los  1 20150824_20150917   -71.33309133  -31.12198233  0.0000    91.94838   3.53020   -0.6340 0.1700 -0.7550    1.50
los  1 20150824_20150917   -71.20705918  -30.47985837  0.0000    42.50869   3.61585   -0.6340 0.1700 -0.7550    1.50
los  1 20150824_20150917   -71.20305816  -30.60788309  0.0000    53.22766   3.96431   -0.6340 0.1700 -0.7550    1.50
los  1 20150824_20150917   -71.20505867  -30.73790819  0.0000    64.91829   4.97414   -0.6340 0.1700 -0.7550    1.50
los  1 20150824_20150917   -71.20505867  -30.86393252  0.0000    75.84869   5.54630   -0.6340 0.1700 -0.7550    1.50
los  1 20150824_20150917   -71.20505867  -30.99395762  0.0000    82.18647   4.23636   -0.6340 0.1700 -0.7550    1.50
los  1 20150824_20150917   -71.20705918  -31.12198233  0.0000    82.40355   3.37998   -0.6340 0.1700 -0.7550    1.50
los  1 20150824_20150917   -71.07702602  -30.47985837  0.0000    35.55875   3.44092   -0.6340 0.1700 -0.7550    1.50
los  1 20150824_20150917   -71.07702602  -30.60788309  0.0000    44.09319   3.70345   -0.6340 0.1700 -0.7550    1.50
los  1 20150824_20150917   -71.08102704  -30.73790819  0.0000    54.29834   3.86441   -0.6340 0.1700 -0.7550    1.50
los  1 20150824_20150917   -71.07902653  -30.86393252  0.0000    62.63932   4.05519   -0.6340 0.1700 -0.7550    1.50
los  1 20150824_20150917   -71.07702602  -30.99195723  0.0000    68.85005   4.13447   -0.6340 0.1700 -0.7550    1.50
los  1 20150824_20150917   -71.07702602  -31.12198233  0.0000    70.92035   3.33621   -0.6340 0.1700 -0.7550    1.50
los  1 20150824_20150917   -71.07902653  -31.25000705  0.0000    67.60614   3.33683   -0.6340 0.1700 -0.7550    1.50
los  1 20150824_20150917   -71.07702602  -31.37803176  0.0000    62.75666   2.93503   -0.6340 0.1700 -0.7550    1.50
los  1 20150824_20150917   -71.07702602  -31.50405609  0.0000    58.24765   3.68522   -0.6340 0.1700 -0.7550    1.50
los  1 20150824_20150917   -71.07702602  -31.63408119  0.0000    49.57551   3.99541   -0.6340 0.1700 -0.7550    1.50
los  1 20150824_20150917   -70.94899337  -30.47985837  0.0000    28.51744   2.38693   -0.6340 0.1700 -0.7550    1.50
los  1 20150824_20150917   -70.95099388  -30.60788309  0.0000    36.04452   3.35713   -0.6340 0.1700 -0.7550    1.50
los  1 20150824_20150917   -70.94899337  -30.73590780  0.0000    44.21301   3.47962   -0.6340 0.1700 -0.7550    1.50
los  1 20150824_20150917   -70.95099388  -30.86593290  0.0000    50.53378   4.29459   -0.6340 0.1700 -0.7550    1.50
los  1 20150824_20150917   -70.94899337  -30.99395762  0.0000    55.79657   3.66530   -0.6340 0.1700 -0.7550    1.50
los  1 20150824_20150917   -70.94899337  -31.12198233  0.0000    58.12368   4.05893   -0.6340 0.1700 -0.7550    1.50
los  1 20150824_20150917   -70.94899337  -31.25000705  0.0000    56.36121   4.02082   -0.6340 0.1700 -0.7550    1.50
los  1 20150824_20150917   -70.95099388  -31.37603138  0.0000    52.41074   4.05206   -0.6340 0.1700 -0.7550    1.50
los  1 20150824_20150917   -70.94899337  -31.50405609  0.0000    49.61964   2.77645   -0.6340 0.1700 -0.7550    1.50
los  1 20150824_20150917   -70.94899337  -31.63208081  0.0000    41.52759   3.30222   -0.6340 0.1700 -0.7550    1.50
los  1 20150824_20150917   -71.66717653  -30.36983713  0.0000    58.38167   5.12566   -0.6340 0.1700 -0.7550    1.75
los  1 20150824_20150917   -71.67717908  -30.78991823  0.0000   136.70514   7.55673   -0.6340 0.1700 -0.7550    1.75
los  1 20150824_20150917   -71.65917449  -31.06397113  0.0000   133.85852   6.54977   -0.6340 0.1700 -0.7550    1.75
los  1 20150824_20150917   -71.65717398  -31.18999546  0.0000   123.58909   0.49106   -0.6340 0.1700 -0.7550    1.75
los  1 20150824_20150917   -71.46312449  -32.09216963  0.0000    24.94714   3.74514   -0.6340 0.1700 -0.7550    1.75
los  1 20150824_20150917   -71.26707449  -30.29182207  0.0000    30.66975   5.66605   -0.6340 0.1700 -0.7550    1.75
los  1 20150824_20150917   -71.27107551  -31.31201902  0.0000    78.04517   5.16608   -0.6340 0.1700 -0.7550    1.75
los  1 20150824_20150917   -71.26907500  -31.56806845  0.0000    62.99012   5.95097   -0.6340 0.1700 -0.7550    1.75
los  1 20150824_20150917   -71.26307347  -31.82011711  0.0000    42.17774   6.20244   -0.6340 0.1700 -0.7550    1.75
los  1 20150824_20150917   -71.26507398  -32.07616654  0.0000    25.19372   3.66971   -0.6340 0.1700 -0.7550    1.75
los  1 20150824_20150917   -71.01300969  -30.28982168  0.0000    21.80698   4.17742   -0.6340 0.1700 -0.7550    1.75
los  1 20150824_20150917   -71.01300969  -31.82411788  0.0000    34.55885   5.36510   -0.6340 0.1700 -0.7550    1.75
los  1 20150824_20150917   -71.01300969  -32.08216770  0.0000    20.97344   2.98881   -0.6340 0.1700 -0.7550    1.75
los  1 20150824_20150917   -70.75894490  -30.28982168  0.0000    15.10364   2.83322   -0.6340 0.1700 -0.7550    1.75
los  1 20150824_20150917   -70.76694694  -30.53586918  0.0000    23.67677   4.14448   -0.6340 0.1700 -0.7550    1.75
los  1 20150824_20150917   -70.75694439  -30.80192054  0.0000    34.47281   4.86728   -0.6340 0.1700 -0.7550    1.75
los  1 20150824_20150917   -70.77294847  -31.04796804  0.0000    41.75866   5.19201   -0.6340 0.1700 -0.7550    1.75
los  1 20150824_20150917   -70.79895510  -31.29801632  0.0000    43.04372   4.48869   -0.6340 0.1700 -0.7550    1.75
los  1 20150824_20150917   -70.77694949  -31.57606999  0.0000    35.94051   4.88915   -0.6340 0.1700 -0.7550    1.75
los  1 20150824_20150917   -70.52888622  -30.27581898  0.0000    10.59697   2.18383   -0.6340 0.1700 -0.7550    1.75
los  1 20150824_20150917   -70.51888367  -30.50986416  0.0000    15.78190   2.56845   -0.6340 0.1700 -0.7550    1.75
los  1 20150824_20150917   -70.54689082  -30.78391707  0.0000    23.61893   2.70283   -0.6340 0.1700 -0.7550    1.75
los  1 20150824_20150917   -70.55289235  -31.01396148  0.0000    28.71652   2.45372   -0.6340 0.1700 -0.7550    1.75
los  1 20150824_20150917   -70.53088673  -31.35602751  0.0000    30.32231   2.37562   -0.6340 0.1700 -0.7550    1.75
los  1 20150824_20150917   -70.55689337  -31.61007656  0.0000    25.79436   2.20110   -0.6340 0.1700 -0.7550    1.75
los  1 20150824_20150917   -71.40510969  -30.00576685  0.0000    18.34262   0.44006   -0.6340 0.1700 -0.7550    2.00
los  1 20150824_20150917   -71.43511735  -32.43223528  0.0000    15.59361   2.95256   -0.6340 0.1700 -0.7550    2.00
los  1 20150824_20150917   -71.10703367  -29.90774792  0.0000    11.90915   4.53307   -0.6340 0.1700 -0.7550    2.00
los  1 20150824_20150917   -71.13103980  -32.46624184  0.0000    14.87261   2.99010   -0.6340 0.1700 -0.7550    2.00
los  1 20150824_20150917   -70.64291531  -29.90574754  0.0000     5.99021   2.83393   -0.6340 0.1700 -0.7550    2.00
los  1 20150824_20150917   -70.71693418  -31.94214066  0.0000    21.05113   5.32945   -0.6340 0.1700 -0.7550    2.00
los  1 20150824_20150917   -70.68492602  -32.47824416  0.0000    10.62323   2.61264   -0.6340 0.1700 -0.7550    2.00
los  1 20150824_20150917   -70.14478827  -29.90374715  0.0000     3.20498   1.22765   -0.6340 0.1700 -0.7550    2.00
los  1 20150824_20150917   -70.06276735  -30.45585374  0.0000     8.27840   2.41138   -0.6340 0.1700 -0.7550    2.00
los  1 20150824_20150917   -69.98474745  -30.86793329  0.0000    15.79189   3.19814   -0.6340 0.1700 -0.7550    2.00
los  1 20150824_20150917   -69.99875102  -31.41003794  0.0000    20.71770   1.73774   -0.6340 0.1700 -0.7550    2.00
los  1 20150824_20150917   -70.03075918  -31.93613951  0.0000    14.52901   1.94183   -0.6340 0.1700 -0.7550    2.00
los  1 20150824_20150917   -70.16279286  -32.41423180  0.0000     8.18283   2.14715   -0.6340 0.1700 -0.7550    2.00
los  1 20150824_20150917   -71.15104490  -29.15360234  0.0000     2.67086   1.66056   -0.6340 0.1700 -0.7550    2.25
los  1 20150824_20150917   -70.54889133  -29.26762435  0.0000     0.49656   1.24198   -0.6340 0.1700 -0.7550    2.25
los  1 20150824_20150917   -69.44460969  -29.39164829  0.0000     0.45364   0.81642   -0.6340 0.1700 -0.7550    2.25
los  1 20150824_20150917   -69.54663571  -30.13779233  0.0000     3.49741   2.57008   -0.6340 0.1700 -0.7550    2.25
los  1 20150824_20150917   -69.70867704  -31.05997036  0.0000    14.72958   3.19015   -0.6340 0.1700 -0.7550    2.25
los  1 20150824_20150917   -69.83670969  -31.81811672  0.0000    15.47533   1.85388   -0.6340 0.1700 -0.7550    2.25
los  1 20150824_20150917   -70.90298163  -33.14237237  0.0000     9.39540   2.36211   -0.6340 0.1700 -0.7550    2.75
